1	199	0
2	205	0
3	200	0
4	217	0
5	212	0
6	199	0
7	183	0
8	230	0
9	193	0
10	216	0
11	189	0
12	190	0
13	174	0
14	207	0
15	206	0
16	189	0
17	207	0
18	216	0
19	195	0
20	205	0
21	205	0
22	223	0
23	177	0
24	184	0
25	169	0
26	196	0
27	195	0
28	188	0
29	190	0
30	183	0
31	187	0
32	182	0
33	206	0
34	174	0
35	187	0
36	194	0
37	202	0
38	198	0
39	182	0
40	195	0
41	180	0
42	199	0
43	205	0
44	188	0
45	201	0
46	203	0
47	177	0
48	192	0
49	214	0
50	209	0
51	197	0
52	192	0
53	171	0
54	229	0
55	178	0
56	174	0
57	214	0
58	191	0
59	170	0
60	215	0
61	191	0
62	173	0
63	194	0
64	179	0
65	213	0
66	187	0
67	204	0
68	197	0
69	188	0
70	213	0
71	189	0
72	189	0
73	184	0
74	209	0
75	199	0
76	196	0
77	202	0
78	202	0
79	195	0
80	199	0
81	156	0
82	242	0
83	217	0
84	207	0
85	176	0
86	194	0
87	188	0
88	205	0
89	218	0
90	208	0
91	200	0
92	186	0
93	203	0
94	199	0
95	206	0
96	211	0
97	207	0
98	209	0
99	197	0
100	197	0
101	193	0
102	191	0
103	179	0
104	211	0
105	186	0
106	206	0
107	197	0
108	207	0
109	166	0
110	186	0
111	196	0
112	192	0
113	204	0
114	209	0
115	184	0
116	186	0
117	198	0
118	180	0
119	208	0
120	190	0
121	202	0
122	199	0
123	192	0
124	214	0
125	164	0
126	196	0
127	191	0
128	206	0
129	194	0
130	206	0
131	207	0
132	227	0
133	200	0
134	209	0
135	187	0
136	202	0
137	178	0
138	189	0
139	200	0
140	202	0
141	202	0
142	209	0
143	186	0
144	209	0
145	208	0
146	204	0
147	193	0
148	204	0
149	192	0
150	211	0
151	198	0
152	225	0
153	203	0
154	187	0
155	183	0
156	180	0
157	214	0
158	166	0
159	201	0
160	213	0
161	227	0
162	220	0
163	206	0
164	204	0
165	207	0
166	209	0
167	187	0
168	198	0
169	207	0
170	210	0
171	191	0
172	190	0
173	184	0
174	187	0
175	187	0
176	201	0
177	214	0
178	201	0
179	199	0
180	192	0
181	198	0
182	203	0
183	194	0
184	197	0
185	220	0
186	192	0
187	193	0
188	191	0
189	176	0
190	216	0
191	185	0
192	185	0
193	187	0
194	170	0
195	206	0
196	153	0
197	176	0
198	189	0
199	201	0
200	213	0
201	193	0
202	174	0
203	208	0
204	201	0
205	197	0
206	203	0
207	187	0
208	188	0
209	171	0
210	203	0
211	200	0
212	211	0
213	203	0
214	205	0
215	226	0
216	196	0
217	197	0
218	187	0
219	192	0
220	216	0
221	196	0
222	203	0
223	181	0
224	166	0
225	212	0
226	195	0
227	196	0
228	209	0
229	203	0
230	181	0
231	217	0
232	201	0
233	212	0
234	221	0
235	187	0
236	187	0
237	199	0
238	204	0
239	179	0
240	194	0
241	198	0
242	203	0
243	202	0
244	207	0
245	206	0
246	196	0
247	202	0
248	187	0
249	220	0
250	213	0
251	202	0
252	195	0
253	204	0
254	201	0
255	191	0
256	194	0
257	174	0
258	191	0
259	192	0
260	186	0
261	189	0
262	196	0
263	202	0
264	196	0
265	198	0
266	207	0
267	230	0
268	195	0
269	191	0
270	200	0
271	226	0
272	203	0
273	196	0
274	185	0
275	194	0
276	188	0
277	198	0
278	194	0
279	188	0
280	183	0
281	186	0
282	191	0
283	173	0
284	206	0
285	213	0
286	202	0
287	168	0
288	190	0
289	190	0
290	193	0
291	221	0
292	184	0
293	214	0
294	192	0
295	206	0
296	201	0
297	210	0
298	185	0
299	205	0
300	202	0
301	231	0
302	193	0
303	204	0
304	192	0
305	190	0
306	202	0
307	165	0
308	202	0
309	196	0
310	203	0
311	203	0
312	175	0
313	201	0
314	203	0
315	213	0
316	188	0
317	174	0
318	205	0
319	182	0
320	175	0
321	190	0
322	208	0
323	196	0
324	180	0
325	231	0
326	215	0
327	222	0
328	226	0
329	176	0
330	189	0
331	195	0
332	198	0
333	182	0
334	199	0
335	191	0
336	211	0
337	196	0
338	197	0
339	161	0
340	205	0
341	178	0
342	222	0
343	208	0
344	191	0
345	216	0
346	195	0
347	210	0
348	180	0
349	163	0
350	181	0
351	211	0
352	172	0
353	186	0
354	180	0
355	191	0
356	189	0
357	179	0
358	194	0
359	216	0
360	218	0
361	187	0
362	171	0
363	196	0
364	180	0
365	206	0
366	204	0
367	203	0
368	187	0
369	208	0
370	204	0
371	198	0
372	182	0
373	221	0
374	197	0
375	189	0
376	196	0
377	195	0
378	183	0
379	213	0
380	170	0
381	200	0
382	213	0
383	201	0
384	198	0
385	218	0
386	181	0
387	184	0
388	212	0
389	179	0
390	212	0
391	202	0
392	211	0
393	181	0
394	198	0
395	189	0
396	198	0
397	195	0
398	204	0
399	234	0
400	197	0
401	194	0
402	200	0
403	195	0
404	168	0
405	206	0
406	207	0
407	178	0
408	195	0
409	212	0
410	193	0
411	191	0
412	197	0
413	199	0
414	196	0
415	195	0
416	210	0
417	211	0
418	171	0
419	184	0
420	192	0
421	226	0
422	198	0
423	199	0
424	181	0
425	205	0
426	190	0
427	211	0
428	186	0
429	188	0
430	205	0
431	198	0
432	194	0
433	197	0
434	189	0
435	198	0
436	178	0
437	179	0
438	196	0
439	206	0
440	200	0
441	187	0
442	199	0
443	175	0
444	175	0
445	183	0
446	195	0
447	183	0
448	198	0
449	162	0
450	185	0
451	235	0
452	188	0
453	200	0
454	196	0
455	163	0
456	185	0
457	222	0
458	195	0
459	188	0
460	167	0
461	200	0
462	200	0
463	188	0
464	187	0
465	182	0
466	220	0
467	207	0
468	194	0
469	189	0
470	227	0
471	208	0
472	198	0
473	213	0
474	219	0
475	179	0
476	188	0
477	192	0
478	201	0
479	187	0
480	184	0
481	177	0
482	222	0
483	172	0
484	200	0
485	199	0
486	194	0
487	211	0
488	203	0
489	201	0
490	188	0
491	188	0
492	188	0
493	194	0
494	228	0
495	195	0
496	172	0
497	194	0
498	183	0
499	208	0
500	215	0
501	202	0
502	205	0
503	223	0
504	207	0
505	179	0
506	189	0
507	201	0
508	231	0
509	199	0
510	193	0
511	229	0
512	216	0
513	152	0
514	177	0
515	206	0
516	193	0
517	186	0
518	185	0
519	197	0
520	199	0
521	191	0
522	169	0
523	186	0
524	192	0
525	209	0
526	217	0
527	180	0
528	196	0
529	162	0
530	204	0
531	193	0
532	195	0
533	197	0
534	185	0
535	194	0
536	167	0
537	184	0
538	212	0
539	205	0
540	191	0
541	181	0
542	198	0
543	202	0
544	194	0
545	187	0
546	193	0
547	194	0
548	194	0
549	225	0
550	193	0
551	215	0
552	186	0
553	177	0
554	183	0
555	181	0
556	196	0
557	189	0
558	217	0
559	201	0
560	194	0
561	195	0
562	205	0
563	189	0
564	224	0
565	224	0
566	200	0
567	225	0
568	189	0
569	226	0
570	220	0
571	217	0
572	176	0
573	185	0
574	165	0
575	209	0
576	202	0
577	181	0
578	208	0
579	191	0
580	214	0
581	184	0
582	210	0
583	170	0
584	178	0
585	212	0
586	200	0
587	210	0
588	189	0
589	194	0
590	216	0
591	180	0
592	205	0
593	185	0
594	210	0
595	214	0
596	185	0
597	219	0
598	230	0
599	199	0
600	210	0
601	180	0
602	206	0
603	212	0
604	219	0
605	194	0
606	214	0
607	192	0
608	215	0
609	188	0
610	182	0
611	198	0
612	204	0
613	200	0
614	188	0
615	178	0
616	183	0
617	210	0
618	196	0
619	194	0
620	212	0
621	211	0
622	192	0
623	198	0
624	199	0
625	184	0
626	179	0
627	214	0
628	195	0
629	210	0
630	205	0
631	200	0
632	199	0
633	209	0
634	178	0
635	229	0
636	207	0
637	218	0
638	190	0
639	205	0
640	192	0
641	197	0
642	181	0
643	221	0
644	216	0
645	200	0
646	197	0
647	185	0
648	182	0
649	186	0
650	199	0
651	201	0
652	181	0
653	201	0
654	181	0
655	189	0
656	184	0
657	196	0
658	186	0
659	220	0
660	191	0
661	192	0
662	202	0
663	202	0
664	205	0
665	195	0
666	201	0
667	191	0
668	204	0
669	173	0
670	206	0
671	181	0
672	199	0
673	177	0
674	193	0
675	180	0
676	197	0
677	198	0
678	179	0
679	202	0
680	194	0
681	212	0
682	201	0
683	209	0
684	204	0
685	209	0
686	224	0
687	177	0
688	205	0
689	194	0
690	189	0
691	188	0
692	183	0
693	176	0
694	210	0
695	213	0
696	211	0
697	212	0
698	199	0
699	203	0
700	190	0
701	216	0
702	196	0
703	195	0
704	187	0
705	206	0
706	201	0
707	168	0
708	198	0
709	199	0
710	191	0
711	226	0
712	190	0
713	211	0
714	179	0
715	189	0
716	210	0
717	196	0
718	194	0
719	191	0
720	187	0
721	198	0
722	211	0
723	206	0
724	167	0
725	218	0
726	210	0
727	204	0
728	203	0
729	215	0
730	187	0
731	197	0
732	189	0
733	219	0
734	194	0
735	188	0
736	210	0
737	192	0
738	182	0
739	186	0
740	198	0
741	201	0
742	179	0
743	217	0
744	196	0
745	209	0
746	211	0
747	203	0
748	185	0
749	213	0
750	188	0
751	213	0
752	200	0
753	181	0
754	185	0
755	202	0
756	222	0
757	217	0
758	186	0
759	211	0
760	193	0
761	197	0
762	191	0
763	187	0
764	171	0
765	205	0
766	209	0
767	223	0
768	205	0
769	187	0
770	172	0
771	213	0
772	190	0
773	174	0
774	204	0
775	225	0
776	195	0
777	202	0
778	197	0
779	201	0
780	202	0
781	186	0
782	184	0
783	183	0
784	189	0
785	195	0
786	162	0
787	196	0
788	169	0
789	189	0
790	207	0
791	228	0
792	193	0
793	188	0
794	206	0
795	187	0
796	203	0
797	206	0
798	219	0
799	193	0
800	166	0
801	207	0
802	189	0
803	208	0
804	203	0
805	184	0
806	224	0
807	196	0
808	227	0
809	213	0
810	202	0
811	203	0
812	206	0
813	182	0
814	223	0
815	227	0
816	210	0
817	217	0
818	180	0
819	172	0
820	208	0
821	192	0
822	187	0
823	210	0
824	199	0
825	212	0
826	207	0
827	226	0
828	203	0
829	220	0
830	223	0
831	176	0
832	184	0
833	190	0
834	182	0
835	213	0
836	183	0
837	232	0
838	185	0
839	184	0
840	190	0
841	168	0
842	212	0
843	198	0
844	187	0
845	204	0
846	180	0
847	182	0
848	196	0
849	204	0
850	203	0
851	185	0
852	191	0
853	167	0
854	204	0
855	192	0
856	196	0
857	188	0
858	216	0
859	195	0
860	220	0
861	202	0
862	182	0
863	179	0
864	175	0
865	201	0
866	200	0
867	189	0
868	224	0
869	226	0
870	201	0
871	173	0
872	200	0
873	180	0
874	210	0
875	220	0
876	190	0
877	199	0
878	170	0
879	176	0
880	228	0
881	218	0
882	213	0
883	211	0
884	176	0
885	193	0
886	191	0
887	193	0
888	210	0
889	207	0
890	185	0
891	189	0
892	194	0
893	177	0
894	198	0
895	201	0
896	227	0
897	200	0
898	207	0
899	223	0
900	189	0
901	191	0
902	230	0
903	195	0
904	194	0
905	200	0
906	192	0
907	202	0
908	190	0
909	206	0
910	177	0
911	201	0
912	177	0
913	204	0
914	201	0
915	184	0
916	213	0
917	201	0
918	190	0
919	205	0
920	185	0
921	202	0
922	187	0
923	184	0
924	221	0
925	206	0
926	205	0
927	193	0
928	192	0
929	214	0
930	199	0
931	198	0
932	175	0
933	210	0
934	190	0
935	192	0
936	206	0
937	169	0
938	212	0
939	194	0
940	170	0
941	189	0
942	195	0
943	197	0
944	198	0
945	206	0
946	187	0
947	191	0
948	187	0
949	217	0
950	172	0
951	189	0
952	176	0
953	209	0
954	201	0
955	203	0
956	204	0
957	244	0
958	197	0
959	193	0
960	181	0
961	211	0
962	202	0
963	193	0
964	195	0
965	201	0
966	195	0
967	220	0
968	192	0
969	188	0
970	176	0
971	186	0
972	182	0
973	190	0
974	187	0
975	202	0
976	191	0
977	185	0
978	213	0
979	193	0
980	180	0
981	193	0
982	203	0
983	177	0
984	198	0
985	196	0
986	175	0
987	210	0
988	193	0
989	206	0
990	195	0
991	186	0
992	188	0
993	184	0
994	206	0
995	160	0
996	208	0
997	190	0
998	189	0
999	195	0
1000	190	0
1001	191	0
1002	185	0
1003	196	0
1004	214	0
1005	212	0
1006	206	0
1007	186	0
1008	188	0
1009	183	0
1010	176	0
1011	200	0
1012	202	0
1013	182	0
1014	207	0
1015	205	0
1016	205	0
1017	205	0
1018	175	0
1019	203	0
1020	184	0
1021	200	0
1022	206	0
1023	202	0
1024	190	0
1025	201	0
1026	205	0
1027	185	0
1028	207	0
1029	193	0
1030	198	0
1031	199	0
1032	201	0
1033	182	0
1034	200	0
1035	193	0
1036	190	0
1037	224	0
1038	196	0
1039	197	0
1040	195	0
1041	202	0
1042	206	0
1043	186	0
1044	197	0
1045	206	0
1046	189	0
1047	209	0
1048	200	0
1049	184	0
1050	198	0
1051	198	0
1052	181	0
1053	168	0
1054	199	0
1055	189	0
1056	208	0
1057	194	0
1058	207	0
1059	192	0
1060	211	0
1061	202	0
1062	182	0
1063	199	0
1064	175	0
1065	178	0
1066	224	0
1067	230	0
1068	195	0
1069	195	0
1070	211	0
1071	181	0
1072	211	0
1073	184	0
1074	200	0
1075	196	0
1076	186	0
1077	182	0
1078	199	0
1079	192	0
1080	179	0
1081	217	0
1082	192	0
1083	195	0
1084	198	0
1085	212	0
1086	188	0
1087	197	0
1088	186	0
1089	191	0
1090	191	0
1091	217	0
1092	193	0
1093	207	0
1094	206	0
1095	190	0
1096	170	0
1097	196	0
1098	221	0
1099	188	0
1100	193	0
1101	189	0
1102	164	0
1103	197	0
1104	223	0
1105	200	0
1106	185	0
1107	180	0
1108	182	0
1109	205	0
1110	190	0
1111	204	0
1112	197	0
1113	205	0
1114	233	0
1115	205	0
1116	192	0
1117	196	0
1118	222	0
1119	185	0
1120	194	0
1121	217	0
1122	185	0
1123	202	0
1124	182	0
1125	189	0
1126	187	0
1127	179	0
1128	200	0
1129	175	0
1130	180	0
1131	196	0
1132	191	0
1133	199	0
1134	199	0
1135	202	0
1136	194	0
1137	189	0
1138	187	0
1139	238	0
1140	213	0
1141	190	0
1142	194	0
1143	209	0
1144	172	0
1145	206	0
1146	199	0
1147	216	0
1148	197	0
1149	196	0
1150	173	0
1151	170	0
1152	208	0
1153	205	0
1154	210	0
1155	188	0
1156	172	0
1157	181	0
1158	210	0
1159	180	0
1160	193	0
1161	210	0
1162	210	0
1163	208	0
1164	189	0
1165	180	0
1166	197	0
1167	197	0
1168	197	0
1169	186	0
1170	218	0
1171	193	0
1172	208	0
1173	182	0
1174	208	0
1175	203	0
1176	201	0
1177	202	0
1178	179	0
1179	215	0
1180	200	0
1181	195	0
1182	196	0
1183	170	0
1184	192	0
1185	200	0
1186	200	0
1187	173	0
1188	187	0
1189	197	0
1190	188	0
1191	195	0
1192	222	0
1193	207	0
1194	223	0
1195	203	0
1196	207	0
1197	173	0
1198	193	0
1199	209	0
1200	193	0
1201	186	0
1202	188	0
1203	212	0
1204	198	0
1205	206	0
1206	197	0
1207	198	0
1208	220	0
1209	175	0
1210	192	0
1211	195	0
1212	219	0
1213	172	0
1214	178	0
1215	215	0
1216	224	0
1217	195	0
1218	188	0
1219	185	0
1220	202	0
1221	201	0
1222	184	0
1223	176	0
1224	192	0
1225	218	0
1226	189	0
1227	179	0
1228	198	0
1229	190	0
1230	183	0
1231	177	0
1232	212	0
1233	179	0
1234	210	0
1235	210	0
1236	189	0
1237	204	0
1238	195	0
1239	181	0
1240	208	0
1241	192	0
1242	220	0
1243	186	0
1244	225	0
1245	227	0
1246	174	0
1247	195	0
1248	196	0
1249	186	0
1250	165	0
1251	188	0
1252	198	0
1253	203	0
1254	191	0
1255	202	0
1256	210	0
1257	228	0
1258	182	0
1259	211	0
1260	190	0
1261	198	0
1262	170	0
1263	219	0
1264	200	0
1265	210	0
1266	214	0
1267	163	0
1268	192	0
1269	173	0
1270	183	0
1271	186	0
1272	193	0
1273	193	0
1274	196	0
1275	221	0
1276	176	0
1277	214	0
1278	183	0
1279	185	0
1280	156	0
1281	202	0
1282	215	0
1283	187	0
1284	197	0
1285	211	0
1286	220	0
1287	185	0
1288	200	0
1289	184	0
1290	189	0
1291	197	0
1292	198	0
1293	205	0
1294	194	0
1295	194	0
1296	205	0
1297	180	0
1298	214	0
1299	194	0
1300	173	0
1301	204	0
1302	194	0
1303	210	0
1304	190	0
1305	198	0
1306	211	0
1307	211	0
1308	196	0
1309	199	0
1310	211	0
1311	189	0
1312	190	0
1313	173	0
1314	187	0
1315	178	0
1316	165	0
1317	183	0
1318	196	0
1319	211	0
1320	204	0
1321	209	0
1322	182	0
1323	196	0
1324	188	0
1325	208	0
1326	204	0
1327	192	0
1328	222	0
1329	198	0
1330	223	0
1331	203	0
1332	205	0
1333	194	0
1334	203	0
1335	191	0
1336	216	0
1337	185	0
1338	180	0
1339	199	0
1340	185	0
1341	182	0
1342	203	0
1343	176	0
1344	203	0
1345	209	0
1346	201	0
1347	208	0
1348	212	0
1349	202	0
1350	184	0
1351	176	0
1352	188	0
1353	196	0
1354	197	0
1355	179	0
1356	195	0
1357	187	0
1358	208	0
1359	216	0
1360	178	0
1361	189	0
1362	218	0
1363	191	0
1364	195	0
1365	193	0
1366	168	0
1367	189	0
1368	193	0
1369	195	0
1370	159	0
1371	212	0
1372	224	0
1373	185	0
1374	183	0
1375	207	0
1376	176	0
1377	194	0
1378	192	0
1379	205	0
1380	198	0
1381	171	0
1382	189	0
1383	203	0
1384	208	0
1385	197	0
1386	201	0
1387	149	0
1388	172	0
1389	203	0
1390	204	0
1391	176	0
1392	152	0
1393	170	0
1394	200	0
1395	180	0
1396	167	0
1397	178	0
1398	194	0
1399	180	0
1400	188	0
1401	189	0
1402	191	0
1403	187	0
1404	200	0
1405	208	0
1406	191	0
1407	189	0
1408	196	0
1409	191	0
1410	205	0
1411	202	0
1412	204	0
1413	176	0
1414	185	0
1415	196	0
1416	192	0
1417	187	0
1418	196	0
1419	184	0
1420	175	0
1421	204	0
1422	186	0
1423	209	0
1424	208	0
1425	209	0
1426	193	0
1427	199	0
1428	181	0
1429	216	0
1430	217	0
1431	193	0
1432	175	0
1433	191	0
1434	167	0
1435	164	0
1436	175	0
1437	207	0
1438	210	0
1439	243	0
1440	195	0
1441	202	0
1442	205	0
1443	216	0
1444	182	0
1445	194	0
1446	200	0
1447	192	0
1448	190	0
1449	193	0
1450	205	0
1451	201	0
1452	235	0
1453	207	0
1454	201	0
1455	201	0
1456	194	0
1457	216	0
1458	203	0
1459	200	0
1460	218	0
1461	201	0
1462	188	0
1463	209	0
1464	188	0
1465	194	0
1466	181	0
1467	187	0
1468	205	0
1469	209	0
1470	191	0
1471	219	0
1472	206	0
1473	206	0
1474	214	0
1475	206	0
1476	199	0
1477	183	0
1478	194	0
1479	215	0
1480	179	0
1481	209	0
1482	166	0
1483	170	0
1484	206	0
1485	197	0
1486	239	0
1487	187	0
1488	215	0
1489	173	0
1490	205	0
1491	182	0
1492	216	0
1493	194	0
1494	198	0
1495	197	0
1496	204	0
1497	203	0
1498	175	0
1499	188	0
1500	190	0
1501	212	0
1502	201	0
1503	178	0
1504	206	0
1505	196	0
1506	194	0
1507	211	0
1508	168	0
1509	185	0
1510	202	0
1511	207	0
1512	203	0
1513	173	0
1514	209	0
1515	193	0
1516	210	0
1517	188	0
1518	184	0
1519	203	0
1520	199	0
1521	174	0
1522	198	0
1523	197	0
1524	225	0
1525	211	0
1526	204	0
1527	200	0
1528	207	0
1529	191	0
1530	185	0
1531	210	0
1532	184	0
1533	197	0
1534	200	0
1535	215	0
1536	180	0
1537	199	0
1538	182	0
1539	185	0
1540	222	0
1541	210	0
1542	201	0
1543	191	0
1544	183	0
1545	218	0
1546	183	0
1547	178	0
1548	182	0
1549	199	0
1550	170	0
1551	188	0
1552	179	0
1553	202	0
1554	196	0
1555	203	0
1556	178	0
1557	176	0
1558	197	0
1559	188	0
1560	203	0
1561	166	0
1562	179	0
1563	182	0
1564	198	0
1565	174	0
1566	195	0
1567	195	0
1568	180	0
1569	200	0
1570	204	0
1571	207	0
1572	198	0
1573	182	0
1574	216	0
1575	209	0
1576	194	0
1577	202	0
1578	193	0
1579	228	0
1580	208	0
1581	232	0
1582	191	0
1583	206	0
1584	208	0
1585	165	0
1586	198	0
1587	192	0
1588	204	0
1589	182	0
1590	197	0
1591	219	0
1592	184	0
1593	197	0
1594	189	0
1595	193	0
1596	185	0
1597	182	0
1598	196	0
1599	198	0
1600	201	0
1601	190	0
1602	200	0
1603	209	0
1604	186	0
1605	190	0
1606	222	0
1607	185	0
1608	206	0
1609	203	0
1610	170	0
1611	157	0
1612	185	0
1613	210	0
1614	190	0
1615	209	0
1616	194	0
1617	207	0
1618	199	0
1619	223	0
1620	191	0
1621	208	0
1622	187	0
1623	207	0
1624	180	0
1625	220	0
1626	194	0
1627	228	0
1628	198	0
1629	205	0
1630	177	0
1631	212	0
1632	198	0
1633	221	0
1634	188	0
1635	206	0
1636	192	0
1637	212	0
1638	176	0
1639	182	0
1640	177	0
1641	180	0
1642	186	0
1643	218	0
1644	209	0
1645	227	0
1646	219	0
1647	196	0
1648	183	0
1649	211	0
1650	192	0
1651	173	0
1652	217	0
1653	238	0
1654	176	0
1655	201	0
1656	198	0
1657	186	0
1658	203	0
1659	212	0
1660	187	0
1661	203	0
1662	212	0
1663	203	0
1664	178	0
1665	206	0
1666	190	0
1667	177	0
1668	179	0
1669	183	0
1670	202	0
1671	205	0
1672	209	0
1673	209	0
1674	201	0
1675	193	0
1676	189	0
1677	186	0
1678	194	0
1679	160	0
1680	159	0
1681	196	0
1682	184	0
1683	202	0
1684	192	0
1685	189	0
1686	219	0
1687	188	0
1688	214	0
1689	208	0
1690	188	0
1691	208	0
1692	231	0
1693	170	0
1694	191	0
1695	202	0
1696	200	0
1697	192	0
1698	204	0
1699	201	0
1700	190	0
1701	210	0
1702	197	0
1703	189	0
1704	184	0
1705	178	0
1706	200	0
1707	172	0
1708	190	0
1709	196	0
1710	217	0
1711	210	0
1712	186	0
1713	190	0
1714	205	0
1715	186	0
1716	202	0
1717	216	0
1718	195	0
1719	193	0
1720	178	0
1721	215	0
1722	201	0
1723	176	0
1724	195	0
1725	197	0
1726	183	0
1727	204	0
1728	189	0
1729	224	0
1730	182	0
1731	199	0
1732	172	0
1733	194	0
1734	204	0
1735	197	0
1736	199	0
1737	213	0
1738	198	0
1739	203	0
1740	184	0
1741	196	0
1742	194	0
1743	198	0
1744	186	0
1745	193	0
1746	207	0
1747	197	0
1748	200	0
1749	195	0
1750	213	0
1751	180	0
1752	197	0
1753	181	0
1754	218	0
1755	188	0
1756	204	0
1757	209	0
1758	196	0
1759	185	0
1760	208	0
1761	222	0
1762	189	0
1763	180	0
1764	199	0
1765	171	0
1766	227	0
1767	204	0
1768	197	0
1769	180	0
1770	212	0
1771	161	0
1772	182	0
1773	179	0
1774	194	0
1775	194	0
1776	191	0
1777	215	0
1778	202	0
1779	215	0
1780	223	0
1781	215	0
1782	200	0
1783	212	0
1784	194	0
1785	199	0
1786	182	0
1787	201	0
1788	205	0
1789	185	0
1790	192	0
1791	186	0
1792	168	0
1793	215	0
1794	219	0
1795	195	0
1796	199	0
1797	196	0
1798	195	0
1799	222	0
1800	208	0
1801	172	0
1802	191	0
1803	195	0
1804	181	0
1805	179	0
1806	198	0
1807	187	0
1808	196	0
1809	205	0
1810	219	0
1811	197	0
1812	216	0
1813	188	0
1814	190	0
1815	197	0
1816	191	0
1817	196	0
1818	190	0
1819	194	0
1820	194	0
1821	182	0
1822	173	0
1823	211	0
1824	188	0
1825	191	0
1826	195	0
1827	222	0
1828	187	0
1829	200	0
1830	186	0
1831	195	0
1832	204	0
1833	179	0
1834	194	0
1835	200	0
1836	179	0
1837	200	0
1838	172	0
1839	219	0
1840	218	0
1841	215	0
1842	203	0
1843	191	0
1844	213	0
1845	190	0
1846	193	0
1847	197	0
1848	217	0
1849	176	0
1850	202	0
1851	214	0
1852	209	0
1853	194	0
1854	201	0
1855	207	0
1856	208	0
1857	204	0
1858	207	0
1859	182	0
1860	209	0
1861	209	0
1862	185	0
1863	187	0
1864	199	0
1865	198	0
1866	195	0
1867	183	0
1868	197	0
1869	190	0
1870	209	0
1871	195	0
1872	219	0
1873	212	0
1874	194	0
1875	199	0
1876	192	0
1877	206	0
1878	188	0
1879	199	0
1880	178	0
1881	172	0
1882	183	0
1883	197	0
1884	182	0
1885	221	0
1886	191	0
1887	204	0
1888	210	0
1889	182	0
1890	193	0
1891	180	0
1892	199	0
1893	195	0
1894	200	0
1895	178	0
1896	204	0
1897	192	0
1898	181	0
1899	191	0
1900	207	0
1901	203	0
1902	221	0
1903	232	0
1904	186	0
1905	211	0
1906	168	0
1907	192	0
1908	206	0
1909	173	0
1910	197	0
1911	208	0
1912	197	0
1913	162	0
1914	203	0
1915	213	0
1916	183	0
1917	222	0
1918	182	0
1919	215	0
1920	217	0
1921	198	0
1922	187	0
1923	188	0
1924	194	0
1925	175	0
1926	193	0
1927	190	0
1928	188	0
1929	181	0
1930	191	0
1931	187	0
1932	189	0
1933	167	0
1934	185	0
1935	188	0
1936	192	0
1937	196	0
1938	221	0
1939	198	0
1940	200	0
1941	207	0
1942	188	0
1943	213	0
1944	182	0
1945	207	0
1946	186	0
1947	214	0
1948	188	0
1949	202	0
1950	214	0
1951	196	0
1952	202	0
1953	195	0
1954	213	0
1955	168	0
1956	192	0
1957	225	0
1958	213	0
1959	213	0
1960	219	0
1961	199	0
1962	206	0
1963	204	0
1964	201	0
1965	226	0
1966	205	0
1967	195	0
1968	190	0
1969	194	0
1970	175	0
1971	205	0
1972	211	0
1973	168	0
1974	205	0
1975	213	0
1976	192	0
1977	197	0
1978	166	0
1979	191	0
1980	212	0
1981	209	0
1982	195	0
1983	178	0
1984	204	0
1985	209	0
1986	202	0
1987	205	0
1988	192	0
1989	198	0
1990	178	0
1991	240	0
1992	188	0
1993	179	0
1994	182	0
1995	199	0
1996	181	0
1997	205	0
1998	202	0
1999	204	0
2000	195	0
2001	190	0
2002	202	0
2003	211	0
2004	195	0
2005	202	0
2006	206	0
2007	213	0
2008	185	0
2009	228	0
2010	179	0
2011	199	0
2012	177	0
2013	219	0
2014	204	0
2015	198	0
2016	187	0
2017	212	0
2018	189	0
2019	195	0
2020	216	0
2021	196	0
2022	170	0
2023	205	0
2024	195	0
2025	171	0
2026	186	0
2027	187	0
2028	177	0
2029	193	0
2030	203	0
2031	206	0
2032	177	0
2033	219	0
2034	192	0
2035	208	0
2036	211	0
2037	190	0
2038	205	0
2039	195	0
2040	157	0
2041	208	0
2042	219	0
2043	188	0
2044	162	0
2045	183	0
2046	199	0
2047	190	0
2048	210	0
2049	204	0
2050	182	0
2051	197	0
2052	186	0
2053	224	0
2054	189	0
2055	187	0
2056	210	0
2057	207	0
2058	201	0
2059	201	0
2060	196	0
2061	193	0
2062	196	0
2063	193	0
2064	205	0
2065	164	0
2066	176	0
2067	190	0
2068	199	0
2069	179	0
2070	183	0
2071	212	0
2072	177	0
2073	204	0
2074	210	0
2075	221	0
2076	216	0
2077	210	0
2078	199	0
2079	182	0
2080	188	0
2081	214	0
2082	189	0
2083	193	0
2084	184	0
2085	215	0
2086	177	0
2087	178	0
2088	193	0
2089	203	0
2090	209	0
2091	219	0
2092	205	0
2093	215	0
2094	174	0
2095	188	0
2096	202	0
2097	174	0
2098	182	0
2099	208	0
2100	191	0
2101	204	0
2102	185	0
2103	197	0
2104	189	0
2105	199	0
2106	175	0
2107	202	0
2108	216	0
2109	210	0
2110	189	0
2111	201	0
2112	199	0
2113	197	0
2114	209	0
2115	180	0
2116	198	0
2117	218	0
2118	184	0
2119	190	0
2120	190	0
2121	178	0
2122	226	0
2123	196	0
2124	194	0
2125	193	0
2126	196	0
2127	176	0
2128	203	0
2129	195	0
2130	170	0
2131	219	0
2132	185	0
2133	185	0
2134	191	0
2135	176	0
2136	161	0
2137	210	0
2138	180	0
2139	185	0
2140	200	0
2141	189	0
2142	187	0
2143	201	0
2144	211	0
2145	182	0
2146	200	0
2147	173	0
2148	219	0
2149	192	0
2150	204	0
2151	179	0
2152	205	0
2153	207	0
2154	196	0
2155	179	0
2156	223	0
2157	210	0
2158	185	0
2159	180	0
2160	191	0
2161	197	0
2162	215	0
2163	195	0
2164	189	0
2165	179	0
2166	182	0
2167	199	0
2168	207	0
2169	211	0
2170	197	0
2171	202	0
2172	197	0
2173	179	0
2174	193	0
2175	197	0
2176	192	0
2177	185	0
2178	195	0
2179	205	0
2180	196	0
2181	189	0
2182	207	0
2183	195	0
2184	182	0
2185	196	0
2186	187	0
2187	196	0
2188	174	0
2189	181	0
2190	185	0
2191	212	0
2192	195	0
2193	194	0
2194	189	0
2195	216	0
2196	211	0
2197	199	0
2198	181	0
2199	184	0
2200	208	0
2201	180	0
2202	204	0
2203	202	0
2204	199	0
2205	193	0
2206	192	0
2207	194	0
2208	191	0
2209	193	0
2210	183	0
2211	188	0
2212	190	0
2213	198	0
2214	184	0
2215	202	0
2216	176	0
2217	188	0
2218	208	0
2219	162	0
2220	217	0
2221	190	0
2222	189	0
2223	207	0
2224	160	0
2225	197	0
2226	218	0
2227	217	0
2228	180	0
2229	191	0
2230	197	0
2231	206	0
2232	170	0
2233	212	0
2234	188	0
2235	174	0
2236	217	0
2237	195	0
2238	185	0
2239	226	0
2240	193	0
2241	197	0
2242	202	0
2243	184	0
2244	194	0
2245	222	0
2246	208	0
2247	180	0
2248	207	0
2249	175	0
2250	216	0
2251	180	0
2252	198	0
2253	199	0
2254	205	0
2255	163	0
2256	203	0
2257	194	0
2258	211	0
2259	209	0
2260	180	0
2261	203	0
2262	210	0
2263	204	0
2264	196	0
2265	201	0
2266	205	0
2267	203	0
2268	194	0
2269	210	0
2270	192	0
2271	209	0
2272	200	0
2273	180	0
2274	201	0
2275	200	0
2276	197	0
2277	217	0
2278	162	0
2279	192	0
2280	203	0
2281	203	0
2282	188	0
2283	202	0
2284	184	0
2285	185	0
2286	197	0
2287	194	0
2288	216	0
2289	199	0
2290	216	0
2291	204	0
2292	176	0
2293	231	0
2294	203	0
2295	180	0
2296	185	0
2297	170	0
2298	200	0
2299	206	0
2300	176	0
2301	186	0
2302	177	0
2303	187	0
2304	168	0
2305	161	0
2306	183	0
2307	210	0
2308	200	0
2309	181	0
2310	210	0
2311	205	0
2312	190	0
2313	188	0
2314	176	0
2315	203	0
2316	163	0
2317	203	0
2318	187	0
2319	186	0
2320	214	0
2321	218	0
2322	210	0
2323	217	0
2324	178	0
2325	184	0
2326	193	0
2327	186	0
2328	203	0
2329	196	0
2330	199	0
2331	187	0
2332	225	0
2333	203	0
2334	217	0
2335	184	0
2336	192	0
2337	226	0
2338	204	0
2339	191	0
2340	209	0
2341	181	0
2342	204	0
2343	186	0
2344	184	0
2345	199	0
2346	184	0
2347	210	0
2348	187	0
2349	193	0
2350	195	0
2351	210	0
2352	215	0
2353	201	0
2354	192	0
2355	203	0
2356	201	0
2357	216	0
2358	223	0
2359	215	0
2360	200	0
2361	172	0
2362	209	0
2363	198	0
2364	187	0
2365	206	0
2366	176	0
2367	210	0
2368	173	0
2369	197	0
2370	184	0
2371	204	0
2372	198	0
2373	203	0
2374	207	0
2375	174	0
2376	159	0
2377	211	0
2378	186	0
2379	217	0
2380	208	0
2381	157	0
2382	206	0
2383	203	0
2384	211	0
2385	204	0
2386	201	0
2387	191	0
2388	231	0
2389	191	0
2390	201	0
2391	174	0
2392	227	0
2393	192	0
2394	209	0
2395	185	0
2396	186	0
2397	189	0
2398	211	0
2399	194	0
2400	209	0
2401	207	0
2402	214	0
2403	191	0
2404	199	0
2405	195	0
2406	170	0
2407	180	0
2408	197	0
2409	191	0
2410	187	0
2411	204	0
2412	189	0
2413	210	0
2414	200	0
2415	206	0
2416	219	0
2417	190	0
2418	202	0
2419	194	0
2420	215	0
2421	200	0
2422	179	0
2423	192	0
2424	187	0
2425	184	0
2426	186	0
2427	171	0
2428	203	0
2429	211	0
2430	191	0
2431	236	0
2432	175	0
2433	220	0
2434	202	0
2435	197	0
2436	209	0
2437	211	0
2438	205	0
2439	212	0
2440	180	0
2441	178	0
2442	212	0
2443	202	0
2444	198	0
2445	187	0
2446	201	0
2447	203	0
2448	197	0
2449	216	0
2450	216	0
2451	210	0
2452	200	0
2453	221	0
2454	223	0
2455	167	0
2456	193	0
2457	184	0
2458	222	0
2459	229	0
2460	195	0
2461	194	0
2462	191	0
2463	199	0
2464	203	0
2465	213	0
2466	201	0
2467	211	0
2468	195	0
2469	188	0
2470	182	0
2471	202	0
2472	208	0
2473	191	0
2474	202	0
2475	175	0
2476	190	0
2477	187	0
2478	157	0
2479	187	0
2480	193	0
2481	184	0
2482	188	0
2483	188	0
2484	200	0
2485	193	0
2486	211	0
2487	201	0
2488	200	0
2489	205	0
2490	183	0
2491	199	0
2492	199	0
2493	220	0
2494	194	0
2495	182	0
2496	191	0
2497	202	0
2498	198	0
2499	181	0
2500	203	0
2501	216	0
2502	183	0
2503	202	0
2504	241	0
2505	188	0
2506	211	0
2507	210	0
2508	211	0
2509	191	0
2510	179	0
2511	193	0
2512	203	0
2513	199	0
2514	193	0
2515	188	0
2516	213	0
2517	208	0
2518	192	0
2519	205	0
2520	175	0
2521	191	0
2522	186	0
2523	199	0
2524	197	0
2525	190	0
2526	200	0
2527	200	0
2528	196	0
2529	223	0
2530	190	0
2531	202	0
2532	199	0
2533	194	0
2534	172	0
2535	177	0
2536	199	0
2537	192	0
2538	173	0
2539	168	0
2540	188	0
2541	180	0
2542	224	0
2543	202	0
2544	192	0
2545	220	0
2546	176	0
2547	198	0
2548	164	0
2549	177	0
2550	167	0
2551	173	0
2552	192	0
2553	204	0
2554	190	0
2555	213	0
2556	202	0
2557	197	0
2558	203	0
2559	181	0
2560	195	0
2561	205	0
2562	191	0
2563	178	0
2564	200	0
2565	196	0
2566	187	0
2567	202	0
2568	212	0
2569	207	0
2570	197	0
2571	196	0
2572	177	0
2573	197	0
2574	199	0
2575	195	0
2576	211	0
2577	198	0
2578	228	0
2579	194	0
2580	201	0
2581	198	0
2582	169	0
2583	213	0
2584	185	0
2585	213	0
2586	202	0
2587	211	0
2588	199	0
2589	207	0
2590	190	0
2591	200	0
2592	181	0
2593	204	0
2594	188	0
2595	200	0
2596	199	0
2597	201	0
2598	201	0
2599	190	0
2600	201	0
2601	205	0
2602	192	0
2603	186	0
2604	199	0
2605	191	0
2606	202	0
2607	213	0
2608	184	0
2609	181	0
2610	185	0
2611	187	0
2612	219	0
2613	200	0
2614	214	0
2615	209	0
2616	197	0
2617	202	0
2618	196	0
2619	189	0
2620	222	0
2621	203	0
2622	186	0
2623	174	0
2624	212	0
2625	215	0
2626	202	0
2627	173	0
2628	202	0
2629	159	0
2630	183	0
2631	194	0
2632	208	0
2633	217	0
2634	179	0
2635	202	0
2636	205	0
2637	202	0
2638	189	0
2639	204	0
2640	183	0
2641	224	0
2642	172	0
2643	205	0
2644	199	0
2645	185	0
2646	172	0
2647	171	0
2648	209	0
2649	177	0
2650	196	0
2651	198	0
2652	174	0
2653	206	0
2654	193	0
2655	211	0
2656	195	0
2657	187	0
2658	196	0
2659	194	0
2660	204	0
2661	203	0
2662	158	0
2663	190	0
2664	207	0
2665	214	0
2666	198	0
2667	190	0
2668	211	0
2669	209	0
2670	214	0
2671	178	0
2672	215	0
2673	185	0
2674	195	0
2675	210	0
2676	209	0
2677	188	0
2678	195	0
2679	216	0
2680	198	0
2681	195	0
2682	204	0
2683	196	0
2684	196	0
2685	184	0
2686	202	0
2687	186	0
2688	213	0
2689	204	0
2690	185	0
2691	177	0
2692	195	0
2693	197	0
2694	186	0
2695	190	0
2696	208	0
2697	203	0
2698	205	0
2699	198	0
2700	205	0
2701	213	0
2702	191	0
2703	182	0
2704	179	0
2705	185	0
2706	214	0
2707	186	0
2708	203	0
2709	183	0
2710	198	0
2711	193	0
2712	183	0
2713	196	0
2714	185	0
2715	201	0
2716	214	0
2717	203	0
2718	219	0
2719	188	0
2720	210	0
2721	191	0
2722	197	0
2723	216	0
2724	196	0
2725	173	0
2726	200	0
2727	203	0
2728	183	0
2729	227	0
2730	216	0
2731	199	0
2732	179	0
2733	178	0
2734	192	0
2735	209	0
2736	179	0
2737	184	0
2738	185	0
2739	190	0
2740	207	0
2741	211	0
2742	208	0
2743	188	0
2744	182	0
2745	195	0
2746	166	0
2747	201	0
2748	188	0
2749	206	0
2750	174	0
2751	204	0
2752	216	0
2753	166	0
2754	176	0
2755	200	0
2756	212	0
2757	200	0
2758	189	0
2759	161	0
2760	208	0
2761	179	0
2762	206	0
2763	189	0
2764	208	0
2765	187	0
2766	196	0
2767	183	0
2768	199	0
2769	200	0
2770	188	0
2771	190	0
2772	193	0
2773	188	0
2774	200	0
2775	195	0
2776	199	0
2777	203	0
2778	229	0
2779	181	0
2780	173	0
2781	179	0
2782	214	0
2783	198	0
2784	220	0
2785	162	0
2786	206	0
2787	207	0
2788	196	0
2789	193	0
2790	210	0
2791	177	0
2792	169	0
2793	169	0
2794	203	0
2795	221	0
2796	192	0
2797	171	0
2798	195	0
2799	220	0
2800	169	0
2801	190	0
2802	212	0
2803	194	0
2804	205	0
2805	207	0
2806	175	0
2807	193	0
2808	208	0
2809	201	0
2810	185	0
2811	201	0
2812	211	0
2813	224	0
2814	208	0
2815	224	0
2816	194	0
2817	193	0
2818	166	0
2819	201	0
2820	189	0
2821	211	0
2822	191	0
2823	183	0
2824	178	0
2825	191	0
2826	198	0
2827	182	0
2828	202	0
2829	205	0
2830	178	0
2831	192	0
2832	190	0
2833	163	0
2834	222	0
2835	179	0
2836	202	0
2837	208	0
2838	192	0
2839	241	0
2840	193	0
2841	178	0
2842	189	0
2843	207	0
2844	201	0
2845	203	0
2846	217	0
2847	212	0
2848	189	0
2849	199	0
2850	190	0
2851	207	0
2852	208	0
2853	202	0
2854	191	0
2855	226	0
2856	192	0
2857	232	0
2858	200	0
2859	188	0
2860	208	0
2861	193	0
2862	181	0
2863	186	0
2864	214	0
2865	179	0
2866	183	0
2867	224	0
2868	191	0
2869	190	0
2870	175	0
2871	202	0
2872	213	0
2873	216	0
2874	194	0
2875	203	0
2876	219	0
2877	201	0
2878	214	0
2879	198	0
2880	187	0
2881	184	0
2882	214	0
2883	192	0
2884	187	0
2885	200	0
2886	215	0
2887	163	0
2888	168	0
2889	195	0
2890	198	0
2891	197	0
2892	183	0
2893	195	0
2894	173	0
2895	192	0
2896	179	0
2897	217	0
2898	200	0
2899	204	0
2900	165	0
2901	201	0
2902	222	0
2903	199	0
2904	186	0
2905	206	0
2906	192	0
2907	212	0
2908	188	0
2909	214	0
2910	195	0
2911	221	0
2912	200	0
2913	186	0
2914	208	0
2915	194	0
2916	204	0
2917	185	0
2918	175	0
2919	181	0
2920	192	0
2921	206	0
2922	180	0
2923	223	0
2924	186	0
2925	223	0
2926	190	0
2927	205	0
2928	189	0
2929	194	0
2930	220	0
2931	201	0
2932	192	0
2933	189	0
2934	191	0
2935	170	0
2936	206	0
2937	181	0
2938	170	0
2939	199	0
2940	171	0
2941	191	0
2942	175	0
2943	183	0
2944	194	0
2945	196	0
2946	184	0
2947	195	0
2948	207	0
2949	219	0
2950	209	0
2951	194	0
2952	200	0
2953	195	0
2954	227	0
2955	189	0
2956	186	0
2957	180	0
2958	209	0
2959	203	0
2960	181	0
2961	207	0
2962	203	0
2963	168	0
2964	198	0
2965	191	0
2966	209	0
2967	196	0
2968	197	0
2969	193	0
2970	201	0
2971	200	0
2972	185	0
2973	195	0
2974	203	0
2975	178	0
2976	195	0
2977	180	0
2978	206	0
2979	164	0
2980	214	0
2981	208	0
2982	208	0
2983	188	0
2984	190	0
2985	217	0
2986	183	0
2987	184	0
2988	198	0
2989	185	0
2990	183	0
2991	187	0
2992	233	0
2993	199	0
2994	178	0
2995	175	0
2996	192	0
2997	195	0
2998	189	0
2999	197	0
3000	184	0
