1	217	0
2	180	0
3	183	0
4	185	0
5	204	0
6	210	0
7	192	0
8	201	0
9	211	0
10	194	0
11	181	0
12	189	0
13	205	0
14	198	0
15	212	0
16	192	0
17	197	0
18	206	0
19	202	0
20	200	0
21	192	0
22	168	0
23	190	0
24	187	0
25	194	0
26	202	0
27	191	0
28	201	0
29	221	0
30	189	0
31	221	0
32	188	0
33	224	0
34	197	0
35	193	0
36	208	0
37	203	0
38	191	0
39	194	0
40	183	0
41	197	0
42	223	0
43	186	0
44	178	0
45	184	0
46	186	0
47	215	0
48	204	0
49	193	0
50	187	0
51	194	0
52	200	0
53	206	0
54	196	0
55	187	0
56	182	0
57	199	0
58	168	0
59	190	0
60	190	0
61	210	0
62	205	0
63	178	0
64	205	0
65	210	0
66	206	0
67	196	0
68	189	0
69	197	0
70	188	0
71	194	0
72	192	0
73	185	0
74	214	0
75	195	0
76	186	0
77	183	0
78	192	0
79	208	0
80	172	0
81	177	0
82	222	0
83	186	0
84	193	0
85	183	0
86	198	0
87	212	0
88	203	0
89	192	0
90	209	0
91	196	0
92	222	0
93	166	0
94	230	0
95	196	0
96	211	0
97	187	0
98	224	0
99	237	0
100	215	0
101	189	0
102	227	0
103	204	0
104	205	0
105	185	0
106	214	0
107	192	0
108	201	0
109	212	0
110	208	0
111	198	0
112	222	0
113	212	0
114	192	0
115	215	0
116	225	0
117	199	0
118	201	0
119	201	0
120	186	0
121	211	0
122	189	0
123	227	0
124	199	0
125	182	0
126	220	0
127	176	0
128	206	0
129	213	0
130	188	0
131	223	0
132	206	0
133	190	0
134	191	0
135	194	0
136	207	0
137	184	0
138	178	0
139	217	0
140	206	0
141	189	0
142	197	0
143	208	0
144	191	0
145	199	0
146	181	0
147	182	0
148	187	0
149	196	0
150	215	0
151	181	0
152	188	0
153	206	0
154	196	0
155	196	0
156	182	0
157	221	0
158	187	0
159	209	0
160	200	0
161	189	0
162	181	0
163	177	0
164	185	0
165	179	0
166	218	0
167	195	0
168	210	0
169	194	0
170	164	0
171	180	0
172	196	0
173	219	0
174	187	0
175	190	0
176	186	0
177	199	0
178	185	0
179	204	0
180	220	0
181	201	0
182	196	0
183	221	0
184	184	0
185	197	0
186	189	0
187	230	0
188	195	0
189	193	0
190	187	0
191	189	0
192	198	0
193	196	0
194	188	0
195	195	0
196	214	0
197	189	0
198	164	0
199	186	0
200	217	0
201	198	0
202	203	0
203	192	0
204	212	0
205	191	0
206	200	0
207	189	0
208	186	0
209	200	0
210	213	0
211	197	0
212	206	0
213	201	0
214	202	0
215	206	0
216	197	0
217	162	0
218	201	0
219	211	0
220	202	0
221	180	0
222	211	0
223	200	0
224	198	0
225	196	0
226	189	0
227	193	0
228	212	0
229	210	0
230	178	0
231	217	0
232	182	0
233	213	0
234	192	0
235	195	0
236	226	0
237	189	0
238	210	0
239	205	0
240	184	0
241	205	0
242	211	0
243	215	0
244	224	0
245	233	0
246	215	0
247	179	0
248	196	0
249	189	0
250	186	0
251	190	0
252	204	0
253	181	0
254	189	0
255	213	0
256	196	0
257	207	0
258	184	0
259	177	0
260	198	0
261	202	0
262	202	0
263	199	0
264	189	0
265	201	0
266	177	0
267	195	0
268	180	0
269	228	0
270	202	0
271	185	0
272	220	0
273	215	0
274	191	0
275	187	0
276	211	0
277	234	0
278	189	0
279	195	0
280	198	0
281	216	0
282	191	0
283	195	0
284	200	0
285	188	0
286	189	0
287	200	0
288	192	0
289	193	0
290	207	0
291	190	0
292	184	0
293	222	0
294	204	0
295	207	0
296	198	0
297	211	0
298	210	0
299	221	0
300	214	0
301	207	0
302	194	0
303	204	0
304	213	0
305	193	0
306	199	0
307	215	0
308	220	0
309	212	0
310	231	0
311	182	0
312	203	0
313	179	0
314	171	0
315	200	0
316	197	0
317	188	0
318	189	0
319	199	0
320	188	0
321	206	0
322	209	0
323	193	0
324	186	0
325	194	0
326	216	0
327	167	0
328	199	0
329	183	0
330	187	0
331	187	0
332	180	0
333	202	0
334	206	0
335	197	0
336	197	0
337	204	0
338	192	0
339	213	0
340	187	0
341	202	0
342	193	0
343	191	0
344	166	0
345	182	0
346	175	0
347	199	0
348	193	0
349	197	0
350	197	0
351	195	0
352	213	0
353	207	0
354	196	0
355	197	0
356	197	0
357	192	0
358	185	0
359	206	0
360	189	0
361	183	0
362	166	0
363	207	0
364	180	0
365	205	0
366	206	0
367	193	0
368	193	0
369	200	0
370	188	0
371	184	0
372	209	0
373	212	0
374	200	0
375	200	0
376	179	0
377	195	0
378	186	0
379	186	0
380	194	0
381	187	0
382	207	0
383	209	0
384	186	0
385	185	0
386	209	0
387	204	0
388	166	0
389	207	0
390	195	0
391	209	0
392	197	0
393	184	0
394	202	0
395	204	0
396	187	0
397	224	0
398	220	0
399	213	0
400	185	0
401	199	0
402	200	0
403	192	0
404	210	0
405	196	0
406	199	0
407	208	0
408	225	0
409	194	0
410	211	0
411	182	0
412	177	0
413	195	0
414	214	0
415	180	0
416	206	0
417	188	0
418	206	0
419	192	0
420	201	0
421	185	0
422	203	0
423	184	0
424	218	0
425	191	0
426	183	0
427	186	0
428	188	0
429	183	0
430	188	0
431	203	0
432	199	0
433	185	0
434	216	0
435	215	0
436	211	0
437	207	0
438	213	0
439	209	0
440	182	0
441	203	0
442	200	0
443	227	0
444	166	0
445	198	0
446	223	0
447	171	0
448	213	0
449	198	0
450	223	0
451	173	0
452	210	0
453	199	0
454	184	0
455	173	0
456	202	0
457	178	0
458	213	0
459	178	0
460	209	0
461	175	0
462	188	0
463	184	0
464	184	0
465	207	0
466	233	0
467	213	0
468	187	0
469	192	0
470	184	0
471	195	0
472	171	0
473	214	0
474	196	0
475	189	0
476	193	0
477	183	0
478	198	0
479	208	0
480	217	0
481	193	0
482	204	0
483	184	0
484	204	0
485	232	0
486	194	0
487	167	0
488	185	0
489	205	0
490	201	0
491	184	0
492	207	0
493	182	0
494	201	0
495	229	0
496	200	0
497	227	0
498	169	0
499	199	0
500	195	0
501	183	0
502	219	0
503	220	0
504	185	0
505	175	0
506	193	0
507	189	0
508	173	0
509	177	0
510	204	0
511	202	0
512	190	0
513	202	0
514	197	0
515	194	0
516	191	0
517	206	0
518	217	0
519	182	0
520	213	0
521	179	0
522	207	0
523	209	0
524	199	0
525	187	0
526	198	0
527	189	0
528	219	0
529	197	0
530	185	0
531	198	0
532	180	0
533	205	0
534	219	0
535	175	0
536	173	0
537	205	0
538	204	0
539	206	0
540	204	0
541	179	0
542	202	0
543	199	0
544	179	0
545	185	0
546	182	0
547	199	0
548	190	0
549	217	0
550	168	0
551	206	0
552	217	0
553	235	0
554	226	0
555	207	0
556	176	0
557	180	0
558	199	0
559	208	0
560	217	0
561	208	0
562	193	0
563	201	0
564	171	0
565	176	0
566	180	0
567	198	0
568	191	0
569	206	0
570	204	0
571	200	0
572	190	0
573	183	0
574	204	0
575	176	0
576	193	0
577	198	0
578	168	0
579	193	0
580	210	0
581	219	0
582	201	0
583	196	0
584	207	0
585	196	0
586	211	0
587	210	0
588	192	0
589	209	0
590	211	0
591	199	0
592	214	0
593	178	0
594	186	0
595	203	0
596	188	0
597	206	0
598	193	0
599	185	0
600	198	0
601	204	0
602	199	0
603	170	0
604	204	0
605	187	0
606	174	0
607	158	0
608	171	0
609	189	0
610	220	0
611	190	0
612	215	0
613	210	0
614	211	0
615	204	0
616	208	0
617	191	0
618	225	0
619	199	0
620	199	0
621	198	0
622	180	0
623	187	0
624	187	0
625	182	0
626	190	0
627	221	0
628	193	0
629	183	0
630	208	0
631	185	0
632	206	0
633	190	0
634	192	0
635	201	0
636	192	0
637	221	0
638	187	0
639	207	0
640	220	0
641	216	0
642	194	0
643	199	0
644	216	0
645	171	0
646	188	0
647	210	0
648	182	0
649	175	0
650	177	0
651	192	0
652	211	0
653	231	0
654	228	0
655	180	0
656	198	0
657	223	0
658	173	0
659	208	0
660	192	0
661	194	0
662	195	0
663	231	0
664	180	0
665	196	0
666	213	0
667	168	0
668	184	0
669	191	0
670	188	0
671	184	0
672	206	0
673	212	0
674	207	0
675	189	0
676	200	0
677	188	0
678	196	0
679	191	0
680	178	0
681	206	0
682	219	0
683	188	0
684	214	0
685	177	0
686	204	0
687	194	0
688	207	0
689	207	0
690	206	0
691	201	0
692	196	0
693	184	0
694	212	0
695	191	0
696	184	0
697	212	0
698	187	0
699	184	0
700	193	0
701	187	0
702	203	0
703	186	0
704	209	0
705	209	0
706	175	0
707	199	0
708	200	0
709	200	0
710	216	0
711	216	0
712	186	0
713	178	0
714	171	0
715	211	0
716	207	0
717	214	0
718	210	0
719	206	0
720	227	0
721	191	0
722	191	0
723	206	0
724	202	0
725	198	0
726	181	0
727	195	0
728	193	0
729	200	0
730	186	0
731	204	0
732	180	0
733	193	0
734	194	0
735	178	0
736	213	0
737	197	0
738	201	0
739	196	0
740	198	0
741	217	0
742	215	0
743	191	0
744	213	0
745	193	0
746	208	0
747	217	0
748	186	0
749	193	0
750	196	0
751	216	0
752	213	0
753	188	0
754	204	0
755	168	0
756	208	0
757	185	0
758	216	0
759	199	0
760	223	0
761	212	0
762	206	0
763	188	0
764	204	0
765	208	0
766	179	0
767	189	0
768	169	0
769	186	0
770	195	0
771	198	0
772	193	0
773	190	0
774	188	0
775	199	0
776	190	0
777	206	0
778	183	0
779	191	0
780	190	0
781	222	0
782	194	0
783	200	0
784	221	0
785	171	0
786	179	0
787	218	0
788	200	0
789	196	0
790	194	0
791	209	0
792	219	0
793	183	0
794	186	0
795	223	0
796	207	0
797	216	0
798	174	0
799	183	0
800	199	0
801	194	0
802	207	0
803	188	0
804	184	0
805	201	0
806	205	0
807	193	0
808	216	0
809	182	0
810	184	0
811	182	0
812	193	0
813	203	0
814	200	0
815	209	0
816	202	0
817	216	0
818	182	0
819	200	0
820	192	0
821	174	0
822	190	0
823	173	0
824	185	0
825	220	0
826	214	0
827	188	0
828	163	0
829	197	0
830	200	0
831	179	0
832	194	0
833	191	0
834	185	0
835	169	0
836	186	0
837	186	0
838	222	0
839	204	0
840	204	0
841	182	0
842	217	0
843	208	0
844	191	0
845	177	0
846	181	0
847	195	0
848	210	0
849	209	0
850	186	0
851	193	0
852	203	0
853	210	0
854	199	0
855	196	0
856	189	0
857	222	0
858	193	0
859	183	0
860	191	0
861	186	0
862	192	0
863	207	0
864	195	0
865	194	0
866	199	0
867	210	0
868	218	0
869	194	0
870	204	0
871	215	0
872	178	0
873	223	0
874	180	0
875	205	0
876	218	0
877	191	0
878	201	0
879	192	0
880	188	0
881	187	0
882	221	0
883	204	0
884	182	0
885	217	0
886	182	0
887	205	0
888	186	0
889	183	0
890	201	0
891	195	0
892	169	0
893	193	0
894	182	0
895	208	0
896	171	0
897	199	0
898	213	0
899	208	0
900	188	0
901	201	0
902	199	0
903	206	0
904	198	0
905	170	0
906	210	0
907	182	0
908	202	0
909	191	0
910	206	0
911	186	0
912	203	0
913	224	0
914	198	0
915	205	0
916	197	0
917	209	0
918	177	0
919	201	0
920	165	0
921	191	0
922	221	0
923	197	0
924	192	0
925	191	0
926	192	0
927	189	0
928	199	0
929	207	0
930	212	0
931	168	0
932	202	0
933	202	0
934	196	0
935	190	0
936	197	0
937	182	0
938	186	0
939	188	0
940	200	0
941	214	0
942	187	0
943	200	0
944	204	0
945	195	0
946	175	0
947	199	0
948	200	0
949	210	0
950	227	0
951	198	0
952	185	0
953	190	0
954	210	0
955	206	0
956	195	0
957	199	0
958	241	0
959	211	0
960	160	0
961	172	0
962	231	0
963	192	0
964	187	0
965	207	0
966	205	0
967	185	0
968	218	0
969	182	0
970	210	0
971	195	0
972	202	0
973	207	0
974	200	0
975	193	0
976	205	0
977	202	0
978	174	0
979	213	0
980	212	0
981	221	0
982	207	0
983	208	0
984	229	0
985	211	0
986	221	0
987	171	0
988	189	0
989	180	0
990	224	0
991	207	0
992	235	0
993	213	0
994	211	0
995	183	0
996	204	0
997	183	0
998	177	0
999	169	0
1000	194	0
1001	204	0
1002	193	0
1003	186	0
1004	215	0
1005	210	0
1006	197	0
1007	180	0
1008	204	0
1009	201	0
1010	181	0
1011	220	0
1012	195	0
1013	209	0
1014	170	0
1015	208	0
1016	208	0
1017	206	0
1018	206	0
1019	202	0
1020	219	0
1021	195	0
1022	213	0
1023	193	0
1024	199	0
1025	195	0
1026	209	0
1027	190	0
1028	181	0
1029	172	0
1030	192	0
1031	185	0
1032	213	0
1033	191	0
1034	188	0
1035	188	0
1036	189	0
1037	204	0
1038	188	0
1039	202	0
1040	203	0
1041	199	0
1042	189	0
1043	198	0
1044	203	0
1045	181	0
1046	204	0
1047	203	0
1048	176	0
1049	172	0
1050	200	0
1051	176	0
1052	203	0
1053	214	0
1054	201	0
1055	171	0
1056	189	0
1057	185	0
1058	208	0
1059	200	0
1060	197	0
1061	193	0
1062	187	0
1063	183	0
1064	231	0
1065	200	0
1066	216	0
1067	184	0
1068	206	0
1069	193	0
1070	217	0
1071	206	0
1072	180	0
1073	208	0
1074	194	0
1075	181	0
1076	190	0
1077	225	0
1078	201	0
1079	214	0
1080	193	0
1081	182	0
1082	198	0
1083	209	0
1084	198	0
1085	168	0
1086	200	0
1087	206	0
1088	199	0
1089	190	0
1090	206	0
1091	192	0
1092	206	0
1093	210	0
1094	207	0
1095	227	0
1096	222	0
1097	207	0
1098	198	0
1099	172	0
1100	188	0
1101	211	0
1102	187	0
1103	203	0
1104	217	0
1105	197	0
1106	177	0
1107	182	0
1108	204	0
1109	215	0
1110	209	0
1111	190	0
1112	191	0
1113	203	0
1114	180	0
1115	226	0
1116	212	0
1117	222	0
1118	184	0
1119	205	0
1120	196	0
1121	194	0
1122	189	0
1123	181	0
1124	169	0
1125	195	0
1126	225	0
1127	185	0
1128	216	0
1129	226	0
1130	222	0
1131	202	0
1132	189	0
1133	202	0
1134	190	0
1135	192	0
1136	194	0
1137	207	0
1138	192	0
1139	196	0
1140	183	0
1141	209	0
1142	219	0
1143	190	0
1144	193	0
1145	240	0
1146	185	0
1147	229	0
1148	197	0
1149	204	0
1150	205	0
1151	208	0
1152	173	0
1153	184	0
1154	208	0
1155	198	0
1156	221	0
1157	214	0
1158	195	0
1159	194	0
1160	184	0
1161	199	0
1162	212	0
1163	189	0
1164	198	0
1165	186	0
1166	194	0
1167	180	0
1168	177	0
1169	205	0
1170	193	0
1171	201	0
1172	211	0
1173	198	0
1174	200	0
1175	192	0
1176	205	0
1177	217	0
1178	189	0
1179	211	0
1180	208	0
1181	191	0
1182	184	0
1183	181	0
1184	200	0
1185	191	0
1186	193	0
1187	199	0
1188	195	0
1189	196	0
1190	216	0
1191	210	0
1192	206	0
1193	201	0
1194	183	0
1195	184	0
1196	204	0
1197	186	0
1198	214	0
1199	189	0
1200	193	0
1201	204	0
1202	210	0
1203	185	0
1204	192	0
1205	200	0
1206	218	0
1207	183	0
1208	203	0
1209	195	0
1210	176	0
1211	194	0
1212	175	0
1213	186	0
1214	201	0
1215	202	0
1216	225	0
1217	217	0
1218	195	0
1219	192	0
1220	203	0
1221	194	0
1222	208	0
1223	197	0
1224	213	0
1225	201	0
1226	210	0
1227	193	0
1228	194	0
1229	222	0
1230	187	0
1231	184	0
1232	197	0
1233	168	0
1234	180	0
1235	206	0
1236	220	0
1237	188	0
1238	187	0
1239	202	0
1240	217	0
1241	183	0
1242	195	0
1243	204	0
1244	182	0
1245	185	0
1246	199	0
1247	195	0
1248	205	0
1249	189	0
1250	223	0
1251	170	0
1252	188	0
1253	184	0
1254	181	0
1255	174	0
1256	212	0
1257	191	0
1258	177	0
1259	226	0
1260	203	0
1261	187	0
1262	205	0
1263	205	0
1264	216	0
1265	193	0
1266	211	0
1267	216	0
1268	239	0
1269	203	0
1270	194	0
1271	199	0
1272	189	0
1273	196	0
1274	212	0
1275	187	0
1276	195	0
1277	193	0
1278	210	0
1279	210	0
1280	196	0
1281	191	0
1282	184	0
1283	193	0
1284	179	0
1285	200	0
1286	187	0
1287	192	0
1288	217	0
1289	221	0
1290	216	0
1291	204	0
1292	199	0
1293	200	0
1294	214	0
1295	182	0
1296	201	0
1297	200	0
1298	207	0
1299	184	0
1300	185	0
1301	198	0
1302	194	0
1303	164	0
1304	199	0
1305	207	0
1306	226	0
1307	192	0
1308	189	0
1309	192	0
1310	189	0
1311	184	0
1312	198	0
1313	187	0
1314	176	0
1315	210	0
1316	186	0
1317	185	0
1318	193	0
1319	209	0
1320	207	0
1321	189	0
1322	190	0
1323	187	0
1324	179	0
1325	190	0
1326	194	0
1327	192	0
1328	197	0
1329	201	0
1330	203	0
1331	187	0
1332	223	0
1333	210	0
1334	188	0
1335	191	0
1336	178	0
1337	192	0
1338	184	0
1339	187	0
1340	180	0
1341	182	0
1342	199	0
1343	184	0
1344	177	0
1345	198	0
1346	185	0
1347	190	0
1348	189	0
1349	197	0
1350	193	0
1351	201	0
1352	190	0
1353	217	0
1354	210	0
1355	201	0
1356	179	0
1357	211	0
1358	203	0
1359	191	0
1360	222	0
1361	167	0
1362	180	0
1363	233	0
1364	168	0
1365	214	0
1366	194	0
1367	217	0
1368	215	0
1369	184	0
1370	177	0
1371	186	0
1372	208	0
1373	201	0
1374	192	0
1375	186	0
1376	170	0
1377	185	0
1378	164	0
1379	201	0
1380	170	0
1381	201	0
1382	211	0
1383	174	0
1384	184	0
1385	191	0
1386	204	0
1387	181	0
1388	229	0
1389	176	0
1390	189	0
1391	170	0
1392	173	0
1393	192	0
1394	184	0
1395	212	0
1396	195	0
1397	193	0
1398	197	0
1399	208	0
1400	204	0
1401	198	0
1402	196	0
1403	207	0
1404	205	0
1405	211	0
1406	234	0
1407	196	0
1408	220	0
1409	194	0
1410	233	0
1411	205	0
1412	207	0
1413	224	0
1414	195	0
1415	185	0
1416	185	0
1417	154	0
1418	211	0
1419	197	0
1420	171	0
1421	181	0
1422	176	0
1423	196	0
1424	184	0
1425	201	0
1426	203	0
1427	215	0
1428	189	0
1429	195	0
1430	185	0
1431	199	0
1432	193	0
1433	201	0
1434	195	0
1435	180	0
1436	176	0
1437	176	0
1438	188	0
1439	196	0
1440	193	0
1441	215	0
1442	192	0
1443	185	0
1444	209	0
1445	170	0
1446	221	0
1447	207	0
1448	183	0
1449	202	0
1450	203	0
1451	227	0
1452	189	0
1453	191	0
1454	228	0
1455	220	0
1456	192	0
1457	210	0
1458	216	0
1459	211	0
1460	195	0
1461	214	0
1462	198	0
1463	186	0
1464	197	0
1465	181	0
1466	225	0
1467	198	0
1468	197	0
1469	228	0
1470	176	0
1471	209	0
1472	204	0
1473	212	0
1474	208	0
1475	210	0
1476	207	0
1477	188	0
1478	196	0
1479	196	0
1480	211	0
1481	202	0
1482	178	0
1483	190	0
1484	182	0
1485	213	0
1486	220	0
1487	223	0
1488	188	0
1489	212	0
1490	203	0
1491	208	0
1492	190	0
1493	197	0
1494	195	0
1495	176	0
1496	202	0
1497	233	0
1498	194	0
1499	203	0
1500	215	0
1501	212	0
1502	199	0
1503	181	0
1504	175	0
1505	228	0
1506	177	0
1507	218	0
1508	209	0
1509	200	0
1510	209	0
1511	200	0
1512	166	0
1513	181	0
1514	195	0
1515	214	0
1516	210	0
1517	202	0
1518	166	0
1519	177	0
1520	206	0
1521	187	0
1522	199	0
1523	188	0
1524	195	0
1525	185	0
1526	202	0
1527	199	0
1528	161	0
1529	213	0
1530	199	0
1531	191	0
1532	186	0
1533	195	0
1534	189	0
1535	186	0
1536	220	0
1537	200	0
1538	218	0
1539	191	0
1540	218	0
1541	211	0
1542	212	0
1543	176	0
1544	172	0
1545	200	0
1546	171	0
1547	196	0
1548	217	0
1549	196	0
1550	203	0
1551	180	0
1552	189	0
1553	221	0
1554	201	0
1555	179	0
1556	184	0
1557	176	0
1558	212	0
1559	164	0
1560	181	0
1561	198	0
1562	185	0
1563	213	0
1564	224	0
1565	216	0
1566	217	0
1567	199	0
1568	197	0
1569	231	0
1570	188	0
1571	205	0
1572	214	0
1573	196	0
1574	203	0
1575	194	0
1576	221	0
1577	212	0
1578	203	0
1579	190	0
1580	189	0
1581	196	0
1582	182	0
1583	200	0
1584	182	0
1585	185	0
1586	199	0
1587	236	0
1588	185	0
1589	186	0
1590	187	0
1591	189	0
1592	197	0
1593	174	0
1594	183	0
1595	214	0
1596	197	0
1597	207	0
1598	198	0
1599	232	0
1600	193	0
1601	200	0
1602	171	0
1603	183	0
1604	207	0
1605	207	0
1606	179	0
1607	216	0
1608	208	0
1609	189	0
1610	201	0
1611	203	0
1612	196	0
1613	196	0
1614	197	0
1615	202	0
1616	206	0
1617	195	0
1618	184	0
1619	204	0
1620	211	0
1621	198	0
1622	194	0
1623	198	0
1624	177	0
1625	219	0
1626	218	0
1627	187	0
1628	191	0
1629	178	0
1630	185	0
1631	194	0
1632	209	0
1633	180	0
1634	208	0
1635	192	0
1636	187	0
1637	229	0
1638	217	0
1639	191	0
1640	192	0
1641	197	0
1642	162	0
1643	208	0
1644	200	0
1645	214	0
1646	192	0
1647	177	0
1648	207	0
1649	188	0
1650	193	0
1651	226	0
1652	178	0
1653	187	0
1654	178	0
1655	195	0
1656	180	0
1657	207	0
1658	186	0
1659	197	0
1660	213	0
1661	216	0
1662	194	0
1663	220	0
1664	201	0
1665	199	0
1666	194	0
1667	209	0
1668	195	0
1669	209	0
1670	222	0
1671	205	0
1672	201	0
1673	206	0
1674	206	0
1675	191	0
1676	198	0
1677	199	0
1678	197	0
1679	229	0
1680	201	0
1681	187	0
1682	211	0
1683	219	0
1684	228	0
1685	198	0
1686	189	0
1687	181	0
1688	205	0
1689	213	0
1690	196	0
1691	217	0
1692	205	0
1693	207	0
1694	198	0
1695	204	0
1696	214	0
1697	194	0
1698	188	0
1699	188	0
1700	218	0
1701	189	0
1702	190	0
1703	194	0
1704	198	0
1705	196	0
1706	201	0
1707	206	0
1708	169	0
1709	185	0
1710	203	0
1711	187	0
1712	173	0
1713	196	0
1714	221	0
1715	205	0
1716	204	0
1717	197	0
1718	178	0
1719	207	0
1720	208	0
1721	176	0
1722	228	0
1723	198	0
1724	201	0
1725	200	0
1726	198	0
1727	212	0
1728	183	0
1729	206	0
1730	191	0
1731	204	0
1732	197	0
1733	193	0
1734	178	0
1735	174	0
1736	187	0
1737	197	0
1738	194	0
1739	193	0
1740	203	0
1741	205	0
1742	177	0
1743	201	0
1744	194	0
1745	196	0
1746	194	0
1747	192	0
1748	204	0
1749	206	0
1750	199	0
1751	196	0
1752	195	0
1753	172	0
1754	181	0
1755	196	0
1756	204	0
1757	176	0
1758	219	0
1759	191	0
1760	200	0
1761	193	0
1762	203	0
1763	196	0
1764	173	0
1765	200	0
1766	220	0
1767	196	0
1768	167	0
1769	224	0
1770	176	0
1771	201	0
1772	206	0
1773	169	0
1774	197	0
1775	216	0
1776	177	0
1777	207	0
1778	185	0
1779	226	0
1780	179	0
1781	194	0
1782	211	0
1783	215	0
1784	190	0
1785	215	0
1786	207	0
1787	185	0
1788	230	0
1789	219	0
1790	180	0
1791	202	0
1792	172	0
1793	168	0
1794	191	0
1795	208	0
1796	191	0
1797	193	0
1798	183	0
1799	202	0
1800	187	0
1801	209	0
1802	197	0
1803	198	0
1804	208	0
1805	206	0
1806	208	0
1807	200	0
1808	184	0
1809	206	0
1810	210	0
1811	207	0
1812	203	0
1813	199	0
1814	204	0
1815	197	0
1816	186	0
1817	192	0
1818	186	0
1819	196	0
1820	206	0
1821	182	0
1822	199	0
1823	203	0
1824	204	0
1825	211	0
1826	200	0
1827	200	0
1828	226	0
1829	178	0
1830	195	0
1831	192	0
1832	199	0
1833	196	0
1834	201	0
1835	183	0
1836	220	0
1837	206	0
1838	159	0
1839	198	0
1840	213	0
1841	167	0
1842	212	0
1843	212	0
1844	187	0
1845	206	0
1846	192	0
1847	201	0
1848	200	0
1849	214	0
1850	215	0
1851	206	0
1852	215	0
1853	205	0
1854	193	0
1855	186	0
1856	195	0
1857	216	0
1858	194	0
1859	190	0
1860	188	0
1861	211	0
1862	186	0
1863	195	0
1864	200	0
1865	208	0
1866	213	0
1867	216	0
1868	210	0
1869	191	0
1870	163	0
1871	204	0
1872	225	0
1873	206	0
1874	179	0
1875	181	0
1876	196	0
1877	212	0
1878	168	0
1879	197	0
1880	233	0
1881	208	0
1882	179	0
1883	178	0
1884	206	0
1885	185	0
1886	189	0
1887	208	0
1888	188	0
1889	237	0
1890	183	0
1891	229	0
1892	223	0
1893	187	0
1894	222	0
1895	194	0
1896	191	0
1897	180	0
1898	192	0
1899	215	0
1900	195	0
1901	193	0
1902	186	0
1903	203	0
1904	191	0
1905	224	0
1906	204	0
1907	237	0
1908	204	0
1909	217	0
1910	184	0
1911	199	0
1912	196	0
1913	182	0
1914	196	0
1915	219	0
1916	202	0
1917	182	0
1918	186	0
1919	192	0
1920	189	0
1921	179	0
1922	181	0
1923	196	0
1924	213	0
1925	200	0
1926	199	0
1927	184	0
1928	215	0
1929	186	0
1930	201	0
1931	193	0
1932	198	0
1933	194	0
1934	183	0
1935	188	0
1936	187	0
1937	170	0
1938	200	0
1939	214	0
1940	219	0
1941	197	0
1942	167	0
1943	221	0
1944	218	0
1945	230	0
1946	174	0
1947	212	0
1948	212	0
1949	185	0
1950	190	0
1951	189	0
1952	212	0
1953	216	0
1954	210	0
1955	180	0
1956	205	0
1957	190	0
1958	209	0
1959	199	0
1960	204	0
1961	181	0
1962	213	0
1963	184	0
1964	222	0
1965	209	0
1966	179	0
1967	216	0
1968	201	0
1969	191	0
1970	187	0
1971	200	0
1972	196	0
1973	188	0
1974	197	0
1975	211	0
1976	192	0
1977	193	0
1978	201	0
1979	182	0
1980	178	0
1981	206	0
1982	181	0
1983	182	0
1984	200	0
1985	199	0
1986	216	0
1987	205	0
1988	213	0
1989	212	0
1990	165	0
1991	202	0
1992	169	0
1993	222	0
1994	186	0
1995	231	0
1996	211	0
1997	216	0
1998	204	0
1999	196	0
2000	206	0
2001	213	0
2002	189	0
2003	183	0
2004	189	0
2005	184	0
2006	201	0
2007	190	0
2008	199	0
2009	181	0
2010	190	0
2011	178	0
2012	210	0
2013	170	0
2014	207	0
2015	203	0
2016	223	0
2017	205	0
2018	187	0
2019	184	0
2020	218	0
2021	181	0
2022	208	0
2023	200	0
2024	220	0
2025	203	0
2026	178	0
2027	193	0
2028	199	0
2029	182	0
2030	189	0
2031	217	0
2032	195	0
2033	180	0
2034	192	0
2035	181	0
2036	202	0
2037	196	0
2038	199	0
2039	195	0
2040	193	0
2041	196	0
2042	199	0
2043	192	0
2044	187	0
2045	202	0
2046	193	0
2047	181	0
2048	202	0
2049	220	0
2050	180	0
2051	186	0
2052	200	0
2053	204	0
2054	203	0
2055	178	0
2056	210	0
2057	208	0
2058	198	0
2059	182	0
2060	183	0
2061	222	0
2062	179	0
2063	198	0
2064	209	0
2065	194	0
2066	200	0
2067	200	0
2068	204	0
2069	192	0
2070	177	0
2071	188	0
2072	215	0
2073	186	0
2074	188	0
2075	199	0
2076	182	0
2077	213	0
2078	173	0
2079	204	0
2080	194	0
2081	182	0
2082	224	0
2083	197	0
2084	183	0
2085	204	0
2086	183	0
2087	211	0
2088	203	0
2089	183	0
2090	204	0
2091	202	0
2092	189	0
2093	212	0
2094	182	0
2095	179	0
2096	199	0
2097	197	0
2098	202	0
2099	173	0
2100	181	0
2101	211	0
2102	214	0
2103	207	0
2104	202	0
2105	190	0
2106	194	0
2107	199	0
2108	194	0
2109	197	0
2110	163	0
2111	193	0
2112	206	0
2113	181	0
2114	208	0
2115	217	0
2116	202	0
2117	188	0
2118	194	0
2119	199	0
2120	191	0
2121	195	0
2122	199	0
2123	207	0
2124	183	0
2125	212	0
2126	155	0
2127	178	0
2128	211	0
2129	190	0
2130	196	0
2131	179	0
2132	215	0
2133	177	0
2134	183	0
2135	178	0
2136	199	0
2137	221	0
2138	169	0
2139	229	0
2140	208	0
2141	214	0
2142	206	0
2143	178	0
2144	189	0
2145	169	0
2146	173	0
2147	191	0
2148	196	0
2149	201	0
2150	178	0
2151	203	0
2152	226	0
2153	203	0
2154	218	0
2155	233	0
2156	196	0
2157	203	0
2158	164	0
2159	192	0
2160	194	0
2161	219	0
2162	211	0
2163	223	0
2164	180	0
2165	190	0
2166	187	0
2167	199	0
2168	198	0
2169	213	0
2170	228	0
2171	215	0
2172	174	0
2173	197	0
2174	194	0
2175	188	0
2176	185	0
2177	216	0
2178	193	0
2179	207	0
2180	210	0
2181	201	0
2182	203	0
2183	212	0
2184	202	0
2185	205	0
2186	187	0
2187	181	0
2188	204	0
2189	210	0
2190	194	0
2191	197	0
2192	192	0
2193	190	0
2194	189	0
2195	185	0
2196	215	0
2197	179	0
2198	219	0
2199	193	0
2200	205	0
2201	208	0
2202	182	0
2203	178	0
2204	199	0
2205	195	0
2206	203	0
2207	190	0
2208	190	0
2209	180	0
2210	178	0
2211	191	0
2212	169	0
2213	229	0
2214	201	0
2215	211	0
2216	180	0
2217	188	0
2218	185	0
2219	201	0
2220	205	0
2221	203	0
2222	205	0
2223	173	0
2224	191	0
2225	204	0
2226	218	0
2227	197	0
2228	209	0
2229	178	0
2230	176	0
2231	204	0
2232	204	0
2233	214	0
2234	188	0
2235	191	0
2236	202	0
2237	225	0
2238	194	0
2239	207	0
2240	212	0
2241	200	0
2242	197	0
2243	161	0
2244	211	0
2245	192	0
2246	177	0
2247	195	0
2248	218	0
2249	201	0
2250	192	0
2251	178	0
2252	204	0
2253	187	0
2254	231	0
2255	203	0
2256	196	0
2257	241	0
2258	206	0
2259	193	0
2260	206	0
2261	216	0
2262	229	0
2263	179	0
2264	193	0
2265	188	0
2266	179	0
2267	182	0
2268	174	0
2269	192	0
2270	192	0
2271	194	0
2272	220	0
2273	203	0
2274	204	0
2275	208	0
2276	210	0
2277	192	0
2278	184	0
2279	206	0
2280	197	0
2281	168	0
2282	199	0
2283	211	0
2284	223	0
2285	221	0
2286	184	0
2287	177	0
2288	199	0
2289	199	0
2290	202	0
2291	212	0
2292	196	0
2293	206	0
2294	188	0
2295	202	0
2296	188	0
2297	222	0
2298	201	0
2299	205	0
2300	177	0
2301	214	0
2302	208	0
2303	206	0
2304	173	0
2305	198	0
2306	197	0
2307	205	0
2308	207	0
2309	187	0
2310	225	0
2311	180	0
2312	227	0
2313	198	0
2314	202	0
2315	197	0
2316	209	0
2317	211	0
2318	196	0
2319	188	0
2320	184	0
2321	175	0
2322	193	0
2323	194	0
2324	197	0
2325	203	0
2326	204	0
2327	201	0
2328	194	0
2329	205	0
2330	189	0
2331	209	0
2332	190	0
2333	184	0
2334	182	0
2335	167	0
2336	202	0
2337	173	0
2338	192	0
2339	194	0
2340	210	0
2341	196	0
2342	211	0
2343	206	0
2344	202	0
2345	208	0
2346	204	0
2347	181	0
2348	199	0
2349	208	0
2350	215	0
2351	199	0
2352	210	0
2353	177	0
2354	204	0
2355	172	0
2356	184	0
2357	202	0
2358	220	0
2359	196	0
2360	190	0
2361	208	0
2362	204	0
2363	224	0
2364	179	0
2365	209	0
2366	190	0
2367	212	0
2368	205	0
2369	186	0
2370	224	0
2371	201	0
2372	183	0
2373	226	0
2374	192	0
2375	180	0
2376	169	0
2377	173	0
2378	185	0
2379	194	0
2380	207	0
2381	211	0
2382	178	0
2383	194	0
2384	218	0
2385	198	0
2386	193	0
2387	171	0
2388	209	0
2389	197	0
2390	198	0
2391	195	0
2392	231	0
2393	186	0
2394	204	0
2395	228	0
2396	205	0
2397	192	0
2398	189	0
2399	188	0
2400	191	0
2401	216	0
2402	194	0
2403	201	0
2404	194	0
2405	195	0
2406	205	0
2407	207	0
2408	196	0
2409	215	0
2410	187	0
2411	197	0
2412	184	0
2413	189	0
2414	166	0
2415	188	0
2416	187	0
2417	184	0
2418	186	0
2419	186	0
2420	215	0
2421	231	0
2422	199	0
2423	196	0
2424	178	0
2425	199	0
2426	181	0
2427	210	0
2428	211	0
2429	192	0
2430	193	0
2431	197	0
2432	213	0
2433	191	0
2434	202	0
2435	198	0
2436	191	0
2437	233	0
2438	217	0
2439	211	0
2440	205	0
2441	200	0
2442	204	0
2443	202	0
2444	198	0
2445	167	0
2446	181	0
2447	162	0
2448	210	0
2449	203	0
2450	181	0
2451	199	0
2452	191	0
2453	189	0
2454	172	0
2455	177	0
2456	185	0
2457	198	0
2458	213	0
2459	198	0
2460	195	0
2461	195	0
2462	162	0
2463	163	0
2464	185	0
2465	182	0
2466	218	0
2467	216	0
2468	213	0
2469	216	0
2470	188	0
2471	186	0
2472	179	0
2473	190	0
2474	175	0
2475	182	0
2476	234	0
2477	191	0
2478	195	0
2479	193	0
2480	170	0
2481	178	0
2482	218	0
2483	204	0
2484	207	0
2485	201	0
2486	194	0
2487	193	0
2488	214	0
2489	196	0
2490	187	0
2491	204	0
2492	202	0
2493	192	0
2494	172	0
2495	183	0
2496	178	0
2497	189	0
2498	206	0
2499	197	0
2500	165	0
2501	187	0
2502	180	0
2503	204	0
2504	199	0
2505	217	0
2506	206	0
2507	187	0
2508	199	0
2509	183	0
2510	202	0
2511	197	0
2512	196	0
2513	188	0
2514	179	0
2515	208	0
2516	222	0
2517	184	0
2518	189	0
2519	174	0
2520	189	0
2521	197	0
2522	193	0
2523	203	0
2524	218	0
2525	193	0
2526	164	0
2527	195	0
2528	225	0
2529	199	0
2530	207	0
2531	201	0
2532	185	0
2533	193	0
2534	206	0
2535	213	0
2536	194	0
2537	208	0
2538	184	0
2539	195	0
2540	204	0
2541	194	0
2542	214	0
2543	183	0
2544	212	0
2545	207	0
2546	208	0
2547	224	0
2548	203	0
2549	182	0
2550	212	0
2551	188	0
2552	223	0
2553	200	0
2554	205	0
2555	210	0
2556	192	0
2557	200	0
2558	203	0
2559	205	0
2560	186	0
2561	175	0
2562	178	0
2563	194	0
2564	175	0
2565	188	0
2566	192	0
2567	190	0
2568	190	0
2569	173	0
2570	231	0
2571	213	0
2572	214	0
2573	189	0
2574	196	0
2575	207	0
2576	191	0
2577	194	0
2578	172	0
2579	182	0
2580	194	0
2581	176	0
2582	179	0
2583	201	0
2584	203	0
2585	180	0
2586	200	0
2587	207	0
2588	188	0
2589	199	0
2590	187	0
2591	201	0
2592	207	0
2593	185	0
2594	203	0
2595	186	0
2596	195	0
2597	166	0
2598	197	0
2599	158	0
2600	199	0
2601	184	0
2602	219	0
2603	199	0
2604	200	0
2605	200	0
2606	199	0
2607	206	0
2608	198	0
2609	188	0
2610	223	0
2611	186	0
2612	191	0
2613	193	0
2614	205	0
2615	203	0
2616	191	0
2617	174	0
2618	196	0
2619	206	0
2620	213	0
2621	175	0
2622	162	0
2623	211	0
2624	192	0
2625	218	0
2626	209	0
2627	207	0
2628	193	0
2629	192	0
2630	185	0
2631	184	0
2632	186	0
2633	214	0
2634	189	0
2635	208	0
2636	175	0
2637	198	0
2638	195	0
2639	177	0
2640	210	0
2641	197	0
2642	193	0
2643	215	0
2644	206	0
2645	200	0
2646	191	0
2647	204	0
2648	203	0
2649	196	0
2650	216	0
2651	197	0
2652	189	0
2653	235	0
2654	200	0
2655	181	0
2656	202	0
2657	199	0
2658	172	0
2659	195	0
2660	195	0
2661	210	0
2662	202	0
2663	204	0
2664	208	0
2665	191	0
2666	192	0
2667	199	0
2668	198	0
2669	173	0
2670	212	0
2671	206	0
2672	199	0
2673	203	0
2674	189	0
2675	192	0
2676	220	0
2677	208	0
2678	175	0
2679	168	0
2680	182	0
2681	230	0
2682	213	0
2683	196	0
2684	182	0
2685	190	0
2686	223	0
2687	206	0
2688	189	0
2689	197	0
2690	184	0
2691	183	0
2692	189	0
2693	183	0
2694	189	0
2695	189	0
2696	194	0
2697	190	0
2698	215	0
2699	204	0
2700	189	0
2701	193	0
2702	192	0
2703	206	0
2704	180	0
2705	193	0
2706	165	0
2707	190	0
2708	207	0
2709	189	0
2710	176	0
2711	173	0
2712	165	0
2713	209	0
2714	188	0
2715	205	0
2716	195	0
2717	186	0
2718	188	0
2719	189	0
2720	201	0
2721	189	0
2722	179	0
2723	189	0
2724	190	0
2725	192	0
2726	200	0
2727	205	0
2728	209	0
2729	191	0
2730	199	0
2731	185	0
2732	180	0
2733	216	0
2734	176	0
2735	199	0
2736	195	0
2737	210	0
2738	194	0
2739	184	0
2740	223	0
2741	182	0
2742	198	0
2743	205	0
2744	207	0
2745	186	0
2746	204	0
2747	208	0
2748	185	0
2749	197	0
2750	185	0
2751	233	0
2752	193	0
2753	198	0
2754	193	0
2755	191	0
2756	222	0
2757	199	0
2758	212	0
2759	189	0
2760	216	0
2761	214	0
2762	184	0
2763	207	0
2764	191	0
2765	219	0
2766	188	0
2767	227	0
2768	181	0
2769	187	0
2770	201	0
2771	186	0
2772	191	0
2773	180	0
2774	179	0
2775	178	0
2776	186	0
2777	197	0
2778	234	0
2779	206	0
2780	199	0
2781	190	0
2782	193	0
2783	190	0
2784	199	0
2785	183	0
2786	190	0
2787	188	0
2788	179	0
2789	193	0
2790	205	0
2791	208	0
2792	199	0
2793	203	0
2794	194	0
2795	194	0
2796	218	0
2797	209	0
2798	218	0
2799	210	0
2800	227	0
2801	206	0
2802	202	0
2803	188	0
2804	173	0
2805	219	0
2806	176	0
2807	198	0
2808	216	0
2809	202	0
2810	202	0
2811	233	0
2812	181	0
2813	189	0
2814	205	0
2815	204	0
2816	202	0
2817	217	0
2818	204	0
2819	184	0
2820	209	0
2821	186	0
2822	177	0
2823	175	0
2824	193	0
2825	184	0
2826	186	0
2827	203	0
2828	181	0
2829	197	0
2830	217	0
2831	215	0
2832	198	0
2833	194	0
2834	189	0
2835	174	0
2836	210	0
2837	184	0
2838	192	0
2839	181	0
2840	204	0
2841	191	0
2842	215	0
2843	197	0
2844	188	0
2845	181	0
2846	182	0
2847	180	0
2848	199	0
2849	201	0
2850	188	0
2851	188	0
2852	200	0
2853	191	0
2854	221	0
2855	189	0
2856	219	0
2857	194	0
2858	186	0
2859	209	0
2860	204	0
2861	213	0
2862	215	0
2863	205	0
2864	211	0
2865	221	0
2866	198	0
2867	210	0
2868	197	0
2869	200	0
2870	221	0
2871	199	0
2872	203	0
2873	203	0
2874	170	0
2875	184	0
2876	205	0
2877	194	0
2878	217	0
2879	196	0
2880	212	0
2881	174	0
2882	203	0
2883	190	0
2884	177	0
2885	193	0
2886	191	0
2887	214	0
2888	202	0
2889	203	0
2890	196	0
2891	204	0
2892	202	0
2893	187	0
2894	179	0
2895	188	0
2896	197	0
2897	200	0
2898	184	0
2899	182	0
2900	203	0
2901	208	0
2902	216	0
2903	215	0
2904	212	0
2905	220	0
2906	164	0
2907	205	0
2908	174	0
2909	181	0
2910	168	0
2911	176	0
2912	200	0
2913	213	0
2914	199	0
2915	232	0
2916	213	0
2917	197	0
2918	218	0
2919	184	0
2920	206	0
2921	204	0
2922	191	0
2923	190	0
2924	195	0
2925	206	0
2926	222	0
2927	202	0
2928	215	0
2929	195	0
2930	180	0
2931	192	0
2932	220	0
2933	178	0
2934	203	0
2935	173	0
2936	224	0
2937	194	0
2938	210	0
2939	195	0
2940	192	0
2941	195	0
2942	190	0
2943	197	0
2944	206	0
2945	192	0
2946	178	0
2947	197	0
2948	200	0
2949	210	0
2950	203	0
2951	184	0
2952	187	0
2953	218	0
2954	215	0
2955	186	0
2956	179	0
2957	173	0
2958	188	0
2959	231	0
2960	174	0
2961	198	0
2962	223	0
2963	185	0
2964	203	0
2965	186	0
2966	205	0
2967	217	0
2968	179	0
2969	203	0
2970	214	0
2971	199	0
2972	194	0
2973	215	0
2974	202	0
2975	227	0
2976	210	0
2977	174	0
2978	210	0
2979	225	0
2980	187	0
2981	174	0
2982	181	0
2983	182	0
2984	168	0
2985	166	0
2986	189	0
2987	187	0
2988	199	0
2989	191	0
2990	212	0
2991	175	0
2992	193	0
2993	206	0
2994	201	0
2995	177	0
2996	173	0
2997	200	0
2998	225	0
2999	186	0
3000	194	0
