1	209	0
2	209	0
3	180	0
4	168	0
5	191	0
6	203	0
7	207	0
8	208	0
9	177	0
10	191	0
11	188	0
12	186	0
13	168	0
14	169	0
15	203	0
16	192	0
17	203	0
18	206	0
19	178	0
20	215	0
21	192	0
22	188	0
23	201	0
24	193	0
25	184	0
26	193	0
27	173	0
28	211	0
29	197	0
30	201	0
31	179	0
32	183	0
33	198	0
34	192	0
35	178	0
36	224	0
37	195	0
38	198	0
39	191	0
40	194	0
41	221	0
42	199	0
43	183	0
44	201	0
45	191	0
46	184	0
47	174	0
48	197	0
49	175	0
50	193	0
51	173	0
52	162	0
53	193	0
54	196	0
55	222	0
56	203	0
57	200	0
58	197	0
59	179	0
60	178	0
61	225	0
62	202	0
63	200	0
64	194	0
65	202	0
66	174	0
67	183	0
68	214	0
69	192	0
70	198	0
71	190	0
72	192	0
73	181	0
74	175	0
75	187	0
76	206	0
77	195	0
78	198	0
79	193	0
80	195	0
81	191	0
82	229	0
83	205	0
84	209	0
85	203	0
86	203	0
87	186	0
88	199	0
89	188	0
90	207	0
91	213	0
92	195	0
93	179	0
94	195	0
95	198	0
96	186	0
97	211	0
98	217	0
99	180	0
100	208	0
101	190	0
102	183	0
103	203	0
104	212	0
105	216	0
106	198	0
107	201	0
108	192	0
109	207	0
110	207	0
111	211	0
112	201	0
113	207	0
114	213	0
115	186	0
116	179	0
117	193	0
118	204	0
119	179	0
120	191	0
121	205	0
122	193	0
123	203	0
124	227	0
125	203	0
126	187	0
127	182	0
128	175	0
129	198	0
130	173	0
131	185	0
132	212	0
133	219	0
134	195	0
135	204	0
136	192	0
137	212	0
138	191	0
139	199	0
140	189	0
141	199	0
142	204	0
143	196	0
144	224	0
145	188	0
146	182	0
147	199	0
148	192	0
149	242	0
150	174	0
151	207	0
152	205	0
153	194	0
154	206	0
155	186	0
156	176	0
157	212	0
158	174	0
159	202	0
160	186	0
161	188	0
162	213	0
163	171	0
164	195	0
165	198	0
166	198	0
167	198	0
168	198	0
169	188	0
170	160	0
171	227	0
172	209	0
173	195	0
174	224	0
175	194	0
176	186	0
177	195	0
178	178	0
179	193	0
180	200	0
181	191	0
182	201	0
183	194	0
184	188	0
185	206	0
186	208	0
187	181	0
188	186	0
189	191	0
190	198	0
191	185	0
192	182	0
193	198	0
194	220	0
195	199	0
196	205	0
197	229	0
198	209	0
199	194	0
200	191	0
201	206	0
202	184	0
203	178	0
204	200	0
205	192	0
206	197	0
207	210	0
208	186	0
209	175	0
210	213	0
211	175	0
212	211	0
213	202	0
214	213	0
215	187	0
216	176	0
217	181	0
218	212	0
219	178	0
220	214	0
221	200	0
222	192	0
223	172	0
224	173	0
225	209	0
226	193	0
227	183	0
228	186	0
229	206	0
230	190	0
231	203	0
232	205	0
233	201	0
234	199	0
235	193	0
236	185	0
237	170	0
238	190	0
239	167	0
240	211	0
241	195	0
242	183	0
243	208	0
244	196	0
245	200	0
246	201	0
247	205	0
248	189	0
249	181	0
250	185	0
251	209	0
252	210	0
253	198	0
254	197	0
255	209	0
256	185	0
257	211	0
258	215	0
259	212	0
260	194	0
261	192	0
262	196	0
263	205	0
264	208	0
265	192	0
266	189	0
267	192	0
268	201	0
269	208	0
270	209	0
271	184	0
272	194	0
273	188	0
274	207	0
275	206	0
276	191	0
277	188	0
278	192	0
279	180	0
280	217	0
281	190	0
282	190	0
283	201	0
284	185	0
285	193	0
286	192	0
287	219	0
288	169	0
289	204	0
290	207	0
291	183	0
292	195	0
293	189	0
294	170	0
295	191	0
296	202	0
297	206	0
298	192	0
299	212	0
300	215	0
301	174	0
302	204	0
303	236	0
304	174	0
305	205	0
306	179	0
307	209	0
308	198	0
309	202	0
310	195	0
311	188	0
312	209	0
313	190	0
314	203	0
315	183	0
316	188	0
317	189	0
318	158	0
319	191	0
320	194	0
321	205	0
322	190	0
323	186	0
324	202	0
325	194	0
326	209	0
327	204	0
328	176	0
329	223	0
330	182	0
331	207	0
332	189	0
333	205	0
334	207	0
335	200	0
336	195	0
337	188	0
338	199	0
339	180	0
340	225	0
341	175	0
342	203	0
343	206	0
344	202	0
345	214	0
346	217	0
347	180	0
348	200	0
349	193	0
350	205	0
351	169	0
352	196	0
353	190	0
354	215	0
355	211	0
356	199	0
357	187	0
358	218	0
359	200	0
360	197	0
361	180	0
362	179	0
363	211	0
364	191	0
365	193	0
366	196	0
367	179	0
368	179	0
369	182	0
370	207	0
371	194	0
372	206	0
373	185	0
374	200	0
375	191	0
376	202	0
377	196	0
378	209	0
379	203	0
380	190	0
381	187	0
382	230	0
383	190	0
384	193	0
385	186	0
386	179	0
387	206	0
388	196	0
389	189	0
390	184	0
391	200	0
392	183	0
393	198	0
394	191	0
395	204	0
396	182	0
397	237	0
398	217	0
399	193	0
400	189	0
401	176	0
402	208	0
403	216	0
404	195	0
405	200	0
406	202	0
407	213	0
408	191	0
409	177	0
410	204	0
411	193	0
412	198	0
413	169	0
414	179	0
415	181	0
416	202	0
417	193	0
418	207	0
419	188	0
420	208	0
421	198	0
422	202	0
423	203	0
424	182	0
425	200	0
426	199	0
427	195	0
428	203	0
429	215	0
430	193	0
431	189	0
432	207	0
433	202	0
434	204	0
435	179	0
436	210	0
437	221	0
438	207	0
439	192	0
440	192	0
441	193	0
442	186	0
443	203	0
444	210	0
445	187	0
446	191	0
447	174	0
448	201	0
449	181	0
450	204	0
451	175	0
452	187	0
453	193	0
454	187	0
455	189	0
456	236	0
457	174	0
458	195	0
459	205	0
460	191	0
461	222	0
462	186	0
463	196	0
464	225	0
465	199	0
466	171	0
467	202	0
468	182	0
469	195	0
470	186	0
471	210	0
472	179	0
473	190	0
474	198	0
475	182	0
476	196	0
477	185	0
478	195	0
479	209	0
480	204	0
481	200	0
482	207	0
483	179	0
484	210	0
485	210	0
486	196	0
487	183	0
488	219	0
489	199	0
490	186	0
491	183	0
492	203	0
493	183	0
494	182	0
495	218	0
496	213	0
497	205	0
498	190	0
499	195	0
500	198	0
501	177	0
502	183	0
503	204	0
504	206	0
505	185	0
506	208	0
507	184	0
508	207	0
509	203	0
510	182	0
511	184	0
512	186	0
513	191	0
514	205	0
515	176	0
516	204	0
517	187	0
518	213	0
519	170	0
520	205	0
521	202	0
522	171	0
523	183	0
524	181	0
525	202	0
526	188	0
527	205	0
528	201	0
529	211	0
530	192	0
531	218	0
532	197	0
533	202	0
534	205	0
535	208	0
536	214	0
537	199	0
538	192	0
539	210	0
540	194	0
541	197	0
542	170	0
543	208	0
544	199	0
545	202	0
546	225	0
547	188	0
548	184	0
549	227	0
550	182	0
551	185	0
552	177	0
553	200	0
554	189	0
555	193	0
556	196	0
557	203	0
558	191	0
559	205	0
560	188	0
561	198	0
562	272	0
563	203	0
564	206	0
565	187	0
566	200	0
567	216	0
568	204	0
569	186	0
570	192	0
571	205	0
572	203	0
573	200	0
574	174	0
575	196	0
576	215	0
577	208	0
578	167	0
579	201	0
580	199	0
581	208	0
582	215	0
583	188	0
584	217	0
585	172	0
586	217	0
587	195	0
588	182	0
589	177	0
590	207	0
591	210	0
592	184	0
593	194	0
594	209	0
595	180	0
596	184	0
597	171	0
598	192	0
599	171	0
600	183	0
601	192	0
602	216	0
603	182	0
604	183	0
605	213	0
606	196	0
607	200	0
608	194	0
609	196	0
610	202	0
611	198	0
612	177	0
613	200	0
614	172	0
615	215	0
616	199	0
617	193	0
618	182	0
619	210	0
620	175	0
621	195	0
622	188	0
623	198	0
624	169	0
625	186	0
626	180	0
627	168	0
628	203	0
629	200	0
630	176	0
631	185	0
632	172	0
633	182	0
634	182	0
635	187	0
636	205	0
637	212	0
638	195	0
639	197	0
640	188	0
641	205	0
642	195	0
643	173	0
644	184	0
645	205	0
646	197	0
647	171	0
648	182	0
649	182	0
650	204	0
651	219	0
652	189	0
653	180	0
654	203	0
655	206	0
656	205	0
657	217	0
658	193	0
659	195	0
660	194	0
661	203	0
662	180	0
663	199	0
664	187	0
665	193	0
666	182	0
667	225	0
668	199	0
669	200	0
670	201	0
671	213	0
672	204	0
673	209	0
674	191	0
675	176	0
676	199	0
677	196	0
678	207	0
679	214	0
680	211	0
681	185	0
682	197	0
683	209	0
684	213	0
685	203	0
686	169	0
687	183	0
688	205	0
689	196	0
690	205	0
691	184	0
692	194	0
693	193	0
694	197	0
695	170	0
696	176	0
697	202	0
698	218	0
699	174	0
700	184	0
701	228	0
702	217	0
703	219	0
704	186	0
705	177	0
706	209	0
707	194	0
708	181	0
709	188	0
710	192	0
711	197	0
712	194	0
713	202	0
714	180	0
715	208	0
716	204	0
717	208	0
718	187	0
719	214	0
720	196	0
721	182	0
722	206	0
723	203	0
724	209	0
725	204	0
726	196	0
727	177	0
728	209	0
729	184	0
730	166	0
731	197	0
732	190	0
733	198	0
734	222	0
735	180	0
736	170	0
737	176	0
738	207	0
739	186	0
740	213	0
741	175	0
742	178	0
743	203	0
744	192	0
745	195	0
746	210	0
747	197	0
748	213	0
749	206	0
750	194	0
751	175	0
752	203	0
753	175	0
754	177	0
755	212	0
756	172	0
757	171	0
758	206	0
759	219	0
760	180	0
761	205	0
762	180	0
763	194	0
764	195	0
765	168	0
766	182	0
767	162	0
768	178	0
769	199	0
770	190	0
771	171	0
772	206	0
773	186	0
774	185	0
775	184	0
776	215	0
777	200	0
778	198	0
779	199	0
780	191	0
781	201	0
782	186	0
783	190	0
784	214	0
785	204	0
786	202	0
787	193	0
788	176	0
789	185	0
790	177	0
791	192	0
792	235	0
793	198	0
794	200	0
795	182	0
796	159	0
797	181	0
798	177	0
799	205	0
800	212	0
801	188	0
802	201	0
803	192	0
804	206	0
805	186	0
806	214	0
807	180	0
808	200	0
809	193	0
810	210	0
811	197	0
812	211	0
813	202	0
814	182	0
815	193	0
816	189	0
817	184	0
818	197	0
819	187	0
820	162	0
821	181	0
822	206	0
823	166	0
824	185	0
825	200	0
826	211	0
827	183	0
828	199	0
829	197	0
830	200	0
831	191	0
832	194	0
833	209	0
834	180	0
835	193	0
836	211	0
837	198	0
838	188	0
839	200	0
840	219	0
841	179	0
842	191	0
843	204	0
844	181	0
845	196	0
846	179	0
847	207	0
848	176	0
849	197	0
850	211	0
851	189	0
852	191	0
853	177	0
854	217	0
855	187	0
856	209	0
857	201	0
858	182	0
859	215	0
860	207	0
861	191	0
862	212	0
863	193	0
864	207	0
865	205	0
866	204	0
867	192	0
868	176	0
869	183	0
870	184	0
871	191	0
872	207	0
873	193	0
874	207	0
875	217	0
876	200	0
877	190	0
878	165	0
879	195	0
880	165	0
881	197	0
882	195	0
883	192	0
884	184	0
885	190	0
886	197	0
887	205	0
888	201	0
889	184	0
890	192	0
891	197	0
892	185	0
893	209	0
894	188	0
895	177	0
896	214	0
897	175	0
898	176	0
899	203	0
900	181	0
901	181	0
902	183	0
903	183	0
904	213	0
905	197	0
906	207	0
907	186	0
908	189	0
909	176	0
910	194	0
911	200	0
912	211	0
913	200	0
914	203	0
915	186	0
916	203	0
917	194	0
918	187	0
919	203	0
920	167	0
921	186	0
922	203	0
923	210	0
924	198	0
925	211	0
926	206	0
927	197	0
928	189	0
929	209	0
930	206	0
931	192	0
932	168	0
933	212	0
934	210	0
935	184	0
936	178	0
937	200	0
938	185	0
939	198	0
940	191	0
941	194	0
942	214	0
943	203	0
944	197	0
945	182	0
946	190	0
947	180	0
948	197	0
949	191	0
950	201	0
951	215	0
952	208	0
953	190	0
954	200	0
955	208	0
956	190	0
957	223	0
958	189	0
959	213	0
960	182	0
961	187	0
962	206	0
963	207	0
964	200	0
965	198	0
966	188	0
967	193	0
968	181	0
969	187	0
970	172	0
971	203	0
972	178	0
973	213	0
974	208	0
975	171	0
976	199	0
977	174	0
978	210	0
979	203	0
980	170	0
981	190	0
982	212	0
983	187	0
984	202	0
985	180	0
986	199	0
987	200	0
988	196	0
989	191	0
990	202	0
991	193	0
992	179	0
993	198	0
994	195	0
995	208	0
996	173	0
997	167	0
998	198	0
999	176	0
1000	213	0
1001	190	0
1002	188	0
1003	215	0
1004	202	0
1005	208	0
1006	203	0
1007	210	0
1008	217	0
1009	208	0
1010	177	0
1011	204	0
1012	186	0
1013	198	0
1014	189	0
1015	198	0
1016	185	0
1017	202	0
1018	189	0
1019	184	0
1020	178	0
1021	188	0
1022	207	0
1023	177	0
1024	213	0
1025	213	0
1026	215	0
1027	188	0
1028	214	0
1029	210	0
1030	195	0
1031	208	0
1032	180	0
1033	197	0
1034	185	0
1035	202	0
1036	199	0
1037	225	0
1038	184	0
1039	194	0
1040	197	0
1041	201	0
1042	200	0
1043	196	0
1044	201	0
1045	187	0
1046	204	0
1047	200	0
1048	185	0
1049	180	0
1050	211	0
1051	217	0
1052	208	0
1053	206	0
1054	213	0
1055	190	0
1056	207	0
1057	189	0
1058	213	0
1059	186	0
1060	191	0
1061	193	0
1062	186	0
1063	212	0
1064	163	0
1065	215	0
1066	225	0
1067	182	0
1068	186	0
1069	206	0
1070	183	0
1071	184	0
1072	189	0
1073	190	0
1074	195	0
1075	194	0
1076	192	0
1077	210	0
1078	203	0
1079	210	0
1080	191	0
1081	193	0
1082	182	0
1083	196	0
1084	231	0
1085	200	0
1086	188	0
1087	180	0
1088	191	0
1089	212	0
1090	195	0
1091	221	0
1092	177	0
1093	189	0
1094	191	0
1095	181	0
1096	191	0
1097	217	0
1098	204	0
1099	176	0
1100	175	0
1101	196	0
1102	222	0
1103	206	0
1104	213	0
1105	182	0
1106	194	0
1107	215	0
1108	207	0
1109	205	0
1110	186	0
1111	192	0
1112	195	0
1113	199	0
1114	195	0
1115	195	0
1116	172	0
1117	193	0
1118	187	0
1119	207	0
1120	182	0
1121	194	0
1122	195	0
1123	179	0
1124	193	0
1125	188	0
1126	190	0
1127	200	0
1128	203	0
1129	204	0
1130	205	0
1131	224	0
1132	178	0
1133	211	0
1134	175	0
1135	178	0
1136	182	0
1137	187	0
1138	221	0
1139	196	0
1140	179	0
1141	214	0
1142	192	0
1143	219	0
1144	198	0
1145	204	0
1146	225	0
1147	183	0
1148	198	0
1149	200	0
1150	179	0
1151	188	0
1152	197	0
1153	184	0
1154	185	0
1155	163	0
1156	176	0
1157	194	0
1158	197	0
1159	211	0
1160	182	0
1161	216	0
1162	207	0
1163	201	0
1164	198	0
1165	181	0
1166	201	0
1167	207	0
1168	174	0
1169	191	0
1170	224	0
1171	197	0
1172	213	0
1173	202	0
1174	205	0
1175	186	0
1176	191	0
1177	178	0
1178	198	0
1179	189	0
1180	190	0
1181	199	0
1182	207	0
1183	185	0
1184	232	0
1185	215	0
1186	199	0
1187	216	0
1188	217	0
1189	224	0
1190	176	0
1191	191	0
1192	200	0
1193	175	0
1194	210	0
1195	212	0
1196	171	0
1197	203	0
1198	198	0
1199	185	0
1200	211	0
1201	197	0
1202	201	0
1203	167	0
1204	210	0
1205	210	0
1206	211	0
1207	182	0
1208	192	0
1209	189	0
1210	214	0
1211	207	0
1212	185	0
1213	207	0
1214	200	0
1215	200	0
1216	189	0
1217	205	0
1218	177	0
1219	217	0
1220	189	0
1221	193	0
1222	182	0
1223	213	0
1224	203	0
1225	215	0
1226	209	0
1227	217	0
1228	173	0
1229	221	0
1230	179	0
1231	196	0
1232	182	0
1233	183	0
1234	176	0
1235	207	0
1236	197	0
1237	192	0
1238	201	0
1239	202	0
1240	196	0
1241	209	0
1242	193	0
1243	198	0
1244	188	0
1245	188	0
1246	212	0
1247	207	0
1248	182	0
1249	193	0
1250	209	0
1251	206	0
1252	207	0
1253	166	0
1254	193	0
1255	185	0
1256	186	0
1257	199	0
1258	206	0
1259	188	0
1260	205	0
1261	200	0
1262	212	0
1263	190	0
1264	222	0
1265	187	0
1266	182	0
1267	171	0
1268	190	0
1269	227	0
1270	206	0
1271	179	0
1272	221	0
1273	182	0
1274	186	0
1275	196	0
1276	195	0
1277	179	0
1278	184	0
1279	200	0
1280	203	0
1281	184	0
1282	183	0
1283	195	0
1284	196	0
1285	181	0
1286	177	0
1287	195	0
1288	171	0
1289	208	0
1290	212	0
1291	205	0
1292	193	0
1293	175	0
1294	191	0
1295	189	0
1296	195	0
1297	183	0
1298	204	0
1299	198	0
1300	192	0
1301	203	0
1302	213	0
1303	193	0
1304	224	0
1305	200	0
1306	209	0
1307	218	0
1308	205	0
1309	186	0
1310	196	0
1311	202	0
1312	187	0
1313	205	0
1314	195	0
1315	194	0
1316	169	0
1317	211	0
1318	202	0
1319	191	0
1320	194	0
1321	212	0
1322	224	0
1323	165	0
1324	224	0
1325	191	0
1326	196	0
1327	207	0
1328	215	0
1329	185	0
1330	182	0
1331	200	0
1332	192	0
1333	173	0
1334	183	0
1335	188	0
1336	191	0
1337	210	0
1338	218	0
1339	177	0
1340	176	0
1341	187	0
1342	217	0
1343	193	0
1344	196	0
1345	203	0
1346	172	0
1347	184	0
1348	172	0
1349	205	0
1350	198	0
1351	220	0
1352	200	0
1353	208	0
1354	186	0
1355	206	0
1356	186	0
1357	213	0
1358	184	0
1359	159	0
1360	182	0
1361	214	0
1362	182	0
1363	214	0
1364	196	0
1365	199	0
1366	227	0
1367	169	0
1368	227	0
1369	187	0
1370	181	0
1371	208	0
1372	204	0
1373	194	0
1374	199	0
1375	207	0
1376	201	0
1377	155	0
1378	186	0
1379	196	0
1380	191	0
1381	198	0
1382	229	0
1383	200	0
1384	171	0
1385	191	0
1386	192	0
1387	166	0
1388	178	0
1389	179	0
1390	214	0
1391	192	0
1392	200	0
1393	180	0
1394	171	0
1395	186	0
1396	185	0
1397	208	0
1398	232	0
1399	175	0
1400	195	0
1401	203	0
1402	206	0
1403	201	0
1404	186	0
1405	199	0
1406	202	0
1407	202	0
1408	182	0
1409	192	0
1410	209	0
1411	190	0
1412	205	0
1413	189	0
1414	218	0
1415	196	0
1416	176	0
1417	204	0
1418	217	0
1419	202	0
1420	197	0
1421	203	0
1422	213	0
1423	202	0
1424	203	0
1425	199	0
1426	180	0
1427	214	0
1428	184	0
1429	198	0
1430	190	0
1431	197	0
1432	199	0
1433	205	0
1434	186	0
1435	183	0
1436	221	0
1437	194	0
1438	220	0
1439	191	0
1440	176	0
1441	173	0
1442	214	0
1443	181	0
1444	209	0
1445	199	0
1446	199	0
1447	202	0
1448	199	0
1449	189	0
1450	184	0
1451	187	0
1452	214	0
1453	192	0
1454	212	0
1455	208	0
1456	214	0
1457	185	0
1458	228	0
1459	197	0
1460	211	0
1461	185	0
1462	200	0
1463	199	0
1464	210	0
1465	201	0
1466	182	0
1467	186	0
1468	198	0
1469	185	0
1470	188	0
1471	200	0
1472	203	0
1473	207	0
1474	196	0
1475	189	0
1476	180	0
1477	196	0
1478	186	0
1479	189	0
1480	190	0
1481	196	0
1482	194	0
1483	198	0
1484	213	0
1485	187	0
1486	184	0
1487	176	0
1488	191	0
1489	181	0
1490	203	0
1491	200	0
1492	201	0
1493	181	0
1494	164	0
1495	194	0
1496	189	0
1497	172	0
1498	204	0
1499	171	0
1500	184	0
1501	206	0
1502	196	0
1503	172	0
1504	198	0
1505	208	0
1506	181	0
1507	193	0
1508	173	0
1509	201	0
1510	195	0
1511	204	0
1512	218	0
1513	198	0
1514	200	0
1515	205	0
1516	175	0
1517	194	0
1518	192	0
1519	203	0
1520	220	0
1521	206	0
1522	196	0
1523	188	0
1524	203	0
1525	179	0
1526	197	0
1527	176	0
1528	200	0
1529	169	0
1530	177	0
1531	182	0
1532	188	0
1533	201	0
1534	213	0
1535	217	0
1536	197	0
1537	193	0
1538	194	0
1539	189	0
1540	191	0
1541	224	0
1542	233	0
1543	214	0
1544	198	0
1545	184	0
1546	211	0
1547	185	0
1548	196	0
1549	182	0
1550	199	0
1551	192	0
1552	172	0
1553	195	0
1554	214	0
1555	177	0
1556	211	0
1557	211	0
1558	182	0
1559	197	0
1560	180	0
1561	215	0
1562	190	0
1563	216	0
1564	193	0
1565	219	0
1566	195	0
1567	201	0
1568	187	0
1569	204	0
1570	197	0
1571	205	0
1572	194	0
1573	200	0
1574	205	0
1575	189	0
1576	201	0
1577	202	0
1578	179	0
1579	210	0
1580	188	0
1581	192	0
1582	162	0
1583	180	0
1584	192	0
1585	184	0
1586	188	0
1587	206	0
1588	187	0
1589	210	0
1590	188	0
1591	212	0
1592	186	0
1593	167	0
1594	172	0
1595	214	0
1596	193	0
1597	209	0
1598	201	0
1599	177	0
1600	205	0
1601	220	0
1602	186	0
1603	205	0
1604	187	0
1605	208	0
1606	204	0
1607	197	0
1608	187	0
1609	201	0
1610	161	0
1611	186	0
1612	192	0
1613	197	0
1614	188	0
1615	201	0
1616	204	0
1617	191	0
1618	219	0
1619	206	0
1620	188	0
1621	174	0
1622	205	0
1623	210	0
1624	174	0
1625	189	0
1626	189	0
1627	209	0
1628	198	0
1629	204	0
1630	176	0
1631	189	0
1632	185	0
1633	211	0
1634	197	0
1635	222	0
1636	199	0
1637	185	0
1638	185	0
1639	211	0
1640	191	0
1641	200	0
1642	187	0
1643	185	0
1644	197	0
1645	181	0
1646	187	0
1647	206	0
1648	181	0
1649	206	0
1650	214	0
1651	190	0
1652	195	0
1653	202	0
1654	187	0
1655	198	0
1656	201	0
1657	180	0
1658	211	0
1659	190	0
1660	190	0
1661	193	0
1662	183	0
1663	189	0
1664	188	0
1665	192	0
1666	205	0
1667	223	0
1668	214	0
1669	206	0
1670	192	0
1671	182	0
1672	173	0
1673	190	0
1674	198	0
1675	180	0
1676	209	0
1677	199	0
1678	187	0
1679	184	0
1680	188	0
1681	204	0
1682	195	0
1683	211	0
1684	190	0
1685	213	0
1686	199	0
1687	222	0
1688	190	0
1689	190	0
1690	195	0
1691	195	0
1692	213	0
1693	186	0
1694	204	0
1695	153	0
1696	223	0
1697	180	0
1698	201	0
1699	188	0
1700	175	0
1701	214	0
1702	208	0
1703	200	0
1704	220	0
1705	184	0
1706	189	0
1707	192	0
1708	170	0
1709	224	0
1710	153	0
1711	181	0
1712	216	0
1713	202	0
1714	175	0
1715	176	0
1716	218	0
1717	224	0
1718	231	0
1719	192	0
1720	188	0
1721	218	0
1722	199	0
1723	206	0
1724	192	0
1725	194	0
1726	186	0
1727	178	0
1728	186	0
1729	213	0
1730	189	0
1731	199	0
1732	203	0
1733	207	0
1734	204	0
1735	175	0
1736	213	0
1737	228	0
1738	185	0
1739	231	0
1740	168	0
1741	204	0
1742	195	0
1743	200	0
1744	189	0
1745	200	0
1746	197	0
1747	185	0
1748	209	0
1749	187	0
1750	189	0
1751	202	0
1752	171	0
1753	197	0
1754	209	0
1755	197	0
1756	202	0
1757	208	0
1758	180	0
1759	184	0
1760	190	0
1761	184	0
1762	173	0
1763	219	0
1764	207	0
1765	233	0
1766	214	0
1767	189	0
1768	192	0
1769	194	0
1770	199	0
1771	225	0
1772	194	0
1773	177	0
1774	187	0
1775	181	0
1776	178	0
1777	200	0
1778	180	0
1779	186	0
1780	187	0
1781	199	0
1782	215	0
1783	215	0
1784	211	0
1785	192	0
1786	157	0
1787	190	0
1788	194	0
1789	198	0
1790	187	0
1791	201	0
1792	213	0
1793	206	0
1794	226	0
1795	220	0
1796	211	0
1797	208	0
1798	192	0
1799	204	0
1800	204	0
1801	189	0
1802	198	0
1803	195	0
1804	221	0
1805	197	0
1806	186	0
1807	217	0
1808	191	0
1809	200	0
1810	185	0
1811	192	0
1812	168	0
1813	195	0
1814	205	0
1815	192	0
1816	224	0
1817	197	0
1818	221	0
1819	185	0
1820	200	0
1821	192	0
1822	209	0
1823	173	0
1824	186	0
1825	188	0
1826	203	0
1827	200	0
1828	186	0
1829	195	0
1830	174	0
1831	180	0
1832	184	0
1833	210	0
1834	193	0
1835	215	0
1836	202	0
1837	191	0
1838	203	0
1839	181	0
1840	210	0
1841	224	0
1842	172	0
1843	188	0
1844	199	0
1845	191	0
1846	181	0
1847	177	0
1848	209	0
1849	185	0
1850	176	0
1851	202	0
1852	233	0
1853	190	0
1854	229	0
1855	211	0
1856	191	0
1857	188	0
1858	191	0
1859	194	0
1860	201	0
1861	198	0
1862	194	0
1863	197	0
1864	202	0
1865	172	0
1866	181	0
1867	196	0
1868	184	0
1869	191	0
1870	200	0
1871	200	0
1872	204	0
1873	162	0
1874	198	0
1875	200	0
1876	197	0
1877	185	0
1878	227	0
1879	206	0
1880	199	0
1881	214	0
1882	193	0
1883	183	0
1884	200	0
1885	203	0
1886	213	0
1887	169	0
1888	171	0
1889	205	0
1890	183	0
1891	205	0
1892	208	0
1893	226	0
1894	218	0
1895	199	0
1896	179	0
1897	203	0
1898	188	0
1899	199	0
1900	208	0
1901	193	0
1902	223	0
1903	167	0
1904	190	0
1905	173	0
1906	202	0
1907	213	0
1908	222	0
1909	197	0
1910	209	0
1911	213	0
1912	227	0
1913	195	0
1914	201	0
1915	194	0
1916	194	0
1917	196	0
1918	168	0
1919	205	0
1920	228	0
1921	178	0
1922	179	0
1923	205	0
1924	208	0
1925	188	0
1926	197	0
1927	204	0
1928	171	0
1929	196	0
1930	184	0
1931	198	0
1932	191	0
1933	216	0
1934	195	0
1935	226	0
1936	201	0
1937	215	0
1938	193	0
1939	175	0
1940	205	0
1941	211	0
1942	190	0
1943	175	0
1944	202	0
1945	191	0
1946	193	0
1947	207	0
1948	207	0
1949	197	0
1950	185	0
1951	194	0
1952	184	0
1953	178	0
1954	178	0
1955	200	0
1956	216	0
1957	195	0
1958	207	0
1959	188	0
1960	202	0
1961	192	0
1962	190	0
1963	196	0
1964	212	0
1965	190	0
1966	194	0
1967	194	0
1968	191	0
1969	176	0
1970	216	0
1971	182	0
1972	194	0
1973	213	0
1974	195	0
1975	212	0
1976	221	0
1977	218	0
1978	211	0
1979	187	0
1980	217	0
1981	196	0
1982	191	0
1983	181	0
1984	184	0
1985	197	0
1986	194	0
1987	193	0
1988	192	0
1989	196	0
1990	210	0
1991	203	0
1992	199	0
1993	207	0
1994	220	0
1995	198	0
1996	207	0
1997	208	0
1998	218	0
1999	181	0
2000	189	0
2001	203	0
2002	196	0
2003	193	0
2004	185	0
2005	191	0
2006	207	0
2007	192	0
2008	218	0
2009	166	0
2010	179	0
2011	222	0
2012	224	0
2013	220	0
2014	170	0
2015	196	0
2016	209	0
2017	175	0
2018	225	0
2019	185	0
2020	182	0
2021	180	0
2022	195	0
2023	191	0
2024	206	0
2025	210	0
2026	178	0
2027	212	0
2028	222	0
2029	198	0
2030	179	0
2031	184	0
2032	188	0
2033	186	0
2034	204	0
2035	208	0
2036	176	0
2037	204	0
2038	226	0
2039	199	0
2040	183	0
2041	200	0
2042	187	0
2043	195	0
2044	201	0
2045	212	0
2046	200	0
2047	193	0
2048	205	0
2049	167	0
2050	203	0
2051	176	0
2052	207	0
2053	202	0
2054	196	0
2055	191	0
2056	200	0
2057	202	0
2058	179	0
2059	182	0
2060	209	0
2061	203	0
2062	171	0
2063	189	0
2064	192	0
2065	189	0
2066	198	0
2067	193	0
2068	175	0
2069	173	0
2070	184	0
2071	209	0
2072	211	0
2073	181	0
2074	196	0
2075	249	0
2076	149	0
2077	209	0
2078	211	0
2079	192	0
2080	216	0
2081	201	0
2082	190	0
2083	212	0
2084	199	0
2085	214	0
2086	199	0
2087	190	0
2088	201	0
2089	219	0
2090	192	0
2091	201	0
2092	192	0
2093	170	0
2094	209	0
2095	180	0
2096	201	0
2097	199	0
2098	176	0
2099	229	0
2100	234	0
2101	200	0
2102	217	0
2103	180	0
2104	198	0
2105	194	0
2106	203	0
2107	188	0
2108	216	0
2109	215	0
2110	191	0
2111	194	0
2112	194	0
2113	202	0
2114	196	0
2115	177	0
2116	207	0
2117	193	0
2118	184	0
2119	216	0
2120	213	0
2121	162	0
2122	153	0
2123	190	0
2124	186	0
2125	213	0
2126	212	0
2127	183	0
2128	188	0
2129	173	0
2130	167	0
2131	201	0
2132	202	0
2133	204	0
2134	177	0
2135	197	0
2136	224	0
2137	213	0
2138	198	0
2139	218	0
2140	211	0
2141	208	0
2142	194	0
2143	173	0
2144	188	0
2145	189	0
2146	221	0
2147	212	0
2148	189	0
2149	188	0
2150	187	0
2151	202	0
2152	181	0
2153	186	0
2154	206	0
2155	199	0
2156	197	0
2157	219	0
2158	218	0
2159	186	0
2160	181	0
2161	194	0
2162	221	0
2163	221	0
2164	188	0
2165	211	0
2166	194	0
2167	186	0
2168	209	0
2169	210	0
2170	173	0
2171	207	0
2172	207	0
2173	187	0
2174	199	0
2175	182	0
2176	195	0
2177	188	0
2178	171	0
2179	189	0
2180	205	0
2181	201	0
2182	185	0
2183	184	0
2184	183	0
2185	182	0
2186	214	0
2187	239	0
2188	179	0
2189	218	0
2190	202	0
2191	197	0
2192	212	0
2193	174	0
2194	192	0
2195	189	0
2196	191	0
2197	213	0
2198	188	0
2199	204	0
2200	185	0
2201	193	0
2202	195	0
2203	212	0
2204	205	0
2205	213	0
2206	184	0
2207	190	0
2208	209	0
2209	177	0
2210	177	0
2211	196	0
2212	224	0
2213	186	0
2214	192	0
2215	202	0
2216	206	0
2217	196	0
2218	195	0
2219	210	0
2220	210	0
2221	190	0
2222	196	0
2223	196	0
2224	194	0
2225	187	0
2226	178	0
2227	192	0
2228	207	0
2229	192	0
2230	218	0
2231	193	0
2232	198	0
2233	224	0
2234	191	0
2235	191	0
2236	213	0
2237	195	0
2238	206	0
2239	198	0
2240	202	0
2241	193	0
2242	196	0
2243	182	0
2244	196	0
2245	215	0
2246	205	0
2247	209	0
2248	205	0
2249	189	0
2250	199	0
2251	191	0
2252	186	0
2253	198	0
2254	198	0
2255	206	0
2256	205	0
2257	188	0
2258	188	0
2259	206	0
2260	175	0
2261	163	0
2262	209	0
2263	200	0
2264	192	0
2265	193	0
2266	182	0
2267	169	0
2268	216	0
2269	209	0
2270	209	0
2271	184	0
2272	179	0
2273	191	0
2274	205	0
2275	202	0
2276	188	0
2277	201	0
2278	205	0
2279	200	0
2280	199	0
2281	192	0
2282	199	0
2283	216	0
2284	184	0
2285	203	0
2286	204	0
2287	206	0
2288	198	0
2289	157	0
2290	188	0
2291	195	0
2292	200	0
2293	183	0
2294	197	0
2295	210	0
2296	195	0
2297	183	0
2298	194	0
2299	204	0
2300	218	0
2301	220	0
2302	199	0
2303	203	0
2304	152	0
2305	185	0
2306	197	0
2307	196	0
2308	195	0
2309	196	0
2310	155	0
2311	195	0
2312	219	0
2313	214	0
2314	180	0
2315	213	0
2316	224	0
2317	196	0
2318	197	0
2319	193	0
2320	210	0
2321	185	0
2322	178	0
2323	183	0
2324	208	0
2325	188	0
2326	186	0
2327	197	0
2328	207	0
2329	220	0
2330	188	0
2331	198	0
2332	194	0
2333	215	0
2334	206	0
2335	197	0
2336	164	0
2337	211	0
2338	185	0
2339	166	0
2340	197	0
2341	218	0
2342	197	0
2343	191	0
2344	193	0
2345	177	0
2346	190	0
2347	181	0
2348	208	0
2349	207	0
2350	174	0
2351	224	0
2352	192	0
2353	195	0
2354	199	0
2355	199	0
2356	230	0
2357	208	0
2358	214	0
2359	180	0
2360	200	0
2361	208	0
2362	200	0
2363	203	0
2364	194	0
2365	188	0
2366	185	0
2367	210	0
2368	207	0
2369	190	0
2370	218	0
2371	211	0
2372	218	0
2373	193	0
2374	169	0
2375	219	0
2376	168	0
2377	180	0
2378	179	0
2379	185	0
2380	195	0
2381	201	0
2382	211	0
2383	189	0
2384	193	0
2385	173	0
2386	192	0
2387	186	0
2388	191	0
2389	189	0
2390	201	0
2391	193	0
2392	188	0
2393	168	0
2394	215	0
2395	206	0
2396	196	0
2397	183	0
2398	205	0
2399	199	0
2400	196	0
2401	206	0
2402	204	0
2403	215	0
2404	213	0
2405	192	0
2406	202	0
2407	204	0
2408	175	0
2409	187	0
2410	224	0
2411	187	0
2412	201	0
2413	174	0
2414	216	0
2415	187	0
2416	188	0
2417	198	0
2418	185	0
2419	181	0
2420	222	0
2421	194	0
2422	206	0
2423	210	0
2424	167	0
2425	147	0
2426	189	0
2427	187	0
2428	188	0
2429	186	0
2430	209	0
2431	192	0
2432	176	0
2433	198	0
2434	196	0
2435	187	0
2436	200	0
2437	195	0
2438	189	0
2439	204	0
2440	227	0
2441	175	0
2442	203	0
2443	190	0
2444	184	0
2445	207	0
2446	187	0
2447	201	0
2448	173	0
2449	208	0
2450	187	0
2451	172	0
2452	190	0
2453	183	0
2454	183	0
2455	190	0
2456	191	0
2457	194	0
2458	185	0
2459	191	0
2460	205	0
2461	216	0
2462	210	0
2463	186	0
2464	223	0
2465	199	0
2466	184	0
2467	192	0
2468	184	0
2469	183	0
2470	188	0
2471	174	0
2472	194	0
2473	183	0
2474	187	0
2475	168	0
2476	202	0
2477	185	0
2478	212	0
2479	203	0
2480	187	0
2481	196	0
2482	203	0
2483	188	0
2484	200	0
2485	181	0
2486	185	0
2487	195	0
2488	197	0
2489	212	0
2490	191	0
2491	195	0
2492	215	0
2493	203	0
2494	199	0
2495	188	0
2496	190	0
2497	187	0
2498	185	0
2499	190	0
2500	173	0
2501	208	0
2502	192	0
2503	199	0
2504	221	0
2505	231	0
2506	218	0
2507	179	0
2508	211	0
2509	191	0
2510	201	0
2511	211	0
2512	199	0
2513	205	0
2514	187	0
2515	223	0
2516	170	0
2517	190	0
2518	182	0
2519	216	0
2520	171	0
2521	214	0
2522	201	0
2523	180	0
2524	221	0
2525	197	0
2526	200	0
2527	211	0
2528	227	0
2529	218	0
2530	192	0
2531	209	0
2532	211	0
2533	194	0
2534	182	0
2535	180	0
2536	213	0
2537	221	0
2538	209	0
2539	189	0
2540	200	0
2541	171	0
2542	209	0
2543	198	0
2544	196	0
2545	204	0
2546	205	0
2547	198	0
2548	219	0
2549	197	0
2550	170	0
2551	205	0
2552	174	0
2553	203	0
2554	202	0
2555	172	0
2556	173	0
2557	190	0
2558	181	0
2559	184	0
2560	182	0
2561	185	0
2562	187	0
2563	209	0
2564	191	0
2565	204	0
2566	184	0
2567	184	0
2568	199	0
2569	190	0
2570	206	0
2571	191	0
2572	187	0
2573	208	0
2574	204	0
2575	214	0
2576	193	0
2577	199	0
2578	185	0
2579	201	0
2580	187	0
2581	176	0
2582	189	0
2583	213	0
2584	189	0
2585	187	0
2586	190	0
2587	236	0
2588	185	0
2589	211	0
2590	204	0
2591	222	0
2592	208	0
2593	204	0
2594	197	0
2595	180	0
2596	176	0
2597	178	0
2598	172	0
2599	212	0
2600	222	0
2601	203	0
2602	183	0
2603	205	0
2604	186	0
2605	194	0
2606	180	0
2607	179	0
2608	193	0
2609	188	0
2610	183	0
2611	208	0
2612	229	0
2613	191	0
2614	205	0
2615	187	0
2616	173	0
2617	199	0
2618	220	0
2619	181	0
2620	156	0
2621	183	0
2622	212	0
2623	204	0
2624	183	0
2625	196	0
2626	203	0
2627	204	0
2628	194	0
2629	187	0
2630	206	0
2631	202	0
2632	192	0
2633	188	0
2634	200	0
2635	221	0
2636	194	0
2637	221	0
2638	192	0
2639	235	0
2640	203	0
2641	212	0
2642	198	0
2643	205	0
2644	236	0
2645	201	0
2646	196	0
2647	205	0
2648	199	0
2649	201	0
2650	198	0
2651	208	0
2652	187	0
2653	195	0
2654	171	0
2655	192	0
2656	195	0
2657	212	0
2658	209	0
2659	171	0
2660	179	0
2661	183	0
2662	190	0
2663	208	0
2664	226	0
2665	199	0
2666	224	0
2667	189	0
2668	215	0
2669	188	0
2670	181	0
2671	195	0
2672	171	0
2673	191	0
2674	206	0
2675	211	0
2676	195	0
2677	189	0
2678	196	0
2679	181	0
2680	217	0
2681	201	0
2682	213	0
2683	195	0
2684	207	0
2685	249	0
2686	215	0
2687	200	0
2688	195	0
2689	192	0
2690	210	0
2691	232	0
2692	196	0
2693	175	0
2694	160	0
2695	204	0
2696	173	0
2697	177	0
2698	226	0
2699	200	0
2700	186	0
2701	185	0
2702	180	0
2703	205	0
2704	189	0
2705	187	0
2706	179	0
2707	213	0
2708	206	0
2709	214	0
2710	210	0
2711	209	0
2712	210	0
2713	190	0
2714	201	0
2715	184	0
2716	181	0
2717	210	0
2718	205	0
2719	203	0
2720	191	0
2721	194	0
2722	207	0
2723	193	0
2724	195	0
2725	185	0
2726	221	0
2727	206	0
2728	201	0
2729	194	0
2730	209	0
2731	208	0
2732	157	0
2733	214	0
2734	198	0
2735	197	0
2736	196	0
2737	197	0
2738	179	0
2739	196	0
2740	209	0
2741	203	0
2742	199	0
2743	210	0
2744	201	0
2745	184	0
2746	196	0
2747	208	0
2748	193	0
2749	177	0
2750	212	0
2751	207	0
2752	202	0
2753	215	0
2754	177	0
2755	220	0
2756	230	0
2757	200	0
2758	194	0
2759	197	0
2760	202	0
2761	206	0
2762	177	0
2763	187	0
2764	215	0
2765	202	0
2766	223	0
2767	215	0
2768	190	0
2769	181	0
2770	199	0
2771	184	0
2772	176	0
2773	182	0
2774	162	0
2775	186	0
2776	218	0
2777	194	0
2778	205	0
2779	182	0
2780	198	0
2781	185	0
2782	212	0
2783	217	0
2784	186	0
2785	213	0
2786	210	0
2787	185	0
2788	201	0
2789	210	0
2790	212	0
2791	218	0
2792	169	0
2793	178	0
2794	182	0
2795	189	0
2796	212	0
2797	215	0
2798	200	0
2799	187	0
2800	208	0
2801	206	0
2802	190	0
2803	213	0
2804	205	0
2805	208	0
2806	200	0
2807	194	0
2808	207	0
2809	191	0
2810	204	0
2811	191	0
2812	216	0
2813	185	0
2814	182	0
2815	215	0
2816	194	0
2817	198	0
2818	204	0
2819	173	0
2820	179	0
2821	189	0
2822	178	0
2823	179	0
2824	219	0
2825	186	0
2826	223	0
2827	204	0
2828	181	0
2829	208	0
2830	194	0
2831	189	0
2832	207	0
2833	194	0
2834	234	0
2835	194	0
2836	184	0
2837	194	0
2838	190	0
2839	206	0
2840	186	0
2841	200	0
2842	185	0
2843	196	0
2844	180	0
2845	206	0
2846	174	0
2847	196	0
2848	196	0
2849	182	0
2850	187	0
2851	195	0
2852	208	0
2853	202	0
2854	213	0
2855	194	0
2856	222	0
2857	197	0
2858	193	0
2859	201	0
2860	204	0
2861	201	0
2862	194	0
2863	196	0
2864	191	0
2865	204	0
2866	193	0
2867	171	0
2868	193	0
2869	207	0
2870	190	0
2871	219	0
2872	163	0
2873	230	0
2874	204	0
2875	204	0
2876	166	0
2877	212	0
2878	215	0
2879	180	0
2880	192	0
2881	197	0
2882	215	0
2883	180	0
2884	170	0
2885	168	0
2886	174	0
2887	194	0
2888	201	0
2889	203	0
2890	183	0
2891	202	0
2892	184	0
2893	211	0
2894	233	0
2895	190	0
2896	179	0
2897	174	0
2898	183	0
2899	210	0
2900	224	0
2901	187	0
2902	184	0
2903	232	0
2904	188	0
2905	206	0
2906	204	0
2907	182	0
2908	197	0
2909	217	0
2910	222	0
2911	210	0
2912	193	0
2913	223	0
2914	190	0
2915	177	0
2916	208	0
2917	188	0
2918	176	0
2919	206	0
2920	197	0
2921	219	0
2922	201	0
2923	211	0
2924	185	0
2925	177	0
2926	175	0
2927	207	0
2928	204	0
2929	221	0
2930	205	0
2931	192	0
2932	164	0
2933	174	0
2934	188	0
2935	233	0
2936	199	0
2937	187	0
2938	203	0
2939	204	0
2940	202	0
2941	183	0
2942	204	0
2943	199	0
2944	203	0
2945	213	0
2946	196	0
2947	220	0
2948	188	0
2949	189	0
2950	186	0
2951	173	0
2952	180	0
2953	203	0
2954	177	0
2955	196	0
2956	191	0
2957	211	0
2958	186	0
2959	205	0
2960	196	0
2961	209	0
2962	213	0
2963	191	0
2964	200	0
2965	176	0
2966	211	0
2967	179	0
2968	186	0
2969	199	0
2970	214	0
2971	186	0
2972	201	0
2973	200	0
2974	202	0
2975	176	0
2976	187	0
2977	187	0
2978	180	0
2979	191	0
2980	189	0
2981	189	0
2982	193	0
2983	212	0
2984	187	0
2985	195	0
2986	168	0
2987	192	0
2988	228	0
2989	177	0
2990	200	0
2991	200	0
2992	181	0
2993	194	0
2994	161	0
2995	214	0
2996	206	0
2997	223	0
2998	201	0
2999	167	0
3000	218	0
