1	207	0
2	171	0
3	194	0
4	196	0
5	176	0
6	217	0
7	203	0
8	204	0
9	216	0
10	176	0
11	184	0
12	213	0
13	192	0
14	184	0
15	194	0
16	206	0
17	197	0
18	177	0
19	216	0
20	184	0
21	195	0
22	204	0
23	200	0
24	204	0
25	183	0
26	198	0
27	196	0
28	176	0
29	206	0
30	225	0
31	194	0
32	213	0
33	187	0
34	200	0
35	208	0
36	208	0
37	181	0
38	203	0
39	222	0
40	182	0
41	183	0
42	228	0
43	186	0
44	191	0
45	213	0
46	184	0
47	211	0
48	210	0
49	222	0
50	178	0
51	218	0
52	180	0
53	192	0
54	187	0
55	224	0
56	188	0
57	213	0
58	180	0
59	192	0
60	193	0
61	202	0
62	196	0
63	200	0
64	193	0
65	201	0
66	170	0
67	185	0
68	183	0
69	202	0
70	200	0
71	219	0
72	200	0
73	218	0
74	217	0
75	181	0
76	173	0
77	200	0
78	194	0
79	187	0
80	170	0
81	209	0
82	191	0
83	205	0
84	197	0
85	209	0
86	172	0
87	186	0
88	197	0
89	195	0
90	197	0
91	226	0
92	206	0
93	175	0
94	206	0
95	170	0
96	216	0
97	188	0
98	198	0
99	194	0
100	203	0
101	209	0
102	209	0
103	205	0
104	182	0
105	197	0
106	169	0
107	185	0
108	222	0
109	196	0
110	189	0
111	181	0
112	192	0
113	177	0
114	204	0
115	183	0
116	176	0
117	191	0
118	181	0
119	222	0
120	175	0
121	178	0
122	187	0
123	229	0
124	195	0
125	199	0
126	199	0
127	187	0
128	195	0
129	163	0
130	235	0
131	198	0
132	184	0
133	192	0
134	172	0
135	182	0
136	236	0
137	195	0
138	180	0
139	212	0
140	188	0
141	204	0
142	197	0
143	213	0
144	219	0
145	230	0
146	219	0
147	174	0
148	188	0
149	208	0
150	216	0
151	199	0
152	200	0
153	210	0
154	193	0
155	172	0
156	194	0
157	180	0
158	180	0
159	184	0
160	179	0
161	178	0
162	166	0
163	196	0
164	161	0
165	189	0
166	183	0
167	201	0
168	195	0
169	205	0
170	193	0
171	181	0
172	179	0
173	194	0
174	186	0
175	218	0
176	208	0
177	171	0
178	205	0
179	203	0
180	188	0
181	196	0
182	193	0
183	216	0
184	186	0
185	210	0
186	167	0
187	203	0
188	218	0
189	203	0
190	212	0
191	185	0
192	190	0
193	216	0
194	214	0
195	190	0
196	205	0
197	199	0
198	175	0
199	197	0
200	187	0
201	198	0
202	200	0
203	187	0
204	218	0
205	176	0
206	191	0
207	202	0
208	189	0
209	170	0
210	184	0
211	194	0
212	195	0
213	210	0
214	200	0
215	180	0
216	190	0
217	199	0
218	186	0
219	197	0
220	194	0
221	223	0
222	187	0
223	185	0
224	198	0
225	229	0
226	163	0
227	206	0
228	196	0
229	180	0
230	207	0
231	196	0
232	199	0
233	180	0
234	162	0
235	184	0
236	204	0
237	209	0
238	183	0
239	204	0
240	188	0
241	204	0
242	198	0
243	176	0
244	215	0
245	196	0
246	188	0
247	195	0
248	190	0
249	178	0
250	204	0
251	196	0
252	191	0
253	189	0
254	192	0
255	200	0
256	176	0
257	192	0
258	221	0
259	181	0
260	191	0
261	227	0
262	185	0
263	165	0
264	188	0
265	162	0
266	187	0
267	205	0
268	186	0
269	214	0
270	220	0
271	194	0
272	207	0
273	186	0
274	184	0
275	183	0
276	189	0
277	176	0
278	228	0
279	212	0
280	174	0
281	205	0
282	187	0
283	183	0
284	177	0
285	180	0
286	183	0
287	192	0
288	225	0
289	200	0
290	179	0
291	204	0
292	205	0
293	203	0
294	169	0
295	190	0
296	203	0
297	200	0
298	191	0
299	179	0
300	187	0
301	199	0
302	216	0
303	193	0
304	206	0
305	206	0
306	196	0
307	209	0
308	217	0
309	175	0
310	202	0
311	179	0
312	212	0
313	214	0
314	186	0
315	193	0
316	197	0
317	177	0
318	203	0
319	210	0
320	193	0
321	210	0
322	191	0
323	212	0
324	181	0
325	205	0
326	211	0
327	199	0
328	204	0
329	220	0
330	193	0
331	179	0
332	189	0
333	187	0
334	188	0
335	200	0
336	183	0
337	174	0
338	188	0
339	187	0
340	179	0
341	187	0
342	201	0
343	207	0
344	193	0
345	189	0
346	199	0
347	195	0
348	242	0
349	207	0
350	193	0
351	202	0
352	209	0
353	196	0
354	176	0
355	192	0
356	185	0
357	195	0
358	194	0
359	196	0
360	197	0
361	217	0
362	175	0
363	184	0
364	170	0
365	209	0
366	174	0
367	194	0
368	199	0
369	199	0
370	219	0
371	189	0
372	209	0
373	208	0
374	190	0
375	234	0
376	182	0
377	195	0
378	199	0
379	213	0
380	218	0
381	200	0
382	186	0
383	185	0
384	215	0
385	192	0
386	201	0
387	204	0
388	216	0
389	217	0
390	195	0
391	200	0
392	194	0
393	197	0
394	188	0
395	206	0
396	207	0
397	185	0
398	210	0
399	192	0
400	189	0
401	213	0
402	174	0
403	192	0
404	198	0
405	216	0
406	189	0
407	179	0
408	202	0
409	166	0
410	184	0
411	192	0
412	175	0
413	187	0
414	164	0
415	198	0
416	187	0
417	210	0
418	210	0
419	190	0
420	193	0
421	208	0
422	191	0
423	179	0
424	200	0
425	184	0
426	160	0
427	204	0
428	165	0
429	200	0
430	192	0
431	235	0
432	194	0
433	209	0
434	211	0
435	185	0
436	192	0
437	190	0
438	208	0
439	201	0
440	180	0
441	177	0
442	201	0
443	230	0
444	175	0
445	200	0
446	196	0
447	222	0
448	186	0
449	198	0
450	180	0
451	189	0
452	205	0
453	187	0
454	211	0
455	206	0
456	194	0
457	199	0
458	186	0
459	190	0
460	178	0
461	211	0
462	222	0
463	214	0
464	192	0
465	194	0
466	206	0
467	182	0
468	212	0
469	189	0
470	210	0
471	215	0
472	204	0
473	218	0
474	194	0
475	164	0
476	189	0
477	198	0
478	205	0
479	207	0
480	187	0
481	191	0
482	183	0
483	204	0
484	198	0
485	204	0
486	185	0
487	214	0
488	215	0
489	186	0
490	159	0
491	197	0
492	213	0
493	203	0
494	186	0
495	208	0
496	221	0
497	209	0
498	193	0
499	193	0
500	222	0
501	204	0
502	200	0
503	204	0
504	193	0
505	196	0
506	224	0
507	196	0
508	199	0
509	203	0
510	222	0
511	182	0
512	226	0
513	188	0
514	203	0
515	203	0
516	189	0
517	194	0
518	209	0
519	219	0
520	226	0
521	193	0
522	177	0
523	200	0
524	207	0
525	205	0
526	209	0
527	214	0
528	192	0
529	219	0
530	198	0
531	202	0
532	190	0
533	185	0
534	219	0
535	174	0
536	221	0
537	190	0
538	204	0
539	188	0
540	168	0
541	196	0
542	223	0
543	205	0
544	184	0
545	205	0
546	218	0
547	185	0
548	198	0
549	205	0
550	175	0
551	210	0
552	223	0
553	178	0
554	208	0
555	194	0
556	196	0
557	196	0
558	230	0
559	210	0
560	208	0
561	212	0
562	195	0
563	175	0
564	206	0
565	231	0
566	180	0
567	186	0
568	220	0
569	194	0
570	214	0
571	196	0
572	187	0
573	198	0
574	219	0
575	187	0
576	189	0
577	195	0
578	205	0
579	195	0
580	212	0
581	213	0
582	172	0
583	190	0
584	208	0
585	181	0
586	184	0
587	215	0
588	173	0
589	164	0
590	182	0
591	198	0
592	203	0
593	192	0
594	202	0
595	173	0
596	208	0
597	191	0
598	189	0
599	215	0
600	182	0
601	204	0
602	173	0
603	175	0
604	214	0
605	203	0
606	191	0
607	179	0
608	197	0
609	194	0
610	188	0
611	216	0
612	202	0
613	179	0
614	204	0
615	195	0
616	184	0
617	185	0
618	205	0
619	215	0
620	210	0
621	188	0
622	221	0
623	186	0
624	195	0
625	209	0
626	186	0
627	182	0
628	218	0
629	198	0
630	183	0
631	210	0
632	182	0
633	200	0
634	192	0
635	195	0
636	188	0
637	209	0
638	183	0
639	181	0
640	204	0
641	189	0
642	199	0
643	186	0
644	211	0
645	193	0
646	195	0
647	209	0
648	242	0
649	221	0
650	192	0
651	214	0
652	171	0
653	174	0
654	202	0
655	195	0
656	188	0
657	182	0
658	196	0
659	210	0
660	217	0
661	205	0
662	231	0
663	181	0
664	212	0
665	200	0
666	196	0
667	218	0
668	209	0
669	214	0
670	215	0
671	199	0
672	151	0
673	207	0
674	189	0
675	214	0
676	172	0
677	191	0
678	179	0
679	191	0
680	198	0
681	209	0
682	164	0
683	203	0
684	213	0
685	170	0
686	193	0
687	197	0
688	183	0
689	178	0
690	222	0
691	174	0
692	181	0
693	163	0
694	180	0
695	193	0
696	194	0
697	174	0
698	205	0
699	180	0
700	186	0
701	188	0
702	193	0
703	198	0
704	207	0
705	208	0
706	189	0
707	227	0
708	207	0
709	209	0
710	226	0
711	172	0
712	208	0
713	184	0
714	179	0
715	211	0
716	167	0
717	195	0
718	200	0
719	204	0
720	192	0
721	195	0
722	212	0
723	179	0
724	183	0
725	190	0
726	203	0
727	213	0
728	177	0
729	189	0
730	194	0
731	233	0
732	174	0
733	198	0
734	195	0
735	181	0
736	199	0
737	202	0
738	190	0
739	200	0
740	205	0
741	201	0
742	196	0
743	186	0
744	200	0
745	207	0
746	189	0
747	183	0
748	197	0
749	179	0
750	202	0
751	208	0
752	209	0
753	223	0
754	180	0
755	219	0
756	183	0
757	193	0
758	213	0
759	187	0
760	184	0
761	200	0
762	206	0
763	174	0
764	173	0
765	186	0
766	197	0
767	208	0
768	192	0
769	181	0
770	173	0
771	208	0
772	189	0
773	178	0
774	188	0
775	192	0
776	222	0
777	183	0
778	209	0
779	210	0
780	179	0
781	194	0
782	213	0
783	194	0
784	209	0
785	204	0
786	191	0
787	217	0
788	210	0
789	189	0
790	200	0
791	168	0
792	212	0
793	189	0
794	189	0
795	177	0
796	205	0
797	193	0
798	196	0
799	222	0
800	208	0
801	186	0
802	191	0
803	191	0
804	205	0
805	176	0
806	164	0
807	207	0
808	193	0
809	184	0
810	192	0
811	181	0
812	215	0
813	189	0
814	195	0
815	190	0
816	231	0
817	214	0
818	192	0
819	206	0
820	181	0
821	207	0
822	198	0
823	194	0
824	224	0
825	193	0
826	190	0
827	192	0
828	217	0
829	188	0
830	194	0
831	176	0
832	188	0
833	205	0
834	195	0
835	181	0
836	206	0
837	190	0
838	212	0
839	191	0
840	195	0
841	176	0
842	193	0
843	206	0
844	176	0
845	177	0
846	187	0
847	217	0
848	178	0
849	181	0
850	213	0
851	189	0
852	199	0
853	214	0
854	201	0
855	196	0
856	184	0
857	211	0
858	184	0
859	222	0
860	196	0
861	199	0
862	189	0
863	176	0
864	206	0
865	186	0
866	206	0
867	200	0
868	193	0
869	234	0
870	216	0
871	222	0
872	202	0
873	198	0
874	205	0
875	177	0
876	203	0
877	174	0
878	202	0
879	210	0
880	190	0
881	193	0
882	169	0
883	208	0
884	198	0
885	208	0
886	188	0
887	193	0
888	193	0
889	217	0
890	193	0
891	196	0
892	204	0
893	211	0
894	218	0
895	210	0
896	194	0
897	212	0
898	184	0
899	168	0
900	191	0
901	186	0
902	180	0
903	195	0
904	196	0
905	183	0
906	181	0
907	202	0
908	200	0
909	215	0
910	144	0
911	163	0
912	185	0
913	195	0
914	198	0
915	171	0
916	185	0
917	198	0
918	190	0
919	200	0
920	215	0
921	189	0
922	205	0
923	201	0
924	188	0
925	218	0
926	195	0
927	233	0
928	187	0
929	205	0
930	165	0
931	209	0
932	192	0
933	247	0
934	183	0
935	174	0
936	185	0
937	221	0
938	182	0
939	193	0
940	227	0
941	205	0
942	194	0
943	187	0
944	198	0
945	208	0
946	171	0
947	199	0
948	186	0
949	210	0
950	209	0
951	189	0
952	198	0
953	225	0
954	166	0
955	159	0
956	205	0
957	191	0
958	223	0
959	203	0
960	202	0
961	186	0
962	203	0
963	202	0
964	205	0
965	208	0
966	197	0
967	227	0
968	190	0
969	182	0
970	201	0
971	192	0
972	197	0
973	217	0
974	174	0
975	217	0
976	198	0
977	203	0
978	220	0
979	208	0
980	211	0
981	176	0
982	176	0
983	193	0
984	201	0
985	187	0
986	198	0
987	218	0
988	204	0
989	200	0
990	209	0
991	222	0
992	208	0
993	204	0
994	184	0
995	187	0
996	198	0
997	199	0
998	199	0
999	187	0
1000	198	0
1001	239	0
1002	203	0
1003	202	0
1004	222	0
1005	182	0
1006	181	0
1007	203	0
1008	197	0
1009	197	0
1010	200	0
1011	184	0
1012	190	0
1013	190	0
1014	171	0
1015	208	0
1016	196	0
1017	216	0
1018	196	0
1019	192	0
1020	211	0
1021	191	0
1022	194	0
1023	208	0
1024	185	0
1025	210	0
1026	202	0
1027	196	0
1028	185	0
1029	205	0
1030	185	0
1031	187	0
1032	175	0
1033	212	0
1034	191	0
1035	204	0
1036	193	0
1037	208	0
1038	198	0
1039	185	0
1040	189	0
1041	195	0
1042	205	0
1043	216	0
1044	193	0
1045	190	0
1046	233	0
1047	175	0
1048	203	0
1049	227	0
1050	194	0
1051	236	0
1052	183	0
1053	197	0
1054	169	0
1055	191	0
1056	196	0
1057	208	0
1058	192	0
1059	223	0
1060	176	0
1061	231	0
1062	187	0
1063	205	0
1064	169	0
1065	194	0
1066	187	0
1067	205	0
1068	203	0
1069	198	0
1070	210	0
1071	190	0
1072	208	0
1073	188	0
1074	221	0
1075	188	0
1076	202	0
1077	193	0
1078	183	0
1079	184	0
1080	163	0
1081	192	0
1082	220	0
1083	191	0
1084	221	0
1085	202	0
1086	206	0
1087	206	0
1088	182	0
1089	179	0
1090	206	0
1091	174	0
1092	175	0
1093	188	0
1094	183	0
1095	219	0
1096	201	0
1097	217	0
1098	209	0
1099	199	0
1100	193	0
1101	227	0
1102	201	0
1103	196	0
1104	207	0
1105	172	0
1106	185	0
1107	207	0
1108	214	0
1109	191	0
1110	211	0
1111	174	0
1112	187	0
1113	179	0
1114	191	0
1115	191	0
1116	192	0
1117	191	0
1118	208	0
1119	174	0
1120	189	0
1121	189	0
1122	212	0
1123	212	0
1124	185	0
1125	170	0
1126	196	0
1127	193	0
1128	180	0
1129	201	0
1130	211	0
1131	214	0
1132	189	0
1133	203	0
1134	191	0
1135	186	0
1136	183	0
1137	220	0
1138	212	0
1139	218	0
1140	217	0
1141	174	0
1142	233	0
1143	180	0
1144	184	0
1145	215	0
1146	218	0
1147	215	0
1148	191	0
1149	175	0
1150	205	0
1151	226	0
1152	193	0
1153	204	0
1154	221	0
1155	182	0
1156	202	0
1157	199	0
1158	215	0
1159	193	0
1160	184	0
1161	211	0
1162	192	0
1163	204	0
1164	202	0
1165	188	0
1166	211	0
1167	188	0
1168	165	0
1169	221	0
1170	165	0
1171	183	0
1172	222	0
1173	190	0
1174	193	0
1175	186	0
1176	185	0
1177	214	0
1178	203	0
1179	240	0
1180	222	0
1181	199	0
1182	202	0
1183	186	0
1184	205	0
1185	196	0
1186	176	0
1187	242	0
1188	209	0
1189	214	0
1190	204	0
1191	180	0
1192	182	0
1193	172	0
1194	186	0
1195	211	0
1196	183	0
1197	178	0
1198	207	0
1199	189	0
1200	198	0
1201	212	0
1202	193	0
1203	177	0
1204	196	0
1205	170	0
1206	182	0
1207	198	0
1208	196	0
1209	190	0
1210	212	0
1211	210	0
1212	181	0
1213	196	0
1214	229	0
1215	192	0
1216	176	0
1217	207	0
1218	207	0
1219	186	0
1220	198	0
1221	214	0
1222	185	0
1223	202	0
1224	238	0
1225	189	0
1226	218	0
1227	200	0
1228	189	0
1229	195	0
1230	164	0
1231	203	0
1232	208	0
1233	178	0
1234	218	0
1235	181	0
1236	189	0
1237	214	0
1238	218	0
1239	211	0
1240	190	0
1241	180	0
1242	197	0
1243	183	0
1244	209	0
1245	189	0
1246	204	0
1247	200	0
1248	193	0
1249	200	0
1250	200	0
1251	169	0
1252	192	0
1253	192	0
1254	187	0
1255	203	0
1256	203	0
1257	199	0
1258	188	0
1259	175	0
1260	205	0
1261	205	0
1262	202	0
1263	194	0
1264	220	0
1265	211	0
1266	206	0
1267	192	0
1268	217	0
1269	189	0
1270	203	0
1271	181	0
1272	182	0
1273	209	0
1274	185	0
1275	207	0
1276	192	0
1277	194	0
1278	196	0
1279	189	0
1280	213	0
1281	198	0
1282	215	0
1283	197	0
1284	197	0
1285	201	0
1286	200	0
1287	186	0
1288	173	0
1289	197	0
1290	208	0
1291	196	0
1292	223	0
1293	206	0
1294	203	0
1295	212	0
1296	175	0
1297	197	0
1298	170	0
1299	188	0
1300	188	0
1301	185	0
1302	191	0
1303	186	0
1304	201	0
1305	155	0
1306	179	0
1307	212	0
1308	192	0
1309	180	0
1310	207	0
1311	186	0
1312	215	0
1313	209	0
1314	203	0
1315	188	0
1316	188	0
1317	192	0
1318	198	0
1319	178	0
1320	195	0
1321	213	0
1322	197	0
1323	184	0
1324	199	0
1325	202	0
1326	192	0
1327	226	0
1328	208	0
1329	183	0
1330	204	0
1331	201	0
1332	182	0
1333	184	0
1334	206	0
1335	194	0
1336	212	0
1337	195	0
1338	217	0
1339	232	0
1340	210	0
1341	211	0
1342	211	0
1343	198	0
1344	199	0
1345	197	0
1346	201	0
1347	196	0
1348	195	0
1349	203	0
1350	208	0
1351	209	0
1352	199	0
1353	187	0
1354	197	0
1355	224	0
1356	193	0
1357	199	0
1358	194	0
1359	200	0
1360	196	0
1361	215	0
1362	175	0
1363	199	0
1364	206	0
1365	202	0
1366	194	0
1367	216	0
1368	209	0
1369	204	0
1370	178	0
1371	184	0
1372	196	0
1373	182	0
1374	204	0
1375	202	0
1376	207	0
1377	209	0
1378	198	0
1379	186	0
1380	202	0
1381	205	0
1382	220	0
1383	204	0
1384	183	0
1385	220	0
1386	186	0
1387	178	0
1388	191	0
1389	188	0
1390	177	0
1391	182	0
1392	205	0
1393	175	0
1394	200	0
1395	189	0
1396	195	0
1397	171	0
1398	209	0
1399	178	0
1400	187	0
1401	210	0
1402	204	0
1403	202	0
1404	210	0
1405	179	0
1406	186	0
1407	194	0
1408	213	0
1409	193	0
1410	228	0
1411	199	0
1412	203	0
1413	213	0
1414	203	0
1415	183	0
1416	203	0
1417	179	0
1418	218	0
1419	189	0
1420	199	0
1421	191	0
1422	191	0
1423	205	0
1424	184	0
1425	209	0
1426	199	0
1427	216	0
1428	187	0
1429	196	0
1430	194	0
1431	184	0
1432	173	0
1433	208	0
1434	176	0
1435	212	0
1436	186	0
1437	180	0
1438	199	0
1439	244	0
1440	197	0
1441	209	0
1442	214	0
1443	212	0
1444	193	0
1445	193	0
1446	206	0
1447	196	0
1448	206	0
1449	194	0
1450	192	0
1451	211	0
1452	203	0
1453	195	0
1454	204	0
1455	212	0
1456	189	0
1457	200	0
1458	175	0
1459	199	0
1460	205	0
1461	205	0
1462	202	0
1463	209	0
1464	222	0
1465	207	0
1466	187	0
1467	200	0
1468	206	0
1469	201	0
1470	181	0
1471	196	0
1472	205	0
1473	181	0
1474	177	0
1475	228	0
1476	206	0
1477	210	0
1478	214	0
1479	165	0
1480	178	0
1481	201	0
1482	192	0
1483	193	0
1484	183	0
1485	186	0
1486	197	0
1487	188	0
1488	189	0
1489	190	0
1490	213	0
1491	213	0
1492	194	0
1493	223	0
1494	198	0
1495	191	0
1496	205	0
1497	197	0
1498	167	0
1499	215	0
1500	242	0
1501	175	0
1502	191	0
1503	199	0
1504	178	0
1505	200	0
1506	175	0
1507	183	0
1508	203	0
1509	197	0
1510	179	0
1511	211	0
1512	203	0
1513	222	0
1514	196	0
1515	201	0
1516	208	0
1517	183	0
1518	203	0
1519	195	0
1520	189	0
1521	180	0
1522	200	0
1523	193	0
1524	197	0
1525	188	0
1526	178	0
1527	208	0
1528	194	0
1529	197	0
1530	181	0
1531	171	0
1532	196	0
1533	210	0
1534	198	0
1535	197	0
1536	181	0
1537	196	0
1538	183	0
1539	172	0
1540	193	0
1541	170	0
1542	209	0
1543	218	0
1544	188	0
1545	212	0
1546	185	0
1547	183	0
1548	190	0
1549	178	0
1550	195	0
1551	217	0
1552	197	0
1553	190	0
1554	189	0
1555	183	0
1556	171	0
1557	202	0
1558	223	0
1559	205	0
1560	176	0
1561	196	0
1562	182	0
1563	206	0
1564	159	0
1565	222	0
1566	193	0
1567	189	0
1568	194	0
1569	201	0
1570	191	0
1571	213	0
1572	190	0
1573	206	0
1574	190	0
1575	214	0
1576	195	0
1577	177	0
1578	195	0
1579	203	0
1580	173	0
1581	202	0
1582	199	0
1583	213	0
1584	208	0
1585	188	0
1586	185	0
1587	219	0
1588	171	0
1589	222	0
1590	175	0
1591	179	0
1592	212	0
1593	202	0
1594	228	0
1595	204	0
1596	188	0
1597	192	0
1598	167	0
1599	202	0
1600	219	0
1601	173	0
1602	182	0
1603	196	0
1604	198	0
1605	204	0
1606	202	0
1607	174	0
1608	179	0
1609	178	0
1610	190	0
1611	224	0
1612	235	0
1613	201	0
1614	219	0
1615	180	0
1616	190	0
1617	212	0
1618	226	0
1619	192	0
1620	197	0
1621	216	0
1622	214	0
1623	182	0
1624	218	0
1625	203	0
1626	197	0
1627	179	0
1628	203	0
1629	216	0
1630	196	0
1631	199	0
1632	204	0
1633	172	0
1634	193	0
1635	201	0
1636	180	0
1637	214	0
1638	206	0
1639	208	0
1640	203	0
1641	220	0
1642	215	0
1643	195	0
1644	216	0
1645	185	0
1646	192	0
1647	205	0
1648	197	0
1649	196	0
1650	205	0
1651	199	0
1652	191	0
1653	216	0
1654	183	0
1655	156	0
1656	200	0
1657	201	0
1658	216	0
1659	193	0
1660	189	0
1661	219	0
1662	221	0
1663	218	0
1664	210	0
1665	226	0
1666	164	0
1667	184	0
1668	204	0
1669	181	0
1670	193	0
1671	190	0
1672	191	0
1673	216	0
1674	204	0
1675	214	0
1676	196	0
1677	196	0
1678	184	0
1679	182	0
1680	184	0
1681	200	0
1682	200	0
1683	195	0
1684	203	0
1685	219	0
1686	229	0
1687	188	0
1688	208	0
1689	204	0
1690	200	0
1691	194	0
1692	195	0
1693	190	0
1694	182	0
1695	192	0
1696	182	0
1697	206	0
1698	198	0
1699	191	0
1700	196	0
1701	186	0
1702	188	0
1703	206	0
1704	196	0
1705	194	0
1706	209	0
1707	181	0
1708	198	0
1709	186	0
1710	173	0
1711	190	0
1712	220	0
1713	185	0
1714	201	0
1715	225	0
1716	168	0
1717	198	0
1718	198	0
1719	201	0
1720	198	0
1721	213	0
1722	209	0
1723	173	0
1724	180	0
1725	189	0
1726	187	0
1727	183	0
1728	220	0
1729	210	0
1730	192	0
1731	233	0
1732	193	0
1733	158	0
1734	192	0
1735	181	0
1736	202	0
1737	209	0
1738	184	0
1739	178	0
1740	207	0
1741	209	0
1742	209	0
1743	190	0
1744	199	0
1745	197	0
1746	214	0
1747	191	0
1748	214	0
1749	191	0
1750	183	0
1751	176	0
1752	206	0
1753	195	0
1754	212	0
1755	186	0
1756	213	0
1757	209	0
1758	175	0
1759	207	0
1760	194	0
1761	196	0
1762	180	0
1763	192	0
1764	213	0
1765	209	0
1766	178	0
1767	202	0
1768	157	0
1769	193	0
1770	182	0
1771	183	0
1772	196	0
1773	214	0
1774	210	0
1775	187	0
1776	196	0
1777	179	0
1778	212	0
1779	213	0
1780	160	0
1781	200	0
1782	194	0
1783	224	0
1784	206	0
1785	215	0
1786	219	0
1787	193	0
1788	203	0
1789	213	0
1790	217	0
1791	196	0
1792	213	0
1793	200	0
1794	194	0
1795	210	0
1796	206	0
1797	213	0
1798	211	0
1799	196	0
1800	227	0
1801	222	0
1802	188	0
1803	176	0
1804	163	0
1805	213	0
1806	218	0
1807	212	0
1808	197	0
1809	221	0
1810	187	0
1811	208	0
1812	186	0
1813	209	0
1814	181	0
1815	200	0
1816	183	0
1817	196	0
1818	191	0
1819	205	0
1820	197	0
1821	196	0
1822	216	0
1823	213	0
1824	212	0
1825	198	0
1826	196	0
1827	174	0
1828	202	0
1829	203	0
1830	172	0
1831	166	0
1832	197	0
1833	186	0
1834	206	0
1835	193	0
1836	190	0
1837	218	0
1838	175	0
1839	205	0
1840	188	0
1841	204	0
1842	204	0
1843	210	0
1844	218	0
1845	196	0
1846	181	0
1847	210	0
1848	198	0
1849	209	0
1850	201	0
1851	193	0
1852	216	0
1853	194	0
1854	196	0
1855	190	0
1856	209	0
1857	226	0
1858	192	0
1859	198	0
1860	195	0
1861	179	0
1862	197	0
1863	186	0
1864	218	0
1865	215	0
1866	212	0
1867	200	0
1868	193	0
1869	208	0
1870	196	0
1871	204	0
1872	215	0
1873	201	0
1874	193	0
1875	199	0
1876	213	0
1877	189	0
1878	191	0
1879	202	0
1880	200	0
1881	186	0
1882	185	0
1883	200	0
1884	226	0
1885	195	0
1886	177	0
1887	199	0
1888	197	0
1889	198	0
1890	195	0
1891	202	0
1892	192	0
1893	181	0
1894	200	0
1895	188	0
1896	212	0
1897	183	0
1898	206	0
1899	217	0
1900	189	0
1901	203	0
1902	212	0
1903	163	0
1904	202	0
1905	180	0
1906	190	0
1907	172	0
1908	206	0
1909	193	0
1910	203	0
1911	193	0
1912	191	0
1913	174	0
1914	195	0
1915	234	0
1916	180	0
1917	190	0
1918	186	0
1919	201	0
1920	209	0
1921	208	0
1922	197	0
1923	179	0
1924	193	0
1925	180	0
1926	201	0
1927	202	0
1928	225	0
1929	183	0
1930	178	0
1931	189	0
1932	225	0
1933	181	0
1934	187	0
1935	211	0
1936	190	0
1937	177	0
1938	204	0
1939	188	0
1940	204	0
1941	192	0
1942	171	0
1943	197	0
1944	197	0
1945	198	0
1946	205	0
1947	196	0
1948	198	0
1949	189	0
1950	188	0
1951	190	0
1952	215	0
1953	200	0
1954	194	0
1955	204	0
1956	192	0
1957	191	0
1958	184	0
1959	204	0
1960	174	0
1961	200	0
1962	193	0
1963	223	0
1964	218	0
1965	188	0
1966	205	0
1967	204	0
1968	182	0
1969	201	0
1970	208	0
1971	197	0
1972	188	0
1973	189	0
1974	208	0
1975	182	0
1976	209	0
1977	210	0
1978	189	0
1979	207	0
1980	182	0
1981	196	0
1982	200	0
1983	173	0
1984	195	0
1985	180	0
1986	231	0
1987	200	0
1988	216	0
1989	221	0
1990	194	0
1991	193	0
1992	169	0
1993	191	0
1994	196	0
1995	196	0
1996	201	0
1997	185	0
1998	195	0
1999	196	0
2000	197	0
2001	187	0
2002	197	0
2003	181	0
2004	172	0
2005	190	0
2006	194	0
2007	214	0
2008	192	0
2009	191	0
2010	185	0
2011	201	0
2012	187	0
2013	188	0
2014	176	0
2015	202	0
2016	213	0
2017	212	0
2018	212	0
2019	205	0
2020	204	0
2021	213	0
2022	196	0
2023	196	0
2024	174	0
2025	193	0
2026	225	0
2027	197	0
2028	199	0
2029	218	0
2030	195	0
2031	176	0
2032	215	0
2033	186	0
2034	216	0
2035	201	0
2036	187	0
2037	164	0
2038	214	0
2039	177	0
2040	184	0
2041	213	0
2042	174	0
2043	219	0
2044	176	0
2045	235	0
2046	201	0
2047	209	0
2048	217	0
2049	199	0
2050	216	0
2051	207	0
2052	198	0
2053	190	0
2054	219	0
2055	215	0
2056	203	0
2057	204	0
2058	204	0
2059	185	0
2060	188	0
2061	215	0
2062	190	0
2063	186	0
2064	201	0
2065	211	0
2066	197	0
2067	212	0
2068	214	0
2069	206	0
2070	210	0
2071	191	0
2072	172	0
2073	215	0
2074	200	0
2075	185	0
2076	187	0
2077	187	0
2078	233	0
2079	178	0
2080	210	0
2081	230	0
2082	170	0
2083	175	0
2084	189	0
2085	208	0
2086	191	0
2087	200	0
2088	194	0
2089	192	0
2090	213	0
2091	215	0
2092	211	0
2093	201	0
2094	215	0
2095	197	0
2096	200	0
2097	200	0
2098	171	0
2099	206	0
2100	205	0
2101	210	0
2102	184	0
2103	197	0
2104	213	0
2105	215	0
2106	195	0
2107	204	0
2108	171	0
2109	203	0
2110	198	0
2111	191	0
2112	225	0
2113	219	0
2114	219	0
2115	210	0
2116	173	0
2117	181	0
2118	202	0
2119	202	0
2120	203	0
2121	194	0
2122	211	0
2123	209	0
2124	165	0
2125	186	0
2126	202	0
2127	191	0
2128	199	0
2129	184	0
2130	193	0
2131	213	0
2132	189	0
2133	218	0
2134	197	0
2135	192	0
2136	173	0
2137	190	0
2138	186	0
2139	191	0
2140	183	0
2141	189	0
2142	213	0
2143	169	0
2144	192	0
2145	174	0
2146	204	0
2147	203	0
2148	185	0
2149	240	0
2150	193	0
2151	211	0
2152	184	0
2153	179	0
2154	182	0
2155	195	0
2156	187	0
2157	178	0
2158	204	0
2159	204	0
2160	179	0
2161	205	0
2162	219	0
2163	197	0
2164	203	0
2165	206	0
2166	173	0
2167	183	0
2168	211	0
2169	195	0
2170	190	0
2171	179	0
2172	210	0
2173	212	0
2174	214	0
2175	215	0
2176	193	0
2177	202	0
2178	191	0
2179	222	0
2180	195	0
2181	201	0
2182	205	0
2183	211	0
2184	182	0
2185	202	0
2186	216	0
2187	212	0
2188	226	0
2189	200	0
2190	192	0
2191	226	0
2192	190	0
2193	198	0
2194	192	0
2195	216	0
2196	179	0
2197	208	0
2198	175	0
2199	214	0
2200	198	0
2201	198	0
2202	195	0
2203	208	0
2204	187	0
2205	182	0
2206	202	0
2207	189	0
2208	215	0
2209	228	0
2210	192	0
2211	209	0
2212	209	0
2213	201	0
2214	197	0
2215	205	0
2216	195	0
2217	206	0
2218	186	0
2219	184	0
2220	187	0
2221	201	0
2222	191	0
2223	208	0
2224	192	0
2225	211	0
2226	202	0
2227	199	0
2228	217	0
2229	197	0
2230	192	0
2231	213	0
2232	213	0
2233	177	0
2234	200	0
2235	198	0
2236	183	0
2237	190	0
2238	178	0
2239	206	0
2240	183	0
2241	200	0
2242	177	0
2243	172	0
2244	211	0
2245	223	0
2246	194	0
2247	162	0
2248	171	0
2249	190	0
2250	199	0
2251	183	0
2252	207	0
2253	189	0
2254	209	0
2255	214	0
2256	223	0
2257	217	0
2258	194	0
2259	197	0
2260	216	0
2261	181	0
2262	198	0
2263	206	0
2264	185	0
2265	204	0
2266	198	0
2267	209	0
2268	191	0
2269	183	0
2270	188	0
2271	199	0
2272	209	0
2273	190	0
2274	183	0
2275	200	0
2276	195	0
2277	185	0
2278	192	0
2279	200	0
2280	195	0
2281	191	0
2282	182	0
2283	189	0
2284	177	0
2285	186	0
2286	203	0
2287	188	0
2288	184	0
2289	201	0
2290	181	0
2291	181	0
2292	229	0
2293	190	0
2294	196	0
2295	218	0
2296	186	0
2297	204	0
2298	244	0
2299	199	0
2300	192	0
2301	192	0
2302	212	0
2303	191	0
2304	214	0
2305	209	0
2306	184	0
2307	187	0
2308	211	0
2309	174	0
2310	204	0
2311	212	0
2312	204	0
2313	207	0
2314	194	0
2315	197	0
2316	210	0
2317	194	0
2318	184	0
2319	185	0
2320	181	0
2321	217	0
2322	177	0
2323	233	0
2324	196	0
2325	178	0
2326	202	0
2327	198	0
2328	174	0
2329	194	0
2330	198	0
2331	226	0
2332	202	0
2333	177	0
2334	180	0
2335	185	0
2336	192	0
2337	207	0
2338	174	0
2339	202	0
2340	194	0
2341	201	0
2342	180	0
2343	178	0
2344	212	0
2345	184	0
2346	217	0
2347	144	0
2348	204	0
2349	212	0
2350	197	0
2351	189	0
2352	181	0
2353	207	0
2354	203	0
2355	182	0
2356	210	0
2357	183	0
2358	216	0
2359	196	0
2360	181	0
2361	186	0
2362	149	0
2363	210	0
2364	197	0
2365	190	0
2366	218	0
2367	209	0
2368	212	0
2369	205	0
2370	206	0
2371	183	0
2372	201	0
2373	233	0
2374	185	0
2375	178	0
2376	215	0
2377	182	0
2378	199	0
2379	185	0
2380	168	0
2381	209	0
2382	179	0
2383	171	0
2384	194	0
2385	196	0
2386	211	0
2387	193	0
2388	221	0
2389	194	0
2390	212	0
2391	203	0
2392	215	0
2393	194	0
2394	220	0
2395	186	0
2396	216	0
2397	219	0
2398	172	0
2399	197	0
2400	206	0
2401	198	0
2402	181	0
2403	189	0
2404	206	0
2405	181	0
2406	187	0
2407	193	0
2408	176	0
2409	208	0
2410	190	0
2411	199	0
2412	219	0
2413	190	0
2414	201	0
2415	204	0
2416	199	0
2417	201	0
2418	183	0
2419	193	0
2420	208	0
2421	198	0
2422	200	0
2423	172	0
2424	196	0
2425	202	0
2426	222	0
2427	176	0
2428	195	0
2429	193	0
2430	196	0
2431	213	0
2432	200	0
2433	194	0
2434	199	0
2435	175	0
2436	186	0
2437	217	0
2438	209	0
2439	175	0
2440	190	0
2441	199	0
2442	184	0
2443	216	0
2444	194	0
2445	197	0
2446	205	0
2447	207	0
2448	190	0
2449	210	0
2450	214	0
2451	192	0
2452	207	0
2453	187	0
2454	171	0
2455	210	0
2456	194	0
2457	187	0
2458	193	0
2459	192	0
2460	180	0
2461	178	0
2462	212	0
2463	208	0
2464	193	0
2465	225	0
2466	220	0
2467	186	0
2468	201	0
2469	192	0
2470	204	0
2471	209	0
2472	190	0
2473	192	0
2474	209	0
2475	215	0
2476	175	0
2477	179	0
2478	205	0
2479	174	0
2480	191	0
2481	199	0
2482	188	0
2483	209	0
2484	185	0
2485	210	0
2486	194	0
2487	209	0
2488	183	0
2489	213	0
2490	194	0
2491	215	0
2492	193	0
2493	207	0
2494	201	0
2495	205	0
2496	215	0
2497	206	0
2498	192	0
2499	190	0
2500	172	0
2501	204	0
2502	194	0
2503	198	0
2504	184	0
2505	187	0
2506	200	0
2507	185	0
2508	221	0
2509	201	0
2510	201	0
2511	214	0
2512	176	0
2513	193	0
2514	210	0
2515	202	0
2516	185	0
2517	191	0
2518	179	0
2519	215	0
2520	228	0
2521	221	0
2522	173	0
2523	191	0
2524	205	0
2525	204	0
2526	210	0
2527	210	0
2528	186	0
2529	192	0
2530	213	0
2531	196	0
2532	195	0
2533	172	0
2534	184	0
2535	218	0
2536	175	0
2537	196	0
2538	202	0
2539	204	0
2540	194	0
2541	213	0
2542	199	0
2543	198	0
2544	170	0
2545	185	0
2546	210	0
2547	188	0
2548	195	0
2549	195	0
2550	186	0
2551	211	0
2552	194	0
2553	176	0
2554	211	0
2555	189	0
2556	203	0
2557	191	0
2558	190	0
2559	201	0
2560	216	0
2561	213	0
2562	191	0
2563	189	0
2564	201	0
2565	195	0
2566	172	0
2567	204	0
2568	185	0
2569	202	0
2570	177	0
2571	183	0
2572	192	0
2573	214	0
2574	200	0
2575	189	0
2576	199	0
2577	206	0
2578	184	0
2579	182	0
2580	232	0
2581	204	0
2582	195	0
2583	203	0
2584	183	0
2585	210	0
2586	208	0
2587	204	0
2588	192	0
2589	197	0
2590	214	0
2591	200	0
2592	220	0
2593	189	0
2594	196	0
2595	214	0
2596	182	0
2597	191	0
2598	205	0
2599	228	0
2600	198	0
2601	205	0
2602	219	0
2603	222	0
2604	179	0
2605	204	0
2606	214	0
2607	204	0
2608	211	0
2609	228	0
2610	196	0
2611	192	0
2612	182	0
2613	203	0
2614	205	0
2615	196	0
2616	175	0
2617	166	0
2618	167	0
2619	224	0
2620	206	0
2621	176	0
2622	187	0
2623	187	0
2624	190	0
2625	207	0
2626	213	0
2627	189	0
2628	203	0
2629	198	0
2630	191	0
2631	192	0
2632	217	0
2633	189	0
2634	214	0
2635	199	0
2636	160	0
2637	194	0
2638	175	0
2639	181	0
2640	204	0
2641	222	0
2642	219	0
2643	195	0
2644	200	0
2645	199	0
2646	195	0
2647	177	0
2648	177	0
2649	209	0
2650	186	0
2651	178	0
2652	222	0
2653	175	0
2654	194	0
2655	206	0
2656	187	0
2657	212	0
2658	192	0
2659	204	0
2660	191	0
2661	191	0
2662	203	0
2663	198	0
2664	181	0
2665	183	0
2666	219	0
2667	189	0
2668	202	0
2669	178	0
2670	193	0
2671	209	0
2672	206	0
2673	180	0
2674	202	0
2675	198	0
2676	206	0
2677	208	0
2678	170	0
2679	169	0
2680	214	0
2681	210	0
2682	180	0
2683	198	0
2684	179	0
2685	193	0
2686	193	0
2687	211	0
2688	181	0
2689	189	0
2690	199	0
2691	190	0
2692	200	0
2693	174	0
2694	222	0
2695	203	0
2696	177	0
2697	183	0
2698	182	0
2699	214	0
2700	184	0
2701	226	0
2702	203	0
2703	225	0
2704	197	0
2705	193	0
2706	194	0
2707	197	0
2708	224	0
2709	182	0
2710	200	0
2711	216	0
2712	208	0
2713	180	0
2714	171	0
2715	200	0
2716	204	0
2717	200	0
2718	194	0
2719	168	0
2720	216	0
2721	245	0
2722	180	0
2723	183	0
2724	190	0
2725	183	0
2726	235	0
2727	216	0
2728	180	0
2729	202	0
2730	207	0
2731	214	0
2732	198	0
2733	201	0
2734	212	0
2735	164	0
2736	197	0
2737	235	0
2738	184	0
2739	177	0
2740	188	0
2741	205	0
2742	205	0
2743	193	0
2744	213	0
2745	216	0
2746	189	0
2747	224	0
2748	188	0
2749	205	0
2750	195	0
2751	205	0
2752	206	0
2753	202	0
2754	205	0
2755	204	0
2756	212	0
2757	223	0
2758	203	0
2759	186	0
2760	190	0
2761	183	0
2762	193	0
2763	198	0
2764	174	0
2765	208	0
2766	182	0
2767	217	0
2768	194	0
2769	212	0
2770	222	0
2771	190	0
2772	175	0
2773	210	0
2774	197	0
2775	235	0
2776	210	0
2777	192	0
2778	197	0
2779	225	0
2780	221	0
2781	210	0
2782	187	0
2783	194	0
2784	151	0
2785	194	0
2786	197	0
2787	179	0
2788	180	0
2789	187	0
2790	226	0
2791	234	0
2792	165	0
2793	191	0
2794	198	0
2795	217	0
2796	201	0
2797	171	0
2798	197	0
2799	207	0
2800	202	0
2801	202	0
2802	195	0
2803	193	0
2804	196	0
2805	175	0
2806	203	0
2807	202	0
2808	174	0
2809	193	0
2810	182	0
2811	185	0
2812	194	0
2813	212	0
2814	197	0
2815	200	0
2816	193	0
2817	201	0
2818	179	0
2819	224	0
2820	168	0
2821	210	0
2822	181	0
2823	210	0
2824	198	0
2825	183	0
2826	201	0
2827	195	0
2828	202	0
2829	191	0
2830	176	0
2831	183	0
2832	181	0
2833	200	0
2834	180	0
2835	200	0
2836	191	0
2837	186	0
2838	181	0
2839	194	0
2840	193	0
2841	196	0
2842	193	0
2843	196	0
2844	215	0
2845	189	0
2846	203	0
2847	199	0
2848	181	0
2849	176	0
2850	206	0
2851	194	0
2852	187	0
2853	225	0
2854	195	0
2855	191	0
2856	204	0
2857	219	0
2858	206	0
2859	221	0
2860	184	0
2861	205	0
2862	235	0
2863	183	0
2864	204	0
2865	182	0
2866	224	0
2867	184	0
2868	187	0
2869	181	0
2870	212	0
2871	185	0
2872	226	0
2873	193	0
2874	181	0
2875	200	0
2876	214	0
2877	217	0
2878	206	0
2879	191	0
2880	216	0
2881	208	0
2882	196	0
2883	197	0
2884	204	0
2885	195	0
2886	177	0
2887	207	0
2888	171	0
2889	197	0
2890	218	0
2891	177	0
2892	189	0
2893	177	0
2894	196	0
2895	223	0
2896	196	0
2897	181	0
2898	186	0
2899	202	0
2900	225	0
2901	223	0
2902	193	0
2903	186	0
2904	185	0
2905	173	0
2906	191	0
2907	196	0
2908	191	0
2909	190	0
2910	216	0
2911	199	0
2912	192	0
2913	195	0
2914	181	0
2915	209	0
2916	196	0
2917	193	0
2918	200	0
2919	187	0
2920	182	0
2921	186	0
2922	198	0
2923	202	0
2924	181	0
2925	188	0
2926	210	0
2927	185	0
2928	176	0
2929	215	0
2930	210	0
2931	168	0
2932	193	0
2933	190	0
2934	212	0
2935	187	0
2936	163	0
2937	200	0
2938	188	0
2939	219	0
2940	200	0
2941	204	0
2942	229	0
2943	205	0
2944	186	0
2945	175	0
2946	213	0
2947	185	0
2948	179	0
2949	219	0
2950	194	0
2951	221	0
2952	200	0
2953	201	0
2954	192	0
2955	185	0
2956	187	0
2957	195	0
2958	184	0
2959	211	0
2960	187	0
2961	200	0
2962	220	0
2963	207	0
2964	173	0
2965	187	0
2966	169	0
2967	177	0
2968	181	0
2969	202	0
2970	205	0
2971	188	0
2972	193	0
2973	206	0
2974	204	0
2975	229	0
2976	190	0
2977	218	0
2978	210	0
2979	187	0
2980	211	0
2981	191	0
2982	208	0
2983	195	0
2984	206	0
2985	201	0
2986	191	0
2987	209	0
2988	171	0
2989	194	0
2990	201	0
2991	209	0
2992	211	0
2993	221	0
2994	165	0
2995	230	0
2996	200	0
2997	208	0
2998	178	0
2999	190	0
3000	212	0
