1	201	0
2	214	0
3	202	0
4	216	0
5	218	0
6	186	0
7	203	0
8	202	0
9	204	0
10	207	0
11	186	0
12	164	0
13	196	0
14	202	0
15	206	0
16	180	0
17	205	0
18	195	0
19	210	0
20	223	0
21	189	0
22	184	0
23	188	0
24	204	0
25	219	0
26	196	0
27	217	0
28	192	0
29	208	0
30	179	0
31	204	0
32	207	0
33	220	0
34	204	0
35	188	0
36	196	0
37	208	0
38	181	0
39	222	0
40	178	0
41	199	0
42	222	0
43	224	0
44	188	0
45	216	0
46	207	0
47	208	0
48	195	0
49	196	0
50	207	0
51	197	0
52	178	0
53	187	0
54	204	0
55	205	0
56	180	0
57	190	0
58	211	0
59	180	0
60	204	0
61	219	0
62	198	0
63	212	0
64	212	0
65	194	0
66	204	0
67	195	0
68	205	0
69	196	0
70	193	0
71	204	0
72	195	0
73	227	0
74	207	0
75	195	0
76	184	0
77	205	0
78	221	0
79	184	0
80	206	0
81	204	0
82	216	0
83	210	0
84	190	0
85	186	0
86	198	0
87	221	0
88	197	0
89	189	0
90	191	0
91	203	0
92	198	0
93	195	0
94	206	0
95	201	0
96	186	0
97	204	0
98	223	0
99	237	0
100	216	0
101	204	0
102	217	0
103	213	0
104	213	0
105	195	0
106	184	0
107	227	0
108	198	0
109	180	0
110	173	0
111	211	0
112	178	0
113	196	0
114	196	0
115	212	0
116	234	0
117	187	0
118	195	0
119	193	0
120	204	0
121	187	0
122	194	0
123	201	0
124	219	0
125	214	0
126	198	0
127	189	0
128	191	0
129	228	0
130	169	0
131	217	0
132	168	0
133	178	0
134	191	0
135	179	0
136	205	0
137	203	0
138	241	0
139	208	0
140	192	0
141	203	0
142	203	0
143	188	0
144	203	0
145	198	0
146	223	0
147	217	0
148	235	0
149	198	0
150	210	0
151	172	0
152	214	0
153	198	0
154	179	0
155	218	0
156	201	0
157	186	0
158	203	0
159	198	0
160	208	0
161	197	0
162	210	0
163	202	0
164	207	0
165	197	0
166	217	0
167	194	0
168	184	0
169	199	0
170	216	0
171	193	0
172	194	0
173	189	0
174	184	0
175	204	0
176	195	0
177	198	0
178	227	0
179	191	0
180	215	0
181	215	0
182	190	0
183	182	0
184	198	0
185	186	0
186	213	0
187	178	0
188	177	0
189	193	0
190	193	0
191	193	0
192	202	0
193	203	0
194	196	0
195	173	0
196	212	0
197	221	0
198	174	0
199	183	0
200	214	0
201	208	0
202	193	0
203	192	0
204	199	0
205	211	0
206	204	0
207	212	0
208	195	0
209	207	0
210	190	0
211	205	0
212	189	0
213	212	0
214	176	0
215	197	0
216	185	0
217	183	0
218	180	0
219	200	0
220	198	0
221	201	0
222	215	0
223	213	0
224	221	0
225	225	0
226	214	0
227	193	0
228	206	0
229	200	0
230	191	0
231	203	0
232	196	0
233	209	0
234	220	0
235	216	0
236	204	0
237	180	0
238	199	0
239	183	0
240	178	0
241	233	0
242	221	0
243	212	0
244	191	0
245	198	0
246	195	0
247	214	0
248	191	0
249	205	0
250	211	0
251	183	0
252	192	0
253	200	0
254	199	0
255	203	0
256	201	0
257	187	0
258	203	0
259	198	0
260	180	0
261	196	0
262	204	0
263	208	0
264	162	0
265	213	0
266	206	0
267	204	0
268	204	0
269	205	0
270	195	0
271	175	0
272	205	0
273	188	0
274	197	0
275	213	0
276	196	0
277	204	0
278	203	0
279	198	0
280	217	0
281	212	0
282	214	0
283	213	0
284	168	0
285	199	0
286	197	0
287	185	0
288	219	0
289	190	0
290	201	0
291	210	0
292	172	0
293	182	0
294	215	0
295	173	0
296	215	0
297	156	0
298	213	0
299	228	0
300	191	0
301	175	0
302	192	0
303	219	0
304	194	0
305	204	0
306	181	0
307	242	0
308	208	0
309	210	0
310	208	0
311	196	0
312	191	0
313	210	0
314	215	0
315	205	0
316	205	0
317	200	0
318	213	0
319	179	0
320	213	0
321	201	0
322	190	0
323	212	0
324	183	0
325	216	0
326	175	0
327	210	0
328	209	0
329	203	0
330	195	0
331	196	0
332	203	0
333	205	0
334	198	0
335	199	0
336	214	0
337	202	0
338	209	0
339	231	0
340	180	0
341	194	0
342	204	0
343	209	0
344	179	0
345	217	0
346	192	0
347	216	0
348	193	0
349	229	0
350	205	0
351	198	0
352	202	0
353	185	0
354	204	0
355	210	0
356	205	0
357	206	0
358	183	0
359	214	0
360	176	0
361	219	0
362	231	0
363	225	0
364	197	0
365	230	0
366	207	0
367	236	0
368	214	0
369	203	0
370	200	0
371	214	0
372	190	0
373	208	0
374	217	0
375	208	0
376	213	0
377	193	0
378	208	0
379	181	0
380	192	0
381	224	0
382	200	0
383	199	0
384	182	0
385	208	0
386	233	0
387	179	0
388	186	0
389	202	0
390	194	0
391	199	0
392	213	0
393	205	0
394	207	0
395	210	0
396	187	0
397	205	0
398	204	0
399	210	0
400	185	0
401	216	0
402	220	0
403	179	0
404	183	0
405	190	0
406	181	0
407	201	0
408	225	0
409	207	0
410	203	0
411	231	0
412	188	0
413	213	0
414	216	0
415	197	0
416	184	0
417	214	0
418	209	0
419	227	0
420	205	0
421	214	0
422	217	0
423	193	0
424	168	0
425	197	0
426	210	0
427	217	0
428	192	0
429	192	0
430	212	0
431	199	0
432	237	0
433	217	0
434	211	0
435	192	0
436	218	0
437	187	0
438	190	0
439	192	0
440	197	0
441	228	0
442	181	0
443	205	0
444	176	0
445	185	0
446	217	0
447	197	0
448	196	0
449	216	0
450	176	0
451	225	0
452	174	0
453	192	0
454	211	0
455	210	0
456	202	0
457	205	0
458	219	0
459	203	0
460	193	0
461	191	0
462	203	0
463	199	0
464	209	0
465	245	0
466	211	0
467	181	0
468	209	0
469	207	0
470	227	0
471	232	0
472	223	0
473	203	0
474	194	0
475	190	0
476	196	0
477	174	0
478	192	0
479	197	0
480	204	0
481	178	0
482	186	0
483	211	0
484	209	0
485	177	0
486	220	0
487	193	0
488	212	0
489	205	0
490	201	0
491	205	0
492	196	0
493	204	0
494	195	0
495	190	0
496	195	0
497	200	0
498	184	0
499	208	0
500	208	0
501	207	0
502	195	0
503	196	0
504	183	0
505	226	0
506	203	0
507	200	0
508	207	0
509	215	0
510	201	0
511	216	0
512	174	0
513	207	0
514	194	0
515	230	0
516	199	0
517	203	0
518	193	0
519	227	0
520	197	0
521	187	0
522	213	0
523	206	0
524	197	0
525	216	0
526	186	0
527	188	0
528	210	0
529	198	0
530	205	0
531	235	0
532	210	0
533	192	0
534	200	0
535	206	0
536	192	0
537	188	0
538	169	0
539	189	0
540	183	0
541	238	0
542	195	0
543	201	0
544	215	0
545	184	0
546	208	0
547	169	0
548	191	0
549	167	0
550	177	0
551	214	0
552	189	0
553	202	0
554	202	0
555	194	0
556	188	0
557	206	0
558	226	0
559	207	0
560	199	0
561	208	0
562	192	0
563	193	0
564	193	0
565	168	0
566	221	0
567	173	0
568	189	0
569	195	0
570	208	0
571	190	0
572	204	0
573	196	0
574	210	0
575	199	0
576	185	0
577	227	0
578	195	0
579	203	0
580	181	0
581	225	0
582	209	0
583	210	0
584	222	0
585	165	0
586	189	0
587	189	0
588	179	0
589	183	0
590	191	0
591	191	0
592	200	0
593	214	0
594	219	0
595	196	0
596	182	0
597	190	0
598	195	0
599	204	0
600	198	0
601	175	0
602	198	0
603	216	0
604	198	0
605	202	0
606	202	0
607	191	0
608	177	0
609	195	0
610	201	0
611	192	0
612	213	0
613	172	0
614	221	0
615	211	0
616	181	0
617	214	0
618	207	0
619	197	0
620	186	0
621	201	0
622	200	0
623	195	0
624	190	0
625	183	0
626	206	0
627	182	0
628	215	0
629	200	0
630	196	0
631	185	0
632	218	0
633	207	0
634	202	0
635	204	0
636	210	0
637	208	0
638	220	0
639	188	0
640	175	0
641	193	0
642	179	0
643	197	0
644	190	0
645	205	0
646	230	0
647	201	0
648	217	0
649	208	0
650	193	0
651	217	0
652	218	0
653	221	0
654	206	0
655	173	0
656	181	0
657	190	0
658	175	0
659	190	0
660	195	0
661	206	0
662	210	0
663	204	0
664	185	0
665	217	0
666	204	0
667	177	0
668	184	0
669	180	0
670	176	0
671	218	0
672	224	0
673	191	0
674	207	0
675	205	0
676	195	0
677	201	0
678	212	0
679	204	0
680	204	0
681	202	0
682	193	0
683	188	0
684	207	0
685	195	0
686	205	0
687	175	0
688	200	0
689	189	0
690	194	0
691	195	0
692	211	0
693	210	0
694	206	0
695	178	0
696	197	0
697	201	0
698	203	0
699	175	0
700	186	0
701	207	0
702	218	0
703	219	0
704	198	0
705	187	0
706	219	0
707	191	0
708	224	0
709	209	0
710	213	0
711	223	0
712	185	0
713	203	0
714	203	0
715	200	0
716	209	0
717	205	0
718	188	0
719	203	0
720	223	0
721	195	0
722	201	0
723	208	0
724	200	0
725	193	0
726	211	0
727	195	0
728	197	0
729	183	0
730	190	0
731	190	0
732	193	0
733	206	0
734	220	0
735	173	0
736	180	0
737	205	0
738	176	0
739	206	0
740	194	0
741	210	0
742	190	0
743	198	0
744	186	0
745	189	0
746	206	0
747	212	0
748	192	0
749	199	0
750	218	0
751	176	0
752	192	0
753	210	0
754	212	0
755	182	0
756	197	0
757	183	0
758	203	0
759	185	0
760	214	0
761	202	0
762	194	0
763	221	0
764	197	0
765	205	0
766	196	0
767	209	0
768	200	0
769	194	0
770	200	0
771	196	0
772	194	0
773	201	0
774	204	0
775	187	0
776	222	0
777	211	0
778	200	0
779	202	0
780	212	0
781	191	0
782	175	0
783	209	0
784	209	0
785	194	0
786	199	0
787	182	0
788	220	0
789	183	0
790	193	0
791	201	0
792	206	0
793	189	0
794	198	0
795	186	0
796	231	0
797	185	0
798	193	0
799	206	0
800	184	0
801	197	0
802	208	0
803	180	0
804	198	0
805	201	0
806	196	0
807	194	0
808	194	0
809	205	0
810	215	0
811	193	0
812	215	0
813	217	0
814	194	0
815	190	0
816	203	0
817	198	0
818	214	0
819	201	0
820	199	0
821	214	0
822	212	0
823	202	0
824	200	0
825	189	0
826	173	0
827	203	0
828	187	0
829	194	0
830	195	0
831	208	0
832	169	0
833	159	0
834	188	0
835	185	0
836	202	0
837	188	0
838	191	0
839	200	0
840	209	0
841	210	0
842	187	0
843	181	0
844	196	0
845	186	0
846	193	0
847	194	0
848	202	0
849	195	0
850	205	0
851	189	0
852	187	0
853	219	0
854	189	0
855	193	0
856	174	0
857	211	0
858	205	0
859	207	0
860	212	0
861	223	0
862	172	0
863	185	0
864	186	0
865	179	0
866	210	0
867	179	0
868	192	0
869	225	0
870	210	0
871	182	0
872	208	0
873	183	0
874	178	0
875	190	0
876	202	0
877	216	0
878	211	0
879	206	0
880	180	0
881	214	0
882	211	0
883	205	0
884	206	0
885	195	0
886	213	0
887	200	0
888	207	0
889	201	0
890	186	0
891	226	0
892	234	0
893	192	0
894	190	0
895	220	0
896	221	0
897	193	0
898	215	0
899	195	0
900	210	0
901	207	0
902	199	0
903	198	0
904	200	0
905	183	0
906	177	0
907	214	0
908	200	0
909	187	0
910	192	0
911	195	0
912	219	0
913	180	0
914	219	0
915	182	0
916	205	0
917	236	0
918	184	0
919	214	0
920	186	0
921	199	0
922	204	0
923	209	0
924	178	0
925	194	0
926	221	0
927	217	0
928	204	0
929	208	0
930	205	0
931	203	0
932	219	0
933	204	0
934	146	0
935	232	0
936	186	0
937	220	0
938	219	0
939	205	0
940	174	0
941	188	0
942	206	0
943	205	0
944	200	0
945	194	0
946	214	0
947	215	0
948	207	0
949	202	0
950	216	0
951	208	0
952	221	0
953	213	0
954	194	0
955	214	0
956	202	0
957	208	0
958	204	0
959	201	0
960	191	0
961	213	0
962	182	0
963	187	0
964	207	0
965	203	0
966	220	0
967	174	0
968	191	0
969	221	0
970	203	0
971	182	0
972	180	0
973	224	0
974	216	0
975	209	0
976	217	0
977	212	0
978	204	0
979	221	0
980	201	0
981	204	0
982	199	0
983	203	0
984	215	0
985	189	0
986	217	0
987	230	0
988	207	0
989	190	0
990	199	0
991	209	0
992	196	0
993	200	0
994	226	0
995	196	0
996	187	0
997	209	0
998	212	0
999	213	0
1000	185	0
1001	193	0
1002	200	0
1003	213	0
1004	192	0
1005	177	0
1006	178	0
1007	204	0
1008	201	0
1009	207	0
1010	207	0
1011	176	0
1012	175	0
1013	214	0
1014	180	0
1015	202	0
1016	204	0
1017	167	0
1018	195	0
1019	195	0
1020	189	0
1021	186	0
1022	185	0
1023	186	0
1024	192	0
1025	202	0
1026	194	0
1027	205	0
1028	196	0
1029	195	0
1030	180	0
1031	214	0
1032	182	0
1033	201	0
1034	232	0
1035	200	0
1036	214	0
1037	208	0
1038	204	0
1039	186	0
1040	202	0
1041	194	0
1042	190	0
1043	190	0
1044	204	0
1045	218	0
1046	191	0
1047	195	0
1048	186	0
1049	191	0
1050	180	0
1051	180	0
1052	219	0
1053	204	0
1054	198	0
1055	207	0
1056	199	0
1057	202	0
1058	178	0
1059	193	0
1060	206	0
1061	188	0
1062	208	0
1063	198	0
1064	201	0
1065	195	0
1066	189	0
1067	223	0
1068	186	0
1069	203	0
1070	195	0
1071	181	0
1072	212	0
1073	197	0
1074	196	0
1075	185	0
1076	195	0
1077	224	0
1078	215	0
1079	177	0
1080	220	0
1081	193	0
1082	209	0
1083	178	0
1084	190	0
1085	194	0
1086	215	0
1087	207	0
1088	189	0
1089	234	0
1090	211	0
1091	182	0
1092	216	0
1093	183	0
1094	192	0
1095	186	0
1096	181	0
1097	184	0
1098	179	0
1099	189	0
1100	189	0
1101	223	0
1102	221	0
1103	194	0
1104	215	0
1105	203	0
1106	217	0
1107	168	0
1108	170	0
1109	243	0
1110	214	0
1111	209	0
1112	216	0
1113	198	0
1114	210	0
1115	207	0
1116	187	0
1117	218	0
1118	213	0
1119	191	0
1120	208	0
1121	217	0
1122	219	0
1123	213	0
1124	172	0
1125	192	0
1126	199	0
1127	193	0
1128	198	0
1129	203	0
1130	194	0
1131	203	0
1132	209	0
1133	198	0
1134	193	0
1135	181	0
1136	176	0
1137	190	0
1138	208	0
1139	226	0
1140	188	0
1141	188	0
1142	203	0
1143	193	0
1144	182	0
1145	199	0
1146	190	0
1147	196	0
1148	191	0
1149	176	0
1150	206	0
1151	225	0
1152	212	0
1153	203	0
1154	185	0
1155	203	0
1156	210	0
1157	167	0
1158	204	0
1159	181	0
1160	202	0
1161	204	0
1162	211	0
1163	213	0
1164	209	0
1165	186	0
1166	225	0
1167	223	0
1168	202	0
1169	196	0
1170	201	0
1171	209	0
1172	212	0
1173	205	0
1174	214	0
1175	219	0
1176	180	0
1177	224	0
1178	191	0
1179	191	0
1180	203	0
1181	205	0
1182	211	0
1183	211	0
1184	238	0
1185	179	0
1186	212	0
1187	206	0
1188	203	0
1189	190	0
1190	206	0
1191	201	0
1192	195	0
1193	174	0
1194	199	0
1195	179	0
1196	202	0
1197	196	0
1198	202	0
1199	199	0
1200	190	0
1201	178	0
1202	174	0
1203	210	0
1204	207	0
1205	202	0
1206	198	0
1207	200	0
1208	205	0
1209	201	0
1210	223	0
1211	198	0
1212	199	0
1213	216	0
1214	192	0
1215	214	0
1216	178	0
1217	174	0
1218	187	0
1219	201	0
1220	224	0
1221	189	0
1222	195	0
1223	209	0
1224	198	0
1225	196	0
1226	197	0
1227	208	0
1228	217	0
1229	232	0
1230	205	0
1231	200	0
1232	179	0
1233	176	0
1234	241	0
1235	165	0
1236	191	0
1237	197	0
1238	182	0
1239	209	0
1240	211	0
1241	196	0
1242	210	0
1243	195	0
1244	178	0
1245	192	0
1246	188	0
1247	190	0
1248	193	0
1249	199	0
1250	225	0
1251	198	0
1252	183	0
1253	189	0
1254	230	0
1255	235	0
1256	203	0
1257	208	0
1258	190	0
1259	175	0
1260	207	0
1261	209	0
1262	205	0
1263	188	0
1264	193	0
1265	199	0
1266	207	0
1267	217	0
1268	185	0
1269	215	0
1270	179	0
1271	204	0
1272	218	0
1273	193	0
1274	209	0
1275	209	0
1276	216	0
1277	179	0
1278	194	0
1279	203	0
1280	210	0
1281	202	0
1282	183	0
1283	186	0
1284	187	0
1285	193	0
1286	188	0
1287	204	0
1288	203	0
1289	205	0
1290	178	0
1291	179	0
1292	197	0
1293	201	0
1294	208	0
1295	207	0
1296	205	0
1297	230	0
1298	211	0
1299	221	0
1300	208	0
1301	202	0
1302	196	0
1303	204	0
1304	221	0
1305	176	0
1306	166	0
1307	194	0
1308	186	0
1309	182	0
1310	186	0
1311	186	0
1312	176	0
1313	219	0
1314	218	0
1315	200	0
1316	193	0
1317	199	0
1318	181	0
1319	189	0
1320	200	0
1321	222	0
1322	190	0
1323	202	0
1324	194	0
1325	197	0
1326	197	0
1327	219	0
1328	203	0
1329	172	0
1330	228	0
1331	182	0
1332	207	0
1333	197	0
1334	222	0
1335	185	0
1336	199	0
1337	200	0
1338	195	0
1339	194	0
1340	185	0
1341	202	0
1342	226	0
1343	202	0
1344	194	0
1345	220	0
1346	200	0
1347	205	0
1348	185	0
1349	189	0
1350	222	0
1351	183	0
1352	175	0
1353	213	0
1354	220	0
1355	224	0
1356	194	0
1357	174	0
1358	187	0
1359	208	0
1360	205	0
1361	210	0
1362	224	0
1363	191	0
1364	197	0
1365	189	0
1366	205	0
1367	211	0
1368	191	0
1369	214	0
1370	209	0
1371	220	0
1372	194	0
1373	198	0
1374	209	0
1375	188	0
1376	190	0
1377	204	0
1378	194	0
1379	180	0
1380	192	0
1381	226	0
1382	200	0
1383	217	0
1384	183	0
1385	196	0
1386	183	0
1387	181	0
1388	202	0
1389	221	0
1390	196	0
1391	203	0
1392	208	0
1393	219	0
1394	163	0
1395	206	0
1396	237	0
1397	203	0
1398	204	0
1399	169	0
1400	215	0
1401	203	0
1402	204	0
1403	178	0
1404	206	0
1405	201	0
1406	195	0
1407	198	0
1408	214	0
1409	206	0
1410	224	0
1411	211	0
1412	203	0
1413	218	0
1414	194	0
1415	232	0
1416	205	0
1417	171	0
1418	205	0
1419	175	0
1420	217	0
1421	195	0
1422	184	0
1423	216	0
1424	214	0
1425	196	0
1426	203	0
1427	209	0
1428	207	0
1429	193	0
1430	200	0
1431	197	0
1432	202	0
1433	207	0
1434	196	0
1435	184	0
1436	213	0
1437	175	0
1438	178	0
1439	182	0
1440	193	0
1441	198	0
1442	223	0
1443	234	0
1444	218	0
1445	219	0
1446	189	0
1447	193	0
1448	194	0
1449	226	0
1450	229	0
1451	181	0
1452	175	0
1453	196	0
1454	186	0
1455	204	0
1456	250	0
1457	213	0
1458	211	0
1459	182	0
1460	196	0
1461	187	0
1462	195	0
1463	215	0
1464	202	0
1465	187	0
1466	190	0
1467	164	0
1468	168	0
1469	185	0
1470	197	0
1471	189	0
1472	197	0
1473	198	0
1474	193	0
1475	218	0
1476	181	0
1477	187	0
1478	187	0
1479	182	0
1480	207	0
1481	221	0
1482	194	0
1483	216	0
1484	175	0
1485	198	0
1486	187	0
1487	199	0
1488	225	0
1489	212	0
1490	176	0
1491	204	0
1492	188	0
1493	190	0
1494	219	0
1495	224	0
1496	205	0
1497	184	0
1498	209	0
1499	190	0
1500	171	0
1501	203	0
1502	199	0
1503	179	0
1504	226	0
1505	213	0
1506	202	0
1507	188	0
1508	201	0
1509	194	0
1510	189	0
1511	191	0
1512	171	0
1513	186	0
1514	198	0
1515	208	0
1516	190	0
1517	205	0
1518	221	0
1519	213	0
1520	200	0
1521	205	0
1522	223	0
1523	188	0
1524	188	0
1525	199	0
1526	230	0
1527	219	0
1528	189	0
1529	186	0
1530	192	0
1531	210	0
1532	200	0
1533	178	0
1534	192	0
1535	191	0
1536	199	0
1537	187	0
1538	193	0
1539	193	0
1540	214	0
1541	248	0
1542	202	0
1543	204	0
1544	190	0
1545	205	0
1546	207	0
1547	218	0
1548	217	0
1549	195	0
1550	195	0
1551	187	0
1552	186	0
1553	189	0
1554	201	0
1555	195	0
1556	217	0
1557	217	0
1558	206	0
1559	191	0
1560	212	0
1561	204	0
1562	191	0
1563	212	0
1564	208	0
1565	190	0
1566	219	0
1567	217	0
1568	226	0
1569	189	0
1570	203	0
1571	188	0
1572	221	0
1573	203	0
1574	172	0
1575	216	0
1576	199	0
1577	186	0
1578	193	0
1579	192	0
1580	196	0
1581	220	0
1582	227	0
1583	198	0
1584	212	0
1585	203	0
1586	193	0
1587	198	0
1588	185	0
1589	203	0
1590	204	0
1591	221	0
1592	184	0
1593	213	0
1594	220	0
1595	204	0
1596	187	0
1597	196	0
1598	201	0
1599	213	0
1600	218	0
1601	204	0
1602	202	0
1603	205	0
1604	198	0
1605	219	0
1606	203	0
1607	198	0
1608	215	0
1609	209	0
1610	198	0
1611	215	0
1612	197	0
1613	191	0
1614	198	0
1615	173	0
1616	209	0
1617	179	0
1618	222	0
1619	227	0
1620	208	0
1621	201	0
1622	169	0
1623	217	0
1624	192	0
1625	180	0
1626	202	0
1627	194	0
1628	199	0
1629	199	0
1630	192	0
1631	203	0
1632	194	0
1633	197	0
1634	185	0
1635	190	0
1636	202	0
1637	187	0
1638	197	0
1639	192	0
1640	186	0
1641	201	0
1642	187	0
1643	189	0
1644	222	0
1645	195	0
1646	203	0
1647	193	0
1648	188	0
1649	200	0
1650	174	0
1651	202	0
1652	202	0
1653	175	0
1654	213	0
1655	212	0
1656	206	0
1657	199	0
1658	197	0
1659	217	0
1660	181	0
1661	199	0
1662	176	0
1663	222	0
1664	200	0
1665	205	0
1666	200	0
1667	196	0
1668	223	0
1669	218	0
1670	186	0
1671	185	0
1672	167	0
1673	191	0
1674	208	0
1675	220	0
1676	199	0
1677	196	0
1678	212	0
1679	210	0
1680	207	0
1681	218	0
1682	180	0
1683	193	0
1684	202	0
1685	208	0
1686	208	0
1687	198	0
1688	209	0
1689	189	0
1690	200	0
1691	215	0
1692	185	0
1693	203	0
1694	223	0
1695	224	0
1696	209	0
1697	201	0
1698	190	0
1699	197	0
1700	214	0
1701	197	0
1702	190	0
1703	192	0
1704	205	0
1705	193	0
1706	192	0
1707	195	0
1708	220	0
1709	205	0
1710	207	0
1711	190	0
1712	183	0
1713	189	0
1714	221	0
1715	187	0
1716	213	0
1717	203	0
1718	203	0
1719	160	0
1720	217	0
1721	203	0
1722	191	0
1723	209	0
1724	218	0
1725	197	0
1726	186	0
1727	195	0
1728	230	0
1729	184	0
1730	212	0
1731	198	0
1732	191	0
1733	203	0
1734	203	0
1735	206	0
1736	195	0
1737	193	0
1738	208	0
1739	190	0
1740	212	0
1741	216	0
1742	192	0
1743	193	0
1744	185	0
1745	207	0
1746	198	0
1747	191	0
1748	200	0
1749	178	0
1750	205	0
1751	201	0
1752	175	0
1753	212	0
1754	202	0
1755	195	0
1756	206	0
1757	235	0
1758	181	0
1759	172	0
1760	201	0
1761	207	0
1762	185	0
1763	219	0
1764	192	0
1765	220	0
1766	204	0
1767	195	0
1768	183	0
1769	202	0
1770	207	0
1771	188	0
1772	199	0
1773	201	0
1774	185	0
1775	225	0
1776	214	0
1777	220	0
1778	195	0
1779	199	0
1780	182	0
1781	169	0
1782	212	0
1783	197	0
1784	201	0
1785	198	0
1786	211	0
1787	195	0
1788	205	0
1789	182	0
1790	210	0
1791	217	0
1792	203	0
1793	199	0
1794	190	0
1795	195	0
1796	183	0
1797	207	0
1798	214	0
1799	188	0
1800	200	0
1801	207	0
1802	211	0
1803	176	0
1804	214	0
1805	201	0
1806	213	0
1807	172	0
1808	213	0
1809	222	0
1810	210	0
1811	219	0
1812	191	0
1813	183	0
1814	182	0
1815	215	0
1816	202	0
1817	197	0
1818	215	0
1819	190	0
1820	196	0
1821	216	0
1822	201	0
1823	165	0
1824	168	0
1825	184	0
1826	194	0
1827	226	0
1828	200	0
1829	205	0
1830	210	0
1831	206	0
1832	218	0
1833	224	0
1834	184	0
1835	191	0
1836	198	0
1837	211	0
1838	207	0
1839	188	0
1840	198	0
1841	242	0
1842	227	0
1843	199	0
1844	197	0
1845	206	0
1846	203	0
1847	195	0
1848	219	0
1849	209	0
1850	211	0
1851	207	0
1852	198	0
1853	225	0
1854	207	0
1855	223	0
1856	206	0
1857	227	0
1858	219	0
1859	225	0
1860	221	0
1861	202	0
1862	188	0
1863	177	0
1864	219	0
1865	194	0
1866	196	0
1867	198	0
1868	192	0
1869	190	0
1870	179	0
1871	193	0
1872	204	0
1873	194	0
1874	210	0
1875	219	0
1876	196	0
1877	176	0
1878	186	0
1879	191	0
1880	181	0
1881	223	0
1882	193	0
1883	187	0
1884	195	0
1885	225	0
1886	216	0
1887	202	0
1888	211	0
1889	179	0
1890	214	0
1891	181	0
1892	195	0
1893	222	0
1894	202	0
1895	201	0
1896	217	0
1897	212	0
1898	208	0
1899	207	0
1900	199	0
1901	195	0
1902	205	0
1903	184	0
1904	190	0
1905	189	0
1906	190	0
1907	184	0
1908	211	0
1909	186	0
1910	203	0
1911	185	0
1912	195	0
1913	187	0
1914	201	0
1915	198	0
1916	206	0
1917	233	0
1918	191	0
1919	189	0
1920	198	0
1921	198	0
1922	211	0
1923	187	0
1924	228	0
1925	195	0
1926	207	0
1927	186	0
1928	186	0
1929	201	0
1930	217	0
1931	204	0
1932	215	0
1933	175	0
1934	216	0
1935	182	0
1936	226	0
1937	194	0
1938	198	0
1939	188	0
1940	184	0
1941	212	0
1942	217	0
1943	191	0
1944	214	0
1945	202	0
1946	212	0
1947	198	0
1948	187	0
1949	192	0
1950	215	0
1951	184	0
1952	212	0
1953	179	0
1954	178	0
1955	160	0
1956	184	0
1957	191	0
1958	190	0
1959	188	0
1960	215	0
1961	195	0
1962	186	0
1963	179	0
1964	221	0
1965	244	0
1966	200	0
1967	208	0
1968	220	0
1969	210	0
1970	235	0
1971	214	0
1972	198	0
1973	217	0
1974	200	0
1975	202	0
1976	200	0
1977	211	0
1978	179	0
1979	187	0
1980	190	0
1981	200	0
1982	216	0
1983	217	0
1984	190	0
1985	210	0
1986	194	0
1987	207	0
1988	179	0
1989	187	0
1990	206	0
1991	196	0
1992	220	0
1993	199	0
1994	198	0
1995	225	0
1996	203	0
1997	169	0
1998	191	0
1999	210	0
2000	198	0
2001	187	0
2002	204	0
2003	216	0
2004	205	0
2005	227	0
2006	192	0
2007	213	0
2008	196	0
2009	216	0
2010	203	0
2011	183	0
2012	210	0
2013	201	0
2014	205	0
2015	195	0
2016	203	0
2017	166	0
2018	196	0
2019	200	0
2020	220	0
2021	212	0
2022	223	0
2023	188	0
2024	197	0
2025	217	0
2026	193	0
2027	183	0
2028	209	0
2029	208	0
2030	210	0
2031	228	0
2032	223	0
2033	169	0
2034	204	0
2035	187	0
2036	200	0
2037	213	0
2038	211	0
2039	196	0
2040	206	0
2041	181	0
2042	209	0
2043	186	0
2044	184	0
2045	179	0
2046	187	0
2047	194	0
2048	215	0
2049	202	0
2050	201	0
2051	180	0
2052	208	0
2053	205	0
2054	212	0
2055	213	0
2056	209	0
2057	177	0
2058	190	0
2059	192	0
2060	175	0
2061	203	0
2062	207	0
2063	199	0
2064	230	0
2065	208	0
2066	177	0
2067	231	0
2068	202	0
2069	188	0
2070	222	0
2071	189	0
2072	188	0
2073	203	0
2074	196	0
2075	215	0
2076	200	0
2077	179	0
2078	217	0
2079	204	0
2080	219	0
2081	233	0
2082	182	0
2083	213	0
2084	209	0
2085	195	0
2086	213	0
2087	218	0
2088	200	0
2089	208	0
2090	201	0
2091	205	0
2092	188	0
2093	193	0
2094	216	0
2095	176	0
2096	191	0
2097	173	0
2098	195	0
2099	191	0
2100	182	0
2101	198	0
2102	210	0
2103	198	0
2104	191	0
2105	194	0
2106	194	0
2107	213	0
2108	222	0
2109	208	0
2110	207	0
2111	183	0
2112	215	0
2113	191	0
2114	217	0
2115	213	0
2116	197	0
2117	222	0
2118	219	0
2119	194	0
2120	202	0
2121	189	0
2122	214	0
2123	202	0
2124	198	0
2125	206	0
2126	210	0
2127	222	0
2128	216	0
2129	198	0
2130	195	0
2131	205	0
2132	201	0
2133	207	0
2134	208	0
2135	229	0
2136	204	0
2137	185	0
2138	219	0
2139	203	0
2140	215	0
2141	182	0
2142	196	0
2143	240	0
2144	193	0
2145	217	0
2146	200	0
2147	199	0
2148	196	0
2149	216	0
2150	211	0
2151	185	0
2152	200	0
2153	197	0
2154	202	0
2155	228	0
2156	169	0
2157	211	0
2158	212	0
2159	194	0
2160	190	0
2161	209	0
2162	179	0
2163	210	0
2164	192	0
2165	162	0
2166	168	0
2167	189	0
2168	171	0
2169	199	0
2170	179	0
2171	176	0
2172	214	0
2173	193	0
2174	191	0
2175	200	0
2176	203	0
2177	185	0
2178	191	0
2179	210	0
2180	175	0
2181	206	0
2182	188	0
2183	187	0
2184	170	0
2185	196	0
2186	219	0
2187	184	0
2188	191	0
2189	201	0
2190	198	0
2191	214	0
2192	210	0
2193	195	0
2194	211	0
2195	182	0
2196	200	0
2197	183	0
2198	197	0
2199	187	0
2200	216	0
2201	191	0
2202	189	0
2203	202	0
2204	190	0
2205	206	0
2206	204	0
2207	173	0
2208	205	0
2209	213	0
2210	196	0
2211	194	0
2212	204	0
2213	200	0
2214	212	0
2215	213	0
2216	209	0
2217	184	0
2218	190	0
2219	208	0
2220	200	0
2221	180	0
2222	189	0
2223	199	0
2224	209	0
2225	199	0
2226	195	0
2227	197	0
2228	205	0
2229	178	0
2230	181	0
2231	192	0
2232	210	0
2233	183	0
2234	183	0
2235	193	0
2236	196	0
2237	224	0
2238	175	0
2239	180	0
2240	194	0
2241	187	0
2242	191	0
2243	187	0
2244	217	0
2245	196	0
2246	176	0
2247	185	0
2248	204	0
2249	183	0
2250	192	0
2251	179	0
2252	183	0
2253	219	0
2254	225	0
2255	178	0
2256	202	0
2257	177	0
2258	180	0
2259	200	0
2260	177	0
2261	219	0
2262	203	0
2263	170	0
2264	185	0
2265	213	0
2266	193	0
2267	185	0
2268	209	0
2269	195	0
2270	210	0
2271	219	0
2272	203	0
2273	183	0
2274	185	0
2275	208	0
2276	196	0
2277	223	0
2278	220	0
2279	215	0
2280	171	0
2281	221	0
2282	199	0
2283	193	0
2284	220	0
2285	215	0
2286	195	0
2287	209	0
2288	198	0
2289	211	0
2290	213	0
2291	201	0
2292	193	0
2293	208	0
2294	201	0
2295	199	0
2296	192	0
2297	199	0
2298	187	0
2299	166	0
2300	195	0
2301	175	0
2302	194	0
2303	199	0
2304	200	0
2305	198	0
2306	200	0
2307	180	0
2308	197	0
2309	212	0
2310	192	0
2311	190	0
2312	198	0
2313	181	0
2314	201	0
2315	213	0
2316	192	0
2317	208	0
2318	191	0
2319	198	0
2320	185	0
2321	187	0
2322	210	0
2323	212	0
2324	203	0
2325	179	0
2326	206	0
2327	197	0
2328	194	0
2329	192	0
2330	203	0
2331	203	0
2332	184	0
2333	180	0
2334	227	0
2335	223	0
2336	235	0
2337	200	0
2338	216	0
2339	203	0
2340	198	0
2341	216	0
2342	214	0
2343	214	0
2344	223	0
2345	196	0
2346	231	0
2347	197	0
2348	196	0
2349	213	0
2350	204	0
2351	167	0
2352	205	0
2353	223	0
2354	196	0
2355	189	0
2356	191	0
2357	212	0
2358	194	0
2359	184	0
2360	216	0
2361	185	0
2362	187	0
2363	185	0
2364	200	0
2365	199	0
2366	199	0
2367	214	0
2368	204	0
2369	194	0
2370	184	0
2371	210	0
2372	208	0
2373	207	0
2374	197	0
2375	201	0
2376	177	0
2377	177	0
2378	195	0
2379	192	0
2380	194	0
2381	219	0
2382	179	0
2383	160	0
2384	220	0
2385	170	0
2386	213	0
2387	175	0
2388	221	0
2389	216	0
2390	202	0
2391	193	0
2392	220	0
2393	206	0
2394	204	0
2395	203	0
2396	187	0
2397	222	0
2398	195	0
2399	199	0
2400	204	0
2401	206	0
2402	201	0
2403	209	0
2404	209	0
2405	185	0
2406	212	0
2407	226	0
2408	200	0
2409	194	0
2410	200	0
2411	179	0
2412	172	0
2413	212	0
2414	180	0
2415	179	0
2416	210	0
2417	217	0
2418	181	0
2419	180	0
2420	184	0
2421	206	0
2422	199	0
2423	201	0
2424	214	0
2425	170	0
2426	208	0
2427	200	0
2428	178	0
2429	170	0
2430	187	0
2431	202	0
2432	213	0
2433	192	0
2434	207	0
2435	213	0
2436	202	0
2437	185	0
2438	202	0
2439	222	0
2440	195	0
2441	223	0
2442	196	0
2443	216	0
2444	206	0
2445	210	0
2446	218	0
2447	208	0
2448	191	0
2449	215	0
2450	220	0
2451	205	0
2452	195	0
2453	191	0
2454	182	0
2455	204	0
2456	181	0
2457	213	0
2458	215	0
2459	200	0
2460	190	0
2461	212	0
2462	222	0
2463	203	0
2464	205	0
2465	184	0
2466	209	0
2467	175	0
2468	201	0
2469	205	0
2470	206	0
2471	198	0
2472	188	0
2473	216	0
2474	191	0
2475	197	0
2476	207	0
2477	208	0
2478	170	0
2479	212	0
2480	197	0
2481	192	0
2482	184	0
2483	196	0
2484	206	0
2485	208	0
2486	198	0
2487	215	0
2488	219	0
2489	181	0
2490	189	0
2491	214	0
2492	224	0
2493	179	0
2494	190	0
2495	193	0
2496	191	0
2497	214	0
2498	205	0
2499	212	0
2500	214	0
2501	191	0
2502	215	0
2503	188	0
2504	224	0
2505	209	0
2506	201	0
2507	213	0
2508	185	0
2509	203	0
2510	178	0
2511	197	0
2512	189	0
2513	195	0
2514	196	0
2515	187	0
2516	190	0
2517	181	0
2518	213	0
2519	223	0
2520	213	0
2521	199	0
2522	165	0
2523	207	0
2524	190	0
2525	206	0
2526	211	0
2527	221	0
2528	189	0
2529	194	0
2530	174	0
2531	191	0
2532	187	0
2533	202	0
2534	167	0
2535	190	0
2536	204	0
2537	198	0
2538	208	0
2539	217	0
2540	193	0
2541	201	0
2542	198	0
2543	183	0
2544	192	0
2545	196	0
2546	209	0
2547	206	0
2548	191	0
2549	207	0
2550	181	0
2551	203	0
2552	197	0
2553	194	0
2554	176	0
2555	185	0
2556	194	0
2557	200	0
2558	203	0
2559	189	0
2560	192	0
2561	183	0
2562	211	0
2563	205	0
2564	191	0
2565	195	0
2566	209	0
2567	213	0
2568	196	0
2569	211	0
2570	206	0
2571	200	0
2572	197	0
2573	209	0
2574	190	0
2575	205	0
2576	199	0
2577	201	0
2578	182	0
2579	183	0
2580	168	0
2581	196	0
2582	202	0
2583	219	0
2584	202	0
2585	199	0
2586	188	0
2587	188	0
2588	193	0
2589	210	0
2590	201	0
2591	219	0
2592	200	0
2593	225	0
2594	223	0
2595	211	0
2596	176	0
2597	197	0
2598	208	0
2599	182	0
2600	220	0
2601	197	0
2602	196	0
2603	185	0
2604	199	0
2605	219	0
2606	214	0
2607	198	0
2608	194	0
2609	199	0
2610	195	0
2611	197	0
2612	203	0
2613	201	0
2614	190	0
2615	186	0
2616	195	0
2617	196	0
2618	207	0
2619	191	0
2620	210	0
2621	205	0
2622	206	0
2623	218	0
2624	201	0
2625	212	0
2626	215	0
2627	195	0
2628	219	0
2629	190	0
2630	222	0
2631	181	0
2632	182	0
2633	201	0
2634	179	0
2635	182	0
2636	213	0
2637	205	0
2638	182	0
2639	194	0
2640	200	0
2641	200	0
2642	182	0
2643	218	0
2644	216	0
2645	190	0
2646	180	0
2647	190	0
2648	208	0
2649	185	0
2650	187	0
2651	211	0
2652	187	0
2653	179	0
2654	204	0
2655	183	0
2656	198	0
2657	209	0
2658	207	0
2659	205	0
2660	221	0
2661	186	0
2662	225	0
2663	196	0
2664	191	0
2665	214	0
2666	202	0
2667	188	0
2668	207	0
2669	197	0
2670	207	0
2671	204	0
2672	207	0
2673	217	0
2674	188	0
2675	187	0
2676	212	0
2677	190	0
2678	227	0
2679	224	0
2680	186	0
2681	209	0
2682	211	0
2683	189	0
2684	189	0
2685	209	0
2686	226	0
2687	198	0
2688	213	0
2689	188	0
2690	201	0
2691	211	0
2692	200	0
2693	199	0
2694	208	0
2695	195	0
2696	207	0
2697	198	0
2698	190	0
2699	199	0
2700	200	0
2701	202	0
2702	178	0
2703	215	0
2704	184	0
2705	198	0
2706	215	0
2707	206	0
2708	191	0
2709	196	0
2710	198	0
2711	215	0
2712	174	0
2713	215	0
2714	210	0
2715	205	0
2716	198	0
2717	207	0
2718	214	0
2719	210	0
2720	202	0
2721	202	0
2722	186	0
2723	188	0
2724	180	0
2725	215	0
2726	195	0
2727	187	0
2728	217	0
2729	179	0
2730	208	0
2731	197	0
2732	217	0
2733	205	0
2734	187	0
2735	215	0
2736	212	0
2737	173	0
2738	202	0
2739	205	0
2740	195	0
2741	185	0
2742	220	0
2743	219	0
2744	194	0
2745	183	0
2746	205	0
2747	209	0
2748	190	0
2749	195	0
2750	199	0
2751	180	0
2752	198	0
2753	210	0
2754	189	0
2755	209	0
2756	189	0
2757	210	0
2758	228	0
2759	208	0
2760	202	0
2761	200	0
2762	186	0
2763	204	0
2764	203	0
2765	195	0
2766	197	0
2767	193	0
2768	197	0
2769	218	0
2770	204	0
2771	170	0
2772	210	0
2773	191	0
2774	223	0
2775	219	0
2776	178	0
2777	197	0
2778	207	0
2779	192	0
2780	198	0
2781	179	0
2782	193	0
2783	200	0
2784	210	0
2785	170	0
2786	222	0
2787	205	0
2788	194	0
2789	203	0
2790	193	0
2791	191	0
2792	204	0
2793	183	0
2794	214	0
2795	190	0
2796	200	0
2797	243	0
2798	192	0
2799	206	0
2800	181	0
2801	198	0
2802	214	0
2803	203	0
2804	200	0
2805	187	0
2806	191	0
2807	211	0
2808	191	0
2809	202	0
2810	185	0
2811	217	0
2812	224	0
2813	198	0
2814	208	0
2815	208	0
2816	213	0
2817	210	0
2818	197	0
2819	200	0
2820	196	0
2821	190	0
2822	180	0
2823	191	0
2824	191	0
2825	193	0
2826	211	0
2827	212	0
2828	214	0
2829	186	0
2830	199	0
2831	220	0
2832	202	0
2833	184	0
2834	202	0
2835	179	0
2836	181	0
2837	182	0
2838	208	0
2839	199	0
2840	190	0
2841	200	0
2842	208	0
2843	194	0
2844	198	0
2845	201	0
2846	206	0
2847	223	0
2848	210	0
2849	217	0
2850	195	0
2851	180	0
2852	210	0
2853	192	0
2854	228	0
2855	205	0
2856	182	0
2857	175	0
2858	220	0
2859	193	0
2860	197	0
2861	193	0
2862	181	0
2863	205	0
2864	191	0
2865	196	0
2866	219	0
2867	221	0
2868	187	0
2869	201	0
2870	188	0
2871	194	0
2872	171	0
2873	192	0
2874	193	0
2875	209	0
2876	203	0
2877	211	0
2878	201	0
2879	196	0
2880	181	0
2881	222	0
2882	204	0
2883	192	0
2884	202	0
2885	193	0
2886	192	0
2887	219	0
2888	187	0
2889	179	0
2890	198	0
2891	201	0
2892	209	0
2893	192	0
2894	192	0
2895	216	0
2896	189	0
2897	186	0
2898	195	0
2899	207	0
2900	212	0
2901	181	0
2902	215	0
2903	203	0
2904	192	0
2905	202	0
2906	196	0
2907	202	0
2908	192	0
2909	205	0
2910	214	0
2911	208	0
2912	179	0
2913	199	0
2914	198	0
2915	199	0
2916	221	0
2917	187	0
2918	229	0
2919	213	0
2920	203	0
2921	193	0
2922	196	0
2923	223	0
2924	203	0
2925	217	0
2926	188	0
2927	224	0
2928	197	0
2929	198	0
2930	185	0
2931	219	0
2932	195	0
2933	205	0
2934	210	0
2935	207	0
2936	226	0
2937	205	0
2938	215	0
2939	205	0
2940	185	0
2941	201	0
2942	174	0
2943	204	0
2944	186	0
2945	194	0
2946	205	0
2947	195	0
2948	212	0
2949	228	0
2950	185	0
2951	177	0
2952	183	0
2953	180	0
2954	219	0
2955	224	0
2956	221	0
2957	215	0
2958	213	0
2959	205	0
2960	215	0
2961	190	0
2962	212	0
2963	172	0
2964	192	0
2965	201	0
2966	215	0
2967	204	0
2968	168	0
2969	205	0
2970	195	0
2971	201	0
2972	181	0
2973	212	0
2974	200	0
2975	211	0
2976	179	0
2977	195	0
2978	249	0
2979	178	0
2980	178	0
2981	196	0
2982	208	0
2983	189	0
2984	208	0
2985	181	0
2986	234	0
2987	189	0
2988	215	0
2989	199	0
2990	208	0
2991	191	0
2992	224	0
2993	221	0
2994	201	0
2995	203	0
2996	222	0
2997	203	0
2998	199	0
2999	213	0
3000	194	0
