1	202	0
2	199	0
3	218	0
4	192	0
5	197	0
6	190	0
7	174	0
8	211	0
9	186	0
10	199	0
11	197	0
12	226	0
13	177	0
14	217	0
15	203	0
16	180	0
17	205	0
18	214	0
19	229	0
20	185	0
21	213	0
22	198	0
23	190	0
24	197	0
25	212	0
26	207	0
27	191	0
28	203	0
29	185	0
30	176	0
31	179	0
32	200	0
33	195	0
34	199	0
35	182	0
36	209	0
37	189	0
38	215	0
39	218	0
40	208	0
41	213	0
42	211	0
43	173	0
44	180	0
45	175	0
46	217	0
47	189	0
48	216	0
49	222	0
50	211	0
51	212	0
52	193	0
53	187	0
54	191	0
55	181	0
56	226	0
57	183	0
58	205	0
59	197	0
60	189	0
61	196	0
62	198	0
63	195	0
64	205	0
65	176	0
66	188	0
67	190	0
68	216	0
69	215	0
70	174	0
71	202	0
72	173	0
73	189	0
74	205	0
75	175	0
76	200	0
77	211	0
78	183	0
79	217	0
80	198	0
81	202	0
82	215	0
83	210	0
84	192	0
85	194	0
86	198	0
87	182	0
88	194	0
89	224	0
90	196	0
91	210	0
92	208	0
93	182	0
94	172	0
95	197	0
96	174	0
97	202	0
98	199	0
99	201	0
100	188	0
101	187	0
102	179	0
103	196	0
104	232	0
105	189	0
106	182	0
107	198	0
108	199	0
109	171	0
110	240	0
111	188	0
112	170	0
113	225	0
114	216	0
115	191	0
116	205	0
117	199	0
118	173	0
119	197	0
120	227	0
121	196	0
122	186	0
123	185	0
124	202	0
125	225	0
126	196	0
127	169	0
128	198	0
129	165	0
130	215	0
131	217	0
132	216	0
133	195	0
134	182	0
135	174	0
136	214	0
137	182	0
138	198	0
139	199	0
140	201	0
141	208	0
142	184	0
143	185	0
144	197	0
145	207	0
146	210	0
147	197	0
148	188	0
149	191	0
150	186	0
151	188	0
152	205	0
153	193	0
154	232	0
155	196	0
156	195	0
157	220	0
158	198	0
159	222	0
160	185	0
161	222	0
162	239	0
163	180	0
164	214	0
165	212	0
166	205	0
167	206	0
168	226	0
169	204	0
170	209	0
171	209	0
172	204	0
173	200	0
174	212	0
175	197	0
176	239	0
177	225	0
178	204	0
179	204	0
180	193	0
181	176	0
182	180	0
183	188	0
184	221	0
185	187	0
186	181	0
187	188	0
188	200	0
189	194	0
190	200	0
191	205	0
192	194	0
193	213	0
194	182	0
195	196	0
196	171	0
197	187	0
198	195	0
199	203	0
200	189	0
201	184	0
202	193	0
203	204	0
204	193	0
205	175	0
206	208	0
207	202	0
208	192	0
209	203	0
210	202	0
211	218	0
212	171	0
213	193	0
214	221	0
215	197	0
216	201	0
217	204	0
218	208	0
219	194	0
220	209	0
221	193	0
222	212	0
223	196	0
224	162	0
225	198	0
226	193	0
227	191	0
228	188	0
229	193	0
230	197	0
231	203	0
232	199	0
233	212	0
234	208	0
235	194	0
236	197	0
237	203	0
238	186	0
239	187	0
240	216	0
241	199	0
242	203	0
243	228	0
244	191	0
245	212	0
246	187	0
247	222	0
248	182	0
249	202	0
250	195	0
251	198	0
252	191	0
253	183	0
254	165	0
255	206	0
256	206	0
257	212	0
258	193	0
259	184	0
260	184	0
261	181	0
262	188	0
263	200	0
264	195	0
265	196	0
266	203	0
267	200	0
268	203	0
269	200	0
270	239	0
271	170	0
272	179	0
273	193	0
274	189	0
275	188	0
276	183	0
277	192	0
278	210	0
279	183	0
280	197	0
281	204	0
282	200	0
283	219	0
284	186	0
285	206	0
286	202	0
287	202	0
288	200	0
289	195	0
290	199	0
291	201	0
292	204	0
293	206	0
294	215	0
295	203	0
296	200	0
297	201	0
298	211	0
299	200	0
300	189	0
301	185	0
302	204	0
303	175	0
304	192	0
305	194	0
306	214	0
307	219	0
308	218	0
309	205	0
310	204	0
311	199	0
312	231	0
313	191	0
314	208	0
315	203	0
316	182	0
317	191	0
318	202	0
319	213	0
320	182	0
321	205	0
322	194	0
323	190	0
324	209	0
325	195	0
326	233	0
327	175	0
328	172	0
329	191	0
330	189	0
331	228	0
332	207	0
333	204	0
334	228	0
335	202	0
336	228	0
337	204	0
338	203	0
339	202	0
340	216	0
341	192	0
342	168	0
343	208	0
344	173	0
345	187	0
346	200	0
347	201	0
348	184	0
349	202	0
350	184	0
351	193	0
352	190	0
353	199	0
354	218	0
355	218	0
356	181	0
357	193	0
358	182	0
359	196	0
360	203	0
361	225	0
362	169	0
363	193	0
364	218	0
365	190	0
366	197	0
367	193	0
368	200	0
369	193	0
370	163	0
371	203	0
372	218	0
373	172	0
374	190	0
375	203	0
376	195	0
377	219	0
378	217	0
379	187	0
380	188	0
381	200	0
382	199	0
383	193	0
384	174	0
385	177	0
386	188	0
387	192	0
388	212	0
389	187	0
390	200	0
391	216	0
392	215	0
393	191	0
394	184	0
395	219	0
396	211	0
397	186	0
398	221	0
399	239	0
400	184	0
401	192	0
402	186	0
403	201	0
404	223	0
405	188	0
406	194	0
407	179	0
408	234	0
409	211	0
410	215	0
411	207	0
412	212	0
413	213	0
414	204	0
415	182	0
416	197	0
417	216	0
418	207	0
419	219	0
420	193	0
421	188	0
422	192	0
423	193	0
424	177	0
425	203	0
426	180	0
427	204	0
428	178	0
429	195	0
430	199	0
431	200	0
432	196	0
433	218	0
434	171	0
435	214	0
436	194	0
437	194	0
438	197	0
439	221	0
440	195	0
441	213	0
442	204	0
443	205	0
444	181	0
445	225	0
446	184	0
447	196	0
448	209	0
449	189	0
450	238	0
451	193	0
452	210	0
453	195	0
454	211	0
455	189	0
456	193	0
457	213	0
458	196	0
459	195	0
460	214	0
461	205	0
462	193	0
463	188	0
464	176	0
465	221	0
466	220	0
467	191	0
468	178	0
469	201	0
470	210	0
471	203	0
472	159	0
473	198	0
474	187	0
475	222	0
476	199	0
477	177	0
478	208	0
479	201	0
480	184	0
481	188	0
482	183	0
483	189	0
484	202	0
485	249	0
486	211	0
487	191	0
488	184	0
489	194	0
490	203	0
491	207	0
492	217	0
493	193	0
494	197	0
495	200	0
496	222	0
497	200	0
498	193	0
499	229	0
500	176	0
501	217	0
502	195	0
503	181	0
504	193	0
505	201	0
506	202	0
507	193	0
508	191	0
509	193	0
510	192	0
511	212	0
512	182	0
513	192	0
514	220	0
515	183	0
516	182	0
517	228	0
518	201	0
519	214	0
520	182	0
521	186	0
522	226	0
523	200	0
524	197	0
525	186	0
526	217	0
527	173	0
528	221	0
529	221	0
530	211	0
531	180	0
532	192	0
533	213	0
534	187	0
535	194	0
536	188	0
537	210	0
538	173	0
539	189	0
540	205	0
541	202	0
542	193	0
543	214	0
544	198	0
545	175	0
546	197	0
547	184	0
548	188	0
549	195	0
550	205	0
551	187	0
552	185	0
553	195	0
554	217	0
555	224	0
556	214	0
557	230	0
558	182	0
559	173	0
560	219	0
561	215	0
562	184	0
563	185	0
564	228	0
565	208	0
566	200	0
567	209	0
568	204	0
569	197	0
570	193	0
571	206	0
572	195	0
573	223	0
574	206	0
575	182	0
576	211	0
577	200	0
578	195	0
579	202	0
580	210	0
581	201	0
582	205	0
583	202	0
584	169	0
585	218	0
586	177	0
587	191	0
588	184	0
589	183	0
590	206	0
591	194	0
592	189	0
593	207	0
594	186	0
595	208	0
596	202	0
597	203	0
598	199	0
599	217	0
600	187	0
601	201	0
602	211	0
603	202	0
604	183	0
605	194	0
606	209	0
607	200	0
608	183	0
609	163	0
610	212	0
611	165	0
612	223	0
613	207	0
614	200	0
615	212	0
616	211	0
617	200	0
618	199	0
619	209	0
620	219	0
621	227	0
622	206	0
623	207	0
624	192	0
625	178	0
626	222	0
627	195	0
628	174	0
629	206	0
630	202	0
631	200	0
632	200	0
633	180	0
634	195	0
635	204	0
636	195	0
637	210	0
638	178	0
639	200	0
640	206	0
641	205	0
642	222	0
643	186	0
644	206	0
645	201	0
646	213	0
647	199	0
648	187	0
649	183	0
650	194	0
651	203	0
652	205	0
653	211	0
654	226	0
655	211	0
656	173	0
657	202	0
658	206	0
659	200	0
660	205	0
661	162	0
662	209	0
663	204	0
664	196	0
665	187	0
666	199	0
667	180	0
668	197	0
669	233	0
670	206	0
671	213	0
672	201	0
673	195	0
674	212	0
675	207	0
676	222	0
677	225	0
678	216	0
679	195	0
680	224	0
681	191	0
682	200	0
683	224	0
684	199	0
685	198	0
686	204	0
687	208	0
688	201	0
689	170	0
690	196	0
691	217	0
692	210	0
693	214	0
694	187	0
695	185	0
696	191	0
697	206	0
698	179	0
699	200	0
700	188	0
701	195	0
702	205	0
703	204	0
704	178	0
705	217	0
706	211	0
707	185	0
708	169	0
709	190	0
710	204	0
711	203	0
712	195	0
713	196	0
714	185	0
715	186	0
716	208	0
717	205	0
718	210	0
719	195	0
720	193	0
721	220	0
722	196	0
723	192	0
724	209	0
725	209	0
726	197	0
727	188	0
728	193	0
729	183	0
730	205	0
731	204	0
732	196	0
733	206	0
734	209	0
735	188	0
736	191	0
737	207	0
738	174	0
739	189	0
740	188	0
741	201	0
742	192	0
743	192	0
744	201	0
745	177	0
746	186	0
747	198	0
748	243	0
749	212	0
750	189	0
751	206	0
752	217	0
753	191	0
754	192	0
755	200	0
756	195	0
757	202	0
758	202	0
759	160	0
760	199	0
761	199	0
762	195	0
763	182	0
764	195	0
765	184	0
766	195	0
767	203	0
768	209	0
769	196	0
770	194	0
771	186	0
772	207	0
773	186	0
774	192	0
775	212	0
776	178	0
777	233	0
778	218	0
779	199	0
780	212	0
781	194	0
782	229	0
783	213	0
784	219	0
785	202	0
786	187	0
787	213	0
788	205	0
789	206	0
790	211	0
791	200	0
792	211	0
793	197	0
794	191	0
795	205	0
796	209	0
797	199	0
798	199	0
799	191	0
800	181	0
801	196	0
802	188	0
803	208	0
804	211	0
805	212	0
806	197	0
807	202	0
808	211	0
809	208	0
810	216	0
811	220	0
812	178	0
813	218	0
814	215	0
815	202	0
816	199	0
817	197	0
818	195	0
819	220	0
820	196	0
821	198	0
822	168	0
823	212	0
824	196	0
825	227	0
826	195	0
827	201	0
828	207	0
829	195	0
830	200	0
831	171	0
832	181	0
833	166	0
834	217	0
835	203	0
836	180	0
837	220	0
838	199	0
839	205	0
840	172	0
841	224	0
842	182	0
843	194	0
844	205	0
845	177	0
846	201	0
847	196	0
848	195	0
849	192	0
850	183	0
851	176	0
852	212	0
853	189	0
854	216	0
855	203	0
856	171	0
857	199	0
858	218	0
859	179	0
860	197	0
861	190	0
862	222	0
863	174	0
864	180	0
865	190	0
866	221	0
867	231	0
868	203	0
869	208	0
870	202	0
871	207	0
872	195	0
873	194	0
874	195	0
875	198	0
876	199	0
877	192	0
878	194	0
879	197	0
880	184	0
881	205	0
882	192	0
883	182	0
884	204	0
885	169	0
886	187	0
887	183	0
888	196	0
889	192	0
890	195	0
891	226	0
892	205	0
893	170	0
894	221	0
895	197	0
896	208	0
897	219	0
898	217	0
899	215	0
900	205	0
901	202	0
902	235	0
903	184	0
904	190	0
905	213	0
906	206	0
907	173	0
908	215	0
909	218	0
910	181	0
911	198	0
912	207	0
913	208	0
914	183	0
915	182	0
916	224	0
917	201	0
918	197	0
919	175	0
920	208	0
921	198	0
922	196	0
923	227	0
924	167	0
925	217	0
926	217	0
927	197	0
928	210	0
929	189	0
930	216	0
931	218	0
932	186	0
933	195	0
934	192	0
935	187	0
936	195	0
937	214	0
938	204	0
939	195	0
940	221	0
941	211	0
942	192	0
943	228	0
944	204	0
945	211	0
946	204	0
947	189	0
948	186	0
949	207	0
950	165	0
951	187	0
952	197	0
953	193	0
954	201	0
955	225	0
956	205	0
957	195	0
958	194	0
959	161	0
960	198	0
961	176	0
962	196	0
963	173	0
964	191	0
965	194	0
966	202	0
967	198	0
968	179	0
969	203	0
970	211	0
971	195	0
972	211	0
973	209	0
974	215	0
975	198	0
976	190	0
977	151	0
978	180	0
979	212	0
980	214	0
981	207	0
982	194	0
983	196	0
984	212	0
985	185	0
986	197	0
987	204	0
988	189	0
989	184	0
990	193	0
991	197	0
992	201	0
993	196	0
994	218	0
995	194	0
996	221	0
997	208	0
998	210	0
999	195	0
1000	196	0
1001	196	0
1002	184	0
1003	184	0
1004	198	0
1005	218	0
1006	199	0
1007	178	0
1008	193	0
1009	195	0
1010	217	0
1011	183	0
1012	225	0
1013	196	0
1014	205	0
1015	190	0
1016	248	0
1017	198	0
1018	192	0
1019	201	0
1020	194	0
1021	199	0
1022	189	0
1023	172	0
1024	194	0
1025	200	0
1026	229	0
1027	191	0
1028	205	0
1029	204	0
1030	197	0
1031	199	0
1032	205	0
1033	198	0
1034	215	0
1035	236	0
1036	217	0
1037	169	0
1038	213	0
1039	172	0
1040	196	0
1041	194	0
1042	191	0
1043	189	0
1044	202	0
1045	196	0
1046	201	0
1047	188	0
1048	205	0
1049	184	0
1050	227	0
1051	189	0
1052	216	0
1053	241	0
1054	181	0
1055	183	0
1056	204	0
1057	204	0
1058	202	0
1059	192	0
1060	214	0
1061	221	0
1062	219	0
1063	216	0
1064	210	0
1065	205	0
1066	175	0
1067	194	0
1068	216	0
1069	196	0
1070	234	0
1071	193	0
1072	185	0
1073	198	0
1074	176	0
1075	224	0
1076	189	0
1077	210	0
1078	215	0
1079	220	0
1080	212	0
1081	223	0
1082	176	0
1083	205	0
1084	225	0
1085	220	0
1086	202	0
1087	204	0
1088	195	0
1089	217	0
1090	183	0
1091	217	0
1092	247	0
1093	197	0
1094	187	0
1095	201	0
1096	221	0
1097	221	0
1098	216	0
1099	196	0
1100	199	0
1101	211	0
1102	212	0
1103	208	0
1104	216	0
1105	192	0
1106	178	0
1107	224	0
1108	189	0
1109	203	0
1110	207	0
1111	182	0
1112	226	0
1113	198	0
1114	195	0
1115	207	0
1116	186	0
1117	222	0
1118	198	0
1119	194	0
1120	189	0
1121	215	0
1122	202	0
1123	205	0
1124	211	0
1125	202	0
1126	194	0
1127	196	0
1128	206	0
1129	205	0
1130	206	0
1131	203	0
1132	217	0
1133	210	0
1134	239	0
1135	214	0
1136	217	0
1137	217	0
1138	172	0
1139	190	0
1140	200	0
1141	203	0
1142	208	0
1143	188	0
1144	195	0
1145	191	0
1146	183	0
1147	199	0
1148	209	0
1149	199	0
1150	203	0
1151	167	0
1152	186	0
1153	189	0
1154	183	0
1155	211	0
1156	169	0
1157	202	0
1158	179	0
1159	190	0
1160	181	0
1161	203	0
1162	189	0
1163	210	0
1164	210	0
1165	183	0
1166	195	0
1167	193	0
1168	197	0
1169	219	0
1170	208	0
1171	212	0
1172	219	0
1173	207	0
1174	207	0
1175	189	0
1176	192	0
1177	205	0
1178	181	0
1179	201	0
1180	215	0
1181	190	0
1182	182	0
1183	183	0
1184	193	0
1185	199	0
1186	200	0
1187	182	0
1188	179	0
1189	197	0
1190	194	0
1191	210	0
1192	196	0
1193	198	0
1194	231	0
1195	183	0
1196	196	0
1197	183	0
1198	203	0
1199	224	0
1200	211	0
1201	213	0
1202	182	0
1203	183	0
1204	218	0
1205	218	0
1206	208	0
1207	184	0
1208	186	0
1209	183	0
1210	199	0
1211	212	0
1212	189	0
1213	213	0
1214	180	0
1215	203	0
1216	186	0
1217	185	0
1218	215	0
1219	183	0
1220	181	0
1221	178	0
1222	189	0
1223	188	0
1224	204	0
1225	222	0
1226	189	0
1227	199	0
1228	199	0
1229	225	0
1230	194	0
1231	165	0
1232	189	0
1233	186	0
1234	203	0
1235	185	0
1236	186	0
1237	220	0
1238	203	0
1239	209	0
1240	188	0
1241	181	0
1242	209	0
1243	201	0
1244	228	0
1245	209	0
1246	205	0
1247	187	0
1248	204	0
1249	217	0
1250	189	0
1251	197	0
1252	183	0
1253	181	0
1254	197	0
1255	188	0
1256	194	0
1257	201	0
1258	170	0
1259	201	0
1260	203	0
1261	201	0
1262	209	0
1263	172	0
1264	203	0
1265	222	0
1266	181	0
1267	214	0
1268	214	0
1269	199	0
1270	201	0
1271	201	0
1272	213	0
1273	189	0
1274	200	0
1275	175	0
1276	163	0
1277	214	0
1278	184	0
1279	197	0
1280	199	0
1281	202	0
1282	175	0
1283	210	0
1284	203	0
1285	183	0
1286	210	0
1287	184	0
1288	181	0
1289	189	0
1290	195	0
1291	199	0
1292	204	0
1293	199	0
1294	195	0
1295	225	0
1296	196	0
1297	210	0
1298	206	0
1299	189	0
1300	180	0
1301	203	0
1302	210	0
1303	205	0
1304	201	0
1305	192	0
1306	173	0
1307	188	0
1308	197	0
1309	197	0
1310	190	0
1311	208	0
1312	212	0
1313	206	0
1314	191	0
1315	207	0
1316	216	0
1317	204	0
1318	216	0
1319	167	0
1320	226	0
1321	203	0
1322	192	0
1323	214	0
1324	212	0
1325	204	0
1326	184	0
1327	167	0
1328	223	0
1329	174	0
1330	206	0
1331	195	0
1332	209	0
1333	216	0
1334	201	0
1335	201	0
1336	189	0
1337	184	0
1338	218	0
1339	171	0
1340	179	0
1341	203	0
1342	187	0
1343	211	0
1344	194	0
1345	204	0
1346	204	0
1347	203	0
1348	187	0
1349	181	0
1350	172	0
1351	190	0
1352	200	0
1353	211	0
1354	185	0
1355	173	0
1356	199	0
1357	182	0
1358	197	0
1359	222	0
1360	204	0
1361	176	0
1362	206	0
1363	198	0
1364	206	0
1365	207	0
1366	177	0
1367	214	0
1368	210	0
1369	197	0
1370	217	0
1371	214	0
1372	181	0
1373	193	0
1374	174	0
1375	212	0
1376	234	0
1377	192	0
1378	195	0
1379	199	0
1380	207	0
1381	207	0
1382	208	0
1383	201	0
1384	181	0
1385	193	0
1386	197	0
1387	218	0
1388	219	0
1389	227	0
1390	202	0
1391	206	0
1392	177	0
1393	177	0
1394	196	0
1395	206	0
1396	193	0
1397	219	0
1398	196	0
1399	186	0
1400	213	0
1401	178	0
1402	216	0
1403	193	0
1404	225	0
1405	181	0
1406	221	0
1407	189	0
1408	193	0
1409	228	0
1410	198	0
1411	190	0
1412	202	0
1413	210	0
1414	190	0
1415	221	0
1416	213	0
1417	197	0
1418	198	0
1419	222	0
1420	219	0
1421	190	0
1422	213	0
1423	205	0
1424	194	0
1425	213	0
1426	221	0
1427	219	0
1428	177	0
1429	208	0
1430	190	0
1431	171	0
1432	187	0
1433	204	0
1434	239	0
1435	199	0
1436	189	0
1437	169	0
1438	205	0
1439	215	0
1440	199	0
1441	206	0
1442	184	0
1443	206	0
1444	194	0
1445	213	0
1446	192	0
1447	181	0
1448	195	0
1449	212	0
1450	222	0
1451	204	0
1452	192	0
1453	200	0
1454	229	0
1455	210	0
1456	176	0
1457	190	0
1458	179	0
1459	202	0
1460	186	0
1461	234	0
1462	186	0
1463	190	0
1464	207	0
1465	227	0
1466	207	0
1467	219	0
1468	181	0
1469	227	0
1470	208	0
1471	203	0
1472	192	0
1473	207	0
1474	195	0
1475	191	0
1476	179	0
1477	190	0
1478	213	0
1479	187	0
1480	192	0
1481	186	0
1482	203	0
1483	245	0
1484	191	0
1485	200	0
1486	211	0
1487	220	0
1488	211	0
1489	220	0
1490	200	0
1491	216	0
1492	234	0
1493	196	0
1494	183	0
1495	201	0
1496	208	0
1497	218	0
1498	186	0
1499	191	0
1500	180	0
1501	181	0
1502	214	0
1503	194	0
1504	206	0
1505	194	0
1506	214	0
1507	214	0
1508	196	0
1509	214	0
1510	201	0
1511	198	0
1512	182	0
1513	208	0
1514	226	0
1515	201	0
1516	193	0
1517	186	0
1518	203	0
1519	216	0
1520	187	0
1521	201	0
1522	210	0
1523	204	0
1524	208	0
1525	185	0
1526	211	0
1527	216	0
1528	179	0
1529	218	0
1530	228	0
1531	180	0
1532	227	0
1533	187	0
1534	197	0
1535	197	0
1536	184	0
1537	170	0
1538	194	0
1539	209	0
1540	187	0
1541	198	0
1542	183	0
1543	212	0
1544	211	0
1545	210	0
1546	188	0
1547	211	0
1548	200	0
1549	205	0
1550	184	0
1551	198	0
1552	202	0
1553	222	0
1554	200	0
1555	183	0
1556	171	0
1557	199	0
1558	202	0
1559	187	0
1560	186	0
1561	179	0
1562	211	0
1563	203	0
1564	205	0
1565	178	0
1566	190	0
1567	210	0
1568	221	0
1569	182	0
1570	176	0
1571	211	0
1572	196	0
1573	241	0
1574	219	0
1575	180	0
1576	187	0
1577	192	0
1578	202	0
1579	198	0
1580	200	0
1581	199	0
1582	204	0
1583	197	0
1584	209	0
1585	189	0
1586	216	0
1587	215	0
1588	210	0
1589	181	0
1590	191	0
1591	193	0
1592	208	0
1593	203	0
1594	160	0
1595	204	0
1596	215	0
1597	216	0
1598	232	0
1599	198	0
1600	192	0
1601	201	0
1602	211	0
1603	184	0
1604	209	0
1605	194	0
1606	188	0
1607	183	0
1608	180	0
1609	210	0
1610	214	0
1611	217	0
1612	194	0
1613	170	0
1614	193	0
1615	199	0
1616	197	0
1617	192	0
1618	201	0
1619	177	0
1620	191	0
1621	196	0
1622	209	0
1623	194	0
1624	185	0
1625	184	0
1626	216	0
1627	215	0
1628	207	0
1629	187	0
1630	194	0
1631	201	0
1632	192	0
1633	226	0
1634	194	0
1635	211	0
1636	191	0
1637	197	0
1638	215	0
1639	179	0
1640	204	0
1641	167	0
1642	206	0
1643	192	0
1644	179	0
1645	172	0
1646	210	0
1647	206	0
1648	215	0
1649	196	0
1650	234	0
1651	198	0
1652	200	0
1653	191	0
1654	190	0
1655	192	0
1656	203	0
1657	180	0
1658	182	0
1659	170	0
1660	184	0
1661	192	0
1662	210	0
1663	182	0
1664	217	0
1665	198	0
1666	206	0
1667	200	0
1668	179	0
1669	214	0
1670	193	0
1671	218	0
1672	207	0
1673	206	0
1674	226	0
1675	192	0
1676	202	0
1677	236	0
1678	193	0
1679	191	0
1680	212	0
1681	215	0
1682	192	0
1683	189	0
1684	207	0
1685	197	0
1686	214	0
1687	171	0
1688	184	0
1689	185	0
1690	195	0
1691	214	0
1692	197	0
1693	201	0
1694	217	0
1695	213	0
1696	206	0
1697	206	0
1698	187	0
1699	212	0
1700	205	0
1701	197	0
1702	195	0
1703	197	0
1704	194	0
1705	201	0
1706	196	0
1707	176	0
1708	202	0
1709	185	0
1710	192	0
1711	195	0
1712	217	0
1713	203	0
1714	223	0
1715	182	0
1716	215	0
1717	197	0
1718	215	0
1719	204	0
1720	231	0
1721	204	0
1722	179	0
1723	207	0
1724	197	0
1725	213	0
1726	212	0
1727	181	0
1728	200	0
1729	211	0
1730	192	0
1731	183	0
1732	197	0
1733	212	0
1734	217	0
1735	189	0
1736	197	0
1737	195	0
1738	208	0
1739	171	0
1740	190	0
1741	198	0
1742	183	0
1743	213	0
1744	236	0
1745	207	0
1746	205	0
1747	189	0
1748	204	0
1749	199	0
1750	194	0
1751	205	0
1752	206	0
1753	209	0
1754	194	0
1755	190	0
1756	216	0
1757	203	0
1758	202	0
1759	195	0
1760	189	0
1761	208	0
1762	207	0
1763	199	0
1764	192	0
1765	248	0
1766	204	0
1767	198	0
1768	209	0
1769	209	0
1770	185	0
1771	206	0
1772	203	0
1773	198	0
1774	215	0
1775	194	0
1776	173	0
1777	194	0
1778	232	0
1779	218	0
1780	208	0
1781	195	0
1782	200	0
1783	204	0
1784	208	0
1785	169	0
1786	191	0
1787	184	0
1788	199	0
1789	182	0
1790	207	0
1791	200	0
1792	196	0
1793	197	0
1794	179	0
1795	169	0
1796	209	0
1797	213	0
1798	202	0
1799	207	0
1800	196	0
1801	196	0
1802	188	0
1803	219	0
1804	182	0
1805	221	0
1806	194	0
1807	205	0
1808	190	0
1809	194	0
1810	213	0
1811	187	0
1812	184	0
1813	221	0
1814	186	0
1815	197	0
1816	189	0
1817	208	0
1818	182	0
1819	210	0
1820	177	0
1821	176	0
1822	206	0
1823	192	0
1824	204	0
1825	185	0
1826	198	0
1827	208	0
1828	200	0
1829	193	0
1830	194	0
1831	197	0
1832	195	0
1833	214	0
1834	195	0
1835	205	0
1836	187	0
1837	202	0
1838	185	0
1839	205	0
1840	204	0
1841	211	0
1842	215	0
1843	193	0
1844	190	0
1845	199	0
1846	215	0
1847	207	0
1848	210	0
1849	205	0
1850	179	0
1851	173	0
1852	203	0
1853	195	0
1854	196	0
1855	211	0
1856	212	0
1857	213	0
1858	176	0
1859	186	0
1860	238	0
1861	202	0
1862	188	0
1863	205	0
1864	192	0
1865	217	0
1866	215	0
1867	172	0
1868	198	0
1869	200	0
1870	209	0
1871	195	0
1872	171	0
1873	179	0
1874	224	0
1875	194	0
1876	214	0
1877	215	0
1878	190	0
1879	180	0
1880	206	0
1881	201	0
1882	182	0
1883	190	0
1884	169	0
1885	219	0
1886	198	0
1887	199	0
1888	207	0
1889	180	0
1890	183	0
1891	209	0
1892	204	0
1893	199	0
1894	190	0
1895	170	0
1896	180	0
1897	214	0
1898	188	0
1899	208	0
1900	196	0
1901	211	0
1902	194	0
1903	195	0
1904	186	0
1905	185	0
1906	189	0
1907	173	0
1908	203	0
1909	179	0
1910	187	0
1911	211	0
1912	204	0
1913	190	0
1914	187	0
1915	204	0
1916	205	0
1917	218	0
1918	189	0
1919	185	0
1920	184	0
1921	198	0
1922	200	0
1923	201	0
1924	201	0
1925	195	0
1926	169	0
1927	177	0
1928	177	0
1929	182	0
1930	185	0
1931	205	0
1932	217	0
1933	198	0
1934	181	0
1935	219	0
1936	215	0
1937	223	0
1938	219	0
1939	183	0
1940	184	0
1941	202	0
1942	206	0
1943	194	0
1944	199	0
1945	176	0
1946	202	0
1947	196	0
1948	199	0
1949	189	0
1950	202	0
1951	206	0
1952	200	0
1953	194	0
1954	201	0
1955	208	0
1956	230	0
1957	209	0
1958	222	0
1959	196	0
1960	198	0
1961	208	0
1962	198	0
1963	204	0
1964	221	0
1965	188	0
1966	186	0
1967	215	0
1968	214	0
1969	187	0
1970	202	0
1971	195	0
1972	203	0
1973	224	0
1974	195	0
1975	204	0
1976	208	0
1977	211	0
1978	226	0
1979	201	0
1980	204	0
1981	188	0
1982	193	0
1983	206	0
1984	189	0
1985	185	0
1986	185	0
1987	201	0
1988	189	0
1989	203	0
1990	207	0
1991	192	0
1992	202	0
1993	205	0
1994	214	0
1995	176	0
1996	179	0
1997	195	0
1998	195	0
1999	182	0
2000	177	0
2001	213	0
2002	229	0
2003	207	0
2004	226	0
2005	203	0
2006	195	0
2007	196	0
2008	200	0
2009	196	0
2010	208	0
2011	183	0
2012	204	0
2013	176	0
2014	186	0
2015	196	0
2016	204	0
2017	187	0
2018	195	0
2019	203	0
2020	200	0
2021	179	0
2022	196	0
2023	226	0
2024	177	0
2025	220	0
2026	209	0
2027	211	0
2028	234	0
2029	166	0
2030	190	0
2031	219	0
2032	204	0
2033	186	0
2034	170	0
2035	194	0
2036	195	0
2037	178	0
2038	204	0
2039	198	0
2040	191	0
2041	225	0
2042	180	0
2043	188	0
2044	198	0
2045	197	0
2046	209	0
2047	208	0
2048	192	0
2049	180	0
2050	201	0
2051	194	0
2052	206	0
2053	229	0
2054	213	0
2055	196	0
2056	206	0
2057	204	0
2058	182	0
2059	198	0
2060	203	0
2061	169	0
2062	198	0
2063	197	0
2064	210	0
2065	196	0
2066	231	0
2067	199	0
2068	196	0
2069	192	0
2070	180	0
2071	201	0
2072	194	0
2073	207	0
2074	182	0
2075	208	0
2076	190	0
2077	186	0
2078	194	0
2079	182	0
2080	179	0
2081	223	0
2082	192	0
2083	217	0
2084	204	0
2085	197	0
2086	218	0
2087	233	0
2088	200	0
2089	194	0
2090	210	0
2091	220	0
2092	220	0
2093	223	0
2094	193	0
2095	187	0
2096	210	0
2097	221	0
2098	208	0
2099	176	0
2100	199	0
2101	207	0
2102	178	0
2103	197	0
2104	183	0
2105	225	0
2106	204	0
2107	207	0
2108	210	0
2109	183	0
2110	194	0
2111	219	0
2112	197	0
2113	197	0
2114	208	0
2115	214	0
2116	222	0
2117	188	0
2118	213	0
2119	213	0
2120	182	0
2121	205	0
2122	214	0
2123	206	0
2124	189	0
2125	202	0
2126	224	0
2127	206	0
2128	194	0
2129	202	0
2130	201	0
2131	205	0
2132	192	0
2133	192	0
2134	210	0
2135	198	0
2136	187	0
2137	250	0
2138	201	0
2139	189	0
2140	213	0
2141	188	0
2142	195	0
2143	191	0
2144	192	0
2145	190	0
2146	219	0
2147	208	0
2148	219	0
2149	194	0
2150	199	0
2151	174	0
2152	190	0
2153	223	0
2154	196	0
2155	197	0
2156	204	0
2157	212	0
2158	204	0
2159	208	0
2160	232	0
2161	227	0
2162	196	0
2163	212	0
2164	211	0
2165	191	0
2166	201	0
2167	212	0
2168	183	0
2169	195	0
2170	201	0
2171	215	0
2172	192	0
2173	214	0
2174	231	0
2175	203	0
2176	197	0
2177	160	0
2178	177	0
2179	221	0
2180	195	0
2181	176	0
2182	196	0
2183	195	0
2184	208	0
2185	222	0
2186	208	0
2187	187	0
2188	198	0
2189	199	0
2190	195	0
2191	178	0
2192	204	0
2193	218	0
2194	191	0
2195	212	0
2196	201	0
2197	190	0
2198	189	0
2199	190	0
2200	191	0
2201	207	0
2202	168	0
2203	183	0
2204	203	0
2205	178	0
2206	187	0
2207	190	0
2208	182	0
2209	193	0
2210	181	0
2211	209	0
2212	181	0
2213	216	0
2214	185	0
2215	193	0
2216	202	0
2217	200	0
2218	196	0
2219	170	0
2220	209	0
2221	186	0
2222	187	0
2223	201	0
2224	192	0
2225	201	0
2226	177	0
2227	196	0
2228	169	0
2229	177	0
2230	190	0
2231	177	0
2232	220	0
2233	212	0
2234	174	0
2235	213	0
2236	194	0
2237	194	0
2238	200	0
2239	194	0
2240	196	0
2241	210	0
2242	172	0
2243	205	0
2244	217	0
2245	217	0
2246	205	0
2247	210	0
2248	209	0
2249	189	0
2250	195	0
2251	207	0
2252	189	0
2253	204	0
2254	198	0
2255	208	0
2256	188	0
2257	191	0
2258	202	0
2259	215	0
2260	194	0
2261	199	0
2262	206	0
2263	207	0
2264	206	0
2265	182	0
2266	164	0
2267	194	0
2268	189	0
2269	204	0
2270	199	0
2271	208	0
2272	199	0
2273	211	0
2274	201	0
2275	195	0
2276	199	0
2277	177	0
2278	170	0
2279	210	0
2280	210	0
2281	194	0
2282	205	0
2283	186	0
2284	175	0
2285	192	0
2286	195	0
2287	225	0
2288	190	0
2289	206	0
2290	213	0
2291	185	0
2292	214	0
2293	198	0
2294	215	0
2295	180	0
2296	204	0
2297	228	0
2298	225	0
2299	215	0
2300	192	0
2301	204	0
2302	230	0
2303	211	0
2304	216	0
2305	184	0
2306	225	0
2307	204	0
2308	188	0
2309	235	0
2310	202	0
2311	184	0
2312	213	0
2313	202	0
2314	206	0
2315	195	0
2316	186	0
2317	200	0
2318	199	0
2319	205	0
2320	218	0
2321	168	0
2322	205	0
2323	217	0
2324	222	0
2325	179	0
2326	194	0
2327	193	0
2328	236	0
2329	189	0
2330	185	0
2331	194	0
2332	209	0
2333	193	0
2334	224	0
2335	199	0
2336	189	0
2337	219	0
2338	210	0
2339	201	0
2340	182	0
2341	215	0
2342	200	0
2343	207	0
2344	192	0
2345	174	0
2346	193	0
2347	202	0
2348	209	0
2349	188	0
2350	188	0
2351	208	0
2352	184	0
2353	204	0
2354	209	0
2355	198	0
2356	208	0
2357	191	0
2358	187	0
2359	201	0
2360	229	0
2361	218	0
2362	187	0
2363	205	0
2364	192	0
2365	193	0
2366	190	0
2367	175	0
2368	189	0
2369	188	0
2370	208	0
2371	213	0
2372	194	0
2373	208	0
2374	203	0
2375	221	0
2376	195	0
2377	211	0
2378	222	0
2379	175	0
2380	205	0
2381	208	0
2382	184	0
2383	196	0
2384	188	0
2385	200	0
2386	198	0
2387	194	0
2388	186	0
2389	210	0
2390	185	0
2391	204	0
2392	207	0
2393	203	0
2394	193	0
2395	215	0
2396	222	0
2397	193	0
2398	187	0
2399	199	0
2400	174	0
2401	199	0
2402	209	0
2403	175	0
2404	188	0
2405	195	0
2406	199	0
2407	183	0
2408	194	0
2409	212	0
2410	212	0
2411	186	0
2412	184	0
2413	225	0
2414	195	0
2415	189	0
2416	195	0
2417	197	0
2418	199	0
2419	185	0
2420	192	0
2421	200	0
2422	197	0
2423	212	0
2424	186	0
2425	204	0
2426	185	0
2427	182	0
2428	189	0
2429	193	0
2430	182	0
2431	196	0
2432	195	0
2433	198	0
2434	217	0
2435	199	0
2436	192	0
2437	196	0
2438	211	0
2439	179	0
2440	176	0
2441	219	0
2442	191	0
2443	211	0
2444	191	0
2445	216	0
2446	204	0
2447	183	0
2448	202	0
2449	215	0
2450	207	0
2451	201	0
2452	207	0
2453	203	0
2454	212	0
2455	209	0
2456	199	0
2457	207	0
2458	210	0
2459	199	0
2460	190	0
2461	196	0
2462	203	0
2463	195	0
2464	216	0
2465	183	0
2466	206	0
2467	196	0
2468	213	0
2469	180	0
2470	211	0
2471	192	0
2472	207	0
2473	192	0
2474	179	0
2475	214	0
2476	199	0
2477	205	0
2478	192	0
2479	202	0
2480	179	0
2481	204	0
2482	191	0
2483	197	0
2484	211	0
2485	216	0
2486	200	0
2487	189	0
2488	195	0
2489	213	0
2490	200	0
2491	195	0
2492	210	0
2493	222	0
2494	212	0
2495	191	0
2496	213	0
2497	180	0
2498	193	0
2499	213	0
2500	204	0
2501	222	0
2502	206	0
2503	205	0
2504	216	0
2505	194	0
2506	191	0
2507	219	0
2508	201	0
2509	208	0
2510	187	0
2511	238	0
2512	200	0
2513	188	0
2514	187	0
2515	200	0
2516	176	0
2517	187	0
2518	173	0
2519	200	0
2520	189	0
2521	201	0
2522	194	0
2523	220	0
2524	213	0
2525	202	0
2526	199	0
2527	196	0
2528	198	0
2529	177	0
2530	198	0
2531	194	0
2532	193	0
2533	195	0
2534	208	0
2535	205	0
2536	227	0
2537	195	0
2538	196	0
2539	222	0
2540	204	0
2541	198	0
2542	192	0
2543	202	0
2544	194	0
2545	202	0
2546	205	0
2547	176	0
2548	200	0
2549	175	0
2550	197	0
2551	201	0
2552	191	0
2553	218	0
2554	186	0
2555	185	0
2556	201	0
2557	210	0
2558	179	0
2559	217	0
2560	198	0
2561	197	0
2562	191	0
2563	222	0
2564	186	0
2565	200	0
2566	214	0
2567	222	0
2568	178	0
2569	192	0
2570	216	0
2571	188	0
2572	210	0
2573	190	0
2574	186	0
2575	203	0
2576	218	0
2577	213	0
2578	194	0
2579	204	0
2580	188	0
2581	179	0
2582	187	0
2583	182	0
2584	195	0
2585	202	0
2586	211	0
2587	230	0
2588	174	0
2589	198	0
2590	208	0
2591	187	0
2592	203	0
2593	182	0
2594	197	0
2595	200	0
2596	179	0
2597	179	0
2598	180	0
2599	192	0
2600	197	0
2601	175	0
2602	221	0
2603	223	0
2604	209	0
2605	195	0
2606	188	0
2607	195	0
2608	183	0
2609	196	0
2610	210	0
2611	204	0
2612	212	0
2613	196	0
2614	189	0
2615	198	0
2616	186	0
2617	203	0
2618	192	0
2619	212	0
2620	174	0
2621	182	0
2622	209	0
2623	180	0
2624	179	0
2625	204	0
2626	215	0
2627	206	0
2628	209	0
2629	200	0
2630	237	0
2631	184	0
2632	208	0
2633	204	0
2634	198	0
2635	201	0
2636	190	0
2637	175	0
2638	199	0
2639	202	0
2640	198	0
2641	191	0
2642	189	0
2643	177	0
2644	208	0
2645	211	0
2646	236	0
2647	219	0
2648	215	0
2649	198	0
2650	181	0
2651	222	0
2652	191	0
2653	208	0
2654	180	0
2655	181	0
2656	187	0
2657	167	0
2658	215	0
2659	209	0
2660	180	0
2661	200	0
2662	206	0
2663	201	0
2664	196	0
2665	206	0
2666	197	0
2667	179	0
2668	190	0
2669	189	0
2670	225	0
2671	194	0
2672	209	0
2673	189	0
2674	180	0
2675	216	0
2676	199	0
2677	193	0
2678	193	0
2679	178	0
2680	180	0
2681	201	0
2682	177	0
2683	197	0
2684	180	0
2685	206	0
2686	210	0
2687	193	0
2688	190	0
2689	210	0
2690	205	0
2691	174	0
2692	218	0
2693	222	0
2694	225	0
2695	194	0
2696	196	0
2697	214	0
2698	216	0
2699	204	0
2700	202	0
2701	214	0
2702	200	0
2703	203	0
2704	192	0
2705	198	0
2706	210	0
2707	199	0
2708	166	0
2709	179	0
2710	231	0
2711	205	0
2712	200	0
2713	207	0
2714	194	0
2715	209	0
2716	196	0
2717	196	0
2718	224	0
2719	190	0
2720	193	0
2721	175	0
2722	203	0
2723	211	0
2724	189	0
2725	198	0
2726	175	0
2727	200	0
2728	212	0
2729	193	0
2730	210	0
2731	194	0
2732	181	0
2733	187	0
2734	201	0
2735	193	0
2736	207	0
2737	179	0
2738	195	0
2739	168	0
2740	184	0
2741	201	0
2742	217	0
2743	172	0
2744	181	0
2745	219	0
2746	203	0
2747	187	0
2748	187	0
2749	201	0
2750	199	0
2751	234	0
2752	186	0
2753	201	0
2754	209	0
2755	192	0
2756	209	0
2757	190	0
2758	200	0
2759	200	0
2760	202	0
2761	201	0
2762	185	0
2763	224	0
2764	194	0
2765	196	0
2766	207	0
2767	202	0
2768	183	0
2769	185	0
2770	182	0
2771	194	0
2772	185	0
2773	187	0
2774	175	0
2775	184	0
2776	215	0
2777	182	0
2778	170	0
2779	212	0
2780	210	0
2781	178	0
2782	213	0
2783	195	0
2784	182	0
2785	181	0
2786	212	0
2787	193	0
2788	214	0
2789	181	0
2790	205	0
2791	192	0
2792	205	0
2793	201	0
2794	185	0
2795	211	0
2796	201	0
2797	211	0
2798	187	0
2799	193	0
2800	200	0
2801	198	0
2802	187	0
2803	219	0
2804	192	0
2805	178	0
2806	215	0
2807	209	0
2808	202	0
2809	196	0
2810	203	0
2811	186	0
2812	208	0
2813	198	0
2814	231	0
2815	193	0
2816	187	0
2817	195	0
2818	188	0
2819	206	0
2820	204	0
2821	189	0
2822	196	0
2823	200	0
2824	202	0
2825	199	0
2826	205	0
2827	183	0
2828	217	0
2829	193	0
2830	222	0
2831	197	0
2832	209	0
2833	194	0
2834	209	0
2835	211	0
2836	214	0
2837	200	0
2838	204	0
2839	230	0
2840	204	0
2841	189	0
2842	184	0
2843	194	0
2844	200	0
2845	197	0
2846	182	0
2847	172	0
2848	221	0
2849	201	0
2850	187	0
2851	207	0
2852	190	0
2853	167	0
2854	192	0
2855	208	0
2856	201	0
2857	203	0
2858	198	0
2859	198	0
2860	194	0
2861	203	0
2862	226	0
2863	200	0
2864	200	0
2865	181	0
2866	178	0
2867	178	0
2868	205	0
2869	190	0
2870	189	0
2871	166	0
2872	221	0
2873	197	0
2874	180	0
2875	220	0
2876	218	0
2877	191	0
2878	198	0
2879	194	0
2880	189	0
2881	193	0
2882	206	0
2883	190	0
2884	193	0
2885	187	0
2886	203	0
2887	194	0
2888	210	0
2889	203	0
2890	240	0
2891	200	0
2892	204	0
2893	181	0
2894	181	0
2895	194	0
2896	224	0
2897	224	0
2898	194	0
2899	190	0
2900	195	0
2901	166	0
2902	195	0
2903	213	0
2904	213	0
2905	209	0
2906	178	0
2907	186	0
2908	205	0
2909	213	0
2910	184	0
2911	187	0
2912	184	0
2913	161	0
2914	170	0
2915	195	0
2916	215	0
2917	167	0
2918	191	0
2919	190	0
2920	208	0
2921	191	0
2922	207	0
2923	190	0
2924	196	0
2925	222	0
2926	177	0
2927	199	0
2928	179	0
2929	208	0
2930	194	0
2931	207	0
2932	228	0
2933	213	0
2934	202	0
2935	219	0
2936	192	0
2937	209	0
2938	197	0
2939	188	0
2940	204	0
2941	164	0
2942	191	0
2943	213	0
2944	211	0
2945	182	0
2946	190	0
2947	205	0
2948	183	0
2949	238	0
2950	178	0
2951	221	0
2952	212	0
2953	188	0
2954	194	0
2955	218	0
2956	188	0
2957	209	0
2958	177	0
2959	207	0
2960	225	0
2961	198	0
2962	178	0
2963	186	0
2964	202	0
2965	215	0
2966	176	0
2967	210	0
2968	176	0
2969	210	0
2970	209	0
2971	216	0
2972	196	0
2973	187	0
2974	208	0
2975	189	0
2976	204	0
2977	197	0
2978	196	0
2979	202	0
2980	174	0
2981	205	0
2982	202	0
2983	180	0
2984	190	0
2985	193	0
2986	202	0
2987	185	0
2988	216	0
2989	210	0
2990	201	0
2991	216	0
2992	191	0
2993	178	0
2994	201	0
2995	219	0
2996	220	0
2997	194	0
2998	197	0
2999	215	0
3000	221	0
