1	180	0
2	188	0
3	211	0
4	211	0
5	187	0
6	228	0
7	202	0
8	226	0
9	216	0
10	213	0
11	202	0
12	198	0
13	187	0
14	198	0
15	180	0
16	175	0
17	195	0
18	192	0
19	213	0
20	200	0
21	171	0
22	187	0
23	198	0
24	216	0
25	193	0
26	180	0
27	198	0
28	218	0
29	209	0
30	198	0
31	200	0
32	202	0
33	177	0
34	219	0
35	204	0
36	192	0
37	182	0
38	186	0
39	209	0
40	159	0
41	206	0
42	208	0
43	211	0
44	197	0
45	185	0
46	192	0
47	203	0
48	194	0
49	197	0
50	188	0
51	221	0
52	203	0
53	197	0
54	201	0
55	180	0
56	197	0
57	201	0
58	204	0
59	205	0
60	188	0
61	208	0
62	232	0
63	213	0
64	197	0
65	218	0
66	176	0
67	202	0
68	182	0
69	211	0
70	187	0
71	186	0
72	221	0
73	203	0
74	186	0
75	178	0
76	184	0
77	188	0
78	191	0
79	165	0
80	201	0
81	185	0
82	189	0
83	210	0
84	179	0
85	187	0
86	201	0
87	197	0
88	196	0
89	216	0
90	183	0
91	215	0
92	196	0
93	175	0
94	212	0
95	181	0
96	186	0
97	189	0
98	200	0
99	162	0
100	219	0
101	226	0
102	214	0
103	194	0
104	195	0
105	199	0
106	180	0
107	190	0
108	176	0
109	235	0
110	202	0
111	206	0
112	213	0
113	206	0
114	188	0
115	171	0
116	214	0
117	192	0
118	227	0
119	204	0
120	212	0
121	193	0
122	177	0
123	190	0
124	181	0
125	189	0
126	183	0
127	169	0
128	222	0
129	203	0
130	199	0
131	188	0
132	191	0
133	208	0
134	193	0
135	197	0
136	189	0
137	191	0
138	181	0
139	181	0
140	207	0
141	239	0
142	205	0
143	199	0
144	200	0
145	171	0
146	205	0
147	210	0
148	198	0
149	201	0
150	193	0
151	174	0
152	193	0
153	186	0
154	198	0
155	226	0
156	207	0
157	186	0
158	190	0
159	207	0
160	192	0
161	211	0
162	200	0
163	188	0
164	201	0
165	194	0
166	204	0
167	207	0
168	195	0
169	221	0
170	195	0
171	206	0
172	226	0
173	177	0
174	181	0
175	197	0
176	199	0
177	201	0
178	224	0
179	183	0
180	199	0
181	213	0
182	205	0
183	182	0
184	214	0
185	205	0
186	227	0
187	222	0
188	185	0
189	204	0
190	203	0
191	179	0
192	189	0
193	216	0
194	198	0
195	203	0
196	194	0
197	199	0
198	196	0
199	219	0
200	206	0
201	202	0
202	190	0
203	166	0
204	197	0
205	205	0
206	189	0
207	204	0
208	215	0
209	211	0
210	210	0
211	204	0
212	223	0
213	192	0
214	217	0
215	184	0
216	224	0
217	201	0
218	197	0
219	213	0
220	186	0
221	233	0
222	206	0
223	221	0
224	200	0
225	215	0
226	184	0
227	207	0
228	222	0
229	188	0
230	205	0
231	171	0
232	185	0
233	216	0
234	232	0
235	196	0
236	185	0
237	219	0
238	187	0
239	192	0
240	180	0
241	189	0
242	190	0
243	207	0
244	191	0
245	192	0
246	185	0
247	211	0
248	223	0
249	180	0
250	210	0
251	201	0
252	212	0
253	179	0
254	199	0
255	193	0
256	185	0
257	197	0
258	212	0
259	211	0
260	190	0
261	186	0
262	198	0
263	199	0
264	182	0
265	195	0
266	206	0
267	186	0
268	167	0
269	216	0
270	180	0
271	203	0
272	202	0
273	207	0
274	211	0
275	203	0
276	200	0
277	213	0
278	205	0
279	196	0
280	193	0
281	193	0
282	202	0
283	194	0
284	210	0
285	194	0
286	175	0
287	213	0
288	200	0
289	179	0
290	162	0
291	181	0
292	216	0
293	212	0
294	185	0
295	182	0
296	202	0
297	207	0
298	243	0
299	182	0
300	236	0
301	212	0
302	171	0
303	202	0
304	187	0
305	189	0
306	209	0
307	185	0
308	193	0
309	210	0
310	232	0
311	197	0
312	204	0
313	173	0
314	208	0
315	187	0
316	211	0
317	203	0
318	188	0
319	209	0
320	215	0
321	198	0
322	228	0
323	193	0
324	208	0
325	194	0
326	171	0
327	201	0
328	210	0
329	189	0
330	196	0
331	177	0
332	215	0
333	194	0
334	211	0
335	205	0
336	194	0
337	227	0
338	211	0
339	178	0
340	209	0
341	196	0
342	179	0
343	213	0
344	180	0
345	195	0
346	177	0
347	206	0
348	231	0
349	193	0
350	194	0
351	172	0
352	183	0
353	209	0
354	205	0
355	189	0
356	182	0
357	215	0
358	221	0
359	191	0
360	187	0
361	192	0
362	182	0
363	173	0
364	200	0
365	205	0
366	200	0
367	188	0
368	198	0
369	216	0
370	233	0
371	246	0
372	218	0
373	231	0
374	208	0
375	164	0
376	211	0
377	218	0
378	184	0
379	207	0
380	190	0
381	201	0
382	209	0
383	215	0
384	210	0
385	191	0
386	206	0
387	213	0
388	207	0
389	194	0
390	198	0
391	204	0
392	204	0
393	203	0
394	200	0
395	207	0
396	204	0
397	176	0
398	199	0
399	214	0
400	204	0
401	193	0
402	219	0
403	229	0
404	181	0
405	180	0
406	197	0
407	205	0
408	192	0
409	219	0
410	206	0
411	188	0
412	178	0
413	193	0
414	214	0
415	200	0
416	189	0
417	187	0
418	183	0
419	226	0
420	183	0
421	203	0
422	212	0
423	207	0
424	204	0
425	217	0
426	200	0
427	209	0
428	204	0
429	193	0
430	220	0
431	200	0
432	207	0
433	181	0
434	204	0
435	187	0
436	196	0
437	213	0
438	209	0
439	197	0
440	194	0
441	181	0
442	188	0
443	220	0
444	186	0
445	178	0
446	198	0
447	188	0
448	201	0
449	195	0
450	212	0
451	185	0
452	208	0
453	214	0
454	222	0
455	193	0
456	215	0
457	213	0
458	193	0
459	192	0
460	205	0
461	203	0
462	185	0
463	193	0
464	187	0
465	209	0
466	207	0
467	198	0
468	183	0
469	205	0
470	160	0
471	199	0
472	196	0
473	200	0
474	198	0
475	217	0
476	202	0
477	209	0
478	200	0
479	176	0
480	204	0
481	198	0
482	182	0
483	184	0
484	188	0
485	203	0
486	189	0
487	201	0
488	201	0
489	216	0
490	197	0
491	192	0
492	213	0
493	204	0
494	194	0
495	199	0
496	188	0
497	210	0
498	200	0
499	202	0
500	205	0
501	212	0
502	203	0
503	179	0
504	194	0
505	179	0
506	190	0
507	209	0
508	212	0
509	193	0
510	216	0
511	181	0
512	213	0
513	196	0
514	192	0
515	220	0
516	189	0
517	216	0
518	154	0
519	223	0
520	197	0
521	173	0
522	202	0
523	201	0
524	201	0
525	196	0
526	201	0
527	204	0
528	182	0
529	197	0
530	186	0
531	187	0
532	213	0
533	189	0
534	185	0
535	197	0
536	180	0
537	196	0
538	181	0
539	206	0
540	216	0
541	206	0
542	186	0
543	201	0
544	185	0
545	177	0
546	205	0
547	176	0
548	219	0
549	200	0
550	206	0
551	203	0
552	215	0
553	203	0
554	223	0
555	202	0
556	202	0
557	225	0
558	189	0
559	171	0
560	188	0
561	208	0
562	216	0
563	198	0
564	219	0
565	204	0
566	205	0
567	185	0
568	164	0
569	178	0
570	201	0
571	232	0
572	186	0
573	200	0
574	227	0
575	214	0
576	184	0
577	208	0
578	210	0
579	204	0
580	207	0
581	183	0
582	225	0
583	219	0
584	171	0
585	196	0
586	187	0
587	207	0
588	213	0
589	191	0
590	189	0
591	185	0
592	212	0
593	193	0
594	188	0
595	216	0
596	201	0
597	204	0
598	209	0
599	202	0
600	220	0
601	183	0
602	181	0
603	206	0
604	205	0
605	177	0
606	207	0
607	210	0
608	197	0
609	180	0
610	200	0
611	176	0
612	205	0
613	210	0
614	199	0
615	196	0
616	178	0
617	193	0
618	205	0
619	212	0
620	197	0
621	228	0
622	218	0
623	199	0
624	206	0
625	189	0
626	186	0
627	184	0
628	201	0
629	211	0
630	195	0
631	221	0
632	194	0
633	211	0
634	202	0
635	203	0
636	188	0
637	217	0
638	192	0
639	212	0
640	207	0
641	185	0
642	196	0
643	173	0
644	191	0
645	202	0
646	194	0
647	186	0
648	199	0
649	189	0
650	209	0
651	208	0
652	225	0
653	173	0
654	168	0
655	196	0
656	190	0
657	173	0
658	224	0
659	219	0
660	187	0
661	198	0
662	167	0
663	217	0
664	223	0
665	201	0
666	197	0
667	193	0
668	186	0
669	203	0
670	200	0
671	230	0
672	181	0
673	213	0
674	197	0
675	184	0
676	202	0
677	203	0
678	166	0
679	210	0
680	183	0
681	190	0
682	178	0
683	177	0
684	208	0
685	192	0
686	210	0
687	206	0
688	211	0
689	215	0
690	181	0
691	197	0
692	207	0
693	189	0
694	173	0
695	220	0
696	187	0
697	188	0
698	190	0
699	203	0
700	211	0
701	216	0
702	218	0
703	215	0
704	192	0
705	180	0
706	215	0
707	194	0
708	183	0
709	204	0
710	173	0
711	209	0
712	235	0
713	176	0
714	190	0
715	193	0
716	172	0
717	176	0
718	213	0
719	213	0
720	198	0
721	183	0
722	192	0
723	246	0
724	197	0
725	203	0
726	180	0
727	193	0
728	216	0
729	208	0
730	197	0
731	175	0
732	217	0
733	210	0
734	198	0
735	205	0
736	224	0
737	189	0
738	179	0
739	197	0
740	196	0
741	199	0
742	201	0
743	181	0
744	190	0
745	202	0
746	194	0
747	213	0
748	208	0
749	188	0
750	207	0
751	188	0
752	200	0
753	168	0
754	214	0
755	197	0
756	192	0
757	198	0
758	177	0
759	204	0
760	197	0
761	221	0
762	189	0
763	212	0
764	214	0
765	199	0
766	197	0
767	191	0
768	183	0
769	204	0
770	183	0
771	214	0
772	196	0
773	221	0
774	222	0
775	202	0
776	216	0
777	198	0
778	227	0
779	192	0
780	193	0
781	192	0
782	174	0
783	191	0
784	219	0
785	194	0
786	192	0
787	170	0
788	182	0
789	213	0
790	205	0
791	195	0
792	203	0
793	191	0
794	211	0
795	207	0
796	184	0
797	181	0
798	194	0
799	199	0
800	192	0
801	209	0
802	206	0
803	215	0
804	182	0
805	202	0
806	207	0
807	191	0
808	209	0
809	208	0
810	203	0
811	233	0
812	232	0
813	198	0
814	199	0
815	205	0
816	229	0
817	214	0
818	189	0
819	202	0
820	215	0
821	200	0
822	201	0
823	202	0
824	208	0
825	210	0
826	196	0
827	204	0
828	200	0
829	201	0
830	201	0
831	202	0
832	214	0
833	197	0
834	209	0
835	196	0
836	192	0
837	205	0
838	207	0
839	205	0
840	212	0
841	182	0
842	204	0
843	176	0
844	196	0
845	183	0
846	191	0
847	187	0
848	164	0
849	161	0
850	189	0
851	172	0
852	167	0
853	192	0
854	192	0
855	195	0
856	197	0
857	214	0
858	200	0
859	197	0
860	183	0
861	167	0
862	203	0
863	180	0
864	180	0
865	181	0
866	208	0
867	192	0
868	231	0
869	213	0
870	203	0
871	208	0
872	204	0
873	178	0
874	188	0
875	140	0
876	198	0
877	182	0
878	192	0
879	198	0
880	202	0
881	195	0
882	191	0
883	209	0
884	181	0
885	207	0
886	211	0
887	215	0
888	193	0
889	204	0
890	207	0
891	193	0
892	211	0
893	197	0
894	201	0
895	192	0
896	210	0
897	202	0
898	225	0
899	205	0
900	181	0
901	173	0
902	192	0
903	210	0
904	199	0
905	197	0
906	205	0
907	194	0
908	198	0
909	185	0
910	177	0
911	218	0
912	207	0
913	180	0
914	206	0
915	211	0
916	187	0
917	225	0
918	218	0
919	195	0
920	211	0
921	209	0
922	189	0
923	211	0
924	209	0
925	198	0
926	198	0
927	185	0
928	212	0
929	207	0
930	201	0
931	205	0
932	223	0
933	182	0
934	176	0
935	188	0
936	191	0
937	199	0
938	217	0
939	176	0
940	185	0
941	205	0
942	191	0
943	184	0
944	190	0
945	191	0
946	227	0
947	222	0
948	194	0
949	187	0
950	234	0
951	210	0
952	196	0
953	182	0
954	203	0
955	220	0
956	165	0
957	206	0
958	189	0
959	204	0
960	220	0
961	220	0
962	240	0
963	171	0
964	237	0
965	202	0
966	207	0
967	214	0
968	212	0
969	201	0
970	201	0
971	164	0
972	179	0
973	208	0
974	192	0
975	210	0
976	199	0
977	209	0
978	199	0
979	189	0
980	173	0
981	215	0
982	223	0
983	215	0
984	217	0
985	227	0
986	189	0
987	191	0
988	207	0
989	196	0
990	202	0
991	209	0
992	191	0
993	197	0
994	198	0
995	211	0
996	206	0
997	226	0
998	213	0
999	191	0
1000	183	0
1001	188	0
1002	199	0
1003	196	0
1004	184	0
1005	171	0
1006	188	0
1007	216	0
1008	186	0
1009	223	0
1010	212	0
1011	227	0
1012	195	0
1013	204	0
1014	202	0
1015	225	0
1016	198	0
1017	200	0
1018	204	0
1019	196	0
1020	203	0
1021	205	0
1022	199	0
1023	188	0
1024	223	0
1025	195	0
1026	232	0
1027	184	0
1028	169	0
1029	213	0
1030	175	0
1031	201	0
1032	198	0
1033	206	0
1034	198	0
1035	198	0
1036	208	0
1037	197	0
1038	196	0
1039	205	0
1040	216	0
1041	177	0
1042	206	0
1043	218	0
1044	200	0
1045	205	0
1046	206	0
1047	211	0
1048	195	0
1049	203	0
1050	182	0
1051	209	0
1052	187	0
1053	217	0
1054	228	0
1055	222	0
1056	190	0
1057	179	0
1058	206	0
1059	182	0
1060	189	0
1061	189	0
1062	200	0
1063	205	0
1064	201	0
1065	204	0
1066	192	0
1067	184	0
1068	196	0
1069	225	0
1070	199	0
1071	203	0
1072	210	0
1073	195	0
1074	210	0
1075	194	0
1076	198	0
1077	188	0
1078	173	0
1079	218	0
1080	162	0
1081	195	0
1082	188	0
1083	195	0
1084	190	0
1085	197	0
1086	193	0
1087	204	0
1088	184	0
1089	206	0
1090	191	0
1091	216	0
1092	185	0
1093	193	0
1094	191	0
1095	201	0
1096	165	0
1097	198	0
1098	191	0
1099	208	0
1100	175	0
1101	207	0
1102	186	0
1103	183	0
1104	191	0
1105	174	0
1106	194	0
1107	181	0
1108	174	0
1109	176	0
1110	210	0
1111	199	0
1112	192	0
1113	187	0
1114	219	0
1115	199	0
1116	205	0
1117	198	0
1118	200	0
1119	200	0
1120	226	0
1121	176	0
1122	202	0
1123	194	0
1124	192	0
1125	174	0
1126	222	0
1127	212	0
1128	198	0
1129	216	0
1130	181	0
1131	212	0
1132	220	0
1133	181	0
1134	188	0
1135	182	0
1136	212	0
1137	213	0
1138	198	0
1139	204	0
1140	202	0
1141	191	0
1142	212	0
1143	203	0
1144	205	0
1145	191	0
1146	213	0
1147	215	0
1148	160	0
1149	202	0
1150	207	0
1151	194	0
1152	217	0
1153	206	0
1154	164	0
1155	183	0
1156	204	0
1157	196	0
1158	207	0
1159	186	0
1160	208	0
1161	208	0
1162	206	0
1163	192	0
1164	191	0
1165	207	0
1166	219	0
1167	236	0
1168	214	0
1169	178	0
1170	180	0
1171	200	0
1172	206	0
1173	201	0
1174	205	0
1175	208	0
1176	188	0
1177	186	0
1178	190	0
1179	226	0
1180	228	0
1181	231	0
1182	209	0
1183	190	0
1184	190	0
1185	190	0
1186	218	0
1187	186	0
1188	174	0
1189	198	0
1190	204	0
1191	182	0
1192	203	0
1193	208	0
1194	205	0
1195	199	0
1196	195	0
1197	206	0
1198	209	0
1199	223	0
1200	212	0
1201	197	0
1202	186	0
1203	185	0
1204	185	0
1205	207	0
1206	187	0
1207	210	0
1208	221	0
1209	164	0
1210	179	0
1211	209	0
1212	184	0
1213	196	0
1214	201	0
1215	168	0
1216	185	0
1217	211	0
1218	200	0
1219	192	0
1220	207	0
1221	200	0
1222	203	0
1223	207	0
1224	202	0
1225	195	0
1226	205	0
1227	230	0
1228	200	0
1229	203	0
1230	213	0
1231	199	0
1232	203	0
1233	218	0
1234	179	0
1235	216	0
1236	208	0
1237	200	0
1238	192	0
1239	222	0
1240	201	0
1241	193	0
1242	185	0
1243	204	0
1244	192	0
1245	195	0
1246	187	0
1247	194	0
1248	200	0
1249	189	0
1250	175	0
1251	197	0
1252	183	0
1253	174	0
1254	181	0
1255	214	0
1256	186	0
1257	187	0
1258	170	0
1259	177	0
1260	197	0
1261	222	0
1262	212	0
1263	223	0
1264	184	0
1265	225	0
1266	181	0
1267	214	0
1268	188	0
1269	225	0
1270	201	0
1271	185	0
1272	208	0
1273	235	0
1274	199	0
1275	207	0
1276	196	0
1277	226	0
1278	210	0
1279	199	0
1280	169	0
1281	227	0
1282	190	0
1283	196	0
1284	205	0
1285	197	0
1286	224	0
1287	189	0
1288	206	0
1289	227	0
1290	194	0
1291	190	0
1292	199	0
1293	214	0
1294	187	0
1295	182	0
1296	206	0
1297	197	0
1298	212	0
1299	186	0
1300	204	0
1301	225	0
1302	172	0
1303	222	0
1304	179	0
1305	196	0
1306	165	0
1307	192	0
1308	190	0
1309	205	0
1310	189	0
1311	207	0
1312	200	0
1313	205	0
1314	182	0
1315	222	0
1316	187	0
1317	188	0
1318	192	0
1319	188	0
1320	197	0
1321	198	0
1322	205	0
1323	193	0
1324	193	0
1325	201	0
1326	186	0
1327	209	0
1328	185	0
1329	183	0
1330	176	0
1331	203	0
1332	199	0
1333	189	0
1334	199	0
1335	189	0
1336	229	0
1337	201	0
1338	178	0
1339	195	0
1340	209	0
1341	205	0
1342	187	0
1343	200	0
1344	198	0
1345	184	0
1346	175	0
1347	181	0
1348	181	0
1349	208	0
1350	192	0
1351	192	0
1352	185	0
1353	223	0
1354	186	0
1355	185	0
1356	188	0
1357	196	0
1358	222	0
1359	188	0
1360	187	0
1361	178	0
1362	210	0
1363	196	0
1364	192	0
1365	200	0
1366	186	0
1367	167	0
1368	210	0
1369	218	0
1370	198	0
1371	188	0
1372	207	0
1373	228	0
1374	229	0
1375	183	0
1376	205	0
1377	204	0
1378	203	0
1379	204	0
1380	218	0
1381	204	0
1382	224	0
1383	228	0
1384	210	0
1385	168	0
1386	220	0
1387	215	0
1388	185	0
1389	224	0
1390	221	0
1391	186	0
1392	222	0
1393	206	0
1394	200	0
1395	190	0
1396	206	0
1397	191	0
1398	243	0
1399	204	0
1400	201	0
1401	187	0
1402	203	0
1403	186	0
1404	188	0
1405	201	0
1406	186	0
1407	205	0
1408	225	0
1409	179	0
1410	185	0
1411	201	0
1412	180	0
1413	204	0
1414	179	0
1415	190	0
1416	216	0
1417	192	0
1418	239	0
1419	193	0
1420	172	0
1421	202	0
1422	227	0
1423	170	0
1424	228	0
1425	191	0
1426	189	0
1427	224	0
1428	198	0
1429	205	0
1430	228	0
1431	192	0
1432	216	0
1433	185	0
1434	188	0
1435	197	0
1436	194	0
1437	213	0
1438	199	0
1439	213	0
1440	192	0
1441	179	0
1442	202	0
1443	176	0
1444	163	0
1445	190	0
1446	183	0
1447	190	0
1448	189	0
1449	199	0
1450	216	0
1451	209	0
1452	188	0
1453	195	0
1454	200	0
1455	229	0
1456	209	0
1457	201	0
1458	188	0
1459	196	0
1460	190	0
1461	191	0
1462	238	0
1463	191	0
1464	205	0
1465	208	0
1466	199	0
1467	187	0
1468	193	0
1469	219	0
1470	208	0
1471	223	0
1472	197	0
1473	187	0
1474	223	0
1475	208	0
1476	199	0
1477	194	0
1478	210	0
1479	189	0
1480	206	0
1481	204	0
1482	210	0
1483	191	0
1484	168	0
1485	186	0
1486	226	0
1487	208	0
1488	207	0
1489	197	0
1490	197	0
1491	202	0
1492	229	0
1493	210	0
1494	175	0
1495	202	0
1496	174	0
1497	187	0
1498	201	0
1499	176	0
1500	189	0
1501	196	0
1502	194	0
1503	231	0
1504	205	0
1505	188	0
1506	201	0
1507	206	0
1508	183	0
1509	202	0
1510	194	0
1511	192	0
1512	188	0
1513	222	0
1514	205	0
1515	222	0
1516	193	0
1517	217	0
1518	211	0
1519	214	0
1520	217	0
1521	184	0
1522	182	0
1523	211	0
1524	177	0
1525	208	0
1526	218	0
1527	201	0
1528	216	0
1529	214	0
1530	209	0
1531	180	0
1532	215	0
1533	188	0
1534	192	0
1535	208	0
1536	189	0
1537	196	0
1538	218	0
1539	205	0
1540	195	0
1541	187	0
1542	206	0
1543	180	0
1544	218	0
1545	189	0
1546	176	0
1547	220	0
1548	175	0
1549	192	0
1550	222	0
1551	207	0
1552	199	0
1553	190	0
1554	210	0
1555	208	0
1556	188	0
1557	201	0
1558	214	0
1559	206	0
1560	196	0
1561	177	0
1562	199	0
1563	192	0
1564	213	0
1565	189	0
1566	175	0
1567	205	0
1568	221	0
1569	184	0
1570	174	0
1571	166	0
1572	193	0
1573	206	0
1574	187	0
1575	214	0
1576	205	0
1577	208	0
1578	198	0
1579	194	0
1580	199	0
1581	227	0
1582	178	0
1583	190	0
1584	204	0
1585	205	0
1586	203	0
1587	189	0
1588	202	0
1589	204	0
1590	206	0
1591	194	0
1592	207	0
1593	198	0
1594	206	0
1595	209	0
1596	206	0
1597	194	0
1598	200	0
1599	189	0
1600	201	0
1601	180	0
1602	194	0
1603	203	0
1604	193	0
1605	209	0
1606	195	0
1607	212	0
1608	195	0
1609	192	0
1610	195	0
1611	193	0
1612	193	0
1613	229	0
1614	184	0
1615	199	0
1616	186	0
1617	198	0
1618	187	0
1619	159	0
1620	197	0
1621	206	0
1622	197	0
1623	201	0
1624	212	0
1625	181	0
1626	196	0
1627	211	0
1628	202	0
1629	205	0
1630	210	0
1631	204	0
1632	209	0
1633	181	0
1634	195	0
1635	188	0
1636	220	0
1637	187	0
1638	206	0
1639	196	0
1640	199	0
1641	193	0
1642	215	0
1643	190	0
1644	217	0
1645	206	0
1646	216	0
1647	233	0
1648	190	0
1649	213	0
1650	196	0
1651	199	0
1652	197	0
1653	184	0
1654	186	0
1655	187	0
1656	218	0
1657	208	0
1658	205	0
1659	213	0
1660	203	0
1661	232	0
1662	196	0
1663	192	0
1664	221	0
1665	180	0
1666	193	0
1667	202	0
1668	179	0
1669	205	0
1670	178	0
1671	193	0
1672	205	0
1673	165	0
1674	202	0
1675	197	0
1676	178	0
1677	196	0
1678	210	0
1679	209	0
1680	196	0
1681	197	0
1682	198	0
1683	185	0
1684	165	0
1685	183	0
1686	204	0
1687	220	0
1688	208	0
1689	201	0
1690	166	0
1691	191	0
1692	191	0
1693	202	0
1694	202	0
1695	183	0
1696	180	0
1697	188	0
1698	192	0
1699	168	0
1700	209	0
1701	217	0
1702	181	0
1703	213	0
1704	213	0
1705	202	0
1706	180	0
1707	204	0
1708	198	0
1709	178	0
1710	212	0
1711	179	0
1712	190	0
1713	215	0
1714	196	0
1715	194	0
1716	182	0
1717	184	0
1718	231	0
1719	185	0
1720	211	0
1721	213	0
1722	199	0
1723	190	0
1724	202	0
1725	204	0
1726	206	0
1727	190	0
1728	216	0
1729	186	0
1730	187	0
1731	208	0
1732	210	0
1733	180	0
1734	211	0
1735	201	0
1736	189	0
1737	204	0
1738	210	0
1739	179	0
1740	193	0
1741	191	0
1742	195	0
1743	224	0
1744	202	0
1745	226	0
1746	210	0
1747	178	0
1748	194	0
1749	165	0
1750	209	0
1751	205	0
1752	185	0
1753	192	0
1754	187	0
1755	187	0
1756	182	0
1757	199	0
1758	184	0
1759	214	0
1760	197	0
1761	217	0
1762	198	0
1763	206	0
1764	215	0
1765	185	0
1766	201	0
1767	205	0
1768	211	0
1769	198	0
1770	201	0
1771	229	0
1772	179	0
1773	198	0
1774	203	0
1775	203	0
1776	169	0
1777	187	0
1778	170	0
1779	197	0
1780	188	0
1781	223	0
1782	178	0
1783	214	0
1784	200	0
1785	199	0
1786	193	0
1787	196	0
1788	214	0
1789	216	0
1790	200	0
1791	209	0
1792	190	0
1793	188	0
1794	212	0
1795	191	0
1796	208	0
1797	163	0
1798	206	0
1799	202	0
1800	206	0
1801	205	0
1802	203	0
1803	180	0
1804	179	0
1805	211	0
1806	194	0
1807	175	0
1808	204	0
1809	178	0
1810	183	0
1811	229	0
1812	182	0
1813	213	0
1814	212	0
1815	215	0
1816	195	0
1817	177	0
1818	183	0
1819	187	0
1820	194	0
1821	177	0
1822	188	0
1823	195	0
1824	215	0
1825	178	0
1826	186	0
1827	225	0
1828	195	0
1829	194	0
1830	194	0
1831	183	0
1832	209	0
1833	210	0
1834	202	0
1835	211	0
1836	183	0
1837	188	0
1838	197	0
1839	180	0
1840	172	0
1841	203	0
1842	191	0
1843	222	0
1844	215	0
1845	231	0
1846	181	0
1847	194	0
1848	207	0
1849	191	0
1850	195	0
1851	196	0
1852	198	0
1853	216	0
1854	192	0
1855	187	0
1856	192	0
1857	197	0
1858	209	0
1859	183	0
1860	190	0
1861	199	0
1862	206	0
1863	166	0
1864	198	0
1865	200	0
1866	206	0
1867	178	0
1868	199	0
1869	219	0
1870	171	0
1871	235	0
1872	215	0
1873	194	0
1874	195	0
1875	184	0
1876	196	0
1877	175	0
1878	184	0
1879	183	0
1880	209	0
1881	200	0
1882	215	0
1883	197	0
1884	185	0
1885	203	0
1886	206	0
1887	203	0
1888	205	0
1889	181	0
1890	199	0
1891	201	0
1892	216	0
1893	196	0
1894	197	0
1895	182	0
1896	196	0
1897	203	0
1898	181	0
1899	191	0
1900	191	0
1901	210	0
1902	196	0
1903	220	0
1904	185	0
1905	193	0
1906	194	0
1907	222	0
1908	200	0
1909	224	0
1910	205	0
1911	180	0
1912	204	0
1913	212	0
1914	207	0
1915	184	0
1916	212	0
1917	190	0
1918	224	0
1919	186	0
1920	175	0
1921	194	0
1922	184	0
1923	186	0
1924	206	0
1925	200	0
1926	212	0
1927	196	0
1928	207	0
1929	202	0
1930	217	0
1931	179	0
1932	193	0
1933	199	0
1934	210	0
1935	212	0
1936	183	0
1937	214	0
1938	213	0
1939	203	0
1940	197	0
1941	191	0
1942	197	0
1943	208	0
1944	197	0
1945	216	0
1946	197	0
1947	180	0
1948	181	0
1949	184	0
1950	189	0
1951	204	0
1952	177	0
1953	200	0
1954	205	0
1955	198	0
1956	187	0
1957	201	0
1958	205	0
1959	203	0
1960	208	0
1961	217	0
1962	191	0
1963	169	0
1964	190	0
1965	178	0
1966	208	0
1967	200	0
1968	193	0
1969	175	0
1970	201	0
1971	201	0
1972	175	0
1973	211	0
1974	199	0
1975	163	0
1976	216	0
1977	195	0
1978	196	0
1979	196	0
1980	218	0
1981	192	0
1982	191	0
1983	209	0
1984	215	0
1985	193	0
1986	203	0
1987	187	0
1988	196	0
1989	181	0
1990	189	0
1991	171	0
1992	188	0
1993	178	0
1994	204	0
1995	209	0
1996	206	0
1997	197	0
1998	214	0
1999	183	0
2000	213	0
2001	198	0
2002	198	0
2003	181	0
2004	210	0
2005	214	0
2006	194	0
2007	187	0
2008	201	0
2009	177	0
2010	194	0
2011	191	0
2012	195	0
2013	191	0
2014	198	0
2015	193	0
2016	191	0
2017	207	0
2018	222	0
2019	189	0
2020	181	0
2021	201	0
2022	213	0
2023	188	0
2024	204	0
2025	213	0
2026	197	0
2027	211	0
2028	218	0
2029	193	0
2030	209	0
2031	193	0
2032	208	0
2033	199	0
2034	193	0
2035	205	0
2036	196	0
2037	210	0
2038	215	0
2039	197	0
2040	189	0
2041	211	0
2042	189	0
2043	190	0
2044	227	0
2045	200	0
2046	202	0
2047	197	0
2048	217	0
2049	208	0
2050	199	0
2051	177	0
2052	179	0
2053	212	0
2054	170	0
2055	219	0
2056	213	0
2057	189	0
2058	204	0
2059	204	0
2060	198	0
2061	212	0
2062	210	0
2063	219	0
2064	199	0
2065	200	0
2066	177	0
2067	190	0
2068	196	0
2069	224	0
2070	210	0
2071	177	0
2072	209	0
2073	229	0
2074	196	0
2075	203	0
2076	202	0
2077	197	0
2078	201	0
2079	197	0
2080	176	0
2081	223	0
2082	189	0
2083	198	0
2084	184	0
2085	180	0
2086	209	0
2087	217	0
2088	198	0
2089	213	0
2090	201	0
2091	178	0
2092	208	0
2093	196	0
2094	207	0
2095	184	0
2096	204	0
2097	200	0
2098	194	0
2099	202	0
2100	197	0
2101	217	0
2102	209	0
2103	225	0
2104	195	0
2105	192	0
2106	190	0
2107	204	0
2108	173	0
2109	190	0
2110	203	0
2111	199	0
2112	210	0
2113	202	0
2114	208	0
2115	229	0
2116	195	0
2117	218	0
2118	214	0
2119	190	0
2120	199	0
2121	196	0
2122	180	0
2123	185	0
2124	204	0
2125	199	0
2126	218	0
2127	206	0
2128	190	0
2129	171	0
2130	189	0
2131	201	0
2132	198	0
2133	180	0
2134	184	0
2135	202	0
2136	193	0
2137	206	0
2138	223	0
2139	199	0
2140	174	0
2141	195	0
2142	225	0
2143	175	0
2144	209	0
2145	204	0
2146	206	0
2147	187	0
2148	188	0
2149	176	0
2150	196	0
2151	204	0
2152	204	0
2153	226	0
2154	233	0
2155	211	0
2156	183	0
2157	239	0
2158	229	0
2159	203	0
2160	187	0
2161	205	0
2162	209	0
2163	207	0
2164	184	0
2165	205	0
2166	205	0
2167	181	0
2168	176	0
2169	173	0
2170	222	0
2171	200	0
2172	189	0
2173	194	0
2174	186	0
2175	203	0
2176	192	0
2177	186	0
2178	203	0
2179	210	0
2180	197	0
2181	207	0
2182	187	0
2183	216	0
2184	189	0
2185	229	0
2186	195	0
2187	179	0
2188	225	0
2189	219	0
2190	177	0
2191	202	0
2192	216	0
2193	210	0
2194	176	0
2195	182	0
2196	213	0
2197	196	0
2198	197	0
2199	213	0
2200	188	0
2201	197	0
2202	192	0
2203	202	0
2204	193	0
2205	204	0
2206	210	0
2207	176	0
2208	213	0
2209	214	0
2210	177	0
2211	182	0
2212	211	0
2213	183	0
2214	178	0
2215	174	0
2216	231	0
2217	188	0
2218	199	0
2219	186	0
2220	180	0
2221	203	0
2222	182	0
2223	191	0
2224	208	0
2225	197	0
2226	191	0
2227	198	0
2228	211	0
2229	197	0
2230	212	0
2231	199	0
2232	176	0
2233	208	0
2234	180	0
2235	190	0
2236	207	0
2237	194	0
2238	189	0
2239	203	0
2240	184	0
2241	222	0
2242	196	0
2243	171	0
2244	187	0
2245	210	0
2246	182	0
2247	199	0
2248	210	0
2249	202	0
2250	189	0
2251	215	0
2252	203	0
2253	181	0
2254	198	0
2255	182	0
2256	195	0
2257	202	0
2258	200	0
2259	224	0
2260	209	0
2261	183	0
2262	204	0
2263	214	0
2264	195	0
2265	186	0
2266	220	0
2267	212	0
2268	178	0
2269	227	0
2270	194	0
2271	205	0
2272	189	0
2273	197	0
2274	162	0
2275	218	0
2276	174	0
2277	200	0
2278	228	0
2279	203	0
2280	206	0
2281	205	0
2282	211	0
2283	168	0
2284	191	0
2285	210	0
2286	178	0
2287	205	0
2288	193	0
2289	210	0
2290	212	0
2291	209	0
2292	193	0
2293	198	0
2294	199	0
2295	207	0
2296	170	0
2297	223	0
2298	216	0
2299	206	0
2300	207	0
2301	197	0
2302	186	0
2303	206	0
2304	187	0
2305	206	0
2306	192	0
2307	178	0
2308	231	0
2309	195	0
2310	178	0
2311	185	0
2312	221	0
2313	184	0
2314	206	0
2315	200	0
2316	167	0
2317	198	0
2318	178	0
2319	202	0
2320	173	0
2321	209	0
2322	201	0
2323	221	0
2324	200	0
2325	191	0
2326	213	0
2327	205	0
2328	204	0
2329	206	0
2330	223	0
2331	192	0
2332	218	0
2333	193	0
2334	207	0
2335	188	0
2336	201	0
2337	222	0
2338	204	0
2339	230	0
2340	193	0
2341	211	0
2342	170	0
2343	193	0
2344	191	0
2345	208	0
2346	202	0
2347	193	0
2348	163	0
2349	188	0
2350	204	0
2351	217	0
2352	173	0
2353	188	0
2354	190	0
2355	186	0
2356	188	0
2357	194	0
2358	205	0
2359	201	0
2360	188	0
2361	197	0
2362	191	0
2363	218	0
2364	200	0
2365	200	0
2366	237	0
2367	220	0
2368	205	0
2369	196	0
2370	192	0
2371	218	0
2372	214	0
2373	209	0
2374	183	0
2375	202	0
2376	186	0
2377	189	0
2378	216	0
2379	219	0
2380	209	0
2381	212	0
2382	193	0
2383	207	0
2384	185	0
2385	203	0
2386	224	0
2387	184	0
2388	203	0
2389	184	0
2390	207	0
2391	213	0
2392	191	0
2393	197	0
2394	189	0
2395	203	0
2396	202	0
2397	188	0
2398	205	0
2399	192	0
2400	201	0
2401	210	0
2402	217	0
2403	216	0
2404	211	0
2405	198	0
2406	196	0
2407	173	0
2408	196	0
2409	219	0
2410	190	0
2411	179	0
2412	200	0
2413	195	0
2414	184	0
2415	182	0
2416	215	0
2417	201	0
2418	165	0
2419	172	0
2420	215	0
2421	184	0
2422	187	0
2423	221	0
2424	225	0
2425	203	0
2426	200	0
2427	216	0
2428	204	0
2429	210	0
2430	192	0
2431	189	0
2432	184	0
2433	202	0
2434	221	0
2435	205	0
2436	196	0
2437	195	0
2438	209	0
2439	187	0
2440	213	0
2441	185	0
2442	204	0
2443	205	0
2444	184	0
2445	207	0
2446	198	0
2447	214	0
2448	191	0
2449	209	0
2450	172	0
2451	204	0
2452	215	0
2453	196	0
2454	196	0
2455	197	0
2456	196	0
2457	211	0
2458	206	0
2459	174	0
2460	199	0
2461	211	0
2462	197	0
2463	175	0
2464	192	0
2465	218	0
2466	187	0
2467	232	0
2468	194	0
2469	205	0
2470	214	0
2471	227	0
2472	190	0
2473	196	0
2474	197	0
2475	208	0
2476	203	0
2477	184	0
2478	211	0
2479	186	0
2480	176	0
2481	193	0
2482	208	0
2483	183	0
2484	182	0
2485	216	0
2486	187	0
2487	202	0
2488	166	0
2489	201	0
2490	209	0
2491	199	0
2492	173	0
2493	192	0
2494	199	0
2495	204	0
2496	209	0
2497	187	0
2498	198	0
2499	206	0
2500	204	0
2501	187	0
2502	195	0
2503	214	0
2504	206	0
2505	201	0
2506	192	0
2507	185	0
2508	199	0
2509	189	0
2510	211	0
2511	191	0
2512	204	0
2513	191	0
2514	209	0
2515	200	0
2516	179	0
2517	209	0
2518	239	0
2519	188	0
2520	187	0
2521	199	0
2522	211	0
2523	189	0
2524	196	0
2525	174	0
2526	185	0
2527	193	0
2528	182	0
2529	199	0
2530	198	0
2531	198	0
2532	188	0
2533	195	0
2534	202	0
2535	214	0
2536	207	0
2537	176	0
2538	189	0
2539	199	0
2540	193	0
2541	173	0
2542	194	0
2543	214	0
2544	230	0
2545	191	0
2546	213	0
2547	206	0
2548	183	0
2549	205	0
2550	174	0
2551	165	0
2552	169	0
2553	173	0
2554	202	0
2555	192	0
2556	210	0
2557	192	0
2558	203	0
2559	187	0
2560	196	0
2561	194	0
2562	185	0
2563	198	0
2564	195	0
2565	206	0
2566	191	0
2567	197	0
2568	180	0
2569	200	0
2570	204	0
2571	174	0
2572	177	0
2573	180	0
2574	192	0
2575	191	0
2576	193	0
2577	208	0
2578	191	0
2579	217	0
2580	201	0
2581	200	0
2582	190	0
2583	197	0
2584	207	0
2585	226	0
2586	190	0
2587	192	0
2588	185	0
2589	198	0
2590	187	0
2591	203	0
2592	191	0
2593	200	0
2594	219	0
2595	205	0
2596	190	0
2597	211	0
2598	187	0
2599	186	0
2600	196	0
2601	219	0
2602	203	0
2603	212	0
2604	184	0
2605	200	0
2606	207	0
2607	220	0
2608	191	0
2609	202	0
2610	202	0
2611	187	0
2612	198	0
2613	218	0
2614	196	0
2615	187	0
2616	226	0
2617	165	0
2618	183	0
2619	181	0
2620	207	0
2621	190	0
2622	205	0
2623	185	0
2624	214	0
2625	188	0
2626	193	0
2627	200	0
2628	215	0
2629	189	0
2630	189	0
2631	223	0
2632	210	0
2633	202	0
2634	204	0
2635	196	0
2636	192	0
2637	182	0
2638	182	0
2639	184	0
2640	187	0
2641	193	0
2642	211	0
2643	195	0
2644	193	0
2645	210	0
2646	221	0
2647	209	0
2648	170	0
2649	196	0
2650	186	0
2651	217	0
2652	209	0
2653	201	0
2654	227	0
2655	211	0
2656	199	0
2657	198	0
2658	185	0
2659	181	0
2660	210	0
2661	213	0
2662	215	0
2663	220	0
2664	202	0
2665	174	0
2666	197	0
2667	206	0
2668	203	0
2669	180	0
2670	226	0
2671	182	0
2672	206	0
2673	189	0
2674	202	0
2675	219	0
2676	221	0
2677	187	0
2678	199	0
2679	206	0
2680	191	0
2681	239	0
2682	187	0
2683	208	0
2684	188	0
2685	194	0
2686	202	0
2687	200	0
2688	188	0
2689	196	0
2690	199	0
2691	185	0
2692	228	0
2693	200	0
2694	198	0
2695	185	0
2696	233	0
2697	220	0
2698	214	0
2699	185	0
2700	200	0
2701	203	0
2702	215	0
2703	180	0
2704	177	0
2705	217	0
2706	212	0
2707	179	0
2708	207	0
2709	215	0
2710	220	0
2711	171	0
2712	200	0
2713	215	0
2714	198	0
2715	208	0
2716	214	0
2717	219	0
2718	202	0
2719	190	0
2720	193	0
2721	198	0
2722	203	0
2723	166	0
2724	202	0
2725	184	0
2726	203	0
2727	206	0
2728	190	0
2729	196	0
2730	209	0
2731	194	0
2732	178	0
2733	194	0
2734	178	0
2735	219	0
2736	192	0
2737	207	0
2738	194	0
2739	187	0
2740	204	0
2741	183	0
2742	219	0
2743	215	0
2744	196	0
2745	205	0
2746	190	0
2747	185	0
2748	199	0
2749	200	0
2750	192	0
2751	205	0
2752	201	0
2753	184	0
2754	201	0
2755	188	0
2756	178	0
2757	176	0
2758	190	0
2759	191	0
2760	210	0
2761	179	0
2762	215	0
2763	208	0
2764	216	0
2765	183	0
2766	195	0
2767	207	0
2768	230	0
2769	171	0
2770	207	0
2771	206	0
2772	199	0
2773	196	0
2774	187	0
2775	190	0
2776	199	0
2777	200	0
2778	208	0
2779	198	0
2780	203	0
2781	181	0
2782	207	0
2783	216	0
2784	188	0
2785	190	0
2786	198	0
2787	178	0
2788	175	0
2789	205	0
2790	215	0
2791	193	0
2792	226	0
2793	236	0
2794	181	0
2795	199	0
2796	194	0
2797	185	0
2798	178	0
2799	191	0
2800	210	0
2801	189	0
2802	210	0
2803	186	0
2804	219	0
2805	201	0
2806	207	0
2807	188	0
2808	207	0
2809	176	0
2810	174	0
2811	216	0
2812	197	0
2813	199	0
2814	202	0
2815	202	0
2816	197	0
2817	195	0
2818	189	0
2819	212	0
2820	188	0
2821	198	0
2822	194	0
2823	202	0
2824	191	0
2825	191	0
2826	205	0
2827	192	0
2828	212	0
2829	223	0
2830	192	0
2831	198	0
2832	201	0
2833	197	0
2834	187	0
2835	187	0
2836	196	0
2837	205	0
2838	184	0
2839	215	0
2840	177	0
2841	201	0
2842	196	0
2843	212	0
2844	175	0
2845	216	0
2846	183	0
2847	191	0
2848	192	0
2849	183	0
2850	212	0
2851	190	0
2852	210	0
2853	190	0
2854	195	0
2855	204	0
2856	187	0
2857	192	0
2858	214	0
2859	190	0
2860	216	0
2861	227	0
2862	171	0
2863	185	0
2864	189	0
2865	209	0
2866	201	0
2867	168	0
2868	210	0
2869	208	0
2870	225	0
2871	210	0
2872	206	0
2873	194	0
2874	197	0
2875	198	0
2876	223	0
2877	186	0
2878	207	0
2879	186	0
2880	186	0
2881	193	0
2882	189	0
2883	200	0
2884	220	0
2885	212	0
2886	214	0
2887	183	0
2888	209	0
2889	188	0
2890	178	0
2891	206	0
2892	203	0
2893	195	0
2894	221	0
2895	171	0
2896	189	0
2897	184	0
2898	200	0
2899	196	0
2900	189	0
2901	186	0
2902	196	0
2903	184	0
2904	169	0
2905	180	0
2906	182	0
2907	210	0
2908	189	0
2909	200	0
2910	193	0
2911	204	0
2912	203	0
2913	183	0
2914	212	0
2915	180	0
2916	176	0
2917	193	0
2918	198	0
2919	188	0
2920	175	0
2921	175	0
2922	193	0
2923	207	0
2924	195	0
2925	205	0
2926	179	0
2927	199	0
2928	217	0
2929	191	0
2930	203	0
2931	200	0
2932	203	0
2933	194	0
2934	200	0
2935	208	0
2936	207	0
2937	196	0
2938	233	0
2939	220	0
2940	192	0
2941	216	0
2942	200	0
2943	185	0
2944	204	0
2945	191	0
2946	186	0
2947	195	0
2948	210	0
2949	205	0
2950	199	0
2951	195	0
2952	204	0
2953	172	0
2954	196	0
2955	185	0
2956	203	0
2957	188	0
2958	181	0
2959	185	0
2960	166	0
2961	204	0
2962	214	0
2963	181	0
2964	209	0
2965	201	0
2966	206	0
2967	215	0
2968	212	0
2969	205	0
2970	221	0
2971	178	0
2972	195	0
2973	189	0
2974	183	0
2975	218	0
2976	190	0
2977	206	0
2978	196	0
2979	192	0
2980	216	0
2981	197	0
2982	171	0
2983	224	0
2984	189	0
2985	200	0
2986	197	0
2987	207	0
2988	191	0
2989	203	0
2990	177	0
2991	208	0
2992	187	0
2993	193	0
2994	182	0
2995	214	0
2996	176	0
2997	207	0
2998	178	0
2999	215	0
3000	193	0
