1	231	0
2	179	0
3	187	0
4	213	0
5	230	0
6	182	0
7	205	0
8	206	0
9	185	0
10	189	0
11	169	0
12	187	0
13	199	0
14	200	0
15	195	0
16	214	0
17	187	0
18	203	0
19	194	0
20	202	0
21	205	0
22	210	0
23	182	0
24	203	0
25	218	0
26	212	0
27	199	0
28	210	0
29	189	0
30	192	0
31	196	0
32	210	0
33	199	0
34	183	0
35	209	0
36	198	0
37	182	0
38	229	0
39	205	0
40	186	0
41	193	0
42	197	0
43	215	0
44	211	0
45	231	0
46	205	0
47	206	0
48	212	0
49	203	0
50	204	0
51	204	0
52	174	0
53	170	0
54	209	0
55	221	0
56	228	0
57	217	0
58	224	0
59	194	0
60	197	0
61	189	0
62	185	0
63	205	0
64	213	0
65	194	0
66	209	0
67	197	0
68	161	0
69	209	0
70	196	0
71	189	0
72	201	0
73	212	0
74	206	0
75	214	0
76	204	0
77	188	0
78	195	0
79	196	0
80	221	0
81	236	0
82	213	0
83	197	0
84	215	0
85	201	0
86	190	0
87	197	0
88	198	0
89	198	0
90	208	0
91	210	0
92	192	0
93	186	0
94	223	0
95	216	0
96	200	0
97	187	0
98	203	0
99	170	0
100	150	0
101	208	0
102	207	0
103	179	0
104	214	0
105	218	0
106	197	0
107	172	0
108	203	0
109	180	0
110	191	0
111	190	0
112	199	0
113	214	0
114	213	0
115	207	0
116	210	0
117	194	0
118	201	0
119	224	0
120	207	0
121	216	0
122	193	0
123	187	0
124	195	0
125	191	0
126	207	0
127	179	0
128	196	0
129	198	0
130	202	0
131	216	0
132	190	0
133	193	0
134	186	0
135	217	0
136	216	0
137	209	0
138	193	0
139	205	0
140	191	0
141	212	0
142	174	0
143	194	0
144	184	0
145	211	0
146	196	0
147	216	0
148	196	0
149	191	0
150	201	0
151	208	0
152	173	0
153	184	0
154	197	0
155	199	0
156	187	0
157	174	0
158	193	0
159	178	0
160	196	0
161	186	0
162	218	0
163	173	0
164	192	0
165	199	0
166	204	0
167	209	0
168	164	0
169	198	0
170	214	0
171	189	0
172	211	0
173	207	0
174	185	0
175	224	0
176	206	0
177	195	0
178	227	0
179	217	0
180	191	0
181	195	0
182	213	0
183	171	0
184	194	0
185	194	0
186	185	0
187	190	0
188	193	0
189	204	0
190	197	0
191	221	0
192	197	0
193	209	0
194	178	0
195	213	0
196	206	0
197	207	0
198	208	0
199	199	0
200	197	0
201	218	0
202	208	0
203	204	0
204	220	0
205	199	0
206	176	0
207	216	0
208	205	0
209	192	0
210	179	0
211	181	0
212	200	0
213	193	0
214	179	0
215	192	0
216	195	0
217	205	0
218	173	0
219	185	0
220	214	0
221	179	0
222	177	0
223	196	0
224	204	0
225	202	0
226	181	0
227	185	0
228	199	0
229	214	0
230	192	0
231	194	0
232	201	0
233	187	0
234	227	0
235	194	0
236	201	0
237	199	0
238	202	0
239	198	0
240	192	0
241	181	0
242	194	0
243	173	0
244	198	0
245	176	0
246	184	0
247	196	0
248	192	0
249	185	0
250	187	0
251	178	0
252	215	0
253	184	0
254	185	0
255	190	0
256	187	0
257	215	0
258	181	0
259	223	0
260	207	0
261	229	0
262	179	0
263	199	0
264	198	0
265	162	0
266	198	0
267	204	0
268	232	0
269	185	0
270	207	0
271	208	0
272	179	0
273	217	0
274	211	0
275	203	0
276	198	0
277	189	0
278	173	0
279	194	0
280	212	0
281	195	0
282	194	0
283	203	0
284	202	0
285	201	0
286	195	0
287	200	0
288	195	0
289	192	0
290	194	0
291	206	0
292	182	0
293	178	0
294	172	0
295	219	0
296	203	0
297	204	0
298	181	0
299	184	0
300	194	0
301	231	0
302	209	0
303	195	0
304	201	0
305	219	0
306	203	0
307	205	0
308	191	0
309	210	0
310	199	0
311	204	0
312	164	0
313	215	0
314	230	0
315	200	0
316	192	0
317	180	0
318	203	0
319	221	0
320	195	0
321	197	0
322	189	0
323	194	0
324	200	0
325	201	0
326	205	0
327	198	0
328	196	0
329	202	0
330	190	0
331	198	0
332	199	0
333	182	0
334	227	0
335	201	0
336	197	0
337	199	0
338	208	0
339	183	0
340	217	0
341	207	0
342	212	0
343	196	0
344	205	0
345	196	0
346	201	0
347	205	0
348	212	0
349	184	0
350	198	0
351	216	0
352	210	0
353	221	0
354	193	0
355	180	0
356	211	0
357	202	0
358	192	0
359	181	0
360	185	0
361	191	0
362	194	0
363	187	0
364	215	0
365	204	0
366	175	0
367	207	0
368	209	0
369	220	0
370	181	0
371	205	0
372	195	0
373	182	0
374	199	0
375	218	0
376	214	0
377	170	0
378	195	0
379	193	0
380	181	0
381	190	0
382	200	0
383	200	0
384	211	0
385	202	0
386	200	0
387	188	0
388	218	0
389	198	0
390	200	0
391	212	0
392	202	0
393	210	0
394	197	0
395	202	0
396	196	0
397	190	0
398	182	0
399	210	0
400	190	0
401	179	0
402	184	0
403	202	0
404	203	0
405	183	0
406	208	0
407	191	0
408	185	0
409	232	0
410	176	0
411	190	0
412	173	0
413	197	0
414	212	0
415	206	0
416	193	0
417	196	0
418	188	0
419	187	0
420	180	0
421	204	0
422	179	0
423	201	0
424	207	0
425	202	0
426	221	0
427	185	0
428	213	0
429	226	0
430	196	0
431	202	0
432	201	0
433	211	0
434	189	0
435	176	0
436	211	0
437	199	0
438	230	0
439	220	0
440	208	0
441	225	0
442	202	0
443	182	0
444	178	0
445	210	0
446	220	0
447	189	0
448	226	0
449	178	0
450	188	0
451	197	0
452	223	0
453	194	0
454	211	0
455	195	0
456	177	0
457	184	0
458	192	0
459	175	0
460	208	0
461	199	0
462	187	0
463	221	0
464	192	0
465	206	0
466	194	0
467	216	0
468	180	0
469	190	0
470	196	0
471	202	0
472	219	0
473	192	0
474	189	0
475	194	0
476	207	0
477	201	0
478	182	0
479	211	0
480	175	0
481	203	0
482	185	0
483	211	0
484	195	0
485	206	0
486	196	0
487	225	0
488	205	0
489	167	0
490	204	0
491	219	0
492	218	0
493	222	0
494	203	0
495	195	0
496	206	0
497	212	0
498	211	0
499	200	0
500	219	0
501	187	0
502	202	0
503	198	0
504	203	0
505	194	0
506	190	0
507	181	0
508	199	0
509	219	0
510	191	0
511	187	0
512	199	0
513	189	0
514	186	0
515	217	0
516	190	0
517	192	0
518	210	0
519	211	0
520	200	0
521	213	0
522	212	0
523	194	0
524	181	0
525	197	0
526	189	0
527	201	0
528	191	0
529	191	0
530	194	0
531	190	0
532	204	0
533	223	0
534	198	0
535	182	0
536	227	0
537	222	0
538	177	0
539	204	0
540	182	0
541	177	0
542	210	0
543	218	0
544	207	0
545	180	0
546	212	0
547	195	0
548	188	0
549	183	0
550	202	0
551	186	0
552	183	0
553	213	0
554	210	0
555	185	0
556	204	0
557	214	0
558	196	0
559	199	0
560	217	0
561	201	0
562	191	0
563	186	0
564	213	0
565	198	0
566	188	0
567	202	0
568	212	0
569	181	0
570	195	0
571	195	0
572	213	0
573	203	0
574	238	0
575	216	0
576	171	0
577	210	0
578	197	0
579	224	0
580	222	0
581	195	0
582	203	0
583	188	0
584	206	0
585	170	0
586	194	0
587	196	0
588	187	0
589	228	0
590	198	0
591	214	0
592	220	0
593	179	0
594	175	0
595	194	0
596	195	0
597	186	0
598	185	0
599	193	0
600	186	0
601	195	0
602	184	0
603	207	0
604	188	0
605	176	0
606	188	0
607	187	0
608	223	0
609	170	0
610	151	0
611	180	0
612	207	0
613	164	0
614	193	0
615	190	0
616	202	0
617	210	0
618	221	0
619	207	0
620	210	0
621	187	0
622	196	0
623	203	0
624	209	0
625	218	0
626	221	0
627	238	0
628	189	0
629	220	0
630	194	0
631	209	0
632	226	0
633	213	0
634	216	0
635	210	0
636	200	0
637	187	0
638	178	0
639	185	0
640	197	0
641	186	0
642	206	0
643	203	0
644	176	0
645	182	0
646	240	0
647	172	0
648	178	0
649	190	0
650	195	0
651	214	0
652	207	0
653	214	0
654	208	0
655	198	0
656	213	0
657	232	0
658	188	0
659	175	0
660	191	0
661	187	0
662	208	0
663	202	0
664	208	0
665	196	0
666	201	0
667	182	0
668	207	0
669	215	0
670	181	0
671	202	0
672	189	0
673	210	0
674	182	0
675	181	0
676	202	0
677	196	0
678	177	0
679	195	0
680	195	0
681	209	0
682	215	0
683	192	0
684	220	0
685	204	0
686	208	0
687	198	0
688	201	0
689	181	0
690	195	0
691	184	0
692	213	0
693	198	0
694	197	0
695	201	0
696	192	0
697	193	0
698	198	0
699	172	0
700	186	0
701	211	0
702	207	0
703	204	0
704	206	0
705	203	0
706	218	0
707	226	0
708	208	0
709	201	0
710	221	0
711	182	0
712	209	0
713	156	0
714	189	0
715	191	0
716	195	0
717	195	0
718	182	0
719	215	0
720	220	0
721	188	0
722	213	0
723	210	0
724	201	0
725	202	0
726	204	0
727	208	0
728	205	0
729	216	0
730	197	0
731	186	0
732	188	0
733	190	0
734	182	0
735	181	0
736	186	0
737	215	0
738	196	0
739	185	0
740	215	0
741	185	0
742	215	0
743	208	0
744	214	0
745	190	0
746	202	0
747	196	0
748	186	0
749	210	0
750	181	0
751	191	0
752	208	0
753	181	0
754	215	0
755	197	0
756	202	0
757	197	0
758	172	0
759	212	0
760	208	0
761	221	0
762	213	0
763	196	0
764	199	0
765	219	0
766	240	0
767	192	0
768	186	0
769	192	0
770	220	0
771	212	0
772	212	0
773	183	0
774	166	0
775	202	0
776	202	0
777	205	0
778	196	0
779	189	0
780	197	0
781	206	0
782	211	0
783	189	0
784	209	0
785	205	0
786	199	0
787	198	0
788	211	0
789	216	0
790	211	0
791	208	0
792	187	0
793	199	0
794	199	0
795	222	0
796	211	0
797	199	0
798	214	0
799	211	0
800	209	0
801	181	0
802	200	0
803	202	0
804	195	0
805	221	0
806	219	0
807	187	0
808	199	0
809	176	0
810	190	0
811	197	0
812	211	0
813	192	0
814	201	0
815	178	0
816	193	0
817	205	0
818	235	0
819	244	0
820	197	0
821	199	0
822	214	0
823	213	0
824	197	0
825	214	0
826	208	0
827	237	0
828	191	0
829	195	0
830	214	0
831	180	0
832	188	0
833	212	0
834	184	0
835	204	0
836	226	0
837	191	0
838	210	0
839	201	0
840	174	0
841	215	0
842	189	0
843	229	0
844	177	0
845	196	0
846	197	0
847	226	0
848	196	0
849	215	0
850	193	0
851	205	0
852	203	0
853	194	0
854	186	0
855	178	0
856	199	0
857	206	0
858	190	0
859	203	0
860	201	0
861	199	0
862	185	0
863	190	0
864	192	0
865	186	0
866	204	0
867	182	0
868	219	0
869	188	0
870	195	0
871	215	0
872	174	0
873	206	0
874	202	0
875	200	0
876	218	0
877	190	0
878	191	0
879	196	0
880	173	0
881	226	0
882	215	0
883	173	0
884	201	0
885	200	0
886	203	0
887	169	0
888	185	0
889	209	0
890	193	0
891	181	0
892	184	0
893	188	0
894	217	0
895	189	0
896	197	0
897	184	0
898	200	0
899	216	0
900	202	0
901	209	0
902	181	0
903	198	0
904	185	0
905	195	0
906	222	0
907	210	0
908	193	0
909	174	0
910	191	0
911	193	0
912	189	0
913	175	0
914	206	0
915	184	0
916	182	0
917	191	0
918	217	0
919	190	0
920	177	0
921	225	0
922	209	0
923	196	0
924	178	0
925	195	0
926	182	0
927	190	0
928	197	0
929	226	0
930	184	0
931	202	0
932	230	0
933	194	0
934	184	0
935	193	0
936	190	0
937	201	0
938	208	0
939	192	0
940	197	0
941	233	0
942	199	0
943	188	0
944	190	0
945	205	0
946	197	0
947	211	0
948	211	0
949	210	0
950	198	0
951	220	0
952	197	0
953	193	0
954	196	0
955	220	0
956	185	0
957	201	0
958	226	0
959	191	0
960	219	0
961	221	0
962	196	0
963	180	0
964	189	0
965	210	0
966	197	0
967	184	0
968	214	0
969	198	0
970	194	0
971	207	0
972	204	0
973	207	0
974	204	0
975	185	0
976	204	0
977	197	0
978	223	0
979	202	0
980	225	0
981	210	0
982	223	0
983	194	0
984	196	0
985	215	0
986	220	0
987	209	0
988	191	0
989	196	0
990	199	0
991	180	0
992	210	0
993	227	0
994	159	0
995	193	0
996	208	0
997	213	0
998	203	0
999	194	0
1000	208	0
1001	206	0
1002	200	0
1003	192	0
1004	203	0
1005	172	0
1006	202	0
1007	210	0
1008	199	0
1009	172	0
1010	213	0
1011	202	0
1012	187	0
1013	209	0
1014	196	0
1015	195	0
1016	203	0
1017	196	0
1018	171	0
1019	175	0
1020	200	0
1021	193	0
1022	192	0
1023	196	0
1024	203	0
1025	183	0
1026	203	0
1027	166	0
1028	213	0
1029	211	0
1030	205	0
1031	209	0
1032	198	0
1033	182	0
1034	222	0
1035	203	0
1036	226	0
1037	213	0
1038	192	0
1039	226	0
1040	188	0
1041	199	0
1042	201	0
1043	199	0
1044	190	0
1045	221	0
1046	218	0
1047	195	0
1048	225	0
1049	204	0
1050	164	0
1051	174	0
1052	221	0
1053	193	0
1054	196	0
1055	182	0
1056	205	0
1057	187	0
1058	221	0
1059	231	0
1060	197	0
1061	192	0
1062	214	0
1063	180	0
1064	206	0
1065	202	0
1066	199	0
1067	192	0
1068	218	0
1069	207	0
1070	210	0
1071	204	0
1072	197	0
1073	197	0
1074	190	0
1075	192	0
1076	200	0
1077	201	0
1078	204	0
1079	201	0
1080	191	0
1081	197	0
1082	171	0
1083	192	0
1084	212	0
1085	217	0
1086	192	0
1087	230	0
1088	217	0
1089	177	0
1090	200	0
1091	223	0
1092	206	0
1093	166	0
1094	205	0
1095	207	0
1096	196	0
1097	203	0
1098	197	0
1099	195	0
1100	219	0
1101	203	0
1102	175	0
1103	214	0
1104	218	0
1105	185	0
1106	228	0
1107	180	0
1108	211	0
1109	202	0
1110	209	0
1111	196	0
1112	199	0
1113	174	0
1114	202	0
1115	209	0
1116	224	0
1117	206	0
1118	224	0
1119	209	0
1120	177	0
1121	207	0
1122	170	0
1123	194	0
1124	199	0
1125	169	0
1126	184	0
1127	180	0
1128	187	0
1129	205	0
1130	203	0
1131	215	0
1132	220	0
1133	187	0
1134	174	0
1135	216	0
1136	217	0
1137	182	0
1138	207	0
1139	198	0
1140	221	0
1141	192	0
1142	183	0
1143	187	0
1144	210	0
1145	201	0
1146	203	0
1147	194	0
1148	194	0
1149	220	0
1150	188	0
1151	218	0
1152	186	0
1153	189	0
1154	192	0
1155	183	0
1156	212	0
1157	192	0
1158	179	0
1159	193	0
1160	191	0
1161	200	0
1162	203	0
1163	210	0
1164	207	0
1165	217	0
1166	214	0
1167	222	0
1168	204	0
1169	192	0
1170	197	0
1171	183	0
1172	184	0
1173	194	0
1174	211	0
1175	186	0
1176	196	0
1177	191	0
1178	205	0
1179	198	0
1180	212	0
1181	189	0
1182	198	0
1183	197	0
1184	191	0
1185	232	0
1186	231	0
1187	176	0
1188	194	0
1189	186	0
1190	196	0
1191	188	0
1192	215	0
1193	190	0
1194	210	0
1195	190	0
1196	190	0
1197	192	0
1198	207	0
1199	215	0
1200	230	0
1201	219	0
1202	182	0
1203	183	0
1204	188	0
1205	229	0
1206	192	0
1207	175	0
1208	178	0
1209	213	0
1210	218	0
1211	193	0
1212	189	0
1213	210	0
1214	193	0
1215	208	0
1216	198	0
1217	212	0
1218	216	0
1219	197	0
1220	185	0
1221	203	0
1222	188	0
1223	216	0
1224	184	0
1225	200	0
1226	227	0
1227	202	0
1228	190	0
1229	195	0
1230	222	0
1231	203	0
1232	189	0
1233	198	0
1234	190	0
1235	187	0
1236	182	0
1237	212	0
1238	210	0
1239	184	0
1240	187	0
1241	175	0
1242	205	0
1243	182	0
1244	208	0
1245	195	0
1246	200	0
1247	184	0
1248	218	0
1249	219	0
1250	197	0
1251	197	0
1252	220	0
1253	195	0
1254	184	0
1255	211	0
1256	201	0
1257	204	0
1258	204	0
1259	195	0
1260	220	0
1261	198	0
1262	187	0
1263	180	0
1264	214	0
1265	211	0
1266	218	0
1267	206	0
1268	200	0
1269	222	0
1270	197	0
1271	192	0
1272	180	0
1273	201	0
1274	195	0
1275	177	0
1276	191	0
1277	176	0
1278	184	0
1279	200	0
1280	184	0
1281	195	0
1282	204	0
1283	201	0
1284	194	0
1285	196	0
1286	196	0
1287	205	0
1288	202	0
1289	225	0
1290	196	0
1291	191	0
1292	200	0
1293	208	0
1294	196	0
1295	197	0
1296	203	0
1297	180	0
1298	207	0
1299	175	0
1300	207	0
1301	215	0
1302	173	0
1303	184	0
1304	224	0
1305	185	0
1306	196	0
1307	207	0
1308	199	0
1309	172	0
1310	185	0
1311	178	0
1312	190	0
1313	192	0
1314	199	0
1315	180	0
1316	212	0
1317	222	0
1318	194	0
1319	207	0
1320	201	0
1321	191	0
1322	189	0
1323	201	0
1324	216	0
1325	181	0
1326	206	0
1327	196	0
1328	204	0
1329	215	0
1330	199	0
1331	193	0
1332	182	0
1333	192	0
1334	183	0
1335	203	0
1336	217	0
1337	185	0
1338	190	0
1339	212	0
1340	199	0
1341	207	0
1342	207	0
1343	219	0
1344	167	0
1345	224	0
1346	211	0
1347	212	0
1348	201	0
1349	177	0
1350	174	0
1351	220	0
1352	198	0
1353	211	0
1354	207	0
1355	213	0
1356	191	0
1357	195	0
1358	201	0
1359	195	0
1360	204	0
1361	193	0
1362	213	0
1363	188	0
1364	210	0
1365	215	0
1366	172	0
1367	207	0
1368	227	0
1369	215	0
1370	207	0
1371	223	0
1372	209	0
1373	202	0
1374	234	0
1375	218	0
1376	200	0
1377	193	0
1378	208	0
1379	237	0
1380	208	0
1381	199	0
1382	191	0
1383	209	0
1384	193	0
1385	168	0
1386	199	0
1387	200	0
1388	192	0
1389	179	0
1390	229	0
1391	219	0
1392	193	0
1393	209	0
1394	207	0
1395	197	0
1396	202	0
1397	184	0
1398	184	0
1399	189	0
1400	206	0
1401	195	0
1402	203	0
1403	222	0
1404	200	0
1405	204	0
1406	196	0
1407	177	0
1408	189	0
1409	189	0
1410	184	0
1411	205	0
1412	193	0
1413	173	0
1414	198	0
1415	191	0
1416	207	0
1417	192	0
1418	199	0
1419	216	0
1420	173	0
1421	185	0
1422	204	0
1423	201	0
1424	213	0
1425	210	0
1426	214	0
1427	199	0
1428	204	0
1429	216	0
1430	215	0
1431	202	0
1432	175	0
1433	204	0
1434	210	0
1435	199	0
1436	190	0
1437	182	0
1438	197	0
1439	199	0
1440	205	0
1441	201	0
1442	194	0
1443	211	0
1444	183	0
1445	216	0
1446	163	0
1447	206	0
1448	201	0
1449	201	0
1450	191	0
1451	208	0
1452	202	0
1453	227	0
1454	202	0
1455	194	0
1456	186	0
1457	187	0
1458	211	0
1459	190	0
1460	195	0
1461	201	0
1462	175	0
1463	202	0
1464	201	0
1465	185	0
1466	194	0
1467	231	0
1468	193	0
1469	194	0
1470	158	0
1471	219	0
1472	203	0
1473	181	0
1474	200	0
1475	195	0
1476	206	0
1477	200	0
1478	214	0
1479	222	0
1480	197	0
1481	183	0
1482	193	0
1483	185	0
1484	198	0
1485	214	0
1486	215	0
1487	209	0
1488	190	0
1489	186	0
1490	223	0
1491	216	0
1492	205	0
1493	221	0
1494	209	0
1495	190	0
1496	202	0
1497	183	0
1498	172	0
1499	214	0
1500	196	0
1501	226	0
1502	211	0
1503	217	0
1504	181	0
1505	200	0
1506	207	0
1507	198	0
1508	197	0
1509	181	0
1510	184	0
1511	227	0
1512	196	0
1513	191	0
1514	168	0
1515	205	0
1516	194	0
1517	191	0
1518	200	0
1519	195	0
1520	203	0
1521	179	0
1522	171	0
1523	194	0
1524	195	0
1525	201	0
1526	191	0
1527	195	0
1528	191	0
1529	189	0
1530	199	0
1531	174	0
1532	208	0
1533	195	0
1534	193	0
1535	203	0
1536	188	0
1537	189	0
1538	185	0
1539	221	0
1540	189	0
1541	205	0
1542	212	0
1543	215	0
1544	202	0
1545	185	0
1546	200	0
1547	154	0
1548	192	0
1549	209	0
1550	211	0
1551	214	0
1552	196	0
1553	197	0
1554	188	0
1555	202	0
1556	213	0
1557	227	0
1558	221	0
1559	202	0
1560	217	0
1561	194	0
1562	217	0
1563	201	0
1564	197	0
1565	210	0
1566	191	0
1567	195	0
1568	216	0
1569	224	0
1570	205	0
1571	180	0
1572	201	0
1573	203	0
1574	211	0
1575	185	0
1576	190	0
1577	223	0
1578	203	0
1579	207	0
1580	205	0
1581	202	0
1582	184	0
1583	174	0
1584	171	0
1585	190	0
1586	187	0
1587	177	0
1588	198	0
1589	202	0
1590	224	0
1591	225	0
1592	200	0
1593	186	0
1594	195	0
1595	214	0
1596	212	0
1597	195	0
1598	172	0
1599	201	0
1600	218	0
1601	184	0
1602	222	0
1603	214	0
1604	204	0
1605	179	0
1606	206	0
1607	205	0
1608	202	0
1609	183	0
1610	210	0
1611	197	0
1612	203	0
1613	191	0
1614	226	0
1615	208	0
1616	204	0
1617	204	0
1618	200	0
1619	193	0
1620	219	0
1621	210	0
1622	206	0
1623	205	0
1624	205	0
1625	213	0
1626	156	0
1627	177	0
1628	178	0
1629	206	0
1630	191	0
1631	209	0
1632	206	0
1633	191	0
1634	223	0
1635	176	0
1636	223	0
1637	195	0
1638	197	0
1639	200	0
1640	206	0
1641	182	0
1642	189	0
1643	159	0
1644	199	0
1645	200	0
1646	176	0
1647	216	0
1648	213	0
1649	192	0
1650	187	0
1651	200	0
1652	206	0
1653	171	0
1654	182	0
1655	192	0
1656	210	0
1657	216	0
1658	172	0
1659	200	0
1660	183	0
1661	178	0
1662	208	0
1663	194	0
1664	215	0
1665	175	0
1666	215	0
1667	187	0
1668	204	0
1669	194	0
1670	213	0
1671	203	0
1672	215	0
1673	208	0
1674	230	0
1675	195	0
1676	198	0
1677	216	0
1678	204	0
1679	184	0
1680	215	0
1681	203	0
1682	179	0
1683	200	0
1684	204	0
1685	196	0
1686	212	0
1687	205	0
1688	211	0
1689	198	0
1690	218	0
1691	212	0
1692	207	0
1693	212	0
1694	223	0
1695	173	0
1696	218	0
1697	195	0
1698	182	0
1699	193	0
1700	170	0
1701	216	0
1702	227	0
1703	212	0
1704	207	0
1705	182	0
1706	194	0
1707	169	0
1708	195	0
1709	200	0
1710	185	0
1711	233	0
1712	210	0
1713	203	0
1714	205	0
1715	191	0
1716	209	0
1717	199	0
1718	201	0
1719	182	0
1720	196	0
1721	194	0
1722	201	0
1723	224	0
1724	225	0
1725	199	0
1726	213	0
1727	191	0
1728	194	0
1729	176	0
1730	195	0
1731	217	0
1732	229	0
1733	199	0
1734	181	0
1735	210	0
1736	200	0
1737	208	0
1738	245	0
1739	199	0
1740	237	0
1741	183	0
1742	227	0
1743	197	0
1744	176	0
1745	200	0
1746	194	0
1747	174	0
1748	203	0
1749	171	0
1750	213	0
1751	233	0
1752	177	0
1753	206	0
1754	196	0
1755	188	0
1756	192	0
1757	168	0
1758	204	0
1759	175	0
1760	209	0
1761	201	0
1762	215	0
1763	196	0
1764	201	0
1765	190	0
1766	211	0
1767	165	0
1768	181	0
1769	185	0
1770	160	0
1771	192	0
1772	200	0
1773	167	0
1774	194	0
1775	167	0
1776	185	0
1777	209	0
1778	205	0
1779	199	0
1780	192	0
1781	188	0
1782	171	0
1783	216	0
1784	215	0
1785	199	0
1786	225	0
1787	220	0
1788	216	0
1789	188	0
1790	214	0
1791	204	0
1792	197	0
1793	226	0
1794	189	0
1795	215	0
1796	188	0
1797	206	0
1798	201	0
1799	204	0
1800	203	0
1801	221	0
1802	227	0
1803	161	0
1804	204	0
1805	201	0
1806	217	0
1807	210	0
1808	186	0
1809	192	0
1810	185	0
1811	197	0
1812	189	0
1813	185	0
1814	196	0
1815	196	0
1816	203	0
1817	209	0
1818	180	0
1819	199	0
1820	214	0
1821	199	0
1822	223	0
1823	176	0
1824	193	0
1825	187	0
1826	207	0
1827	195	0
1828	176	0
1829	205	0
1830	189	0
1831	198	0
1832	193	0
1833	198	0
1834	197	0
1835	191	0
1836	193	0
1837	186	0
1838	185	0
1839	213	0
1840	184	0
1841	199	0
1842	184	0
1843	228	0
1844	184	0
1845	213	0
1846	198	0
1847	220	0
1848	199	0
1849	195	0
1850	172	0
1851	215	0
1852	190	0
1853	180	0
1854	203	0
1855	180	0
1856	183	0
1857	212	0
1858	207	0
1859	198	0
1860	182	0
1861	211	0
1862	198	0
1863	241	0
1864	211	0
1865	192	0
1866	200	0
1867	208	0
1868	198	0
1869	208	0
1870	185	0
1871	183	0
1872	197	0
1873	200	0
1874	188	0
1875	216	0
1876	185	0
1877	203	0
1878	183	0
1879	221	0
1880	196	0
1881	180	0
1882	190	0
1883	207	0
1884	208	0
1885	171	0
1886	212	0
1887	224	0
1888	197	0
1889	197	0
1890	186	0
1891	195	0
1892	191	0
1893	206	0
1894	197	0
1895	168	0
1896	193	0
1897	206	0
1898	198	0
1899	198	0
1900	221	0
1901	220	0
1902	205	0
1903	179	0
1904	197	0
1905	200	0
1906	200	0
1907	195	0
1908	211	0
1909	195	0
1910	167	0
1911	186	0
1912	198	0
1913	168	0
1914	159	0
1915	189	0
1916	210	0
1917	196	0
1918	212	0
1919	202	0
1920	192	0
1921	168	0
1922	205	0
1923	215	0
1924	189	0
1925	191	0
1926	193	0
1927	220	0
1928	176	0
1929	212	0
1930	216	0
1931	213	0
1932	197	0
1933	199	0
1934	201	0
1935	182	0
1936	197	0
1937	206	0
1938	189	0
1939	178	0
1940	211	0
1941	218	0
1942	196	0
1943	208	0
1944	185	0
1945	228	0
1946	213	0
1947	195	0
1948	175	0
1949	202	0
1950	215	0
1951	204	0
1952	201	0
1953	193	0
1954	199	0
1955	200	0
1956	192	0
1957	182	0
1958	192	0
1959	244	0
1960	221	0
1961	200	0
1962	209	0
1963	173	0
1964	197	0
1965	224	0
1966	196	0
1967	201	0
1968	220	0
1969	226	0
1970	177	0
1971	204	0
1972	191	0
1973	214	0
1974	199	0
1975	213	0
1976	207	0
1977	224	0
1978	184	0
1979	208	0
1980	175	0
1981	182	0
1982	202	0
1983	217	0
1984	230	0
1985	180	0
1986	182	0
1987	203	0
1988	197	0
1989	192	0
1990	196	0
1991	195	0
1992	203	0
1993	201	0
1994	198	0
1995	210	0
1996	224	0
1997	192	0
1998	192	0
1999	227	0
2000	182	0
2001	209	0
2002	186	0
2003	228	0
2004	184	0
2005	198	0
2006	210	0
2007	187	0
2008	195	0
2009	171	0
2010	202	0
2011	180	0
2012	220	0
2013	192	0
2014	193	0
2015	189	0
2016	206	0
2017	209	0
2018	212	0
2019	214	0
2020	206	0
2021	205	0
2022	186	0
2023	194	0
2024	221	0
2025	212	0
2026	197	0
2027	211	0
2028	202	0
2029	179	0
2030	213	0
2031	217	0
2032	201	0
2033	200	0
2034	189	0
2035	202	0
2036	196	0
2037	211	0
2038	209	0
2039	193	0
2040	196	0
2041	196	0
2042	210	0
2043	190	0
2044	216	0
2045	200	0
2046	214	0
2047	203	0
2048	174	0
2049	195	0
2050	186	0
2051	202	0
2052	174	0
2053	211	0
2054	191	0
2055	198	0
2056	182	0
2057	186	0
2058	182	0
2059	206	0
2060	209	0
2061	210	0
2062	197	0
2063	204	0
2064	214	0
2065	205	0
2066	195	0
2067	188	0
2068	204	0
2069	191	0
2070	186	0
2071	203	0
2072	199	0
2073	229	0
2074	199	0
2075	196	0
2076	183	0
2077	218	0
2078	205	0
2079	195	0
2080	200	0
2081	203	0
2082	215	0
2083	207	0
2084	171	0
2085	219	0
2086	190	0
2087	190	0
2088	194	0
2089	202	0
2090	211	0
2091	211	0
2092	201	0
2093	183	0
2094	213	0
2095	223	0
2096	196	0
2097	202	0
2098	203	0
2099	198	0
2100	157	0
2101	190	0
2102	204	0
2103	194	0
2104	209	0
2105	237	0
2106	201	0
2107	185	0
2108	189	0
2109	175	0
2110	192	0
2111	213	0
2112	198	0
2113	206	0
2114	214	0
2115	184	0
2116	190	0
2117	185	0
2118	207	0
2119	201	0
2120	180	0
2121	201	0
2122	193	0
2123	199	0
2124	201	0
2125	190	0
2126	171	0
2127	169	0
2128	219	0
2129	183	0
2130	205	0
2131	189	0
2132	188	0
2133	203	0
2134	216	0
2135	183	0
2136	219	0
2137	216	0
2138	198	0
2139	186	0
2140	192	0
2141	190	0
2142	196	0
2143	186	0
2144	218	0
2145	200	0
2146	190	0
2147	199	0
2148	199	0
2149	216	0
2150	186	0
2151	223	0
2152	198	0
2153	213	0
2154	206	0
2155	205	0
2156	193	0
2157	200	0
2158	191	0
2159	213	0
2160	184	0
2161	216	0
2162	217	0
2163	195	0
2164	241	0
2165	201	0
2166	219	0
2167	199	0
2168	179	0
2169	195	0
2170	175	0
2171	178	0
2172	192	0
2173	200	0
2174	161	0
2175	193	0
2176	186	0
2177	177	0
2178	191	0
2179	197	0
2180	164	0
2181	206	0
2182	177	0
2183	189	0
2184	205	0
2185	209	0
2186	163	0
2187	215	0
2188	194	0
2189	195	0
2190	176	0
2191	201	0
2192	187	0
2193	221	0
2194	198	0
2195	213	0
2196	203	0
2197	187	0
2198	206	0
2199	189	0
2200	206	0
2201	189	0
2202	227	0
2203	203	0
2204	196	0
2205	195	0
2206	201	0
2207	206	0
2208	197	0
2209	201	0
2210	220	0
2211	183	0
2212	197	0
2213	180	0
2214	203	0
2215	202	0
2216	208	0
2217	208	0
2218	215	0
2219	210	0
2220	188	0
2221	180	0
2222	193	0
2223	214	0
2224	191	0
2225	194	0
2226	191	0
2227	205	0
2228	181	0
2229	198	0
2230	204	0
2231	193	0
2232	197	0
2233	217	0
2234	176	0
2235	197	0
2236	194	0
2237	197	0
2238	202	0
2239	206	0
2240	184	0
2241	217	0
2242	184	0
2243	197	0
2244	211	0
2245	193	0
2246	197	0
2247	197	0
2248	215	0
2249	220	0
2250	184	0
2251	193	0
2252	189	0
2253	203	0
2254	212	0
2255	184	0
2256	222	0
2257	216	0
2258	201	0
2259	193	0
2260	214	0
2261	182	0
2262	222	0
2263	194	0
2264	205	0
2265	195	0
2266	208	0
2267	203	0
2268	179	0
2269	206	0
2270	189	0
2271	202	0
2272	196	0
2273	185	0
2274	197	0
2275	202	0
2276	242	0
2277	190	0
2278	190	0
2279	166	0
2280	196	0
2281	200	0
2282	198	0
2283	199	0
2284	173	0
2285	180	0
2286	207	0
2287	196	0
2288	205	0
2289	203	0
2290	226	0
2291	206	0
2292	192	0
2293	212	0
2294	213	0
2295	220	0
2296	220	0
2297	202	0
2298	206	0
2299	192	0
2300	207	0
2301	221	0
2302	196	0
2303	211	0
2304	217	0
2305	182	0
2306	195	0
2307	204	0
2308	176	0
2309	186	0
2310	189	0
2311	212	0
2312	216	0
2313	195	0
2314	179	0
2315	220	0
2316	214	0
2317	192	0
2318	201	0
2319	234	0
2320	180	0
2321	196	0
2322	188	0
2323	206	0
2324	205	0
2325	225	0
2326	234	0
2327	211	0
2328	218	0
2329	213	0
2330	204	0
2331	199	0
2332	197	0
2333	175	0
2334	211	0
2335	198	0
2336	197	0
2337	196	0
2338	215	0
2339	209	0
2340	196	0
2341	205	0
2342	204	0
2343	198	0
2344	179	0
2345	182	0
2346	185	0
2347	198	0
2348	172	0
2349	213	0
2350	191	0
2351	184	0
2352	194	0
2353	205	0
2354	209	0
2355	182	0
2356	185	0
2357	208	0
2358	170	0
2359	179	0
2360	168	0
2361	197	0
2362	206	0
2363	190	0
2364	219	0
2365	205	0
2366	200	0
2367	201	0
2368	189	0
2369	215	0
2370	211	0
2371	182	0
2372	199	0
2373	195	0
2374	199	0
2375	211	0
2376	200	0
2377	192	0
2378	190	0
2379	205	0
2380	212	0
2381	198	0
2382	210	0
2383	189	0
2384	229	0
2385	193	0
2386	218	0
2387	228	0
2388	214	0
2389	194	0
2390	218	0
2391	189	0
2392	191	0
2393	199	0
2394	222	0
2395	182	0
2396	198	0
2397	207	0
2398	210	0
2399	201	0
2400	214	0
2401	206	0
2402	221	0
2403	178	0
2404	194	0
2405	192	0
2406	200	0
2407	206	0
2408	219	0
2409	189	0
2410	193	0
2411	212	0
2412	203	0
2413	155	0
2414	195	0
2415	208	0
2416	215	0
2417	199	0
2418	198	0
2419	187	0
2420	202	0
2421	212	0
2422	199	0
2423	201	0
2424	204	0
2425	203	0
2426	212	0
2427	219	0
2428	216	0
2429	207	0
2430	193	0
2431	183	0
2432	210	0
2433	197	0
2434	207	0
2435	207	0
2436	199	0
2437	198	0
2438	190	0
2439	186	0
2440	189	0
2441	218	0
2442	197	0
2443	184	0
2444	195	0
2445	205	0
2446	213	0
2447	210	0
2448	213	0
2449	181	0
2450	219	0
2451	208	0
2452	191	0
2453	192	0
2454	203	0
2455	202	0
2456	189	0
2457	194	0
2458	194	0
2459	166	0
2460	191	0
2461	197	0
2462	214	0
2463	205	0
2464	195	0
2465	210	0
2466	186	0
2467	189	0
2468	224	0
2469	190	0
2470	212	0
2471	211	0
2472	186	0
2473	186	0
2474	208	0
2475	222	0
2476	198	0
2477	206	0
2478	192	0
2479	216	0
2480	194	0
2481	210	0
2482	207	0
2483	183	0
2484	197	0
2485	188	0
2486	208	0
2487	203	0
2488	193	0
2489	205	0
2490	207	0
2491	189	0
2492	173	0
2493	209	0
2494	209	0
2495	209	0
2496	177	0
2497	211	0
2498	220	0
2499	204	0
2500	206	0
2501	197	0
2502	177	0
2503	219	0
2504	185	0
2505	208	0
2506	197	0
2507	193	0
2508	189	0
2509	212	0
2510	210	0
2511	200	0
2512	199	0
2513	212	0
2514	196	0
2515	194	0
2516	194	0
2517	225	0
2518	209	0
2519	183	0
2520	197	0
2521	224	0
2522	184	0
2523	202	0
2524	206	0
2525	210	0
2526	197	0
2527	198	0
2528	221	0
2529	217	0
2530	214	0
2531	202	0
2532	210	0
2533	199	0
2534	190	0
2535	196	0
2536	191	0
2537	200	0
2538	213	0
2539	182	0
2540	214	0
2541	163	0
2542	206	0
2543	166	0
2544	193	0
2545	183	0
2546	216	0
2547	184	0
2548	230	0
2549	190	0
2550	193	0
2551	211	0
2552	207	0
2553	191	0
2554	184	0
2555	200	0
2556	206	0
2557	224	0
2558	183	0
2559	200	0
2560	214	0
2561	198	0
2562	197	0
2563	200	0
2564	196	0
2565	208	0
2566	205	0
2567	194	0
2568	199	0
2569	211	0
2570	206	0
2571	211	0
2572	191	0
2573	218	0
2574	205	0
2575	181	0
2576	174	0
2577	208	0
2578	188	0
2579	208	0
2580	216	0
2581	216	0
2582	186	0
2583	206	0
2584	209	0
2585	193	0
2586	205	0
2587	206	0
2588	218	0
2589	204	0
2590	199	0
2591	203	0
2592	174	0
2593	225	0
2594	183	0
2595	209	0
2596	206	0
2597	204	0
2598	199	0
2599	198	0
2600	216	0
2601	195	0
2602	190	0
2603	198	0
2604	186	0
2605	205	0
2606	234	0
2607	199	0
2608	231	0
2609	172	0
2610	190	0
2611	210	0
2612	196	0
2613	208	0
2614	183	0
2615	191	0
2616	183	0
2617	183	0
2618	217	0
2619	196	0
2620	186	0
2621	184	0
2622	189	0
2623	176	0
2624	198	0
2625	208	0
2626	197	0
2627	204	0
2628	215	0
2629	166	0
2630	181	0
2631	179	0
2632	215	0
2633	206	0
2634	198	0
2635	191	0
2636	196	0
2637	195	0
2638	224	0
2639	194	0
2640	200	0
2641	208	0
2642	175	0
2643	218	0
2644	208	0
2645	198	0
2646	203	0
2647	182	0
2648	195	0
2649	179	0
2650	238	0
2651	239	0
2652	201	0
2653	190	0
2654	192	0
2655	226	0
2656	205	0
2657	204	0
2658	186	0
2659	184	0
2660	190	0
2661	217	0
2662	192	0
2663	185	0
2664	192	0
2665	196	0
2666	197	0
2667	194	0
2668	187	0
2669	198	0
2670	191	0
2671	190	0
2672	211	0
2673	201	0
2674	194	0
2675	194	0
2676	206	0
2677	197	0
2678	190	0
2679	198	0
2680	196	0
2681	191	0
2682	186	0
2683	199	0
2684	195	0
2685	224	0
2686	193	0
2687	205	0
2688	209	0
2689	198	0
2690	194	0
2691	215	0
2692	189	0
2693	186	0
2694	208	0
2695	191	0
2696	183	0
2697	198	0
2698	209	0
2699	222	0
2700	214	0
2701	212	0
2702	214	0
2703	212	0
2704	204	0
2705	202	0
2706	182	0
2707	197	0
2708	183	0
2709	202	0
2710	175	0
2711	197	0
2712	186	0
2713	169	0
2714	208	0
2715	172	0
2716	212	0
2717	200	0
2718	196	0
2719	206	0
2720	210	0
2721	194	0
2722	205	0
2723	187	0
2724	170	0
2725	178	0
2726	225	0
2727	197	0
2728	208	0
2729	203	0
2730	212	0
2731	217	0
2732	169	0
2733	200	0
2734	194	0
2735	183	0
2736	206	0
2737	191	0
2738	185	0
2739	195	0
2740	191	0
2741	178	0
2742	202	0
2743	221	0
2744	182	0
2745	195	0
2746	175	0
2747	183	0
2748	209	0
2749	212	0
2750	203	0
2751	184	0
2752	191	0
2753	184	0
2754	197	0
2755	186	0
2756	194	0
2757	215	0
2758	202	0
2759	172	0
2760	183	0
2761	187	0
2762	193	0
2763	207	0
2764	200	0
2765	180	0
2766	219	0
2767	194	0
2768	209	0
2769	206	0
2770	199	0
2771	207	0
2772	215	0
2773	210	0
2774	213	0
2775	220	0
2776	193	0
2777	201	0
2778	207	0
2779	199	0
2780	192	0
2781	193	0
2782	194	0
2783	208	0
2784	210	0
2785	204	0
2786	212	0
2787	191	0
2788	188	0
2789	190	0
2790	227	0
2791	177	0
2792	211	0
2793	195	0
2794	201	0
2795	177	0
2796	172	0
2797	204	0
2798	215	0
2799	198	0
2800	217	0
2801	191	0
2802	182	0
2803	188	0
2804	179	0
2805	190	0
2806	195	0
2807	192	0
2808	209	0
2809	200	0
2810	208	0
2811	188	0
2812	190	0
2813	204	0
2814	216	0
2815	190	0
2816	209	0
2817	181	0
2818	230	0
2819	196	0
2820	188	0
2821	200	0
2822	167	0
2823	187	0
2824	164	0
2825	202	0
2826	179	0
2827	178	0
2828	223	0
2829	197	0
2830	203	0
2831	192	0
2832	227	0
2833	214	0
2834	191	0
2835	218	0
2836	190	0
2837	196	0
2838	189	0
2839	195	0
2840	179	0
2841	202	0
2842	229	0
2843	189	0
2844	197	0
2845	198	0
2846	195	0
2847	210	0
2848	182	0
2849	201	0
2850	242	0
2851	170	0
2852	206	0
2853	198	0
2854	195	0
2855	214	0
2856	185	0
2857	185	0
2858	197	0
2859	173	0
2860	207	0
2861	182	0
2862	176	0
2863	190	0
2864	194	0
2865	188	0
2866	194	0
2867	223	0
2868	182	0
2869	190	0
2870	187	0
2871	183	0
2872	207	0
2873	184	0
2874	214	0
2875	199	0
2876	223	0
2877	218	0
2878	186	0
2879	198	0
2880	170	0
2881	168	0
2882	177	0
2883	208	0
2884	213	0
2885	183	0
2886	208	0
2887	212	0
2888	221	0
2889	201	0
2890	217	0
2891	215	0
2892	195	0
2893	227	0
2894	190	0
2895	188	0
2896	197	0
2897	195	0
2898	192	0
2899	195	0
2900	201	0
2901	184	0
2902	161	0
2903	221	0
2904	211	0
2905	179	0
2906	222	0
2907	195	0
2908	162	0
2909	194	0
2910	201	0
2911	191	0
2912	190	0
2913	196	0
2914	191	0
2915	196	0
2916	197	0
2917	191	0
2918	219	0
2919	203	0
2920	198	0
2921	192	0
2922	178	0
2923	198	0
2924	199	0
2925	205	0
2926	196	0
2927	182	0
2928	186	0
2929	167	0
2930	203	0
2931	211	0
2932	189	0
2933	199	0
2934	200	0
2935	195	0
2936	182	0
2937	213	0
2938	192	0
2939	197	0
2940	173	0
2941	215	0
2942	200	0
2943	195	0
2944	203	0
2945	189	0
2946	173	0
2947	212	0
2948	203	0
2949	204	0
2950	201	0
2951	183	0
2952	214	0
2953	186	0
2954	199	0
2955	204	0
2956	220	0
2957	178	0
2958	200	0
2959	179	0
2960	214	0
2961	166	0
2962	215	0
2963	210	0
2964	193	0
2965	212	0
2966	197	0
2967	164	0
2968	182	0
2969	199	0
2970	232	0
2971	208	0
2972	216	0
2973	199	0
2974	184	0
2975	209	0
2976	204	0
2977	207	0
2978	185	0
2979	192	0
2980	191	0
2981	181	0
2982	212	0
2983	189	0
2984	211	0
2985	164	0
2986	197	0
2987	204	0
2988	214	0
2989	197	0
2990	228	0
2991	209	0
2992	205	0
2993	203	0
2994	219	0
2995	210	0
2996	196	0
2997	217	0
2998	201	0
2999	190	0
3000	165	0
