1	200	0
2	219	0
3	206	0
4	192	0
5	194	0
6	220	0
7	214	0
8	192	0
9	205	0
10	183	0
11	192	0
12	203	0
13	174	0
14	198	0
15	216	0
16	207	0
17	203	0
18	197	0
19	232	0
20	203	0
21	213	0
22	202	0
23	193	0
24	181	0
25	198	0
26	206	0
27	202	0
28	224	0
29	202	0
30	193	0
31	197	0
32	219	0
33	173	0
34	208	0
35	194	0
36	180	0
37	195	0
38	199	0
39	208	0
40	205	0
41	188	0
42	184	0
43	189	0
44	187	0
45	189	0
46	192	0
47	199	0
48	196	0
49	191	0
50	175	0
51	194	0
52	193	0
53	182	0
54	184	0
55	205	0
56	175	0
57	189	0
58	200	0
59	187	0
60	206	0
61	180	0
62	187	0
63	220	0
64	193	0
65	201	0
66	208	0
67	178	0
68	193	0
69	207	0
70	206	0
71	201	0
72	201	0
73	202	0
74	225	0
75	210	0
76	201	0
77	183	0
78	198	0
79	171	0
80	199	0
81	173	0
82	176	0
83	193	0
84	209	0
85	209	0
86	214	0
87	208	0
88	179	0
89	193	0
90	183	0
91	190	0
92	228	0
93	172	0
94	207	0
95	203	0
96	181	0
97	183	0
98	209	0
99	227	0
100	181	0
101	190	0
102	195	0
103	193	0
104	206	0
105	170	0
106	216	0
107	196	0
108	203	0
109	205	0
110	204	0
111	212	0
112	202	0
113	191	0
114	191	0
115	200	0
116	194	0
117	197	0
118	200	0
119	214	0
120	212	0
121	203	0
122	178	0
123	197	0
124	188	0
125	204	0
126	211	0
127	176	0
128	218	0
129	202	0
130	215	0
131	186	0
132	200	0
133	191	0
134	183	0
135	200	0
136	213	0
137	234	0
138	211	0
139	219	0
140	208	0
141	196	0
142	226	0
143	204	0
144	204	0
145	195	0
146	184	0
147	207	0
148	200	0
149	193	0
150	176	0
151	207	0
152	177	0
153	231	0
154	197	0
155	200	0
156	205	0
157	190	0
158	181	0
159	197	0
160	193	0
161	204	0
162	188	0
163	183	0
164	226	0
165	187	0
166	172	0
167	173	0
168	191	0
169	213	0
170	200	0
171	201	0
172	203	0
173	186	0
174	222	0
175	178	0
176	204	0
177	193	0
178	195	0
179	196	0
180	212	0
181	221	0
182	188	0
183	199	0
184	176	0
185	202	0
186	202	0
187	187	0
188	193	0
189	198	0
190	190	0
191	185	0
192	202	0
193	198	0
194	176	0
195	176	0
196	186	0
197	179	0
198	207	0
199	194	0
200	184	0
201	227	0
202	165	0
203	167	0
204	189	0
205	214	0
206	210	0
207	210	0
208	207	0
209	195	0
210	212	0
211	192	0
212	195	0
213	209	0
214	225	0
215	219	0
216	202	0
217	215	0
218	201	0
219	174	0
220	160	0
221	219	0
222	210	0
223	218	0
224	219	0
225	206	0
226	200	0
227	212	0
228	196	0
229	197	0
230	211	0
231	191	0
232	207	0
233	197	0
234	204	0
235	205	0
236	209	0
237	177	0
238	196	0
239	178	0
240	198	0
241	183	0
242	179	0
243	176	0
244	183	0
245	193	0
246	208	0
247	204	0
248	186	0
249	182	0
250	216	0
251	209	0
252	200	0
253	192	0
254	212	0
255	212	0
256	194	0
257	205	0
258	176	0
259	218	0
260	205	0
261	185	0
262	202	0
263	189	0
264	170	0
265	213	0
266	206	0
267	194	0
268	197	0
269	198	0
270	187	0
271	194	0
272	211	0
273	201	0
274	200	0
275	198	0
276	181	0
277	205	0
278	195	0
279	194	0
280	185	0
281	196	0
282	177	0
283	210	0
284	207	0
285	192	0
286	204	0
287	214	0
288	152	0
289	201	0
290	192	0
291	209	0
292	184	0
293	194	0
294	202	0
295	204	0
296	201	0
297	187	0
298	191	0
299	191	0
300	207	0
301	199	0
302	213	0
303	196	0
304	184	0
305	202	0
306	190	0
307	227	0
308	198	0
309	212	0
310	189	0
311	202	0
312	190	0
313	206	0
314	228	0
315	216	0
316	218	0
317	193	0
318	196	0
319	216	0
320	202	0
321	201	0
322	172	0
323	192	0
324	196	0
325	177	0
326	202	0
327	236	0
328	188	0
329	201	0
330	190	0
331	230	0
332	192	0
333	229	0
334	205	0
335	203	0
336	209	0
337	201	0
338	197	0
339	237	0
340	201	0
341	214	0
342	189	0
343	198	0
344	193	0
345	217	0
346	184	0
347	187	0
348	218	0
349	223	0
350	228	0
351	218	0
352	208	0
353	181	0
354	187	0
355	212	0
356	223	0
357	192	0
358	207	0
359	209	0
360	215	0
361	206	0
362	196	0
363	184	0
364	207	0
365	196	0
366	221	0
367	186	0
368	210	0
369	192	0
370	214	0
371	215	0
372	166	0
373	170	0
374	191	0
375	180	0
376	200	0
377	205	0
378	198	0
379	207	0
380	200	0
381	192	0
382	219	0
383	185	0
384	202	0
385	208	0
386	200	0
387	213	0
388	221	0
389	215	0
390	202	0
391	204	0
392	194	0
393	229	0
394	204	0
395	207	0
396	182	0
397	172	0
398	186	0
399	210	0
400	196	0
401	200	0
402	209	0
403	177	0
404	196	0
405	229	0
406	210	0
407	193	0
408	185	0
409	191	0
410	204	0
411	193	0
412	223	0
413	219	0
414	189	0
415	221	0
416	229	0
417	228	0
418	169	0
419	203	0
420	181	0
421	198	0
422	200	0
423	217	0
424	165	0
425	205	0
426	196	0
427	186	0
428	202	0
429	186	0
430	187	0
431	214	0
432	196	0
433	171	0
434	184	0
435	214	0
436	210	0
437	196	0
438	217	0
439	183	0
440	183	0
441	211	0
442	207	0
443	160	0
444	226	0
445	209	0
446	191	0
447	215	0
448	168	0
449	216	0
450	199	0
451	203	0
452	178	0
453	188	0
454	201	0
455	174	0
456	228	0
457	199	0
458	206	0
459	214	0
460	211	0
461	217	0
462	211	0
463	205	0
464	230	0
465	199	0
466	187	0
467	195	0
468	206	0
469	224	0
470	224	0
471	229	0
472	199	0
473	185	0
474	180	0
475	206	0
476	195	0
477	191	0
478	216	0
479	207	0
480	198	0
481	209	0
482	200	0
483	197	0
484	192	0
485	192	0
486	212	0
487	201	0
488	220	0
489	205	0
490	196	0
491	191	0
492	194	0
493	180	0
494	226	0
495	195	0
496	223	0
497	222	0
498	178	0
499	186	0
500	171	0
501	211	0
502	226	0
503	219	0
504	189	0
505	166	0
506	208	0
507	195	0
508	211	0
509	200	0
510	179	0
511	199	0
512	188	0
513	203	0
514	190	0
515	223	0
516	190	0
517	205	0
518	195	0
519	204	0
520	187	0
521	212	0
522	184	0
523	220	0
524	234	0
525	177	0
526	172	0
527	215	0
528	194	0
529	198	0
530	181	0
531	201	0
532	204	0
533	200	0
534	174	0
535	190	0
536	214	0
537	197	0
538	212	0
539	210	0
540	191	0
541	199	0
542	195	0
543	215	0
544	190	0
545	194	0
546	236	0
547	195	0
548	186	0
549	201	0
550	217	0
551	189	0
552	213	0
553	193	0
554	217	0
555	201	0
556	198	0
557	207	0
558	199	0
559	193	0
560	200	0
561	207	0
562	175	0
563	191	0
564	193	0
565	197	0
566	215	0
567	197	0
568	194	0
569	158	0
570	200	0
571	182	0
572	177	0
573	207	0
574	228	0
575	200	0
576	213	0
577	194	0
578	212	0
579	214	0
580	190	0
581	200	0
582	191	0
583	189	0
584	193	0
585	210	0
586	215	0
587	206	0
588	187	0
589	190	0
590	173	0
591	199	0
592	218	0
593	188	0
594	184	0
595	206	0
596	209	0
597	165	0
598	226	0
599	195	0
600	200	0
601	210	0
602	200	0
603	206	0
604	197	0
605	189	0
606	211	0
607	187	0
608	205	0
609	217	0
610	196	0
611	229	0
612	206	0
613	197	0
614	203	0
615	206	0
616	221	0
617	228	0
618	199	0
619	209	0
620	189	0
621	196	0
622	204	0
623	201	0
624	196	0
625	174	0
626	218	0
627	206	0
628	203	0
629	194	0
630	224	0
631	229	0
632	235	0
633	209	0
634	199	0
635	181	0
636	220	0
637	190	0
638	184	0
639	225	0
640	208	0
641	213	0
642	204	0
643	209	0
644	212	0
645	193	0
646	210	0
647	194	0
648	215	0
649	214	0
650	202	0
651	196	0
652	184	0
653	183	0
654	201	0
655	186	0
656	211	0
657	213	0
658	208	0
659	193	0
660	189	0
661	203	0
662	211	0
663	208	0
664	204	0
665	215	0
666	210	0
667	193	0
668	216	0
669	179	0
670	195	0
671	174	0
672	195	0
673	179	0
674	171	0
675	214	0
676	198	0
677	217	0
678	190	0
679	209	0
680	180	0
681	188	0
682	181	0
683	201	0
684	172	0
685	209	0
686	216	0
687	166	0
688	200	0
689	189	0
690	201	0
691	220	0
692	193	0
693	185	0
694	201	0
695	189	0
696	181	0
697	184	0
698	203	0
699	206	0
700	225	0
701	194	0
702	179	0
703	209	0
704	183	0
705	186	0
706	218	0
707	232	0
708	180	0
709	215	0
710	201	0
711	200	0
712	206	0
713	183	0
714	197	0
715	203	0
716	230	0
717	174	0
718	184	0
719	199	0
720	212	0
721	223	0
722	189	0
723	194	0
724	187	0
725	198	0
726	215	0
727	166	0
728	196	0
729	209	0
730	198	0
731	228	0
732	192	0
733	218	0
734	204	0
735	192	0
736	201	0
737	190	0
738	178	0
739	169	0
740	206	0
741	209	0
742	194	0
743	196	0
744	181	0
745	202	0
746	202	0
747	198	0
748	197	0
749	227	0
750	192	0
751	194	0
752	228	0
753	218	0
754	198	0
755	191	0
756	207	0
757	200	0
758	181	0
759	188	0
760	220	0
761	196	0
762	191	0
763	183	0
764	206	0
765	199	0
766	203	0
767	195	0
768	200	0
769	205	0
770	187	0
771	201	0
772	207	0
773	197	0
774	211	0
775	191	0
776	187	0
777	189	0
778	200	0
779	209	0
780	206	0
781	190	0
782	209	0
783	207	0
784	175	0
785	199	0
786	194	0
787	190	0
788	221	0
789	196	0
790	201	0
791	196	0
792	196	0
793	203	0
794	199	0
795	209	0
796	211	0
797	190	0
798	206	0
799	199	0
800	211	0
801	211	0
802	190	0
803	209	0
804	197	0
805	215	0
806	172	0
807	200	0
808	214	0
809	213	0
810	198	0
811	199	0
812	205	0
813	205	0
814	216	0
815	204	0
816	220	0
817	192	0
818	173	0
819	196	0
820	207	0
821	171	0
822	203	0
823	212	0
824	207	0
825	202	0
826	208	0
827	194	0
828	185	0
829	181	0
830	187	0
831	217	0
832	189	0
833	201	0
834	184	0
835	194	0
836	196	0
837	190	0
838	199	0
839	195	0
840	203	0
841	204	0
842	217	0
843	204	0
844	207	0
845	192	0
846	187	0
847	202	0
848	206	0
849	214	0
850	228	0
851	235	0
852	187	0
853	198	0
854	190	0
855	212	0
856	180	0
857	215	0
858	163	0
859	207	0
860	202	0
861	208	0
862	208	0
863	192	0
864	221	0
865	213	0
866	211	0
867	174	0
868	202	0
869	205	0
870	201	0
871	215	0
872	187	0
873	223	0
874	214	0
875	202	0
876	191	0
877	199	0
878	211	0
879	217	0
880	206	0
881	203	0
882	190	0
883	186	0
884	239	0
885	188	0
886	210	0
887	203	0
888	194	0
889	203	0
890	211	0
891	200	0
892	186	0
893	178	0
894	200	0
895	213	0
896	183	0
897	200	0
898	195	0
899	203	0
900	192	0
901	197	0
902	199	0
903	214	0
904	179	0
905	188	0
906	192	0
907	211	0
908	169	0
909	201	0
910	218	0
911	203	0
912	214	0
913	184	0
914	207	0
915	193	0
916	199	0
917	202	0
918	197	0
919	184	0
920	180	0
921	198	0
922	197	0
923	174	0
924	198	0
925	214	0
926	192	0
927	215	0
928	185	0
929	184	0
930	210	0
931	186	0
932	202	0
933	185	0
934	184	0
935	168	0
936	207	0
937	193	0
938	206	0
939	206	0
940	221	0
941	205	0
942	212	0
943	200	0
944	193	0
945	220	0
946	231	0
947	204	0
948	191	0
949	189	0
950	200	0
951	195	0
952	217	0
953	204	0
954	209	0
955	190	0
956	196	0
957	228	0
958	203	0
959	204	0
960	219	0
961	195	0
962	210	0
963	194	0
964	186	0
965	209	0
966	218	0
967	190	0
968	198	0
969	187	0
970	191	0
971	175	0
972	203	0
973	214	0
974	199	0
975	187	0
976	211	0
977	219	0
978	189	0
979	190	0
980	190	0
981	198	0
982	186	0
983	190	0
984	198	0
985	187	0
986	223	0
987	197	0
988	202	0
989	196	0
990	184	0
991	191	0
992	200	0
993	202	0
994	192	0
995	235	0
996	208	0
997	206	0
998	183	0
999	211	0
1000	177	0
1001	196	0
1002	175	0
1003	196	0
1004	201	0
1005	221	0
1006	206	0
1007	209	0
1008	214	0
1009	227	0
1010	207	0
1011	187	0
1012	203	0
1013	231	0
1014	209	0
1015	183	0
1016	198	0
1017	200	0
1018	194	0
1019	206	0
1020	198	0
1021	192	0
1022	208	0
1023	189	0
1024	181	0
1025	196	0
1026	240	0
1027	203	0
1028	191	0
1029	212	0
1030	211	0
1031	228	0
1032	190	0
1033	215	0
1034	200	0
1035	185	0
1036	178	0
1037	187	0
1038	187	0
1039	161	0
1040	189	0
1041	209	0
1042	203	0
1043	210	0
1044	183	0
1045	200	0
1046	212	0
1047	220	0
1048	192	0
1049	200	0
1050	183	0
1051	201	0
1052	240	0
1053	191	0
1054	208	0
1055	239	0
1056	200	0
1057	190	0
1058	195	0
1059	215	0
1060	197	0
1061	235	0
1062	217	0
1063	205	0
1064	196	0
1065	196	0
1066	181	0
1067	183	0
1068	193	0
1069	201	0
1070	207	0
1071	200	0
1072	241	0
1073	219	0
1074	197	0
1075	200	0
1076	211	0
1077	209	0
1078	221	0
1079	226	0
1080	196	0
1081	203	0
1082	203	0
1083	200	0
1084	198	0
1085	201	0
1086	195	0
1087	187	0
1088	191	0
1089	210	0
1090	223	0
1091	203	0
1092	196	0
1093	191	0
1094	208	0
1095	187	0
1096	187	0
1097	191	0
1098	178	0
1099	206	0
1100	187	0
1101	207	0
1102	202	0
1103	181	0
1104	199	0
1105	195	0
1106	190	0
1107	210	0
1108	205	0
1109	177	0
1110	184	0
1111	207	0
1112	201	0
1113	203	0
1114	200	0
1115	195	0
1116	203	0
1117	193	0
1118	211	0
1119	206	0
1120	183	0
1121	173	0
1122	184	0
1123	201	0
1124	218	0
1125	191	0
1126	215	0
1127	186	0
1128	201	0
1129	211	0
1130	216	0
1131	221	0
1132	181	0
1133	179	0
1134	185	0
1135	187	0
1136	199	0
1137	223	0
1138	171	0
1139	204	0
1140	201	0
1141	195	0
1142	209	0
1143	204	0
1144	201	0
1145	194	0
1146	192	0
1147	193	0
1148	188	0
1149	198	0
1150	193	0
1151	200	0
1152	212	0
1153	196	0
1154	204	0
1155	206	0
1156	201	0
1157	191	0
1158	182	0
1159	211	0
1160	205	0
1161	236	0
1162	205	0
1163	208	0
1164	191	0
1165	210	0
1166	191	0
1167	201	0
1168	227	0
1169	198	0
1170	206	0
1171	192	0
1172	174	0
1173	204	0
1174	198	0
1175	219	0
1176	159	0
1177	208	0
1178	204	0
1179	192	0
1180	205	0
1181	190	0
1182	205	0
1183	201	0
1184	191	0
1185	198	0
1186	195	0
1187	189	0
1188	178	0
1189	184	0
1190	185	0
1191	186	0
1192	236	0
1193	207	0
1194	199	0
1195	214	0
1196	230	0
1197	195	0
1198	196	0
1199	213	0
1200	198	0
1201	181	0
1202	201	0
1203	209	0
1204	205	0
1205	192	0
1206	183	0
1207	189	0
1208	214	0
1209	195	0
1210	215	0
1211	211	0
1212	203	0
1213	198	0
1214	199	0
1215	194	0
1216	199	0
1217	196	0
1218	237	0
1219	175	0
1220	208	0
1221	183	0
1222	218	0
1223	172	0
1224	187	0
1225	182	0
1226	201	0
1227	186	0
1228	186	0
1229	166	0
1230	227	0
1231	216	0
1232	206	0
1233	193	0
1234	204	0
1235	174	0
1236	200	0
1237	216	0
1238	194	0
1239	188	0
1240	225	0
1241	219	0
1242	206	0
1243	224	0
1244	200	0
1245	189	0
1246	212	0
1247	204	0
1248	182	0
1249	209	0
1250	203	0
1251	208	0
1252	201	0
1253	202	0
1254	188	0
1255	211	0
1256	237	0
1257	197	0
1258	173	0
1259	207	0
1260	204	0
1261	180	0
1262	186	0
1263	185	0
1264	200	0
1265	189	0
1266	184	0
1267	178	0
1268	193	0
1269	208	0
1270	205	0
1271	187	0
1272	193	0
1273	185	0
1274	174	0
1275	212	0
1276	195	0
1277	208	0
1278	191	0
1279	219	0
1280	219	0
1281	200	0
1282	226	0
1283	193	0
1284	189	0
1285	207	0
1286	194	0
1287	223	0
1288	203	0
1289	241	0
1290	204	0
1291	171	0
1292	185	0
1293	196	0
1294	231	0
1295	192	0
1296	198	0
1297	172	0
1298	213	0
1299	185	0
1300	200	0
1301	200	0
1302	204	0
1303	182	0
1304	226	0
1305	178	0
1306	204	0
1307	187	0
1308	186	0
1309	203	0
1310	198	0
1311	203	0
1312	179	0
1313	210	0
1314	201	0
1315	189	0
1316	185	0
1317	218	0
1318	199	0
1319	193	0
1320	186	0
1321	176	0
1322	209	0
1323	192	0
1324	217	0
1325	203	0
1326	180	0
1327	209	0
1328	193	0
1329	202	0
1330	209	0
1331	195	0
1332	215	0
1333	177	0
1334	212	0
1335	186	0
1336	235	0
1337	203	0
1338	211	0
1339	203	0
1340	213	0
1341	207	0
1342	219	0
1343	200	0
1344	197	0
1345	186	0
1346	208	0
1347	195	0
1348	192	0
1349	193	0
1350	192	0
1351	200	0
1352	188	0
1353	216	0
1354	203	0
1355	194	0
1356	212	0
1357	206	0
1358	215	0
1359	201	0
1360	222	0
1361	209	0
1362	175	0
1363	188	0
1364	207	0
1365	261	0
1366	197	0
1367	187	0
1368	201	0
1369	201	0
1370	175	0
1371	191	0
1372	217	0
1373	194	0
1374	203	0
1375	222	0
1376	171	0
1377	197	0
1378	212	0
1379	216	0
1380	210	0
1381	198	0
1382	180	0
1383	188	0
1384	213	0
1385	208	0
1386	172	0
1387	210	0
1388	221	0
1389	218	0
1390	212	0
1391	184	0
1392	190	0
1393	210	0
1394	190	0
1395	236	0
1396	194	0
1397	179	0
1398	195	0
1399	195	0
1400	205	0
1401	201	0
1402	190	0
1403	212	0
1404	199	0
1405	192	0
1406	196	0
1407	173	0
1408	179	0
1409	162	0
1410	222	0
1411	202	0
1412	193	0
1413	189	0
1414	223	0
1415	211	0
1416	192	0
1417	196	0
1418	174	0
1419	207	0
1420	198	0
1421	181	0
1422	209	0
1423	214	0
1424	194	0
1425	221	0
1426	179	0
1427	177	0
1428	199	0
1429	192	0
1430	215	0
1431	218	0
1432	207	0
1433	230	0
1434	201	0
1435	184	0
1436	213	0
1437	205	0
1438	184	0
1439	211	0
1440	194	0
1441	178	0
1442	202	0
1443	226	0
1444	215	0
1445	205	0
1446	200	0
1447	188	0
1448	191	0
1449	192	0
1450	218	0
1451	212	0
1452	206	0
1453	187	0
1454	187	0
1455	217	0
1456	215	0
1457	220	0
1458	170	0
1459	194	0
1460	196	0
1461	201	0
1462	197	0
1463	192	0
1464	183	0
1465	167	0
1466	190	0
1467	202	0
1468	184	0
1469	187	0
1470	195	0
1471	192	0
1472	236	0
1473	176	0
1474	230	0
1475	182	0
1476	206	0
1477	196	0
1478	189	0
1479	192	0
1480	222	0
1481	215	0
1482	197	0
1483	223	0
1484	218	0
1485	187	0
1486	222	0
1487	224	0
1488	209	0
1489	221	0
1490	215	0
1491	199	0
1492	215	0
1493	213	0
1494	231	0
1495	217	0
1496	186	0
1497	177	0
1498	191	0
1499	220	0
1500	223	0
1501	216	0
1502	175	0
1503	190	0
1504	204	0
1505	219	0
1506	196	0
1507	206	0
1508	188	0
1509	201	0
1510	194	0
1511	194	0
1512	181	0
1513	205	0
1514	205	0
1515	160	0
1516	186	0
1517	202	0
1518	187	0
1519	187	0
1520	223	0
1521	206	0
1522	192	0
1523	210	0
1524	174	0
1525	200	0
1526	246	0
1527	193	0
1528	194	0
1529	231	0
1530	219	0
1531	193	0
1532	202	0
1533	202	0
1534	208	0
1535	185	0
1536	221	0
1537	180	0
1538	203	0
1539	207	0
1540	193	0
1541	200	0
1542	203	0
1543	196	0
1544	191	0
1545	197	0
1546	236	0
1547	199	0
1548	189	0
1549	189	0
1550	199	0
1551	204	0
1552	189	0
1553	189	0
1554	201	0
1555	211	0
1556	199	0
1557	213	0
1558	166	0
1559	191	0
1560	203	0
1561	200	0
1562	232	0
1563	205	0
1564	199	0
1565	201	0
1566	178	0
1567	202	0
1568	202	0
1569	195	0
1570	202	0
1571	216	0
1572	204	0
1573	222	0
1574	190	0
1575	205	0
1576	204	0
1577	208	0
1578	198	0
1579	184	0
1580	214	0
1581	217	0
1582	184	0
1583	183	0
1584	251	0
1585	189	0
1586	198	0
1587	199	0
1588	199	0
1589	194	0
1590	214	0
1591	183	0
1592	203	0
1593	210	0
1594	191	0
1595	215	0
1596	217	0
1597	191	0
1598	205	0
1599	210	0
1600	192	0
1601	190	0
1602	194	0
1603	211	0
1604	191	0
1605	187	0
1606	195	0
1607	204	0
1608	193	0
1609	188	0
1610	190	0
1611	212	0
1612	178	0
1613	191	0
1614	235	0
1615	209	0
1616	221	0
1617	213	0
1618	219	0
1619	205	0
1620	195	0
1621	194	0
1622	220	0
1623	205	0
1624	180	0
1625	222	0
1626	181	0
1627	235	0
1628	209	0
1629	218	0
1630	195	0
1631	200	0
1632	201	0
1633	204	0
1634	235	0
1635	198	0
1636	211	0
1637	197	0
1638	207	0
1639	212	0
1640	210	0
1641	196	0
1642	187	0
1643	229	0
1644	186	0
1645	192	0
1646	203	0
1647	178	0
1648	179	0
1649	208	0
1650	213	0
1651	204	0
1652	179	0
1653	202	0
1654	220	0
1655	198	0
1656	207	0
1657	196	0
1658	200	0
1659	180	0
1660	186	0
1661	213	0
1662	198	0
1663	182	0
1664	196	0
1665	193	0
1666	202	0
1667	192	0
1668	184	0
1669	188	0
1670	187	0
1671	205	0
1672	226	0
1673	184	0
1674	202	0
1675	231	0
1676	210	0
1677	199	0
1678	189	0
1679	193	0
1680	185	0
1681	202	0
1682	174	0
1683	169	0
1684	182	0
1685	192	0
1686	177	0
1687	214	0
1688	195	0
1689	186	0
1690	193	0
1691	200	0
1692	222	0
1693	187	0
1694	213	0
1695	215	0
1696	177	0
1697	200	0
1698	212	0
1699	196	0
1700	217	0
1701	203	0
1702	220	0
1703	200	0
1704	223	0
1705	213	0
1706	196	0
1707	199	0
1708	221	0
1709	208	0
1710	193	0
1711	187	0
1712	220	0
1713	164	0
1714	222	0
1715	220	0
1716	180	0
1717	206	0
1718	199	0
1719	177	0
1720	195	0
1721	187	0
1722	206	0
1723	195	0
1724	228	0
1725	205	0
1726	169	0
1727	222	0
1728	188	0
1729	206	0
1730	208	0
1731	205	0
1732	200	0
1733	206	0
1734	201	0
1735	216	0
1736	188	0
1737	197	0
1738	200	0
1739	192	0
1740	212	0
1741	202	0
1742	224	0
1743	194	0
1744	200	0
1745	195	0
1746	233	0
1747	204	0
1748	207	0
1749	193	0
1750	192	0
1751	188	0
1752	211	0
1753	195	0
1754	231	0
1755	194	0
1756	196	0
1757	186	0
1758	197	0
1759	186	0
1760	193	0
1761	200	0
1762	182	0
1763	195	0
1764	189	0
1765	197	0
1766	204	0
1767	210	0
1768	213	0
1769	193	0
1770	204	0
1771	210	0
1772	204	0
1773	218	0
1774	199	0
1775	217	0
1776	189	0
1777	232	0
1778	192	0
1779	219	0
1780	197	0
1781	215	0
1782	180	0
1783	195	0
1784	171	0
1785	209	0
1786	191	0
1787	219	0
1788	214	0
1789	193	0
1790	196	0
1791	201	0
1792	196	0
1793	208	0
1794	187	0
1795	221	0
1796	189	0
1797	177	0
1798	195	0
1799	208	0
1800	207	0
1801	195	0
1802	231	0
1803	213	0
1804	199	0
1805	202	0
1806	215	0
1807	202	0
1808	179	0
1809	203	0
1810	207	0
1811	213	0
1812	210	0
1813	196	0
1814	182	0
1815	192	0
1816	201	0
1817	196	0
1818	189	0
1819	221	0
1820	195	0
1821	196	0
1822	212	0
1823	190	0
1824	188	0
1825	217	0
1826	195	0
1827	238	0
1828	200	0
1829	215	0
1830	160	0
1831	179	0
1832	217	0
1833	191	0
1834	194	0
1835	208	0
1836	198	0
1837	204	0
1838	194	0
1839	186	0
1840	201	0
1841	202	0
1842	207	0
1843	207	0
1844	206	0
1845	228	0
1846	218	0
1847	212	0
1848	205	0
1849	203	0
1850	186	0
1851	201	0
1852	195	0
1853	191	0
1854	170	0
1855	205	0
1856	203	0
1857	177	0
1858	194	0
1859	191	0
1860	176	0
1861	186	0
1862	202	0
1863	211	0
1864	183	0
1865	203	0
1866	211	0
1867	227	0
1868	190	0
1869	208	0
1870	195	0
1871	177	0
1872	224	0
1873	204	0
1874	193	0
1875	223	0
1876	194	0
1877	164	0
1878	204	0
1879	201	0
1880	215	0
1881	188	0
1882	225	0
1883	185	0
1884	194	0
1885	192	0
1886	220	0
1887	200	0
1888	167	0
1889	186	0
1890	198	0
1891	202	0
1892	206	0
1893	177	0
1894	219	0
1895	176	0
1896	227	0
1897	178	0
1898	196	0
1899	185	0
1900	195	0
1901	189	0
1902	185	0
1903	196	0
1904	198	0
1905	213	0
1906	185	0
1907	202	0
1908	197	0
1909	194	0
1910	211	0
1911	184	0
1912	202	0
1913	216	0
1914	215	0
1915	185	0
1916	195	0
1917	190	0
1918	183	0
1919	169	0
1920	196	0
1921	204	0
1922	186	0
1923	202	0
1924	205	0
1925	253	0
1926	185	0
1927	202	0
1928	202	0
1929	185	0
1930	203	0
1931	218	0
1932	236	0
1933	200	0
1934	203	0
1935	218	0
1936	197	0
1937	199	0
1938	217	0
1939	204	0
1940	209	0
1941	194	0
1942	203	0
1943	214	0
1944	219	0
1945	237	0
1946	194	0
1947	201	0
1948	201	0
1949	194	0
1950	194	0
1951	231	0
1952	192	0
1953	215	0
1954	203	0
1955	203	0
1956	206	0
1957	173	0
1958	214	0
1959	202	0
1960	200	0
1961	237	0
1962	192	0
1963	227	0
1964	211	0
1965	206	0
1966	235	0
1967	204	0
1968	199	0
1969	187	0
1970	206	0
1971	163	0
1972	169	0
1973	187	0
1974	218	0
1975	199	0
1976	168	0
1977	196	0
1978	207	0
1979	196	0
1980	220	0
1981	182	0
1982	192	0
1983	165	0
1984	208	0
1985	206	0
1986	201	0
1987	188	0
1988	210	0
1989	196	0
1990	198	0
1991	215	0
1992	215	0
1993	222	0
1994	197	0
1995	175	0
1996	185	0
1997	215	0
1998	200	0
1999	178	0
2000	200	0
2001	207	0
2002	194	0
2003	206	0
2004	214	0
2005	208	0
2006	200	0
2007	191	0
2008	186	0
2009	233	0
2010	185	0
2011	212	0
2012	191	0
2013	205	0
2014	192	0
2015	179	0
2016	218	0
2017	194	0
2018	198	0
2019	216	0
2020	204	0
2021	257	0
2022	195	0
2023	190	0
2024	230	0
2025	216	0
2026	233	0
2027	195	0
2028	221	0
2029	199	0
2030	195	0
2031	201	0
2032	212	0
2033	185	0
2034	204	0
2035	235	0
2036	189	0
2037	188	0
2038	215	0
2039	217	0
2040	218	0
2041	209	0
2042	193	0
2043	191	0
2044	208	0
2045	207	0
2046	193	0
2047	202	0
2048	204	0
2049	189	0
2050	208	0
2051	216	0
2052	206	0
2053	195	0
2054	195	0
2055	210	0
2056	217	0
2057	190	0
2058	229	0
2059	182	0
2060	204	0
2061	210	0
2062	213	0
2063	218	0
2064	193	0
2065	179	0
2066	206	0
2067	220	0
2068	206	0
2069	195	0
2070	201	0
2071	185	0
2072	209	0
2073	200	0
2074	211	0
2075	185	0
2076	158	0
2077	217	0
2078	180	0
2079	182	0
2080	194	0
2081	212	0
2082	199	0
2083	228	0
2084	186	0
2085	163	0
2086	215	0
2087	210	0
2088	214	0
2089	228	0
2090	207	0
2091	172	0
2092	189	0
2093	184	0
2094	213	0
2095	213	0
2096	200	0
2097	180	0
2098	170	0
2099	187	0
2100	164	0
2101	185	0
2102	181	0
2103	181	0
2104	197	0
2105	209	0
2106	205	0
2107	204	0
2108	176	0
2109	188	0
2110	203	0
2111	204	0
2112	192	0
2113	203	0
2114	195	0
2115	193	0
2116	199	0
2117	188	0
2118	173	0
2119	201	0
2120	207	0
2121	178	0
2122	185	0
2123	202	0
2124	195	0
2125	189	0
2126	188	0
2127	227	0
2128	205	0
2129	196	0
2130	209	0
2131	186	0
2132	228	0
2133	203	0
2134	170	0
2135	182	0
2136	192	0
2137	191	0
2138	193	0
2139	179	0
2140	220	0
2141	196	0
2142	208	0
2143	208	0
2144	190	0
2145	197	0
2146	204	0
2147	187	0
2148	181	0
2149	194	0
2150	201	0
2151	215	0
2152	219	0
2153	209	0
2154	191	0
2155	165	0
2156	229	0
2157	170	0
2158	175	0
2159	212	0
2160	196	0
2161	202	0
2162	225	0
2163	225	0
2164	197	0
2165	213	0
2166	211	0
2167	226	0
2168	199	0
2169	195	0
2170	206	0
2171	224	0
2172	203	0
2173	205	0
2174	186	0
2175	196	0
2176	207	0
2177	195	0
2178	218	0
2179	181	0
2180	183	0
2181	194	0
2182	187	0
2183	207	0
2184	194	0
2185	178	0
2186	221	0
2187	202	0
2188	205	0
2189	230	0
2190	182	0
2191	183	0
2192	182	0
2193	168	0
2194	183	0
2195	194	0
2196	208	0
2197	214	0
2198	182	0
2199	193	0
2200	204	0
2201	190	0
2202	202	0
2203	218	0
2204	204	0
2205	189	0
2206	200	0
2207	202	0
2208	192	0
2209	205	0
2210	192	0
2211	202	0
2212	197	0
2213	208	0
2214	209	0
2215	180	0
2216	196	0
2217	195	0
2218	187	0
2219	189	0
2220	195	0
2221	171	0
2222	186	0
2223	201	0
2224	199	0
2225	226	0
2226	213	0
2227	232	0
2228	228	0
2229	203	0
2230	218	0
2231	206	0
2232	194	0
2233	209	0
2234	162	0
2235	191	0
2236	204	0
2237	209	0
2238	233	0
2239	185	0
2240	190	0
2241	183	0
2242	207	0
2243	202	0
2244	173	0
2245	206	0
2246	200	0
2247	229	0
2248	204	0
2249	189	0
2250	205	0
2251	202	0
2252	223	0
2253	202	0
2254	186	0
2255	200	0
2256	213	0
2257	179	0
2258	208	0
2259	177	0
2260	172	0
2261	213	0
2262	175	0
2263	202	0
2264	214	0
2265	201	0
2266	210	0
2267	191	0
2268	211	0
2269	219	0
2270	180	0
2271	188	0
2272	187	0
2273	182	0
2274	209	0
2275	184	0
2276	183	0
2277	169	0
2278	213	0
2279	202	0
2280	221	0
2281	177	0
2282	233	0
2283	208	0
2284	199	0
2285	199	0
2286	192	0
2287	202	0
2288	199	0
2289	212	0
2290	188	0
2291	194	0
2292	201	0
2293	192	0
2294	205	0
2295	192	0
2296	199	0
2297	195	0
2298	219	0
2299	237	0
2300	189	0
2301	222	0
2302	174	0
2303	172	0
2304	208	0
2305	192	0
2306	186	0
2307	183	0
2308	193	0
2309	192	0
2310	188	0
2311	199	0
2312	202	0
2313	199	0
2314	189	0
2315	195	0
2316	234	0
2317	204	0
2318	237	0
2319	231	0
2320	212	0
2321	228	0
2322	174	0
2323	199	0
2324	213	0
2325	198	0
2326	172	0
2327	212	0
2328	182	0
2329	179	0
2330	190	0
2331	187	0
2332	182	0
2333	173	0
2334	203	0
2335	194	0
2336	170	0
2337	213	0
2338	211	0
2339	211	0
2340	222	0
2341	191	0
2342	198	0
2343	206	0
2344	223	0
2345	180	0
2346	210	0
2347	206	0
2348	223	0
2349	207	0
2350	195	0
2351	197	0
2352	209	0
2353	204	0
2354	197	0
2355	215	0
2356	211	0
2357	218	0
2358	204	0
2359	190	0
2360	202	0
2361	200	0
2362	196	0
2363	211	0
2364	204	0
2365	195	0
2366	184	0
2367	201	0
2368	191	0
2369	198	0
2370	241	0
2371	191	0
2372	200	0
2373	217	0
2374	205	0
2375	206	0
2376	194	0
2377	210	0
2378	243	0
2379	194	0
2380	196	0
2381	210	0
2382	226	0
2383	192	0
2384	213	0
2385	213	0
2386	192	0
2387	198	0
2388	207	0
2389	184	0
2390	200	0
2391	209	0
2392	213	0
2393	211	0
2394	199	0
2395	223	0
2396	182	0
2397	189	0
2398	176	0
2399	244	0
2400	195	0
2401	184	0
2402	191	0
2403	185	0
2404	172	0
2405	225	0
2406	186	0
2407	195	0
2408	178	0
2409	195	0
2410	214	0
2411	197	0
2412	184	0
2413	198	0
2414	201	0
2415	200	0
2416	210	0
2417	211	0
2418	190	0
2419	196	0
2420	225	0
2421	181	0
2422	186	0
2423	202	0
2424	200	0
2425	227	0
2426	204	0
2427	217	0
2428	215	0
2429	201	0
2430	190	0
2431	207	0
2432	191	0
2433	178	0
2434	223	0
2435	195	0
2436	191	0
2437	212	0
2438	187	0
2439	175	0
2440	203	0
2441	202	0
2442	173	0
2443	217	0
2444	188	0
2445	207	0
2446	173	0
2447	194	0
2448	183	0
2449	178	0
2450	194	0
2451	204	0
2452	195	0
2453	207	0
2454	187	0
2455	196	0
2456	196	0
2457	219	0
2458	196	0
2459	198	0
2460	189	0
2461	203	0
2462	200	0
2463	215	0
2464	180	0
2465	212	0
2466	201	0
2467	203	0
2468	192	0
2469	204	0
2470	210	0
2471	204	0
2472	197	0
2473	209	0
2474	209	0
2475	203	0
2476	171	0
2477	219	0
2478	227	0
2479	188	0
2480	195	0
2481	215	0
2482	217	0
2483	207	0
2484	193	0
2485	211	0
2486	210	0
2487	201	0
2488	180	0
2489	215	0
2490	201	0
2491	191	0
2492	180	0
2493	199	0
2494	195	0
2495	178	0
2496	212	0
2497	213	0
2498	192	0
2499	209	0
2500	173	0
2501	173	0
2502	199	0
2503	193	0
2504	205	0
2505	193	0
2506	218	0
2507	206	0
2508	177	0
2509	200	0
2510	190	0
2511	184	0
2512	215	0
2513	215	0
2514	190	0
2515	215	0
2516	198	0
2517	188	0
2518	221	0
2519	230	0
2520	187	0
2521	208	0
2522	189	0
2523	191	0
2524	195	0
2525	179	0
2526	209	0
2527	218	0
2528	202	0
2529	178	0
2530	192	0
2531	196	0
2532	179	0
2533	208	0
2534	199	0
2535	215	0
2536	229	0
2537	212	0
2538	187	0
2539	208	0
2540	173	0
2541	189	0
2542	191	0
2543	237	0
2544	191	0
2545	206	0
2546	178	0
2547	197	0
2548	185	0
2549	202	0
2550	179	0
2551	191	0
2552	201	0
2553	207	0
2554	191	0
2555	182	0
2556	203	0
2557	202	0
2558	182	0
2559	192	0
2560	200	0
2561	196	0
2562	179	0
2563	198	0
2564	189	0
2565	212	0
2566	192	0
2567	198	0
2568	199	0
2569	219	0
2570	191	0
2571	176	0
2572	196	0
2573	245	0
2574	186	0
2575	207	0
2576	216	0
2577	201	0
2578	198	0
2579	194	0
2580	201	0
2581	196	0
2582	191	0
2583	213	0
2584	186	0
2585	220	0
2586	219	0
2587	202	0
2588	223	0
2589	201	0
2590	229	0
2591	210	0
2592	233	0
2593	216	0
2594	169	0
2595	210	0
2596	193	0
2597	190	0
2598	182	0
2599	213	0
2600	213	0
2601	179	0
2602	198	0
2603	227	0
2604	198	0
2605	205	0
2606	202	0
2607	198	0
2608	193	0
2609	200	0
2610	215	0
2611	223	0
2612	201	0
2613	215	0
2614	206	0
2615	192	0
2616	192	0
2617	200	0
2618	187	0
2619	226	0
2620	179	0
2621	220	0
2622	193	0
2623	200	0
2624	195	0
2625	197	0
2626	169	0
2627	170	0
2628	186	0
2629	200	0
2630	210	0
2631	194	0
2632	190	0
2633	209	0
2634	189	0
2635	197	0
2636	207	0
2637	197	0
2638	204	0
2639	231	0
2640	222	0
2641	184	0
2642	195	0
2643	175	0
2644	212	0
2645	210	0
2646	200	0
2647	224	0
2648	190	0
2649	193	0
2650	196	0
2651	189	0
2652	193	0
2653	184	0
2654	202	0
2655	185	0
2656	187	0
2657	220	0
2658	197	0
2659	202	0
2660	189	0
2661	211	0
2662	180	0
2663	199	0
2664	204	0
2665	169	0
2666	226	0
2667	197	0
2668	205	0
2669	227	0
2670	203	0
2671	205	0
2672	190	0
2673	194	0
2674	220	0
2675	207	0
2676	191	0
2677	199	0
2678	196	0
2679	186	0
2680	225	0
2681	215	0
2682	185	0
2683	198	0
2684	174	0
2685	211	0
2686	197	0
2687	192	0
2688	208	0
2689	200	0
2690	203	0
2691	205	0
2692	175	0
2693	204	0
2694	201	0
2695	198	0
2696	200	0
2697	201	0
2698	211	0
2699	195	0
2700	183	0
2701	200	0
2702	203	0
2703	188	0
2704	182	0
2705	207	0
2706	189	0
2707	180	0
2708	191	0
2709	186	0
2710	176	0
2711	185	0
2712	207	0
2713	184	0
2714	206	0
2715	187	0
2716	208	0
2717	224	0
2718	205	0
2719	224	0
2720	204	0
2721	209	0
2722	202	0
2723	213	0
2724	214	0
2725	225	0
2726	178	0
2727	205	0
2728	186	0
2729	191	0
2730	204	0
2731	209	0
2732	179	0
2733	184	0
2734	186	0
2735	219	0
2736	208	0
2737	207	0
2738	238	0
2739	215	0
2740	180	0
2741	207	0
2742	194	0
2743	189	0
2744	208	0
2745	177	0
2746	181	0
2747	194	0
2748	194	0
2749	208	0
2750	184	0
2751	168	0
2752	197	0
2753	195	0
2754	218	0
2755	202	0
2756	204	0
2757	171	0
2758	210	0
2759	174	0
2760	205	0
2761	229	0
2762	187	0
2763	171	0
2764	192	0
2765	198	0
2766	221	0
2767	204	0
2768	190	0
2769	205	0
2770	201	0
2771	179	0
2772	196	0
2773	224	0
2774	198	0
2775	220	0
2776	206	0
2777	209	0
2778	192	0
2779	176	0
2780	192	0
2781	215	0
2782	212	0
2783	217	0
2784	203	0
2785	190	0
2786	206	0
2787	183	0
2788	176	0
2789	179	0
2790	199	0
2791	217	0
2792	198	0
2793	176	0
2794	179	0
2795	184	0
2796	209	0
2797	176	0
2798	184	0
2799	178	0
2800	186	0
2801	175	0
2802	191	0
2803	177	0
2804	222	0
2805	200	0
2806	214	0
2807	205	0
2808	189	0
2809	200	0
2810	182	0
2811	236	0
2812	201	0
2813	210	0
2814	205	0
2815	226	0
2816	189	0
2817	210	0
2818	185	0
2819	210	0
2820	177	0
2821	168	0
2822	209	0
2823	201	0
2824	216	0
2825	184	0
2826	210	0
2827	189	0
2828	211	0
2829	216	0
2830	198	0
2831	208	0
2832	210	0
2833	195	0
2834	199	0
2835	181	0
2836	187	0
2837	173	0
2838	203	0
2839	194	0
2840	183	0
2841	200	0
2842	193	0
2843	211	0
2844	199	0
2845	209	0
2846	187	0
2847	207	0
2848	214	0
2849	186	0
2850	187	0
2851	209	0
2852	190	0
2853	193	0
2854	201	0
2855	179	0
2856	202	0
2857	201	0
2858	156	0
2859	223	0
2860	187	0
2861	202	0
2862	197	0
2863	197	0
2864	214	0
2865	209	0
2866	190	0
2867	205	0
2868	190	0
2869	171	0
2870	198	0
2871	188	0
2872	193	0
2873	208	0
2874	193	0
2875	172	0
2876	217	0
2877	199	0
2878	228	0
2879	210	0
2880	199	0
2881	197	0
2882	177	0
2883	231	0
2884	229	0
2885	200	0
2886	183	0
2887	206	0
2888	196	0
2889	208	0
2890	197	0
2891	210	0
2892	219	0
2893	217	0
2894	190	0
2895	199	0
2896	199	0
2897	184	0
2898	205	0
2899	209	0
2900	208	0
2901	192	0
2902	202	0
2903	211	0
2904	192	0
2905	215	0
2906	206	0
2907	218	0
2908	208	0
2909	199	0
2910	189	0
2911	195	0
2912	209	0
2913	190	0
2914	204	0
2915	206	0
2916	175	0
2917	185	0
2918	182	0
2919	209	0
2920	204	0
2921	218	0
2922	187	0
2923	222	0
2924	183	0
2925	216	0
2926	206	0
2927	205	0
2928	199	0
2929	205	0
2930	199	0
2931	202	0
2932	184	0
2933	191	0
2934	222	0
2935	223	0
2936	205	0
2937	217	0
2938	209	0
2939	169	0
2940	174	0
2941	179	0
2942	192	0
2943	220	0
2944	218	0
2945	194	0
2946	202	0
2947	204	0
2948	196	0
2949	210	0
2950	201	0
2951	190	0
2952	203	0
2953	194	0
2954	205	0
2955	195	0
2956	184	0
2957	196	0
2958	189	0
2959	196	0
2960	193	0
2961	188	0
2962	215	0
2963	183	0
2964	217	0
2965	205	0
2966	216	0
2967	196	0
2968	212	0
2969	194	0
2970	207	0
2971	195	0
2972	188	0
2973	206	0
2974	188	0
2975	211	0
2976	189	0
2977	200	0
2978	200	0
2979	222	0
2980	193	0
2981	218	0
2982	206	0
2983	187	0
2984	197	0
2985	199	0
2986	194	0
2987	190	0
2988	201	0
2989	181	0
2990	199	0
2991	211	0
2992	204	0
2993	196	0
2994	186	0
2995	212	0
2996	162	0
2997	195	0
2998	187	0
2999	245	0
3000	187	0
