1	187	0
2	181	0
3	214	0
4	183	0
5	204	0
6	219	0
7	190	0
8	193	0
9	224	0
10	212	0
11	197	0
12	201	0
13	206	0
14	186	0
15	192	0
16	206	0
17	213	0
18	210	0
19	183	0
20	203	0
21	190	0
22	209	0
23	183	0
24	192	0
25	197	0
26	183	0
27	198	0
28	202	0
29	227	0
30	191	0
31	197	0
32	204	0
33	187	0
34	193	0
35	166	0
36	216	0
37	207	0
38	188	0
39	213	0
40	219	0
41	191	0
42	195	0
43	220	0
44	200	0
45	214	0
46	197	0
47	182	0
48	201	0
49	234	0
50	201	0
51	212	0
52	207	0
53	191	0
54	190	0
55	209	0
56	216	0
57	236	0
58	164	0
59	218	0
60	199	0
61	189	0
62	200	0
63	206	0
64	214	0
65	204	0
66	196	0
67	193	0
68	209	0
69	197	0
70	181	0
71	240	0
72	216	0
73	195	0
74	214	0
75	209	0
76	215	0
77	227	0
78	203	0
79	227	0
80	181	0
81	215	0
82	194	0
83	198	0
84	200	0
85	196	0
86	217	0
87	185	0
88	238	0
89	187	0
90	217	0
91	210	0
92	190	0
93	207	0
94	210	0
95	181	0
96	193	0
97	203	0
98	201	0
99	181	0
100	210	0
101	194	0
102	219	0
103	206	0
104	205	0
105	199	0
106	193	0
107	214	0
108	236	0
109	214	0
110	201	0
111	209	0
112	201	0
113	207	0
114	209	0
115	214	0
116	215	0
117	212	0
118	199	0
119	204	0
120	199	0
121	216	0
122	209	0
123	170	0
124	178	0
125	207	0
126	202	0
127	194	0
128	229	0
129	193	0
130	181	0
131	201	0
132	174	0
133	211	0
134	204	0
135	193	0
136	206	0
137	196	0
138	205	0
139	186	0
140	171	0
141	212	0
142	201	0
143	190	0
144	200	0
145	211	0
146	169	0
147	177	0
148	182	0
149	205	0
150	194	0
151	181	0
152	192	0
153	190	0
154	195	0
155	168	0
156	200	0
157	226	0
158	185	0
159	172	0
160	189	0
161	190	0
162	204	0
163	215	0
164	205	0
165	190	0
166	198	0
167	167	0
168	199	0
169	199	0
170	195	0
171	181	0
172	181	0
173	193	0
174	205	0
175	198	0
176	173	0
177	190	0
178	220	0
179	204	0
180	214	0
181	205	0
182	214	0
183	211	0
184	214	0
185	197	0
186	217	0
187	189	0
188	200	0
189	179	0
190	198	0
191	201	0
192	188	0
193	205	0
194	211	0
195	207	0
196	207	0
197	221	0
198	213	0
199	202	0
200	195	0
201	189	0
202	181	0
203	209	0
204	225	0
205	237	0
206	165	0
207	202	0
208	201	0
209	207	0
210	199	0
211	181	0
212	207	0
213	184	0
214	202	0
215	199	0
216	195	0
217	206	0
218	208	0
219	209	0
220	186	0
221	201	0
222	192	0
223	164	0
224	211	0
225	232	0
226	195	0
227	195	0
228	180	0
229	203	0
230	184	0
231	200	0
232	180	0
233	196	0
234	173	0
235	189	0
236	187	0
237	196	0
238	186	0
239	193	0
240	229	0
241	223	0
242	202	0
243	221	0
244	209	0
245	222	0
246	188	0
247	189	0
248	188	0
249	213	0
250	195	0
251	212	0
252	197	0
253	213	0
254	185	0
255	205	0
256	193	0
257	178	0
258	190	0
259	201	0
260	191	0
261	217	0
262	181	0
263	201	0
264	209	0
265	186	0
266	237	0
267	183	0
268	199	0
269	204	0
270	203	0
271	170	0
272	210	0
273	185	0
274	187	0
275	207	0
276	228	0
277	183	0
278	200	0
279	202	0
280	221	0
281	179	0
282	214	0
283	180	0
284	190	0
285	197	0
286	202	0
287	216	0
288	191	0
289	202	0
290	211	0
291	188	0
292	198	0
293	206	0
294	199	0
295	184	0
296	195	0
297	212	0
298	205	0
299	218	0
300	189	0
301	191	0
302	198	0
303	189	0
304	184	0
305	197	0
306	192	0
307	213	0
308	237	0
309	228	0
310	188	0
311	235	0
312	198	0
313	190	0
314	229	0
315	199	0
316	212	0
317	202	0
318	208	0
319	190	0
320	212	0
321	215	0
322	197	0
323	210	0
324	197	0
325	186	0
326	214	0
327	210	0
328	193	0
329	198	0
330	200	0
331	199	0
332	177	0
333	202	0
334	189	0
335	207	0
336	185	0
337	178	0
338	203	0
339	189	0
340	214	0
341	212	0
342	195	0
343	186	0
344	211	0
345	194	0
346	219	0
347	207	0
348	210	0
349	202	0
350	194	0
351	198	0
352	197	0
353	230	0
354	207	0
355	188	0
356	210	0
357	201	0
358	189	0
359	210	0
360	215	0
361	204	0
362	218	0
363	197	0
364	169	0
365	211	0
366	186	0
367	211	0
368	197	0
369	232	0
370	196	0
371	189	0
372	216	0
373	196	0
374	198	0
375	205	0
376	190	0
377	189	0
378	183	0
379	218	0
380	181	0
381	194	0
382	196	0
383	198	0
384	186	0
385	184	0
386	212	0
387	229	0
388	193	0
389	193	0
390	206	0
391	213	0
392	199	0
393	200	0
394	182	0
395	205	0
396	213	0
397	197	0
398	215	0
399	205	0
400	223	0
401	217	0
402	196	0
403	218	0
404	180	0
405	215	0
406	217	0
407	181	0
408	199	0
409	187	0
410	202	0
411	192	0
412	184	0
413	202	0
414	208	0
415	204	0
416	184	0
417	192	0
418	182	0
419	216	0
420	185	0
421	212	0
422	200	0
423	221	0
424	224	0
425	211	0
426	225	0
427	207	0
428	200	0
429	208	0
430	215	0
431	186	0
432	193	0
433	193	0
434	204	0
435	212	0
436	200	0
437	195	0
438	205	0
439	210	0
440	217	0
441	197	0
442	213	0
443	200	0
444	180	0
445	190	0
446	216	0
447	219	0
448	197	0
449	229	0
450	213	0
451	180	0
452	180	0
453	197	0
454	208	0
455	188	0
456	197	0
457	201	0
458	188	0
459	224	0
460	209	0
461	212	0
462	188	0
463	198	0
464	190	0
465	189	0
466	195	0
467	174	0
468	180	0
469	217	0
470	198	0
471	197	0
472	195	0
473	227	0
474	196	0
475	223	0
476	210	0
477	193	0
478	230	0
479	235	0
480	230	0
481	214	0
482	208	0
483	208	0
484	187	0
485	176	0
486	196	0
487	214	0
488	201	0
489	200	0
490	185	0
491	203	0
492	226	0
493	219	0
494	191	0
495	211	0
496	197	0
497	213	0
498	209	0
499	188	0
500	217	0
501	225	0
502	216	0
503	202	0
504	198	0
505	196	0
506	192	0
507	215	0
508	193	0
509	221	0
510	170	0
511	184	0
512	209	0
513	211	0
514	211	0
515	182	0
516	200	0
517	210	0
518	188	0
519	212	0
520	195	0
521	202	0
522	205	0
523	212	0
524	204	0
525	194	0
526	221	0
527	175	0
528	208	0
529	223	0
530	207	0
531	234	0
532	199	0
533	212	0
534	220	0
535	221	0
536	213	0
537	220	0
538	193	0
539	206	0
540	205	0
541	201	0
542	209	0
543	179	0
544	191	0
545	196	0
546	213	0
547	184	0
548	211	0
549	200	0
550	212	0
551	224	0
552	203	0
553	197	0
554	212	0
555	206	0
556	203	0
557	221	0
558	192	0
559	197	0
560	212	0
561	196	0
562	202	0
563	199	0
564	217	0
565	200	0
566	196	0
567	202	0
568	191	0
569	177	0
570	227	0
571	204	0
572	231	0
573	210	0
574	219	0
575	206	0
576	193	0
577	190	0
578	208	0
579	199	0
580	208	0
581	178	0
582	191	0
583	181	0
584	188	0
585	206	0
586	209	0
587	182	0
588	204	0
589	164	0
590	189	0
591	182	0
592	213	0
593	240	0
594	189	0
595	172	0
596	219	0
597	197	0
598	208	0
599	183	0
600	202	0
601	216	0
602	227	0
603	198	0
604	192	0
605	191	0
606	184	0
607	204	0
608	198	0
609	178	0
610	198	0
611	184	0
612	196	0
613	198	0
614	179	0
615	205	0
616	210	0
617	172	0
618	188	0
619	195	0
620	191	0
621	205	0
622	183	0
623	213	0
624	195	0
625	205	0
626	223	0
627	187	0
628	189	0
629	216	0
630	215	0
631	189	0
632	190	0
633	183	0
634	179	0
635	235	0
636	241	0
637	184	0
638	209	0
639	197	0
640	208	0
641	212	0
642	191	0
643	200	0
644	198	0
645	216	0
646	221	0
647	205	0
648	204	0
649	222	0
650	215	0
651	161	0
652	178	0
653	189	0
654	179	0
655	169	0
656	228	0
657	192	0
658	223	0
659	193	0
660	201	0
661	217	0
662	178	0
663	210	0
664	192	0
665	207	0
666	179	0
667	185	0
668	202	0
669	184	0
670	182	0
671	201	0
672	215	0
673	197	0
674	191	0
675	185	0
676	210	0
677	189	0
678	180	0
679	201	0
680	199	0
681	200	0
682	205	0
683	182	0
684	181	0
685	203	0
686	209	0
687	187	0
688	192	0
689	201	0
690	185	0
691	206	0
692	221	0
693	220	0
694	196	0
695	231	0
696	218	0
697	193	0
698	180	0
699	204	0
700	215	0
701	210	0
702	215	0
703	184	0
704	188	0
705	201	0
706	204	0
707	186	0
708	188	0
709	202	0
710	219	0
711	181	0
712	194	0
713	175	0
714	213	0
715	214	0
716	206	0
717	211	0
718	213	0
719	172	0
720	212	0
721	193	0
722	165	0
723	238	0
724	204	0
725	228	0
726	209	0
727	220	0
728	201	0
729	202	0
730	191	0
731	208	0
732	220	0
733	185	0
734	200	0
735	197	0
736	210	0
737	192	0
738	200	0
739	183	0
740	195	0
741	213	0
742	251	0
743	225	0
744	197	0
745	215	0
746	199	0
747	188	0
748	209	0
749	189	0
750	174	0
751	184	0
752	202	0
753	202	0
754	246	0
755	215	0
756	199	0
757	189	0
758	189	0
759	230	0
760	209	0
761	216	0
762	203	0
763	213	0
764	205	0
765	199	0
766	177	0
767	181	0
768	216	0
769	215	0
770	186	0
771	216	0
772	233	0
773	214	0
774	204	0
775	204	0
776	197	0
777	205	0
778	214	0
779	189	0
780	213	0
781	219	0
782	184	0
783	207	0
784	209	0
785	208	0
786	186	0
787	220	0
788	193	0
789	202	0
790	216	0
791	182	0
792	178	0
793	184	0
794	196	0
795	204	0
796	192	0
797	197	0
798	205	0
799	191	0
800	192	0
801	216	0
802	177	0
803	207	0
804	195	0
805	192	0
806	197	0
807	183	0
808	192	0
809	190	0
810	184	0
811	194	0
812	196	0
813	220	0
814	219	0
815	194	0
816	197	0
817	204	0
818	201	0
819	229	0
820	195	0
821	194	0
822	192	0
823	209	0
824	207	0
825	195	0
826	179	0
827	211	0
828	198	0
829	199	0
830	191	0
831	179	0
832	188	0
833	192	0
834	200	0
835	190	0
836	202	0
837	226	0
838	204	0
839	194	0
840	206	0
841	211	0
842	192	0
843	192	0
844	198	0
845	183	0
846	195	0
847	205	0
848	208	0
849	201	0
850	186	0
851	204	0
852	221	0
853	217	0
854	214	0
855	209	0
856	209	0
857	196	0
858	206	0
859	189	0
860	195	0
861	212	0
862	172	0
863	215	0
864	210	0
865	195	0
866	210	0
867	192	0
868	179	0
869	222	0
870	179	0
871	198	0
872	171	0
873	192	0
874	211	0
875	219	0
876	177	0
877	196	0
878	227	0
879	209	0
880	204	0
881	200	0
882	204	0
883	213	0
884	207	0
885	215	0
886	191	0
887	213	0
888	212	0
889	192	0
890	192	0
891	187	0
892	195	0
893	200	0
894	208	0
895	173	0
896	181	0
897	196	0
898	202	0
899	181	0
900	206	0
901	172	0
902	168	0
903	194	0
904	196	0
905	191	0
906	176	0
907	192	0
908	206	0
909	196	0
910	215	0
911	179	0
912	192	0
913	199	0
914	221	0
915	197	0
916	186	0
917	200	0
918	204	0
919	224	0
920	209	0
921	212	0
922	227	0
923	211	0
924	203	0
925	194	0
926	215	0
927	201	0
928	223	0
929	181	0
930	189	0
931	224	0
932	206	0
933	225	0
934	211	0
935	216	0
936	189	0
937	181	0
938	210	0
939	225	0
940	193	0
941	196	0
942	180	0
943	197	0
944	211	0
945	212	0
946	190	0
947	184	0
948	196	0
949	205	0
950	175	0
951	181	0
952	196	0
953	190	0
954	205	0
955	177	0
956	167	0
957	213	0
958	188	0
959	208	0
960	211	0
961	193	0
962	212	0
963	221	0
964	205	0
965	193	0
966	206	0
967	195	0
968	197	0
969	184	0
970	174	0
971	228	0
972	170	0
973	206	0
974	191	0
975	191	0
976	196	0
977	195	0
978	207	0
979	185	0
980	175	0
981	206	0
982	230	0
983	200	0
984	180	0
985	199	0
986	207	0
987	189	0
988	203	0
989	193	0
990	210	0
991	185	0
992	180	0
993	210	0
994	222	0
995	189	0
996	206	0
997	211	0
998	197	0
999	194	0
1000	194	0
1001	188	0
1002	199	0
1003	198	0
1004	194	0
1005	191	0
1006	216	0
1007	187	0
1008	194	0
1009	192	0
1010	185	0
1011	195	0
1012	217	0
1013	205	0
1014	209	0
1015	179	0
1016	204	0
1017	206	0
1018	184	0
1019	180	0
1020	231	0
1021	185	0
1022	200	0
1023	193	0
1024	224	0
1025	186	0
1026	162	0
1027	225	0
1028	215	0
1029	213	0
1030	205	0
1031	193	0
1032	196	0
1033	206	0
1034	208	0
1035	213	0
1036	195	0
1037	213	0
1038	205	0
1039	211	0
1040	199	0
1041	192	0
1042	197	0
1043	172	0
1044	188	0
1045	187	0
1046	206	0
1047	186	0
1048	217	0
1049	202	0
1050	184	0
1051	193	0
1052	212	0
1053	204	0
1054	202	0
1055	181	0
1056	190	0
1057	184	0
1058	209	0
1059	175	0
1060	208	0
1061	216	0
1062	216	0
1063	202	0
1064	204	0
1065	192	0
1066	203	0
1067	200	0
1068	188	0
1069	207	0
1070	190	0
1071	199	0
1072	193	0
1073	202	0
1074	191	0
1075	201	0
1076	217	0
1077	199	0
1078	191	0
1079	225	0
1080	196	0
1081	205	0
1082	207	0
1083	192	0
1084	198	0
1085	200	0
1086	208	0
1087	173	0
1088	191	0
1089	216	0
1090	209	0
1091	196	0
1092	191	0
1093	191	0
1094	202	0
1095	192	0
1096	220	0
1097	201	0
1098	180	0
1099	199	0
1100	198	0
1101	202	0
1102	169	0
1103	218	0
1104	206	0
1105	204	0
1106	205	0
1107	216	0
1108	216	0
1109	209	0
1110	214	0
1111	202	0
1112	175	0
1113	209	0
1114	189	0
1115	204	0
1116	187	0
1117	213	0
1118	193	0
1119	198	0
1120	215	0
1121	183	0
1122	200	0
1123	207	0
1124	192	0
1125	205	0
1126	213	0
1127	211	0
1128	211	0
1129	193	0
1130	205	0
1131	171	0
1132	196	0
1133	204	0
1134	216	0
1135	198	0
1136	202	0
1137	201	0
1138	201	0
1139	198	0
1140	205	0
1141	201	0
1142	218	0
1143	177	0
1144	181	0
1145	205	0
1146	187	0
1147	208	0
1148	180	0
1149	204	0
1150	197	0
1151	199	0
1152	214	0
1153	197	0
1154	206	0
1155	217	0
1156	205	0
1157	221	0
1158	224	0
1159	211	0
1160	179	0
1161	210	0
1162	217	0
1163	231	0
1164	194	0
1165	207	0
1166	210	0
1167	201	0
1168	208	0
1169	216	0
1170	177	0
1171	191	0
1172	171	0
1173	218	0
1174	186	0
1175	169	0
1176	215	0
1177	193	0
1178	212	0
1179	185	0
1180	218	0
1181	221	0
1182	208	0
1183	209	0
1184	197	0
1185	187	0
1186	195	0
1187	168	0
1188	182	0
1189	191	0
1190	223	0
1191	206	0
1192	219	0
1193	212	0
1194	213	0
1195	198	0
1196	218	0
1197	193	0
1198	217	0
1199	205	0
1200	206	0
1201	193	0
1202	193	0
1203	181	0
1204	176	0
1205	196	0
1206	211	0
1207	202	0
1208	195	0
1209	219	0
1210	199	0
1211	196	0
1212	221	0
1213	229	0
1214	215	0
1215	197	0
1216	209	0
1217	198	0
1218	217	0
1219	196	0
1220	202	0
1221	193	0
1222	207	0
1223	193	0
1224	202	0
1225	191	0
1226	210	0
1227	184	0
1228	183	0
1229	193	0
1230	208	0
1231	213	0
1232	164	0
1233	213	0
1234	201	0
1235	204	0
1236	208	0
1237	181	0
1238	204	0
1239	201	0
1240	208	0
1241	166	0
1242	194	0
1243	209	0
1244	194	0
1245	186	0
1246	195	0
1247	203	0
1248	174	0
1249	179	0
1250	213	0
1251	210	0
1252	211	0
1253	217	0
1254	205	0
1255	209	0
1256	192	0
1257	199	0
1258	182	0
1259	186	0
1260	185	0
1261	181	0
1262	183	0
1263	183	0
1264	205	0
1265	213	0
1266	193	0
1267	211	0
1268	206	0
1269	199	0
1270	172	0
1271	208	0
1272	206	0
1273	211	0
1274	199	0
1275	211	0
1276	196	0
1277	217	0
1278	199	0
1279	204	0
1280	192	0
1281	191	0
1282	193	0
1283	179	0
1284	187	0
1285	206	0
1286	232	0
1287	186	0
1288	193	0
1289	173	0
1290	196	0
1291	200	0
1292	204	0
1293	204	0
1294	244	0
1295	198	0
1296	184	0
1297	211	0
1298	222	0
1299	215	0
1300	192	0
1301	213	0
1302	208	0
1303	213	0
1304	214	0
1305	217	0
1306	186	0
1307	213	0
1308	217	0
1309	206	0
1310	183	0
1311	234	0
1312	180	0
1313	201	0
1314	202	0
1315	202	0
1316	205	0
1317	208	0
1318	188	0
1319	213	0
1320	206	0
1321	173	0
1322	185	0
1323	184	0
1324	199	0
1325	199	0
1326	235	0
1327	214	0
1328	205	0
1329	198	0
1330	212	0
1331	215	0
1332	191	0
1333	215	0
1334	210	0
1335	198	0
1336	173	0
1337	190	0
1338	220	0
1339	215	0
1340	222	0
1341	209	0
1342	184	0
1343	196	0
1344	201	0
1345	202	0
1346	212	0
1347	193	0
1348	184	0
1349	185	0
1350	190	0
1351	178	0
1352	231	0
1353	202	0
1354	190	0
1355	187	0
1356	174	0
1357	189	0
1358	189	0
1359	179	0
1360	218	0
1361	212	0
1362	195	0
1363	213	0
1364	195	0
1365	196	0
1366	195	0
1367	208	0
1368	203	0
1369	183	0
1370	215	0
1371	179	0
1372	157	0
1373	184	0
1374	185	0
1375	223	0
1376	188	0
1377	217	0
1378	200	0
1379	192	0
1380	196	0
1381	219	0
1382	212	0
1383	220	0
1384	166	0
1385	177	0
1386	207	0
1387	214	0
1388	212	0
1389	207	0
1390	203	0
1391	198	0
1392	198	0
1393	205	0
1394	187	0
1395	187	0
1396	233	0
1397	192	0
1398	218	0
1399	195	0
1400	221	0
1401	192	0
1402	192	0
1403	205	0
1404	194	0
1405	197	0
1406	198	0
1407	193	0
1408	184	0
1409	197	0
1410	190	0
1411	203	0
1412	183	0
1413	206	0
1414	211	0
1415	179	0
1416	215	0
1417	200	0
1418	247	0
1419	207	0
1420	229	0
1421	210	0
1422	191	0
1423	217	0
1424	195	0
1425	206	0
1426	205	0
1427	202	0
1428	209	0
1429	210	0
1430	192	0
1431	223	0
1432	204	0
1433	215	0
1434	230	0
1435	183	0
1436	215	0
1437	200	0
1438	184	0
1439	186	0
1440	221	0
1441	180	0
1442	210	0
1443	212	0
1444	205	0
1445	185	0
1446	174	0
1447	195	0
1448	205	0
1449	183	0
1450	220	0
1451	194	0
1452	196	0
1453	190	0
1454	211	0
1455	211	0
1456	208	0
1457	198	0
1458	190	0
1459	216	0
1460	190	0
1461	194	0
1462	209	0
1463	200	0
1464	182	0
1465	189	0
1466	194	0
1467	204	0
1468	211	0
1469	199	0
1470	194	0
1471	181	0
1472	212	0
1473	191	0
1474	199	0
1475	205	0
1476	230	0
1477	204	0
1478	210	0
1479	204	0
1480	186	0
1481	204	0
1482	207	0
1483	211	0
1484	214	0
1485	201	0
1486	176	0
1487	192	0
1488	195	0
1489	186	0
1490	204	0
1491	205	0
1492	206	0
1493	180	0
1494	201	0
1495	204	0
1496	217	0
1497	230	0
1498	208	0
1499	227	0
1500	186	0
1501	193	0
1502	197	0
1503	191	0
1504	210	0
1505	227	0
1506	184	0
1507	222	0
1508	177	0
1509	195	0
1510	226	0
1511	201	0
1512	187	0
1513	212	0
1514	185	0
1515	207	0
1516	186	0
1517	195	0
1518	220	0
1519	200	0
1520	223	0
1521	194	0
1522	168	0
1523	206	0
1524	209	0
1525	191	0
1526	189	0
1527	189	0
1528	234	0
1529	196	0
1530	204	0
1531	179	0
1532	211	0
1533	217	0
1534	177	0
1535	187	0
1536	220	0
1537	203	0
1538	191	0
1539	197	0
1540	175	0
1541	212	0
1542	193	0
1543	181	0
1544	200	0
1545	190	0
1546	190	0
1547	187	0
1548	207	0
1549	213	0
1550	199	0
1551	181	0
1552	218	0
1553	183	0
1554	210	0
1555	214	0
1556	172	0
1557	171	0
1558	193	0
1559	177	0
1560	202	0
1561	196	0
1562	179	0
1563	232	0
1564	187	0
1565	202	0
1566	186	0
1567	220	0
1568	189	0
1569	190	0
1570	206	0
1571	184	0
1572	215	0
1573	203	0
1574	210	0
1575	201	0
1576	186	0
1577	184	0
1578	204	0
1579	188	0
1580	196	0
1581	213	0
1582	214	0
1583	196	0
1584	190	0
1585	201	0
1586	208	0
1587	230	0
1588	195	0
1589	186	0
1590	207	0
1591	191	0
1592	235	0
1593	196	0
1594	197	0
1595	191	0
1596	214	0
1597	209	0
1598	187	0
1599	200	0
1600	217	0
1601	209	0
1602	189	0
1603	199	0
1604	193	0
1605	194	0
1606	201	0
1607	195	0
1608	183	0
1609	198	0
1610	177	0
1611	222	0
1612	190	0
1613	201	0
1614	210	0
1615	209	0
1616	198	0
1617	200	0
1618	193	0
1619	163	0
1620	178	0
1621	203	0
1622	213	0
1623	201	0
1624	203	0
1625	196	0
1626	200	0
1627	186	0
1628	179	0
1629	210	0
1630	206	0
1631	184	0
1632	196	0
1633	207	0
1634	198	0
1635	215	0
1636	204	0
1637	202	0
1638	186	0
1639	177	0
1640	204	0
1641	206	0
1642	194	0
1643	188	0
1644	203	0
1645	194	0
1646	199	0
1647	212	0
1648	187	0
1649	215	0
1650	225	0
1651	209	0
1652	195	0
1653	197	0
1654	205	0
1655	211	0
1656	195	0
1657	206	0
1658	185	0
1659	201	0
1660	194	0
1661	199	0
1662	201	0
1663	166	0
1664	194	0
1665	189	0
1666	225	0
1667	209	0
1668	207	0
1669	192	0
1670	210	0
1671	209	0
1672	209	0
1673	209	0
1674	197	0
1675	193	0
1676	201	0
1677	181	0
1678	222	0
1679	201	0
1680	187	0
1681	204	0
1682	192	0
1683	190	0
1684	223	0
1685	208	0
1686	192	0
1687	204	0
1688	181	0
1689	196	0
1690	200	0
1691	209	0
1692	171	0
1693	209	0
1694	202	0
1695	218	0
1696	197	0
1697	190	0
1698	231	0
1699	212	0
1700	189	0
1701	205	0
1702	211	0
1703	197	0
1704	194	0
1705	228	0
1706	222	0
1707	185	0
1708	197	0
1709	212	0
1710	213	0
1711	195	0
1712	201	0
1713	203	0
1714	178	0
1715	182	0
1716	197	0
1717	196	0
1718	210	0
1719	216	0
1720	204	0
1721	226	0
1722	187	0
1723	177	0
1724	195	0
1725	197	0
1726	201	0
1727	195	0
1728	199	0
1729	196	0
1730	207	0
1731	193	0
1732	213	0
1733	208	0
1734	215	0
1735	193	0
1736	197	0
1737	187	0
1738	180	0
1739	174	0
1740	177	0
1741	177	0
1742	205	0
1743	203	0
1744	201	0
1745	226	0
1746	220	0
1747	208	0
1748	207	0
1749	214	0
1750	204	0
1751	212	0
1752	192	0
1753	194	0
1754	211	0
1755	182	0
1756	204	0
1757	194	0
1758	178	0
1759	194	0
1760	208	0
1761	193	0
1762	193	0
1763	171	0
1764	228	0
1765	210	0
1766	196	0
1767	191	0
1768	222	0
1769	192	0
1770	207	0
1771	224	0
1772	204	0
1773	208	0
1774	213	0
1775	212	0
1776	237	0
1777	203	0
1778	192	0
1779	202	0
1780	198	0
1781	202	0
1782	227	0
1783	205	0
1784	208	0
1785	196	0
1786	190	0
1787	203	0
1788	183	0
1789	198	0
1790	211	0
1791	195	0
1792	228	0
1793	192	0
1794	189	0
1795	185	0
1796	202	0
1797	207	0
1798	181	0
1799	209	0
1800	204	0
1801	214	0
1802	213	0
1803	180	0
1804	188	0
1805	201	0
1806	215	0
1807	191	0
1808	196	0
1809	183	0
1810	208	0
1811	174	0
1812	186	0
1813	220	0
1814	180	0
1815	214	0
1816	219	0
1817	206	0
1818	207	0
1819	189	0
1820	197	0
1821	187	0
1822	206	0
1823	202	0
1824	208	0
1825	191	0
1826	201	0
1827	187	0
1828	214	0
1829	190	0
1830	188	0
1831	215	0
1832	208	0
1833	200	0
1834	226	0
1835	208	0
1836	193	0
1837	204	0
1838	192	0
1839	192	0
1840	192	0
1841	189	0
1842	185	0
1843	199	0
1844	181	0
1845	209	0
1846	197	0
1847	189	0
1848	190	0
1849	217	0
1850	192	0
1851	193	0
1852	189	0
1853	202	0
1854	214	0
1855	183	0
1856	222	0
1857	178	0
1858	197	0
1859	198	0
1860	206	0
1861	194	0
1862	220	0
1863	199	0
1864	194	0
1865	201	0
1866	186	0
1867	192	0
1868	187	0
1869	192	0
1870	184	0
1871	191	0
1872	209	0
1873	210	0
1874	220	0
1875	178	0
1876	205	0
1877	199	0
1878	198	0
1879	188	0
1880	192	0
1881	202	0
1882	185	0
1883	221	0
1884	200	0
1885	196	0
1886	211	0
1887	205	0
1888	220	0
1889	196	0
1890	197	0
1891	209	0
1892	181	0
1893	188	0
1894	183	0
1895	186	0
1896	198	0
1897	192	0
1898	191	0
1899	204	0
1900	178	0
1901	210	0
1902	212	0
1903	200	0
1904	178	0
1905	209	0
1906	192	0
1907	193	0
1908	215	0
1909	193	0
1910	177	0
1911	202	0
1912	189	0
1913	212	0
1914	203	0
1915	210	0
1916	195	0
1917	207	0
1918	185	0
1919	196	0
1920	196	0
1921	220	0
1922	198	0
1923	215	0
1924	177	0
1925	197	0
1926	195	0
1927	203	0
1928	214	0
1929	199	0
1930	175	0
1931	196	0
1932	210	0
1933	206	0
1934	184	0
1935	191	0
1936	190	0
1937	206	0
1938	216	0
1939	194	0
1940	231	0
1941	199	0
1942	202	0
1943	208	0
1944	215	0
1945	204	0
1946	210	0
1947	185	0
1948	199	0
1949	215	0
1950	211	0
1951	220	0
1952	209	0
1953	185	0
1954	205	0
1955	207	0
1956	171	0
1957	206	0
1958	214	0
1959	185	0
1960	166	0
1961	187	0
1962	186	0
1963	215	0
1964	210	0
1965	199	0
1966	192	0
1967	211	0
1968	175	0
1969	176	0
1970	201	0
1971	200	0
1972	198	0
1973	169	0
1974	168	0
1975	167	0
1976	182	0
1977	210	0
1978	218	0
1979	186	0
1980	225	0
1981	189	0
1982	208	0
1983	207	0
1984	218	0
1985	223	0
1986	186	0
1987	186	0
1988	196	0
1989	203	0
1990	196	0
1991	197	0
1992	198	0
1993	208	0
1994	189	0
1995	196	0
1996	207	0
1997	196	0
1998	200	0
1999	192	0
2000	203	0
2001	215	0
2002	215	0
2003	201	0
2004	208	0
2005	200	0
2006	177	0
2007	231	0
2008	202	0
2009	203	0
2010	211	0
2011	219	0
2012	186	0
2013	202	0
2014	199	0
2015	201	0
2016	220	0
2017	195	0
2018	193	0
2019	205	0
2020	215	0
2021	196	0
2022	193	0
2023	188	0
2024	216	0
2025	193	0
2026	187	0
2027	195	0
2028	192	0
2029	192	0
2030	194	0
2031	234	0
2032	204	0
2033	208	0
2034	189	0
2035	194	0
2036	212	0
2037	231	0
2038	213	0
2039	191	0
2040	194	0
2041	193	0
2042	201	0
2043	187	0
2044	192	0
2045	210	0
2046	196	0
2047	185	0
2048	224	0
2049	192	0
2050	176	0
2051	199	0
2052	212	0
2053	186	0
2054	171	0
2055	178	0
2056	213	0
2057	173	0
2058	204	0
2059	204	0
2060	197	0
2061	216	0
2062	229	0
2063	186	0
2064	198	0
2065	207	0
2066	185	0
2067	204	0
2068	192	0
2069	172	0
2070	237	0
2071	199	0
2072	219	0
2073	209	0
2074	197	0
2075	200	0
2076	208	0
2077	180	0
2078	195	0
2079	191	0
2080	191	0
2081	180	0
2082	199	0
2083	182	0
2084	209	0
2085	204	0
2086	222	0
2087	214	0
2088	223	0
2089	199	0
2090	200	0
2091	207	0
2092	248	0
2093	187	0
2094	188	0
2095	214	0
2096	204	0
2097	191	0
2098	206	0
2099	191	0
2100	195	0
2101	205	0
2102	185	0
2103	209	0
2104	229	0
2105	201	0
2106	227	0
2107	208	0
2108	195	0
2109	172	0
2110	190	0
2111	199	0
2112	197	0
2113	209	0
2114	219	0
2115	227	0
2116	182	0
2117	199	0
2118	195	0
2119	194	0
2120	188	0
2121	200	0
2122	200	0
2123	214	0
2124	204	0
2125	194	0
2126	203	0
2127	199	0
2128	191	0
2129	185	0
2130	221	0
2131	192	0
2132	222	0
2133	188	0
2134	206	0
2135	188	0
2136	210	0
2137	214	0
2138	192	0
2139	189	0
2140	181	0
2141	206	0
2142	203	0
2143	221	0
2144	191	0
2145	208	0
2146	231	0
2147	215	0
2148	213	0
2149	195	0
2150	189	0
2151	193	0
2152	185	0
2153	207	0
2154	174	0
2155	187	0
2156	209	0
2157	203	0
2158	186	0
2159	196	0
2160	219	0
2161	177	0
2162	211	0
2163	182	0
2164	182	0
2165	176	0
2166	203	0
2167	189	0
2168	211	0
2169	208	0
2170	191	0
2171	194	0
2172	168	0
2173	191	0
2174	214	0
2175	199	0
2176	231	0
2177	193	0
2178	195	0
2179	224	0
2180	178	0
2181	184	0
2182	205	0
2183	199	0
2184	205	0
2185	188	0
2186	181	0
2187	177	0
2188	179	0
2189	213	0
2190	196	0
2191	201	0
2192	182	0
2193	180	0
2194	200	0
2195	191	0
2196	212	0
2197	214	0
2198	199	0
2199	221	0
2200	200	0
2201	171	0
2202	181	0
2203	207	0
2204	212	0
2205	171	0
2206	186	0
2207	234	0
2208	215	0
2209	187	0
2210	178	0
2211	238	0
2212	175	0
2213	220	0
2214	201	0
2215	197	0
2216	211	0
2217	186	0
2218	193	0
2219	192	0
2220	176	0
2221	203	0
2222	196	0
2223	191	0
2224	198	0
2225	199	0
2226	212	0
2227	200	0
2228	204	0
2229	206	0
2230	197	0
2231	188	0
2232	199	0
2233	173	0
2234	201	0
2235	171	0
2236	178	0
2237	194	0
2238	195	0
2239	199	0
2240	201	0
2241	198	0
2242	176	0
2243	210	0
2244	179	0
2245	207	0
2246	200	0
2247	221	0
2248	219	0
2249	205	0
2250	204	0
2251	212	0
2252	191	0
2253	185	0
2254	206	0
2255	204	0
2256	198	0
2257	224	0
2258	215	0
2259	192	0
2260	208	0
2261	208	0
2262	216	0
2263	190	0
2264	206	0
2265	207	0
2266	211	0
2267	214	0
2268	179	0
2269	209	0
2270	193	0
2271	178	0
2272	189	0
2273	204	0
2274	195	0
2275	195	0
2276	182	0
2277	168	0
2278	203	0
2279	206	0
2280	205	0
2281	212	0
2282	175	0
2283	200	0
2284	202	0
2285	201	0
2286	199	0
2287	210	0
2288	204	0
2289	178	0
2290	200	0
2291	186	0
2292	189	0
2293	212	0
2294	183	0
2295	212	0
2296	203	0
2297	188	0
2298	213	0
2299	193	0
2300	200	0
2301	224	0
2302	195	0
2303	215	0
2304	182	0
2305	189	0
2306	183	0
2307	181	0
2308	199	0
2309	207	0
2310	179	0
2311	178	0
2312	204	0
2313	209	0
2314	211	0
2315	204	0
2316	185	0
2317	197	0
2318	208	0
2319	192	0
2320	201	0
2321	199	0
2322	193	0
2323	192	0
2324	190	0
2325	196	0
2326	187	0
2327	187	0
2328	223	0
2329	212	0
2330	229	0
2331	199	0
2332	194	0
2333	201	0
2334	193	0
2335	186	0
2336	178	0
2337	194	0
2338	194	0
2339	191	0
2340	219	0
2341	187	0
2342	210	0
2343	176	0
2344	184	0
2345	218	0
2346	215	0
2347	196	0
2348	208	0
2349	223	0
2350	207	0
2351	240	0
2352	172	0
2353	205	0
2354	207	0
2355	192	0
2356	208	0
2357	195	0
2358	207	0
2359	199	0
2360	189	0
2361	230	0
2362	206	0
2363	188	0
2364	193	0
2365	214	0
2366	185	0
2367	218	0
2368	176	0
2369	215	0
2370	191	0
2371	219	0
2372	218	0
2373	194	0
2374	207	0
2375	208	0
2376	192	0
2377	190	0
2378	199	0
2379	168	0
2380	187	0
2381	210	0
2382	212	0
2383	223	0
2384	223	0
2385	178	0
2386	188	0
2387	222	0
2388	178	0
2389	211	0
2390	198	0
2391	192	0
2392	200	0
2393	187	0
2394	204	0
2395	187	0
2396	214	0
2397	202	0
2398	197	0
2399	188	0
2400	210	0
2401	207	0
2402	220	0
2403	177	0
2404	210	0
2405	203	0
2406	205	0
2407	217	0
2408	220	0
2409	215	0
2410	185	0
2411	212	0
2412	219	0
2413	197	0
2414	191	0
2415	201	0
2416	197	0
2417	190	0
2418	197	0
2419	225	0
2420	189	0
2421	198	0
2422	189	0
2423	184	0
2424	194	0
2425	180	0
2426	200	0
2427	206	0
2428	216	0
2429	189	0
2430	194	0
2431	188	0
2432	198	0
2433	177	0
2434	187	0
2435	239	0
2436	165	0
2437	190	0
2438	197	0
2439	202	0
2440	201	0
2441	191	0
2442	207	0
2443	202	0
2444	203	0
2445	223	0
2446	208	0
2447	217	0
2448	207	0
2449	205	0
2450	194	0
2451	206	0
2452	200	0
2453	178	0
2454	181	0
2455	197	0
2456	207	0
2457	190	0
2458	225	0
2459	194	0
2460	201	0
2461	192	0
2462	221	0
2463	198	0
2464	192	0
2465	200	0
2466	199	0
2467	176	0
2468	207	0
2469	232	0
2470	193	0
2471	196	0
2472	212	0
2473	200	0
2474	201	0
2475	198	0
2476	210	0
2477	220	0
2478	174	0
2479	215	0
2480	194	0
2481	198	0
2482	199	0
2483	220	0
2484	225	0
2485	212	0
2486	194	0
2487	177	0
2488	210	0
2489	200	0
2490	194	0
2491	225	0
2492	199	0
2493	201	0
2494	182	0
2495	196	0
2496	194	0
2497	197	0
2498	189	0
2499	218	0
2500	181	0
2501	224	0
2502	188	0
2503	205	0
2504	218	0
2505	186	0
2506	220	0
2507	202	0
2508	198	0
2509	228	0
2510	199	0
2511	199	0
2512	221	0
2513	198	0
2514	214	0
2515	209	0
2516	211	0
2517	195	0
2518	179	0
2519	180	0
2520	217	0
2521	193	0
2522	239	0
2523	212	0
2524	160	0
2525	217	0
2526	179	0
2527	185	0
2528	222	0
2529	222	0
2530	229	0
2531	211	0
2532	174	0
2533	214	0
2534	196	0
2535	157	0
2536	225	0
2537	198	0
2538	193	0
2539	195	0
2540	207	0
2541	200	0
2542	210	0
2543	211	0
2544	194	0
2545	217	0
2546	192	0
2547	207	0
2548	190	0
2549	195	0
2550	193	0
2551	204	0
2552	201	0
2553	205	0
2554	188	0
2555	203	0
2556	201	0
2557	196	0
2558	215	0
2559	182	0
2560	210	0
2561	193	0
2562	232	0
2563	188	0
2564	170	0
2565	198	0
2566	187	0
2567	200	0
2568	191	0
2569	193	0
2570	221	0
2571	179	0
2572	197	0
2573	227	0
2574	178	0
2575	213	0
2576	200	0
2577	253	0
2578	194	0
2579	206	0
2580	201	0
2581	212	0
2582	200	0
2583	217	0
2584	199	0
2585	194	0
2586	205	0
2587	211	0
2588	209	0
2589	221	0
2590	189	0
2591	217	0
2592	201	0
2593	190	0
2594	217	0
2595	195	0
2596	184	0
2597	218	0
2598	189	0
2599	200	0
2600	217	0
2601	204	0
2602	205	0
2603	213	0
2604	225	0
2605	199	0
2606	207	0
2607	223	0
2608	193	0
2609	201	0
2610	185	0
2611	199	0
2612	184	0
2613	207	0
2614	219	0
2615	227	0
2616	196	0
2617	199	0
2618	196	0
2619	167	0
2620	212	0
2621	199	0
2622	188	0
2623	187	0
2624	212	0
2625	211	0
2626	188	0
2627	226	0
2628	201	0
2629	218	0
2630	194	0
2631	189	0
2632	198	0
2633	177	0
2634	240	0
2635	194	0
2636	215	0
2637	190	0
2638	193	0
2639	215	0
2640	177	0
2641	193	0
2642	186	0
2643	167	0
2644	203	0
2645	195	0
2646	195	0
2647	199	0
2648	224	0
2649	210	0
2650	189	0
2651	202	0
2652	198	0
2653	215	0
2654	193	0
2655	232	0
2656	179	0
2657	220	0
2658	170	0
2659	170	0
2660	183	0
2661	174	0
2662	206	0
2663	195	0
2664	207	0
2665	193	0
2666	198	0
2667	213	0
2668	199	0
2669	196	0
2670	187	0
2671	179	0
2672	199	0
2673	223	0
2674	216	0
2675	199	0
2676	198	0
2677	234	0
2678	194	0
2679	215	0
2680	189	0
2681	208	0
2682	204	0
2683	178	0
2684	226	0
2685	216	0
2686	178	0
2687	204	0
2688	208	0
2689	212	0
2690	205	0
2691	198	0
2692	220	0
2693	188	0
2694	216	0
2695	195	0
2696	211	0
2697	191	0
2698	195	0
2699	165	0
2700	215	0
2701	203	0
2702	226	0
2703	210	0
2704	218	0
2705	219	0
2706	196	0
2707	227	0
2708	219	0
2709	206	0
2710	164	0
2711	196	0
2712	224	0
2713	198	0
2714	200	0
2715	210	0
2716	199	0
2717	209	0
2718	220	0
2719	213	0
2720	206	0
2721	197	0
2722	195	0
2723	207	0
2724	205	0
2725	219	0
2726	203	0
2727	217	0
2728	207	0
2729	191	0
2730	214	0
2731	191	0
2732	210	0
2733	224	0
2734	202	0
2735	197	0
2736	191	0
2737	201	0
2738	205	0
2739	210	0
2740	208	0
2741	201	0
2742	195	0
2743	199	0
2744	225	0
2745	203	0
2746	186	0
2747	201	0
2748	193	0
2749	198	0
2750	209	0
2751	194	0
2752	188	0
2753	220	0
2754	203	0
2755	209	0
2756	231	0
2757	221	0
2758	208	0
2759	203	0
2760	212	0
2761	203	0
2762	209	0
2763	195	0
2764	212	0
2765	192	0
2766	197	0
2767	193	0
2768	197	0
2769	162	0
2770	231	0
2771	204	0
2772	209	0
2773	201	0
2774	197	0
2775	187	0
2776	218	0
2777	185	0
2778	181	0
2779	200	0
2780	221	0
2781	193	0
2782	200	0
2783	193	0
2784	207	0
2785	210	0
2786	215	0
2787	202	0
2788	180	0
2789	203	0
2790	216	0
2791	208	0
2792	212	0
2793	199	0
2794	208	0
2795	196	0
2796	189	0
2797	188	0
2798	209	0
2799	192	0
2800	179	0
2801	227	0
2802	211	0
2803	214	0
2804	205	0
2805	197	0
2806	192	0
2807	191	0
2808	192	0
2809	188	0
2810	198	0
2811	196	0
2812	193	0
2813	185	0
2814	206	0
2815	210	0
2816	223	0
2817	189	0
2818	202	0
2819	225	0
2820	179	0
2821	220	0
2822	183	0
2823	165	0
2824	190	0
2825	217	0
2826	205	0
2827	218	0
2828	188	0
2829	212	0
2830	229	0
2831	209	0
2832	207	0
2833	199	0
2834	214	0
2835	207	0
2836	197	0
2837	188	0
2838	226	0
2839	186	0
2840	194	0
2841	210	0
2842	201	0
2843	194	0
2844	176	0
2845	221	0
2846	201	0
2847	212	0
2848	205	0
2849	213	0
2850	205	0
2851	205	0
2852	202	0
2853	237	0
2854	217	0
2855	190	0
2856	209	0
2857	192	0
2858	196	0
2859	208	0
2860	221	0
2861	162	0
2862	206	0
2863	190	0
2864	195	0
2865	186	0
2866	200	0
2867	189	0
2868	209	0
2869	209	0
2870	196	0
2871	195	0
2872	199	0
2873	203	0
2874	180	0
2875	185	0
2876	214	0
2877	203	0
2878	194	0
2879	171	0
2880	202	0
2881	191	0
2882	184	0
2883	217	0
2884	217	0
2885	185	0
2886	193	0
2887	191	0
2888	198	0
2889	218	0
2890	208	0
2891	194	0
2892	191	0
2893	200	0
2894	176	0
2895	193	0
2896	195	0
2897	183	0
2898	165	0
2899	215	0
2900	202	0
2901	206	0
2902	214	0
2903	203	0
2904	196	0
2905	209	0
2906	198	0
2907	195	0
2908	208	0
2909	209	0
2910	186	0
2911	200	0
2912	213	0
2913	212	0
2914	215	0
2915	199	0
2916	191	0
2917	212	0
2918	208	0
2919	222	0
2920	212	0
2921	199	0
2922	188	0
2923	188	0
2924	211	0
2925	186	0
2926	198	0
2927	217	0
2928	223	0
2929	195	0
2930	206	0
2931	213	0
2932	214	0
2933	177	0
2934	230	0
2935	186	0
2936	184	0
2937	214	0
2938	188	0
2939	195	0
2940	193	0
2941	181	0
2942	195	0
2943	191	0
2944	194	0
2945	199	0
2946	196	0
2947	207	0
2948	205	0
2949	204	0
2950	188	0
2951	217	0
2952	198	0
2953	210	0
2954	197	0
2955	198	0
2956	189	0
2957	214	0
2958	226	0
2959	213	0
2960	205	0
2961	207	0
2962	179	0
2963	200	0
2964	198	0
2965	214	0
2966	208	0
2967	172	0
2968	186	0
2969	209	0
2970	200	0
2971	218	0
2972	190	0
2973	228	0
2974	198	0
2975	171	0
2976	188	0
2977	213	0
2978	183	0
2979	206	0
2980	211	0
2981	174	0
2982	180	0
2983	193	0
2984	167	0
2985	192	0
2986	205	0
2987	192	0
2988	193	0
2989	189	0
2990	192	0
2991	191	0
2992	205	0
2993	206	0
2994	209	0
2995	220	0
2996	204	0
2997	195	0
2998	204	0
2999	204	0
3000	185	0
