1	170	0
2	208	0
3	242	0
4	188	0
5	212	0
6	208	0
7	173	0
8	190	0
9	232	0
10	204	0
11	184	0
12	211	0
13	196	0
14	190	0
15	210	0
16	173	0
17	217	0
18	180	0
19	178	0
20	203	0
21	196	0
22	219	0
23	208	0
24	194	0
25	191	0
26	189	0
27	186	0
28	214	0
29	210	0
30	200	0
31	214	0
32	185	0
33	177	0
34	199	0
35	212	0
36	199	0
37	162	0
38	188	0
39	203	0
40	203	0
41	214	0
42	205	0
43	188	0
44	206	0
45	206	0
46	175	0
47	224	0
48	196	0
49	204	0
50	214	0
51	208	0
52	188	0
53	199	0
54	183	0
55	194	0
56	184	0
57	204	0
58	191	0
59	217	0
60	197	0
61	186	0
62	214	0
63	211	0
64	187	0
65	209	0
66	190	0
67	215	0
68	189	0
69	191	0
70	193	0
71	195	0
72	204	0
73	192	0
74	198	0
75	203	0
76	183	0
77	177	0
78	216	0
79	208	0
80	198	0
81	180	0
82	199	0
83	185	0
84	196	0
85	191	0
86	186	0
87	179	0
88	214	0
89	212	0
90	197	0
91	191	0
92	214	0
93	198	0
94	201	0
95	190	0
96	209	0
97	176	0
98	181	0
99	206	0
100	180	0
101	186	0
102	199	0
103	206	0
104	174	0
105	198	0
106	194	0
107	200	0
108	180	0
109	188	0
110	203	0
111	205	0
112	179	0
113	185	0
114	180	0
115	211	0
116	199	0
117	167	0
118	196	0
119	198	0
120	194	0
121	216	0
122	192	0
123	224	0
124	217	0
125	200	0
126	195	0
127	207	0
128	202	0
129	202	0
130	189	0
131	189	0
132	195	0
133	198	0
134	211	0
135	190	0
136	215	0
137	201	0
138	207	0
139	176	0
140	225	0
141	197	0
142	216	0
143	201	0
144	212	0
145	193	0
146	199	0
147	211	0
148	195	0
149	191	0
150	182	0
151	217	0
152	199	0
153	204	0
154	183	0
155	188	0
156	204	0
157	218	0
158	206	0
159	173	0
160	208	0
161	216	0
162	194	0
163	184	0
164	166	0
165	201	0
166	196	0
167	169	0
168	211	0
169	207	0
170	194	0
171	197	0
172	197	0
173	219	0
174	197	0
175	198	0
176	217	0
177	200	0
178	200	0
179	196	0
180	184	0
181	190	0
182	171	0
183	196	0
184	187	0
185	189	0
186	187	0
187	191	0
188	203	0
189	211	0
190	204	0
191	189	0
192	205	0
193	190	0
194	206	0
195	200	0
196	193	0
197	210	0
198	213	0
199	197	0
200	200	0
201	198	0
202	211	0
203	207	0
204	188	0
205	208	0
206	195	0
207	215	0
208	163	0
209	177	0
210	199	0
211	201	0
212	193	0
213	194	0
214	211	0
215	210	0
216	186	0
217	195	0
218	216	0
219	205	0
220	193	0
221	208	0
222	176	0
223	175	0
224	237	0
225	198	0
226	204	0
227	188	0
228	205	0
229	205	0
230	205	0
231	186	0
232	229	0
233	189	0
234	236	0
235	212	0
236	226	0
237	212	0
238	192	0
239	207	0
240	208	0
241	168	0
242	162	0
243	192	0
244	180	0
245	219	0
246	205	0
247	201	0
248	210	0
249	193	0
250	174	0
251	189	0
252	193	0
253	193	0
254	209	0
255	178	0
256	214	0
257	202	0
258	194	0
259	195	0
260	211	0
261	205	0
262	200	0
263	179	0
264	196	0
265	190	0
266	215	0
267	180	0
268	193	0
269	175	0
270	201	0
271	213	0
272	197	0
273	198	0
274	195	0
275	198	0
276	180	0
277	204	0
278	184	0
279	149	0
280	201	0
281	200	0
282	213	0
283	191	0
284	222	0
285	198	0
286	192	0
287	179	0
288	221	0
289	184	0
290	208	0
291	192	0
292	204	0
293	188	0
294	189	0
295	223	0
296	189	0
297	191	0
298	221	0
299	177	0
300	226	0
301	201	0
302	192	0
303	193	0
304	219	0
305	185	0
306	196	0
307	213	0
308	203	0
309	191	0
310	191	0
311	201	0
312	196	0
313	197	0
314	185	0
315	199	0
316	187	0
317	181	0
318	201	0
319	205	0
320	179	0
321	177	0
322	169	0
323	180	0
324	186	0
325	204	0
326	184	0
327	214	0
328	201	0
329	176	0
330	170	0
331	195	0
332	221	0
333	179	0
334	202	0
335	211	0
336	193	0
337	194	0
338	197	0
339	191	0
340	215	0
341	174	0
342	200	0
343	193	0
344	205	0
345	203	0
346	195	0
347	206	0
348	203	0
349	219	0
350	182	0
351	229	0
352	196	0
353	220	0
354	207	0
355	179	0
356	217	0
357	182	0
358	179	0
359	198	0
360	207	0
361	205	0
362	208	0
363	209	0
364	217	0
365	193	0
366	204	0
367	199	0
368	190	0
369	195	0
370	213	0
371	201	0
372	210	0
373	203	0
374	196	0
375	213	0
376	190	0
377	192	0
378	213	0
379	213	0
380	210	0
381	186	0
382	193	0
383	190	0
384	210	0
385	188	0
386	212	0
387	185	0
388	201	0
389	172	0
390	208	0
391	203	0
392	167	0
393	198	0
394	201	0
395	177	0
396	182	0
397	188	0
398	206	0
399	175	0
400	212	0
401	190	0
402	173	0
403	197	0
404	165	0
405	225	0
406	218	0
407	203	0
408	225	0
409	186	0
410	206	0
411	223	0
412	184	0
413	187	0
414	177	0
415	168	0
416	195	0
417	192	0
418	201	0
419	205	0
420	186	0
421	192	0
422	192	0
423	203	0
424	177	0
425	209	0
426	198	0
427	205	0
428	225	0
429	206	0
430	170	0
431	215	0
432	204	0
433	228	0
434	185	0
435	197	0
436	212	0
437	199	0
438	205	0
439	220	0
440	188	0
441	199	0
442	197	0
443	208	0
444	199	0
445	168	0
446	185	0
447	185	0
448	209	0
449	195	0
450	202	0
451	209	0
452	195	0
453	177	0
454	206	0
455	198	0
456	196	0
457	206	0
458	221	0
459	204	0
460	207	0
461	166	0
462	204	0
463	197	0
464	226	0
465	197	0
466	192	0
467	193	0
468	167	0
469	172	0
470	216	0
471	189	0
472	184	0
473	196	0
474	197	0
475	209	0
476	185	0
477	192	0
478	196	0
479	175	0
480	228	0
481	182	0
482	225	0
483	203	0
484	191	0
485	179	0
486	198	0
487	189	0
488	181	0
489	181	0
490	188	0
491	201	0
492	206	0
493	209	0
494	219	0
495	216	0
496	217	0
497	200	0
498	192	0
499	214	0
500	183	0
501	175	0
502	190	0
503	183	0
504	207	0
505	211	0
506	218	0
507	215	0
508	207	0
509	211	0
510	187	0
511	184	0
512	197	0
513	195	0
514	200	0
515	188	0
516	223	0
517	201	0
518	190	0
519	192	0
520	211	0
521	201	0
522	196	0
523	209	0
524	209	0
525	196	0
526	193	0
527	190	0
528	204	0
529	210	0
530	187	0
531	193	0
532	217	0
533	206	0
534	233	0
535	192	0
536	201	0
537	220	0
538	192	0
539	208	0
540	222	0
541	198	0
542	219	0
543	210	0
544	155	0
545	185	0
546	205	0
547	185	0
548	209	0
549	207	0
550	193	0
551	173	0
552	199	0
553	186	0
554	174	0
555	196	0
556	191	0
557	205	0
558	185	0
559	225	0
560	193	0
561	197	0
562	194	0
563	223	0
564	199	0
565	195	0
566	207	0
567	206	0
568	252	0
569	200	0
570	182	0
571	187	0
572	215	0
573	200	0
574	193	0
575	199	0
576	198	0
577	212	0
578	199	0
579	177	0
580	192	0
581	197	0
582	210	0
583	201	0
584	196	0
585	196	0
586	196	0
587	202	0
588	225	0
589	201	0
590	190	0
591	193	0
592	189	0
593	182	0
594	210	0
595	196	0
596	195	0
597	191	0
598	193	0
599	174	0
600	201	0
601	199	0
602	191	0
603	209	0
604	181	0
605	207	0
606	191	0
607	189	0
608	203	0
609	211	0
610	222	0
611	195	0
612	185	0
613	197	0
614	189	0
615	189	0
616	192	0
617	185	0
618	213	0
619	194	0
620	191	0
621	184	0
622	182	0
623	194	0
624	183	0
625	213	0
626	198	0
627	226	0
628	203	0
629	183	0
630	219	0
631	209	0
632	166	0
633	201	0
634	192	0
635	184	0
636	197	0
637	203	0
638	206	0
639	189	0
640	222	0
641	218	0
642	196	0
643	192	0
644	189	0
645	184	0
646	210	0
647	171	0
648	201	0
649	227	0
650	192	0
651	167	0
652	202	0
653	205	0
654	206	0
655	204	0
656	195	0
657	224	0
658	188	0
659	217	0
660	191	0
661	177	0
662	184	0
663	195	0
664	205	0
665	190	0
666	181	0
667	206	0
668	223	0
669	197	0
670	152	0
671	213	0
672	196	0
673	206	0
674	200	0
675	203	0
676	198	0
677	185	0
678	220	0
679	204	0
680	197	0
681	189	0
682	202	0
683	188	0
684	180	0
685	195	0
686	206	0
687	192	0
688	199	0
689	207	0
690	199	0
691	208	0
692	212	0
693	179	0
694	210	0
695	210	0
696	222	0
697	178	0
698	222	0
699	225	0
700	202	0
701	192	0
702	237	0
703	187	0
704	191	0
705	175	0
706	198	0
707	243	0
708	192	0
709	221	0
710	189	0
711	213	0
712	193	0
713	206	0
714	177	0
715	203	0
716	219	0
717	182	0
718	193	0
719	204	0
720	203	0
721	200	0
722	199	0
723	194	0
724	197	0
725	179	0
726	212	0
727	205	0
728	206	0
729	200	0
730	217	0
731	198	0
732	192	0
733	218	0
734	214	0
735	200	0
736	217	0
737	187	0
738	197	0
739	194	0
740	182	0
741	201	0
742	201	0
743	186	0
744	186	0
745	205	0
746	206	0
747	208	0
748	204	0
749	189	0
750	216	0
751	198	0
752	195	0
753	180	0
754	225	0
755	191	0
756	189	0
757	169	0
758	219	0
759	192	0
760	229	0
761	164	0
762	181	0
763	166	0
764	173	0
765	220	0
766	201	0
767	200	0
768	210	0
769	176	0
770	204	0
771	212	0
772	198	0
773	206	0
774	209	0
775	181	0
776	182	0
777	199	0
778	210	0
779	197	0
780	218	0
781	222	0
782	221	0
783	202	0
784	213	0
785	213	0
786	212	0
787	187	0
788	209	0
789	186	0
790	234	0
791	200	0
792	213	0
793	220	0
794	186	0
795	177	0
796	226	0
797	193	0
798	181	0
799	186	0
800	190	0
801	200	0
802	185	0
803	184	0
804	201	0
805	188	0
806	184	0
807	191	0
808	149	0
809	192	0
810	202	0
811	208	0
812	216	0
813	207	0
814	204	0
815	192	0
816	196	0
817	197	0
818	176	0
819	209	0
820	214	0
821	200	0
822	207	0
823	211	0
824	201	0
825	187	0
826	221	0
827	196	0
828	196	0
829	203	0
830	194	0
831	187	0
832	190	0
833	222	0
834	203	0
835	181	0
836	177	0
837	195	0
838	187	0
839	198	0
840	198	0
841	219	0
842	186	0
843	160	0
844	201	0
845	204	0
846	217	0
847	202	0
848	192	0
849	202	0
850	175	0
851	169	0
852	224	0
853	187	0
854	189	0
855	210	0
856	184	0
857	205	0
858	174	0
859	203	0
860	212	0
861	199	0
862	198	0
863	218	0
864	202	0
865	210	0
866	225	0
867	201	0
868	195	0
869	207	0
870	191	0
871	223	0
872	188	0
873	191	0
874	190	0
875	186	0
876	217	0
877	216	0
878	186	0
879	229	0
880	201	0
881	202	0
882	208	0
883	194	0
884	206	0
885	185	0
886	223	0
887	198	0
888	189	0
889	185	0
890	190	0
891	186	0
892	210	0
893	202	0
894	202	0
895	220	0
896	214	0
897	188	0
898	222	0
899	192	0
900	226	0
901	196	0
902	185	0
903	188	0
904	185	0
905	211	0
906	173	0
907	219	0
908	205	0
909	201	0
910	192	0
911	199	0
912	230	0
913	205	0
914	231	0
915	231	0
916	195	0
917	199	0
918	199	0
919	201	0
920	198	0
921	199	0
922	180	0
923	168	0
924	210	0
925	197	0
926	205	0
927	203	0
928	200	0
929	212	0
930	213	0
931	190	0
932	179	0
933	177	0
934	184	0
935	196	0
936	196	0
937	181	0
938	184	0
939	203	0
940	195	0
941	201	0
942	201	0
943	204	0
944	189	0
945	203	0
946	171	0
947	165	0
948	179	0
949	187	0
950	197	0
951	196	0
952	224	0
953	197	0
954	224	0
955	188	0
956	201	0
957	183	0
958	195	0
959	199	0
960	208	0
961	191	0
962	177	0
963	207	0
964	211	0
965	198	0
966	193	0
967	181	0
968	186	0
969	185	0
970	171	0
971	188	0
972	193	0
973	233	0
974	182	0
975	210	0
976	189	0
977	208	0
978	218	0
979	203	0
980	186	0
981	198	0
982	205	0
983	202	0
984	204	0
985	208	0
986	193	0
987	187	0
988	205	0
989	204	0
990	223	0
991	190	0
992	191	0
993	213	0
994	182	0
995	193	0
996	199	0
997	191	0
998	193	0
999	186	0
1000	205	0
1001	194	0
1002	183	0
1003	202	0
1004	191	0
1005	192	0
1006	178	0
1007	209	0
1008	219	0
1009	207	0
1010	176	0
1011	219	0
1012	214	0
1013	185	0
1014	196	0
1015	213	0
1016	226	0
1017	195	0
1018	179	0
1019	203	0
1020	200	0
1021	206	0
1022	205	0
1023	228	0
1024	171	0
1025	190	0
1026	184	0
1027	203	0
1028	207	0
1029	185	0
1030	194	0
1031	193	0
1032	226	0
1033	208	0
1034	212	0
1035	193	0
1036	202	0
1037	198	0
1038	215	0
1039	197	0
1040	199	0
1041	197	0
1042	192	0
1043	190	0
1044	197	0
1045	200	0
1046	193	0
1047	204	0
1048	188	0
1049	179	0
1050	168	0
1051	201	0
1052	210	0
1053	214	0
1054	185	0
1055	184	0
1056	194	0
1057	205	0
1058	186	0
1059	203	0
1060	195	0
1061	185	0
1062	191	0
1063	211	0
1064	213	0
1065	206	0
1066	171	0
1067	195	0
1068	209	0
1069	195	0
1070	198	0
1071	216	0
1072	191	0
1073	209	0
1074	195	0
1075	221	0
1076	196	0
1077	198	0
1078	179	0
1079	198	0
1080	194	0
1081	203	0
1082	183	0
1083	202	0
1084	208	0
1085	199	0
1086	207	0
1087	189	0
1088	184	0
1089	186	0
1090	193	0
1091	212	0
1092	230	0
1093	193	0
1094	207	0
1095	201	0
1096	185	0
1097	197	0
1098	215	0
1099	197	0
1100	190	0
1101	169	0
1102	195	0
1103	203	0
1104	188	0
1105	178	0
1106	217	0
1107	207	0
1108	197	0
1109	189	0
1110	204	0
1111	162	0
1112	193	0
1113	191	0
1114	196	0
1115	206	0
1116	195	0
1117	204	0
1118	198	0
1119	196	0
1120	228	0
1121	179	0
1122	201	0
1123	183	0
1124	204	0
1125	209	0
1126	195	0
1127	192	0
1128	182	0
1129	208	0
1130	227	0
1131	175	0
1132	202	0
1133	202	0
1134	186	0
1135	216	0
1136	180	0
1137	238	0
1138	193	0
1139	178	0
1140	197	0
1141	206	0
1142	188	0
1143	204	0
1144	206	0
1145	202	0
1146	185	0
1147	224	0
1148	184	0
1149	177	0
1150	205	0
1151	199	0
1152	190	0
1153	230	0
1154	202	0
1155	193	0
1156	186	0
1157	186	0
1158	210	0
1159	186	0
1160	208	0
1161	186	0
1162	184	0
1163	192	0
1164	195	0
1165	225	0
1166	203	0
1167	189	0
1168	241	0
1169	201	0
1170	211	0
1171	214	0
1172	203	0
1173	182	0
1174	202	0
1175	199	0
1176	181	0
1177	204	0
1178	171	0
1179	207	0
1180	214	0
1181	166	0
1182	206	0
1183	214	0
1184	187	0
1185	181	0
1186	200	0
1187	211	0
1188	193	0
1189	198	0
1190	169	0
1191	205	0
1192	202	0
1193	186	0
1194	180	0
1195	187	0
1196	220	0
1197	212	0
1198	201	0
1199	183	0
1200	217	0
1201	188	0
1202	174	0
1203	220	0
1204	191	0
1205	195	0
1206	209	0
1207	198	0
1208	189	0
1209	184	0
1210	174	0
1211	203	0
1212	188	0
1213	187	0
1214	208	0
1215	190	0
1216	171	0
1217	221	0
1218	202	0
1219	202	0
1220	181	0
1221	191	0
1222	188	0
1223	204	0
1224	187	0
1225	209	0
1226	185	0
1227	206	0
1228	190	0
1229	171	0
1230	195	0
1231	203	0
1232	207	0
1233	187	0
1234	203	0
1235	196	0
1236	192	0
1237	202	0
1238	183	0
1239	220	0
1240	207	0
1241	192	0
1242	202	0
1243	207	0
1244	210	0
1245	205	0
1246	188	0
1247	186	0
1248	219	0
1249	182	0
1250	185	0
1251	204	0
1252	208	0
1253	184	0
1254	183	0
1255	210	0
1256	209	0
1257	180	0
1258	200	0
1259	177	0
1260	230	0
1261	187	0
1262	199	0
1263	202	0
1264	216	0
1265	199	0
1266	191	0
1267	191	0
1268	198	0
1269	195	0
1270	201	0
1271	208	0
1272	213	0
1273	174	0
1274	229	0
1275	187	0
1276	207	0
1277	192	0
1278	196	0
1279	199	0
1280	182	0
1281	210	0
1282	175	0
1283	176	0
1284	225	0
1285	215	0
1286	186	0
1287	179	0
1288	184	0
1289	189	0
1290	208	0
1291	185	0
1292	197	0
1293	189	0
1294	193	0
1295	186	0
1296	191	0
1297	192	0
1298	212	0
1299	218	0
1300	176	0
1301	221	0
1302	198	0
1303	216	0
1304	209	0
1305	197	0
1306	184	0
1307	183	0
1308	211	0
1309	178	0
1310	222	0
1311	207	0
1312	192	0
1313	221	0
1314	188	0
1315	211	0
1316	207	0
1317	215	0
1318	200	0
1319	203	0
1320	197	0
1321	190	0
1322	175	0
1323	182	0
1324	219	0
1325	196	0
1326	168	0
1327	205	0
1328	199	0
1329	183	0
1330	198	0
1331	195	0
1332	212	0
1333	194	0
1334	221	0
1335	208	0
1336	187	0
1337	192	0
1338	173	0
1339	198	0
1340	185	0
1341	202	0
1342	223	0
1343	206	0
1344	174	0
1345	205	0
1346	167	0
1347	210	0
1348	174	0
1349	231	0
1350	218	0
1351	194	0
1352	200	0
1353	192	0
1354	186	0
1355	197	0
1356	186	0
1357	201	0
1358	180	0
1359	183	0
1360	187	0
1361	190	0
1362	173	0
1363	203	0
1364	197	0
1365	205	0
1366	205	0
1367	197	0
1368	197	0
1369	192	0
1370	212	0
1371	186	0
1372	184	0
1373	168	0
1374	180	0
1375	201	0
1376	197	0
1377	208	0
1378	224	0
1379	197	0
1380	204	0
1381	204	0
1382	180	0
1383	205	0
1384	191	0
1385	216	0
1386	204	0
1387	196	0
1388	200	0
1389	189	0
1390	162	0
1391	217	0
1392	192	0
1393	202	0
1394	207	0
1395	192	0
1396	220	0
1397	195	0
1398	186	0
1399	195	0
1400	211	0
1401	177	0
1402	169	0
1403	193	0
1404	207	0
1405	185	0
1406	219	0
1407	196	0
1408	207	0
1409	218	0
1410	185	0
1411	182	0
1412	181	0
1413	204	0
1414	197	0
1415	194	0
1416	197	0
1417	180	0
1418	216	0
1419	174	0
1420	214	0
1421	223	0
1422	193	0
1423	218	0
1424	179	0
1425	217	0
1426	194	0
1427	183	0
1428	185	0
1429	207	0
1430	189	0
1431	206	0
1432	197	0
1433	193	0
1434	187	0
1435	189	0
1436	194	0
1437	202	0
1438	223	0
1439	198	0
1440	207	0
1441	186	0
1442	193	0
1443	215	0
1444	211	0
1445	202	0
1446	201	0
1447	187	0
1448	215	0
1449	197	0
1450	184	0
1451	206	0
1452	206	0
1453	197	0
1454	189	0
1455	204	0
1456	177	0
1457	205	0
1458	210	0
1459	204	0
1460	206	0
1461	193	0
1462	195	0
1463	172	0
1464	238	0
1465	184	0
1466	220	0
1467	203	0
1468	219	0
1469	168	0
1470	202	0
1471	192	0
1472	169	0
1473	199	0
1474	192	0
1475	207	0
1476	194	0
1477	203	0
1478	212	0
1479	186	0
1480	190	0
1481	202	0
1482	203	0
1483	171	0
1484	184	0
1485	197	0
1486	222	0
1487	171	0
1488	203	0
1489	209	0
1490	195	0
1491	208	0
1492	198	0
1493	195	0
1494	196	0
1495	200	0
1496	183	0
1497	213	0
1498	178	0
1499	188	0
1500	190	0
1501	210	0
1502	238	0
1503	218	0
1504	187	0
1505	217	0
1506	188	0
1507	212	0
1508	194	0
1509	182	0
1510	226	0
1511	199	0
1512	240	0
1513	202	0
1514	183	0
1515	187	0
1516	215	0
1517	185	0
1518	185	0
1519	196	0
1520	188	0
1521	182	0
1522	204	0
1523	207	0
1524	233	0
1525	164	0
1526	204	0
1527	164	0
1528	213	0
1529	198	0
1530	171	0
1531	181	0
1532	172	0
1533	223	0
1534	207	0
1535	197	0
1536	190	0
1537	200	0
1538	197	0
1539	147	0
1540	214	0
1541	203	0
1542	203	0
1543	174	0
1544	202	0
1545	180	0
1546	210	0
1547	178	0
1548	228	0
1549	214	0
1550	199	0
1551	214	0
1552	226	0
1553	203	0
1554	185	0
1555	187	0
1556	190	0
1557	195	0
1558	197	0
1559	195	0
1560	184	0
1561	165	0
1562	207	0
1563	179	0
1564	185	0
1565	198	0
1566	189	0
1567	202	0
1568	182	0
1569	195	0
1570	204	0
1571	184	0
1572	203	0
1573	221	0
1574	199	0
1575	201	0
1576	207	0
1577	215	0
1578	193	0
1579	183	0
1580	192	0
1581	188	0
1582	186	0
1583	163	0
1584	206	0
1585	180	0
1586	173	0
1587	184	0
1588	229	0
1589	218	0
1590	206	0
1591	202	0
1592	207	0
1593	200	0
1594	179	0
1595	175	0
1596	183	0
1597	180	0
1598	208	0
1599	198	0
1600	230	0
1601	194	0
1602	182	0
1603	199	0
1604	189	0
1605	225	0
1606	213	0
1607	203	0
1608	180	0
1609	187	0
1610	214	0
1611	201	0
1612	200	0
1613	205	0
1614	213	0
1615	201	0
1616	201	0
1617	171	0
1618	194	0
1619	192	0
1620	183	0
1621	204	0
1622	205	0
1623	176	0
1624	204	0
1625	206	0
1626	183	0
1627	228	0
1628	201	0
1629	198	0
1630	229	0
1631	200	0
1632	202	0
1633	215	0
1634	173	0
1635	171	0
1636	193	0
1637	200	0
1638	187	0
1639	192	0
1640	204	0
1641	170	0
1642	175	0
1643	212	0
1644	213	0
1645	206	0
1646	180	0
1647	189	0
1648	211	0
1649	169	0
1650	170	0
1651	211	0
1652	213	0
1653	194	0
1654	180	0
1655	194	0
1656	176	0
1657	208	0
1658	191	0
1659	168	0
1660	201	0
1661	198	0
1662	220	0
1663	205	0
1664	189	0
1665	193	0
1666	198	0
1667	213	0
1668	211	0
1669	227	0
1670	212	0
1671	175	0
1672	198	0
1673	220	0
1674	197	0
1675	195	0
1676	205	0
1677	207	0
1678	191	0
1679	188	0
1680	169	0
1681	190	0
1682	200	0
1683	195	0
1684	188	0
1685	179	0
1686	206	0
1687	184	0
1688	214	0
1689	197	0
1690	188	0
1691	183	0
1692	185	0
1693	193	0
1694	208	0
1695	206	0
1696	174	0
1697	181	0
1698	205	0
1699	209	0
1700	190	0
1701	165	0
1702	217	0
1703	231	0
1704	228	0
1705	203	0
1706	192	0
1707	207	0
1708	209	0
1709	191	0
1710	211	0
1711	197	0
1712	200	0
1713	203	0
1714	189	0
1715	217	0
1716	215	0
1717	194	0
1718	209	0
1719	194	0
1720	208	0
1721	203	0
1722	197	0
1723	172	0
1724	197	0
1725	190	0
1726	194	0
1727	215	0
1728	191	0
1729	197	0
1730	205	0
1731	199	0
1732	213	0
1733	187	0
1734	177	0
1735	209	0
1736	207	0
1737	175	0
1738	208	0
1739	171	0
1740	200	0
1741	177	0
1742	208	0
1743	223	0
1744	208	0
1745	208	0
1746	191	0
1747	213	0
1748	204	0
1749	173	0
1750	175	0
1751	191	0
1752	185	0
1753	196	0
1754	196	0
1755	183	0
1756	186	0
1757	179	0
1758	220	0
1759	192	0
1760	192	0
1761	198	0
1762	211	0
1763	191	0
1764	224	0
1765	196	0
1766	202	0
1767	178	0
1768	211	0
1769	225	0
1770	176	0
1771	195	0
1772	203	0
1773	188	0
1774	190	0
1775	213	0
1776	200	0
1777	206	0
1778	184	0
1779	202	0
1780	180	0
1781	221	0
1782	215	0
1783	218	0
1784	169	0
1785	224	0
1786	219	0
1787	182	0
1788	210	0
1789	203	0
1790	216	0
1791	192	0
1792	208	0
1793	189	0
1794	184	0
1795	204	0
1796	207	0
1797	207	0
1798	192	0
1799	199	0
1800	178	0
1801	182	0
1802	211	0
1803	198	0
1804	198	0
1805	206	0
1806	185	0
1807	168	0
1808	174	0
1809	199	0
1810	189	0
1811	188	0
1812	224	0
1813	207	0
1814	165	0
1815	211	0
1816	209	0
1817	205	0
1818	169	0
1819	195	0
1820	192	0
1821	196	0
1822	197	0
1823	191	0
1824	198	0
1825	189	0
1826	196	0
1827	221	0
1828	176	0
1829	198	0
1830	202	0
1831	206	0
1832	193	0
1833	189	0
1834	193	0
1835	183	0
1836	159	0
1837	192	0
1838	194	0
1839	193	0
1840	189	0
1841	207	0
1842	183	0
1843	201	0
1844	200	0
1845	204	0
1846	216	0
1847	214	0
1848	193	0
1849	177	0
1850	203	0
1851	217	0
1852	172	0
1853	211	0
1854	208	0
1855	175	0
1856	228	0
1857	186	0
1858	200	0
1859	179	0
1860	184	0
1861	220	0
1862	190	0
1863	203	0
1864	205	0
1865	201	0
1866	201	0
1867	196	0
1868	206	0
1869	209	0
1870	187	0
1871	184	0
1872	183	0
1873	188	0
1874	220	0
1875	211	0
1876	166	0
1877	205	0
1878	179	0
1879	200	0
1880	210	0
1881	193	0
1882	209	0
1883	178	0
1884	207	0
1885	194	0
1886	158	0
1887	219	0
1888	189	0
1889	191	0
1890	201	0
1891	209	0
1892	200	0
1893	200	0
1894	190	0
1895	189	0
1896	209	0
1897	205	0
1898	174	0
1899	202	0
1900	206	0
1901	208	0
1902	214	0
1903	184	0
1904	186	0
1905	169	0
1906	179	0
1907	181	0
1908	180	0
1909	190	0
1910	216	0
1911	181	0
1912	212	0
1913	185	0
1914	192	0
1915	209	0
1916	217	0
1917	181	0
1918	213	0
1919	166	0
1920	204	0
1921	203	0
1922	205	0
1923	208	0
1924	188	0
1925	213	0
1926	199	0
1927	177	0
1928	187	0
1929	207	0
1930	220	0
1931	188	0
1932	183	0
1933	193	0
1934	207	0
1935	179	0
1936	215	0
1937	186	0
1938	208	0
1939	180	0
1940	193	0
1941	178	0
1942	201	0
1943	197	0
1944	191	0
1945	202	0
1946	197	0
1947	214	0
1948	212	0
1949	195	0
1950	179	0
1951	193	0
1952	193	0
1953	181	0
1954	186	0
1955	198	0
1956	184	0
1957	200	0
1958	182	0
1959	174	0
1960	201	0
1961	217	0
1962	211	0
1963	215	0
1964	209	0
1965	170	0
1966	186	0
1967	166	0
1968	208	0
1969	199	0
1970	191	0
1971	209	0
1972	216	0
1973	181	0
1974	210	0
1975	185	0
1976	186	0
1977	211	0
1978	202	0
1979	197	0
1980	205	0
1981	217	0
1982	198	0
1983	217	0
1984	197	0
1985	182	0
1986	170	0
1987	210	0
1988	194	0
1989	216	0
1990	218	0
1991	191	0
1992	218	0
1993	209	0
1994	166	0
1995	168	0
1996	197	0
1997	193	0
1998	213	0
1999	204	0
2000	215	0
2001	192	0
2002	206	0
2003	202	0
2004	192	0
2005	200	0
2006	184	0
2007	189	0
2008	178	0
2009	193	0
2010	185	0
2011	190	0
2012	226	0
2013	202	0
2014	197	0
2015	206	0
2016	206	0
2017	186	0
2018	197	0
2019	183	0
2020	181	0
2021	185	0
2022	190	0
2023	198	0
2024	201	0
2025	204	0
2026	204	0
2027	221	0
2028	200	0
2029	183	0
2030	193	0
2031	192	0
2032	195	0
2033	188	0
2034	189	0
2035	204	0
2036	183	0
2037	188	0
2038	206	0
2039	163	0
2040	194	0
2041	203	0
2042	197	0
2043	202	0
2044	197	0
2045	203	0
2046	219	0
2047	188	0
2048	229	0
2049	185	0
2050	186	0
2051	195	0
2052	196	0
2053	163	0
2054	195	0
2055	187	0
2056	209	0
2057	193	0
2058	196	0
2059	200	0
2060	238	0
2061	239	0
2062	188	0
2063	200	0
2064	173	0
2065	217	0
2066	219	0
2067	185	0
2068	182	0
2069	206	0
2070	196	0
2071	207	0
2072	219	0
2073	205	0
2074	198	0
2075	179	0
2076	202	0
2077	214	0
2078	201	0
2079	185	0
2080	193	0
2081	196	0
2082	182	0
2083	167	0
2084	218	0
2085	189	0
2086	204	0
2087	197	0
2088	212	0
2089	195	0
2090	186	0
2091	203	0
2092	209	0
2093	199	0
2094	205	0
2095	197	0
2096	184	0
2097	164	0
2098	213	0
2099	194	0
2100	184	0
2101	196	0
2102	178	0
2103	226	0
2104	211	0
2105	195	0
2106	196	0
2107	197	0
2108	186	0
2109	170	0
2110	196	0
2111	189	0
2112	187	0
2113	217	0
2114	193	0
2115	218	0
2116	181	0
2117	201	0
2118	234	0
2119	217	0
2120	205	0
2121	186	0
2122	215	0
2123	208	0
2124	186	0
2125	186	0
2126	197	0
2127	216	0
2128	193	0
2129	204	0
2130	180	0
2131	188	0
2132	208	0
2133	198	0
2134	202	0
2135	208	0
2136	218	0
2137	221	0
2138	191	0
2139	224	0
2140	200	0
2141	214	0
2142	195	0
2143	214	0
2144	187	0
2145	185	0
2146	158	0
2147	183	0
2148	212	0
2149	197	0
2150	216	0
2151	203	0
2152	194	0
2153	196	0
2154	186	0
2155	199	0
2156	214	0
2157	202	0
2158	209	0
2159	205	0
2160	181	0
2161	185	0
2162	190	0
2163	197	0
2164	162	0
2165	169	0
2166	173	0
2167	199	0
2168	204	0
2169	219	0
2170	204	0
2171	198	0
2172	189	0
2173	207	0
2174	178	0
2175	220	0
2176	185	0
2177	171	0
2178	193	0
2179	218	0
2180	198	0
2181	221	0
2182	210	0
2183	211	0
2184	218	0
2185	189	0
2186	170	0
2187	214	0
2188	183	0
2189	200	0
2190	204	0
2191	189	0
2192	223	0
2193	185	0
2194	191	0
2195	195	0
2196	193	0
2197	177	0
2198	208	0
2199	182	0
2200	211	0
2201	202	0
2202	216	0
2203	211	0
2204	201	0
2205	200	0
2206	195	0
2207	196	0
2208	199	0
2209	208	0
2210	182	0
2211	213	0
2212	193	0
2213	207	0
2214	217	0
2215	197	0
2216	164	0
2217	221	0
2218	209	0
2219	198	0
2220	181	0
2221	182	0
2222	159	0
2223	220	0
2224	190	0
2225	216	0
2226	229	0
2227	174	0
2228	190	0
2229	185	0
2230	219	0
2231	175	0
2232	207	0
2233	189	0
2234	218	0
2235	200	0
2236	212	0
2237	182	0
2238	199	0
2239	203	0
2240	172	0
2241	179	0
2242	197	0
2243	205	0
2244	194	0
2245	205	0
2246	189	0
2247	185	0
2248	217	0
2249	202	0
2250	184	0
2251	204	0
2252	191	0
2253	193	0
2254	198	0
2255	189	0
2256	221	0
2257	202	0
2258	189	0
2259	163	0
2260	177	0
2261	205	0
2262	182	0
2263	195	0
2264	195	0
2265	235	0
2266	234	0
2267	192	0
2268	186	0
2269	217	0
2270	210	0
2271	192	0
2272	192	0
2273	200	0
2274	197	0
2275	194	0
2276	197	0
2277	211	0
2278	199	0
2279	211	0
2280	221	0
2281	176	0
2282	203	0
2283	175	0
2284	186	0
2285	198	0
2286	207	0
2287	216	0
2288	198	0
2289	193	0
2290	193	0
2291	202	0
2292	183	0
2293	179	0
2294	224	0
2295	181	0
2296	183	0
2297	211	0
2298	186	0
2299	209	0
2300	209	0
2301	214	0
2302	173	0
2303	212	0
2304	199	0
2305	174	0
2306	211	0
2307	182	0
2308	198	0
2309	170	0
2310	203	0
2311	185	0
2312	203	0
2313	181	0
2314	193	0
2315	185	0
2316	203	0
2317	215	0
2318	194	0
2319	219	0
2320	216	0
2321	181	0
2322	201	0
2323	199	0
2324	207	0
2325	203	0
2326	219	0
2327	182	0
2328	202	0
2329	187	0
2330	198	0
2331	195	0
2332	205	0
2333	215	0
2334	197	0
2335	178	0
2336	214	0
2337	216	0
2338	176	0
2339	207	0
2340	185	0
2341	198	0
2342	207	0
2343	207	0
2344	180	0
2345	231	0
2346	217	0
2347	188	0
2348	172	0
2349	215	0
2350	195	0
2351	181	0
2352	204	0
2353	190	0
2354	190	0
2355	199	0
2356	213	0
2357	186	0
2358	203	0
2359	178	0
2360	176	0
2361	228	0
2362	208	0
2363	195	0
2364	189	0
2365	178	0
2366	180	0
2367	190	0
2368	203	0
2369	205	0
2370	200	0
2371	215	0
2372	182	0
2373	186	0
2374	187	0
2375	200	0
2376	175	0
2377	188	0
2378	204	0
2379	208	0
2380	211	0
2381	199	0
2382	184	0
2383	193	0
2384	176	0
2385	186	0
2386	198	0
2387	201	0
2388	212	0
2389	181	0
2390	198	0
2391	202	0
2392	177	0
2393	200	0
2394	201	0
2395	222	0
2396	205	0
2397	193	0
2398	191	0
2399	213	0
2400	190	0
2401	202	0
2402	202	0
2403	194	0
2404	187	0
2405	192	0
2406	188	0
2407	218	0
2408	180	0
2409	213	0
2410	201	0
2411	210	0
2412	185	0
2413	191	0
2414	206	0
2415	213	0
2416	187	0
2417	217	0
2418	214	0
2419	182	0
2420	212	0
2421	201	0
2422	193	0
2423	198	0
2424	186	0
2425	232	0
2426	208	0
2427	198	0
2428	205	0
2429	205	0
2430	190	0
2431	189	0
2432	220	0
2433	205	0
2434	181	0
2435	186	0
2436	203	0
2437	203	0
2438	204	0
2439	187	0
2440	203	0
2441	199	0
2442	186	0
2443	189	0
2444	201	0
2445	186	0
2446	189	0
2447	214	0
2448	200	0
2449	189	0
2450	197	0
2451	193	0
2452	209	0
2453	195	0
2454	194	0
2455	197	0
2456	201	0
2457	197	0
2458	213	0
2459	207	0
2460	176	0
2461	169	0
2462	228	0
2463	183	0
2464	192	0
2465	193	0
2466	184	0
2467	187	0
2468	214	0
2469	197	0
2470	195	0
2471	197	0
2472	204	0
2473	194	0
2474	212	0
2475	202	0
2476	203	0
2477	203	0
2478	207	0
2479	207	0
2480	178	0
2481	198	0
2482	163	0
2483	219	0
2484	194	0
2485	190	0
2486	206	0
2487	185	0
2488	231	0
2489	187	0
2490	205	0
2491	186	0
2492	211	0
2493	169	0
2494	173	0
2495	192	0
2496	218	0
2497	215	0
2498	208	0
2499	164	0
2500	224	0
2501	191	0
2502	184	0
2503	196	0
2504	196	0
2505	210	0
2506	187	0
2507	199	0
2508	194	0
2509	171	0
2510	205	0
2511	201	0
2512	176	0
2513	220	0
2514	208	0
2515	191	0
2516	198	0
2517	180	0
2518	213	0
2519	184	0
2520	194	0
2521	202	0
2522	204	0
2523	194	0
2524	182	0
2525	178	0
2526	197	0
2527	189	0
2528	204	0
2529	181	0
2530	217	0
2531	211	0
2532	193	0
2533	186	0
2534	173	0
2535	196	0
2536	214	0
2537	190	0
2538	203	0
2539	206	0
2540	176	0
2541	191	0
2542	195	0
2543	190	0
2544	205	0
2545	207	0
2546	220	0
2547	195	0
2548	194	0
2549	199	0
2550	195	0
2551	199	0
2552	216	0
2553	189	0
2554	208	0
2555	219	0
2556	218	0
2557	204	0
2558	221	0
2559	208	0
2560	188	0
2561	200	0
2562	202	0
2563	191	0
2564	200	0
2565	189	0
2566	227	0
2567	229	0
2568	202	0
2569	186	0
2570	188	0
2571	187	0
2572	201	0
2573	206	0
2574	169	0
2575	236	0
2576	205	0
2577	195	0
2578	190	0
2579	200	0
2580	207	0
2581	201	0
2582	199	0
2583	215	0
2584	198	0
2585	197	0
2586	216	0
2587	197	0
2588	218	0
2589	210	0
2590	188	0
2591	190	0
2592	183	0
2593	183	0
2594	210	0
2595	199	0
2596	174	0
2597	209	0
2598	207	0
2599	211	0
2600	187	0
2601	202	0
2602	180	0
2603	219	0
2604	195	0
2605	184	0
2606	197	0
2607	224	0
2608	196	0
2609	193	0
2610	208	0
2611	177	0
2612	196	0
2613	182	0
2614	197	0
2615	185	0
2616	200	0
2617	187	0
2618	196	0
2619	224	0
2620	212	0
2621	216	0
2622	201	0
2623	198	0
2624	238	0
2625	206	0
2626	167	0
2627	208	0
2628	199	0
2629	206	0
2630	217	0
2631	189	0
2632	210	0
2633	188	0
2634	178	0
2635	202	0
2636	204	0
2637	194	0
2638	189	0
2639	190	0
2640	184	0
2641	209	0
2642	224	0
2643	191	0
2644	214	0
2645	186	0
2646	220	0
2647	183	0
2648	216	0
2649	210	0
2650	173	0
2651	182	0
2652	217	0
2653	181	0
2654	208	0
2655	173	0
2656	199	0
2657	208	0
2658	203	0
2659	185	0
2660	210	0
2661	201	0
2662	234	0
2663	208	0
2664	217	0
2665	202	0
2666	203	0
2667	210	0
2668	210	0
2669	200	0
2670	188	0
2671	199	0
2672	202	0
2673	189	0
2674	206	0
2675	192	0
2676	177	0
2677	192	0
2678	200	0
2679	184	0
2680	188	0
2681	202	0
2682	192	0
2683	213	0
2684	190	0
2685	190	0
2686	190	0
2687	206	0
2688	187	0
2689	212	0
2690	189	0
2691	205	0
2692	179	0
2693	186	0
2694	201	0
2695	185	0
2696	189	0
2697	192	0
2698	221	0
2699	237	0
2700	197	0
2701	191	0
2702	199	0
2703	203	0
2704	208	0
2705	217	0
2706	196	0
2707	209	0
2708	200	0
2709	177	0
2710	210	0
2711	186	0
2712	199	0
2713	216	0
2714	186	0
2715	206	0
2716	198	0
2717	192	0
2718	202	0
2719	192	0
2720	174	0
2721	222	0
2722	182	0
2723	197	0
2724	230	0
2725	224	0
2726	211	0
2727	212	0
2728	199	0
2729	195	0
2730	206	0
2731	202	0
2732	186	0
2733	210	0
2734	208	0
2735	187	0
2736	202	0
2737	203	0
2738	200	0
2739	212	0
2740	175	0
2741	195	0
2742	196	0
2743	185	0
2744	220	0
2745	174	0
2746	210	0
2747	182	0
2748	219	0
2749	189	0
2750	217	0
2751	199	0
2752	200	0
2753	211	0
2754	207	0
2755	219	0
2756	167	0
2757	189	0
2758	217	0
2759	230	0
2760	194	0
2761	184	0
2762	189	0
2763	202	0
2764	204	0
2765	193	0
2766	202	0
2767	174	0
2768	179	0
2769	199	0
2770	205	0
2771	200	0
2772	231	0
2773	196	0
2774	226	0
2775	195	0
2776	206	0
2777	187	0
2778	190	0
2779	202	0
2780	196	0
2781	209	0
2782	190	0
2783	185	0
2784	192	0
2785	223	0
2786	196	0
2787	171	0
2788	199	0
2789	211	0
2790	203	0
2791	195	0
2792	217	0
2793	194	0
2794	198	0
2795	198	0
2796	184	0
2797	196	0
2798	232	0
2799	181	0
2800	186	0
2801	219	0
2802	217	0
2803	206	0
2804	195	0
2805	176	0
2806	187	0
2807	185	0
2808	206	0
2809	169	0
2810	190	0
2811	205	0
2812	193	0
2813	196	0
2814	190	0
2815	196	0
2816	200	0
2817	202	0
2818	185	0
2819	207	0
2820	179	0
2821	189	0
2822	191	0
2823	180	0
2824	192	0
2825	206	0
2826	200	0
2827	238	0
2828	214	0
2829	188	0
2830	225	0
2831	191	0
2832	196	0
2833	187	0
2834	185	0
2835	219	0
2836	207	0
2837	193	0
2838	198	0
2839	227	0
2840	202	0
2841	215	0
2842	212	0
2843	181	0
2844	181	0
2845	200	0
2846	173	0
2847	179	0
2848	218	0
2849	183	0
2850	205	0
2851	193	0
2852	204	0
2853	199	0
2854	196	0
2855	199	0
2856	201	0
2857	204	0
2858	200	0
2859	190	0
2860	181	0
2861	170	0
2862	223	0
2863	192	0
2864	222	0
2865	184	0
2866	206	0
2867	180	0
2868	193	0
2869	206	0
2870	197	0
2871	209	0
2872	215	0
2873	194	0
2874	201	0
2875	226	0
2876	195	0
2877	169	0
2878	205	0
2879	201	0
2880	198	0
2881	195	0
2882	222	0
2883	171	0
2884	181	0
2885	207	0
2886	227	0
2887	199	0
2888	193	0
2889	218	0
2890	207	0
2891	198	0
2892	205	0
2893	218	0
2894	188	0
2895	200	0
2896	179	0
2897	188	0
2898	208	0
2899	188	0
2900	216	0
2901	201	0
2902	184	0
2903	203	0
2904	209	0
2905	202	0
2906	200	0
2907	204	0
2908	207	0
2909	195	0
2910	184	0
2911	206	0
2912	181	0
2913	200	0
2914	186	0
2915	187	0
2916	206	0
2917	171	0
2918	206	0
2919	196	0
2920	184	0
2921	197	0
2922	200	0
2923	191	0
2924	207	0
2925	189	0
2926	225	0
2927	169	0
2928	196	0
2929	202	0
2930	194	0
2931	195	0
2932	204	0
2933	189	0
2934	228	0
2935	202	0
2936	217	0
2937	183	0
2938	203	0
2939	178	0
2940	207	0
2941	206	0
2942	174	0
2943	216	0
2944	201	0
2945	216	0
2946	200	0
2947	191	0
2948	189	0
2949	181	0
2950	189	0
2951	222	0
2952	204	0
2953	204	0
2954	216	0
2955	185	0
2956	198	0
2957	178	0
2958	221	0
2959	217	0
2960	211	0
2961	217	0
2962	220	0
2963	212	0
2964	204	0
2965	182	0
2966	179	0
2967	191	0
2968	199	0
2969	207	0
2970	215	0
2971	190	0
2972	203	0
2973	178	0
2974	190	0
2975	178	0
2976	200	0
2977	180	0
2978	192	0
2979	198	0
2980	193	0
2981	198	0
2982	208	0
2983	177	0
2984	189	0
2985	175	0
2986	203	0
2987	226	0
2988	190	0
2989	202	0
2990	226	0
2991	187	0
2992	197	0
2993	204	0
2994	192	0
2995	191	0
2996	206	0
2997	205	0
2998	206	0
2999	199	0
3000	195	0
