1	177	0
2	200	0
3	211	0
4	200	0
5	225	0
6	197	0
7	200	0
8	179	0
9	186	0
10	199	0
11	203	0
12	177	0
13	195	0
14	214	0
15	176	0
16	189	0
17	199	0
18	221	0
19	177	0
20	191	0
21	161	0
22	176	0
23	198	0
24	186	0
25	206	0
26	212	0
27	195	0
28	199	0
29	212	0
30	224	0
31	209	0
32	187	0
33	223	0
34	223	0
35	197	0
36	210	0
37	184	0
38	218	0
39	201	0
40	196	0
41	213	0
42	216	0
43	185	0
44	205	0
45	184	0
46	205	0
47	159	0
48	214	0
49	207	0
50	209	0
51	185	0
52	189	0
53	172	0
54	208	0
55	188	0
56	200	0
57	215	0
58	200	0
59	198	0
60	179	0
61	203	0
62	203	0
63	199	0
64	189	0
65	215	0
66	204	0
67	171	0
68	177	0
69	195	0
70	194	0
71	182	0
72	204	0
73	194	0
74	197	0
75	166	0
76	186	0
77	192	0
78	215	0
79	201	0
80	183	0
81	208	0
82	180	0
83	191	0
84	180	0
85	213	0
86	211	0
87	200	0
88	187	0
89	213	0
90	188	0
91	176	0
92	205	0
93	213	0
94	177	0
95	194	0
96	217	0
97	196	0
98	215	0
99	162	0
100	218	0
101	185	0
102	193	0
103	227	0
104	189	0
105	186	0
106	204	0
107	205	0
108	210	0
109	222	0
110	220	0
111	204	0
112	201	0
113	198	0
114	195	0
115	202	0
116	193	0
117	193	0
118	211	0
119	205	0
120	183	0
121	196	0
122	211	0
123	175	0
124	215	0
125	194	0
126	185	0
127	172	0
128	191	0
129	198	0
130	200	0
131	218	0
132	216	0
133	217	0
134	188	0
135	196	0
136	199	0
137	190	0
138	182	0
139	178	0
140	178	0
141	206	0
142	210	0
143	198	0
144	226	0
145	216	0
146	203	0
147	223	0
148	203	0
149	215	0
150	202	0
151	203	0
152	193	0
153	197	0
154	193	0
155	180	0
156	231	0
157	196	0
158	169	0
159	201	0
160	202	0
161	227	0
162	193	0
163	210	0
164	200	0
165	202	0
166	209	0
167	204	0
168	206	0
169	184	0
170	203	0
171	201	0
172	187	0
173	207	0
174	214	0
175	198	0
176	215	0
177	179	0
178	194	0
179	190	0
180	197	0
181	188	0
182	221	0
183	195	0
184	187	0
185	187	0
186	232	0
187	202	0
188	170	0
189	172	0
190	209	0
191	190	0
192	178	0
193	189	0
194	205	0
195	184	0
196	197	0
197	186	0
198	186	0
199	202	0
200	201	0
201	179	0
202	208	0
203	212	0
204	180	0
205	161	0
206	189	0
207	190	0
208	192	0
209	213	0
210	195	0
211	189	0
212	188	0
213	211	0
214	189	0
215	189	0
216	191	0
217	197	0
218	213	0
219	171	0
220	202	0
221	193	0
222	207	0
223	200	0
224	211	0
225	181	0
226	208	0
227	183	0
228	238	0
229	210	0
230	195	0
231	170	0
232	186	0
233	206	0
234	188	0
235	189	0
236	237	0
237	202	0
238	188	0
239	196	0
240	187	0
241	189	0
242	199	0
243	173	0
244	189	0
245	209	0
246	204	0
247	191	0
248	179	0
249	195	0
250	217	0
251	194	0
252	190	0
253	201	0
254	204	0
255	208	0
256	204	0
257	180	0
258	197	0
259	213	0
260	193	0
261	162	0
262	185	0
263	227	0
264	183	0
265	199	0
266	206	0
267	166	0
268	186	0
269	179	0
270	195	0
271	214	0
272	211	0
273	185	0
274	205	0
275	181	0
276	207	0
277	192	0
278	199	0
279	233	0
280	173	0
281	231	0
282	206	0
283	209	0
284	197	0
285	186	0
286	215	0
287	205	0
288	196	0
289	185	0
290	214	0
291	216	0
292	190	0
293	195	0
294	188	0
295	209	0
296	175	0
297	206	0
298	200	0
299	204	0
300	213	0
301	208	0
302	179	0
303	204	0
304	196	0
305	184	0
306	172	0
307	212	0
308	181	0
309	207	0
310	210	0
311	175	0
312	201	0
313	201	0
314	187	0
315	183	0
316	201	0
317	180	0
318	189	0
319	220	0
320	190	0
321	193	0
322	223	0
323	185	0
324	211	0
325	172	0
326	196	0
327	189	0
328	188	0
329	195	0
330	204	0
331	220	0
332	195	0
333	212	0
334	166	0
335	205	0
336	220	0
337	197	0
338	195	0
339	170	0
340	206	0
341	197	0
342	214	0
343	181	0
344	192	0
345	218	0
346	211	0
347	201	0
348	219	0
349	179	0
350	195	0
351	195	0
352	174	0
353	198	0
354	205	0
355	174	0
356	206	0
357	182	0
358	192	0
359	201	0
360	202	0
361	210	0
362	200	0
363	207	0
364	172	0
365	201	0
366	211	0
367	184	0
368	207	0
369	179	0
370	187	0
371	213	0
372	202	0
373	210	0
374	183	0
375	207	0
376	200	0
377	206	0
378	188	0
379	195	0
380	194	0
381	198	0
382	193	0
383	182	0
384	187	0
385	191	0
386	178	0
387	192	0
388	213	0
389	182	0
390	222	0
391	198	0
392	206	0
393	200	0
394	167	0
395	196	0
396	211	0
397	176	0
398	205	0
399	224	0
400	206	0
401	180	0
402	199	0
403	202	0
404	188	0
405	199	0
406	202	0
407	197	0
408	203	0
409	208	0
410	171	0
411	190	0
412	173	0
413	209	0
414	221	0
415	187	0
416	214	0
417	208	0
418	199	0
419	200	0
420	166	0
421	200	0
422	175	0
423	197	0
424	192	0
425	200	0
426	177	0
427	192	0
428	185	0
429	185	0
430	186	0
431	202	0
432	182	0
433	174	0
434	185	0
435	205	0
436	186	0
437	195	0
438	198	0
439	222	0
440	191	0
441	214	0
442	185	0
443	227	0
444	234	0
445	208	0
446	181	0
447	175	0
448	194	0
449	221	0
450	199	0
451	222	0
452	185	0
453	214	0
454	201	0
455	195	0
456	199	0
457	205	0
458	210	0
459	180	0
460	177	0
461	177	0
462	171	0
463	197	0
464	208	0
465	185	0
466	201	0
467	185	0
468	198	0
469	227	0
470	207	0
471	208	0
472	198	0
473	194	0
474	201	0
475	200	0
476	195	0
477	202	0
478	191	0
479	203	0
480	232	0
481	188	0
482	195	0
483	234	0
484	204	0
485	159	0
486	187	0
487	201	0
488	172	0
489	195	0
490	209	0
491	187	0
492	187	0
493	186	0
494	168	0
495	201	0
496	196	0
497	191	0
498	204	0
499	198	0
500	202	0
501	196	0
502	182	0
503	208	0
504	207	0
505	192	0
506	189	0
507	202	0
508	215	0
509	199	0
510	187	0
511	226	0
512	189	0
513	190	0
514	197	0
515	206	0
516	200	0
517	191	0
518	201	0
519	179	0
520	239	0
521	212	0
522	201	0
523	197	0
524	217	0
525	202	0
526	189	0
527	174	0
528	188	0
529	203	0
530	206	0
531	193	0
532	184	0
533	205	0
534	165	0
535	203	0
536	184	0
537	218	0
538	188	0
539	178	0
540	198	0
541	202	0
542	174	0
543	211	0
544	191	0
545	195	0
546	191	0
547	190	0
548	193	0
549	206	0
550	187	0
551	205	0
552	204	0
553	205	0
554	204	0
555	197	0
556	191	0
557	208	0
558	169	0
559	196	0
560	165	0
561	190	0
562	203	0
563	192	0
564	195	0
565	189	0
566	208	0
567	202	0
568	180	0
569	173	0
570	203	0
571	199	0
572	219	0
573	198	0
574	190	0
575	170	0
576	182	0
577	226	0
578	173	0
579	193	0
580	232	0
581	192	0
582	191	0
583	191	0
584	196	0
585	194	0
586	188	0
587	192	0
588	180	0
589	186	0
590	182	0
591	181	0
592	187	0
593	224	0
594	189	0
595	206	0
596	229	0
597	203	0
598	213	0
599	195	0
600	199	0
601	198	0
602	209	0
603	187	0
604	196	0
605	196	0
606	211	0
607	179	0
608	190	0
609	196	0
610	190	0
611	207	0
612	199	0
613	182	0
614	191	0
615	203	0
616	186	0
617	227	0
618	201	0
619	204	0
620	187	0
621	179	0
622	199	0
623	196	0
624	219	0
625	189	0
626	202	0
627	166	0
628	217	0
629	196	0
630	174	0
631	208	0
632	173	0
633	208	0
634	220	0
635	192	0
636	210	0
637	215	0
638	207	0
639	213	0
640	189	0
641	218	0
642	194	0
643	217	0
644	184	0
645	200	0
646	187	0
647	208	0
648	202	0
649	173	0
650	198	0
651	205	0
652	216	0
653	225	0
654	188	0
655	204	0
656	198	0
657	214	0
658	201	0
659	210	0
660	181	0
661	178	0
662	179	0
663	197	0
664	194	0
665	207	0
666	200	0
667	210	0
668	202	0
669	205	0
670	223	0
671	203	0
672	203	0
673	189	0
674	193	0
675	209	0
676	197	0
677	227	0
678	207	0
679	189	0
680	210	0
681	203	0
682	220	0
683	203	0
684	187	0
685	220	0
686	195	0
687	173	0
688	208	0
689	202	0
690	192	0
691	205	0
692	208	0
693	195	0
694	211	0
695	183	0
696	203	0
697	202	0
698	194	0
699	221	0
700	218	0
701	168	0
702	201	0
703	181	0
704	215	0
705	205	0
706	194	0
707	186	0
708	218	0
709	195	0
710	210	0
711	200	0
712	180	0
713	191	0
714	194	0
715	189	0
716	199	0
717	210	0
718	166	0
719	196	0
720	187	0
721	172	0
722	202	0
723	193	0
724	179	0
725	183	0
726	188	0
727	191	0
728	208	0
729	184	0
730	211	0
731	197	0
732	190	0
733	191	0
734	174	0
735	204	0
736	211	0
737	189	0
738	204	0
739	222	0
740	212	0
741	200	0
742	208	0
743	207	0
744	205	0
745	197	0
746	198	0
747	208	0
748	200	0
749	197	0
750	196	0
751	201	0
752	196	0
753	193	0
754	190	0
755	190	0
756	212	0
757	182	0
758	200	0
759	217	0
760	212	0
761	196	0
762	216	0
763	185	0
764	204	0
765	169	0
766	187	0
767	192	0
768	185	0
769	179	0
770	225	0
771	213	0
772	231	0
773	198	0
774	203	0
775	192	0
776	183	0
777	188	0
778	200	0
779	198	0
780	197	0
781	205	0
782	189	0
783	233	0
784	173	0
785	190	0
786	182	0
787	186	0
788	185	0
789	216	0
790	228	0
791	194	0
792	184	0
793	176	0
794	191	0
795	231	0
796	186	0
797	215	0
798	184	0
799	206	0
800	184	0
801	178	0
802	180	0
803	202	0
804	216	0
805	220	0
806	195	0
807	207	0
808	200	0
809	198	0
810	192	0
811	223	0
812	226	0
813	198	0
814	198	0
815	222	0
816	180	0
817	195	0
818	189	0
819	177	0
820	220	0
821	174	0
822	205	0
823	199	0
824	192	0
825	197	0
826	184	0
827	192	0
828	205	0
829	204	0
830	188	0
831	200	0
832	173	0
833	194	0
834	220	0
835	211	0
836	201	0
837	202	0
838	198	0
839	222	0
840	194	0
841	188	0
842	194	0
843	192	0
844	205	0
845	217	0
846	199	0
847	182	0
848	183	0
849	203	0
850	193	0
851	187	0
852	198	0
853	182	0
854	207	0
855	209	0
856	202	0
857	195	0
858	229	0
859	202	0
860	191	0
861	177	0
862	200	0
863	195	0
864	197	0
865	204	0
866	186	0
867	191	0
868	201	0
869	201	0
870	209	0
871	187	0
872	200	0
873	215	0
874	218	0
875	216	0
876	187	0
877	188	0
878	204	0
879	199	0
880	194	0
881	216	0
882	187	0
883	210	0
884	198	0
885	191	0
886	196	0
887	207	0
888	186	0
889	198	0
890	193	0
891	178	0
892	211	0
893	185	0
894	213	0
895	216	0
896	201	0
897	202	0
898	186	0
899	202	0
900	189	0
901	190	0
902	188	0
903	208	0
904	213	0
905	189	0
906	210	0
907	197	0
908	184	0
909	210	0
910	191	0
911	213	0
912	183	0
913	219	0
914	198	0
915	192	0
916	195	0
917	193	0
918	207	0
919	220	0
920	197	0
921	207	0
922	175	0
923	232	0
924	206	0
925	205	0
926	174	0
927	191	0
928	208	0
929	188	0
930	195	0
931	241	0
932	214	0
933	206	0
934	188	0
935	176	0
936	198	0
937	208	0
938	175	0
939	200	0
940	203	0
941	191	0
942	190	0
943	217	0
944	200	0
945	201	0
946	203	0
947	173	0
948	187	0
949	199	0
950	212	0
951	200	0
952	181	0
953	222	0
954	202	0
955	188	0
956	211	0
957	178	0
958	184	0
959	201	0
960	182	0
961	207	0
962	196	0
963	196	0
964	207	0
965	189	0
966	200	0
967	229	0
968	209	0
969	199	0
970	181	0
971	180	0
972	226	0
973	202	0
974	206	0
975	168	0
976	185	0
977	187	0
978	201	0
979	201	0
980	180	0
981	208	0
982	172	0
983	204	0
984	201	0
985	212	0
986	218	0
987	211	0
988	210	0
989	213	0
990	200	0
991	211	0
992	203	0
993	191	0
994	207	0
995	205	0
996	192	0
997	216	0
998	190	0
999	185	0
1000	191	0
1001	186	0
1002	173	0
1003	187	0
1004	187	0
1005	201	0
1006	192	0
1007	194	0
1008	195	0
1009	182	0
1010	205	0
1011	197	0
1012	189	0
1013	182	0
1014	179	0
1015	212	0
1016	178	0
1017	176	0
1018	192	0
1019	214	0
1020	193	0
1021	183	0
1022	215	0
1023	206	0
1024	216	0
1025	186	0
1026	200	0
1027	201	0
1028	218	0
1029	183	0
1030	168	0
1031	202	0
1032	163	0
1033	195	0
1034	183	0
1035	189	0
1036	201	0
1037	203	0
1038	194	0
1039	175	0
1040	184	0
1041	204	0
1042	195	0
1043	187	0
1044	200	0
1045	191	0
1046	202	0
1047	192	0
1048	192	0
1049	214	0
1050	183	0
1051	188	0
1052	227	0
1053	192	0
1054	187	0
1055	207	0
1056	171	0
1057	171	0
1058	190	0
1059	198	0
1060	216	0
1061	207	0
1062	189	0
1063	196	0
1064	206	0
1065	197	0
1066	183	0
1067	202	0
1068	185	0
1069	207	0
1070	211	0
1071	212	0
1072	185	0
1073	208	0
1074	211	0
1075	206	0
1076	209	0
1077	210	0
1078	202	0
1079	176	0
1080	183	0
1081	192	0
1082	191	0
1083	201	0
1084	190	0
1085	205	0
1086	191	0
1087	217	0
1088	189	0
1089	205	0
1090	193	0
1091	207	0
1092	218	0
1093	204	0
1094	191	0
1095	212	0
1096	176	0
1097	242	0
1098	175	0
1099	185	0
1100	224	0
1101	219	0
1102	195	0
1103	207	0
1104	189	0
1105	221	0
1106	215	0
1107	196	0
1108	185	0
1109	182	0
1110	205	0
1111	201	0
1112	221	0
1113	180	0
1114	174	0
1115	185	0
1116	230	0
1117	226	0
1118	196	0
1119	194	0
1120	199	0
1121	190	0
1122	204	0
1123	205	0
1124	200	0
1125	208	0
1126	208	0
1127	213	0
1128	212	0
1129	202	0
1130	214	0
1131	186	0
1132	212	0
1133	194	0
1134	211	0
1135	198	0
1136	221	0
1137	218	0
1138	202	0
1139	210	0
1140	223	0
1141	180	0
1142	173	0
1143	191	0
1144	198	0
1145	201	0
1146	220	0
1147	191	0
1148	203	0
1149	187	0
1150	228	0
1151	168	0
1152	190	0
1153	193	0
1154	188	0
1155	201	0
1156	199	0
1157	201	0
1158	184	0
1159	178	0
1160	201	0
1161	230	0
1162	193	0
1163	204	0
1164	192	0
1165	190	0
1166	216	0
1167	165	0
1168	185	0
1169	198	0
1170	201	0
1171	188	0
1172	216	0
1173	185	0
1174	195	0
1175	197	0
1176	182	0
1177	214	0
1178	214	0
1179	204	0
1180	184	0
1181	183	0
1182	212	0
1183	177	0
1184	184	0
1185	229	0
1186	188	0
1187	218	0
1188	189	0
1189	187	0
1190	202	0
1191	200	0
1192	190	0
1193	212	0
1194	199	0
1195	201	0
1196	179	0
1197	191	0
1198	174	0
1199	182	0
1200	192	0
1201	209	0
1202	198	0
1203	208	0
1204	196	0
1205	195	0
1206	209	0
1207	204	0
1208	203	0
1209	200	0
1210	198	0
1211	203	0
1212	193	0
1213	188	0
1214	201	0
1215	214	0
1216	203	0
1217	173	0
1218	190	0
1219	189	0
1220	205	0
1221	171	0
1222	204	0
1223	227	0
1224	189	0
1225	191	0
1226	177	0
1227	187	0
1228	200	0
1229	233	0
1230	161	0
1231	235	0
1232	208	0
1233	204	0
1234	196	0
1235	194	0
1236	194	0
1237	204	0
1238	218	0
1239	191	0
1240	202	0
1241	176	0
1242	195	0
1243	187	0
1244	184	0
1245	197	0
1246	199	0
1247	207	0
1248	236	0
1249	177	0
1250	181	0
1251	217	0
1252	191	0
1253	202	0
1254	195	0
1255	184	0
1256	226	0
1257	169	0
1258	202	0
1259	222	0
1260	199	0
1261	228	0
1262	174	0
1263	220	0
1264	212	0
1265	163	0
1266	195	0
1267	186	0
1268	171	0
1269	197	0
1270	196	0
1271	218	0
1272	183	0
1273	209	0
1274	181	0
1275	192	0
1276	196	0
1277	228	0
1278	213	0
1279	198	0
1280	190	0
1281	199	0
1282	224	0
1283	204	0
1284	198	0
1285	209	0
1286	213	0
1287	195	0
1288	209	0
1289	185	0
1290	186	0
1291	217	0
1292	195	0
1293	213	0
1294	224	0
1295	203	0
1296	203	0
1297	212	0
1298	211	0
1299	212	0
1300	187	0
1301	203	0
1302	191	0
1303	175	0
1304	189	0
1305	170	0
1306	180	0
1307	208	0
1308	203	0
1309	203	0
1310	183	0
1311	187	0
1312	199	0
1313	208	0
1314	189	0
1315	185	0
1316	188	0
1317	198	0
1318	209	0
1319	188	0
1320	187	0
1321	173	0
1322	188	0
1323	165	0
1324	171	0
1325	207	0
1326	205	0
1327	194	0
1328	208	0
1329	201	0
1330	188	0
1331	208	0
1332	195	0
1333	174	0
1334	215	0
1335	193	0
1336	199	0
1337	195	0
1338	186	0
1339	220	0
1340	204	0
1341	205	0
1342	183	0
1343	197	0
1344	203	0
1345	210	0
1346	216	0
1347	205	0
1348	201	0
1349	200	0
1350	213	0
1351	199	0
1352	193	0
1353	206	0
1354	191	0
1355	217	0
1356	200	0
1357	208	0
1358	210	0
1359	204	0
1360	191	0
1361	192	0
1362	200	0
1363	198	0
1364	195	0
1365	199	0
1366	195	0
1367	206	0
1368	181	0
1369	179	0
1370	191	0
1371	195	0
1372	200	0
1373	192	0
1374	172	0
1375	208	0
1376	200	0
1377	195	0
1378	190	0
1379	198	0
1380	203	0
1381	214	0
1382	187	0
1383	208	0
1384	204	0
1385	200	0
1386	192	0
1387	168	0
1388	201	0
1389	185	0
1390	193	0
1391	225	0
1392	187	0
1393	184	0
1394	187	0
1395	195	0
1396	195	0
1397	207	0
1398	204	0
1399	179	0
1400	198	0
1401	170	0
1402	215	0
1403	171	0
1404	185	0
1405	210	0
1406	198	0
1407	208	0
1408	219	0
1409	195	0
1410	200	0
1411	178	0
1412	213	0
1413	157	0
1414	208	0
1415	218	0
1416	186	0
1417	190	0
1418	205	0
1419	180	0
1420	198	0
1421	175	0
1422	191	0
1423	201	0
1424	199	0
1425	204	0
1426	203	0
1427	202	0
1428	190	0
1429	202	0
1430	208	0
1431	200	0
1432	192	0
1433	186	0
1434	219	0
1435	190	0
1436	191	0
1437	186	0
1438	214	0
1439	214	0
1440	195	0
1441	190	0
1442	221	0
1443	187	0
1444	190	0
1445	182	0
1446	200	0
1447	203	0
1448	192	0
1449	190	0
1450	197	0
1451	189	0
1452	204	0
1453	194	0
1454	221	0
1455	185	0
1456	201	0
1457	179	0
1458	196	0
1459	200	0
1460	192	0
1461	206	0
1462	199	0
1463	211	0
1464	207	0
1465	218	0
1466	180	0
1467	199	0
1468	187	0
1469	222	0
1470	225	0
1471	181	0
1472	197	0
1473	186	0
1474	174	0
1475	203	0
1476	236	0
1477	209	0
1478	215	0
1479	199	0
1480	162	0
1481	226	0
1482	190	0
1483	223	0
1484	193	0
1485	226	0
1486	207	0
1487	191	0
1488	218	0
1489	178	0
1490	198	0
1491	207	0
1492	193	0
1493	191	0
1494	184	0
1495	213	0
1496	213	0
1497	198	0
1498	200	0
1499	218	0
1500	220	0
1501	205	0
1502	199	0
1503	198	0
1504	203	0
1505	199	0
1506	202	0
1507	218	0
1508	200	0
1509	199	0
1510	179	0
1511	188	0
1512	194	0
1513	203	0
1514	192	0
1515	197	0
1516	186	0
1517	186	0
1518	204	0
1519	203	0
1520	194	0
1521	209	0
1522	201	0
1523	221	0
1524	177	0
1525	215	0
1526	174	0
1527	177	0
1528	168	0
1529	205	0
1530	185	0
1531	197	0
1532	178	0
1533	202	0
1534	190	0
1535	188	0
1536	190	0
1537	198	0
1538	186	0
1539	186	0
1540	191	0
1541	197	0
1542	200	0
1543	222	0
1544	200	0
1545	206	0
1546	232	0
1547	169	0
1548	222	0
1549	211	0
1550	219	0
1551	217	0
1552	216	0
1553	211	0
1554	205	0
1555	208	0
1556	197	0
1557	196	0
1558	193	0
1559	191	0
1560	188	0
1561	183	0
1562	202	0
1563	191	0
1564	178	0
1565	200	0
1566	201	0
1567	215	0
1568	202	0
1569	182	0
1570	189	0
1571	169	0
1572	211	0
1573	197	0
1574	220	0
1575	205	0
1576	185	0
1577	196	0
1578	205	0
1579	196	0
1580	193	0
1581	216	0
1582	218	0
1583	172	0
1584	196	0
1585	202	0
1586	209	0
1587	168	0
1588	228	0
1589	195	0
1590	189	0
1591	188	0
1592	207	0
1593	194	0
1594	201	0
1595	202	0
1596	199	0
1597	211	0
1598	191	0
1599	218	0
1600	208	0
1601	187	0
1602	229	0
1603	181	0
1604	195	0
1605	211	0
1606	205	0
1607	183	0
1608	164	0
1609	178	0
1610	198	0
1611	178	0
1612	201	0
1613	212	0
1614	206	0
1615	204	0
1616	207	0
1617	213	0
1618	191	0
1619	204	0
1620	185	0
1621	182	0
1622	198	0
1623	201	0
1624	191	0
1625	215	0
1626	197	0
1627	205	0
1628	165	0
1629	218	0
1630	215	0
1631	214	0
1632	195	0
1633	193	0
1634	188	0
1635	207	0
1636	175	0
1637	188	0
1638	181	0
1639	202	0
1640	195	0
1641	197	0
1642	199	0
1643	208	0
1644	178	0
1645	225	0
1646	166	0
1647	184	0
1648	187	0
1649	195	0
1650	198	0
1651	193	0
1652	227	0
1653	198	0
1654	211	0
1655	183	0
1656	209	0
1657	201	0
1658	200	0
1659	165	0
1660	194	0
1661	202	0
1662	211	0
1663	159	0
1664	199	0
1665	203	0
1666	198	0
1667	180	0
1668	193	0
1669	185	0
1670	194	0
1671	201	0
1672	202	0
1673	200	0
1674	204	0
1675	187	0
1676	185	0
1677	177	0
1678	207	0
1679	194	0
1680	209	0
1681	206	0
1682	209	0
1683	195	0
1684	210	0
1685	185	0
1686	222	0
1687	191	0
1688	202	0
1689	200	0
1690	225	0
1691	193	0
1692	170	0
1693	199	0
1694	205	0
1695	218	0
1696	191	0
1697	187	0
1698	213	0
1699	233	0
1700	193	0
1701	213	0
1702	199	0
1703	210	0
1704	185	0
1705	185	0
1706	199	0
1707	195	0
1708	203	0
1709	197	0
1710	191	0
1711	179	0
1712	183	0
1713	189	0
1714	208	0
1715	196	0
1716	197	0
1717	203	0
1718	182	0
1719	195	0
1720	206	0
1721	202	0
1722	187	0
1723	195	0
1724	194	0
1725	210	0
1726	193	0
1727	198	0
1728	216	0
1729	187	0
1730	196	0
1731	215	0
1732	202	0
1733	186	0
1734	205	0
1735	208	0
1736	188	0
1737	190	0
1738	210	0
1739	213	0
1740	202	0
1741	197	0
1742	210	0
1743	209	0
1744	197	0
1745	196	0
1746	186	0
1747	195	0
1748	206	0
1749	221	0
1750	180	0
1751	205	0
1752	208	0
1753	213	0
1754	185	0
1755	182	0
1756	202	0
1757	225	0
1758	208	0
1759	206	0
1760	214	0
1761	211	0
1762	198	0
1763	212	0
1764	196	0
1765	205	0
1766	194	0
1767	203	0
1768	203	0
1769	177	0
1770	179	0
1771	178	0
1772	204	0
1773	213	0
1774	215	0
1775	203	0
1776	204	0
1777	214	0
1778	183	0
1779	196	0
1780	189	0
1781	206	0
1782	181	0
1783	197	0
1784	198	0
1785	216	0
1786	197	0
1787	217	0
1788	203	0
1789	202	0
1790	213	0
1791	207	0
1792	210	0
1793	189	0
1794	227	0
1795	209	0
1796	226	0
1797	199	0
1798	222	0
1799	200	0
1800	202	0
1801	219	0
1802	189	0
1803	207	0
1804	207	0
1805	197	0
1806	191	0
1807	206	0
1808	213	0
1809	201	0
1810	182	0
1811	196	0
1812	213	0
1813	195	0
1814	193	0
1815	217	0
1816	212	0
1817	195	0
1818	179	0
1819	197	0
1820	203	0
1821	178	0
1822	178	0
1823	178	0
1824	208	0
1825	195	0
1826	169	0
1827	187	0
1828	193	0
1829	209	0
1830	194	0
1831	188	0
1832	205	0
1833	197	0
1834	225	0
1835	191	0
1836	201	0
1837	184	0
1838	189	0
1839	179	0
1840	166	0
1841	192	0
1842	187	0
1843	214	0
1844	181	0
1845	201	0
1846	215	0
1847	162	0
1848	182	0
1849	192	0
1850	202	0
1851	184	0
1852	201	0
1853	184	0
1854	202	0
1855	203	0
1856	214	0
1857	214	0
1858	206	0
1859	189	0
1860	225	0
1861	200	0
1862	184	0
1863	202	0
1864	171	0
1865	202	0
1866	211	0
1867	200	0
1868	170	0
1869	203	0
1870	204	0
1871	216	0
1872	207	0
1873	230	0
1874	161	0
1875	225	0
1876	195	0
1877	210	0
1878	198	0
1879	189	0
1880	194	0
1881	192	0
1882	215	0
1883	170	0
1884	197	0
1885	199	0
1886	204	0
1887	175	0
1888	207	0
1889	187	0
1890	199	0
1891	172	0
1892	202	0
1893	194	0
1894	192	0
1895	179	0
1896	195	0
1897	185	0
1898	164	0
1899	217	0
1900	186	0
1901	220	0
1902	221	0
1903	215	0
1904	204	0
1905	222	0
1906	214	0
1907	172	0
1908	192	0
1909	210	0
1910	214	0
1911	206	0
1912	192	0
1913	187	0
1914	192	0
1915	173	0
1916	218	0
1917	211	0
1918	196	0
1919	209	0
1920	218	0
1921	214	0
1922	184	0
1923	198	0
1924	207	0
1925	196	0
1926	211	0
1927	227	0
1928	192	0
1929	189	0
1930	216	0
1931	208	0
1932	188	0
1933	192	0
1934	220	0
1935	187	0
1936	191	0
1937	192	0
1938	197	0
1939	206	0
1940	229	0
1941	206	0
1942	193	0
1943	193	0
1944	213	0
1945	210	0
1946	195	0
1947	173	0
1948	204	0
1949	205	0
1950	232	0
1951	190	0
1952	229	0
1953	200	0
1954	212	0
1955	194	0
1956	196	0
1957	211	0
1958	195	0
1959	187	0
1960	209	0
1961	174	0
1962	215	0
1963	245	0
1964	195	0
1965	189	0
1966	172	0
1967	193	0
1968	206	0
1969	223	0
1970	199	0
1971	193	0
1972	181	0
1973	203	0
1974	175	0
1975	191	0
1976	168	0
1977	222	0
1978	231	0
1979	202	0
1980	197	0
1981	174	0
1982	209	0
1983	205	0
1984	188	0
1985	188	0
1986	221	0
1987	211	0
1988	201	0
1989	209	0
1990	207	0
1991	208	0
1992	197	0
1993	179	0
1994	205	0
1995	178	0
1996	217	0
1997	162	0
1998	209	0
1999	188	0
2000	210	0
2001	195	0
2002	180	0
2003	177	0
2004	209	0
2005	222	0
2006	205	0
2007	196	0
2008	174	0
2009	205	0
2010	219	0
2011	200	0
2012	199	0
2013	198	0
2014	185	0
2015	157	0
2016	191	0
2017	214	0
2018	209	0
2019	183	0
2020	204	0
2021	202	0
2022	191	0
2023	208	0
2024	198	0
2025	189	0
2026	185	0
2027	170	0
2028	198	0
2029	190	0
2030	196	0
2031	202	0
2032	183	0
2033	185	0
2034	224	0
2035	177	0
2036	179	0
2037	179	0
2038	173	0
2039	178	0
2040	212	0
2041	175	0
2042	195	0
2043	205	0
2044	186	0
2045	202	0
2046	202	0
2047	195	0
2048	183	0
2049	193	0
2050	200	0
2051	201	0
2052	205	0
2053	196	0
2054	215	0
2055	210	0
2056	189	0
2057	196	0
2058	212	0
2059	231	0
2060	186	0
2061	191	0
2062	195	0
2063	170	0
2064	186	0
2065	191	0
2066	175	0
2067	240	0
2068	206	0
2069	212	0
2070	197	0
2071	212	0
2072	192	0
2073	199	0
2074	194	0
2075	219	0
2076	184	0
2077	218	0
2078	174	0
2079	185	0
2080	192	0
2081	186	0
2082	205	0
2083	200	0
2084	214	0
2085	199	0
2086	177	0
2087	180	0
2088	229	0
2089	212	0
2090	198	0
2091	198	0
2092	200	0
2093	223	0
2094	169	0
2095	180	0
2096	193	0
2097	204	0
2098	220	0
2099	199	0
2100	190	0
2101	214	0
2102	163	0
2103	190	0
2104	200	0
2105	189	0
2106	194	0
2107	193	0
2108	221	0
2109	214	0
2110	222	0
2111	182	0
2112	208	0
2113	213	0
2114	195	0
2115	184	0
2116	193	0
2117	235	0
2118	186	0
2119	193	0
2120	200	0
2121	217	0
2122	205	0
2123	204	0
2124	176	0
2125	189	0
2126	206	0
2127	199	0
2128	193	0
2129	189	0
2130	213	0
2131	189	0
2132	213	0
2133	199	0
2134	209	0
2135	204	0
2136	219	0
2137	201	0
2138	214	0
2139	198	0
2140	192	0
2141	226	0
2142	183	0
2143	202	0
2144	202	0
2145	197	0
2146	215	0
2147	194	0
2148	222	0
2149	203	0
2150	221	0
2151	184	0
2152	192	0
2153	195	0
2154	201	0
2155	192	0
2156	207	0
2157	201	0
2158	201	0
2159	213	0
2160	209	0
2161	200	0
2162	191	0
2163	203	0
2164	190	0
2165	207	0
2166	173	0
2167	204	0
2168	208	0
2169	231	0
2170	211	0
2171	192	0
2172	200	0
2173	192	0
2174	195	0
2175	184	0
2176	199	0
2177	199	0
2178	181	0
2179	206	0
2180	210	0
2181	194	0
2182	175	0
2183	210	0
2184	192	0
2185	221	0
2186	181	0
2187	188	0
2188	181	0
2189	209	0
2190	203	0
2191	205	0
2192	203	0
2193	190	0
2194	195	0
2195	215	0
2196	217	0
2197	194	0
2198	195	0
2199	193	0
2200	196	0
2201	215	0
2202	203	0
2203	186	0
2204	209	0
2205	180	0
2206	215	0
2207	194	0
2208	212	0
2209	203	0
2210	199	0
2211	209	0
2212	203	0
2213	196	0
2214	193	0
2215	200	0
2216	206	0
2217	205	0
2218	225	0
2219	189	0
2220	200	0
2221	195	0
2222	182	0
2223	200	0
2224	220	0
2225	184	0
2226	222	0
2227	196	0
2228	199	0
2229	199	0
2230	208	0
2231	183	0
2232	224	0
2233	218	0
2234	211	0
2235	205	0
2236	199	0
2237	199	0
2238	195	0
2239	188	0
2240	204	0
2241	178	0
2242	200	0
2243	196	0
2244	204	0
2245	200	0
2246	194	0
2247	197	0
2248	199	0
2249	221	0
2250	217	0
2251	203	0
2252	214	0
2253	196	0
2254	213	0
2255	202	0
2256	194	0
2257	212	0
2258	204	0
2259	205	0
2260	184	0
2261	179	0
2262	205	0
2263	209	0
2264	185	0
2265	168	0
2266	184	0
2267	204	0
2268	196	0
2269	227	0
2270	194	0
2271	203	0
2272	186	0
2273	201	0
2274	180	0
2275	198	0
2276	201	0
2277	216	0
2278	179	0
2279	228	0
2280	229	0
2281	211	0
2282	187	0
2283	212	0
2284	196	0
2285	220	0
2286	221	0
2287	195	0
2288	196	0
2289	174	0
2290	174	0
2291	204	0
2292	192	0
2293	185	0
2294	199	0
2295	219	0
2296	188	0
2297	212	0
2298	197	0
2299	168	0
2300	191	0
2301	167	0
2302	189	0
2303	204	0
2304	197	0
2305	210	0
2306	198	0
2307	191	0
2308	179	0
2309	205	0
2310	187	0
2311	184	0
2312	213	0
2313	178	0
2314	171	0
2315	199	0
2316	180	0
2317	192	0
2318	204	0
2319	177	0
2320	201	0
2321	213	0
2322	191	0
2323	199	0
2324	211	0
2325	190	0
2326	182	0
2327	198	0
2328	183	0
2329	211	0
2330	195	0
2331	211	0
2332	210	0
2333	226	0
2334	209	0
2335	206	0
2336	214	0
2337	196	0
2338	187	0
2339	192	0
2340	202	0
2341	215	0
2342	219	0
2343	232	0
2344	204	0
2345	203	0
2346	196	0
2347	190	0
2348	204	0
2349	212	0
2350	215	0
2351	184	0
2352	198	0
2353	183	0
2354	215	0
2355	200	0
2356	202	0
2357	203	0
2358	226	0
2359	181	0
2360	190	0
2361	204	0
2362	190	0
2363	220	0
2364	215	0
2365	190	0
2366	203	0
2367	195	0
2368	197	0
2369	176	0
2370	223	0
2371	190	0
2372	201	0
2373	200	0
2374	200	0
2375	194	0
2376	172	0
2377	227	0
2378	193	0
2379	202	0
2380	222	0
2381	172	0
2382	219	0
2383	185	0
2384	207	0
2385	201	0
2386	179	0
2387	185	0
2388	199	0
2389	195	0
2390	192	0
2391	179	0
2392	204	0
2393	189	0
2394	169	0
2395	211	0
2396	210	0
2397	219	0
2398	210	0
2399	208	0
2400	188	0
2401	175	0
2402	202	0
2403	216	0
2404	222	0
2405	182	0
2406	181	0
2407	214	0
2408	182	0
2409	207	0
2410	201	0
2411	194	0
2412	201	0
2413	198	0
2414	210	0
2415	200	0
2416	200	0
2417	195	0
2418	194	0
2419	209	0
2420	189	0
2421	195	0
2422	204	0
2423	207	0
2424	201	0
2425	190	0
2426	199	0
2427	215	0
2428	191	0
2429	177	0
2430	205	0
2431	215	0
2432	186	0
2433	197	0
2434	177	0
2435	197	0
2436	188	0
2437	210	0
2438	196	0
2439	192	0
2440	215	0
2441	190	0
2442	212	0
2443	181	0
2444	194	0
2445	182	0
2446	215	0
2447	220	0
2448	172	0
2449	191	0
2450	189	0
2451	202	0
2452	189	0
2453	194	0
2454	188	0
2455	203	0
2456	218	0
2457	197	0
2458	210	0
2459	188	0
2460	192	0
2461	191	0
2462	194	0
2463	238	0
2464	186	0
2465	177	0
2466	211	0
2467	205	0
2468	188	0
2469	204	0
2470	193	0
2471	203	0
2472	177	0
2473	172	0
2474	217	0
2475	195	0
2476	180	0
2477	226	0
2478	202	0
2479	186	0
2480	209	0
2481	174	0
2482	188	0
2483	182	0
2484	214	0
2485	211	0
2486	198	0
2487	199	0
2488	181	0
2489	175	0
2490	188	0
2491	206	0
2492	207	0
2493	205	0
2494	182	0
2495	196	0
2496	203	0
2497	209	0
2498	178	0
2499	207	0
2500	215	0
2501	208	0
2502	195	0
2503	189	0
2504	191	0
2505	198	0
2506	170	0
2507	178	0
2508	197	0
2509	191	0
2510	180	0
2511	218	0
2512	210	0
2513	189	0
2514	199	0
2515	181	0
2516	226	0
2517	203	0
2518	207	0
2519	210	0
2520	210	0
2521	190	0
2522	225	0
2523	205	0
2524	185	0
2525	212	0
2526	220	0
2527	223	0
2528	211	0
2529	173	0
2530	209	0
2531	184	0
2532	207	0
2533	204	0
2534	215	0
2535	180	0
2536	201	0
2537	216	0
2538	183	0
2539	203	0
2540	239	0
2541	224	0
2542	189	0
2543	185	0
2544	201	0
2545	199	0
2546	180	0
2547	215	0
2548	214	0
2549	216	0
2550	215	0
2551	213	0
2552	186	0
2553	214	0
2554	184	0
2555	198	0
2556	220	0
2557	172	0
2558	184	0
2559	187	0
2560	192	0
2561	201	0
2562	213	0
2563	191	0
2564	187	0
2565	196	0
2566	221	0
2567	209	0
2568	207	0
2569	195	0
2570	200	0
2571	198	0
2572	198	0
2573	186	0
2574	202	0
2575	199	0
2576	180	0
2577	215	0
2578	201	0
2579	204	0
2580	199	0
2581	185	0
2582	196	0
2583	233	0
2584	211	0
2585	210	0
2586	191	0
2587	206	0
2588	203	0
2589	195	0
2590	180	0
2591	215	0
2592	192	0
2593	203	0
2594	172	0
2595	189	0
2596	198	0
2597	183	0
2598	218	0
2599	195	0
2600	204	0
2601	207	0
2602	191	0
2603	221	0
2604	210	0
2605	196	0
2606	200	0
2607	175	0
2608	208	0
2609	215	0
2610	209	0
2611	207	0
2612	226	0
2613	190	0
2614	191	0
2615	207	0
2616	196	0
2617	172	0
2618	186	0
2619	205	0
2620	192	0
2621	163	0
2622	204	0
2623	191	0
2624	169	0
2625	229	0
2626	209	0
2627	191	0
2628	190	0
2629	194	0
2630	190	0
2631	216	0
2632	192	0
2633	168	0
2634	213	0
2635	217	0
2636	213	0
2637	189	0
2638	176	0
2639	186	0
2640	219	0
2641	198	0
2642	202	0
2643	175	0
2644	206	0
2645	197	0
2646	178	0
2647	184	0
2648	211	0
2649	193	0
2650	174	0
2651	208	0
2652	232	0
2653	218	0
2654	163	0
2655	202	0
2656	217	0
2657	177	0
2658	200	0
2659	193	0
2660	208	0
2661	213	0
2662	169	0
2663	202	0
2664	188	0
2665	190	0
2666	207	0
2667	182	0
2668	200	0
2669	186	0
2670	178	0
2671	203	0
2672	193	0
2673	217	0
2674	204	0
2675	192	0
2676	175	0
2677	205	0
2678	187	0
2679	209	0
2680	180	0
2681	190	0
2682	199	0
2683	205	0
2684	186	0
2685	209	0
2686	196	0
2687	174	0
2688	206	0
2689	210	0
2690	240	0
2691	184	0
2692	176	0
2693	209	0
2694	205	0
2695	187	0
2696	194	0
2697	196	0
2698	221	0
2699	199	0
2700	190	0
2701	184	0
2702	186	0
2703	188	0
2704	190	0
2705	206	0
2706	195	0
2707	196	0
2708	204	0
2709	185	0
2710	196	0
2711	218	0
2712	214	0
2713	217	0
2714	217	0
2715	215	0
2716	239	0
2717	226	0
2718	214	0
2719	178	0
2720	197	0
2721	219	0
2722	219	0
2723	185	0
2724	206	0
2725	189	0
2726	174	0
2727	209	0
2728	194	0
2729	183	0
2730	191	0
2731	190	0
2732	182	0
2733	201	0
2734	205	0
2735	201	0
2736	182	0
2737	223	0
2738	175	0
2739	204	0
2740	240	0
2741	193	0
2742	177	0
2743	214	0
2744	201	0
2745	196	0
2746	210	0
2747	202	0
2748	179	0
2749	216	0
2750	216	0
2751	215	0
2752	201	0
2753	210	0
2754	206	0
2755	213	0
2756	191	0
2757	194	0
2758	187	0
2759	188	0
2760	201	0
2761	177	0
2762	208	0
2763	192	0
2764	197	0
2765	202	0
2766	200	0
2767	212	0
2768	197	0
2769	207	0
2770	199	0
2771	192	0
2772	208	0
2773	177	0
2774	197	0
2775	205	0
2776	210	0
2777	185	0
2778	189	0
2779	183	0
2780	222	0
2781	191	0
2782	212	0
2783	204	0
2784	204	0
2785	199	0
2786	192	0
2787	191	0
2788	208	0
2789	169	0
2790	185	0
2791	188	0
2792	206	0
2793	198	0
2794	206	0
2795	188	0
2796	185	0
2797	203	0
2798	205	0
2799	220	0
2800	195	0
2801	186	0
2802	190	0
2803	196	0
2804	209	0
2805	218	0
2806	207	0
2807	196	0
2808	202	0
2809	184	0
2810	218	0
2811	200	0
2812	200	0
2813	185	0
2814	174	0
2815	219	0
2816	221	0
2817	167	0
2818	207	0
2819	201	0
2820	190	0
2821	208	0
2822	202	0
2823	194	0
2824	207	0
2825	198	0
2826	209	0
2827	185	0
2828	223	0
2829	192	0
2830	204	0
2831	213	0
2832	182	0
2833	196	0
2834	198	0
2835	213	0
2836	211	0
2837	216	0
2838	215	0
2839	221	0
2840	191	0
2841	194	0
2842	172	0
2843	180	0
2844	210	0
2845	219	0
2846	238	0
2847	191	0
2848	212	0
2849	203	0
2850	197	0
2851	179	0
2852	192	0
2853	227	0
2854	203	0
2855	202	0
2856	175	0
2857	174	0
2858	208	0
2859	199	0
2860	206	0
2861	203	0
2862	194	0
2863	200	0
2864	214	0
2865	201	0
2866	200	0
2867	198	0
2868	204	0
2869	201	0
2870	212	0
2871	208	0
2872	203	0
2873	223	0
2874	199	0
2875	189	0
2876	185	0
2877	174	0
2878	181	0
2879	164	0
2880	209	0
2881	168	0
2882	214	0
2883	191	0
2884	192	0
2885	231	0
2886	214	0
2887	211	0
2888	196	0
2889	198	0
2890	198	0
2891	192	0
2892	206	0
2893	210	0
2894	191	0
2895	186	0
2896	187	0
2897	208	0
2898	204	0
2899	223	0
2900	199	0
2901	177	0
2902	186	0
2903	191	0
2904	199	0
2905	186	0
2906	175	0
2907	190	0
2908	226	0
2909	210	0
2910	204	0
2911	202	0
2912	193	0
2913	223	0
2914	208	0
2915	194	0
2916	181	0
2917	227	0
2918	211	0
2919	221	0
2920	180	0
2921	208	0
2922	189	0
2923	203	0
2924	193	0
2925	195	0
2926	220	0
2927	191	0
2928	182	0
2929	173	0
2930	185	0
2931	198	0
2932	185	0
2933	202	0
2934	190	0
2935	196	0
2936	223	0
2937	197	0
2938	212	0
2939	184	0
2940	180	0
2941	175	0
2942	221	0
2943	215	0
2944	211	0
2945	201	0
2946	196	0
2947	175	0
2948	198	0
2949	178	0
2950	209	0
2951	195	0
2952	197	0
2953	168	0
2954	202	0
2955	194	0
2956	238	0
2957	194	0
2958	180	0
2959	211	0
2960	193	0
2961	209	0
2962	197	0
2963	192	0
2964	202	0
2965	182	0
2966	176	0
2967	212	0
2968	211	0
2969	174	0
2970	185	0
2971	230	0
2972	189	0
2973	226	0
2974	191	0
2975	206	0
2976	176	0
2977	193	0
2978	200	0
2979	202	0
2980	206	0
2981	192	0
2982	168	0
2983	206	0
2984	227	0
2985	206	0
2986	203	0
2987	191	0
2988	221	0
2989	216	0
2990	192	0
2991	227	0
2992	206	0
2993	200	0
2994	204	0
2995	192	0
2996	194	0
2997	208	0
2998	159	0
2999	186	0
3000	206	0
