1	195	0
2	202	0
3	213	0
4	184	0
5	205	0
6	203	0
7	202	0
8	204	0
9	189	0
10	207	0
11	210	0
12	212	0
13	205	0
14	193	0
15	226	0
16	194	0
17	193	0
18	179	0
19	236	0
20	196	0
21	202	0
22	209	0
23	220	0
24	200	0
25	183	0
26	205	0
27	229	0
28	181	0
29	205	0
30	184	0
31	189	0
32	182	0
33	216	0
34	212	0
35	194	0
36	187	0
37	213	0
38	196	0
39	223	0
40	229	0
41	208	0
42	213	0
43	205	0
44	189	0
45	171	0
46	194	0
47	200	0
48	206	0
49	182	0
50	219	0
51	210	0
52	185	0
53	185	0
54	186	0
55	194	0
56	167	0
57	202	0
58	226	0
59	195	0
60	212	0
61	227	0
62	187	0
63	191	0
64	181	0
65	213	0
66	208	0
67	204	0
68	180	0
69	197	0
70	187	0
71	199	0
72	213	0
73	195	0
74	173	0
75	218	0
76	199	0
77	204	0
78	196	0
79	200	0
80	187	0
81	198	0
82	226	0
83	182	0
84	193	0
85	199	0
86	201	0
87	199	0
88	194	0
89	194	0
90	202	0
91	185	0
92	197	0
93	206	0
94	183	0
95	191	0
96	206	0
97	190	0
98	202	0
99	201	0
100	212	0
101	192	0
102	231	0
103	203	0
104	199	0
105	198	0
106	210	0
107	193	0
108	193	0
109	210	0
110	225	0
111	216	0
112	190	0
113	197	0
114	202	0
115	217	0
116	192	0
117	182	0
118	202	0
119	245	0
120	196	0
121	191	0
122	193	0
123	209	0
124	217	0
125	202	0
126	201	0
127	186	0
128	208	0
129	205	0
130	209	0
131	213	0
132	201	0
133	211	0
134	198	0
135	202	0
136	168	0
137	224	0
138	207	0
139	216	0
140	180	0
141	203	0
142	206	0
143	219	0
144	224	0
145	213	0
146	180	0
147	200	0
148	198	0
149	187	0
150	205	0
151	189	0
152	214	0
153	200	0
154	189	0
155	182	0
156	224	0
157	247	0
158	214	0
159	196	0
160	195	0
161	165	0
162	179	0
163	204	0
164	181	0
165	171	0
166	183	0
167	203	0
168	196	0
169	204	0
170	208	0
171	158	0
172	202	0
173	204	0
174	221	0
175	187	0
176	199	0
177	190	0
178	200	0
179	190	0
180	219	0
181	192	0
182	217	0
183	198	0
184	215	0
185	180	0
186	167	0
187	205	0
188	227	0
189	206	0
190	224	0
191	206	0
192	196	0
193	183	0
194	190	0
195	188	0
196	196	0
197	215	0
198	205	0
199	181	0
200	194	0
201	213	0
202	202	0
203	204	0
204	176	0
205	198	0
206	187	0
207	199	0
208	195	0
209	185	0
210	196	0
211	221	0
212	194	0
213	189	0
214	174	0
215	170	0
216	216	0
217	196	0
218	180	0
219	218	0
220	178	0
221	217	0
222	194	0
223	168	0
224	186	0
225	192	0
226	197	0
227	214	0
228	202	0
229	211	0
230	191	0
231	212	0
232	204	0
233	200	0
234	208	0
235	210	0
236	196	0
237	186	0
238	181	0
239	195	0
240	179	0
241	221	0
242	206	0
243	224	0
244	199	0
245	201	0
246	191	0
247	224	0
248	205	0
249	169	0
250	208	0
251	204	0
252	223	0
253	178	0
254	189	0
255	205	0
256	196	0
257	213	0
258	181	0
259	173	0
260	210	0
261	187	0
262	220	0
263	214	0
264	188	0
265	217	0
266	192	0
267	170	0
268	214	0
269	188	0
270	169	0
271	207	0
272	175	0
273	190	0
274	195	0
275	194	0
276	185	0
277	198	0
278	195	0
279	193	0
280	208	0
281	176	0
282	187	0
283	191	0
284	190	0
285	209	0
286	188	0
287	186	0
288	191	0
289	193	0
290	189	0
291	198	0
292	172	0
293	187	0
294	189	0
295	192	0
296	195	0
297	199	0
298	194	0
299	181	0
300	201	0
301	195	0
302	191	0
303	195	0
304	200	0
305	183	0
306	208	0
307	177	0
308	190	0
309	210	0
310	212	0
311	201	0
312	187	0
313	202	0
314	177	0
315	175	0
316	230	0
317	209	0
318	213	0
319	196	0
320	220	0
321	200	0
322	184	0
323	216	0
324	184	0
325	195	0
326	225	0
327	222	0
328	194	0
329	194	0
330	189	0
331	210	0
332	214	0
333	210	0
334	197	0
335	184	0
336	188	0
337	199	0
338	182	0
339	192	0
340	214	0
341	199	0
342	199	0
343	195	0
344	203	0
345	206	0
346	199	0
347	209	0
348	205	0
349	177	0
350	214	0
351	168	0
352	183	0
353	182	0
354	207	0
355	187	0
356	205	0
357	198	0
358	229	0
359	219	0
360	200	0
361	181	0
362	211	0
363	181	0
364	189	0
365	198	0
366	177	0
367	180	0
368	163	0
369	194	0
370	202	0
371	178	0
372	198	0
373	206	0
374	202	0
375	202	0
376	209	0
377	193	0
378	213	0
379	176	0
380	217	0
381	211	0
382	181	0
383	220	0
384	183	0
385	195	0
386	181	0
387	193	0
388	188	0
389	191	0
390	192	0
391	188	0
392	223	0
393	178	0
394	193	0
395	198	0
396	213	0
397	173	0
398	172	0
399	200	0
400	208	0
401	188	0
402	186	0
403	214	0
404	201	0
405	191	0
406	176	0
407	204	0
408	196	0
409	204	0
410	201	0
411	203	0
412	219	0
413	199	0
414	196	0
415	194	0
416	199	0
417	216	0
418	196	0
419	196	0
420	208	0
421	206	0
422	163	0
423	218	0
424	200	0
425	200	0
426	185	0
427	220	0
428	173	0
429	167	0
430	208	0
431	177	0
432	225	0
433	176	0
434	213	0
435	196	0
436	199	0
437	222	0
438	170	0
439	197	0
440	209	0
441	190	0
442	203	0
443	212	0
444	200	0
445	224	0
446	184	0
447	202	0
448	174	0
449	175	0
450	203	0
451	171	0
452	203	0
453	202	0
454	203	0
455	200	0
456	181	0
457	209	0
458	205	0
459	197	0
460	225	0
461	193	0
462	193	0
463	209	0
464	220	0
465	189	0
466	181	0
467	182	0
468	176	0
469	187	0
470	207	0
471	193	0
472	216	0
473	192	0
474	194	0
475	195	0
476	211	0
477	201	0
478	185	0
479	203	0
480	195	0
481	242	0
482	184	0
483	199	0
484	221	0
485	188	0
486	191	0
487	205	0
488	210	0
489	174	0
490	200	0
491	179	0
492	211	0
493	222	0
494	210	0
495	196	0
496	216	0
497	166	0
498	192	0
499	184	0
500	197	0
501	196	0
502	203	0
503	198	0
504	178	0
505	207	0
506	225	0
507	197	0
508	196	0
509	174	0
510	195	0
511	213	0
512	193	0
513	194	0
514	191	0
515	172	0
516	221	0
517	202	0
518	208	0
519	208	0
520	200	0
521	192	0
522	186	0
523	207	0
524	179	0
525	185	0
526	201	0
527	193	0
528	211	0
529	200	0
530	199	0
531	163	0
532	197	0
533	177	0
534	204	0
535	197	0
536	202	0
537	176	0
538	212	0
539	177	0
540	224	0
541	212	0
542	164	0
543	174	0
544	180	0
545	203	0
546	209	0
547	202	0
548	178	0
549	193	0
550	198	0
551	177	0
552	173	0
553	185	0
554	182	0
555	190	0
556	183	0
557	203	0
558	189	0
559	185	0
560	188	0
561	198	0
562	218	0
563	191	0
564	217	0
565	184	0
566	227	0
567	226	0
568	178	0
569	204	0
570	173	0
571	184	0
572	179	0
573	192	0
574	194	0
575	183	0
576	213	0
577	212	0
578	189	0
579	187	0
580	179	0
581	219	0
582	188	0
583	210	0
584	214	0
585	206	0
586	215	0
587	208	0
588	205	0
589	200	0
590	223	0
591	220	0
592	204	0
593	219	0
594	171	0
595	206	0
596	206	0
597	215	0
598	179	0
599	223	0
600	216	0
601	204	0
602	208	0
603	185	0
604	213	0
605	195	0
606	195	0
607	197	0
608	198	0
609	206	0
610	181	0
611	218	0
612	213	0
613	174	0
614	193	0
615	192	0
616	219	0
617	204	0
618	179	0
619	202	0
620	199	0
621	194	0
622	186	0
623	219	0
624	200	0
625	203	0
626	175	0
627	187	0
628	201	0
629	193	0
630	214	0
631	214	0
632	213	0
633	193	0
634	201	0
635	186	0
636	194	0
637	195	0
638	189	0
639	197	0
640	189	0
641	200	0
642	212	0
643	186	0
644	201	0
645	205	0
646	227	0
647	207	0
648	214	0
649	203	0
650	221	0
651	208	0
652	192	0
653	216	0
654	216	0
655	189	0
656	174	0
657	179	0
658	230	0
659	195	0
660	181	0
661	188	0
662	203	0
663	193	0
664	199	0
665	218	0
666	173	0
667	204	0
668	193	0
669	215	0
670	176	0
671	211	0
672	216	0
673	215	0
674	202	0
675	198	0
676	200	0
677	187	0
678	211	0
679	209	0
680	184	0
681	223	0
682	212	0
683	210	0
684	200	0
685	204	0
686	173	0
687	208	0
688	202	0
689	192	0
690	223	0
691	218	0
692	195	0
693	209	0
694	183	0
695	215	0
696	199	0
697	188	0
698	183	0
699	206	0
700	184	0
701	219	0
702	171	0
703	195	0
704	190	0
705	204	0
706	195	0
707	192	0
708	190	0
709	202	0
710	190	0
711	174	0
712	205	0
713	209	0
714	221	0
715	183	0
716	198	0
717	212	0
718	192	0
719	153	0
720	235	0
721	188	0
722	212	0
723	200	0
724	194	0
725	209	0
726	194	0
727	183	0
728	183	0
729	176	0
730	222	0
731	196	0
732	199	0
733	177	0
734	204	0
735	211	0
736	184	0
737	209	0
738	186	0
739	202	0
740	194	0
741	214	0
742	193	0
743	199	0
744	186	0
745	193	0
746	184	0
747	219	0
748	195	0
749	190	0
750	201	0
751	186	0
752	222	0
753	218	0
754	203	0
755	163	0
756	206	0
757	190	0
758	217	0
759	186	0
760	195	0
761	198	0
762	177	0
763	206	0
764	260	0
765	181	0
766	198	0
767	211	0
768	194	0
769	213	0
770	229	0
771	185	0
772	203	0
773	206	0
774	200	0
775	229	0
776	180	0
777	184	0
778	192	0
779	204	0
780	202	0
781	194	0
782	200	0
783	188	0
784	193	0
785	188	0
786	180	0
787	234	0
788	188	0
789	202	0
790	178	0
791	216	0
792	203	0
793	209	0
794	169	0
795	209	0
796	198	0
797	195	0
798	204	0
799	213	0
800	224	0
801	212	0
802	207	0
803	195	0
804	191	0
805	206	0
806	220	0
807	198	0
808	180	0
809	201	0
810	203	0
811	208	0
812	205	0
813	181	0
814	223	0
815	201	0
816	186	0
817	218	0
818	190	0
819	213	0
820	183	0
821	198	0
822	217	0
823	174	0
824	204	0
825	199	0
826	211	0
827	201	0
828	197	0
829	203	0
830	211	0
831	202	0
832	197	0
833	212	0
834	217	0
835	221	0
836	217	0
837	190	0
838	205	0
839	236	0
840	211	0
841	210	0
842	205	0
843	168	0
844	170	0
845	192	0
846	176	0
847	201	0
848	181	0
849	209	0
850	187	0
851	207	0
852	190	0
853	221	0
854	203	0
855	193	0
856	187	0
857	198	0
858	214	0
859	213	0
860	213	0
861	202	0
862	217	0
863	181	0
864	189	0
865	183	0
866	208	0
867	199	0
868	216	0
869	168	0
870	194	0
871	235	0
872	189	0
873	193	0
874	191	0
875	172	0
876	202	0
877	192	0
878	199	0
879	175	0
880	231	0
881	212	0
882	201	0
883	223	0
884	191	0
885	217	0
886	206	0
887	209	0
888	207	0
889	211	0
890	179	0
891	200	0
892	205	0
893	223	0
894	195	0
895	208	0
896	194	0
897	198	0
898	185	0
899	195	0
900	190	0
901	214	0
902	199	0
903	201	0
904	191	0
905	235	0
906	208	0
907	213	0
908	215	0
909	222	0
910	171	0
911	208	0
912	224	0
913	206	0
914	212	0
915	209	0
916	211	0
917	178	0
918	187	0
919	231	0
920	214	0
921	225	0
922	210	0
923	179	0
924	189	0
925	209	0
926	183	0
927	176	0
928	207	0
929	196	0
930	178	0
931	202	0
932	208	0
933	203	0
934	202	0
935	194	0
936	184	0
937	208	0
938	187	0
939	203	0
940	177	0
941	184	0
942	179	0
943	194	0
944	207	0
945	194	0
946	214	0
947	186	0
948	215	0
949	178	0
950	199	0
951	207	0
952	232	0
953	191	0
954	214	0
955	199	0
956	205	0
957	193	0
958	189	0
959	204	0
960	213	0
961	215	0
962	194	0
963	195	0
964	208	0
965	221	0
966	220	0
967	198	0
968	178	0
969	182	0
970	197	0
971	191	0
972	210	0
973	188	0
974	195	0
975	213	0
976	168	0
977	241	0
978	217	0
979	194	0
980	231	0
981	171	0
982	196	0
983	210	0
984	193	0
985	206	0
986	189	0
987	201	0
988	196	0
989	190	0
990	200	0
991	213	0
992	200	0
993	189	0
994	200	0
995	221	0
996	204	0
997	220	0
998	177	0
999	197	0
1000	196	0
1001	195	0
1002	199	0
1003	201	0
1004	189	0
1005	189	0
1006	189	0
1007	192	0
1008	192	0
1009	179	0
1010	174	0
1011	198	0
1012	195	0
1013	217	0
1014	185	0
1015	198	0
1016	214	0
1017	211	0
1018	195	0
1019	203	0
1020	211	0
1021	201	0
1022	171	0
1023	203	0
1024	221	0
1025	209	0
1026	209	0
1027	184	0
1028	204	0
1029	173	0
1030	196	0
1031	202	0
1032	217	0
1033	206	0
1034	209	0
1035	195	0
1036	213	0
1037	207	0
1038	214	0
1039	216	0
1040	216	0
1041	211	0
1042	200	0
1043	200	0
1044	212	0
1045	208	0
1046	204	0
1047	192	0
1048	192	0
1049	178	0
1050	218	0
1051	188	0
1052	221	0
1053	219	0
1054	207	0
1055	188	0
1056	188	0
1057	213	0
1058	190	0
1059	214	0
1060	187	0
1061	195	0
1062	198	0
1063	174	0
1064	185	0
1065	207	0
1066	181	0
1067	216	0
1068	194	0
1069	191	0
1070	206	0
1071	191	0
1072	187	0
1073	185	0
1074	207	0
1075	193	0
1076	192	0
1077	200	0
1078	208	0
1079	198	0
1080	177	0
1081	214	0
1082	211	0
1083	207	0
1084	179	0
1085	204	0
1086	184	0
1087	206	0
1088	199	0
1089	189	0
1090	188	0
1091	219	0
1092	203	0
1093	198	0
1094	211	0
1095	208	0
1096	211	0
1097	200	0
1098	209	0
1099	205	0
1100	179	0
1101	197	0
1102	207	0
1103	200	0
1104	225	0
1105	212	0
1106	203	0
1107	161	0
1108	176	0
1109	201	0
1110	197	0
1111	217	0
1112	201	0
1113	200	0
1114	192	0
1115	216	0
1116	195	0
1117	227	0
1118	204	0
1119	192	0
1120	180	0
1121	187	0
1122	184	0
1123	201	0
1124	206	0
1125	200	0
1126	186	0
1127	190	0
1128	194	0
1129	207	0
1130	211	0
1131	224	0
1132	194	0
1133	196	0
1134	237	0
1135	183	0
1136	205	0
1137	211	0
1138	193	0
1139	208	0
1140	212	0
1141	194	0
1142	205	0
1143	242	0
1144	199	0
1145	233	0
1146	222	0
1147	213	0
1148	236	0
1149	211	0
1150	190	0
1151	201	0
1152	203	0
1153	230	0
1154	216	0
1155	240	0
1156	208	0
1157	198	0
1158	201	0
1159	234	0
1160	193	0
1161	212	0
1162	236	0
1163	192	0
1164	205	0
1165	190	0
1166	215	0
1167	217	0
1168	205	0
1169	191	0
1170	175	0
1171	178	0
1172	218	0
1173	216	0
1174	191	0
1175	203	0
1176	208	0
1177	177	0
1178	207	0
1179	195	0
1180	199	0
1181	200	0
1182	216	0
1183	193	0
1184	210	0
1185	172	0
1186	224	0
1187	190	0
1188	209	0
1189	187	0
1190	178	0
1191	167	0
1192	217	0
1193	207	0
1194	180	0
1195	185	0
1196	193	0
1197	208	0
1198	202	0
1199	204	0
1200	221	0
1201	194	0
1202	174	0
1203	198	0
1204	200	0
1205	209	0
1206	206	0
1207	207	0
1208	201	0
1209	197	0
1210	203	0
1211	191	0
1212	213	0
1213	207	0
1214	201	0
1215	214	0
1216	215	0
1217	214	0
1218	175	0
1219	204	0
1220	218	0
1221	211	0
1222	211	0
1223	194	0
1224	194	0
1225	194	0
1226	198	0
1227	187	0
1228	208	0
1229	208	0
1230	190	0
1231	194	0
1232	200	0
1233	193	0
1234	202	0
1235	210	0
1236	213	0
1237	231	0
1238	186	0
1239	214	0
1240	192	0
1241	215	0
1242	196	0
1243	189	0
1244	193	0
1245	200	0
1246	164	0
1247	160	0
1248	187	0
1249	205	0
1250	199	0
1251	192	0
1252	197	0
1253	196	0
1254	187	0
1255	200	0
1256	187	0
1257	205	0
1258	205	0
1259	207	0
1260	211	0
1261	202	0
1262	180	0
1263	222	0
1264	207	0
1265	200	0
1266	208	0
1267	185	0
1268	209	0
1269	213	0
1270	201	0
1271	161	0
1272	185	0
1273	206	0
1274	216	0
1275	202	0
1276	199	0
1277	193	0
1278	206	0
1279	191	0
1280	200	0
1281	202	0
1282	212	0
1283	197	0
1284	184	0
1285	202	0
1286	196	0
1287	194	0
1288	193	0
1289	199	0
1290	199	0
1291	191	0
1292	206	0
1293	191	0
1294	210	0
1295	200	0
1296	208	0
1297	223	0
1298	175	0
1299	186	0
1300	194	0
1301	206	0
1302	213	0
1303	176	0
1304	199	0
1305	197	0
1306	223	0
1307	193	0
1308	217	0
1309	193	0
1310	213	0
1311	226	0
1312	198	0
1313	232	0
1314	218	0
1315	211	0
1316	207	0
1317	214	0
1318	198	0
1319	191	0
1320	181	0
1321	194	0
1322	213	0
1323	179	0
1324	216	0
1325	174	0
1326	202	0
1327	196	0
1328	211	0
1329	189	0
1330	192	0
1331	194	0
1332	204	0
1333	207	0
1334	206	0
1335	191	0
1336	193	0
1337	206	0
1338	211	0
1339	194	0
1340	199	0
1341	177	0
1342	221	0
1343	200	0
1344	203	0
1345	216	0
1346	174	0
1347	212	0
1348	195	0
1349	197	0
1350	232	0
1351	213	0
1352	204	0
1353	189	0
1354	215	0
1355	206	0
1356	210	0
1357	206	0
1358	198	0
1359	193	0
1360	184	0
1361	213	0
1362	183	0
1363	208	0
1364	162	0
1365	218	0
1366	196	0
1367	177	0
1368	178	0
1369	205	0
1370	195	0
1371	184	0
1372	197	0
1373	178	0
1374	216	0
1375	197	0
1376	192	0
1377	182	0
1378	189	0
1379	180	0
1380	189	0
1381	202	0
1382	217	0
1383	185	0
1384	185	0
1385	219	0
1386	213	0
1387	194	0
1388	177	0
1389	202	0
1390	186	0
1391	196	0
1392	220	0
1393	202	0
1394	208	0
1395	198	0
1396	221	0
1397	198	0
1398	204	0
1399	198	0
1400	206	0
1401	212	0
1402	192	0
1403	206	0
1404	193	0
1405	193	0
1406	160	0
1407	210	0
1408	187	0
1409	201	0
1410	219	0
1411	196	0
1412	188	0
1413	207	0
1414	198	0
1415	231	0
1416	210	0
1417	188	0
1418	186	0
1419	214	0
1420	216	0
1421	187	0
1422	196	0
1423	192	0
1424	216	0
1425	197	0
1426	201	0
1427	201	0
1428	212	0
1429	193	0
1430	207	0
1431	168	0
1432	222	0
1433	189	0
1434	181	0
1435	191	0
1436	186	0
1437	205	0
1438	190	0
1439	188	0
1440	193	0
1441	187	0
1442	203	0
1443	183	0
1444	216	0
1445	247	0
1446	189	0
1447	202	0
1448	197	0
1449	190	0
1450	215	0
1451	190	0
1452	215	0
1453	193	0
1454	202	0
1455	194	0
1456	208	0
1457	193	0
1458	217	0
1459	201	0
1460	211	0
1461	187	0
1462	196	0
1463	166	0
1464	188	0
1465	178	0
1466	209	0
1467	213	0
1468	201	0
1469	191	0
1470	170	0
1471	187	0
1472	210	0
1473	179	0
1474	178	0
1475	205	0
1476	210	0
1477	182	0
1478	199	0
1479	195	0
1480	191	0
1481	202	0
1482	200	0
1483	199	0
1484	189	0
1485	185	0
1486	201	0
1487	187	0
1488	200	0
1489	188	0
1490	225	0
1491	180	0
1492	208	0
1493	217	0
1494	194	0
1495	182	0
1496	189	0
1497	177	0
1498	179	0
1499	190	0
1500	209	0
1501	213	0
1502	185	0
1503	184	0
1504	192	0
1505	199	0
1506	197	0
1507	170	0
1508	218	0
1509	187	0
1510	189	0
1511	199	0
1512	203	0
1513	201	0
1514	203	0
1515	195	0
1516	189	0
1517	199	0
1518	224	0
1519	188	0
1520	197	0
1521	169	0
1522	201	0
1523	184	0
1524	186	0
1525	204	0
1526	207	0
1527	165	0
1528	223	0
1529	192	0
1530	193	0
1531	183	0
1532	192	0
1533	189	0
1534	210	0
1535	204	0
1536	191	0
1537	218	0
1538	208	0
1539	204	0
1540	191	0
1541	227	0
1542	198	0
1543	153	0
1544	215	0
1545	203	0
1546	191	0
1547	171	0
1548	211	0
1549	195	0
1550	188	0
1551	219	0
1552	190	0
1553	169	0
1554	195	0
1555	168	0
1556	178	0
1557	229	0
1558	195	0
1559	197	0
1560	181	0
1561	211	0
1562	238	0
1563	241	0
1564	210	0
1565	183	0
1566	187	0
1567	193	0
1568	213	0
1569	212	0
1570	195	0
1571	198	0
1572	218	0
1573	208	0
1574	211	0
1575	179	0
1576	198	0
1577	198	0
1578	202	0
1579	214	0
1580	192	0
1581	210	0
1582	214	0
1583	198	0
1584	211	0
1585	188	0
1586	192	0
1587	195	0
1588	218	0
1589	190	0
1590	238	0
1591	184	0
1592	212	0
1593	195	0
1594	228	0
1595	202	0
1596	220	0
1597	185	0
1598	187	0
1599	189	0
1600	204	0
1601	179	0
1602	184	0
1603	191	0
1604	219	0
1605	196	0
1606	218	0
1607	183	0
1608	192	0
1609	189	0
1610	226	0
1611	201	0
1612	176	0
1613	205	0
1614	193	0
1615	188	0
1616	189	0
1617	200	0
1618	214	0
1619	199	0
1620	172	0
1621	232	0
1622	206	0
1623	200	0
1624	173	0
1625	198	0
1626	176	0
1627	178	0
1628	187	0
1629	200	0
1630	197	0
1631	190	0
1632	194	0
1633	198	0
1634	168	0
1635	195	0
1636	173	0
1637	215	0
1638	204	0
1639	184	0
1640	202	0
1641	210	0
1642	179	0
1643	182	0
1644	183	0
1645	220	0
1646	190	0
1647	196	0
1648	217	0
1649	194	0
1650	201	0
1651	203	0
1652	184	0
1653	212	0
1654	209	0
1655	218	0
1656	207	0
1657	212	0
1658	217	0
1659	206	0
1660	163	0
1661	199	0
1662	211	0
1663	197	0
1664	172	0
1665	207	0
1666	215	0
1667	208	0
1668	195	0
1669	222	0
1670	208	0
1671	213	0
1672	193	0
1673	206	0
1674	187	0
1675	198	0
1676	208	0
1677	210	0
1678	219	0
1679	201	0
1680	193	0
1681	214	0
1682	195	0
1683	258	0
1684	212	0
1685	185	0
1686	170	0
1687	184	0
1688	216	0
1689	193	0
1690	208	0
1691	204	0
1692	192	0
1693	178	0
1694	215	0
1695	197	0
1696	204	0
1697	205	0
1698	201	0
1699	216	0
1700	194	0
1701	225	0
1702	188	0
1703	218	0
1704	187	0
1705	187	0
1706	209	0
1707	208	0
1708	189	0
1709	224	0
1710	212	0
1711	222	0
1712	190	0
1713	191	0
1714	223	0
1715	199	0
1716	212	0
1717	233	0
1718	215	0
1719	198	0
1720	208	0
1721	185	0
1722	199	0
1723	197	0
1724	184	0
1725	198	0
1726	182	0
1727	211	0
1728	191	0
1729	185	0
1730	192	0
1731	175	0
1732	207	0
1733	209	0
1734	187	0
1735	234	0
1736	200	0
1737	219	0
1738	200	0
1739	194	0
1740	206	0
1741	166	0
1742	194	0
1743	212	0
1744	190	0
1745	198	0
1746	185	0
1747	216	0
1748	160	0
1749	195	0
1750	203	0
1751	175	0
1752	193	0
1753	193	0
1754	195	0
1755	214	0
1756	187	0
1757	205	0
1758	215	0
1759	193	0
1760	210	0
1761	196	0
1762	216	0
1763	209	0
1764	206	0
1765	206	0
1766	201	0
1767	215	0
1768	198	0
1769	207	0
1770	165	0
1771	201	0
1772	237	0
1773	202	0
1774	187	0
1775	176	0
1776	205	0
1777	215	0
1778	209	0
1779	194	0
1780	182	0
1781	222	0
1782	227	0
1783	174	0
1784	207	0
1785	214	0
1786	210	0
1787	168	0
1788	206	0
1789	210	0
1790	208	0
1791	206	0
1792	176	0
1793	173	0
1794	204	0
1795	181	0
1796	200	0
1797	218	0
1798	201	0
1799	199	0
1800	183	0
1801	206	0
1802	205	0
1803	196	0
1804	207	0
1805	189	0
1806	176	0
1807	212	0
1808	208	0
1809	214	0
1810	204	0
1811	209	0
1812	208	0
1813	218	0
1814	188	0
1815	212	0
1816	200	0
1817	189	0
1818	247	0
1819	215	0
1820	196	0
1821	200	0
1822	196	0
1823	206	0
1824	206	0
1825	218	0
1826	187	0
1827	202	0
1828	175	0
1829	167	0
1830	215	0
1831	193	0
1832	219	0
1833	182	0
1834	208	0
1835	174	0
1836	198	0
1837	206	0
1838	186	0
1839	209	0
1840	204	0
1841	195	0
1842	193	0
1843	194	0
1844	179	0
1845	211	0
1846	201	0
1847	219	0
1848	188	0
1849	217	0
1850	214	0
1851	201	0
1852	185	0
1853	203	0
1854	171	0
1855	211	0
1856	194	0
1857	195	0
1858	193	0
1859	172	0
1860	181	0
1861	188	0
1862	215	0
1863	184	0
1864	190	0
1865	182	0
1866	185	0
1867	190	0
1868	190	0
1869	216	0
1870	183	0
1871	209	0
1872	205	0
1873	212	0
1874	205	0
1875	215	0
1876	195	0
1877	194	0
1878	207	0
1879	222	0
1880	205	0
1881	229	0
1882	190	0
1883	185	0
1884	211	0
1885	195	0
1886	194	0
1887	186	0
1888	209	0
1889	207	0
1890	183	0
1891	241	0
1892	205	0
1893	175	0
1894	196	0
1895	193	0
1896	179	0
1897	207	0
1898	186	0
1899	200	0
1900	195	0
1901	227	0
1902	151	0
1903	204	0
1904	198	0
1905	186	0
1906	187	0
1907	220	0
1908	196	0
1909	214	0
1910	191	0
1911	189	0
1912	186	0
1913	232	0
1914	204	0
1915	179	0
1916	205	0
1917	195	0
1918	189	0
1919	194	0
1920	212	0
1921	182	0
1922	208	0
1923	187	0
1924	211	0
1925	199	0
1926	188	0
1927	202	0
1928	180	0
1929	199	0
1930	194	0
1931	213	0
1932	195	0
1933	207	0
1934	221	0
1935	172	0
1936	230	0
1937	186	0
1938	208	0
1939	199	0
1940	176	0
1941	199	0
1942	192	0
1943	190	0
1944	193	0
1945	193	0
1946	214	0
1947	197	0
1948	212	0
1949	189	0
1950	203	0
1951	207	0
1952	180	0
1953	197	0
1954	198	0
1955	202	0
1956	208	0
1957	186	0
1958	190	0
1959	211	0
1960	190	0
1961	215	0
1962	190	0
1963	191	0
1964	191	0
1965	183	0
1966	191	0
1967	212	0
1968	201	0
1969	214	0
1970	189	0
1971	232	0
1972	227	0
1973	206	0
1974	204	0
1975	206	0
1976	184	0
1977	184	0
1978	189	0
1979	223	0
1980	198	0
1981	195	0
1982	181	0
1983	180	0
1984	200	0
1985	214	0
1986	222	0
1987	184	0
1988	189	0
1989	218	0
1990	221	0
1991	183	0
1992	203	0
1993	220	0
1994	197	0
1995	187	0
1996	201	0
1997	186	0
1998	222	0
1999	218	0
2000	220	0
2001	196	0
2002	175	0
2003	210	0
2004	173	0
2005	206	0
2006	193	0
2007	184	0
2008	207	0
2009	173	0
2010	196	0
2011	189	0
2012	221	0
2013	212	0
2014	209	0
2015	220	0
2016	204	0
2017	205	0
2018	215	0
2019	175	0
2020	194	0
2021	200	0
2022	209	0
2023	179	0
2024	205	0
2025	217	0
2026	190	0
2027	192	0
2028	166	0
2029	224	0
2030	213	0
2031	207	0
2032	217	0
2033	204	0
2034	206	0
2035	214	0
2036	207	0
2037	204	0
2038	197	0
2039	211	0
2040	186	0
2041	189	0
2042	188	0
2043	193	0
2044	228	0
2045	217	0
2046	201	0
2047	185	0
2048	196	0
2049	196	0
2050	184	0
2051	215	0
2052	201	0
2053	199	0
2054	212	0
2055	184	0
2056	195	0
2057	175	0
2058	180	0
2059	185	0
2060	186	0
2061	214	0
2062	203	0
2063	214	0
2064	189	0
2065	208	0
2066	195	0
2067	189	0
2068	197	0
2069	175	0
2070	201	0
2071	206	0
2072	200	0
2073	198	0
2074	177	0
2075	229	0
2076	176	0
2077	169	0
2078	183	0
2079	183	0
2080	190	0
2081	205	0
2082	188	0
2083	165	0
2084	209	0
2085	197	0
2086	207	0
2087	194	0
2088	192	0
2089	192	0
2090	191	0
2091	201	0
2092	176	0
2093	191	0
2094	196	0
2095	212	0
2096	205	0
2097	191	0
2098	201	0
2099	214	0
2100	216	0
2101	204	0
2102	206	0
2103	179	0
2104	181	0
2105	196	0
2106	172	0
2107	183	0
2108	212	0
2109	198	0
2110	186	0
2111	171	0
2112	196	0
2113	183	0
2114	179	0
2115	227	0
2116	214	0
2117	183	0
2118	195	0
2119	190	0
2120	200	0
2121	204	0
2122	191	0
2123	190	0
2124	172	0
2125	204	0
2126	180	0
2127	209	0
2128	196	0
2129	190	0
2130	189	0
2131	204	0
2132	229	0
2133	201	0
2134	203	0
2135	199	0
2136	221	0
2137	184	0
2138	196	0
2139	183	0
2140	207	0
2141	199	0
2142	242	0
2143	205	0
2144	197	0
2145	215	0
2146	186	0
2147	191	0
2148	175	0
2149	210	0
2150	206	0
2151	201	0
2152	213	0
2153	184	0
2154	203	0
2155	190	0
2156	195	0
2157	213	0
2158	186	0
2159	198	0
2160	199	0
2161	211	0
2162	189	0
2163	228	0
2164	216	0
2165	227	0
2166	230	0
2167	206	0
2168	195	0
2169	206	0
2170	210	0
2171	200	0
2172	188	0
2173	202	0
2174	202	0
2175	189	0
2176	203	0
2177	180	0
2178	163	0
2179	199	0
2180	194	0
2181	206	0
2182	219	0
2183	201	0
2184	199	0
2185	170	0
2186	222	0
2187	223	0
2188	193	0
2189	212	0
2190	183	0
2191	198	0
2192	188	0
2193	178	0
2194	198	0
2195	186	0
2196	199	0
2197	242	0
2198	203	0
2199	200	0
2200	230	0
2201	195	0
2202	202	0
2203	200	0
2204	208	0
2205	216	0
2206	183	0
2207	204	0
2208	195	0
2209	169	0
2210	163	0
2211	199	0
2212	193	0
2213	186	0
2214	184	0
2215	238	0
2216	183	0
2217	181	0
2218	209	0
2219	191	0
2220	208	0
2221	197	0
2222	196	0
2223	188	0
2224	207	0
2225	213	0
2226	185	0
2227	191	0
2228	188	0
2229	194	0
2230	210	0
2231	214	0
2232	174	0
2233	190	0
2234	225	0
2235	192	0
2236	203	0
2237	208	0
2238	171	0
2239	196	0
2240	204	0
2241	214	0
2242	213	0
2243	179	0
2244	183	0
2245	204	0
2246	200	0
2247	225	0
2248	202	0
2249	202	0
2250	186	0
2251	175	0
2252	203	0
2253	198	0
2254	202	0
2255	207	0
2256	175	0
2257	212	0
2258	190	0
2259	184	0
2260	181	0
2261	185	0
2262	189	0
2263	201	0
2264	200	0
2265	201	0
2266	201	0
2267	215	0
2268	230	0
2269	210	0
2270	206	0
2271	210	0
2272	195	0
2273	207	0
2274	185	0
2275	180	0
2276	186	0
2277	199	0
2278	208	0
2279	208	0
2280	207	0
2281	196	0
2282	201	0
2283	227	0
2284	217	0
2285	190	0
2286	206	0
2287	170	0
2288	186	0
2289	191	0
2290	179	0
2291	199	0
2292	195	0
2293	173	0
2294	198	0
2295	202	0
2296	202	0
2297	209	0
2298	211	0
2299	205	0
2300	219	0
2301	210	0
2302	197	0
2303	198	0
2304	205	0
2305	185	0
2306	205	0
2307	178	0
2308	226	0
2309	208	0
2310	226	0
2311	211	0
2312	170	0
2313	203	0
2314	201	0
2315	187	0
2316	173	0
2317	198	0
2318	193	0
2319	201	0
2320	177	0
2321	193	0
2322	195	0
2323	200	0
2324	200	0
2325	182	0
2326	186	0
2327	196	0
2328	193	0
2329	203	0
2330	189	0
2331	215	0
2332	198	0
2333	205	0
2334	210	0
2335	210	0
2336	182	0
2337	194	0
2338	236	0
2339	218	0
2340	195	0
2341	188	0
2342	197	0
2343	204	0
2344	185	0
2345	193	0
2346	204	0
2347	221	0
2348	205	0
2349	209	0
2350	206	0
2351	185	0
2352	175	0
2353	199	0
2354	211	0
2355	199	0
2356	201	0
2357	194	0
2358	181	0
2359	174	0
2360	191	0
2361	185	0
2362	204	0
2363	191	0
2364	203	0
2365	207	0
2366	221	0
2367	209	0
2368	195	0
2369	225	0
2370	196	0
2371	195	0
2372	193	0
2373	203	0
2374	211	0
2375	199	0
2376	196	0
2377	186	0
2378	190	0
2379	212	0
2380	209	0
2381	180	0
2382	186	0
2383	201	0
2384	213	0
2385	188	0
2386	218	0
2387	208	0
2388	196	0
2389	175	0
2390	195	0
2391	199	0
2392	206	0
2393	197	0
2394	194	0
2395	200	0
2396	176	0
2397	217	0
2398	209	0
2399	182	0
2400	191	0
2401	198	0
2402	204	0
2403	203	0
2404	172	0
2405	221	0
2406	204	0
2407	182	0
2408	209	0
2409	181	0
2410	182	0
2411	209	0
2412	203	0
2413	189	0
2414	176	0
2415	175	0
2416	167	0
2417	186	0
2418	220	0
2419	190	0
2420	203	0
2421	202	0
2422	225	0
2423	213	0
2424	209	0
2425	224	0
2426	169	0
2427	215	0
2428	199	0
2429	225	0
2430	191	0
2431	223	0
2432	204	0
2433	178	0
2434	186	0
2435	193	0
2436	191	0
2437	223	0
2438	198	0
2439	202	0
2440	192	0
2441	197	0
2442	178	0
2443	198	0
2444	222	0
2445	194	0
2446	197	0
2447	189	0
2448	216	0
2449	198	0
2450	210	0
2451	218	0
2452	207	0
2453	210	0
2454	225	0
2455	206	0
2456	193	0
2457	195	0
2458	184	0
2459	195	0
2460	200	0
2461	216	0
2462	174	0
2463	209	0
2464	205	0
2465	198	0
2466	183	0
2467	179	0
2468	198	0
2469	188	0
2470	193	0
2471	191	0
2472	185	0
2473	190	0
2474	200	0
2475	194	0
2476	213	0
2477	220	0
2478	223	0
2479	242	0
2480	189	0
2481	194	0
2482	205	0
2483	197	0
2484	176	0
2485	213	0
2486	217	0
2487	228	0
2488	194	0
2489	208	0
2490	213	0
2491	179	0
2492	197	0
2493	181	0
2494	218	0
2495	226	0
2496	193	0
2497	181	0
2498	185	0
2499	184	0
2500	202	0
2501	197	0
2502	189	0
2503	216	0
2504	197	0
2505	213	0
2506	197	0
2507	213	0
2508	246	0
2509	226	0
2510	225	0
2511	200	0
2512	203	0
2513	200	0
2514	215	0
2515	168	0
2516	212	0
2517	197	0
2518	211	0
2519	198	0
2520	170	0
2521	195	0
2522	193	0
2523	226	0
2524	191	0
2525	196	0
2526	212	0
2527	202	0
2528	190	0
2529	180	0
2530	196	0
2531	186	0
2532	202	0
2533	199	0
2534	200	0
2535	222	0
2536	201	0
2537	177	0
2538	196	0
2539	224	0
2540	219	0
2541	231	0
2542	189	0
2543	216	0
2544	196	0
2545	193	0
2546	211	0
2547	205	0
2548	177	0
2549	220	0
2550	203	0
2551	209	0
2552	172	0
2553	203	0
2554	215	0
2555	207	0
2556	191	0
2557	192	0
2558	201	0
2559	198	0
2560	216	0
2561	210	0
2562	189	0
2563	204	0
2564	179	0
2565	212	0
2566	169	0
2567	201	0
2568	206	0
2569	203	0
2570	202	0
2571	216	0
2572	200	0
2573	203	0
2574	201	0
2575	213	0
2576	203	0
2577	216	0
2578	212	0
2579	198	0
2580	174	0
2581	215	0
2582	203	0
2583	185	0
2584	187	0
2585	195	0
2586	189	0
2587	195	0
2588	182	0
2589	215	0
2590	208	0
2591	200	0
2592	207	0
2593	209	0
2594	206	0
2595	180	0
2596	227	0
2597	181	0
2598	192	0
2599	229	0
2600	226	0
2601	210	0
2602	216	0
2603	213	0
2604	198	0
2605	199	0
2606	186	0
2607	197	0
2608	204	0
2609	191	0
2610	186	0
2611	196	0
2612	243	0
2613	201	0
2614	186	0
2615	222	0
2616	193	0
2617	200	0
2618	212	0
2619	205	0
2620	183	0
2621	192	0
2622	197	0
2623	201	0
2624	202	0
2625	211	0
2626	211	0
2627	195	0
2628	196	0
2629	201	0
2630	206	0
2631	194	0
2632	191	0
2633	176	0
2634	216	0
2635	183	0
2636	214	0
2637	188	0
2638	192	0
2639	212	0
2640	204	0
2641	190	0
2642	197	0
2643	215	0
2644	203	0
2645	192	0
2646	183	0
2647	209	0
2648	182	0
2649	216	0
2650	198	0
2651	197	0
2652	203	0
2653	172	0
2654	187	0
2655	218	0
2656	187	0
2657	196	0
2658	172	0
2659	185	0
2660	203	0
2661	198	0
2662	178	0
2663	195	0
2664	191	0
2665	193	0
2666	210	0
2667	212	0
2668	186	0
2669	193	0
2670	207	0
2671	184	0
2672	192	0
2673	195	0
2674	194	0
2675	162	0
2676	192	0
2677	209	0
2678	203	0
2679	196	0
2680	227	0
2681	200	0
2682	223	0
2683	211	0
2684	182	0
2685	193	0
2686	197	0
2687	212	0
2688	212	0
2689	204	0
2690	236	0
2691	199	0
2692	218	0
2693	194	0
2694	214	0
2695	207	0
2696	207	0
2697	198	0
2698	184	0
2699	193	0
2700	173	0
2701	207	0
2702	168	0
2703	208	0
2704	194	0
2705	181	0
2706	220	0
2707	204	0
2708	181	0
2709	206	0
2710	183	0
2711	196	0
2712	189	0
2713	191	0
2714	202	0
2715	200	0
2716	222	0
2717	190	0
2718	205	0
2719	189	0
2720	197	0
2721	192	0
2722	215	0
2723	195	0
2724	187	0
2725	191	0
2726	196	0
2727	209	0
2728	177	0
2729	193	0
2730	214	0
2731	161	0
2732	184	0
2733	212	0
2734	221	0
2735	201	0
2736	196	0
2737	209	0
2738	200	0
2739	199	0
2740	201	0
2741	203	0
2742	248	0
2743	199	0
2744	204	0
2745	206	0
2746	201	0
2747	191	0
2748	198	0
2749	203	0
2750	212	0
2751	229	0
2752	213	0
2753	182	0
2754	206	0
2755	226	0
2756	167	0
2757	178	0
2758	218	0
2759	195	0
2760	201	0
2761	209	0
2762	203	0
2763	224	0
2764	194	0
2765	196	0
2766	205	0
2767	202	0
2768	193	0
2769	207	0
2770	209	0
2771	208	0
2772	196	0
2773	246	0
2774	206	0
2775	191	0
2776	215	0
2777	189	0
2778	208	0
2779	194	0
2780	196	0
2781	225	0
2782	208	0
2783	223	0
2784	194	0
2785	187	0
2786	194	0
2787	218	0
2788	178	0
2789	212	0
2790	164	0
2791	203	0
2792	198	0
2793	194	0
2794	201	0
2795	208	0
2796	210	0
2797	212	0
2798	203	0
2799	204	0
2800	191	0
2801	191	0
2802	217	0
2803	210	0
2804	200	0
2805	217	0
2806	190	0
2807	205	0
2808	178	0
2809	213	0
2810	204	0
2811	194	0
2812	179	0
2813	186	0
2814	209	0
2815	198	0
2816	202	0
2817	218	0
2818	189	0
2819	195	0
2820	179	0
2821	197	0
2822	187	0
2823	196	0
2824	174	0
2825	197	0
2826	192	0
2827	187	0
2828	186	0
2829	184	0
2830	189	0
2831	212	0
2832	204	0
2833	187	0
2834	188	0
2835	197	0
2836	188	0
2837	195	0
2838	201	0
2839	199	0
2840	194	0
2841	197	0
2842	197	0
2843	198	0
2844	200	0
2845	205	0
2846	167	0
2847	188	0
2848	197	0
2849	204	0
2850	170	0
2851	220	0
2852	182	0
2853	184	0
2854	190	0
2855	208	0
2856	205	0
2857	207	0
2858	211	0
2859	205	0
2860	196	0
2861	179	0
2862	213	0
2863	214	0
2864	196	0
2865	201	0
2866	215	0
2867	213	0
2868	205	0
2869	198	0
2870	216	0
2871	195	0
2872	194	0
2873	178	0
2874	203	0
2875	216	0
2876	183	0
2877	231	0
2878	186	0
2879	207	0
2880	193	0
2881	167	0
2882	207	0
2883	213	0
2884	204	0
2885	193	0
2886	208	0
2887	190	0
2888	180	0
2889	171	0
2890	219	0
2891	188	0
2892	205	0
2893	198	0
2894	193	0
2895	169	0
2896	195	0
2897	243	0
2898	201	0
2899	190	0
2900	192	0
2901	198	0
2902	215	0
2903	193	0
2904	204	0
2905	194	0
2906	197	0
2907	210	0
2908	206	0
2909	166	0
2910	188	0
2911	206	0
2912	196	0
2913	189	0
2914	220	0
2915	202	0
2916	218	0
2917	182	0
2918	179	0
2919	217	0
2920	199	0
2921	204	0
2922	193	0
2923	202	0
2924	204	0
2925	204	0
2926	200	0
2927	211	0
2928	235	0
2929	178	0
2930	191	0
2931	194	0
2932	201	0
2933	198	0
2934	211	0
2935	206	0
2936	197	0
2937	216	0
2938	205	0
2939	198	0
2940	215	0
2941	204	0
2942	209	0
2943	191	0
2944	203	0
2945	181	0
2946	190	0
2947	196	0
2948	197	0
2949	195	0
2950	196	0
2951	211	0
2952	195	0
2953	204	0
2954	197	0
2955	222	0
2956	191	0
2957	207	0
2958	197	0
2959	225	0
2960	195	0
2961	195	0
2962	181	0
2963	215	0
2964	175	0
2965	214	0
2966	200	0
2967	207	0
2968	186	0
2969	205	0
2970	172	0
2971	193	0
2972	202	0
2973	192	0
2974	190	0
2975	217	0
2976	202	0
2977	228	0
2978	193	0
2979	190	0
2980	211	0
2981	190	0
2982	184	0
2983	216	0
2984	202	0
2985	197	0
2986	171	0
2987	209	0
2988	185	0
2989	191	0
2990	199	0
2991	186	0
2992	208	0
2993	186	0
2994	210	0
2995	190	0
2996	196	0
2997	191	0
2998	184	0
2999	185	0
3000	211	0
