1	224	0
2	201	0
3	200	0
4	178	0
5	205	0
6	185	0
7	199	0
8	184	0
9	180	0
10	195	0
11	181	0
12	205	0
13	198	0
14	191	0
15	190	0
16	200	0
17	187	0
18	170	0
19	202	0
20	181	0
21	185	0
22	179	0
23	210	0
24	195	0
25	222	0
26	181	0
27	187	0
28	218	0
29	188	0
30	190	0
31	202	0
32	209	0
33	198	0
34	179	0
35	177	0
36	197	0
37	182	0
38	180	0
39	198	0
40	197	0
41	197	0
42	193	0
43	216	0
44	176	0
45	200	0
46	193	0
47	190	0
48	224	0
49	168	0
50	187	0
51	221	0
52	206	0
53	199	0
54	224	0
55	187	0
56	172	0
57	190	0
58	196	0
59	195	0
60	203	0
61	203	0
62	173	0
63	187	0
64	198	0
65	189	0
66	176	0
67	169	0
68	181	0
69	177	0
70	174	0
71	178	0
72	214	0
73	205	0
74	193	0
75	193	0
76	181	0
77	200	0
78	184	0
79	195	0
80	206	0
81	228	0
82	203	0
83	209	0
84	176	0
85	205	0
86	184	0
87	165	0
88	196	0
89	175	0
90	215	0
91	197	0
92	220	0
93	209	0
94	214	0
95	190	0
96	186	0
97	208	0
98	182	0
99	209	0
100	183	0
101	158	0
102	216	0
103	201	0
104	191	0
105	185	0
106	215	0
107	177	0
108	207	0
109	211	0
110	201	0
111	214	0
112	216	0
113	201	0
114	191	0
115	206	0
116	198	0
117	199	0
118	179	0
119	192	0
120	237	0
121	186	0
122	219	0
123	173	0
124	200	0
125	173	0
126	214	0
127	212	0
128	181	0
129	199	0
130	184	0
131	206	0
132	180	0
133	192	0
134	200	0
135	208	0
136	226	0
137	182	0
138	193	0
139	180	0
140	205	0
141	198	0
142	189	0
143	192	0
144	203	0
145	214	0
146	214	0
147	203	0
148	188	0
149	210	0
150	195	0
151	192	0
152	209	0
153	229	0
154	200	0
155	185	0
156	196	0
157	186	0
158	234	0
159	217	0
160	196	0
161	199	0
162	203	0
163	215	0
164	186	0
165	207	0
166	186	0
167	177	0
168	206	0
169	188	0
170	200	0
171	186	0
172	210	0
173	219	0
174	202	0
175	183	0
176	207	0
177	195	0
178	171	0
179	219	0
180	198	0
181	233	0
182	187	0
183	196	0
184	213	0
185	185	0
186	187	0
187	195	0
188	225	0
189	190	0
190	210	0
191	190	0
192	209	0
193	191	0
194	180	0
195	163	0
196	192	0
197	176	0
198	192	0
199	188	0
200	169	0
201	180	0
202	195	0
203	186	0
204	197	0
205	180	0
206	189	0
207	201	0
208	216	0
209	191	0
210	199	0
211	190	0
212	181	0
213	217	0
214	213	0
215	191	0
216	217	0
217	182	0
218	186	0
219	222	0
220	222	0
221	236	0
222	196	0
223	174	0
224	169	0
225	174	0
226	214	0
227	214	0
228	182	0
229	216	0
230	214	0
231	196	0
232	205	0
233	188	0
234	193	0
235	202	0
236	215	0
237	207	0
238	184	0
239	186	0
240	197	0
241	197	0
242	181	0
243	203	0
244	184	0
245	197	0
246	199	0
247	190	0
248	188	0
249	188	0
250	213	0
251	216	0
252	192	0
253	183	0
254	206	0
255	222	0
256	198	0
257	200	0
258	196	0
259	180	0
260	209	0
261	185	0
262	219	0
263	172	0
264	208	0
265	217	0
266	190	0
267	190	0
268	208	0
269	190	0
270	185	0
271	196	0
272	214	0
273	229	0
274	196	0
275	215	0
276	198	0
277	201	0
278	199	0
279	224	0
280	183	0
281	182	0
282	186	0
283	185	0
284	179	0
285	188	0
286	211	0
287	192	0
288	200	0
289	178	0
290	226	0
291	183	0
292	200	0
293	190	0
294	183	0
295	188	0
296	177	0
297	205	0
298	187	0
299	193	0
300	185	0
301	227	0
302	206	0
303	209	0
304	190	0
305	197	0
306	211	0
307	203	0
308	195	0
309	185	0
310	167	0
311	195	0
312	202	0
313	189	0
314	188	0
315	203	0
316	196	0
317	185	0
318	183	0
319	197	0
320	190	0
321	193	0
322	180	0
323	210	0
324	174	0
325	186	0
326	190	0
327	178	0
328	195	0
329	204	0
330	201	0
331	206	0
332	198	0
333	182	0
334	215	0
335	196	0
336	189	0
337	201	0
338	213	0
339	177	0
340	188	0
341	216	0
342	199	0
343	192	0
344	213	0
345	218	0
346	185	0
347	218	0
348	177	0
349	192	0
350	202	0
351	183	0
352	176	0
353	179	0
354	171	0
355	201	0
356	186	0
357	214	0
358	201	0
359	175	0
360	186	0
361	202	0
362	179	0
363	203	0
364	230	0
365	187	0
366	196	0
367	199	0
368	192	0
369	208	0
370	189	0
371	180	0
372	191	0
373	176	0
374	205	0
375	177	0
376	186	0
377	206	0
378	200	0
379	188	0
380	206	0
381	192	0
382	205	0
383	217	0
384	178	0
385	198	0
386	197	0
387	194	0
388	178	0
389	201	0
390	189	0
391	222	0
392	194	0
393	203	0
394	188	0
395	206	0
396	206	0
397	197	0
398	182	0
399	221	0
400	189	0
401	191	0
402	203	0
403	179	0
404	180	0
405	197	0
406	186	0
407	163	0
408	200	0
409	197	0
410	171	0
411	178	0
412	186	0
413	196	0
414	203	0
415	219	0
416	183	0
417	209	0
418	192	0
419	208	0
420	193	0
421	216	0
422	191	0
423	217	0
424	208	0
425	198	0
426	187	0
427	187	0
428	222	0
429	191	0
430	196	0
431	180	0
432	197	0
433	192	0
434	217	0
435	196	0
436	203	0
437	178	0
438	215	0
439	213	0
440	196	0
441	175	0
442	223	0
443	208	0
444	200	0
445	206	0
446	189	0
447	185	0
448	200	0
449	210	0
450	159	0
451	212	0
452	188	0
453	191	0
454	185	0
455	191	0
456	202	0
457	204	0
458	212	0
459	163	0
460	193	0
461	178	0
462	191	0
463	220	0
464	185	0
465	212	0
466	216	0
467	217	0
468	192	0
469	204	0
470	189	0
471	218	0
472	182	0
473	167	0
474	213	0
475	192	0
476	183	0
477	193	0
478	184	0
479	194	0
480	198	0
481	185	0
482	168	0
483	193	0
484	176	0
485	211	0
486	206	0
487	189	0
488	215	0
489	193	0
490	202	0
491	207	0
492	177	0
493	204	0
494	196	0
495	197	0
496	204	0
497	180	0
498	219	0
499	197	0
500	204	0
501	204	0
502	191	0
503	203	0
504	212	0
505	195	0
506	184	0
507	192	0
508	196	0
509	198	0
510	224	0
511	188	0
512	209	0
513	211	0
514	203	0
515	188	0
516	200	0
517	208	0
518	188	0
519	209	0
520	179	0
521	179	0
522	199	0
523	195	0
524	210	0
525	192	0
526	199	0
527	217	0
528	209	0
529	194	0
530	186	0
531	193	0
532	217	0
533	206	0
534	190	0
535	210	0
536	220	0
537	197	0
538	162	0
539	175	0
540	182	0
541	212	0
542	224	0
543	206	0
544	171	0
545	187	0
546	200	0
547	189	0
548	185	0
549	192	0
550	181	0
551	207	0
552	174	0
553	214	0
554	208	0
555	189	0
556	165	0
557	184	0
558	198	0
559	182	0
560	190	0
561	195	0
562	210	0
563	189	0
564	169	0
565	199	0
566	202	0
567	186	0
568	179	0
569	192	0
570	210	0
571	233	0
572	190	0
573	180	0
574	199	0
575	192	0
576	170	0
577	203	0
578	197	0
579	210	0
580	185	0
581	202	0
582	175	0
583	187	0
584	180	0
585	189	0
586	203	0
587	201	0
588	200	0
589	229	0
590	195	0
591	190	0
592	197	0
593	231	0
594	166	0
595	210	0
596	178	0
597	186	0
598	197	0
599	209	0
600	208	0
601	198	0
602	176	0
603	195	0
604	211	0
605	207	0
606	219	0
607	196	0
608	216	0
609	210	0
610	197	0
611	197	0
612	192	0
613	193	0
614	175	0
615	215	0
616	196	0
617	194	0
618	193	0
619	183	0
620	200	0
621	225	0
622	218	0
623	194	0
624	217	0
625	201	0
626	189	0
627	193	0
628	182	0
629	202	0
630	189	0
631	173	0
632	176	0
633	201	0
634	196	0
635	180	0
636	223	0
637	204	0
638	176	0
639	211	0
640	206	0
641	210	0
642	180	0
643	200	0
644	210	0
645	182	0
646	215	0
647	188	0
648	205	0
649	193	0
650	208	0
651	197	0
652	186	0
653	203	0
654	198	0
655	202	0
656	188	0
657	196	0
658	189	0
659	191	0
660	207	0
661	193	0
662	180	0
663	195	0
664	208	0
665	196	0
666	209	0
667	207	0
668	202	0
669	204	0
670	193	0
671	238	0
672	215	0
673	206	0
674	184	0
675	207	0
676	205	0
677	213	0
678	209	0
679	215	0
680	175	0
681	186	0
682	173	0
683	211	0
684	212	0
685	177	0
686	202	0
687	217	0
688	216	0
689	205	0
690	183	0
691	205	0
692	191	0
693	180	0
694	198	0
695	207	0
696	205	0
697	211	0
698	189	0
699	210	0
700	212	0
701	200	0
702	224	0
703	193	0
704	201	0
705	202	0
706	186	0
707	186	0
708	223	0
709	197	0
710	188	0
711	204	0
712	194	0
713	186	0
714	222	0
715	189	0
716	203	0
717	195	0
718	160	0
719	217	0
720	218	0
721	202	0
722	185	0
723	218	0
724	210	0
725	215	0
726	180	0
727	200	0
728	201	0
729	203	0
730	185	0
731	199	0
732	189	0
733	205	0
734	195	0
735	178	0
736	218	0
737	208	0
738	197	0
739	195	0
740	183	0
741	216	0
742	202	0
743	205	0
744	210	0
745	195	0
746	174	0
747	226	0
748	186	0
749	187	0
750	177	0
751	203	0
752	196	0
753	202	0
754	198	0
755	183	0
756	207	0
757	191	0
758	190	0
759	188	0
760	219	0
761	180	0
762	188	0
763	201	0
764	193	0
765	190	0
766	202	0
767	198	0
768	195	0
769	198	0
770	195	0
771	176	0
772	163	0
773	198	0
774	212	0
775	205	0
776	202	0
777	194	0
778	213	0
779	173	0
780	195	0
781	219	0
782	187	0
783	213	0
784	199	0
785	216	0
786	185	0
787	221	0
788	211	0
789	184	0
790	178	0
791	166	0
792	200	0
793	188	0
794	194	0
795	194	0
796	171	0
797	163	0
798	167	0
799	196	0
800	197	0
801	182	0
802	209	0
803	216	0
804	206	0
805	223	0
806	208	0
807	198	0
808	197	0
809	162	0
810	185	0
811	180	0
812	203	0
813	193	0
814	208	0
815	213	0
816	177	0
817	177	0
818	215	0
819	191	0
820	208	0
821	188	0
822	187	0
823	195	0
824	212	0
825	182	0
826	203	0
827	189	0
828	191	0
829	201	0
830	192	0
831	198	0
832	176	0
833	188	0
834	228	0
835	212	0
836	203	0
837	204	0
838	209	0
839	224	0
840	219	0
841	218	0
842	213	0
843	200	0
844	177	0
845	216	0
846	221	0
847	203	0
848	183	0
849	181	0
850	204	0
851	207	0
852	188	0
853	177	0
854	206	0
855	210	0
856	187	0
857	208	0
858	177	0
859	200	0
860	198	0
861	192	0
862	183	0
863	194	0
864	207	0
865	194	0
866	189	0
867	195	0
868	193	0
869	226	0
870	193	0
871	199	0
872	159	0
873	215	0
874	220	0
875	186	0
876	194	0
877	189	0
878	207	0
879	201	0
880	200	0
881	177	0
882	190	0
883	197	0
884	211	0
885	183	0
886	195	0
887	207	0
888	197	0
889	196	0
890	177	0
891	197	0
892	205	0
893	191	0
894	208	0
895	239	0
896	196	0
897	171	0
898	221	0
899	203	0
900	184	0
901	178	0
902	184	0
903	199	0
904	211	0
905	199	0
906	188	0
907	186	0
908	186	0
909	182	0
910	182	0
911	222	0
912	218	0
913	204	0
914	178	0
915	205	0
916	187	0
917	202	0
918	214	0
919	191	0
920	199	0
921	186	0
922	183	0
923	196	0
924	234	0
925	203	0
926	178	0
927	208	0
928	218	0
929	198	0
930	174	0
931	160	0
932	209	0
933	178	0
934	219	0
935	176	0
936	227	0
937	197	0
938	195	0
939	183	0
940	221	0
941	196	0
942	171	0
943	172	0
944	188	0
945	191	0
946	194	0
947	220	0
948	188	0
949	184	0
950	208	0
951	208	0
952	214	0
953	172	0
954	192	0
955	188	0
956	180	0
957	205	0
958	187	0
959	193	0
960	231	0
961	236	0
962	186	0
963	201	0
964	193	0
965	178	0
966	220	0
967	195	0
968	179	0
969	197	0
970	198	0
971	205	0
972	209	0
973	188	0
974	186	0
975	185	0
976	229	0
977	197	0
978	195	0
979	182	0
980	206	0
981	199	0
982	186	0
983	210	0
984	205	0
985	188	0
986	198	0
987	189	0
988	219	0
989	207	0
990	189	0
991	190	0
992	185	0
993	194	0
994	184	0
995	179	0
996	193	0
997	177	0
998	206	0
999	200	0
1000	197	0
1001	188	0
1002	198	0
1003	187	0
1004	183	0
1005	198	0
1006	212	0
1007	209	0
1008	199	0
1009	188	0
1010	197	0
1011	177	0
1012	205	0
1013	225	0
1014	195	0
1015	198	0
1016	205	0
1017	205	0
1018	181	0
1019	184	0
1020	213	0
1021	195	0
1022	191	0
1023	222	0
1024	185	0
1025	227	0
1026	201	0
1027	198	0
1028	196	0
1029	218	0
1030	204	0
1031	206	0
1032	190	0
1033	170	0
1034	176	0
1035	208	0
1036	221	0
1037	176	0
1038	204	0
1039	193	0
1040	180	0
1041	196	0
1042	201	0
1043	202	0
1044	206	0
1045	172	0
1046	205	0
1047	224	0
1048	198	0
1049	175	0
1050	193	0
1051	205	0
1052	204	0
1053	174	0
1054	222	0
1055	197	0
1056	179	0
1057	210	0
1058	193	0
1059	208	0
1060	187	0
1061	235	0
1062	206	0
1063	194	0
1064	200	0
1065	199	0
1066	189	0
1067	203	0
1068	188	0
1069	193	0
1070	214	0
1071	202	0
1072	190	0
1073	207	0
1074	199	0
1075	199	0
1076	182	0
1077	203	0
1078	208	0
1079	191	0
1080	184	0
1081	209	0
1082	223	0
1083	186	0
1084	202	0
1085	192	0
1086	210	0
1087	182	0
1088	208	0
1089	186	0
1090	208	0
1091	165	0
1092	218	0
1093	191	0
1094	201	0
1095	198	0
1096	223	0
1097	190	0
1098	213	0
1099	185	0
1100	211	0
1101	217	0
1102	168	0
1103	203	0
1104	187	0
1105	193	0
1106	196	0
1107	194	0
1108	201	0
1109	206	0
1110	225	0
1111	213	0
1112	179	0
1113	192	0
1114	209	0
1115	175	0
1116	224	0
1117	198	0
1118	198	0
1119	184	0
1120	201	0
1121	183	0
1122	204	0
1123	185	0
1124	201	0
1125	212	0
1126	218	0
1127	195	0
1128	157	0
1129	182	0
1130	196	0
1131	222	0
1132	198	0
1133	209	0
1134	200	0
1135	192	0
1136	171	0
1137	184	0
1138	187	0
1139	182	0
1140	178	0
1141	190	0
1142	193	0
1143	198	0
1144	187	0
1145	237	0
1146	179	0
1147	203	0
1148	193	0
1149	194	0
1150	191	0
1151	209	0
1152	205	0
1153	205	0
1154	195	0
1155	194	0
1156	215	0
1157	223	0
1158	196	0
1159	194	0
1160	188	0
1161	192	0
1162	200	0
1163	172	0
1164	229	0
1165	179	0
1166	198	0
1167	209	0
1168	205	0
1169	238	0
1170	181	0
1171	193	0
1172	191	0
1173	188	0
1174	183	0
1175	200	0
1176	179	0
1177	165	0
1178	210	0
1179	189	0
1180	186	0
1181	179	0
1182	190	0
1183	179	0
1184	187	0
1185	190	0
1186	174	0
1187	190	0
1188	208	0
1189	215	0
1190	192	0
1191	223	0
1192	225	0
1193	216	0
1194	181	0
1195	206	0
1196	221	0
1197	199	0
1198	190	0
1199	181	0
1200	194	0
1201	176	0
1202	202	0
1203	198	0
1204	206	0
1205	192	0
1206	174	0
1207	228	0
1208	175	0
1209	213	0
1210	214	0
1211	201	0
1212	182	0
1213	196	0
1214	214	0
1215	207	0
1216	187	0
1217	177	0
1218	186	0
1219	186	0
1220	200	0
1221	206	0
1222	206	0
1223	187	0
1224	206	0
1225	182	0
1226	203	0
1227	202	0
1228	203	0
1229	192	0
1230	189	0
1231	212	0
1232	191	0
1233	244	0
1234	203	0
1235	205	0
1236	195	0
1237	200	0
1238	203	0
1239	183	0
1240	217	0
1241	211	0
1242	194	0
1243	180	0
1244	197	0
1245	196	0
1246	197	0
1247	199	0
1248	193	0
1249	192	0
1250	159	0
1251	182	0
1252	166	0
1253	208	0
1254	196	0
1255	190	0
1256	179	0
1257	209	0
1258	191	0
1259	193	0
1260	192	0
1261	206	0
1262	182	0
1263	191	0
1264	210	0
1265	197	0
1266	221	0
1267	188	0
1268	199	0
1269	208	0
1270	176	0
1271	195	0
1272	188	0
1273	203	0
1274	165	0
1275	222	0
1276	167	0
1277	212	0
1278	189	0
1279	177	0
1280	193	0
1281	183	0
1282	183	0
1283	181	0
1284	219	0
1285	190	0
1286	191	0
1287	194	0
1288	221	0
1289	232	0
1290	188	0
1291	212	0
1292	177	0
1293	193	0
1294	172	0
1295	220	0
1296	181	0
1297	210	0
1298	176	0
1299	177	0
1300	192	0
1301	204	0
1302	221	0
1303	190	0
1304	185	0
1305	200	0
1306	193	0
1307	220	0
1308	186	0
1309	181	0
1310	197	0
1311	204	0
1312	197	0
1313	189	0
1314	211	0
1315	208	0
1316	209	0
1317	211	0
1318	190	0
1319	205	0
1320	191	0
1321	188	0
1322	238	0
1323	196	0
1324	204	0
1325	206	0
1326	210	0
1327	186	0
1328	186	0
1329	197	0
1330	194	0
1331	175	0
1332	184	0
1333	191	0
1334	223	0
1335	212	0
1336	196	0
1337	189	0
1338	218	0
1339	208	0
1340	193	0
1341	192	0
1342	181	0
1343	184	0
1344	196	0
1345	185	0
1346	202	0
1347	216	0
1348	224	0
1349	174	0
1350	199	0
1351	199	0
1352	220	0
1353	193	0
1354	199	0
1355	181	0
1356	184	0
1357	208	0
1358	190	0
1359	237	0
1360	196	0
1361	211	0
1362	189	0
1363	208	0
1364	198	0
1365	163	0
1366	192	0
1367	173	0
1368	186	0
1369	187	0
1370	221	0
1371	196	0
1372	172	0
1373	186	0
1374	204	0
1375	167	0
1376	197	0
1377	205	0
1378	207	0
1379	216	0
1380	224	0
1381	200	0
1382	182	0
1383	197	0
1384	176	0
1385	198	0
1386	196	0
1387	199	0
1388	199	0
1389	199	0
1390	212	0
1391	216	0
1392	198	0
1393	207	0
1394	191	0
1395	182	0
1396	192	0
1397	202	0
1398	206	0
1399	207	0
1400	189	0
1401	181	0
1402	210	0
1403	212	0
1404	206	0
1405	195	0
1406	198	0
1407	178	0
1408	202	0
1409	213	0
1410	176	0
1411	185	0
1412	198	0
1413	199	0
1414	170	0
1415	184	0
1416	203	0
1417	214	0
1418	174	0
1419	200	0
1420	180	0
1421	191	0
1422	197	0
1423	178	0
1424	225	0
1425	191	0
1426	180	0
1427	182	0
1428	226	0
1429	211	0
1430	193	0
1431	186	0
1432	214	0
1433	196	0
1434	178	0
1435	191	0
1436	205	0
1437	189	0
1438	220	0
1439	212	0
1440	194	0
1441	209	0
1442	174	0
1443	181	0
1444	213	0
1445	190	0
1446	208	0
1447	191	0
1448	196	0
1449	177	0
1450	209	0
1451	214	0
1452	191	0
1453	160	0
1454	198	0
1455	164	0
1456	194	0
1457	189	0
1458	194	0
1459	212	0
1460	197	0
1461	199	0
1462	187	0
1463	182	0
1464	189	0
1465	166	0
1466	202	0
1467	183	0
1468	212	0
1469	209	0
1470	194	0
1471	177	0
1472	188	0
1473	214	0
1474	168	0
1475	196	0
1476	213	0
1477	207	0
1478	187	0
1479	223	0
1480	213	0
1481	196	0
1482	212	0
1483	194	0
1484	169	0
1485	220	0
1486	210	0
1487	205	0
1488	205	0
1489	200	0
1490	188	0
1491	189	0
1492	204	0
1493	219	0
1494	196	0
1495	186	0
1496	206	0
1497	209	0
1498	213	0
1499	229	0
1500	199	0
1501	191	0
1502	199	0
1503	208	0
1504	206	0
1505	202	0
1506	201	0
1507	180	0
1508	191	0
1509	203	0
1510	211	0
1511	201	0
1512	195	0
1513	218	0
1514	188	0
1515	212	0
1516	200	0
1517	186	0
1518	192	0
1519	169	0
1520	179	0
1521	198	0
1522	191	0
1523	176	0
1524	196	0
1525	196	0
1526	202	0
1527	182	0
1528	195	0
1529	201	0
1530	204	0
1531	166	0
1532	196	0
1533	213	0
1534	207	0
1535	198	0
1536	206	0
1537	193	0
1538	191	0
1539	229	0
1540	212	0
1541	195	0
1542	186	0
1543	193	0
1544	214	0
1545	206	0
1546	189	0
1547	210	0
1548	208	0
1549	214	0
1550	190	0
1551	215	0
1552	199	0
1553	161	0
1554	207	0
1555	178	0
1556	184	0
1557	184	0
1558	183	0
1559	192	0
1560	195	0
1561	186	0
1562	178	0
1563	239	0
1564	223	0
1565	195	0
1566	203	0
1567	206	0
1568	179	0
1569	192	0
1570	202	0
1571	190	0
1572	185	0
1573	205	0
1574	208	0
1575	209	0
1576	198	0
1577	191	0
1578	197	0
1579	184	0
1580	183	0
1581	185	0
1582	211	0
1583	192	0
1584	182	0
1585	185	0
1586	201	0
1587	212	0
1588	205	0
1589	183	0
1590	213	0
1591	180	0
1592	180	0
1593	163	0
1594	196	0
1595	197	0
1596	182	0
1597	184	0
1598	200	0
1599	176	0
1600	209	0
1601	189	0
1602	204	0
1603	208	0
1604	205	0
1605	197	0
1606	207	0
1607	208	0
1608	200	0
1609	199	0
1610	192	0
1611	188	0
1612	185	0
1613	224	0
1614	199	0
1615	222	0
1616	194	0
1617	202	0
1618	189	0
1619	180	0
1620	209	0
1621	197	0
1622	206	0
1623	182	0
1624	193	0
1625	218	0
1626	209	0
1627	191	0
1628	187	0
1629	181	0
1630	204	0
1631	209	0
1632	197	0
1633	189	0
1634	190	0
1635	190	0
1636	192	0
1637	207	0
1638	197	0
1639	233	0
1640	178	0
1641	205	0
1642	221	0
1643	195	0
1644	210	0
1645	183	0
1646	209	0
1647	191	0
1648	207	0
1649	220	0
1650	199	0
1651	189	0
1652	195	0
1653	176	0
1654	218	0
1655	187	0
1656	194	0
1657	189	0
1658	193	0
1659	212	0
1660	175	0
1661	199	0
1662	180	0
1663	202	0
1664	185	0
1665	202	0
1666	213	0
1667	213	0
1668	183	0
1669	197	0
1670	228	0
1671	204	0
1672	177	0
1673	213	0
1674	201	0
1675	186	0
1676	199	0
1677	190	0
1678	208	0
1679	208	0
1680	208	0
1681	221	0
1682	180	0
1683	181	0
1684	211	0
1685	193	0
1686	183	0
1687	178	0
1688	206	0
1689	181	0
1690	200	0
1691	197	0
1692	186	0
1693	227	0
1694	225	0
1695	221	0
1696	198	0
1697	170	0
1698	203	0
1699	199	0
1700	182	0
1701	219	0
1702	211	0
1703	206	0
1704	189	0
1705	206	0
1706	205	0
1707	202	0
1708	193	0
1709	182	0
1710	170	0
1711	165	0
1712	207	0
1713	176	0
1714	172	0
1715	211	0
1716	235	0
1717	214	0
1718	194	0
1719	173	0
1720	186	0
1721	191	0
1722	209	0
1723	187	0
1724	200	0
1725	223	0
1726	186	0
1727	177	0
1728	214	0
1729	195	0
1730	181	0
1731	199	0
1732	204	0
1733	213	0
1734	192	0
1735	204	0
1736	186	0
1737	181	0
1738	201	0
1739	182	0
1740	212	0
1741	191	0
1742	184	0
1743	192	0
1744	169	0
1745	198	0
1746	206	0
1747	188	0
1748	186	0
1749	176	0
1750	216	0
1751	223	0
1752	209	0
1753	196	0
1754	194	0
1755	207	0
1756	187	0
1757	205	0
1758	181	0
1759	184	0
1760	210	0
1761	211	0
1762	188	0
1763	192	0
1764	195	0
1765	202	0
1766	190	0
1767	233	0
1768	197	0
1769	179	0
1770	192	0
1771	209	0
1772	166	0
1773	171	0
1774	199	0
1775	207	0
1776	206	0
1777	190	0
1778	190	0
1779	207	0
1780	210	0
1781	185	0
1782	205	0
1783	201	0
1784	207	0
1785	197	0
1786	190	0
1787	224	0
1788	200	0
1789	218	0
1790	194	0
1791	214	0
1792	188	0
1793	198	0
1794	176	0
1795	185	0
1796	192	0
1797	199	0
1798	201	0
1799	205	0
1800	186	0
1801	195	0
1802	221	0
1803	181	0
1804	194	0
1805	180	0
1806	173	0
1807	185	0
1808	218	0
1809	207	0
1810	220	0
1811	182	0
1812	227	0
1813	206	0
1814	186	0
1815	234	0
1816	216	0
1817	209	0
1818	212	0
1819	194	0
1820	199	0
1821	169	0
1822	186	0
1823	181	0
1824	193	0
1825	196	0
1826	191	0
1827	179	0
1828	205	0
1829	195	0
1830	178	0
1831	185	0
1832	206	0
1833	204	0
1834	199	0
1835	223	0
1836	182	0
1837	186	0
1838	187	0
1839	184	0
1840	207	0
1841	179	0
1842	199	0
1843	208	0
1844	199	0
1845	222	0
1846	207	0
1847	197	0
1848	208	0
1849	211	0
1850	197	0
1851	181	0
1852	195	0
1853	215	0
1854	191	0
1855	204	0
1856	195	0
1857	243	0
1858	223	0
1859	205	0
1860	208	0
1861	182	0
1862	190	0
1863	210	0
1864	199	0
1865	186	0
1866	166	0
1867	211	0
1868	173	0
1869	213	0
1870	195	0
1871	196	0
1872	222	0
1873	217	0
1874	209	0
1875	190	0
1876	207	0
1877	200	0
1878	185	0
1879	199	0
1880	202	0
1881	206	0
1882	209	0
1883	204	0
1884	217	0
1885	196	0
1886	167	0
1887	204	0
1888	202	0
1889	187	0
1890	162	0
1891	189	0
1892	202	0
1893	212	0
1894	180	0
1895	164	0
1896	186	0
1897	174	0
1898	180	0
1899	209	0
1900	188	0
1901	191	0
1902	193	0
1903	200	0
1904	196	0
1905	185	0
1906	202	0
1907	193	0
1908	195	0
1909	176	0
1910	198	0
1911	195	0
1912	191	0
1913	190	0
1914	193	0
1915	192	0
1916	191	0
1917	197	0
1918	230	0
1919	190	0
1920	202	0
1921	178	0
1922	196	0
1923	191	0
1924	196	0
1925	171	0
1926	215	0
1927	168	0
1928	204	0
1929	200	0
1930	198	0
1931	227	0
1932	189	0
1933	179	0
1934	185	0
1935	210	0
1936	191	0
1937	172	0
1938	167	0
1939	191	0
1940	217	0
1941	183	0
1942	193	0
1943	206	0
1944	227	0
1945	217	0
1946	167	0
1947	201	0
1948	196	0
1949	181	0
1950	207	0
1951	194	0
1952	184	0
1953	226	0
1954	180	0
1955	183	0
1956	176	0
1957	182	0
1958	181	0
1959	219	0
1960	224	0
1961	202	0
1962	187	0
1963	193	0
1964	184	0
1965	196	0
1966	178	0
1967	210	0
1968	184	0
1969	210	0
1970	199	0
1971	186	0
1972	231	0
1973	209	0
1974	192	0
1975	203	0
1976	201	0
1977	205	0
1978	220	0
1979	178	0
1980	204	0
1981	201	0
1982	204	0
1983	222	0
1984	187	0
1985	183	0
1986	179	0
1987	210	0
1988	202	0
1989	225	0
1990	218	0
1991	208	0
1992	176	0
1993	215	0
1994	204	0
1995	189	0
1996	190	0
1997	185	0
1998	209	0
1999	194	0
2000	229	0
2001	186	0
2002	188	0
2003	192	0
2004	217	0
2005	216	0
2006	201	0
2007	207	0
2008	186	0
2009	199	0
2010	213	0
2011	178	0
2012	205	0
2013	210	0
2014	190	0
2015	200	0
2016	207	0
2017	182	0
2018	185	0
2019	212	0
2020	205	0
2021	198	0
2022	172	0
2023	192	0
2024	200	0
2025	174	0
2026	191	0
2027	198	0
2028	200	0
2029	184	0
2030	202	0
2031	201	0
2032	202	0
2033	190	0
2034	230	0
2035	199	0
2036	209	0
2037	194	0
2038	222	0
2039	193	0
2040	193	0
2041	181	0
2042	183	0
2043	207	0
2044	190	0
2045	186	0
2046	225	0
2047	191	0
2048	204	0
2049	207	0
2050	221	0
2051	207	0
2052	196	0
2053	222	0
2054	194	0
2055	213	0
2056	187	0
2057	189	0
2058	211	0
2059	186	0
2060	183	0
2061	186	0
2062	200	0
2063	175	0
2064	195	0
2065	202	0
2066	188	0
2067	187	0
2068	217	0
2069	202	0
2070	194	0
2071	222	0
2072	176	0
2073	223	0
2074	194	0
2075	200	0
2076	215	0
2077	197	0
2078	217	0
2079	199	0
2080	214	0
2081	190	0
2082	206	0
2083	211	0
2084	193	0
2085	209	0
2086	207	0
2087	236	0
2088	177	0
2089	190	0
2090	209	0
2091	202	0
2092	185	0
2093	177	0
2094	196	0
2095	193	0
2096	208	0
2097	189	0
2098	185	0
2099	216	0
2100	216	0
2101	212	0
2102	167	0
2103	212	0
2104	214	0
2105	211	0
2106	180	0
2107	188	0
2108	199	0
2109	192	0
2110	198	0
2111	208	0
2112	194	0
2113	194	0
2114	184	0
2115	190	0
2116	203	0
2117	177	0
2118	208	0
2119	195	0
2120	206	0
2121	179	0
2122	186	0
2123	208	0
2124	212	0
2125	206	0
2126	205	0
2127	214	0
2128	196	0
2129	184	0
2130	204	0
2131	195	0
2132	193	0
2133	199	0
2134	208	0
2135	195	0
2136	199	0
2137	189	0
2138	169	0
2139	187	0
2140	183	0
2141	194	0
2142	194	0
2143	175	0
2144	197	0
2145	191	0
2146	170	0
2147	180	0
2148	217	0
2149	187	0
2150	172	0
2151	210	0
2152	193	0
2153	188	0
2154	180	0
2155	224	0
2156	197	0
2157	203	0
2158	192	0
2159	207	0
2160	181	0
2161	194	0
2162	204	0
2163	211	0
2164	179	0
2165	204	0
2166	200	0
2167	209	0
2168	203	0
2169	195	0
2170	167	0
2171	188	0
2172	195	0
2173	207	0
2174	214	0
2175	205	0
2176	171	0
2177	230	0
2178	194	0
2179	231	0
2180	191	0
2181	206	0
2182	187	0
2183	185	0
2184	194	0
2185	192	0
2186	191	0
2187	173	0
2188	172	0
2189	216	0
2190	186	0
2191	194	0
2192	210	0
2193	173	0
2194	201	0
2195	207	0
2196	210	0
2197	174	0
2198	199	0
2199	176	0
2200	173	0
2201	201	0
2202	189	0
2203	196	0
2204	173	0
2205	192	0
2206	155	0
2207	194	0
2208	222	0
2209	194	0
2210	196	0
2211	201	0
2212	193	0
2213	190	0
2214	214	0
2215	189	0
2216	206	0
2217	193	0
2218	224	0
2219	195	0
2220	195	0
2221	209	0
2222	197	0
2223	198	0
2224	177	0
2225	193	0
2226	182	0
2227	186	0
2228	228	0
2229	204	0
2230	174	0
2231	201	0
2232	184	0
2233	219	0
2234	200	0
2235	180	0
2236	200	0
2237	184	0
2238	193	0
2239	182	0
2240	190	0
2241	197	0
2242	209	0
2243	192	0
2244	202	0
2245	225	0
2246	173	0
2247	168	0
2248	203	0
2249	224	0
2250	179	0
2251	212	0
2252	194	0
2253	203	0
2254	212	0
2255	193	0
2256	191	0
2257	216	0
2258	179	0
2259	202	0
2260	191	0
2261	203	0
2262	187	0
2263	183	0
2264	194	0
2265	173	0
2266	168	0
2267	214	0
2268	182	0
2269	203	0
2270	210	0
2271	184	0
2272	203	0
2273	210	0
2274	214	0
2275	194	0
2276	204	0
2277	198	0
2278	201	0
2279	175	0
2280	188	0
2281	185	0
2282	201	0
2283	216	0
2284	196	0
2285	216	0
2286	196	0
2287	195	0
2288	227	0
2289	239	0
2290	213	0
2291	214	0
2292	167	0
2293	182	0
2294	209	0
2295	179	0
2296	204	0
2297	221	0
2298	206	0
2299	203	0
2300	205	0
2301	212	0
2302	183	0
2303	205	0
2304	216	0
2305	168	0
2306	175	0
2307	203	0
2308	190	0
2309	190	0
2310	213	0
2311	194	0
2312	206	0
2313	190	0
2314	201	0
2315	224	0
2316	173	0
2317	205	0
2318	210	0
2319	199	0
2320	175	0
2321	188	0
2322	189	0
2323	188	0
2324	196	0
2325	205	0
2326	196	0
2327	215	0
2328	206	0
2329	187	0
2330	193	0
2331	191	0
2332	193	0
2333	187	0
2334	208	0
2335	211	0
2336	180	0
2337	204	0
2338	202	0
2339	213	0
2340	179	0
2341	193	0
2342	188	0
2343	188	0
2344	191	0
2345	198	0
2346	199	0
2347	208	0
2348	206	0
2349	190	0
2350	190	0
2351	180	0
2352	194	0
2353	192	0
2354	196	0
2355	178	0
2356	213	0
2357	203	0
2358	173	0
2359	190	0
2360	235	0
2361	214	0
2362	196	0
2363	195	0
2364	200	0
2365	193	0
2366	186	0
2367	210	0
2368	213	0
2369	207	0
2370	199	0
2371	200	0
2372	203	0
2373	206	0
2374	195	0
2375	203	0
2376	201	0
2377	203	0
2378	191	0
2379	230	0
2380	201	0
2381	195	0
2382	203	0
2383	174	0
2384	191	0
2385	197	0
2386	224	0
2387	193	0
2388	217	0
2389	212	0
2390	188	0
2391	199	0
2392	165	0
2393	239	0
2394	183	0
2395	182	0
2396	189	0
2397	175	0
2398	197	0
2399	209	0
2400	186	0
2401	211	0
2402	220	0
2403	214	0
2404	213	0
2405	216	0
2406	185	0
2407	216	0
2408	173	0
2409	194	0
2410	193	0
2411	201	0
2412	205	0
2413	209	0
2414	213	0
2415	190	0
2416	197	0
2417	155	0
2418	207	0
2419	177	0
2420	217	0
2421	204	0
2422	191	0
2423	188	0
2424	204	0
2425	195	0
2426	192	0
2427	179	0
2428	209	0
2429	180	0
2430	222	0
2431	200	0
2432	191	0
2433	203	0
2434	175	0
2435	181	0
2436	210	0
2437	179	0
2438	204	0
2439	212	0
2440	208	0
2441	186	0
2442	193	0
2443	182	0
2444	196	0
2445	211	0
2446	211	0
2447	181	0
2448	188	0
2449	207	0
2450	247	0
2451	181	0
2452	207	0
2453	195	0
2454	208	0
2455	185	0
2456	202	0
2457	198	0
2458	203	0
2459	195	0
2460	193	0
2461	182	0
2462	205	0
2463	203	0
2464	187	0
2465	194	0
2466	208	0
2467	204	0
2468	197	0
2469	194	0
2470	223	0
2471	228	0
2472	198	0
2473	198	0
2474	190	0
2475	186	0
2476	191	0
2477	157	0
2478	193	0
2479	188	0
2480	188	0
2481	196	0
2482	213	0
2483	205	0
2484	209	0
2485	192	0
2486	180	0
2487	193	0
2488	193	0
2489	185	0
2490	197	0
2491	199	0
2492	208	0
2493	199	0
2494	194	0
2495	179	0
2496	188	0
2497	210	0
2498	204	0
2499	158	0
2500	195	0
2501	172	0
2502	190	0
2503	211	0
2504	191	0
2505	183	0
2506	224	0
2507	197	0
2508	215	0
2509	189	0
2510	213	0
2511	210	0
2512	185	0
2513	203	0
2514	224	0
2515	200	0
2516	176	0
2517	207	0
2518	208	0
2519	202	0
2520	231	0
2521	171	0
2522	189	0
2523	172	0
2524	203	0
2525	163	0
2526	205	0
2527	195	0
2528	188	0
2529	212	0
2530	196	0
2531	193	0
2532	190	0
2533	204	0
2534	172	0
2535	201	0
2536	191	0
2537	201	0
2538	193	0
2539	189	0
2540	208	0
2541	196	0
2542	210	0
2543	203	0
2544	197	0
2545	194	0
2546	199	0
2547	197	0
2548	194	0
2549	185	0
2550	194	0
2551	194	0
2552	184	0
2553	180	0
2554	238	0
2555	183	0
2556	217	0
2557	195	0
2558	178	0
2559	206	0
2560	185	0
2561	221	0
2562	208	0
2563	190	0
2564	205	0
2565	187	0
2566	198	0
2567	195	0
2568	197	0
2569	181	0
2570	169	0
2571	192	0
2572	201	0
2573	207	0
2574	199	0
2575	194	0
2576	210	0
2577	201	0
2578	212	0
2579	210	0
2580	181	0
2581	193	0
2582	194	0
2583	202	0
2584	172	0
2585	194	0
2586	214	0
2587	206	0
2588	225	0
2589	175	0
2590	204	0
2591	190	0
2592	209	0
2593	180	0
2594	189	0
2595	191	0
2596	182	0
2597	217	0
2598	170	0
2599	187	0
2600	200	0
2601	207	0
2602	188	0
2603	179	0
2604	199	0
2605	203	0
2606	191	0
2607	175	0
2608	205	0
2609	189	0
2610	189	0
2611	178	0
2612	225	0
2613	193	0
2614	196	0
2615	199	0
2616	187	0
2617	187	0
2618	189	0
2619	204	0
2620	180	0
2621	184	0
2622	202	0
2623	199	0
2624	206	0
2625	200	0
2626	189	0
2627	215	0
2628	204	0
2629	200	0
2630	189	0
2631	189	0
2632	196	0
2633	198	0
2634	185	0
2635	169	0
2636	199	0
2637	216	0
2638	210	0
2639	217	0
2640	238	0
2641	181	0
2642	197	0
2643	182	0
2644	196	0
2645	214	0
2646	184	0
2647	182	0
2648	200	0
2649	187	0
2650	203	0
2651	187	0
2652	202	0
2653	197	0
2654	194	0
2655	180	0
2656	170	0
2657	184	0
2658	193	0
2659	180	0
2660	187	0
2661	193	0
2662	196	0
2663	189	0
2664	196	0
2665	184	0
2666	202	0
2667	212	0
2668	235	0
2669	184	0
2670	214	0
2671	200	0
2672	198	0
2673	188	0
2674	183	0
2675	208	0
2676	189	0
2677	198	0
2678	196	0
2679	201	0
2680	198	0
2681	194	0
2682	191	0
2683	178	0
2684	199	0
2685	179	0
2686	196	0
2687	207	0
2688	193	0
2689	195	0
2690	192	0
2691	190	0
2692	195	0
2693	201	0
2694	185	0
2695	195	0
2696	200	0
2697	199	0
2698	199	0
2699	169	0
2700	202	0
2701	186	0
2702	198	0
2703	184	0
2704	188	0
2705	186	0
2706	192	0
2707	179	0
2708	213	0
2709	195	0
2710	179	0
2711	200	0
2712	203	0
2713	212	0
2714	197	0
2715	208	0
2716	194	0
2717	191	0
2718	170	0
2719	192	0
2720	210	0
2721	182	0
2722	193	0
2723	178	0
2724	192	0
2725	176	0
2726	225	0
2727	193	0
2728	216	0
2729	205	0
2730	189	0
2731	174	0
2732	190	0
2733	181	0
2734	182	0
2735	182	0
2736	236	0
2737	179	0
2738	193	0
2739	211	0
2740	208	0
2741	184	0
2742	207	0
2743	194	0
2744	194	0
2745	216	0
2746	220	0
2747	204	0
2748	196	0
2749	174	0
2750	194	0
2751	186	0
2752	204	0
2753	209	0
2754	206	0
2755	222	0
2756	192	0
2757	204	0
2758	201	0
2759	193	0
2760	217	0
2761	190	0
2762	208	0
2763	192	0
2764	215	0
2765	169	0
2766	183	0
2767	193	0
2768	195	0
2769	199	0
2770	205	0
2771	204	0
2772	210	0
2773	237	0
2774	220	0
2775	188	0
2776	226	0
2777	171	0
2778	210	0
2779	193	0
2780	186	0
2781	194	0
2782	201	0
2783	197	0
2784	177	0
2785	212	0
2786	205	0
2787	197	0
2788	206	0
2789	202	0
2790	165	0
2791	221	0
2792	193	0
2793	192	0
2794	210	0
2795	181	0
2796	215	0
2797	190	0
2798	205	0
2799	189	0
2800	209	0
2801	165	0
2802	197	0
2803	197	0
2804	200	0
2805	162	0
2806	196	0
2807	215	0
2808	191	0
2809	197	0
2810	212	0
2811	220	0
2812	197	0
2813	186	0
2814	198	0
2815	207	0
2816	197	0
2817	195	0
2818	195	0
2819	191	0
2820	199	0
2821	182	0
2822	209	0
2823	205	0
2824	206	0
2825	183	0
2826	214	0
2827	173	0
2828	199	0
2829	210	0
2830	196	0
2831	210	0
2832	203	0
2833	186	0
2834	208	0
2835	210	0
2836	205	0
2837	172	0
2838	196	0
2839	174	0
2840	179	0
2841	207	0
2842	197	0
2843	183	0
2844	189	0
2845	204	0
2846	223	0
2847	182	0
2848	208	0
2849	196	0
2850	180	0
2851	183	0
2852	182	0
2853	212	0
2854	182	0
2855	196	0
2856	211	0
2857	207	0
2858	169	0
2859	192	0
2860	208	0
2861	228	0
2862	182	0
2863	186	0
2864	207	0
2865	174	0
2866	198	0
2867	193	0
2868	194	0
2869	202	0
2870	200	0
2871	187	0
2872	181	0
2873	185	0
2874	199	0
2875	201	0
2876	187	0
2877	211	0
2878	207	0
2879	185	0
2880	184	0
2881	201	0
2882	187	0
2883	178	0
2884	208	0
2885	210	0
2886	221	0
2887	191	0
2888	185	0
2889	203	0
2890	226	0
2891	190	0
2892	199	0
2893	190	0
2894	212	0
2895	201	0
2896	231	0
2897	183	0
2898	217	0
2899	194	0
2900	218	0
2901	201	0
2902	188	0
2903	188	0
2904	194	0
2905	189	0
2906	184	0
2907	213	0
2908	218	0
2909	183	0
2910	211	0
2911	190	0
2912	204	0
2913	191	0
2914	211	0
2915	188	0
2916	217	0
2917	227	0
2918	196	0
2919	185	0
2920	180	0
2921	189	0
2922	205	0
2923	180	0
2924	217	0
2925	187	0
2926	209	0
2927	170	0
2928	149	0
2929	199	0
2930	203	0
2931	189	0
2932	187	0
2933	213	0
2934	173	0
2935	187	0
2936	192	0
2937	184	0
2938	209	0
2939	193	0
2940	209	0
2941	212	0
2942	183	0
2943	200	0
2944	191	0
2945	209	0
2946	177	0
2947	210	0
2948	188	0
2949	194	0
2950	209	0
2951	181	0
2952	168	0
2953	209	0
2954	206	0
2955	180	0
2956	206	0
2957	195	0
2958	212	0
2959	176	0
2960	192	0
2961	182	0
2962	189	0
2963	188	0
2964	207	0
2965	203	0
2966	215	0
2967	199	0
2968	199	0
2969	215	0
2970	168	0
2971	215	0
2972	184	0
2973	215	0
2974	191	0
2975	176	0
2976	180	0
2977	186	0
2978	185	0
2979	180	0
2980	231	0
2981	194	0
2982	205	0
2983	215	0
2984	208	0
2985	225	0
2986	200	0
2987	207	0
2988	199	0
2989	199	0
2990	210	0
2991	235	0
2992	199	0
2993	188	0
2994	176	0
2995	178	0
2996	195	0
2997	211	0
2998	196	0
2999	203	0
3000	201	0
