1	173	0
2	227	0
3	197	0
4	197	0
5	205	0
6	208	0
7	181	0
8	203	0
9	194	0
10	180	0
11	222	0
12	199	0
13	197	0
14	188	0
15	197	0
16	207	0
17	200	0
18	210	0
19	182	0
20	200	0
21	212	0
22	227	0
23	206	0
24	186	0
25	203	0
26	169	0
27	198	0
28	206	0
29	205	0
30	194	0
31	205	0
32	181	0
33	183	0
34	210	0
35	184	0
36	197	0
37	187	0
38	184	0
39	196	0
40	217	0
41	195	0
42	186	0
43	189	0
44	193	0
45	186	0
46	189	0
47	184	0
48	193	0
49	201	0
50	204	0
51	191	0
52	173	0
53	205	0
54	218	0
55	190	0
56	185	0
57	207	0
58	202	0
59	183	0
60	180	0
61	194	0
62	190	0
63	201	0
64	217	0
65	176	0
66	209	0
67	191	0
68	187	0
69	196	0
70	208	0
71	203	0
72	190	0
73	180	0
74	192	0
75	205	0
76	184	0
77	187	0
78	188	0
79	193	0
80	206	0
81	191	0
82	188	0
83	197	0
84	186	0
85	195	0
86	213	0
87	212	0
88	194	0
89	199	0
90	214	0
91	175	0
92	187	0
93	184	0
94	210	0
95	201	0
96	203	0
97	198	0
98	183	0
99	197	0
100	178	0
101	218	0
102	184	0
103	204	0
104	195	0
105	162	0
106	213	0
107	181	0
108	212	0
109	168	0
110	207	0
111	195	0
112	207	0
113	216	0
114	201	0
115	209	0
116	195	0
117	224	0
118	206	0
119	184	0
120	202	0
121	216	0
122	193	0
123	189	0
124	195	0
125	193	0
126	203	0
127	181	0
128	182	0
129	189	0
130	191	0
131	182	0
132	189	0
133	195	0
134	185	0
135	212	0
136	185	0
137	203	0
138	225	0
139	217	0
140	204	0
141	208	0
142	211	0
143	185	0
144	205	0
145	199	0
146	197	0
147	194	0
148	193	0
149	203	0
150	172	0
151	174	0
152	197	0
153	190	0
154	192	0
155	189	0
156	211	0
157	199	0
158	207	0
159	183	0
160	204	0
161	200	0
162	219	0
163	188	0
164	195	0
165	206	0
166	185	0
167	186	0
168	198	0
169	185	0
170	201	0
171	179	0
172	171	0
173	179	0
174	209	0
175	211	0
176	201	0
177	221	0
178	189	0
179	203	0
180	199	0
181	180	0
182	199	0
183	216	0
184	227	0
185	187	0
186	183	0
187	186	0
188	216	0
189	219	0
190	218	0
191	197	0
192	210	0
193	197	0
194	190	0
195	174	0
196	191	0
197	193	0
198	191	0
199	208	0
200	188	0
201	220	0
202	190	0
203	216	0
204	206	0
205	220	0
206	183	0
207	192	0
208	206	0
209	195	0
210	197	0
211	176	0
212	199	0
213	195	0
214	170	0
215	206	0
216	216	0
217	191	0
218	200	0
219	219	0
220	212	0
221	219	0
222	191	0
223	196	0
224	200	0
225	191	0
226	216	0
227	198	0
228	195	0
229	215	0
230	186	0
231	207	0
232	211	0
233	205	0
234	201	0
235	165	0
236	199	0
237	195	0
238	204	0
239	200	0
240	196	0
241	192	0
242	203	0
243	210	0
244	204	0
245	206	0
246	210	0
247	206	0
248	182	0
249	177	0
250	192	0
251	208	0
252	178	0
253	197	0
254	210	0
255	193	0
256	192	0
257	183	0
258	193	0
259	185	0
260	206	0
261	208	0
262	184	0
263	192	0
264	193	0
265	203	0
266	196	0
267	194	0
268	204	0
269	224	0
270	210	0
271	188	0
272	192	0
273	210	0
274	193	0
275	202	0
276	205	0
277	173	0
278	203	0
279	175	0
280	208	0
281	218	0
282	219	0
283	213	0
284	192	0
285	203	0
286	208	0
287	219	0
288	191	0
289	182	0
290	204	0
291	195	0
292	162	0
293	218	0
294	177	0
295	207	0
296	212	0
297	208	0
298	188	0
299	210	0
300	191	0
301	197	0
302	212	0
303	205	0
304	196	0
305	212	0
306	223	0
307	206	0
308	199	0
309	169	0
310	197	0
311	221	0
312	192	0
313	187	0
314	221	0
315	190	0
316	198	0
317	222	0
318	202	0
319	214	0
320	188	0
321	213	0
322	197	0
323	212	0
324	203	0
325	201	0
326	203	0
327	186	0
328	196	0
329	178	0
330	206	0
331	203	0
332	173	0
333	199	0
334	201	0
335	220	0
336	214	0
337	210	0
338	202	0
339	215	0
340	199	0
341	231	0
342	187	0
343	194	0
344	189	0
345	181	0
346	199	0
347	208	0
348	212	0
349	218	0
350	200	0
351	206	0
352	232	0
353	203	0
354	213	0
355	218	0
356	171	0
357	220	0
358	182	0
359	216	0
360	196	0
361	194	0
362	174	0
363	200	0
364	184	0
365	188	0
366	178	0
367	183	0
368	202	0
369	199	0
370	181	0
371	190	0
372	234	0
373	203	0
374	203	0
375	171	0
376	195	0
377	189	0
378	211	0
379	209	0
380	182	0
381	229	0
382	220	0
383	169	0
384	174	0
385	189	0
386	197	0
387	217	0
388	216	0
389	182	0
390	197	0
391	179	0
392	192	0
393	196	0
394	199	0
395	195	0
396	198	0
397	196	0
398	169	0
399	233	0
400	198	0
401	216	0
402	169	0
403	207	0
404	191	0
405	190	0
406	215	0
407	224	0
408	202	0
409	195	0
410	209	0
411	178	0
412	200	0
413	195	0
414	196	0
415	168	0
416	198	0
417	228	0
418	172	0
419	243	0
420	198	0
421	191	0
422	185	0
423	187	0
424	188	0
425	189	0
426	221	0
427	175	0
428	216	0
429	220	0
430	173	0
431	193	0
432	203	0
433	200	0
434	199	0
435	197	0
436	201	0
437	188	0
438	192	0
439	220	0
440	208	0
441	219	0
442	203	0
443	190	0
444	160	0
445	207	0
446	193	0
447	187	0
448	214	0
449	185	0
450	215	0
451	187	0
452	196	0
453	210	0
454	183	0
455	190	0
456	208	0
457	193	0
458	207	0
459	184	0
460	187	0
461	209	0
462	191	0
463	176	0
464	193	0
465	186	0
466	197	0
467	206	0
468	199	0
469	187	0
470	176	0
471	192	0
472	177	0
473	186	0
474	192	0
475	186	0
476	187	0
477	178	0
478	183	0
479	210	0
480	203	0
481	197	0
482	203	0
483	219	0
484	201	0
485	209	0
486	196	0
487	185	0
488	176	0
489	199	0
490	211	0
491	194	0
492	207	0
493	181	0
494	215	0
495	189	0
496	201	0
497	199	0
498	193	0
499	204	0
500	195	0
501	201	0
502	198	0
503	215	0
504	187	0
505	206	0
506	228	0
507	170	0
508	182	0
509	196	0
510	220	0
511	216	0
512	203	0
513	203	0
514	207	0
515	201	0
516	218	0
517	203	0
518	215	0
519	205	0
520	207	0
521	207	0
522	216	0
523	195	0
524	172	0
525	192	0
526	195	0
527	199	0
528	192	0
529	210	0
530	193	0
531	189	0
532	207	0
533	181	0
534	215	0
535	191	0
536	180	0
537	173	0
538	208	0
539	179	0
540	214	0
541	185	0
542	206	0
543	186	0
544	208	0
545	198	0
546	201	0
547	164	0
548	205	0
549	177	0
550	192	0
551	204	0
552	207	0
553	156	0
554	179	0
555	185	0
556	186	0
557	195	0
558	221	0
559	178	0
560	192	0
561	216	0
562	186	0
563	204	0
564	174	0
565	181	0
566	201	0
567	198	0
568	206	0
569	182	0
570	167	0
571	177	0
572	177	0
573	190	0
574	181	0
575	217	0
576	201	0
577	195	0
578	189	0
579	215	0
580	194	0
581	189	0
582	221	0
583	204	0
584	185	0
585	191	0
586	220	0
587	183	0
588	219	0
589	219	0
590	188	0
591	211	0
592	200	0
593	186	0
594	179	0
595	205	0
596	220	0
597	219	0
598	215	0
599	219	0
600	215	0
601	208	0
602	224	0
603	190	0
604	215	0
605	216	0
606	196	0
607	196	0
608	191	0
609	208	0
610	196	0
611	204	0
612	191	0
613	188	0
614	206	0
615	222	0
616	174	0
617	188	0
618	178	0
619	209	0
620	179	0
621	196	0
622	212	0
623	186	0
624	209	0
625	178	0
626	204	0
627	208	0
628	188	0
629	214	0
630	174	0
631	209	0
632	193	0
633	169	0
634	223	0
635	208	0
636	198	0
637	176	0
638	189	0
639	205	0
640	191	0
641	199	0
642	184	0
643	226	0
644	201	0
645	194	0
646	195	0
647	201	0
648	194	0
649	209	0
650	189	0
651	213	0
652	204	0
653	181	0
654	215	0
655	197	0
656	200	0
657	240	0
658	204	0
659	188	0
660	190	0
661	211	0
662	175	0
663	171	0
664	179	0
665	200	0
666	191	0
667	193	0
668	182	0
669	197	0
670	172	0
671	200	0
672	189	0
673	208	0
674	190	0
675	211	0
676	199	0
677	186	0
678	202	0
679	201	0
680	194	0
681	198	0
682	195	0
683	165	0
684	229	0
685	181	0
686	227	0
687	184	0
688	199	0
689	177	0
690	178	0
691	227	0
692	185	0
693	202	0
694	238	0
695	221	0
696	203	0
697	177	0
698	198	0
699	194	0
700	184	0
701	202	0
702	187	0
703	195	0
704	198	0
705	171	0
706	186	0
707	202	0
708	194	0
709	197	0
710	197	0
711	204	0
712	187	0
713	217	0
714	197	0
715	176	0
716	201	0
717	180	0
718	205	0
719	179	0
720	183	0
721	219	0
722	203	0
723	193	0
724	201	0
725	189	0
726	216	0
727	205	0
728	206	0
729	201	0
730	213	0
731	184	0
732	192	0
733	190	0
734	201	0
735	205	0
736	233	0
737	208	0
738	221	0
739	199	0
740	197	0
741	180	0
742	217	0
743	191	0
744	180	0
745	180	0
746	191	0
747	203	0
748	181	0
749	210	0
750	206	0
751	191	0
752	190	0
753	199	0
754	177	0
755	192	0
756	195	0
757	201	0
758	181	0
759	194	0
760	171	0
761	195	0
762	216	0
763	197	0
764	180	0
765	197	0
766	197	0
767	210	0
768	207	0
769	220	0
770	216	0
771	218	0
772	213	0
773	189	0
774	188	0
775	199	0
776	192	0
777	204	0
778	200	0
779	201	0
780	224	0
781	186	0
782	168	0
783	188	0
784	180	0
785	181	0
786	188	0
787	202	0
788	204	0
789	197	0
790	214	0
791	198	0
792	204	0
793	225	0
794	210	0
795	195	0
796	201	0
797	173	0
798	186	0
799	218	0
800	193	0
801	204	0
802	175	0
803	194	0
804	178	0
805	183	0
806	175	0
807	212	0
808	184	0
809	212	0
810	183	0
811	210	0
812	182	0
813	197	0
814	198	0
815	193	0
816	191	0
817	197	0
818	212	0
819	197	0
820	184	0
821	219	0
822	179	0
823	175	0
824	205	0
825	207	0
826	200	0
827	176	0
828	208	0
829	193	0
830	191	0
831	183	0
832	195	0
833	209	0
834	221	0
835	191	0
836	202	0
837	204	0
838	202	0
839	181	0
840	204	0
841	191	0
842	196	0
843	203	0
844	186	0
845	191	0
846	206	0
847	210	0
848	185	0
849	200	0
850	194	0
851	197	0
852	193	0
853	177	0
854	188	0
855	183	0
856	210	0
857	193	0
858	215	0
859	184	0
860	191	0
861	209	0
862	193	0
863	205	0
864	164	0
865	191	0
866	186	0
867	208	0
868	189	0
869	181	0
870	194	0
871	191	0
872	180	0
873	180	0
874	196	0
875	193	0
876	195	0
877	211	0
878	198	0
879	216	0
880	174	0
881	191	0
882	180	0
883	191	0
884	195	0
885	211	0
886	169	0
887	165	0
888	182	0
889	180	0
890	197	0
891	201	0
892	192	0
893	181	0
894	216	0
895	198	0
896	193	0
897	217	0
898	191	0
899	214	0
900	196	0
901	194	0
902	211	0
903	191	0
904	205	0
905	204	0
906	191	0
907	211	0
908	188	0
909	195	0
910	254	0
911	185	0
912	177	0
913	195	0
914	211	0
915	219	0
916	214	0
917	204	0
918	199	0
919	188	0
920	211	0
921	172	0
922	189	0
923	188	0
924	200	0
925	220	0
926	171	0
927	183	0
928	207	0
929	222	0
930	202	0
931	204	0
932	164	0
933	207	0
934	188	0
935	201	0
936	217	0
937	214	0
938	181	0
939	192	0
940	188	0
941	229	0
942	204	0
943	186	0
944	185	0
945	188	0
946	202	0
947	185	0
948	205	0
949	203	0
950	190	0
951	194	0
952	181	0
953	195	0
954	179	0
955	192	0
956	197	0
957	199	0
958	206	0
959	201	0
960	210	0
961	194	0
962	185	0
963	211	0
964	214	0
965	198	0
966	185	0
967	186	0
968	204	0
969	187	0
970	215	0
971	219	0
972	195	0
973	196	0
974	215	0
975	212	0
976	207	0
977	213	0
978	198	0
979	199	0
980	200	0
981	196	0
982	178	0
983	213	0
984	180	0
985	206	0
986	198	0
987	174	0
988	172	0
989	196	0
990	184	0
991	193	0
992	193	0
993	208	0
994	192	0
995	154	0
996	215	0
997	191	0
998	220	0
999	190	0
1000	194	0
1001	188	0
1002	186	0
1003	198	0
1004	201	0
1005	191	0
1006	186	0
1007	206	0
1008	198	0
1009	172	0
1010	219	0
1011	187	0
1012	196	0
1013	226	0
1014	194	0
1015	217	0
1016	220	0
1017	199	0
1018	236	0
1019	202	0
1020	193	0
1021	210	0
1022	203	0
1023	210	0
1024	197	0
1025	162	0
1026	198	0
1027	189	0
1028	220	0
1029	191	0
1030	165	0
1031	187	0
1032	180	0
1033	198	0
1034	214	0
1035	204	0
1036	195	0
1037	199	0
1038	193	0
1039	204	0
1040	206	0
1041	210	0
1042	203	0
1043	189	0
1044	184	0
1045	196	0
1046	179	0
1047	179	0
1048	236	0
1049	230	0
1050	193	0
1051	192	0
1052	183	0
1053	194	0
1054	180	0
1055	188	0
1056	208	0
1057	203	0
1058	192	0
1059	168	0
1060	209	0
1061	222	0
1062	230	0
1063	221	0
1064	188	0
1065	201	0
1066	167	0
1067	188	0
1068	187	0
1069	201	0
1070	209	0
1071	189	0
1072	197	0
1073	208	0
1074	190	0
1075	182	0
1076	197	0
1077	184	0
1078	177	0
1079	209	0
1080	212	0
1081	192	0
1082	194	0
1083	201	0
1084	213	0
1085	218	0
1086	192	0
1087	198	0
1088	167	0
1089	193	0
1090	183	0
1091	183	0
1092	193	0
1093	204	0
1094	197	0
1095	174	0
1096	240	0
1097	171	0
1098	199	0
1099	235	0
1100	221	0
1101	210	0
1102	189	0
1103	191	0
1104	189	0
1105	199	0
1106	197	0
1107	203	0
1108	215	0
1109	207	0
1110	204	0
1111	225	0
1112	202	0
1113	214	0
1114	206	0
1115	202	0
1116	189	0
1117	188	0
1118	200	0
1119	202	0
1120	162	0
1121	189	0
1122	182	0
1123	195	0
1124	176	0
1125	195	0
1126	194	0
1127	198	0
1128	193	0
1129	189	0
1130	179	0
1131	207	0
1132	199	0
1133	196	0
1134	177	0
1135	186	0
1136	200	0
1137	201	0
1138	202	0
1139	190	0
1140	184	0
1141	172	0
1142	188	0
1143	213	0
1144	229	0
1145	193	0
1146	196	0
1147	196	0
1148	197	0
1149	202	0
1150	202	0
1151	196	0
1152	209	0
1153	202	0
1154	210	0
1155	195	0
1156	215	0
1157	205	0
1158	217	0
1159	198	0
1160	198	0
1161	179	0
1162	212	0
1163	196	0
1164	198	0
1165	207	0
1166	191	0
1167	210	0
1168	199	0
1169	174	0
1170	198	0
1171	196	0
1172	205	0
1173	181	0
1174	227	0
1175	202	0
1176	189	0
1177	214	0
1178	213	0
1179	170	0
1180	196	0
1181	181	0
1182	196	0
1183	222	0
1184	189	0
1185	216	0
1186	193	0
1187	182	0
1188	211	0
1189	187	0
1190	215	0
1191	207	0
1192	208	0
1193	217	0
1194	220	0
1195	188	0
1196	206	0
1197	183	0
1198	210	0
1199	193	0
1200	199	0
1201	196	0
1202	189	0
1203	205	0
1204	199	0
1205	197	0
1206	183	0
1207	218	0
1208	214	0
1209	174	0
1210	208	0
1211	202	0
1212	181	0
1213	196	0
1214	166	0
1215	178	0
1216	194	0
1217	169	0
1218	206	0
1219	216	0
1220	206	0
1221	202	0
1222	197	0
1223	215	0
1224	232	0
1225	190	0
1226	208	0
1227	193	0
1228	196	0
1229	181	0
1230	202	0
1231	191	0
1232	211	0
1233	189	0
1234	215	0
1235	207	0
1236	191	0
1237	201	0
1238	175	0
1239	193	0
1240	195	0
1241	175	0
1242	180	0
1243	181	0
1244	218	0
1245	209	0
1246	235	0
1247	216	0
1248	215	0
1249	206	0
1250	205	0
1251	173	0
1252	207	0
1253	224	0
1254	235	0
1255	231	0
1256	177	0
1257	209	0
1258	177	0
1259	229	0
1260	189	0
1261	180	0
1262	172	0
1263	221	0
1264	217	0
1265	205	0
1266	200	0
1267	213	0
1268	221	0
1269	198	0
1270	207	0
1271	173	0
1272	203	0
1273	220	0
1274	200	0
1275	195	0
1276	188	0
1277	190	0
1278	175	0
1279	189	0
1280	169	0
1281	214	0
1282	202	0
1283	200	0
1284	207	0
1285	182	0
1286	207	0
1287	203	0
1288	213	0
1289	200	0
1290	199	0
1291	217	0
1292	209	0
1293	194	0
1294	176	0
1295	203	0
1296	205	0
1297	179	0
1298	209	0
1299	198	0
1300	204	0
1301	222	0
1302	190	0
1303	194	0
1304	222	0
1305	187	0
1306	199	0
1307	209	0
1308	195	0
1309	182	0
1310	198	0
1311	183	0
1312	201	0
1313	188	0
1314	182	0
1315	216	0
1316	200	0
1317	201	0
1318	191	0
1319	197	0
1320	184	0
1321	197	0
1322	167	0
1323	204	0
1324	223	0
1325	203	0
1326	188	0
1327	189	0
1328	199	0
1329	184	0
1330	207	0
1331	205	0
1332	211	0
1333	201	0
1334	198	0
1335	184	0
1336	197	0
1337	186	0
1338	190	0
1339	203	0
1340	184	0
1341	208	0
1342	219	0
1343	202	0
1344	201	0
1345	188	0
1346	203	0
1347	190	0
1348	184	0
1349	196	0
1350	200	0
1351	210	0
1352	178	0
1353	210	0
1354	199	0
1355	201	0
1356	182	0
1357	205	0
1358	176	0
1359	168	0
1360	192	0
1361	188	0
1362	218	0
1363	188	0
1364	230	0
1365	206	0
1366	194	0
1367	175	0
1368	207	0
1369	216	0
1370	196	0
1371	184	0
1372	195	0
1373	212	0
1374	246	0
1375	208	0
1376	202	0
1377	191	0
1378	201	0
1379	194	0
1380	192	0
1381	201	0
1382	208	0
1383	203	0
1384	170	0
1385	185	0
1386	176	0
1387	213	0
1388	225	0
1389	193	0
1390	201	0
1391	200	0
1392	207	0
1393	203	0
1394	193	0
1395	189	0
1396	205	0
1397	200	0
1398	207	0
1399	183	0
1400	229	0
1401	173	0
1402	204	0
1403	220	0
1404	222	0
1405	200	0
1406	202	0
1407	172	0
1408	175	0
1409	196	0
1410	169	0
1411	213	0
1412	180	0
1413	212	0
1414	187	0
1415	185	0
1416	210	0
1417	223	0
1418	191	0
1419	191	0
1420	203	0
1421	200	0
1422	194	0
1423	204	0
1424	209	0
1425	187	0
1426	203	0
1427	189	0
1428	196	0
1429	212	0
1430	188	0
1431	201	0
1432	186	0
1433	196	0
1434	204	0
1435	196	0
1436	187	0
1437	196	0
1438	197	0
1439	211	0
1440	193	0
1441	191	0
1442	206	0
1443	205	0
1444	228	0
1445	181	0
1446	194	0
1447	226	0
1448	217	0
1449	193	0
1450	197	0
1451	211	0
1452	210	0
1453	201	0
1454	197	0
1455	212	0
1456	193	0
1457	184	0
1458	200	0
1459	219	0
1460	167	0
1461	206	0
1462	189	0
1463	208	0
1464	204	0
1465	211	0
1466	195	0
1467	186	0
1468	226	0
1469	211	0
1470	184	0
1471	200	0
1472	183	0
1473	218	0
1474	185	0
1475	172	0
1476	209	0
1477	205	0
1478	210	0
1479	163	0
1480	209	0
1481	202	0
1482	191	0
1483	205	0
1484	183	0
1485	238	0
1486	193	0
1487	206	0
1488	196	0
1489	207	0
1490	196	0
1491	179	0
1492	164	0
1493	200	0
1494	212	0
1495	196	0
1496	206	0
1497	178	0
1498	198	0
1499	197	0
1500	198	0
1501	210	0
1502	201	0
1503	220	0
1504	220	0
1505	194	0
1506	208	0
1507	194	0
1508	191	0
1509	199	0
1510	186	0
1511	192	0
1512	181	0
1513	164	0
1514	197	0
1515	184	0
1516	203	0
1517	200	0
1518	206	0
1519	182	0
1520	220	0
1521	177	0
1522	200	0
1523	187	0
1524	184	0
1525	216	0
1526	187	0
1527	211	0
1528	181	0
1529	197	0
1530	225	0
1531	235	0
1532	198	0
1533	207	0
1534	190	0
1535	175	0
1536	198	0
1537	197	0
1538	181	0
1539	218	0
1540	196	0
1541	206	0
1542	175	0
1543	212	0
1544	199	0
1545	209	0
1546	199	0
1547	191	0
1548	204	0
1549	218	0
1550	213	0
1551	197	0
1552	182	0
1553	221	0
1554	192	0
1555	207	0
1556	207	0
1557	224	0
1558	189	0
1559	212	0
1560	212	0
1561	172	0
1562	172	0
1563	231	0
1564	179	0
1565	202	0
1566	216	0
1567	195	0
1568	193	0
1569	224	0
1570	183	0
1571	200	0
1572	236	0
1573	162	0
1574	200	0
1575	183	0
1576	220	0
1577	208	0
1578	201	0
1579	195	0
1580	203	0
1581	194	0
1582	192	0
1583	191	0
1584	201	0
1585	201	0
1586	194	0
1587	217	0
1588	192	0
1589	179	0
1590	192	0
1591	190	0
1592	174	0
1593	174	0
1594	176	0
1595	195	0
1596	206	0
1597	213	0
1598	193	0
1599	211	0
1600	198	0
1601	185	0
1602	179	0
1603	201	0
1604	198	0
1605	181	0
1606	199	0
1607	206	0
1608	194	0
1609	210	0
1610	194	0
1611	186	0
1612	192	0
1613	201	0
1614	205	0
1615	180	0
1616	218	0
1617	180	0
1618	179	0
1619	215	0
1620	201	0
1621	215	0
1622	196	0
1623	252	0
1624	182	0
1625	231	0
1626	200	0
1627	204	0
1628	215	0
1629	197	0
1630	205	0
1631	221	0
1632	193	0
1633	180	0
1634	203	0
1635	185	0
1636	198	0
1637	182	0
1638	206	0
1639	201	0
1640	179	0
1641	229	0
1642	210	0
1643	186	0
1644	210	0
1645	179	0
1646	191	0
1647	189	0
1648	191	0
1649	212	0
1650	214	0
1651	189	0
1652	195	0
1653	182	0
1654	193	0
1655	181	0
1656	196	0
1657	199	0
1658	165	0
1659	178	0
1660	207	0
1661	199	0
1662	195	0
1663	195	0
1664	207	0
1665	195	0
1666	218	0
1667	178	0
1668	221	0
1669	198	0
1670	221	0
1671	212	0
1672	180	0
1673	211	0
1674	199	0
1675	197	0
1676	233	0
1677	176	0
1678	195	0
1679	202	0
1680	190	0
1681	203	0
1682	210	0
1683	194	0
1684	183	0
1685	198	0
1686	169	0
1687	203	0
1688	192	0
1689	197	0
1690	178	0
1691	208	0
1692	211	0
1693	178	0
1694	194	0
1695	217	0
1696	182	0
1697	186	0
1698	197	0
1699	182	0
1700	214	0
1701	214	0
1702	203	0
1703	202	0
1704	200	0
1705	206	0
1706	195	0
1707	177	0
1708	173	0
1709	205	0
1710	203	0
1711	195	0
1712	192	0
1713	199	0
1714	193	0
1715	193	0
1716	203	0
1717	189	0
1718	220	0
1719	200	0
1720	188	0
1721	211	0
1722	185	0
1723	182	0
1724	199	0
1725	206	0
1726	192	0
1727	197	0
1728	195	0
1729	200	0
1730	204	0
1731	226	0
1732	197	0
1733	208	0
1734	194	0
1735	200	0
1736	173	0
1737	201	0
1738	223	0
1739	177	0
1740	204	0
1741	200	0
1742	194	0
1743	190	0
1744	221	0
1745	197	0
1746	227	0
1747	193	0
1748	201	0
1749	163	0
1750	214	0
1751	202	0
1752	178	0
1753	197	0
1754	189	0
1755	193	0
1756	168	0
1757	199	0
1758	213	0
1759	208	0
1760	196	0
1761	189	0
1762	223	0
1763	170	0
1764	193	0
1765	210	0
1766	201	0
1767	177	0
1768	216	0
1769	222	0
1770	185	0
1771	224	0
1772	172	0
1773	200	0
1774	189	0
1775	192	0
1776	219	0
1777	191	0
1778	190	0
1779	202	0
1780	201	0
1781	211	0
1782	195	0
1783	196	0
1784	204	0
1785	191	0
1786	217	0
1787	198	0
1788	207	0
1789	197	0
1790	197	0
1791	219	0
1792	200	0
1793	209	0
1794	190	0
1795	192	0
1796	184	0
1797	208	0
1798	206	0
1799	218	0
1800	185	0
1801	196	0
1802	193	0
1803	197	0
1804	185	0
1805	203	0
1806	218	0
1807	205	0
1808	172	0
1809	179	0
1810	199	0
1811	198	0
1812	180	0
1813	198	0
1814	193	0
1815	227	0
1816	215	0
1817	203	0
1818	221	0
1819	202	0
1820	197	0
1821	225	0
1822	191	0
1823	215	0
1824	182	0
1825	194	0
1826	182	0
1827	200	0
1828	198	0
1829	192	0
1830	215	0
1831	196	0
1832	186	0
1833	220	0
1834	184	0
1835	205	0
1836	205	0
1837	208	0
1838	204	0
1839	203	0
1840	205	0
1841	180	0
1842	212	0
1843	177	0
1844	206	0
1845	190	0
1846	208	0
1847	189	0
1848	192	0
1849	197	0
1850	181	0
1851	197	0
1852	204	0
1853	199	0
1854	189	0
1855	197	0
1856	199	0
1857	192	0
1858	191	0
1859	212	0
1860	191	0
1861	197	0
1862	188	0
1863	206	0
1864	219	0
1865	182	0
1866	193	0
1867	209	0
1868	190	0
1869	199	0
1870	202	0
1871	187	0
1872	190	0
1873	189	0
1874	186	0
1875	206	0
1876	213	0
1877	195	0
1878	203	0
1879	212	0
1880	190	0
1881	182	0
1882	198	0
1883	194	0
1884	185	0
1885	213	0
1886	180	0
1887	189	0
1888	215	0
1889	184	0
1890	199	0
1891	191	0
1892	186	0
1893	194	0
1894	188	0
1895	200	0
1896	203	0
1897	195	0
1898	185	0
1899	180	0
1900	201	0
1901	202	0
1902	191	0
1903	204	0
1904	200	0
1905	208	0
1906	212	0
1907	217	0
1908	215	0
1909	179	0
1910	188	0
1911	219	0
1912	194	0
1913	192	0
1914	214	0
1915	190	0
1916	191	0
1917	174	0
1918	180	0
1919	183	0
1920	190	0
1921	196	0
1922	172	0
1923	197	0
1924	224	0
1925	186	0
1926	190	0
1927	190	0
1928	201	0
1929	211	0
1930	205	0
1931	220	0
1932	194	0
1933	177	0
1934	186	0
1935	225	0
1936	178	0
1937	204	0
1938	187	0
1939	208	0
1940	190	0
1941	220	0
1942	188	0
1943	209	0
1944	199	0
1945	220	0
1946	190	0
1947	205	0
1948	212	0
1949	206	0
1950	198	0
1951	213	0
1952	208	0
1953	193	0
1954	163	0
1955	201	0
1956	207	0
1957	175	0
1958	193	0
1959	218	0
1960	202	0
1961	203	0
1962	190	0
1963	185	0
1964	202	0
1965	196	0
1966	191	0
1967	181	0
1968	219	0
1969	182	0
1970	198	0
1971	193	0
1972	203	0
1973	175	0
1974	201	0
1975	203	0
1976	198	0
1977	187	0
1978	208	0
1979	174	0
1980	180	0
1981	211	0
1982	205	0
1983	195	0
1984	174	0
1985	218	0
1986	198	0
1987	212	0
1988	214	0
1989	211	0
1990	182	0
1991	223	0
1992	196	0
1993	220	0
1994	202	0
1995	206	0
1996	203	0
1997	179	0
1998	186	0
1999	200	0
2000	217	0
2001	223	0
2002	183	0
2003	177	0
2004	202	0
2005	192	0
2006	218	0
2007	203	0
2008	186	0
2009	197	0
2010	205	0
2011	202	0
2012	210	0
2013	188	0
2014	176	0
2015	177	0
2016	183	0
2017	188	0
2018	181	0
2019	192	0
2020	206	0
2021	183	0
2022	189	0
2023	181	0
2024	189	0
2025	178	0
2026	213	0
2027	194	0
2028	180	0
2029	195	0
2030	205	0
2031	182	0
2032	194	0
2033	184	0
2034	189	0
2035	202	0
2036	191	0
2037	190	0
2038	191	0
2039	204	0
2040	178	0
2041	201	0
2042	213	0
2043	189	0
2044	178	0
2045	188	0
2046	194	0
2047	215	0
2048	216	0
2049	178	0
2050	214	0
2051	208	0
2052	206	0
2053	212	0
2054	208	0
2055	184	0
2056	188	0
2057	200	0
2058	189	0
2059	165	0
2060	191	0
2061	200	0
2062	195	0
2063	225	0
2064	193	0
2065	213	0
2066	190	0
2067	183	0
2068	198	0
2069	190	0
2070	185	0
2071	214	0
2072	195	0
2073	234	0
2074	215	0
2075	239	0
2076	208	0
2077	197	0
2078	184	0
2079	198	0
2080	194	0
2081	195	0
2082	214	0
2083	206	0
2084	183	0
2085	183	0
2086	198	0
2087	198	0
2088	203	0
2089	182	0
2090	174	0
2091	200	0
2092	215	0
2093	224	0
2094	184	0
2095	185	0
2096	229	0
2097	178	0
2098	192	0
2099	212	0
2100	177	0
2101	180	0
2102	196	0
2103	187	0
2104	196	0
2105	208	0
2106	188	0
2107	203	0
2108	217	0
2109	205	0
2110	214	0
2111	180	0
2112	211	0
2113	187	0
2114	194	0
2115	193	0
2116	196	0
2117	190	0
2118	211	0
2119	182	0
2120	207	0
2121	192	0
2122	195	0
2123	197	0
2124	228	0
2125	174	0
2126	205	0
2127	190	0
2128	199	0
2129	178	0
2130	190	0
2131	187	0
2132	182	0
2133	211	0
2134	211	0
2135	190	0
2136	214	0
2137	195	0
2138	205	0
2139	208	0
2140	200	0
2141	192	0
2142	196	0
2143	194	0
2144	176	0
2145	193	0
2146	181	0
2147	210	0
2148	214	0
2149	179	0
2150	175	0
2151	180	0
2152	157	0
2153	169	0
2154	209	0
2155	213	0
2156	185	0
2157	215	0
2158	206	0
2159	168	0
2160	210	0
2161	180	0
2162	170	0
2163	215	0
2164	197	0
2165	192	0
2166	192	0
2167	207	0
2168	211	0
2169	195	0
2170	185	0
2171	188	0
2172	228	0
2173	211	0
2174	177	0
2175	206	0
2176	194	0
2177	180	0
2178	221	0
2179	185	0
2180	198	0
2181	188	0
2182	208	0
2183	202	0
2184	194	0
2185	190	0
2186	209	0
2187	195	0
2188	194	0
2189	202	0
2190	203	0
2191	208	0
2192	197	0
2193	211	0
2194	201	0
2195	195	0
2196	184	0
2197	192	0
2198	212	0
2199	178	0
2200	213	0
2201	208	0
2202	177	0
2203	177	0
2204	216	0
2205	197	0
2206	197	0
2207	177	0
2208	184	0
2209	201	0
2210	189	0
2211	202	0
2212	164	0
2213	184	0
2214	168	0
2215	201	0
2216	192	0
2217	216	0
2218	209	0
2219	198	0
2220	188	0
2221	213	0
2222	187	0
2223	185	0
2224	212	0
2225	219	0
2226	210	0
2227	204	0
2228	199	0
2229	205	0
2230	207	0
2231	199	0
2232	171	0
2233	179	0
2234	202	0
2235	200	0
2236	198	0
2237	197	0
2238	197	0
2239	194	0
2240	200	0
2241	220	0
2242	213	0
2243	208	0
2244	202	0
2245	203	0
2246	185	0
2247	169	0
2248	210	0
2249	203	0
2250	218	0
2251	189	0
2252	201	0
2253	200	0
2254	209	0
2255	169	0
2256	195	0
2257	199	0
2258	196	0
2259	213	0
2260	185	0
2261	181	0
2262	217	0
2263	198	0
2264	186	0
2265	219	0
2266	195	0
2267	188	0
2268	224	0
2269	203	0
2270	191	0
2271	185	0
2272	198	0
2273	209	0
2274	165	0
2275	186	0
2276	199	0
2277	185	0
2278	206	0
2279	183	0
2280	200	0
2281	187	0
2282	183	0
2283	215	0
2284	216	0
2285	200	0
2286	195	0
2287	207	0
2288	187	0
2289	188	0
2290	183	0
2291	204	0
2292	212	0
2293	190	0
2294	204	0
2295	204	0
2296	191	0
2297	235	0
2298	193	0
2299	206	0
2300	203	0
2301	219	0
2302	201	0
2303	206	0
2304	193	0
2305	211	0
2306	175	0
2307	197	0
2308	205	0
2309	211	0
2310	218	0
2311	209	0
2312	189	0
2313	211	0
2314	225	0
2315	223	0
2316	176	0
2317	188	0
2318	174	0
2319	180	0
2320	210	0
2321	196	0
2322	196	0
2323	183	0
2324	223	0
2325	181	0
2326	206	0
2327	204	0
2328	200	0
2329	189	0
2330	191	0
2331	188	0
2332	193	0
2333	202	0
2334	190	0
2335	185	0
2336	198	0
2337	216	0
2338	178	0
2339	203	0
2340	199	0
2341	224	0
2342	199	0
2343	202	0
2344	195	0
2345	192	0
2346	212	0
2347	211	0
2348	170	0
2349	192	0
2350	219	0
2351	202	0
2352	234	0
2353	199	0
2354	191	0
2355	230	0
2356	188	0
2357	200	0
2358	207	0
2359	191	0
2360	208	0
2361	188	0
2362	202	0
2363	176	0
2364	212	0
2365	174	0
2366	188	0
2367	214	0
2368	211	0
2369	187	0
2370	186	0
2371	195	0
2372	193	0
2373	204	0
2374	189	0
2375	183	0
2376	192	0
2377	216	0
2378	192	0
2379	182	0
2380	185	0
2381	196	0
2382	189	0
2383	208	0
2384	210	0
2385	193	0
2386	225	0
2387	173	0
2388	213	0
2389	185	0
2390	207	0
2391	207	0
2392	185	0
2393	216	0
2394	199	0
2395	181	0
2396	207	0
2397	198	0
2398	212	0
2399	188	0
2400	196	0
2401	178	0
2402	178	0
2403	212	0
2404	199	0
2405	200	0
2406	191	0
2407	218	0
2408	194	0
2409	195	0
2410	186	0
2411	186	0
2412	179	0
2413	199	0
2414	177	0
2415	195	0
2416	211	0
2417	195	0
2418	216	0
2419	194	0
2420	211	0
2421	200	0
2422	218	0
2423	192	0
2424	180	0
2425	195	0
2426	180	0
2427	208	0
2428	185	0
2429	197	0
2430	202	0
2431	217	0
2432	214	0
2433	189	0
2434	195	0
2435	194	0
2436	218	0
2437	227	0
2438	207	0
2439	187	0
2440	228	0
2441	207	0
2442	197	0
2443	172	0
2444	214	0
2445	202	0
2446	183	0
2447	219	0
2448	214	0
2449	208	0
2450	220	0
2451	205	0
2452	191	0
2453	171	0
2454	182	0
2455	203	0
2456	179	0
2457	213	0
2458	176	0
2459	211	0
2460	227	0
2461	198	0
2462	193	0
2463	206	0
2464	212	0
2465	195	0
2466	213	0
2467	184	0
2468	203	0
2469	194	0
2470	202	0
2471	185	0
2472	209	0
2473	195	0
2474	159	0
2475	233	0
2476	210	0
2477	190	0
2478	213	0
2479	209	0
2480	213	0
2481	189	0
2482	189	0
2483	186	0
2484	210	0
2485	189	0
2486	184	0
2487	163	0
2488	195	0
2489	236	0
2490	192	0
2491	173	0
2492	217	0
2493	201	0
2494	190	0
2495	182	0
2496	197	0
2497	182	0
2498	215	0
2499	199	0
2500	235	0
2501	195	0
2502	195	0
2503	181	0
2504	198	0
2505	208	0
2506	181	0
2507	170	0
2508	205	0
2509	190	0
2510	196	0
2511	185	0
2512	188	0
2513	176	0
2514	204	0
2515	196	0
2516	215	0
2517	195	0
2518	182	0
2519	179	0
2520	185	0
2521	206	0
2522	224	0
2523	171	0
2524	203	0
2525	176	0
2526	181	0
2527	209	0
2528	199	0
2529	186	0
2530	213	0
2531	195	0
2532	203	0
2533	204	0
2534	197	0
2535	197	0
2536	181	0
2537	187	0
2538	208	0
2539	212	0
2540	197	0
2541	196	0
2542	211	0
2543	187	0
2544	185	0
2545	186	0
2546	178	0
2547	206	0
2548	193	0
2549	195	0
2550	203	0
2551	188	0
2552	175	0
2553	209	0
2554	198	0
2555	204	0
2556	200	0
2557	185	0
2558	173	0
2559	209	0
2560	202	0
2561	185	0
2562	187	0
2563	199	0
2564	214	0
2565	199	0
2566	209	0
2567	178	0
2568	202	0
2569	191	0
2570	207	0
2571	206	0
2572	215	0
2573	174	0
2574	182	0
2575	219	0
2576	190	0
2577	216	0
2578	205	0
2579	208	0
2580	189	0
2581	211	0
2582	185	0
2583	191	0
2584	205	0
2585	183	0
2586	183	0
2587	218	0
2588	207	0
2589	209	0
2590	209	0
2591	184	0
2592	208	0
2593	212	0
2594	174	0
2595	206	0
2596	204	0
2597	184	0
2598	186	0
2599	211	0
2600	197	0
2601	219	0
2602	185	0
2603	204	0
2604	190	0
2605	210	0
2606	190	0
2607	222	0
2608	215	0
2609	181	0
2610	223	0
2611	209	0
2612	178	0
2613	179	0
2614	205	0
2615	200	0
2616	202	0
2617	205	0
2618	207	0
2619	196	0
2620	202	0
2621	199	0
2622	202	0
2623	201	0
2624	211	0
2625	203	0
2626	189	0
2627	198	0
2628	175	0
2629	221	0
2630	200	0
2631	189	0
2632	210	0
2633	179	0
2634	220	0
2635	206	0
2636	200	0
2637	193	0
2638	196	0
2639	211	0
2640	208	0
2641	205	0
2642	197	0
2643	193	0
2644	197	0
2645	204	0
2646	145	0
2647	201	0
2648	195	0
2649	164	0
2650	212	0
2651	182	0
2652	209	0
2653	207	0
2654	203	0
2655	203	0
2656	193	0
2657	205	0
2658	202	0
2659	208	0
2660	190	0
2661	185	0
2662	185	0
2663	208	0
2664	213	0
2665	212	0
2666	190	0
2667	191	0
2668	207	0
2669	181	0
2670	209	0
2671	189	0
2672	203	0
2673	190	0
2674	192	0
2675	209	0
2676	177	0
2677	185	0
2678	192	0
2679	196	0
2680	176	0
2681	212	0
2682	189	0
2683	188	0
2684	199	0
2685	204	0
2686	198	0
2687	187	0
2688	208	0
2689	172	0
2690	202	0
2691	205	0
2692	196	0
2693	199	0
2694	205	0
2695	189	0
2696	204	0
2697	202	0
2698	179	0
2699	223	0
2700	191	0
2701	211	0
2702	183	0
2703	209	0
2704	174	0
2705	198	0
2706	215	0
2707	207	0
2708	226	0
2709	214	0
2710	179	0
2711	200	0
2712	204	0
2713	207	0
2714	176	0
2715	205	0
2716	190	0
2717	197	0
2718	189	0
2719	202	0
2720	200	0
2721	209	0
2722	176	0
2723	198	0
2724	186	0
2725	188	0
2726	213	0
2727	187	0
2728	214	0
2729	218	0
2730	185	0
2731	191	0
2732	197	0
2733	207	0
2734	185	0
2735	209	0
2736	205	0
2737	203	0
2738	181	0
2739	174	0
2740	218	0
2741	198	0
2742	197	0
2743	196	0
2744	194	0
2745	203	0
2746	183	0
2747	195	0
2748	196	0
2749	166	0
2750	176	0
2751	203	0
2752	191	0
2753	190	0
2754	181	0
2755	213	0
2756	180	0
2757	209	0
2758	200	0
2759	218	0
2760	208	0
2761	196	0
2762	204	0
2763	191	0
2764	185	0
2765	184	0
2766	200	0
2767	194	0
2768	187	0
2769	197	0
2770	222	0
2771	190	0
2772	218	0
2773	200	0
2774	218	0
2775	214	0
2776	190	0
2777	193	0
2778	174	0
2779	211	0
2780	222	0
2781	194	0
2782	209	0
2783	172	0
2784	192	0
2785	190	0
2786	183	0
2787	171	0
2788	229	0
2789	192	0
2790	229	0
2791	191	0
2792	181	0
2793	194	0
2794	192	0
2795	197	0
2796	202	0
2797	200	0
2798	211	0
2799	197	0
2800	225	0
2801	201	0
2802	205	0
2803	218	0
2804	192	0
2805	201	0
2806	208	0
2807	197	0
2808	191	0
2809	196	0
2810	194	0
2811	201	0
2812	210	0
2813	206	0
2814	204	0
2815	189	0
2816	207	0
2817	192	0
2818	209	0
2819	212	0
2820	201	0
2821	188	0
2822	215	0
2823	189	0
2824	209	0
2825	194	0
2826	218	0
2827	216	0
2828	193	0
2829	186	0
2830	177	0
2831	196	0
2832	180	0
2833	215	0
2834	200	0
2835	200	0
2836	193	0
2837	194	0
2838	223	0
2839	185	0
2840	195	0
2841	202	0
2842	197	0
2843	202	0
2844	191	0
2845	209	0
2846	195	0
2847	193	0
2848	199	0
2849	169	0
2850	204	0
2851	193	0
2852	214	0
2853	213	0
2854	187	0
2855	188	0
2856	213	0
2857	200	0
2858	192	0
2859	173	0
2860	183	0
2861	187	0
2862	185	0
2863	187	0
2864	189	0
2865	200	0
2866	189	0
2867	172	0
2868	200	0
2869	197	0
2870	206	0
2871	209	0
2872	195	0
2873	212	0
2874	200	0
2875	206	0
2876	199	0
2877	186	0
2878	172	0
2879	203	0
2880	198	0
2881	164	0
2882	187	0
2883	227	0
2884	205	0
2885	224	0
2886	186	0
2887	173	0
2888	190	0
2889	206	0
2890	197	0
2891	186	0
2892	208	0
2893	196	0
2894	181	0
2895	216	0
2896	204	0
2897	196	0
2898	201	0
2899	206	0
2900	180	0
2901	184	0
2902	214	0
2903	202	0
2904	208	0
2905	227	0
2906	224	0
2907	202	0
2908	205	0
2909	173	0
2910	194	0
2911	192	0
2912	193	0
2913	205	0
2914	206	0
2915	193	0
2916	201	0
2917	182	0
2918	172	0
2919	196	0
2920	214	0
2921	165	0
2922	193	0
2923	187	0
2924	187	0
2925	186	0
2926	190	0
2927	208	0
2928	206	0
2929	182	0
2930	191	0
2931	178	0
2932	202	0
2933	202	0
2934	186	0
2935	177	0
2936	181	0
2937	177	0
2938	197	0
2939	184	0
2940	202	0
2941	206	0
2942	188	0
2943	180	0
2944	210	0
2945	211	0
2946	186	0
2947	181	0
2948	183	0
2949	180	0
2950	191	0
2951	182	0
2952	171	0
2953	199	0
2954	197	0
2955	193	0
2956	194	0
2957	214	0
2958	182	0
2959	201	0
2960	213	0
2961	196	0
2962	179	0
2963	179	0
2964	196	0
2965	206	0
2966	177	0
2967	189	0
2968	185	0
2969	191	0
2970	183	0
2971	179	0
2972	228	0
2973	191	0
2974	192	0
2975	182	0
2976	192	0
2977	193	0
2978	186	0
2979	198	0
2980	205	0
2981	216	0
2982	195	0
2983	177	0
2984	208	0
2985	221	0
2986	199	0
2987	176	0
2988	222	0
2989	205	0
2990	198	0
2991	174	0
2992	204	0
2993	202	0
2994	174	0
2995	194	0
2996	211	0
2997	198	0
2998	197	0
2999	193	0
3000	199	0
