1	210	0
2	171	0
3	227	0
4	191	0
5	208	0
6	200	0
7	192	0
8	201	0
9	188	0
10	195	0
11	227	0
12	187	0
13	193	0
14	193	0
15	212	0
16	209	0
17	199	0
18	182	0
19	228	0
20	216	0
21	219	0
22	226	0
23	203	0
24	168	0
25	186	0
26	223	0
27	181	0
28	222	0
29	210	0
30	193	0
31	182	0
32	190	0
33	227	0
34	191	0
35	219	0
36	183	0
37	217	0
38	222	0
39	210	0
40	199	0
41	207	0
42	192	0
43	213	0
44	206	0
45	189	0
46	206	0
47	192	0
48	198	0
49	208	0
50	208	0
51	199	0
52	189	0
53	210	0
54	214	0
55	198	0
56	230	0
57	206	0
58	178	0
59	196	0
60	180	0
61	200	0
62	187	0
63	203	0
64	182	0
65	200	0
66	202	0
67	202	0
68	208	0
69	208	0
70	203	0
71	172	0
72	210	0
73	191	0
74	191	0
75	188	0
76	219	0
77	195	0
78	187	0
79	199	0
80	196	0
81	224	0
82	186	0
83	176	0
84	198	0
85	198	0
86	184	0
87	177	0
88	209	0
89	206	0
90	189	0
91	209	0
92	200	0
93	192	0
94	198	0
95	187	0
96	178	0
97	211	0
98	202	0
99	198	0
100	202	0
101	207	0
102	206	0
103	183	0
104	214	0
105	232	0
106	208	0
107	200	0
108	210	0
109	188	0
110	205	0
111	215	0
112	179	0
113	238	0
114	192	0
115	198	0
116	192	0
117	225	0
118	208	0
119	210	0
120	189	0
121	220	0
122	199	0
123	197	0
124	190	0
125	181	0
126	218	0
127	221	0
128	222	0
129	214	0
130	203	0
131	193	0
132	195	0
133	221	0
134	226	0
135	202	0
136	174	0
137	195	0
138	207	0
139	183	0
140	217	0
141	211	0
142	209	0
143	180	0
144	197	0
145	184	0
146	202	0
147	175	0
148	187	0
149	189	0
150	206	0
151	189	0
152	215	0
153	193	0
154	191	0
155	198	0
156	197	0
157	192	0
158	207	0
159	177	0
160	230	0
161	199	0
162	223	0
163	195	0
164	222	0
165	191	0
166	201	0
167	193	0
168	199	0
169	188	0
170	179	0
171	199	0
172	197	0
173	200	0
174	193	0
175	233	0
176	202	0
177	171	0
178	193	0
179	199	0
180	186	0
181	216	0
182	186	0
183	173	0
184	195	0
185	214	0
186	212	0
187	214	0
188	215	0
189	209	0
190	209	0
191	200	0
192	210	0
193	198	0
194	196	0
195	212	0
196	194	0
197	187	0
198	231	0
199	232	0
200	216	0
201	200	0
202	213	0
203	177	0
204	194	0
205	225	0
206	216	0
207	223	0
208	216	0
209	208	0
210	224	0
211	217	0
212	194	0
213	199	0
214	186	0
215	253	0
216	182	0
217	195	0
218	205	0
219	223	0
220	204	0
221	171	0
222	210	0
223	179	0
224	202	0
225	190	0
226	212	0
227	181	0
228	191	0
229	185	0
230	227	0
231	183	0
232	205	0
233	220	0
234	187	0
235	181	0
236	212	0
237	210	0
238	220	0
239	168	0
240	207	0
241	186	0
242	180	0
243	227	0
244	219	0
245	210	0
246	212	0
247	198	0
248	210	0
249	187	0
250	205	0
251	185	0
252	211	0
253	196	0
254	194	0
255	198	0
256	194	0
257	191	0
258	173	0
259	218	0
260	207	0
261	223	0
262	202	0
263	204	0
264	200	0
265	184	0
266	196	0
267	217	0
268	199	0
269	236	0
270	207	0
271	207	0
272	214	0
273	223	0
274	199	0
275	193	0
276	207	0
277	213	0
278	196	0
279	179	0
280	190	0
281	201	0
282	166	0
283	213	0
284	215	0
285	179	0
286	196	0
287	206	0
288	214	0
289	195	0
290	183	0
291	204	0
292	207	0
293	197	0
294	229	0
295	202	0
296	193	0
297	216	0
298	194	0
299	209	0
300	224	0
301	220	0
302	199	0
303	218	0
304	216	0
305	177	0
306	177	0
307	196	0
308	182	0
309	193	0
310	190	0
311	223	0
312	217	0
313	189	0
314	187	0
315	189	0
316	214	0
317	214	0
318	189	0
319	180	0
320	191	0
321	198	0
322	185	0
323	186	0
324	210	0
325	200	0
326	201	0
327	209	0
328	213	0
329	206	0
330	214	0
331	189	0
332	185	0
333	214	0
334	210	0
335	193	0
336	208	0
337	202	0
338	199	0
339	196	0
340	170	0
341	213	0
342	204	0
343	202	0
344	188	0
345	219	0
346	198	0
347	186	0
348	211	0
349	204	0
350	204	0
351	209	0
352	171	0
353	217	0
354	226	0
355	204	0
356	200	0
357	213	0
358	210	0
359	228	0
360	208	0
361	217	0
362	199	0
363	212	0
364	189	0
365	207	0
366	182	0
367	203	0
368	178	0
369	194	0
370	186	0
371	191	0
372	193	0
373	207	0
374	219	0
375	210	0
376	213	0
377	207	0
378	204	0
379	208	0
380	197	0
381	202	0
382	171	0
383	217	0
384	195	0
385	186	0
386	170	0
387	206	0
388	209	0
389	181	0
390	187	0
391	186	0
392	202	0
393	188	0
394	183	0
395	199	0
396	206	0
397	215	0
398	220	0
399	235	0
400	197	0
401	187	0
402	194	0
403	185	0
404	192	0
405	218	0
406	224	0
407	203	0
408	199	0
409	213	0
410	229	0
411	193	0
412	196	0
413	202	0
414	230	0
415	195	0
416	214	0
417	214	0
418	211	0
419	185	0
420	214	0
421	215	0
422	189	0
423	227	0
424	179	0
425	188	0
426	206	0
427	202	0
428	196	0
429	189	0
430	188	0
431	218	0
432	196	0
433	208	0
434	213	0
435	197	0
436	195	0
437	201	0
438	205	0
439	195	0
440	185	0
441	226	0
442	209	0
443	204	0
444	187	0
445	213	0
446	191	0
447	200	0
448	186	0
449	174	0
450	176	0
451	189	0
452	194	0
453	189	0
454	201	0
455	197	0
456	185	0
457	181	0
458	209	0
459	193	0
460	207	0
461	198	0
462	191	0
463	183	0
464	201	0
465	210	0
466	222	0
467	198	0
468	199	0
469	196	0
470	198	0
471	195	0
472	205	0
473	235	0
474	194	0
475	201	0
476	220	0
477	204	0
478	189	0
479	188	0
480	215	0
481	193	0
482	201	0
483	212	0
484	192	0
485	199	0
486	228	0
487	182	0
488	148	0
489	201	0
490	198	0
491	187	0
492	190	0
493	190	0
494	190	0
495	187	0
496	187	0
497	185	0
498	196	0
499	185	0
500	211	0
501	181	0
502	175	0
503	221	0
504	189	0
505	201	0
506	214	0
507	218	0
508	188	0
509	229	0
510	178	0
511	190	0
512	187	0
513	199	0
514	190	0
515	199	0
516	197	0
517	238	0
518	189	0
519	194	0
520	196	0
521	202	0
522	200	0
523	207	0
524	203	0
525	232	0
526	201	0
527	200	0
528	199	0
529	214	0
530	185	0
531	179	0
532	193	0
533	184	0
534	215	0
535	186	0
536	199	0
537	209	0
538	207	0
539	200	0
540	200	0
541	166	0
542	177	0
543	197	0
544	188	0
545	168	0
546	209	0
547	211	0
548	183	0
549	196	0
550	210	0
551	218	0
552	201	0
553	176	0
554	201	0
555	193	0
556	193	0
557	188	0
558	217	0
559	182	0
560	194	0
561	168	0
562	197	0
563	200	0
564	202	0
565	185	0
566	184	0
567	187	0
568	186	0
569	210	0
570	186	0
571	196	0
572	191	0
573	215	0
574	179	0
575	226	0
576	205	0
577	193	0
578	170	0
579	182	0
580	202	0
581	220	0
582	223	0
583	212	0
584	181	0
585	196	0
586	187	0
587	192	0
588	219	0
589	194	0
590	216	0
591	199	0
592	219	0
593	199	0
594	171	0
595	202	0
596	183	0
597	178	0
598	211	0
599	197	0
600	229	0
601	183	0
602	187	0
603	193	0
604	175	0
605	190	0
606	201	0
607	176	0
608	194	0
609	175	0
610	179	0
611	206	0
612	216	0
613	207	0
614	180	0
615	190	0
616	193	0
617	215	0
618	188	0
619	187	0
620	216	0
621	195	0
622	239	0
623	208	0
624	213	0
625	200	0
626	179	0
627	192	0
628	196	0
629	200	0
630	176	0
631	182	0
632	202	0
633	199	0
634	218	0
635	199	0
636	213	0
637	215	0
638	205	0
639	186	0
640	184	0
641	192	0
642	189	0
643	177	0
644	209	0
645	174	0
646	207	0
647	181	0
648	180	0
649	202	0
650	209	0
651	192	0
652	191	0
653	176	0
654	195	0
655	208	0
656	181	0
657	218	0
658	242	0
659	200	0
660	171	0
661	204	0
662	191	0
663	172	0
664	170	0
665	198	0
666	207	0
667	195	0
668	202	0
669	201	0
670	210	0
671	203	0
672	209	0
673	183	0
674	180	0
675	192	0
676	197	0
677	197	0
678	179	0
679	207	0
680	208	0
681	210	0
682	200	0
683	201	0
684	203	0
685	190	0
686	178	0
687	189	0
688	206	0
689	197	0
690	192	0
691	219	0
692	196	0
693	190	0
694	189	0
695	209	0
696	216	0
697	185	0
698	200	0
699	188	0
700	184	0
701	212	0
702	202	0
703	169	0
704	204	0
705	204	0
706	198	0
707	188	0
708	203	0
709	174	0
710	204	0
711	201	0
712	221	0
713	213	0
714	237	0
715	194	0
716	201	0
717	203	0
718	205	0
719	200	0
720	211	0
721	225	0
722	212	0
723	186	0
724	196	0
725	232	0
726	220	0
727	188	0
728	217	0
729	191	0
730	170	0
731	227	0
732	206	0
733	182	0
734	197	0
735	210	0
736	203	0
737	162	0
738	214	0
739	206	0
740	187	0
741	194	0
742	181	0
743	208	0
744	211	0
745	180	0
746	192	0
747	190	0
748	190	0
749	211	0
750	168	0
751	171	0
752	227	0
753	193	0
754	197	0
755	202	0
756	200	0
757	206	0
758	173	0
759	206	0
760	175	0
761	208	0
762	207	0
763	194	0
764	180	0
765	190	0
766	205	0
767	187	0
768	197	0
769	203	0
770	202	0
771	174	0
772	196	0
773	220	0
774	199	0
775	200	0
776	199	0
777	199	0
778	208	0
779	181	0
780	199	0
781	193	0
782	210	0
783	166	0
784	188	0
785	197	0
786	181	0
787	214	0
788	177	0
789	202	0
790	193	0
791	198	0
792	198	0
793	201	0
794	199	0
795	202	0
796	207	0
797	208	0
798	199	0
799	211	0
800	164	0
801	195	0
802	204	0
803	222	0
804	190	0
805	213	0
806	205	0
807	200	0
808	186	0
809	192	0
810	204	0
811	172	0
812	201	0
813	211	0
814	219	0
815	194	0
816	214	0
817	174	0
818	200	0
819	183	0
820	210	0
821	218	0
822	223	0
823	217	0
824	202	0
825	228	0
826	211	0
827	197	0
828	195	0
829	189	0
830	199	0
831	209	0
832	194	0
833	191	0
834	192	0
835	200	0
836	208	0
837	208	0
838	205	0
839	194	0
840	197	0
841	202	0
842	180	0
843	197	0
844	205	0
845	197	0
846	183	0
847	205	0
848	192	0
849	194	0
850	194	0
851	214	0
852	225	0
853	218	0
854	207	0
855	188	0
856	205	0
857	195	0
858	174	0
859	221	0
860	206	0
861	196	0
862	216	0
863	197	0
864	209	0
865	179	0
866	189	0
867	188	0
868	219	0
869	191	0
870	184	0
871	203	0
872	199	0
873	196	0
874	204	0
875	201	0
876	234	0
877	207	0
878	202	0
879	207	0
880	203	0
881	187	0
882	186	0
883	204	0
884	198	0
885	209	0
886	225	0
887	215	0
888	189	0
889	196	0
890	210	0
891	184	0
892	184	0
893	206	0
894	213	0
895	203	0
896	188	0
897	183	0
898	213	0
899	207	0
900	196	0
901	193	0
902	193	0
903	190	0
904	177	0
905	203	0
906	203	0
907	191	0
908	199	0
909	191	0
910	216	0
911	189	0
912	179	0
913	221	0
914	183	0
915	209	0
916	202	0
917	214	0
918	231	0
919	225	0
920	211	0
921	162	0
922	191	0
923	209	0
924	207	0
925	205	0
926	186	0
927	203	0
928	212	0
929	215	0
930	210	0
931	234	0
932	215	0
933	186	0
934	197	0
935	196	0
936	206	0
937	187	0
938	164	0
939	220	0
940	184	0
941	204	0
942	205	0
943	186	0
944	197	0
945	190	0
946	189	0
947	199	0
948	186	0
949	201	0
950	200	0
951	184	0
952	209	0
953	191	0
954	191	0
955	180	0
956	209	0
957	205	0
958	191	0
959	192	0
960	196	0
961	206	0
962	209	0
963	204	0
964	238	0
965	219	0
966	202	0
967	197	0
968	219	0
969	218	0
970	190	0
971	211	0
972	202	0
973	201	0
974	200	0
975	204	0
976	219	0
977	208	0
978	189	0
979	212	0
980	213	0
981	213	0
982	225	0
983	208	0
984	184	0
985	190	0
986	202	0
987	207	0
988	186	0
989	200	0
990	202	0
991	214	0
992	187	0
993	212	0
994	224	0
995	219	0
996	168	0
997	196	0
998	199	0
999	226	0
1000	218	0
1001	199	0
1002	195	0
1003	198	0
1004	225	0
1005	218	0
1006	181	0
1007	211	0
1008	212	0
1009	206	0
1010	200	0
1011	183	0
1012	169	0
1013	204	0
1014	221	0
1015	221	0
1016	227	0
1017	221	0
1018	193	0
1019	190	0
1020	196	0
1021	202	0
1022	219	0
1023	211	0
1024	197	0
1025	203	0
1026	167	0
1027	198	0
1028	203	0
1029	174	0
1030	212	0
1031	178	0
1032	208	0
1033	198	0
1034	194	0
1035	220	0
1036	190	0
1037	183	0
1038	191	0
1039	187	0
1040	194	0
1041	210	0
1042	208	0
1043	214	0
1044	192	0
1045	190	0
1046	191	0
1047	195	0
1048	191	0
1049	186	0
1050	203	0
1051	192	0
1052	200	0
1053	200	0
1054	177	0
1055	199	0
1056	172	0
1057	196	0
1058	221	0
1059	195	0
1060	199	0
1061	205	0
1062	187	0
1063	177	0
1064	158	0
1065	221	0
1066	203	0
1067	214	0
1068	214	0
1069	196	0
1070	202	0
1071	176	0
1072	206	0
1073	217	0
1074	186	0
1075	183	0
1076	213	0
1077	196	0
1078	179	0
1079	200	0
1080	206	0
1081	207	0
1082	205	0
1083	178	0
1084	194	0
1085	212	0
1086	185	0
1087	181	0
1088	204	0
1089	189	0
1090	189	0
1091	215	0
1092	208	0
1093	186	0
1094	194	0
1095	175	0
1096	191	0
1097	204	0
1098	190	0
1099	170	0
1100	199	0
1101	201	0
1102	183	0
1103	174	0
1104	220	0
1105	187	0
1106	187	0
1107	199	0
1108	205	0
1109	219	0
1110	208	0
1111	204	0
1112	214	0
1113	207	0
1114	229	0
1115	190	0
1116	180	0
1117	182	0
1118	207	0
1119	239	0
1120	198	0
1121	201	0
1122	204	0
1123	180	0
1124	193	0
1125	182	0
1126	188	0
1127	188	0
1128	181	0
1129	187	0
1130	195	0
1131	194	0
1132	187	0
1133	219	0
1134	181	0
1135	214	0
1136	195	0
1137	234	0
1138	190	0
1139	238	0
1140	181	0
1141	214	0
1142	229	0
1143	199	0
1144	201	0
1145	200	0
1146	206	0
1147	177	0
1148	201	0
1149	216	0
1150	199	0
1151	200	0
1152	193	0
1153	201	0
1154	171	0
1155	200	0
1156	215	0
1157	200	0
1158	205	0
1159	192	0
1160	187	0
1161	229	0
1162	221	0
1163	217	0
1164	184	0
1165	202	0
1166	167	0
1167	186	0
1168	207	0
1169	188	0
1170	190	0
1171	187	0
1172	204	0
1173	210	0
1174	184	0
1175	212	0
1176	212	0
1177	226	0
1178	184	0
1179	176	0
1180	210	0
1181	184	0
1182	206	0
1183	203	0
1184	227	0
1185	177	0
1186	175	0
1187	212	0
1188	206	0
1189	182	0
1190	189	0
1191	203	0
1192	181	0
1193	217	0
1194	207	0
1195	192	0
1196	186	0
1197	192	0
1198	177	0
1199	189	0
1200	205	0
1201	194	0
1202	205	0
1203	209	0
1204	239	0
1205	178	0
1206	187	0
1207	203	0
1208	231	0
1209	197	0
1210	228	0
1211	179	0
1212	192	0
1213	174	0
1214	215	0
1215	196	0
1216	177	0
1217	213	0
1218	241	0
1219	199	0
1220	191	0
1221	205	0
1222	225	0
1223	199	0
1224	181	0
1225	202	0
1226	183	0
1227	182	0
1228	199	0
1229	235	0
1230	199	0
1231	228	0
1232	192	0
1233	208	0
1234	206	0
1235	215	0
1236	188	0
1237	202	0
1238	198	0
1239	205	0
1240	207	0
1241	184	0
1242	212	0
1243	212	0
1244	193	0
1245	192	0
1246	206	0
1247	190	0
1248	196	0
1249	208	0
1250	203	0
1251	209	0
1252	182	0
1253	194	0
1254	188	0
1255	205	0
1256	188	0
1257	206	0
1258	215	0
1259	201	0
1260	198	0
1261	223	0
1262	185	0
1263	185	0
1264	221	0
1265	216	0
1266	210	0
1267	199	0
1268	188	0
1269	184	0
1270	191	0
1271	186	0
1272	211	0
1273	196	0
1274	217	0
1275	199	0
1276	204	0
1277	194	0
1278	199	0
1279	212	0
1280	202	0
1281	197	0
1282	179	0
1283	194	0
1284	184	0
1285	213	0
1286	207	0
1287	192	0
1288	195	0
1289	192	0
1290	224	0
1291	200	0
1292	206	0
1293	205	0
1294	204	0
1295	184	0
1296	226	0
1297	205	0
1298	204	0
1299	211	0
1300	195	0
1301	184	0
1302	227	0
1303	212	0
1304	182	0
1305	184	0
1306	212	0
1307	209	0
1308	212	0
1309	186	0
1310	210	0
1311	210	0
1312	198	0
1313	186	0
1314	204	0
1315	214	0
1316	223	0
1317	209	0
1318	204	0
1319	192	0
1320	165	0
1321	221	0
1322	211	0
1323	200	0
1324	170	0
1325	193	0
1326	214	0
1327	208	0
1328	196	0
1329	178	0
1330	201	0
1331	206	0
1332	224	0
1333	197	0
1334	199	0
1335	210	0
1336	207	0
1337	197	0
1338	180	0
1339	211	0
1340	173	0
1341	205	0
1342	207	0
1343	190	0
1344	188	0
1345	179	0
1346	187	0
1347	194	0
1348	191	0
1349	199	0
1350	189	0
1351	213	0
1352	210	0
1353	186	0
1354	207	0
1355	176	0
1356	180	0
1357	189	0
1358	167	0
1359	189	0
1360	179	0
1361	211	0
1362	199	0
1363	180	0
1364	202	0
1365	214	0
1366	190	0
1367	201	0
1368	225	0
1369	194	0
1370	203	0
1371	194	0
1372	186	0
1373	218	0
1374	198	0
1375	175	0
1376	186	0
1377	199	0
1378	200	0
1379	187	0
1380	215	0
1381	188	0
1382	209	0
1383	208	0
1384	211	0
1385	188	0
1386	194	0
1387	174	0
1388	207	0
1389	181	0
1390	203	0
1391	197	0
1392	184	0
1393	209	0
1394	182	0
1395	227	0
1396	196	0
1397	236	0
1398	188	0
1399	199	0
1400	181	0
1401	196	0
1402	205	0
1403	195	0
1404	160	0
1405	221	0
1406	199	0
1407	194	0
1408	183	0
1409	197	0
1410	202	0
1411	222	0
1412	169	0
1413	222	0
1414	189	0
1415	211	0
1416	203	0
1417	191	0
1418	201	0
1419	208	0
1420	227	0
1421	202	0
1422	181	0
1423	226	0
1424	203	0
1425	196	0
1426	200	0
1427	210	0
1428	198	0
1429	205	0
1430	172	0
1431	207	0
1432	176	0
1433	199	0
1434	185	0
1435	201	0
1436	195	0
1437	214	0
1438	203	0
1439	183	0
1440	190	0
1441	238	0
1442	174	0
1443	181	0
1444	203	0
1445	194	0
1446	187	0
1447	209	0
1448	203	0
1449	201	0
1450	181	0
1451	204	0
1452	196	0
1453	195	0
1454	234	0
1455	209	0
1456	205	0
1457	198	0
1458	182	0
1459	208	0
1460	224	0
1461	216	0
1462	190	0
1463	194	0
1464	188	0
1465	196	0
1466	207	0
1467	209	0
1468	182	0
1469	232	0
1470	187	0
1471	205	0
1472	204	0
1473	183	0
1474	203	0
1475	193	0
1476	222	0
1477	215	0
1478	188	0
1479	212	0
1480	222	0
1481	218	0
1482	190	0
1483	194	0
1484	187	0
1485	224	0
1486	222	0
1487	213	0
1488	212	0
1489	184	0
1490	190	0
1491	193	0
1492	213	0
1493	191	0
1494	208	0
1495	181	0
1496	189	0
1497	195	0
1498	212	0
1499	180	0
1500	182	0
1501	209	0
1502	187	0
1503	212	0
1504	207	0
1505	195	0
1506	195	0
1507	204	0
1508	179	0
1509	203	0
1510	194	0
1511	188	0
1512	205	0
1513	214	0
1514	231	0
1515	232	0
1516	200	0
1517	215	0
1518	207	0
1519	208	0
1520	201	0
1521	188	0
1522	189	0
1523	200	0
1524	202	0
1525	179	0
1526	201	0
1527	187	0
1528	215	0
1529	212	0
1530	205	0
1531	191	0
1532	221	0
1533	219	0
1534	179	0
1535	197	0
1536	179	0
1537	201	0
1538	209	0
1539	202	0
1540	197	0
1541	216	0
1542	179	0
1543	206	0
1544	181	0
1545	180	0
1546	204	0
1547	184	0
1548	185	0
1549	183	0
1550	188	0
1551	163	0
1552	189	0
1553	186	0
1554	204	0
1555	195	0
1556	234	0
1557	205	0
1558	193	0
1559	198	0
1560	186	0
1561	196	0
1562	192	0
1563	203	0
1564	192	0
1565	215	0
1566	201	0
1567	208	0
1568	187	0
1569	206	0
1570	184	0
1571	192	0
1572	209	0
1573	217	0
1574	191	0
1575	187	0
1576	205	0
1577	201	0
1578	207	0
1579	212	0
1580	200	0
1581	174	0
1582	191	0
1583	204	0
1584	200	0
1585	202	0
1586	211	0
1587	187	0
1588	166	0
1589	229	0
1590	194	0
1591	206	0
1592	206	0
1593	198	0
1594	194	0
1595	193	0
1596	205	0
1597	207	0
1598	195	0
1599	216	0
1600	212	0
1601	200	0
1602	199	0
1603	186	0
1604	203	0
1605	181	0
1606	197	0
1607	159	0
1608	205	0
1609	215	0
1610	220	0
1611	206	0
1612	227	0
1613	215	0
1614	190	0
1615	205	0
1616	205	0
1617	203	0
1618	197	0
1619	214	0
1620	178	0
1621	201	0
1622	224	0
1623	196	0
1624	214	0
1625	207	0
1626	214	0
1627	175	0
1628	194	0
1629	199	0
1630	197	0
1631	200	0
1632	207	0
1633	194	0
1634	200	0
1635	182	0
1636	197	0
1637	172	0
1638	232	0
1639	209	0
1640	207	0
1641	205	0
1642	194	0
1643	183	0
1644	183	0
1645	185	0
1646	181	0
1647	198	0
1648	194	0
1649	210	0
1650	207	0
1651	186	0
1652	201	0
1653	184	0
1654	193	0
1655	192	0
1656	222	0
1657	221	0
1658	191	0
1659	215	0
1660	202	0
1661	197	0
1662	206	0
1663	198	0
1664	234	0
1665	192	0
1666	193	0
1667	210	0
1668	217	0
1669	214	0
1670	192	0
1671	220	0
1672	205	0
1673	185	0
1674	209	0
1675	220	0
1676	172	0
1677	198	0
1678	186	0
1679	212	0
1680	218	0
1681	186	0
1682	204	0
1683	197	0
1684	193	0
1685	220	0
1686	232	0
1687	234	0
1688	189	0
1689	180	0
1690	185	0
1691	205	0
1692	204	0
1693	216	0
1694	205	0
1695	204	0
1696	187	0
1697	197	0
1698	182	0
1699	215	0
1700	214	0
1701	191	0
1702	200	0
1703	207	0
1704	197	0
1705	209	0
1706	188	0
1707	186	0
1708	182	0
1709	235	0
1710	197	0
1711	202	0
1712	191	0
1713	199	0
1714	213	0
1715	195	0
1716	203	0
1717	212	0
1718	190	0
1719	186	0
1720	199	0
1721	181	0
1722	216	0
1723	185	0
1724	221	0
1725	213	0
1726	219	0
1727	241	0
1728	189	0
1729	213	0
1730	161	0
1731	182	0
1732	209	0
1733	213	0
1734	231	0
1735	226	0
1736	201	0
1737	205	0
1738	193	0
1739	186	0
1740	200	0
1741	199	0
1742	198	0
1743	203	0
1744	214	0
1745	225	0
1746	231	0
1747	227	0
1748	175	0
1749	194	0
1750	212	0
1751	196	0
1752	187	0
1753	201	0
1754	181	0
1755	197	0
1756	207	0
1757	201	0
1758	198	0
1759	208	0
1760	202	0
1761	235	0
1762	220	0
1763	209	0
1764	181	0
1765	197	0
1766	206	0
1767	204	0
1768	226	0
1769	232	0
1770	188	0
1771	191	0
1772	226	0
1773	200	0
1774	192	0
1775	167	0
1776	198	0
1777	171	0
1778	211	0
1779	202	0
1780	188	0
1781	211	0
1782	184	0
1783	200	0
1784	199	0
1785	202	0
1786	180	0
1787	186	0
1788	193	0
1789	192	0
1790	199	0
1791	221	0
1792	227	0
1793	208	0
1794	207	0
1795	193	0
1796	199	0
1797	189	0
1798	182	0
1799	192	0
1800	214	0
1801	202	0
1802	199	0
1803	188	0
1804	193	0
1805	188	0
1806	206	0
1807	202	0
1808	216	0
1809	204	0
1810	213	0
1811	217	0
1812	208	0
1813	185	0
1814	214	0
1815	222	0
1816	189	0
1817	217	0
1818	188	0
1819	209	0
1820	187	0
1821	201	0
1822	225	0
1823	200	0
1824	219	0
1825	209	0
1826	216	0
1827	201	0
1828	189	0
1829	194	0
1830	208	0
1831	187	0
1832	195	0
1833	208	0
1834	220	0
1835	172	0
1836	188	0
1837	210	0
1838	224	0
1839	211	0
1840	166	0
1841	197	0
1842	190	0
1843	170	0
1844	193	0
1845	202	0
1846	191	0
1847	189	0
1848	199	0
1849	198	0
1850	205	0
1851	182	0
1852	201	0
1853	182	0
1854	220	0
1855	202	0
1856	186	0
1857	221	0
1858	222	0
1859	184	0
1860	201	0
1861	209	0
1862	230	0
1863	190	0
1864	238	0
1865	187	0
1866	213	0
1867	188	0
1868	179	0
1869	194	0
1870	195	0
1871	194	0
1872	213	0
1873	195	0
1874	198	0
1875	205	0
1876	191	0
1877	216	0
1878	213	0
1879	197	0
1880	217	0
1881	200	0
1882	202	0
1883	217	0
1884	207	0
1885	195	0
1886	200	0
1887	210	0
1888	181	0
1889	195	0
1890	219	0
1891	203	0
1892	200	0
1893	198	0
1894	195	0
1895	186	0
1896	203	0
1897	218	0
1898	205	0
1899	192	0
1900	194	0
1901	210	0
1902	198	0
1903	197	0
1904	198	0
1905	210	0
1906	200	0
1907	193	0
1908	190	0
1909	219	0
1910	185	0
1911	177	0
1912	191	0
1913	189	0
1914	208	0
1915	215	0
1916	234	0
1917	185	0
1918	195	0
1919	200	0
1920	209	0
1921	210	0
1922	188	0
1923	202	0
1924	175	0
1925	214	0
1926	207	0
1927	210	0
1928	202	0
1929	217	0
1930	185	0
1931	189	0
1932	203	0
1933	161	0
1934	194	0
1935	228	0
1936	198	0
1937	209	0
1938	188	0
1939	222	0
1940	194	0
1941	204	0
1942	215	0
1943	224	0
1944	202	0
1945	193	0
1946	185	0
1947	196	0
1948	213	0
1949	185	0
1950	173	0
1951	179	0
1952	216	0
1953	186	0
1954	179	0
1955	199	0
1956	206	0
1957	207	0
1958	193	0
1959	198	0
1960	185	0
1961	207	0
1962	229	0
1963	218	0
1964	176	0
1965	178	0
1966	207	0
1967	181	0
1968	198	0
1969	192	0
1970	210	0
1971	205	0
1972	210	0
1973	203	0
1974	175	0
1975	197	0
1976	191	0
1977	210	0
1978	213	0
1979	186	0
1980	197	0
1981	187	0
1982	216	0
1983	183	0
1984	210	0
1985	175	0
1986	198	0
1987	207	0
1988	206	0
1989	190	0
1990	193	0
1991	206	0
1992	212	0
1993	174	0
1994	194	0
1995	204	0
1996	211	0
1997	199	0
1998	179	0
1999	179	0
2000	229	0
2001	173	0
2002	209	0
2003	217	0
2004	206	0
2005	203	0
2006	227	0
2007	217	0
2008	211	0
2009	215	0
2010	178	0
2011	203	0
2012	199	0
2013	203	0
2014	189	0
2015	204	0
2016	200	0
2017	208	0
2018	208	0
2019	193	0
2020	193	0
2021	208	0
2022	212	0
2023	229	0
2024	181	0
2025	209	0
2026	196	0
2027	193	0
2028	200	0
2029	204	0
2030	210	0
2031	180	0
2032	200	0
2033	212	0
2034	209	0
2035	208	0
2036	206	0
2037	202	0
2038	198	0
2039	208	0
2040	200	0
2041	186	0
2042	198	0
2043	207	0
2044	198	0
2045	207	0
2046	210	0
2047	207	0
2048	211	0
2049	192	0
2050	195	0
2051	230	0
2052	196	0
2053	207	0
2054	212	0
2055	211	0
2056	187	0
2057	178	0
2058	201	0
2059	187	0
2060	204	0
2061	188	0
2062	186	0
2063	214	0
2064	197	0
2065	179	0
2066	211	0
2067	180	0
2068	201	0
2069	204	0
2070	196	0
2071	205	0
2072	211	0
2073	207	0
2074	210	0
2075	189	0
2076	191	0
2077	216	0
2078	189	0
2079	198	0
2080	207	0
2081	198	0
2082	195	0
2083	188	0
2084	209	0
2085	206	0
2086	215	0
2087	184	0
2088	195	0
2089	215	0
2090	178	0
2091	197	0
2092	191	0
2093	182	0
2094	189	0
2095	178	0
2096	208	0
2097	196	0
2098	216	0
2099	197	0
2100	211	0
2101	172	0
2102	186	0
2103	213	0
2104	188	0
2105	215	0
2106	201	0
2107	194	0
2108	224	0
2109	202	0
2110	216	0
2111	192	0
2112	169	0
2113	192	0
2114	221	0
2115	190	0
2116	198	0
2117	190	0
2118	186	0
2119	187	0
2120	194	0
2121	183	0
2122	202	0
2123	228	0
2124	196	0
2125	231	0
2126	191	0
2127	196	0
2128	214	0
2129	195	0
2130	213	0
2131	194	0
2132	211	0
2133	177	0
2134	182	0
2135	178	0
2136	199	0
2137	196	0
2138	208	0
2139	178	0
2140	216	0
2141	195	0
2142	189	0
2143	201	0
2144	202	0
2145	231	0
2146	201	0
2147	198	0
2148	195	0
2149	217	0
2150	197	0
2151	214	0
2152	208	0
2153	201	0
2154	182	0
2155	221	0
2156	200	0
2157	211	0
2158	218	0
2159	185	0
2160	191	0
2161	197	0
2162	188	0
2163	212	0
2164	209	0
2165	204	0
2166	211	0
2167	186	0
2168	212	0
2169	185	0
2170	204	0
2171	215	0
2172	197	0
2173	191	0
2174	172	0
2175	209	0
2176	197	0
2177	184	0
2178	213	0
2179	204	0
2180	190	0
2181	209	0
2182	187	0
2183	164	0
2184	187	0
2185	217	0
2186	209	0
2187	208	0
2188	203	0
2189	207	0
2190	221	0
2191	173	0
2192	193	0
2193	206	0
2194	197	0
2195	193	0
2196	183	0
2197	191	0
2198	195	0
2199	202	0
2200	207	0
2201	183	0
2202	189	0
2203	204	0
2204	209	0
2205	209	0
2206	183	0
2207	222	0
2208	208	0
2209	185	0
2210	208	0
2211	217	0
2212	227	0
2213	211	0
2214	199	0
2215	200	0
2216	182	0
2217	190	0
2218	187	0
2219	201	0
2220	211	0
2221	196	0
2222	184	0
2223	180	0
2224	213	0
2225	173	0
2226	181	0
2227	190	0
2228	197	0
2229	199	0
2230	219	0
2231	194	0
2232	190	0
2233	213	0
2234	182	0
2235	210	0
2236	195	0
2237	187	0
2238	182	0
2239	185	0
2240	200	0
2241	213	0
2242	195	0
2243	209	0
2244	211	0
2245	176	0
2246	168	0
2247	171	0
2248	186	0
2249	166	0
2250	180	0
2251	184	0
2252	215	0
2253	213	0
2254	218	0
2255	176	0
2256	227	0
2257	177	0
2258	203	0
2259	211	0
2260	199	0
2261	222	0
2262	214	0
2263	197	0
2264	177	0
2265	195	0
2266	196	0
2267	188	0
2268	222	0
2269	225	0
2270	182	0
2271	213	0
2272	210	0
2273	168	0
2274	228	0
2275	185	0
2276	204	0
2277	177	0
2278	208	0
2279	214	0
2280	204	0
2281	202	0
2282	192	0
2283	224	0
2284	192	0
2285	237	0
2286	191	0
2287	186	0
2288	211	0
2289	184	0
2290	197	0
2291	213	0
2292	212	0
2293	190	0
2294	219	0
2295	202	0
2296	191	0
2297	173	0
2298	173	0
2299	221	0
2300	194	0
2301	186	0
2302	203	0
2303	189	0
2304	212	0
2305	187	0
2306	205	0
2307	244	0
2308	200	0
2309	192	0
2310	214	0
2311	187	0
2312	199	0
2313	216	0
2314	181	0
2315	213	0
2316	202	0
2317	207	0
2318	201	0
2319	184	0
2320	231	0
2321	192	0
2322	221	0
2323	192	0
2324	177	0
2325	195	0
2326	202	0
2327	223	0
2328	213	0
2329	209	0
2330	184	0
2331	193	0
2332	203	0
2333	188	0
2334	205	0
2335	202	0
2336	226	0
2337	209	0
2338	187	0
2339	208	0
2340	222	0
2341	197	0
2342	206	0
2343	201	0
2344	178	0
2345	205	0
2346	204	0
2347	202	0
2348	203	0
2349	198	0
2350	173	0
2351	214	0
2352	202	0
2353	201	0
2354	200	0
2355	218	0
2356	194	0
2357	201	0
2358	197	0
2359	182	0
2360	199	0
2361	179	0
2362	200	0
2363	204	0
2364	200	0
2365	181	0
2366	189	0
2367	204	0
2368	215	0
2369	200	0
2370	192	0
2371	193	0
2372	218	0
2373	199	0
2374	198	0
2375	198	0
2376	200	0
2377	217	0
2378	209	0
2379	204	0
2380	213	0
2381	190	0
2382	196	0
2383	212	0
2384	196	0
2385	190	0
2386	202	0
2387	198	0
2388	194	0
2389	176	0
2390	187	0
2391	184	0
2392	175	0
2393	189	0
2394	198	0
2395	184	0
2396	195	0
2397	208	0
2398	199	0
2399	189	0
2400	206	0
2401	194	0
2402	195	0
2403	204	0
2404	206	0
2405	218	0
2406	196	0
2407	225	0
2408	221	0
2409	217	0
2410	221	0
2411	213	0
2412	210	0
2413	201	0
2414	192	0
2415	207	0
2416	221	0
2417	201	0
2418	210	0
2419	176	0
2420	192	0
2421	186	0
2422	188	0
2423	197	0
2424	199	0
2425	176	0
2426	213	0
2427	229	0
2428	194	0
2429	176	0
2430	179	0
2431	184	0
2432	197	0
2433	198	0
2434	220	0
2435	223	0
2436	211	0
2437	204	0
2438	219	0
2439	209	0
2440	186	0
2441	192	0
2442	225	0
2443	188	0
2444	202	0
2445	185	0
2446	196	0
2447	193	0
2448	187	0
2449	205	0
2450	185	0
2451	191	0
2452	197	0
2453	198	0
2454	203	0
2455	197	0
2456	234	0
2457	196	0
2458	217	0
2459	202	0
2460	227	0
2461	194	0
2462	196	0
2463	177	0
2464	205	0
2465	192	0
2466	190	0
2467	203	0
2468	184	0
2469	211	0
2470	202	0
2471	193	0
2472	212	0
2473	212	0
2474	157	0
2475	196	0
2476	203	0
2477	210	0
2478	194	0
2479	207	0
2480	189	0
2481	193	0
2482	207	0
2483	188	0
2484	224	0
2485	208	0
2486	203	0
2487	198	0
2488	190	0
2489	206	0
2490	191	0
2491	178	0
2492	193	0
2493	214	0
2494	209	0
2495	188	0
2496	173	0
2497	208	0
2498	208	0
2499	197	0
2500	189	0
2501	245	0
2502	200	0
2503	168	0
2504	191	0
2505	170	0
2506	192	0
2507	202	0
2508	189	0
2509	200	0
2510	222	0
2511	221	0
2512	183	0
2513	169	0
2514	184	0
2515	205	0
2516	217	0
2517	202	0
2518	192	0
2519	227	0
2520	219	0
2521	216	0
2522	184	0
2523	211	0
2524	176	0
2525	190	0
2526	203	0
2527	170	0
2528	195	0
2529	193	0
2530	202	0
2531	200	0
2532	225	0
2533	211	0
2534	211	0
2535	191	0
2536	191	0
2537	210	0
2538	215	0
2539	189	0
2540	170	0
2541	217	0
2542	186	0
2543	202	0
2544	215	0
2545	205	0
2546	202	0
2547	210	0
2548	218	0
2549	223	0
2550	183	0
2551	191	0
2552	224	0
2553	226	0
2554	202	0
2555	199	0
2556	226	0
2557	210	0
2558	196	0
2559	188	0
2560	203	0
2561	211	0
2562	206	0
2563	202	0
2564	199	0
2565	196	0
2566	214	0
2567	183	0
2568	193	0
2569	207	0
2570	207	0
2571	181	0
2572	195	0
2573	202	0
2574	209	0
2575	172	0
2576	208	0
2577	183	0
2578	174	0
2579	190	0
2580	210	0
2581	181	0
2582	209	0
2583	221	0
2584	196	0
2585	195	0
2586	190	0
2587	194	0
2588	192	0
2589	201	0
2590	194	0
2591	193	0
2592	185	0
2593	196	0
2594	198	0
2595	228	0
2596	200	0
2597	212	0
2598	192	0
2599	188	0
2600	208	0
2601	199	0
2602	199	0
2603	218	0
2604	171	0
2605	197	0
2606	190	0
2607	199	0
2608	180	0
2609	219	0
2610	211	0
2611	179	0
2612	189	0
2613	207	0
2614	195	0
2615	171	0
2616	174	0
2617	176	0
2618	204	0
2619	199	0
2620	210	0
2621	175	0
2622	201	0
2623	189	0
2624	190	0
2625	199	0
2626	196	0
2627	210	0
2628	209	0
2629	198	0
2630	188	0
2631	204	0
2632	185	0
2633	206	0
2634	218	0
2635	202	0
2636	189	0
2637	202	0
2638	170	0
2639	218	0
2640	221	0
2641	211	0
2642	208	0
2643	206	0
2644	208	0
2645	197	0
2646	210	0
2647	194	0
2648	178	0
2649	204	0
2650	170	0
2651	200	0
2652	218	0
2653	200	0
2654	189	0
2655	218	0
2656	223	0
2657	193	0
2658	199	0
2659	190	0
2660	208	0
2661	193	0
2662	187	0
2663	185	0
2664	181	0
2665	211	0
2666	194	0
2667	181	0
2668	190	0
2669	176	0
2670	220	0
2671	193	0
2672	190	0
2673	223	0
2674	171	0
2675	199	0
2676	201	0
2677	218	0
2678	220	0
2679	222	0
2680	206	0
2681	210	0
2682	222	0
2683	182	0
2684	186	0
2685	213	0
2686	208	0
2687	211	0
2688	215	0
2689	195	0
2690	203	0
2691	196	0
2692	198	0
2693	220	0
2694	200	0
2695	184	0
2696	200	0
2697	210	0
2698	211	0
2699	193	0
2700	241	0
2701	174	0
2702	185	0
2703	202	0
2704	206	0
2705	192	0
2706	208	0
2707	224	0
2708	212	0
2709	217	0
2710	210	0
2711	208	0
2712	202	0
2713	203	0
2714	200	0
2715	204	0
2716	208	0
2717	189	0
2718	224	0
2719	206	0
2720	185	0
2721	188	0
2722	193	0
2723	209	0
2724	202	0
2725	199	0
2726	236	0
2727	181	0
2728	205	0
2729	213	0
2730	229	0
2731	208	0
2732	207	0
2733	201	0
2734	208	0
2735	207	0
2736	200	0
2737	205	0
2738	196	0
2739	223	0
2740	197	0
2741	214	0
2742	195	0
2743	192	0
2744	212	0
2745	210	0
2746	191	0
2747	185	0
2748	206	0
2749	198	0
2750	202	0
2751	192	0
2752	194	0
2753	205	0
2754	192	0
2755	189	0
2756	210	0
2757	197	0
2758	206	0
2759	193	0
2760	182	0
2761	191	0
2762	225	0
2763	194	0
2764	201	0
2765	220	0
2766	194	0
2767	196	0
2768	207	0
2769	213	0
2770	200	0
2771	182	0
2772	176	0
2773	208	0
2774	225	0
2775	215	0
2776	182	0
2777	209	0
2778	190	0
2779	206	0
2780	182	0
2781	165	0
2782	198	0
2783	210	0
2784	211	0
2785	193	0
2786	181	0
2787	184	0
2788	194	0
2789	202	0
2790	196	0
2791	220	0
2792	220	0
2793	198	0
2794	204	0
2795	193	0
2796	213	0
2797	202	0
2798	201	0
2799	192	0
2800	194	0
2801	190	0
2802	183	0
2803	193	0
2804	184	0
2805	192	0
2806	204	0
2807	217	0
2808	189	0
2809	201	0
2810	201	0
2811	202	0
2812	178	0
2813	218	0
2814	221	0
2815	173	0
2816	188	0
2817	202	0
2818	196	0
2819	201	0
2820	193	0
2821	197	0
2822	192	0
2823	186	0
2824	219	0
2825	219	0
2826	219	0
2827	219	0
2828	190	0
2829	214	0
2830	210	0
2831	187	0
2832	188	0
2833	185	0
2834	176	0
2835	208	0
2836	211	0
2837	186	0
2838	195	0
2839	168	0
2840	192	0
2841	206	0
2842	199	0
2843	170	0
2844	187	0
2845	198	0
2846	194	0
2847	160	0
2848	212	0
2849	198	0
2850	196	0
2851	201	0
2852	221	0
2853	183	0
2854	208	0
2855	198	0
2856	184	0
2857	175	0
2858	200	0
2859	206	0
2860	190	0
2861	215	0
2862	201	0
2863	206	0
2864	214	0
2865	208	0
2866	191	0
2867	217	0
2868	202	0
2869	203	0
2870	182	0
2871	203	0
2872	218	0
2873	178	0
2874	210	0
2875	207	0
2876	198	0
2877	229	0
2878	208	0
2879	217	0
2880	186	0
2881	198	0
2882	200	0
2883	198	0
2884	191	0
2885	190	0
2886	203	0
2887	214	0
2888	187	0
2889	201	0
2890	205	0
2891	186	0
2892	216	0
2893	219	0
2894	196	0
2895	198	0
2896	228	0
2897	183	0
2898	222	0
2899	208	0
2900	207	0
2901	185	0
2902	194	0
2903	171	0
2904	195	0
2905	208	0
2906	200	0
2907	187	0
2908	190	0
2909	200	0
2910	229	0
2911	173	0
2912	208	0
2913	217	0
2914	227	0
2915	200	0
2916	212	0
2917	245	0
2918	205	0
2919	199	0
2920	188	0
2921	204	0
2922	195	0
2923	203	0
2924	227	0
2925	199	0
2926	202	0
2927	208	0
2928	182	0
2929	194	0
2930	180	0
2931	201	0
2932	196	0
2933	204	0
2934	210	0
2935	202	0
2936	207	0
2937	213	0
2938	204	0
2939	200	0
2940	177	0
2941	207	0
2942	208	0
2943	238	0
2944	195	0
2945	227	0
2946	201	0
2947	193	0
2948	217	0
2949	217	0
2950	194	0
2951	213	0
2952	218	0
2953	218	0
2954	193	0
2955	191	0
2956	180	0
2957	184	0
2958	222	0
2959	193	0
2960	193	0
2961	219	0
2962	201	0
2963	171	0
2964	181	0
2965	216	0
2966	198	0
2967	186	0
2968	200	0
2969	209	0
2970	204	0
2971	202	0
2972	168	0
2973	219	0
2974	187	0
2975	204	0
2976	197	0
2977	174	0
2978	184	0
2979	224	0
2980	188	0
2981	215	0
2982	195	0
2983	196	0
2984	203	0
2985	190	0
2986	181	0
2987	169	0
2988	199	0
2989	199	0
2990	184	0
2991	216	0
2992	205	0
2993	186	0
2994	176	0
2995	191	0
2996	195	0
2997	217	0
2998	220	0
2999	205	0
3000	160	0
