1	218	0
2	186	0
3	202	0
4	197	0
5	194	0
6	188	0
7	188	0
8	196	0
9	193	0
10	202	0
11	181	0
12	194	0
13	231	0
14	207	0
15	205	0
16	190	0
17	198	0
18	194	0
19	192	0
20	207	0
21	206	0
22	189	0
23	198	0
24	194	0
25	192	0
26	180	0
27	186	0
28	191	0
29	187	0
30	202	0
31	180	0
32	200	0
33	193	0
34	177	0
35	203	0
36	180	0
37	190	0
38	174	0
39	185	0
40	187	0
41	199	0
42	202	0
43	188	0
44	196	0
45	189	0
46	185	0
47	216	0
48	188	0
49	195	0
50	179	0
51	192	0
52	199	0
53	219	0
54	187	0
55	179	0
56	196	0
57	222	0
58	174	0
59	191	0
60	187	0
61	208	0
62	192	0
63	208	0
64	211	0
65	197	0
66	203	0
67	201	0
68	182	0
69	195	0
70	192	0
71	228	0
72	218	0
73	185	0
74	207	0
75	187	0
76	192	0
77	186	0
78	230	0
79	190	0
80	212	0
81	199	0
82	219	0
83	200	0
84	186	0
85	209	0
86	190	0
87	198	0
88	192	0
89	185	0
90	189	0
91	212	0
92	223	0
93	188	0
94	215	0
95	191	0
96	196	0
97	212	0
98	168	0
99	203	0
100	204	0
101	178	0
102	199	0
103	179	0
104	206	0
105	183	0
106	198	0
107	171	0
108	178	0
109	173	0
110	233	0
111	199	0
112	209	0
113	198	0
114	193	0
115	200	0
116	190	0
117	185	0
118	175	0
119	204	0
120	239	0
121	191	0
122	204	0
123	189	0
124	185	0
125	176	0
126	180	0
127	181	0
128	200	0
129	192	0
130	182	0
131	222	0
132	224	0
133	192	0
134	195	0
135	168	0
136	189	0
137	193	0
138	192	0
139	197	0
140	191	0
141	222	0
142	198	0
143	171	0
144	189	0
145	200	0
146	191	0
147	170	0
148	209	0
149	205	0
150	190	0
151	177	0
152	203	0
153	216	0
154	213	0
155	178	0
156	199	0
157	173	0
158	207	0
159	178	0
160	171	0
161	179	0
162	183	0
163	216	0
164	198	0
165	214	0
166	199	0
167	190	0
168	181	0
169	202	0
170	220	0
171	194	0
172	189	0
173	196	0
174	189	0
175	178	0
176	190	0
177	194	0
178	219	0
179	204	0
180	172	0
181	204	0
182	207	0
183	184	0
184	208	0
185	186	0
186	192	0
187	187	0
188	193	0
189	207	0
190	203	0
191	189	0
192	193	0
193	198	0
194	209	0
195	201	0
196	206	0
197	170	0
198	202	0
199	200	0
200	204	0
201	213	0
202	206	0
203	181	0
204	210	0
205	210	0
206	190	0
207	234	0
208	169	0
209	200	0
210	196	0
211	199	0
212	180	0
213	219	0
214	193	0
215	179	0
216	205	0
217	197	0
218	163	0
219	192	0
220	214	0
221	211	0
222	221	0
223	224	0
224	203	0
225	189	0
226	197	0
227	211	0
228	199	0
229	194	0
230	175	0
231	196	0
232	199	0
233	188	0
234	210	0
235	177	0
236	207	0
237	194	0
238	201	0
239	217	0
240	206	0
241	211	0
242	179	0
243	200	0
244	176	0
245	198	0
246	171	0
247	196	0
248	213	0
249	196	0
250	210	0
251	195	0
252	202	0
253	179	0
254	199	0
255	204	0
256	190	0
257	189	0
258	193	0
259	188	0
260	191	0
261	209	0
262	185	0
263	173	0
264	204	0
265	215	0
266	193	0
267	206	0
268	216	0
269	204	0
270	210	0
271	190	0
272	165	0
273	189	0
274	181	0
275	193	0
276	212	0
277	188	0
278	211	0
279	200	0
280	175	0
281	202	0
282	177	0
283	224	0
284	204	0
285	182	0
286	175	0
287	165	0
288	207	0
289	209	0
290	176	0
291	189	0
292	205	0
293	193	0
294	211	0
295	197	0
296	221	0
297	197	0
298	185	0
299	225	0
300	197	0
301	190	0
302	184	0
303	199	0
304	217	0
305	198	0
306	193	0
307	218	0
308	195	0
309	181	0
310	206	0
311	206	0
312	213	0
313	202	0
314	196	0
315	195	0
316	224	0
317	190	0
318	187	0
319	182	0
320	208	0
321	195	0
322	219	0
323	203	0
324	199	0
325	194	0
326	208	0
327	199	0
328	176	0
329	207	0
330	212	0
331	187	0
332	199	0
333	182	0
334	201	0
335	200	0
336	201	0
337	200	0
338	197	0
339	202	0
340	178	0
341	184	0
342	196	0
343	183	0
344	184	0
345	206	0
346	211	0
347	200	0
348	198	0
349	187	0
350	217	0
351	235	0
352	193	0
353	193	0
354	199	0
355	195	0
356	182	0
357	190	0
358	179	0
359	168	0
360	188	0
361	212	0
362	187	0
363	195	0
364	191	0
365	199	0
366	185	0
367	198	0
368	195	0
369	182	0
370	205	0
371	203	0
372	218	0
373	177	0
374	179	0
375	210	0
376	209	0
377	186	0
378	207	0
379	180	0
380	198	0
381	191	0
382	199	0
383	211	0
384	195	0
385	181	0
386	208	0
387	173	0
388	189	0
389	180	0
390	193	0
391	172	0
392	197	0
393	184	0
394	185	0
395	208	0
396	206	0
397	196	0
398	175	0
399	206	0
400	187	0
401	233	0
402	187	0
403	189	0
404	204	0
405	198	0
406	172	0
407	191	0
408	167	0
409	186	0
410	215	0
411	219	0
412	197	0
413	199	0
414	224	0
415	213	0
416	191	0
417	216	0
418	221	0
419	193	0
420	184	0
421	191	0
422	197	0
423	213	0
424	196	0
425	192	0
426	218	0
427	210	0
428	186	0
429	190	0
430	216	0
431	206	0
432	187	0
433	199	0
434	200	0
435	212	0
436	204	0
437	194	0
438	205	0
439	181	0
440	200	0
441	197	0
442	191	0
443	205	0
444	199	0
445	191	0
446	202	0
447	217	0
448	208	0
449	219	0
450	202	0
451	207	0
452	178	0
453	180	0
454	215	0
455	207	0
456	197	0
457	202	0
458	203	0
459	184	0
460	179	0
461	182	0
462	196	0
463	187	0
464	179	0
465	193	0
466	185	0
467	214	0
468	186	0
469	198	0
470	192	0
471	208	0
472	202	0
473	197	0
474	210	0
475	178	0
476	172	0
477	219	0
478	199	0
479	193	0
480	189	0
481	184	0
482	193	0
483	199	0
484	205	0
485	180	0
486	194	0
487	184	0
488	190	0
489	201	0
490	186	0
491	179	0
492	211	0
493	174	0
494	181	0
495	190	0
496	210	0
497	212	0
498	198	0
499	194	0
500	194	0
501	165	0
502	209	0
503	227	0
504	212	0
505	221	0
506	205	0
507	192	0
508	211	0
509	195	0
510	185	0
511	205	0
512	190	0
513	226	0
514	189	0
515	207	0
516	182	0
517	210	0
518	190	0
519	181	0
520	214	0
521	188	0
522	190	0
523	176	0
524	171	0
525	201	0
526	209	0
527	214	0
528	219	0
529	219	0
530	195	0
531	184	0
532	202	0
533	189	0
534	171	0
535	219	0
536	189	0
537	201	0
538	187	0
539	234	0
540	197	0
541	188	0
542	213	0
543	207	0
544	186	0
545	205	0
546	188	0
547	182	0
548	219	0
549	192	0
550	179	0
551	175	0
552	182	0
553	200	0
554	206	0
555	186	0
556	208	0
557	188	0
558	205	0
559	200	0
560	192	0
561	214	0
562	215	0
563	218	0
564	186	0
565	207	0
566	186	0
567	203	0
568	180	0
569	180	0
570	190	0
571	194	0
572	187	0
573	200	0
574	166	0
575	194	0
576	205	0
577	200	0
578	178	0
579	198	0
580	198	0
581	212	0
582	197	0
583	194	0
584	195	0
585	177	0
586	187	0
587	197	0
588	174	0
589	203	0
590	201	0
591	203	0
592	192	0
593	202	0
594	188	0
595	193	0
596	205	0
597	186	0
598	172	0
599	187	0
600	176	0
601	186	0
602	199	0
603	223	0
604	189	0
605	201	0
606	185	0
607	222	0
608	203	0
609	187	0
610	214	0
611	212	0
612	196	0
613	211	0
614	213	0
615	191	0
616	225	0
617	194	0
618	207	0
619	179	0
620	191	0
621	207	0
622	213	0
623	203	0
624	191	0
625	195	0
626	203	0
627	214	0
628	183	0
629	214	0
630	198	0
631	186	0
632	217	0
633	195	0
634	210	0
635	206	0
636	192	0
637	202	0
638	183	0
639	198	0
640	181	0
641	217	0
642	203	0
643	213	0
644	205	0
645	221	0
646	207	0
647	201	0
648	206	0
649	210	0
650	214	0
651	207	0
652	186	0
653	189	0
654	212	0
655	180	0
656	175	0
657	195	0
658	199	0
659	208	0
660	185	0
661	178	0
662	223	0
663	215	0
664	210	0
665	187	0
666	200	0
667	198	0
668	195	0
669	200	0
670	194	0
671	183	0
672	174	0
673	188	0
674	202	0
675	200	0
676	199	0
677	205	0
678	177	0
679	223	0
680	193	0
681	185	0
682	193	0
683	213	0
684	209	0
685	197	0
686	194	0
687	218	0
688	212	0
689	192	0
690	204	0
691	216	0
692	224	0
693	201	0
694	195	0
695	195	0
696	193	0
697	234	0
698	182	0
699	181	0
700	214	0
701	195	0
702	180	0
703	199	0
704	184	0
705	203	0
706	228	0
707	188	0
708	212	0
709	190	0
710	180	0
711	193	0
712	182	0
713	174	0
714	229	0
715	217	0
716	208	0
717	196	0
718	187	0
719	208	0
720	174	0
721	202	0
722	210	0
723	212	0
724	181	0
725	205	0
726	216	0
727	221	0
728	204	0
729	161	0
730	192	0
731	191	0
732	185	0
733	193	0
734	184	0
735	185	0
736	177	0
737	176	0
738	215	0
739	192	0
740	206	0
741	214	0
742	220	0
743	204	0
744	210	0
745	211	0
746	187	0
747	209	0
748	186	0
749	192	0
750	187	0
751	217	0
752	185	0
753	206	0
754	226	0
755	192	0
756	180	0
757	210	0
758	217	0
759	178	0
760	178	0
761	175	0
762	221	0
763	188	0
764	177	0
765	203	0
766	198	0
767	205	0
768	209	0
769	215	0
770	183	0
771	169	0
772	195	0
773	189	0
774	201	0
775	228	0
776	194	0
777	205	0
778	187	0
779	191	0
780	198	0
781	183	0
782	215	0
783	198	0
784	223	0
785	215	0
786	186	0
787	191	0
788	181	0
789	199	0
790	216	0
791	175	0
792	181	0
793	211	0
794	192	0
795	206	0
796	192	0
797	188	0
798	209	0
799	217	0
800	188	0
801	205	0
802	169	0
803	202	0
804	210	0
805	226	0
806	206	0
807	205	0
808	206	0
809	186	0
810	191	0
811	180	0
812	177	0
813	194	0
814	206	0
815	186	0
816	175	0
817	202	0
818	204	0
819	203	0
820	200	0
821	202	0
822	171	0
823	215	0
824	213	0
825	200	0
826	209	0
827	228	0
828	215	0
829	212	0
830	186	0
831	197	0
832	203	0
833	181	0
834	198	0
835	208	0
836	185	0
837	194	0
838	179	0
839	215	0
840	190	0
841	206	0
842	194	0
843	207	0
844	208	0
845	174	0
846	192	0
847	199	0
848	194	0
849	219	0
850	194	0
851	200	0
852	168	0
853	205	0
854	198	0
855	181	0
856	193	0
857	202	0
858	205	0
859	227	0
860	190	0
861	218	0
862	196	0
863	194	0
864	218	0
865	200	0
866	201	0
867	184	0
868	193	0
869	180	0
870	187	0
871	208	0
872	167	0
873	172	0
874	225	0
875	181	0
876	181	0
877	169	0
878	223	0
879	195	0
880	207	0
881	223	0
882	182	0
883	207	0
884	187	0
885	203	0
886	208	0
887	202	0
888	194	0
889	195	0
890	209	0
891	212	0
892	205	0
893	198	0
894	187	0
895	189	0
896	193	0
897	182	0
898	204	0
899	200	0
900	191	0
901	194	0
902	208	0
903	198	0
904	196	0
905	168	0
906	188	0
907	192	0
908	201	0
909	199	0
910	197	0
911	219	0
912	205	0
913	214	0
914	201	0
915	184	0
916	211	0
917	196	0
918	214	0
919	183	0
920	212	0
921	212	0
922	180	0
923	185	0
924	165	0
925	210	0
926	216	0
927	208	0
928	195	0
929	182	0
930	193	0
931	211	0
932	204	0
933	177	0
934	206	0
935	186	0
936	194	0
937	205	0
938	177	0
939	160	0
940	201	0
941	204	0
942	202	0
943	208	0
944	171	0
945	191	0
946	207	0
947	215	0
948	207	0
949	193	0
950	200	0
951	179	0
952	193	0
953	194	0
954	213	0
955	221	0
956	196	0
957	245	0
958	196	0
959	219	0
960	224	0
961	212	0
962	191	0
963	214	0
964	214	0
965	209	0
966	183	0
967	198	0
968	182	0
969	214	0
970	208	0
971	176	0
972	205	0
973	184	0
974	195	0
975	187	0
976	205	0
977	209	0
978	179	0
979	198	0
980	191	0
981	199	0
982	196	0
983	202	0
984	191	0
985	196	0
986	197	0
987	199	0
988	226	0
989	199	0
990	192	0
991	193	0
992	209	0
993	208	0
994	197	0
995	184	0
996	203	0
997	201	0
998	182	0
999	200	0
1000	199	0
1001	213	0
1002	206	0
1003	195	0
1004	204	0
1005	195	0
1006	196	0
1007	208	0
1008	181	0
1009	197	0
1010	215	0
1011	194	0
1012	213	0
1013	199	0
1014	230	0
1015	185	0
1016	198	0
1017	187	0
1018	201	0
1019	200	0
1020	211	0
1021	185	0
1022	178	0
1023	203	0
1024	200	0
1025	195	0
1026	188	0
1027	210	0
1028	204	0
1029	218	0
1030	200	0
1031	219	0
1032	195	0
1033	214	0
1034	199	0
1035	222	0
1036	182	0
1037	181	0
1038	190	0
1039	178	0
1040	174	0
1041	197	0
1042	227	0
1043	191	0
1044	189	0
1045	205	0
1046	201	0
1047	201	0
1048	178	0
1049	192	0
1050	200	0
1051	189	0
1052	196	0
1053	212	0
1054	191	0
1055	194	0
1056	194	0
1057	168	0
1058	200	0
1059	192	0
1060	199	0
1061	221	0
1062	210	0
1063	190	0
1064	191	0
1065	174	0
1066	220	0
1067	200	0
1068	191	0
1069	197	0
1070	197	0
1071	209	0
1072	204	0
1073	204	0
1074	205	0
1075	183	0
1076	206	0
1077	203	0
1078	227	0
1079	216	0
1080	180	0
1081	203	0
1082	208	0
1083	195	0
1084	179	0
1085	185	0
1086	223	0
1087	195	0
1088	207	0
1089	188	0
1090	202	0
1091	194	0
1092	196	0
1093	212	0
1094	211	0
1095	179	0
1096	196	0
1097	196	0
1098	187	0
1099	214	0
1100	206	0
1101	231	0
1102	234	0
1103	164	0
1104	197	0
1105	192	0
1106	187	0
1107	219	0
1108	196	0
1109	192	0
1110	208	0
1111	227	0
1112	191	0
1113	200	0
1114	194	0
1115	179	0
1116	206	0
1117	227	0
1118	205	0
1119	199	0
1120	168	0
1121	185	0
1122	196	0
1123	205	0
1124	200	0
1125	180	0
1126	209	0
1127	199	0
1128	180	0
1129	159	0
1130	202	0
1131	185	0
1132	198	0
1133	189	0
1134	200	0
1135	198	0
1136	199	0
1137	178	0
1138	202	0
1139	197	0
1140	209	0
1141	209	0
1142	214	0
1143	195	0
1144	208	0
1145	180	0
1146	202	0
1147	175	0
1148	197	0
1149	195	0
1150	191	0
1151	210	0
1152	167	0
1153	199	0
1154	191	0
1155	203	0
1156	211	0
1157	196	0
1158	216	0
1159	216	0
1160	202	0
1161	204	0
1162	192	0
1163	216	0
1164	186	0
1165	205	0
1166	209	0
1167	197	0
1168	190	0
1169	203	0
1170	192	0
1171	207	0
1172	183	0
1173	173	0
1174	168	0
1175	192	0
1176	208	0
1177	193	0
1178	197	0
1179	178	0
1180	203	0
1181	189	0
1182	181	0
1183	173	0
1184	183	0
1185	172	0
1186	202	0
1187	190	0
1188	186	0
1189	207	0
1190	201	0
1191	212	0
1192	201	0
1193	202	0
1194	198	0
1195	188	0
1196	204	0
1197	219	0
1198	193	0
1199	223	0
1200	180	0
1201	207	0
1202	199	0
1203	192	0
1204	199	0
1205	193	0
1206	192	0
1207	186	0
1208	205	0
1209	180	0
1210	186	0
1211	199	0
1212	217	0
1213	213	0
1214	195	0
1215	197	0
1216	203	0
1217	194	0
1218	190	0
1219	178	0
1220	201	0
1221	190	0
1222	228	0
1223	202	0
1224	204	0
1225	202	0
1226	204	0
1227	212	0
1228	195	0
1229	203	0
1230	216	0
1231	215	0
1232	185	0
1233	189	0
1234	200	0
1235	198	0
1236	190	0
1237	193	0
1238	209	0
1239	180	0
1240	191	0
1241	210	0
1242	191	0
1243	184	0
1244	190	0
1245	213	0
1246	200	0
1247	206	0
1248	184	0
1249	219	0
1250	185	0
1251	185	0
1252	194	0
1253	228	0
1254	175	0
1255	210	0
1256	174	0
1257	190	0
1258	207	0
1259	204	0
1260	198	0
1261	201	0
1262	224	0
1263	200	0
1264	195	0
1265	181	0
1266	188	0
1267	173	0
1268	190	0
1269	198	0
1270	192	0
1271	196	0
1272	185	0
1273	169	0
1274	191	0
1275	200	0
1276	222	0
1277	211	0
1278	203	0
1279	183	0
1280	198	0
1281	207	0
1282	178	0
1283	181	0
1284	179	0
1285	222	0
1286	203	0
1287	184	0
1288	208	0
1289	200	0
1290	203	0
1291	202	0
1292	190	0
1293	197	0
1294	208	0
1295	184	0
1296	177	0
1297	180	0
1298	209	0
1299	212	0
1300	207	0
1301	187	0
1302	219	0
1303	204	0
1304	188	0
1305	210	0
1306	215	0
1307	201	0
1308	175	0
1309	186	0
1310	173	0
1311	180	0
1312	188	0
1313	202	0
1314	206	0
1315	203	0
1316	186	0
1317	197	0
1318	199	0
1319	195	0
1320	224	0
1321	189	0
1322	179	0
1323	189	0
1324	201	0
1325	184	0
1326	203	0
1327	202	0
1328	183	0
1329	154	0
1330	185	0
1331	186	0
1332	193	0
1333	191	0
1334	170	0
1335	187	0
1336	195	0
1337	217	0
1338	186	0
1339	201	0
1340	205	0
1341	203	0
1342	208	0
1343	227	0
1344	207	0
1345	190	0
1346	187	0
1347	203	0
1348	197	0
1349	184	0
1350	209	0
1351	201	0
1352	201	0
1353	195	0
1354	197	0
1355	171	0
1356	195	0
1357	208	0
1358	190	0
1359	225	0
1360	213	0
1361	207	0
1362	190	0
1363	204	0
1364	206	0
1365	183	0
1366	213	0
1367	211	0
1368	195	0
1369	192	0
1370	159	0
1371	185	0
1372	199	0
1373	184	0
1374	212	0
1375	204	0
1376	188	0
1377	172	0
1378	206	0
1379	226	0
1380	201	0
1381	232	0
1382	210	0
1383	194	0
1384	209	0
1385	174	0
1386	207	0
1387	217	0
1388	208	0
1389	197	0
1390	199	0
1391	174	0
1392	210	0
1393	192	0
1394	174	0
1395	188	0
1396	211	0
1397	203	0
1398	229	0
1399	221	0
1400	198	0
1401	188	0
1402	198	0
1403	189	0
1404	224	0
1405	203	0
1406	173	0
1407	189	0
1408	202	0
1409	189	0
1410	198	0
1411	202	0
1412	174	0
1413	189	0
1414	209	0
1415	207	0
1416	201	0
1417	209	0
1418	208	0
1419	180	0
1420	216	0
1421	187	0
1422	211	0
1423	193	0
1424	216	0
1425	182	0
1426	182	0
1427	170	0
1428	218	0
1429	213	0
1430	197	0
1431	200	0
1432	217	0
1433	184	0
1434	184	0
1435	192	0
1436	208	0
1437	211	0
1438	188	0
1439	188	0
1440	185	0
1441	191	0
1442	202	0
1443	183	0
1444	201	0
1445	206	0
1446	208	0
1447	189	0
1448	201	0
1449	206	0
1450	202	0
1451	189	0
1452	202	0
1453	189	0
1454	193	0
1455	193	0
1456	217	0
1457	191	0
1458	213	0
1459	208	0
1460	217	0
1461	201	0
1462	197	0
1463	207	0
1464	184	0
1465	206	0
1466	212	0
1467	197	0
1468	181	0
1469	190	0
1470	198	0
1471	232	0
1472	218	0
1473	194	0
1474	210	0
1475	186	0
1476	194	0
1477	188	0
1478	192	0
1479	186	0
1480	184	0
1481	196	0
1482	212	0
1483	201	0
1484	195	0
1485	193	0
1486	206	0
1487	168	0
1488	174	0
1489	182	0
1490	204	0
1491	205	0
1492	194	0
1493	209	0
1494	231	0
1495	220	0
1496	214	0
1497	194	0
1498	207	0
1499	178	0
1500	202	0
1501	178	0
1502	214	0
1503	178	0
1504	178	0
1505	188	0
1506	183	0
1507	224	0
1508	199	0
1509	225	0
1510	194	0
1511	185	0
1512	188	0
1513	201	0
1514	202	0
1515	181	0
1516	214	0
1517	210	0
1518	183	0
1519	180	0
1520	213	0
1521	181	0
1522	219	0
1523	196	0
1524	227	0
1525	199	0
1526	194	0
1527	197	0
1528	196	0
1529	200	0
1530	186	0
1531	199	0
1532	218	0
1533	206	0
1534	210	0
1535	218	0
1536	195	0
1537	211	0
1538	213	0
1539	187	0
1540	206	0
1541	197	0
1542	197	0
1543	207	0
1544	200	0
1545	197	0
1546	191	0
1547	204	0
1548	198	0
1549	184	0
1550	208	0
1551	205	0
1552	181	0
1553	200	0
1554	197	0
1555	194	0
1556	201	0
1557	197	0
1558	222	0
1559	223	0
1560	210	0
1561	202	0
1562	211	0
1563	203	0
1564	189	0
1565	193	0
1566	241	0
1567	177	0
1568	211	0
1569	196	0
1570	190	0
1571	194	0
1572	210	0
1573	198	0
1574	180	0
1575	208	0
1576	192	0
1577	202	0
1578	168	0
1579	191	0
1580	225	0
1581	199	0
1582	240	0
1583	184	0
1584	229	0
1585	200	0
1586	189	0
1587	176	0
1588	203	0
1589	208	0
1590	213	0
1591	199	0
1592	207	0
1593	197	0
1594	193	0
1595	168	0
1596	194	0
1597	230	0
1598	186	0
1599	164	0
1600	180	0
1601	194	0
1602	202	0
1603	181	0
1604	178	0
1605	177	0
1606	196	0
1607	202	0
1608	211	0
1609	182	0
1610	194	0
1611	190	0
1612	210	0
1613	205	0
1614	194	0
1615	211	0
1616	212	0
1617	187	0
1618	164	0
1619	218	0
1620	175	0
1621	184	0
1622	207	0
1623	217	0
1624	217	0
1625	173	0
1626	192	0
1627	188	0
1628	221	0
1629	178	0
1630	201	0
1631	189	0
1632	194	0
1633	209	0
1634	211	0
1635	188	0
1636	189	0
1637	198	0
1638	216	0
1639	183	0
1640	180	0
1641	213	0
1642	179	0
1643	201	0
1644	173	0
1645	210	0
1646	193	0
1647	206	0
1648	190	0
1649	193	0
1650	190	0
1651	198	0
1652	187	0
1653	203	0
1654	195	0
1655	207	0
1656	195	0
1657	202	0
1658	212	0
1659	189	0
1660	217	0
1661	204	0
1662	178	0
1663	219	0
1664	188	0
1665	216	0
1666	205	0
1667	211	0
1668	185	0
1669	201	0
1670	197	0
1671	182	0
1672	178	0
1673	193	0
1674	219	0
1675	204	0
1676	190	0
1677	200	0
1678	229	0
1679	181	0
1680	195	0
1681	187	0
1682	245	0
1683	187	0
1684	189	0
1685	209	0
1686	213	0
1687	169	0
1688	198	0
1689	197	0
1690	183	0
1691	220	0
1692	191	0
1693	215	0
1694	197	0
1695	187	0
1696	219	0
1697	185	0
1698	165	0
1699	223	0
1700	207	0
1701	211	0
1702	196	0
1703	175	0
1704	185	0
1705	185	0
1706	220	0
1707	196	0
1708	219	0
1709	182	0
1710	186	0
1711	200	0
1712	193	0
1713	184	0
1714	201	0
1715	161	0
1716	201	0
1717	195	0
1718	200	0
1719	169	0
1720	206	0
1721	182	0
1722	207	0
1723	184	0
1724	191	0
1725	189	0
1726	204	0
1727	221	0
1728	224	0
1729	186	0
1730	220	0
1731	192	0
1732	183	0
1733	218	0
1734	209	0
1735	200	0
1736	193	0
1737	210	0
1738	201	0
1739	199	0
1740	212	0
1741	180	0
1742	214	0
1743	205	0
1744	197	0
1745	199	0
1746	191	0
1747	178	0
1748	178	0
1749	218	0
1750	200	0
1751	204	0
1752	186	0
1753	207	0
1754	211	0
1755	209	0
1756	223	0
1757	188	0
1758	180	0
1759	231	0
1760	184	0
1761	198	0
1762	203	0
1763	199	0
1764	210	0
1765	185	0
1766	194	0
1767	191	0
1768	188	0
1769	206	0
1770	184	0
1771	209	0
1772	194	0
1773	186	0
1774	185	0
1775	184	0
1776	200	0
1777	173	0
1778	173	0
1779	201	0
1780	205	0
1781	189	0
1782	239	0
1783	207	0
1784	199	0
1785	204	0
1786	203	0
1787	198	0
1788	188	0
1789	196	0
1790	201	0
1791	172	0
1792	185	0
1793	185	0
1794	223	0
1795	181	0
1796	198	0
1797	186	0
1798	234	0
1799	195	0
1800	211	0
1801	200	0
1802	186	0
1803	177	0
1804	198	0
1805	204	0
1806	192	0
1807	205	0
1808	218	0
1809	188	0
1810	225	0
1811	207	0
1812	193	0
1813	169	0
1814	204	0
1815	193	0
1816	224	0
1817	200	0
1818	185	0
1819	195	0
1820	194	0
1821	208	0
1822	195	0
1823	209	0
1824	220	0
1825	184	0
1826	175	0
1827	193	0
1828	211	0
1829	178	0
1830	193	0
1831	209	0
1832	196	0
1833	197	0
1834	183	0
1835	215	0
1836	203	0
1837	245	0
1838	218	0
1839	205	0
1840	212	0
1841	187	0
1842	167	0
1843	204	0
1844	202	0
1845	224	0
1846	204	0
1847	180	0
1848	186	0
1849	208	0
1850	187	0
1851	188	0
1852	198	0
1853	205	0
1854	157	0
1855	203	0
1856	193	0
1857	206	0
1858	214	0
1859	192	0
1860	203	0
1861	163	0
1862	212	0
1863	191	0
1864	181	0
1865	199	0
1866	213	0
1867	200	0
1868	187	0
1869	176	0
1870	172	0
1871	199	0
1872	179	0
1873	199	0
1874	197	0
1875	191	0
1876	176	0
1877	223	0
1878	214	0
1879	209	0
1880	208	0
1881	189	0
1882	188	0
1883	194	0
1884	200	0
1885	190	0
1886	190	0
1887	196	0
1888	195	0
1889	208	0
1890	172	0
1891	193	0
1892	210	0
1893	188	0
1894	210	0
1895	199	0
1896	191	0
1897	196	0
1898	219	0
1899	190	0
1900	186	0
1901	199	0
1902	203	0
1903	181	0
1904	186	0
1905	193	0
1906	192	0
1907	203	0
1908	197	0
1909	185	0
1910	201	0
1911	204	0
1912	184	0
1913	212	0
1914	225	0
1915	212	0
1916	200	0
1917	201	0
1918	216	0
1919	232	0
1920	205	0
1921	194	0
1922	209	0
1923	214	0
1924	196	0
1925	180	0
1926	218	0
1927	221	0
1928	182	0
1929	184	0
1930	205	0
1931	203	0
1932	178	0
1933	196	0
1934	203	0
1935	184	0
1936	228	0
1937	191	0
1938	205	0
1939	197	0
1940	205	0
1941	188	0
1942	173	0
1943	239	0
1944	194	0
1945	200	0
1946	194	0
1947	177	0
1948	184	0
1949	187	0
1950	225	0
1951	203	0
1952	192	0
1953	184	0
1954	173	0
1955	194	0
1956	198	0
1957	220	0
1958	204	0
1959	232	0
1960	195	0
1961	206	0
1962	197	0
1963	184	0
1964	203	0
1965	190	0
1966	172	0
1967	213	0
1968	187	0
1969	186	0
1970	202	0
1971	212	0
1972	201	0
1973	216	0
1974	187	0
1975	182	0
1976	196	0
1977	211	0
1978	198	0
1979	196	0
1980	175	0
1981	193	0
1982	194	0
1983	209	0
1984	238	0
1985	180	0
1986	211	0
1987	176	0
1988	188	0
1989	185	0
1990	207	0
1991	235	0
1992	174	0
1993	209	0
1994	212	0
1995	200	0
1996	199	0
1997	175	0
1998	207	0
1999	194	0
2000	209	0
2001	189	0
2002	208	0
2003	176	0
2004	218	0
2005	182	0
2006	191	0
2007	211	0
2008	200	0
2009	223	0
2010	204	0
2011	197	0
2012	198	0
2013	207	0
2014	194	0
2015	200	0
2016	191	0
2017	179	0
2018	208	0
2019	190	0
2020	210	0
2021	176	0
2022	218	0
2023	187	0
2024	186	0
2025	195	0
2026	191	0
2027	201	0
2028	212	0
2029	193	0
2030	208	0
2031	197	0
2032	169	0
2033	200	0
2034	192	0
2035	183	0
2036	210	0
2037	174	0
2038	179	0
2039	187	0
2040	190	0
2041	212	0
2042	180	0
2043	193	0
2044	212	0
2045	174	0
2046	210	0
2047	183	0
2048	183	0
2049	177	0
2050	180	0
2051	202	0
2052	182	0
2053	219	0
2054	221	0
2055	229	0
2056	199	0
2057	197	0
2058	200	0
2059	190	0
2060	195	0
2061	188	0
2062	202	0
2063	173	0
2064	220	0
2065	188	0
2066	182	0
2067	202	0
2068	175	0
2069	185	0
2070	205	0
2071	220	0
2072	204	0
2073	207	0
2074	193	0
2075	208	0
2076	206	0
2077	195	0
2078	191	0
2079	227	0
2080	187	0
2081	199	0
2082	182	0
2083	176	0
2084	191	0
2085	189	0
2086	197	0
2087	204	0
2088	200	0
2089	206	0
2090	194	0
2091	197	0
2092	190	0
2093	199	0
2094	200	0
2095	186	0
2096	194	0
2097	187	0
2098	188	0
2099	205	0
2100	188	0
2101	215	0
2102	182	0
2103	184	0
2104	192	0
2105	184	0
2106	183	0
2107	212	0
2108	195	0
2109	194	0
2110	215	0
2111	161	0
2112	195	0
2113	188	0
2114	204	0
2115	202	0
2116	196	0
2117	222	0
2118	212	0
2119	186	0
2120	189	0
2121	209	0
2122	206	0
2123	216	0
2124	200	0
2125	205	0
2126	191	0
2127	202	0
2128	220	0
2129	200	0
2130	207	0
2131	191	0
2132	205	0
2133	175	0
2134	190	0
2135	183	0
2136	202	0
2137	193	0
2138	204	0
2139	190	0
2140	206	0
2141	206	0
2142	170	0
2143	204	0
2144	190	0
2145	208	0
2146	213	0
2147	205	0
2148	197	0
2149	198	0
2150	196	0
2151	195	0
2152	195	0
2153	205	0
2154	217	0
2155	197	0
2156	180	0
2157	197	0
2158	199	0
2159	186	0
2160	170	0
2161	182	0
2162	196	0
2163	210	0
2164	195	0
2165	202	0
2166	187	0
2167	214	0
2168	189	0
2169	213	0
2170	214	0
2171	186	0
2172	187	0
2173	218	0
2174	199	0
2175	200	0
2176	209	0
2177	196	0
2178	209	0
2179	195	0
2180	185	0
2181	197	0
2182	199	0
2183	182	0
2184	210	0
2185	182	0
2186	177	0
2187	196	0
2188	193	0
2189	195	0
2190	199	0
2191	210	0
2192	192	0
2193	208	0
2194	182	0
2195	186	0
2196	177	0
2197	209	0
2198	210	0
2199	204	0
2200	176	0
2201	212	0
2202	195	0
2203	168	0
2204	207	0
2205	189	0
2206	206	0
2207	187	0
2208	207	0
2209	198	0
2210	203	0
2211	200	0
2212	164	0
2213	207	0
2214	180	0
2215	205	0
2216	223	0
2217	210	0
2218	181	0
2219	192	0
2220	182	0
2221	197	0
2222	186	0
2223	174	0
2224	194	0
2225	158	0
2226	211	0
2227	196	0
2228	202	0
2229	180	0
2230	170	0
2231	174	0
2232	183	0
2233	207	0
2234	175	0
2235	180	0
2236	187	0
2237	207	0
2238	201	0
2239	176	0
2240	212	0
2241	177	0
2242	194	0
2243	217	0
2244	186	0
2245	187	0
2246	188	0
2247	205	0
2248	183	0
2249	183	0
2250	199	0
2251	184	0
2252	189	0
2253	202	0
2254	173	0
2255	195	0
2256	189	0
2257	202	0
2258	207	0
2259	205	0
2260	219	0
2261	188	0
2262	178	0
2263	199	0
2264	198	0
2265	242	0
2266	194	0
2267	228	0
2268	197	0
2269	196	0
2270	207	0
2271	155	0
2272	190	0
2273	179	0
2274	192	0
2275	189	0
2276	219	0
2277	189	0
2278	214	0
2279	201	0
2280	185	0
2281	203	0
2282	177	0
2283	198	0
2284	189	0
2285	214	0
2286	176	0
2287	193	0
2288	210	0
2289	207	0
2290	197	0
2291	186	0
2292	210	0
2293	222	0
2294	204	0
2295	182	0
2296	199	0
2297	203	0
2298	184	0
2299	206	0
2300	200	0
2301	169	0
2302	193	0
2303	190	0
2304	176	0
2305	197	0
2306	188	0
2307	228	0
2308	199	0
2309	193	0
2310	183	0
2311	207	0
2312	211	0
2313	206	0
2314	234	0
2315	204	0
2316	201	0
2317	172	0
2318	190	0
2319	197	0
2320	206	0
2321	198	0
2322	221	0
2323	198	0
2324	217	0
2325	196	0
2326	188	0
2327	205	0
2328	191	0
2329	182	0
2330	195	0
2331	182	0
2332	222	0
2333	174	0
2334	198	0
2335	197	0
2336	188	0
2337	198	0
2338	202	0
2339	154	0
2340	195	0
2341	193	0
2342	194	0
2343	187	0
2344	217	0
2345	184	0
2346	219	0
2347	206	0
2348	185	0
2349	215	0
2350	198	0
2351	180	0
2352	192	0
2353	178	0
2354	202	0
2355	202	0
2356	194	0
2357	220	0
2358	218	0
2359	210	0
2360	203	0
2361	204	0
2362	186	0
2363	216	0
2364	214	0
2365	189	0
2366	213	0
2367	222	0
2368	171	0
2369	207	0
2370	197	0
2371	205	0
2372	191	0
2373	188	0
2374	218	0
2375	185	0
2376	226	0
2377	190	0
2378	196	0
2379	207	0
2380	184	0
2381	208	0
2382	213	0
2383	186	0
2384	198	0
2385	211	0
2386	175	0
2387	195	0
2388	238	0
2389	193	0
2390	191	0
2391	225	0
2392	192	0
2393	197	0
2394	190	0
2395	220	0
2396	167	0
2397	182	0
2398	200	0
2399	195	0
2400	188	0
2401	190	0
2402	185	0
2403	157	0
2404	215	0
2405	191	0
2406	197	0
2407	184	0
2408	199	0
2409	206	0
2410	196	0
2411	191	0
2412	215	0
2413	201	0
2414	208	0
2415	195	0
2416	230	0
2417	179	0
2418	194	0
2419	174	0
2420	194	0
2421	165	0
2422	188	0
2423	215	0
2424	214	0
2425	208	0
2426	194	0
2427	204	0
2428	184	0
2429	194	0
2430	228	0
2431	146	0
2432	213	0
2433	197	0
2434	202	0
2435	199	0
2436	204	0
2437	210	0
2438	198	0
2439	209	0
2440	165	0
2441	206	0
2442	205	0
2443	214	0
2444	184	0
2445	212	0
2446	221	0
2447	206	0
2448	201	0
2449	211	0
2450	185	0
2451	184	0
2452	189	0
2453	218	0
2454	168	0
2455	170	0
2456	202	0
2457	209	0
2458	201	0
2459	201	0
2460	199	0
2461	192	0
2462	193	0
2463	201	0
2464	198	0
2465	189	0
2466	212	0
2467	205	0
2468	184	0
2469	208	0
2470	202	0
2471	202	0
2472	203	0
2473	197	0
2474	224	0
2475	195	0
2476	206	0
2477	190	0
2478	192	0
2479	188	0
2480	221	0
2481	201	0
2482	171	0
2483	208	0
2484	216	0
2485	167	0
2486	203	0
2487	188	0
2488	182	0
2489	183	0
2490	186	0
2491	195	0
2492	189	0
2493	184	0
2494	187	0
2495	202	0
2496	197	0
2497	213	0
2498	198	0
2499	196	0
2500	184	0
2501	203	0
2502	196	0
2503	209	0
2504	221	0
2505	200	0
2506	202	0
2507	177	0
2508	186	0
2509	210	0
2510	208	0
2511	201	0
2512	203	0
2513	199	0
2514	201	0
2515	185	0
2516	198	0
2517	212	0
2518	192	0
2519	202	0
2520	221	0
2521	202	0
2522	200	0
2523	201	0
2524	205	0
2525	198	0
2526	197	0
2527	177	0
2528	185	0
2529	188	0
2530	222	0
2531	171	0
2532	190	0
2533	223	0
2534	180	0
2535	205	0
2536	171	0
2537	186	0
2538	199	0
2539	184	0
2540	191	0
2541	193	0
2542	182	0
2543	226	0
2544	215	0
2545	174	0
2546	194	0
2547	176	0
2548	184	0
2549	216	0
2550	189	0
2551	195	0
2552	199	0
2553	184	0
2554	184	0
2555	172	0
2556	214	0
2557	226	0
2558	198	0
2559	192	0
2560	223	0
2561	218	0
2562	186	0
2563	192	0
2564	205	0
2565	190	0
2566	193	0
2567	209	0
2568	192	0
2569	195	0
2570	210	0
2571	176	0
2572	165	0
2573	195	0
2574	215	0
2575	180	0
2576	190	0
2577	187	0
2578	201	0
2579	209	0
2580	180	0
2581	194	0
2582	189	0
2583	208	0
2584	196	0
2585	178	0
2586	194	0
2587	205	0
2588	205	0
2589	185	0
2590	196	0
2591	221	0
2592	196	0
2593	197	0
2594	208	0
2595	192	0
2596	182	0
2597	197	0
2598	226	0
2599	188	0
2600	206	0
2601	198	0
2602	207	0
2603	205	0
2604	194	0
2605	202	0
2606	190	0
2607	183	0
2608	199	0
2609	210	0
2610	192	0
2611	176	0
2612	191	0
2613	210	0
2614	204	0
2615	198	0
2616	184	0
2617	184	0
2618	206	0
2619	184	0
2620	194	0
2621	176	0
2622	221	0
2623	178	0
2624	219	0
2625	218	0
2626	208	0
2627	201	0
2628	188	0
2629	192	0
2630	206	0
2631	187	0
2632	198	0
2633	223	0
2634	190	0
2635	205	0
2636	194	0
2637	188	0
2638	200	0
2639	195	0
2640	197	0
2641	179	0
2642	173	0
2643	194	0
2644	197	0
2645	195	0
2646	206	0
2647	196	0
2648	223	0
2649	200	0
2650	212	0
2651	194	0
2652	207	0
2653	197	0
2654	184	0
2655	195	0
2656	182	0
2657	193	0
2658	203	0
2659	191	0
2660	201	0
2661	217	0
2662	183	0
2663	200	0
2664	194	0
2665	209	0
2666	181	0
2667	223	0
2668	200	0
2669	190	0
2670	220	0
2671	202	0
2672	204	0
2673	212	0
2674	185	0
2675	198	0
2676	232	0
2677	188	0
2678	208	0
2679	193	0
2680	206	0
2681	193	0
2682	191	0
2683	202	0
2684	204	0
2685	202	0
2686	185	0
2687	188	0
2688	190	0
2689	188	0
2690	201	0
2691	201	0
2692	225	0
2693	205	0
2694	210	0
2695	201	0
2696	202	0
2697	197	0
2698	187	0
2699	206	0
2700	198	0
2701	197	0
2702	215	0
2703	196	0
2704	205	0
2705	199	0
2706	213	0
2707	204	0
2708	207	0
2709	178	0
2710	164	0
2711	201	0
2712	210	0
2713	199	0
2714	203	0
2715	178	0
2716	186	0
2717	177	0
2718	224	0
2719	195	0
2720	203	0
2721	199	0
2722	198	0
2723	179	0
2724	207	0
2725	200	0
2726	182	0
2727	203	0
2728	188	0
2729	199	0
2730	168	0
2731	184	0
2732	193	0
2733	202	0
2734	214	0
2735	222	0
2736	222	0
2737	189	0
2738	188	0
2739	215	0
2740	204	0
2741	206	0
2742	195	0
2743	196	0
2744	192	0
2745	188	0
2746	187	0
2747	208	0
2748	174	0
2749	188	0
2750	185	0
2751	179	0
2752	223	0
2753	196	0
2754	186	0
2755	186	0
2756	191	0
2757	186	0
2758	189	0
2759	204	0
2760	201	0
2761	203	0
2762	213	0
2763	198	0
2764	177	0
2765	198	0
2766	213	0
2767	185	0
2768	200	0
2769	186	0
2770	194	0
2771	194	0
2772	213	0
2773	194	0
2774	200	0
2775	212	0
2776	203	0
2777	197	0
2778	230	0
2779	194	0
2780	203	0
2781	186	0
2782	171	0
2783	200	0
2784	202	0
2785	214	0
2786	222	0
2787	212	0
2788	188	0
2789	206	0
2790	189	0
2791	182	0
2792	200	0
2793	210	0
2794	202	0
2795	201	0
2796	197	0
2797	188	0
2798	204	0
2799	225	0
2800	202	0
2801	193	0
2802	189	0
2803	197	0
2804	197	0
2805	188	0
2806	209	0
2807	216	0
2808	193	0
2809	191	0
2810	189	0
2811	232	0
2812	179	0
2813	196	0
2814	213	0
2815	190	0
2816	207	0
2817	184	0
2818	202	0
2819	179	0
2820	215	0
2821	201	0
2822	200	0
2823	178	0
2824	202	0
2825	203	0
2826	186	0
2827	221	0
2828	176	0
2829	195	0
2830	207	0
2831	191	0
2832	187	0
2833	204	0
2834	185	0
2835	214	0
2836	193	0
2837	192	0
2838	203	0
2839	187	0
2840	186	0
2841	196	0
2842	203	0
2843	214	0
2844	192	0
2845	226	0
2846	213	0
2847	197	0
2848	212	0
2849	207	0
2850	200	0
2851	200	0
2852	197	0
2853	188	0
2854	191	0
2855	212	0
2856	204	0
2857	210	0
2858	209	0
2859	183	0
2860	213	0
2861	200	0
2862	213	0
2863	221	0
2864	180	0
2865	228	0
2866	204	0
2867	200	0
2868	191	0
2869	194	0
2870	216	0
2871	173	0
2872	202	0
2873	206	0
2874	190	0
2875	176	0
2876	229	0
2877	202	0
2878	206	0
2879	170	0
2880	195	0
2881	206	0
2882	218	0
2883	208	0
2884	213	0
2885	194	0
2886	193	0
2887	187	0
2888	211	0
2889	194	0
2890	192	0
2891	216	0
2892	218	0
2893	180	0
2894	199	0
2895	190	0
2896	181	0
2897	198	0
2898	178	0
2899	170	0
2900	180	0
2901	199	0
2902	193	0
2903	213	0
2904	172	0
2905	185	0
2906	192	0
2907	191	0
2908	181	0
2909	203	0
2910	174	0
2911	175	0
2912	192	0
2913	201	0
2914	177	0
2915	200	0
2916	199	0
2917	194	0
2918	195	0
2919	195	0
2920	186	0
2921	220	0
2922	207	0
2923	181	0
2924	210	0
2925	215	0
2926	204	0
2927	219	0
2928	211	0
2929	187	0
2930	197	0
2931	182	0
2932	206	0
2933	213	0
2934	200	0
2935	188	0
2936	220	0
2937	168	0
2938	185	0
2939	190	0
2940	184	0
2941	218	0
2942	193	0
2943	179	0
2944	199	0
2945	206	0
2946	205	0
2947	198	0
2948	172	0
2949	171	0
2950	227	0
2951	177	0
2952	186	0
2953	182	0
2954	183	0
2955	163	0
2956	192	0
2957	194	0
2958	222	0
2959	219	0
2960	187	0
2961	206	0
2962	209	0
2963	213	0
2964	188	0
2965	197	0
2966	205	0
2967	187	0
2968	178	0
2969	215	0
2970	213	0
2971	176	0
2972	196	0
2973	180	0
2974	180	0
2975	189	0
2976	176	0
2977	186	0
2978	190	0
2979	195	0
2980	212	0
2981	180	0
2982	204	0
2983	200	0
2984	161	0
2985	184	0
2986	199	0
2987	218	0
2988	199	0
2989	183	0
2990	199	0
2991	180	0
2992	216	0
2993	184	0
2994	198	0
2995	204	0
2996	187	0
2997	191	0
2998	196	0
2999	192	0
3000	193	0
