1	185	0
2	185	0
3	184	0
4	174	0
5	189	0
6	179	0
7	191	0
8	169	0
9	197	0
10	190	0
11	212	0
12	201	0
13	158	0
14	216	0
15	222	0
16	193	0
17	180	0
18	211	0
19	204	0
20	196	0
21	206	0
22	223	0
23	194	0
24	202	0
25	209	0
26	196	0
27	189	0
28	195	0
29	194	0
30	187	0
31	212	0
32	218	0
33	187	0
34	208	0
35	183	0
36	219	0
37	176	0
38	173	0
39	195	0
40	204	0
41	211	0
42	182	0
43	193	0
44	218	0
45	220	0
46	209	0
47	187	0
48	214	0
49	187	0
50	204	0
51	199	0
52	146	0
53	188	0
54	191	0
55	187	0
56	196	0
57	201	0
58	184	0
59	200	0
60	186	0
61	216	0
62	186	0
63	197	0
64	229	0
65	197	0
66	200	0
67	175	0
68	195	0
69	208	0
70	200	0
71	212	0
72	166	0
73	192	0
74	197	0
75	220	0
76	182	0
77	208	0
78	226	0
79	187	0
80	186	0
81	185	0
82	191	0
83	238	0
84	196	0
85	191	0
86	184	0
87	173	0
88	190	0
89	198	0
90	179	0
91	209	0
92	198	0
93	186	0
94	191	0
95	181	0
96	172	0
97	208	0
98	209	0
99	217	0
100	197	0
101	209	0
102	211	0
103	204	0
104	214	0
105	192	0
106	202	0
107	189	0
108	210	0
109	181	0
110	203	0
111	207	0
112	188	0
113	187	0
114	191	0
115	161	0
116	175	0
117	213	0
118	191	0
119	189	0
120	203	0
121	188	0
122	194	0
123	207	0
124	188	0
125	193	0
126	196	0
127	200	0
128	193	0
129	206	0
130	187	0
131	198	0
132	214	0
133	210	0
134	204	0
135	204	0
136	203	0
137	216	0
138	178	0
139	187	0
140	232	0
141	195	0
142	187	0
143	195	0
144	176	0
145	160	0
146	163	0
147	198	0
148	196	0
149	222	0
150	197	0
151	206	0
152	187	0
153	196	0
154	194	0
155	169	0
156	175	0
157	212	0
158	188	0
159	196	0
160	202	0
161	207	0
162	199	0
163	210	0
164	212	0
165	218	0
166	229	0
167	172	0
168	200	0
169	190	0
170	185	0
171	202	0
172	170	0
173	212	0
174	190	0
175	186	0
176	205	0
177	191	0
178	186	0
179	215	0
180	201	0
181	187	0
182	213	0
183	203	0
184	195	0
185	205	0
186	232	0
187	173	0
188	207	0
189	199	0
190	212	0
191	217	0
192	210	0
193	202	0
194	189	0
195	205	0
196	233	0
197	190	0
198	193	0
199	196	0
200	200	0
201	202	0
202	222	0
203	186	0
204	181	0
205	168	0
206	207	0
207	203	0
208	211	0
209	189	0
210	191	0
211	193	0
212	186	0
213	192	0
214	207	0
215	184	0
216	219	0
217	177	0
218	214	0
219	168	0
220	214	0
221	177	0
222	202	0
223	196	0
224	194	0
225	178	0
226	201	0
227	206	0
228	175	0
229	207	0
230	199	0
231	208	0
232	197	0
233	188	0
234	179	0
235	214	0
236	190	0
237	204	0
238	206	0
239	187	0
240	193	0
241	187	0
242	220	0
243	213	0
244	210	0
245	182	0
246	189	0
247	201	0
248	178	0
249	176	0
250	192	0
251	204	0
252	232	0
253	236	0
254	213	0
255	165	0
256	183	0
257	211	0
258	200	0
259	222	0
260	218	0
261	186	0
262	201	0
263	188	0
264	213	0
265	181	0
266	179	0
267	186	0
268	186	0
269	193	0
270	211	0
271	209	0
272	198	0
273	209	0
274	205	0
275	203	0
276	191	0
277	201	0
278	214	0
279	196	0
280	209	0
281	168	0
282	182	0
283	177	0
284	197	0
285	197	0
286	187	0
287	175	0
288	183	0
289	178	0
290	185	0
291	181	0
292	186	0
293	203	0
294	217	0
295	201	0
296	179	0
297	196	0
298	233	0
299	181	0
300	168	0
301	197	0
302	188	0
303	202	0
304	195	0
305	216	0
306	190	0
307	222	0
308	185	0
309	204	0
310	198	0
311	171	0
312	203	0
313	236	0
314	205	0
315	197	0
316	174	0
317	197	0
318	213	0
319	179	0
320	181	0
321	204	0
322	189	0
323	223	0
324	192	0
325	182	0
326	232	0
327	195	0
328	187	0
329	176	0
330	196	0
331	179	0
332	191	0
333	181	0
334	189	0
335	210	0
336	192	0
337	182	0
338	201	0
339	197	0
340	184	0
341	215	0
342	203	0
343	202	0
344	199	0
345	207	0
346	190	0
347	187	0
348	189	0
349	168	0
350	210	0
351	213	0
352	205	0
353	200	0
354	249	0
355	190	0
356	207	0
357	199	0
358	180	0
359	201	0
360	205	0
361	180	0
362	213	0
363	229	0
364	187	0
365	219	0
366	200	0
367	179	0
368	183	0
369	195	0
370	221	0
371	172	0
372	184	0
373	219	0
374	208	0
375	200	0
376	224	0
377	188	0
378	190	0
379	198	0
380	206	0
381	195	0
382	209	0
383	211	0
384	200	0
385	206	0
386	194	0
387	220	0
388	159	0
389	171	0
390	198	0
391	169	0
392	211	0
393	222	0
394	198	0
395	207	0
396	206	0
397	211	0
398	205	0
399	214	0
400	196	0
401	214	0
402	177	0
403	209	0
404	214	0
405	189	0
406	184	0
407	204	0
408	201	0
409	186	0
410	200	0
411	192	0
412	204	0
413	183	0
414	183	0
415	189	0
416	211	0
417	188	0
418	194	0
419	201	0
420	204	0
421	185	0
422	198	0
423	196	0
424	199	0
425	204	0
426	190	0
427	186	0
428	221	0
429	196	0
430	230	0
431	189	0
432	162	0
433	198	0
434	196	0
435	204	0
436	214	0
437	175	0
438	205	0
439	191	0
440	180	0
441	213	0
442	186	0
443	195	0
444	222	0
445	207	0
446	214	0
447	181	0
448	181	0
449	206	0
450	211	0
451	194	0
452	177	0
453	206	0
454	197	0
455	191	0
456	224	0
457	175	0
458	211	0
459	219	0
460	186	0
461	211	0
462	230	0
463	176	0
464	218	0
465	178	0
466	186	0
467	209	0
468	223	0
469	195	0
470	206	0
471	172	0
472	195	0
473	199	0
474	211	0
475	212	0
476	201	0
477	221	0
478	205	0
479	217	0
480	214	0
481	189	0
482	185	0
483	203	0
484	178	0
485	209	0
486	189	0
487	176	0
488	226	0
489	206	0
490	194	0
491	195	0
492	177	0
493	185	0
494	210	0
495	194	0
496	219	0
497	200	0
498	199	0
499	203	0
500	189	0
501	200	0
502	197	0
503	196	0
504	181	0
505	193	0
506	202	0
507	194	0
508	191	0
509	192	0
510	184	0
511	191	0
512	178	0
513	216	0
514	232	0
515	204	0
516	192	0
517	185	0
518	158	0
519	211	0
520	201	0
521	193	0
522	177	0
523	209	0
524	192	0
525	204	0
526	208	0
527	167	0
528	193	0
529	208	0
530	209	0
531	231	0
532	200	0
533	180	0
534	210	0
535	207	0
536	185	0
537	192	0
538	209	0
539	188	0
540	195	0
541	211	0
542	200	0
543	211	0
544	188	0
545	189	0
546	208	0
547	190	0
548	221	0
549	183	0
550	216	0
551	195	0
552	194	0
553	195	0
554	188	0
555	195	0
556	192	0
557	178	0
558	205	0
559	218	0
560	184	0
561	202	0
562	202	0
563	198	0
564	197	0
565	210	0
566	186	0
567	202	0
568	187	0
569	209	0
570	203	0
571	187	0
572	184	0
573	179	0
574	199	0
575	220	0
576	207	0
577	214	0
578	185	0
579	203	0
580	205	0
581	200	0
582	188	0
583	179	0
584	187	0
585	182	0
586	194	0
587	208	0
588	193	0
589	185	0
590	198	0
591	209	0
592	209	0
593	200	0
594	190	0
595	195	0
596	215	0
597	173	0
598	196	0
599	203	0
600	211	0
601	218	0
602	186	0
603	212	0
604	180	0
605	187	0
606	197	0
607	216	0
608	201	0
609	190	0
610	214	0
611	204	0
612	193	0
613	190	0
614	212	0
615	206	0
616	178	0
617	200	0
618	193	0
619	227	0
620	191	0
621	188	0
622	204	0
623	208	0
624	190	0
625	194	0
626	204	0
627	186	0
628	206	0
629	219	0
630	204	0
631	203	0
632	212	0
633	189	0
634	177	0
635	192	0
636	196	0
637	204	0
638	208	0
639	199	0
640	193	0
641	194	0
642	202	0
643	222	0
644	189	0
645	200	0
646	194	0
647	221	0
648	165	0
649	202	0
650	214	0
651	217	0
652	218	0
653	196	0
654	191	0
655	193	0
656	180	0
657	211	0
658	198	0
659	188	0
660	205	0
661	223	0
662	175	0
663	198	0
664	172	0
665	210	0
666	197	0
667	224	0
668	197	0
669	189	0
670	192	0
671	219	0
672	168	0
673	190	0
674	184	0
675	211	0
676	199	0
677	185	0
678	197	0
679	190	0
680	201	0
681	212	0
682	199	0
683	203	0
684	191	0
685	182	0
686	201	0
687	197	0
688	188	0
689	183	0
690	190	0
691	178	0
692	212	0
693	193	0
694	202	0
695	209	0
696	180	0
697	204	0
698	190	0
699	199	0
700	183	0
701	162	0
702	178	0
703	239	0
704	192	0
705	210	0
706	188	0
707	179	0
708	227	0
709	204	0
710	193	0
711	214	0
712	192	0
713	200	0
714	168	0
715	193	0
716	199	0
717	178	0
718	202	0
719	202	0
720	207	0
721	179	0
722	178	0
723	209	0
724	205	0
725	160	0
726	220	0
727	195	0
728	207	0
729	183	0
730	198	0
731	213	0
732	186	0
733	179	0
734	192	0
735	212	0
736	200	0
737	178	0
738	194	0
739	208	0
740	184	0
741	202	0
742	201	0
743	185	0
744	208	0
745	187	0
746	219	0
747	185	0
748	181	0
749	189	0
750	210	0
751	187	0
752	184	0
753	186	0
754	196	0
755	165	0
756	181	0
757	198	0
758	188	0
759	181	0
760	203	0
761	190	0
762	192	0
763	216	0
764	200	0
765	190	0
766	202	0
767	208	0
768	197	0
769	198	0
770	208	0
771	192	0
772	201	0
773	205	0
774	217	0
775	200	0
776	203	0
777	193	0
778	204	0
779	195	0
780	188	0
781	206	0
782	200	0
783	195	0
784	201	0
785	185	0
786	201	0
787	215	0
788	197	0
789	202	0
790	202	0
791	212	0
792	182	0
793	219	0
794	222	0
795	186	0
796	210	0
797	197	0
798	189	0
799	196	0
800	202	0
801	171	0
802	210	0
803	189	0
804	181	0
805	188	0
806	180	0
807	197	0
808	203	0
809	197	0
810	188	0
811	220	0
812	213	0
813	203	0
814	206	0
815	200	0
816	184	0
817	187	0
818	174	0
819	218	0
820	232	0
821	224	0
822	183	0
823	202	0
824	178	0
825	199	0
826	185	0
827	179	0
828	211	0
829	196	0
830	216	0
831	208	0
832	191	0
833	171	0
834	215	0
835	198	0
836	194	0
837	206	0
838	192	0
839	200	0
840	190	0
841	193	0
842	188	0
843	206	0
844	184	0
845	195	0
846	185	0
847	199	0
848	184	0
849	195	0
850	202	0
851	186	0
852	187	0
853	208	0
854	187	0
855	197	0
856	187	0
857	209	0
858	190	0
859	200	0
860	213	0
861	207	0
862	217	0
863	179	0
864	164	0
865	204	0
866	182	0
867	204	0
868	218	0
869	198	0
870	184	0
871	210	0
872	195	0
873	184	0
874	195	0
875	210	0
876	216	0
877	200	0
878	218	0
879	226	0
880	186	0
881	191	0
882	196	0
883	216	0
884	202	0
885	205	0
886	182	0
887	178	0
888	191	0
889	182	0
890	196	0
891	208	0
892	193	0
893	200	0
894	211	0
895	197	0
896	181	0
897	178	0
898	201	0
899	187	0
900	181	0
901	186	0
902	190	0
903	223	0
904	204	0
905	231	0
906	200	0
907	212	0
908	205	0
909	185	0
910	178	0
911	186	0
912	194	0
913	210	0
914	200	0
915	187	0
916	217	0
917	186	0
918	205	0
919	219	0
920	209	0
921	206	0
922	177	0
923	203	0
924	217	0
925	203	0
926	199	0
927	194	0
928	208	0
929	194	0
930	191	0
931	204	0
932	192	0
933	184	0
934	200	0
935	196	0
936	193	0
937	194	0
938	200	0
939	198	0
940	206	0
941	189	0
942	202	0
943	187	0
944	179	0
945	195	0
946	208	0
947	217	0
948	175	0
949	188	0
950	208	0
951	208	0
952	187	0
953	208	0
954	225	0
955	191	0
956	194	0
957	221	0
958	191	0
959	188	0
960	174	0
961	191	0
962	193	0
963	229	0
964	204	0
965	199	0
966	223	0
967	207	0
968	211	0
969	211	0
970	182	0
971	178	0
972	223	0
973	192	0
974	184	0
975	176	0
976	194	0
977	200	0
978	215	0
979	202	0
980	194	0
981	197	0
982	185	0
983	210	0
984	203	0
985	187	0
986	175	0
987	172	0
988	181	0
989	202	0
990	201	0
991	174	0
992	204	0
993	183	0
994	221	0
995	220	0
996	209	0
997	160	0
998	206	0
999	212	0
1000	199	0
1001	193	0
1002	215	0
1003	193	0
1004	167	0
1005	211	0
1006	178	0
1007	173	0
1008	222	0
1009	219	0
1010	199	0
1011	176	0
1012	220	0
1013	179	0
1014	215	0
1015	195	0
1016	203	0
1017	205	0
1018	204	0
1019	182	0
1020	192	0
1021	207	0
1022	169	0
1023	176	0
1024	199	0
1025	217	0
1026	177	0
1027	204	0
1028	187	0
1029	223	0
1030	193	0
1031	191	0
1032	220	0
1033	193	0
1034	198	0
1035	181	0
1036	208	0
1037	231	0
1038	218	0
1039	208	0
1040	181	0
1041	199	0
1042	195	0
1043	206	0
1044	194	0
1045	192	0
1046	186	0
1047	183	0
1048	187	0
1049	202	0
1050	189	0
1051	174	0
1052	194	0
1053	190	0
1054	195	0
1055	203	0
1056	164	0
1057	175	0
1058	199	0
1059	174	0
1060	214	0
1061	200	0
1062	186	0
1063	168	0
1064	202	0
1065	199	0
1066	203	0
1067	183	0
1068	193	0
1069	211	0
1070	189	0
1071	193	0
1072	196	0
1073	206	0
1074	206	0
1075	165	0
1076	198	0
1077	204	0
1078	181	0
1079	193	0
1080	221	0
1081	179	0
1082	200	0
1083	187	0
1084	209	0
1085	177	0
1086	206	0
1087	220	0
1088	194	0
1089	186	0
1090	196	0
1091	183	0
1092	187	0
1093	190	0
1094	209	0
1095	194	0
1096	195	0
1097	218	0
1098	197	0
1099	194	0
1100	204	0
1101	217	0
1102	209	0
1103	184	0
1104	191	0
1105	199	0
1106	218	0
1107	177	0
1108	206	0
1109	191	0
1110	203	0
1111	229	0
1112	177	0
1113	200	0
1114	205	0
1115	205	0
1116	209	0
1117	225	0
1118	218	0
1119	202	0
1120	182	0
1121	196	0
1122	212	0
1123	196	0
1124	204	0
1125	212	0
1126	176	0
1127	175	0
1128	211	0
1129	199	0
1130	172	0
1131	195	0
1132	202	0
1133	213	0
1134	196	0
1135	207	0
1136	192	0
1137	186	0
1138	173	0
1139	196	0
1140	200	0
1141	186	0
1142	225	0
1143	178	0
1144	174	0
1145	177	0
1146	198	0
1147	198	0
1148	201	0
1149	196	0
1150	189	0
1151	188	0
1152	201	0
1153	207	0
1154	209	0
1155	195	0
1156	168	0
1157	198	0
1158	184	0
1159	221	0
1160	183	0
1161	178	0
1162	173	0
1163	193	0
1164	179	0
1165	181	0
1166	199	0
1167	200	0
1168	177	0
1169	206	0
1170	182	0
1171	192	0
1172	198	0
1173	192	0
1174	182	0
1175	204	0
1176	221	0
1177	224	0
1178	205	0
1179	181	0
1180	185	0
1181	162	0
1182	208	0
1183	200	0
1184	217	0
1185	200	0
1186	193	0
1187	202	0
1188	184	0
1189	201	0
1190	167	0
1191	182	0
1192	192	0
1193	201	0
1194	220	0
1195	235	0
1196	213	0
1197	206	0
1198	177	0
1199	186	0
1200	193	0
1201	191	0
1202	173	0
1203	230	0
1204	168	0
1205	184	0
1206	210	0
1207	194	0
1208	205	0
1209	205	0
1210	190	0
1211	197	0
1212	197	0
1213	169	0
1214	177	0
1215	182	0
1216	187	0
1217	175	0
1218	212	0
1219	202	0
1220	224	0
1221	200	0
1222	188	0
1223	178	0
1224	195	0
1225	194	0
1226	204	0
1227	195	0
1228	210	0
1229	191	0
1230	165	0
1231	231	0
1232	213	0
1233	193	0
1234	189	0
1235	182	0
1236	163	0
1237	203	0
1238	179	0
1239	222	0
1240	183	0
1241	205	0
1242	204	0
1243	200	0
1244	177	0
1245	200	0
1246	185	0
1247	199	0
1248	193	0
1249	185	0
1250	183	0
1251	202	0
1252	193	0
1253	208	0
1254	198	0
1255	220	0
1256	184	0
1257	191	0
1258	194	0
1259	215	0
1260	175	0
1261	185	0
1262	186	0
1263	202	0
1264	185	0
1265	192	0
1266	210	0
1267	198	0
1268	211	0
1269	202	0
1270	179	0
1271	187	0
1272	189	0
1273	180	0
1274	176	0
1275	195	0
1276	175	0
1277	196	0
1278	198	0
1279	191	0
1280	186	0
1281	205	0
1282	182	0
1283	214	0
1284	196	0
1285	197	0
1286	195	0
1287	180	0
1288	190	0
1289	216	0
1290	174	0
1291	194	0
1292	186	0
1293	204	0
1294	183	0
1295	200	0
1296	186	0
1297	194	0
1298	172	0
1299	191	0
1300	178	0
1301	205	0
1302	181	0
1303	220	0
1304	204	0
1305	213	0
1306	189	0
1307	201	0
1308	190	0
1309	205	0
1310	194	0
1311	200	0
1312	189	0
1313	203	0
1314	205	0
1315	187	0
1316	201	0
1317	203	0
1318	187	0
1319	191	0
1320	210	0
1321	200	0
1322	219	0
1323	200	0
1324	171	0
1325	208	0
1326	181	0
1327	192	0
1328	204	0
1329	221	0
1330	208	0
1331	215	0
1332	207	0
1333	191	0
1334	195	0
1335	208	0
1336	190	0
1337	218	0
1338	187	0
1339	194	0
1340	187	0
1341	186	0
1342	176	0
1343	186	0
1344	198	0
1345	189	0
1346	198	0
1347	233	0
1348	196	0
1349	194	0
1350	183	0
1351	229	0
1352	203	0
1353	206	0
1354	203	0
1355	195	0
1356	184	0
1357	184	0
1358	165	0
1359	178	0
1360	201	0
1361	188	0
1362	183	0
1363	189	0
1364	200	0
1365	199	0
1366	203	0
1367	203	0
1368	230	0
1369	197	0
1370	180	0
1371	221	0
1372	188	0
1373	222	0
1374	177	0
1375	178	0
1376	176	0
1377	198	0
1378	205	0
1379	211	0
1380	206	0
1381	182	0
1382	190	0
1383	200	0
1384	197	0
1385	195	0
1386	222	0
1387	215	0
1388	195	0
1389	209	0
1390	183	0
1391	186	0
1392	190	0
1393	231	0
1394	182	0
1395	186	0
1396	179	0
1397	194	0
1398	183	0
1399	185	0
1400	203	0
1401	177	0
1402	197	0
1403	190	0
1404	206	0
1405	212	0
1406	193	0
1407	207	0
1408	199	0
1409	177	0
1410	179	0
1411	209	0
1412	196	0
1413	192	0
1414	210	0
1415	191	0
1416	196	0
1417	213	0
1418	180	0
1419	203	0
1420	197	0
1421	188	0
1422	196	0
1423	194	0
1424	194	0
1425	200	0
1426	188	0
1427	189	0
1428	192	0
1429	190	0
1430	180	0
1431	201	0
1432	197	0
1433	197	0
1434	192	0
1435	206	0
1436	170	0
1437	219	0
1438	212	0
1439	201	0
1440	192	0
1441	193	0
1442	201	0
1443	194	0
1444	186	0
1445	209	0
1446	188	0
1447	182	0
1448	193	0
1449	186	0
1450	196	0
1451	190	0
1452	207	0
1453	198	0
1454	192	0
1455	209	0
1456	188	0
1457	196	0
1458	184	0
1459	200	0
1460	197	0
1461	204	0
1462	199	0
1463	191	0
1464	205	0
1465	208	0
1466	191	0
1467	184	0
1468	199	0
1469	207	0
1470	200	0
1471	182	0
1472	193	0
1473	194	0
1474	185	0
1475	236	0
1476	213	0
1477	207	0
1478	200	0
1479	196	0
1480	186	0
1481	177	0
1482	188	0
1483	200	0
1484	198	0
1485	214	0
1486	194	0
1487	200	0
1488	207	0
1489	198	0
1490	184	0
1491	190	0
1492	235	0
1493	206	0
1494	182	0
1495	186	0
1496	178	0
1497	199	0
1498	183	0
1499	198	0
1500	199	0
1501	213	0
1502	196	0
1503	196	0
1504	191	0
1505	190	0
1506	190	0
1507	185	0
1508	181	0
1509	199	0
1510	209	0
1511	201	0
1512	198	0
1513	186	0
1514	201	0
1515	203	0
1516	177	0
1517	169	0
1518	206	0
1519	189	0
1520	216	0
1521	192	0
1522	196	0
1523	208	0
1524	213	0
1525	180	0
1526	187	0
1527	184	0
1528	184	0
1529	214	0
1530	203	0
1531	184	0
1532	179	0
1533	218	0
1534	212	0
1535	171	0
1536	178	0
1537	200	0
1538	222	0
1539	214	0
1540	182	0
1541	208	0
1542	180	0
1543	214	0
1544	182	0
1545	200	0
1546	210	0
1547	196	0
1548	186	0
1549	202	0
1550	212	0
1551	204	0
1552	177	0
1553	225	0
1554	193	0
1555	186	0
1556	194	0
1557	204	0
1558	216	0
1559	202	0
1560	169	0
1561	200	0
1562	217	0
1563	186	0
1564	188	0
1565	199	0
1566	190	0
1567	196	0
1568	230	0
1569	226	0
1570	178	0
1571	205	0
1572	227	0
1573	204	0
1574	164	0
1575	197	0
1576	201	0
1577	209	0
1578	222	0
1579	203	0
1580	210	0
1581	208	0
1582	212	0
1583	204	0
1584	177	0
1585	229	0
1586	166	0
1587	195	0
1588	217	0
1589	185	0
1590	224	0
1591	202	0
1592	210	0
1593	197	0
1594	194	0
1595	195	0
1596	205	0
1597	205	0
1598	195	0
1599	186	0
1600	195	0
1601	194	0
1602	200	0
1603	224	0
1604	204	0
1605	192	0
1606	185	0
1607	206	0
1608	181	0
1609	199	0
1610	203	0
1611	200	0
1612	196	0
1613	214	0
1614	200	0
1615	208	0
1616	176	0
1617	169	0
1618	210	0
1619	223	0
1620	191	0
1621	210	0
1622	201	0
1623	158	0
1624	189	0
1625	197	0
1626	181	0
1627	213	0
1628	196	0
1629	173	0
1630	213	0
1631	196	0
1632	183	0
1633	184	0
1634	188	0
1635	192	0
1636	196	0
1637	196	0
1638	190	0
1639	199	0
1640	170	0
1641	192	0
1642	182	0
1643	201	0
1644	199	0
1645	173	0
1646	212	0
1647	176	0
1648	196	0
1649	171	0
1650	201	0
1651	219	0
1652	181	0
1653	203	0
1654	217	0
1655	217	0
1656	194	0
1657	195	0
1658	197	0
1659	205	0
1660	191	0
1661	178	0
1662	204	0
1663	192	0
1664	188	0
1665	198	0
1666	196	0
1667	188	0
1668	195	0
1669	184	0
1670	193	0
1671	177	0
1672	222	0
1673	195	0
1674	196	0
1675	221	0
1676	205	0
1677	187	0
1678	212	0
1679	212	0
1680	219	0
1681	201	0
1682	182	0
1683	209	0
1684	214	0
1685	212	0
1686	197	0
1687	161	0
1688	177	0
1689	202	0
1690	173	0
1691	183	0
1692	197	0
1693	181	0
1694	192	0
1695	211	0
1696	199	0
1697	178	0
1698	188	0
1699	195	0
1700	200	0
1701	228	0
1702	201	0
1703	200	0
1704	208	0
1705	199	0
1706	223	0
1707	180	0
1708	228	0
1709	199	0
1710	191	0
1711	227	0
1712	188	0
1713	193	0
1714	199	0
1715	223	0
1716	168	0
1717	205	0
1718	207	0
1719	208	0
1720	198	0
1721	186	0
1722	201	0
1723	201	0
1724	180	0
1725	165	0
1726	213	0
1727	208	0
1728	198	0
1729	187	0
1730	187	0
1731	231	0
1732	172	0
1733	186	0
1734	191	0
1735	198	0
1736	175	0
1737	180	0
1738	217	0
1739	194	0
1740	196	0
1741	197	0
1742	192	0
1743	190	0
1744	197	0
1745	190	0
1746	213	0
1747	193	0
1748	203	0
1749	212	0
1750	193	0
1751	180	0
1752	233	0
1753	179	0
1754	221	0
1755	197	0
1756	212	0
1757	190	0
1758	193	0
1759	220	0
1760	205	0
1761	198	0
1762	185	0
1763	198	0
1764	199	0
1765	199	0
1766	211	0
1767	206	0
1768	201	0
1769	207	0
1770	183	0
1771	200	0
1772	189	0
1773	194	0
1774	190	0
1775	200	0
1776	207	0
1777	204	0
1778	203	0
1779	186	0
1780	183	0
1781	186	0
1782	191	0
1783	202	0
1784	187	0
1785	198	0
1786	189	0
1787	196	0
1788	217	0
1789	181	0
1790	195	0
1791	197	0
1792	168	0
1793	197	0
1794	185	0
1795	187	0
1796	186	0
1797	202	0
1798	199	0
1799	204	0
1800	188	0
1801	215	0
1802	191	0
1803	197	0
1804	211	0
1805	188	0
1806	199	0
1807	196	0
1808	152	0
1809	200	0
1810	185	0
1811	205	0
1812	205	0
1813	200	0
1814	219	0
1815	185	0
1816	207	0
1817	181	0
1818	216	0
1819	200	0
1820	154	0
1821	182	0
1822	177	0
1823	187	0
1824	177	0
1825	199	0
1826	188	0
1827	186	0
1828	182	0
1829	214	0
1830	194	0
1831	192	0
1832	191	0
1833	196	0
1834	208	0
1835	202	0
1836	222	0
1837	178	0
1838	198	0
1839	201	0
1840	185	0
1841	193	0
1842	215	0
1843	191	0
1844	191	0
1845	231	0
1846	207	0
1847	200	0
1848	198	0
1849	200	0
1850	189	0
1851	194	0
1852	190	0
1853	227	0
1854	192	0
1855	177	0
1856	185	0
1857	210	0
1858	185	0
1859	183	0
1860	213	0
1861	189	0
1862	210	0
1863	199	0
1864	200	0
1865	181	0
1866	202	0
1867	184	0
1868	206	0
1869	193	0
1870	227	0
1871	193	0
1872	208	0
1873	198	0
1874	204	0
1875	225	0
1876	198	0
1877	213	0
1878	204	0
1879	210	0
1880	189	0
1881	181	0
1882	200	0
1883	187	0
1884	193	0
1885	176	0
1886	208	0
1887	201	0
1888	204	0
1889	193	0
1890	214	0
1891	177	0
1892	199	0
1893	205	0
1894	211	0
1895	188	0
1896	171	0
1897	206	0
1898	185	0
1899	209	0
1900	163	0
1901	206	0
1902	203	0
1903	189	0
1904	206	0
1905	216	0
1906	184	0
1907	188	0
1908	193	0
1909	190	0
1910	173	0
1911	204	0
1912	212	0
1913	191	0
1914	201	0
1915	214	0
1916	191	0
1917	199	0
1918	210	0
1919	163	0
1920	178	0
1921	176	0
1922	193	0
1923	189	0
1924	196	0
1925	202	0
1926	215	0
1927	169	0
1928	183	0
1929	183	0
1930	232	0
1931	212	0
1932	185	0
1933	206	0
1934	194	0
1935	177	0
1936	200	0
1937	204	0
1938	179	0
1939	175	0
1940	233	0
1941	201	0
1942	184	0
1943	215	0
1944	196	0
1945	215	0
1946	205	0
1947	168	0
1948	189	0
1949	187	0
1950	209	0
1951	203	0
1952	192	0
1953	195	0
1954	201	0
1955	176	0
1956	202	0
1957	198	0
1958	159	0
1959	197	0
1960	197	0
1961	189	0
1962	203	0
1963	214	0
1964	200	0
1965	190	0
1966	203	0
1967	206	0
1968	210	0
1969	200	0
1970	196	0
1971	185	0
1972	192	0
1973	203	0
1974	179	0
1975	185	0
1976	193	0
1977	200	0
1978	188	0
1979	173	0
1980	188	0
1981	211	0
1982	183	0
1983	211	0
1984	196	0
1985	202	0
1986	199	0
1987	202	0
1988	177	0
1989	186	0
1990	194	0
1991	201	0
1992	208	0
1993	172	0
1994	212	0
1995	192	0
1996	192	0
1997	181	0
1998	212	0
1999	174	0
2000	181	0
2001	211	0
2002	214	0
2003	192	0
2004	183	0
2005	222	0
2006	180	0
2007	219	0
2008	190	0
2009	187	0
2010	220	0
2011	222	0
2012	191	0
2013	201	0
2014	165	0
2015	189	0
2016	203	0
2017	205	0
2018	194	0
2019	194	0
2020	195	0
2021	187	0
2022	199	0
2023	178	0
2024	164	0
2025	182	0
2026	194	0
2027	207	0
2028	216	0
2029	209	0
2030	207	0
2031	212	0
2032	223	0
2033	214	0
2034	179	0
2035	220	0
2036	202	0
2037	194	0
2038	196	0
2039	200	0
2040	201	0
2041	172	0
2042	201	0
2043	172	0
2044	211	0
2045	190	0
2046	210	0
2047	205	0
2048	195	0
2049	209	0
2050	174	0
2051	242	0
2052	196	0
2053	241	0
2054	195	0
2055	202	0
2056	193	0
2057	191	0
2058	198	0
2059	201	0
2060	188	0
2061	182	0
2062	203	0
2063	193	0
2064	226	0
2065	175	0
2066	185	0
2067	217	0
2068	208	0
2069	179	0
2070	212	0
2071	196	0
2072	211	0
2073	201	0
2074	215	0
2075	186	0
2076	200	0
2077	203	0
2078	194	0
2079	203	0
2080	185	0
2081	199	0
2082	188	0
2083	187	0
2084	206	0
2085	176	0
2086	210	0
2087	192	0
2088	199	0
2089	203	0
2090	217	0
2091	182	0
2092	196	0
2093	175	0
2094	207	0
2095	216	0
2096	206	0
2097	183	0
2098	210	0
2099	186	0
2100	205	0
2101	200	0
2102	192	0
2103	190	0
2104	194	0
2105	218	0
2106	200	0
2107	179	0
2108	178	0
2109	220	0
2110	207	0
2111	188	0
2112	193	0
2113	206	0
2114	187	0
2115	198	0
2116	201	0
2117	206	0
2118	202	0
2119	199	0
2120	171	0
2121	206	0
2122	198	0
2123	187	0
2124	156	0
2125	175	0
2126	162	0
2127	200	0
2128	200	0
2129	217	0
2130	168	0
2131	188	0
2132	176	0
2133	208	0
2134	200	0
2135	206	0
2136	197	0
2137	180	0
2138	206	0
2139	198	0
2140	203	0
2141	175	0
2142	196	0
2143	231	0
2144	200	0
2145	205	0
2146	194	0
2147	177	0
2148	211	0
2149	201	0
2150	196	0
2151	217	0
2152	182	0
2153	226	0
2154	212	0
2155	201	0
2156	156	0
2157	220	0
2158	197	0
2159	177	0
2160	195	0
2161	188	0
2162	159	0
2163	206	0
2164	223	0
2165	184	0
2166	190	0
2167	204	0
2168	193	0
2169	184	0
2170	199	0
2171	231	0
2172	197	0
2173	182	0
2174	191	0
2175	183	0
2176	233	0
2177	185	0
2178	190	0
2179	194	0
2180	201	0
2181	199	0
2182	179	0
2183	206	0
2184	189	0
2185	200	0
2186	217	0
2187	180	0
2188	198	0
2189	217	0
2190	175	0
2191	175	0
2192	166	0
2193	199	0
2194	206	0
2195	200	0
2196	168	0
2197	209	0
2198	217	0
2199	199	0
2200	222	0
2201	172	0
2202	189	0
2203	213	0
2204	216	0
2205	190	0
2206	188	0
2207	201	0
2208	192	0
2209	190	0
2210	194	0
2211	199	0
2212	163	0
2213	199	0
2214	201	0
2215	207	0
2216	229	0
2217	196	0
2218	210	0
2219	189	0
2220	216	0
2221	190	0
2222	194	0
2223	218	0
2224	179	0
2225	201	0
2226	195	0
2227	190	0
2228	208	0
2229	205	0
2230	191	0
2231	204	0
2232	188	0
2233	206	0
2234	192	0
2235	206	0
2236	210	0
2237	185	0
2238	190	0
2239	198	0
2240	203	0
2241	197	0
2242	204	0
2243	181	0
2244	199	0
2245	208	0
2246	181	0
2247	195	0
2248	219	0
2249	200	0
2250	193	0
2251	174	0
2252	192	0
2253	194	0
2254	200	0
2255	185	0
2256	189	0
2257	194	0
2258	193	0
2259	196	0
2260	180	0
2261	198	0
2262	195	0
2263	185	0
2264	221	0
2265	179	0
2266	197	0
2267	221	0
2268	197	0
2269	204	0
2270	178	0
2271	208	0
2272	189	0
2273	204	0
2274	196	0
2275	192	0
2276	193	0
2277	200	0
2278	194	0
2279	190	0
2280	165	0
2281	195	0
2282	182	0
2283	225	0
2284	210	0
2285	211	0
2286	192	0
2287	192	0
2288	180	0
2289	220	0
2290	196	0
2291	218	0
2292	207	0
2293	185	0
2294	219	0
2295	191	0
2296	172	0
2297	223	0
2298	197	0
2299	200	0
2300	193	0
2301	216	0
2302	189	0
2303	204	0
2304	212	0
2305	191	0
2306	193	0
2307	177	0
2308	195	0
2309	187	0
2310	180	0
2311	216	0
2312	199	0
2313	203	0
2314	183	0
2315	180	0
2316	207	0
2317	184	0
2318	203	0
2319	195	0
2320	201	0
2321	191	0
2322	195	0
2323	188	0
2324	195	0
2325	207	0
2326	187	0
2327	181	0
2328	204	0
2329	184	0
2330	203	0
2331	189	0
2332	202	0
2333	209	0
2334	204	0
2335	204	0
2336	210	0
2337	192	0
2338	200	0
2339	182	0
2340	204	0
2341	157	0
2342	203	0
2343	177	0
2344	214	0
2345	187	0
2346	201	0
2347	198	0
2348	212	0
2349	184	0
2350	197	0
2351	203	0
2352	176	0
2353	178	0
2354	159	0
2355	208	0
2356	197	0
2357	198	0
2358	169	0
2359	190	0
2360	204	0
2361	194	0
2362	184	0
2363	171	0
2364	188	0
2365	202	0
2366	204	0
2367	173	0
2368	212	0
2369	214	0
2370	193	0
2371	214	0
2372	239	0
2373	201	0
2374	205	0
2375	193	0
2376	206	0
2377	200	0
2378	173	0
2379	200	0
2380	197	0
2381	179	0
2382	181	0
2383	207	0
2384	223	0
2385	213	0
2386	180	0
2387	209	0
2388	216	0
2389	187	0
2390	198	0
2391	186	0
2392	199	0
2393	209	0
2394	203	0
2395	188	0
2396	198	0
2397	201	0
2398	192	0
2399	207	0
2400	210	0
2401	192	0
2402	222	0
2403	233	0
2404	192	0
2405	201	0
2406	194	0
2407	188	0
2408	181	0
2409	168	0
2410	170	0
2411	199	0
2412	196	0
2413	177	0
2414	174	0
2415	176	0
2416	206	0
2417	226	0
2418	213	0
2419	200	0
2420	186	0
2421	200	0
2422	212	0
2423	197	0
2424	183	0
2425	182	0
2426	169	0
2427	189	0
2428	195	0
2429	199	0
2430	201	0
2431	196	0
2432	175	0
2433	194	0
2434	192	0
2435	189	0
2436	212	0
2437	195	0
2438	192	0
2439	178	0
2440	189	0
2441	177	0
2442	186	0
2443	192	0
2444	201	0
2445	198	0
2446	214	0
2447	207	0
2448	200	0
2449	210	0
2450	194	0
2451	215	0
2452	199	0
2453	165	0
2454	187	0
2455	185	0
2456	185	0
2457	184	0
2458	203	0
2459	198	0
2460	210	0
2461	179	0
2462	214	0
2463	197	0
2464	203	0
2465	222	0
2466	199	0
2467	218	0
2468	223	0
2469	222	0
2470	180	0
2471	216	0
2472	207	0
2473	232	0
2474	193	0
2475	193	0
2476	228	0
2477	202	0
2478	199	0
2479	194	0
2480	199	0
2481	178	0
2482	182	0
2483	207	0
2484	230	0
2485	181	0
2486	196	0
2487	189	0
2488	173	0
2489	193	0
2490	194	0
2491	204	0
2492	193	0
2493	209	0
2494	181	0
2495	211	0
2496	185	0
2497	194	0
2498	190	0
2499	189	0
2500	198	0
2501	207	0
2502	211	0
2503	192	0
2504	166	0
2505	187	0
2506	210	0
2507	204	0
2508	180	0
2509	204	0
2510	235	0
2511	197	0
2512	198	0
2513	194	0
2514	212	0
2515	173	0
2516	183	0
2517	200	0
2518	203	0
2519	194	0
2520	199	0
2521	171	0
2522	187	0
2523	194	0
2524	205	0
2525	214	0
2526	214	0
2527	184	0
2528	175	0
2529	204	0
2530	192	0
2531	185	0
2532	181	0
2533	172	0
2534	182	0
2535	206	0
2536	180	0
2537	192	0
2538	203	0
2539	200	0
2540	218	0
2541	218	0
2542	174	0
2543	216	0
2544	177	0
2545	221	0
2546	215	0
2547	174	0
2548	219	0
2549	186	0
2550	236	0
2551	207	0
2552	191	0
2553	207	0
2554	197	0
2555	201	0
2556	200	0
2557	204	0
2558	230	0
2559	214	0
2560	182	0
2561	183	0
2562	197	0
2563	189	0
2564	211	0
2565	180	0
2566	189	0
2567	207	0
2568	183	0
2569	196	0
2570	224	0
2571	233	0
2572	183	0
2573	211	0
2574	207	0
2575	189	0
2576	205	0
2577	209	0
2578	186	0
2579	168	0
2580	186	0
2581	230	0
2582	190	0
2583	219	0
2584	196	0
2585	191	0
2586	193	0
2587	190	0
2588	203	0
2589	202	0
2590	165	0
2591	209	0
2592	194	0
2593	206	0
2594	197	0
2595	200	0
2596	204	0
2597	200	0
2598	191	0
2599	213	0
2600	193	0
2601	186	0
2602	197	0
2603	187	0
2604	168	0
2605	200	0
2606	194	0
2607	201	0
2608	184	0
2609	204	0
2610	202	0
2611	193	0
2612	196	0
2613	194	0
2614	191	0
2615	195	0
2616	203	0
2617	206	0
2618	196	0
2619	183	0
2620	213	0
2621	220	0
2622	212	0
2623	198	0
2624	180	0
2625	190	0
2626	189	0
2627	219	0
2628	198	0
2629	190	0
2630	215	0
2631	205	0
2632	165	0
2633	193	0
2634	223	0
2635	225	0
2636	177	0
2637	206	0
2638	213	0
2639	181	0
2640	227	0
2641	217	0
2642	219	0
2643	217	0
2644	192	0
2645	189	0
2646	202	0
2647	196	0
2648	189	0
2649	207	0
2650	232	0
2651	203	0
2652	184	0
2653	189	0
2654	170	0
2655	210	0
2656	180	0
2657	199	0
2658	207	0
2659	204	0
2660	182	0
2661	223	0
2662	200	0
2663	193	0
2664	203	0
2665	174	0
2666	234	0
2667	220	0
2668	210	0
2669	194	0
2670	204	0
2671	188	0
2672	212	0
2673	205	0
2674	197	0
2675	188	0
2676	188	0
2677	207	0
2678	216	0
2679	190	0
2680	181	0
2681	199	0
2682	203	0
2683	192	0
2684	181	0
2685	194	0
2686	186	0
2687	204	0
2688	164	0
2689	212	0
2690	185	0
2691	189	0
2692	199	0
2693	203	0
2694	192	0
2695	187	0
2696	199	0
2697	168	0
2698	181	0
2699	198	0
2700	192	0
2701	199	0
2702	208	0
2703	194	0
2704	206	0
2705	221	0
2706	192	0
2707	178	0
2708	177	0
2709	178	0
2710	212	0
2711	199	0
2712	184	0
2713	208	0
2714	198	0
2715	236	0
2716	198	0
2717	215	0
2718	229	0
2719	207	0
2720	192	0
2721	193	0
2722	194	0
2723	218	0
2724	214	0
2725	196	0
2726	209	0
2727	220	0
2728	185	0
2729	190	0
2730	201	0
2731	207	0
2732	183	0
2733	200	0
2734	183	0
2735	185	0
2736	208	0
2737	218	0
2738	207	0
2739	187	0
2740	209	0
2741	187	0
2742	189	0
2743	192	0
2744	193	0
2745	208	0
2746	204	0
2747	228	0
2748	218	0
2749	227	0
2750	211	0
2751	189	0
2752	192	0
2753	218	0
2754	194	0
2755	197	0
2756	207	0
2757	207	0
2758	195	0
2759	205	0
2760	192	0
2761	188	0
2762	212	0
2763	173	0
2764	166	0
2765	195	0
2766	166	0
2767	206	0
2768	206	0
2769	182	0
2770	188	0
2771	189	0
2772	176	0
2773	200	0
2774	181	0
2775	184	0
2776	219	0
2777	195	0
2778	207	0
2779	228	0
2780	174	0
2781	186	0
2782	207	0
2783	160	0
2784	220	0
2785	176	0
2786	180	0
2787	193	0
2788	190	0
2789	190	0
2790	211	0
2791	196	0
2792	181	0
2793	188	0
2794	202	0
2795	183	0
2796	191	0
2797	191	0
2798	179	0
2799	201	0
2800	195	0
2801	205	0
2802	205	0
2803	209	0
2804	184	0
2805	201	0
2806	177	0
2807	220	0
2808	194	0
2809	201	0
2810	207	0
2811	217	0
2812	238	0
2813	197	0
2814	199	0
2815	198	0
2816	188	0
2817	200	0
2818	207	0
2819	186	0
2820	224	0
2821	214	0
2822	190	0
2823	193	0
2824	197	0
2825	197	0
2826	212	0
2827	226	0
2828	209	0
2829	195	0
2830	209	0
2831	207	0
2832	220	0
2833	186	0
2834	199	0
2835	197	0
2836	181	0
2837	192	0
2838	180	0
2839	181	0
2840	176	0
2841	192	0
2842	201	0
2843	171	0
2844	176	0
2845	217	0
2846	186	0
2847	201	0
2848	206	0
2849	195	0
2850	198	0
2851	189	0
2852	209	0
2853	205	0
2854	232	0
2855	200	0
2856	191	0
2857	208	0
2858	186	0
2859	184	0
2860	217	0
2861	193	0
2862	183	0
2863	171	0
2864	200	0
2865	177	0
2866	203	0
2867	177	0
2868	193	0
2869	236	0
2870	207	0
2871	209	0
2872	203	0
2873	181	0
2874	200	0
2875	192	0
2876	203	0
2877	184	0
2878	187	0
2879	167	0
2880	196	0
2881	185	0
2882	191	0
2883	205	0
2884	183	0
2885	197	0
2886	213	0
2887	196	0
2888	195	0
2889	188	0
2890	194	0
2891	166	0
2892	206	0
2893	182	0
2894	200	0
2895	169	0
2896	191	0
2897	191	0
2898	173	0
2899	194	0
2900	181	0
2901	191	0
2902	205	0
2903	215	0
2904	216	0
2905	203	0
2906	183	0
2907	188	0
2908	168	0
2909	198	0
2910	192	0
2911	208	0
2912	186	0
2913	170	0
2914	210	0
2915	192	0
2916	177	0
2917	179	0
2918	178	0
2919	208	0
2920	218	0
2921	194	0
2922	189	0
2923	192	0
2924	200	0
2925	210	0
2926	201	0
2927	189	0
2928	212	0
2929	163	0
2930	189	0
2931	221	0
2932	225	0
2933	180	0
2934	209	0
2935	207	0
2936	198	0
2937	179	0
2938	230	0
2939	166	0
2940	200	0
2941	214	0
2942	212	0
2943	178	0
2944	179	0
2945	216	0
2946	188	0
2947	207	0
2948	201	0
2949	237	0
2950	188	0
2951	219	0
2952	190	0
2953	187	0
2954	213	0
2955	230	0
2956	205	0
2957	170	0
2958	194	0
2959	202	0
2960	205	0
2961	196	0
2962	200	0
2963	168	0
2964	213	0
2965	199	0
2966	178	0
2967	210	0
2968	189	0
2969	213	0
2970	208	0
2971	209	0
2972	184	0
2973	206	0
2974	175	0
2975	187	0
2976	185	0
2977	178	0
2978	211	0
2979	225	0
2980	209	0
2981	245	0
2982	199	0
2983	224	0
2984	185	0
2985	195	0
2986	198	0
2987	218	0
2988	205	0
2989	169	0
2990	209	0
2991	187	0
2992	196	0
2993	198	0
2994	183	0
2995	183	0
2996	177	0
2997	194	0
2998	208	0
2999	173	0
3000	201	0
