1	206	0
2	221	0
3	188	0
4	207	0
5	210	0
6	191	0
7	174	0
8	194	0
9	198	0
10	189	0
11	225	0
12	204	0
13	196	0
14	197	0
15	202	0
16	199	0
17	205	0
18	201	0
19	211	0
20	206	0
21	207	0
22	173	0
23	214	0
24	185	0
25	213	0
26	186	0
27	209	0
28	184	0
29	187	0
30	164	0
31	171	0
32	198	0
33	229	0
34	205	0
35	207	0
36	182	0
37	189	0
38	166	0
39	192	0
40	178	0
41	186	0
42	199	0
43	211	0
44	216	0
45	190	0
46	174	0
47	207	0
48	212	0
49	209	0
50	196	0
51	200	0
52	199	0
53	200	0
54	184	0
55	224	0
56	192	0
57	169	0
58	193	0
59	206	0
60	194	0
61	217	0
62	232	0
63	217	0
64	183	0
65	211	0
66	190	0
67	178	0
68	225	0
69	190	0
70	190	0
71	225	0
72	217	0
73	186	0
74	194	0
75	203	0
76	206	0
77	174	0
78	217	0
79	212	0
80	200	0
81	188	0
82	189	0
83	191	0
84	186	0
85	200	0
86	178	0
87	196	0
88	205	0
89	191	0
90	215	0
91	212	0
92	220	0
93	206	0
94	219	0
95	200	0
96	176	0
97	211	0
98	195	0
99	216	0
100	193	0
101	204	0
102	203	0
103	209	0
104	204	0
105	190	0
106	205	0
107	210	0
108	228	0
109	202	0
110	207	0
111	200	0
112	179	0
113	186	0
114	204	0
115	175	0
116	209	0
117	166	0
118	190	0
119	205	0
120	184	0
121	197	0
122	206	0
123	186	0
124	210	0
125	181	0
126	194	0
127	178	0
128	213	0
129	213	0
130	175	0
131	198	0
132	188	0
133	187	0
134	188	0
135	185	0
136	195	0
137	174	0
138	197	0
139	217	0
140	211	0
141	194	0
142	164	0
143	203	0
144	180	0
145	191	0
146	200	0
147	218	0
148	211	0
149	218	0
150	197	0
151	205	0
152	186	0
153	215	0
154	201	0
155	205	0
156	209	0
157	245	0
158	196	0
159	199	0
160	189	0
161	196	0
162	201	0
163	164	0
164	202	0
165	198	0
166	204	0
167	211	0
168	193	0
169	213	0
170	187	0
171	238	0
172	194	0
173	190	0
174	199	0
175	207	0
176	223	0
177	224	0
178	195	0
179	195	0
180	210	0
181	188	0
182	210	0
183	213	0
184	173	0
185	209	0
186	183	0
187	189	0
188	187	0
189	202	0
190	205	0
191	188	0
192	179	0
193	215	0
194	180	0
195	193	0
196	209	0
197	198	0
198	169	0
199	165	0
200	198	0
201	209	0
202	185	0
203	200	0
204	182	0
205	220	0
206	189	0
207	193	0
208	198	0
209	169	0
210	190	0
211	228	0
212	184	0
213	211	0
214	190	0
215	206	0
216	174	0
217	216	0
218	206	0
219	236	0
220	203	0
221	194	0
222	183	0
223	179	0
224	207	0
225	202	0
226	197	0
227	180	0
228	192	0
229	194	0
230	194	0
231	218	0
232	167	0
233	235	0
234	207	0
235	184	0
236	226	0
237	198	0
238	198	0
239	204	0
240	216	0
241	164	0
242	206	0
243	198	0
244	215	0
245	191	0
246	179	0
247	210	0
248	198	0
249	201	0
250	200	0
251	176	0
252	217	0
253	209	0
254	193	0
255	216	0
256	237	0
257	206	0
258	215	0
259	189	0
260	196	0
261	198	0
262	187	0
263	208	0
264	224	0
265	206	0
266	192	0
267	198	0
268	213	0
269	212	0
270	231	0
271	207	0
272	181	0
273	177	0
274	216	0
275	223	0
276	185	0
277	200	0
278	195	0
279	170	0
280	184	0
281	203	0
282	195	0
283	198	0
284	203	0
285	213	0
286	209	0
287	222	0
288	210	0
289	188	0
290	216	0
291	189	0
292	174	0
293	184	0
294	213	0
295	239	0
296	213	0
297	222	0
298	194	0
299	193	0
300	191	0
301	229	0
302	203	0
303	192	0
304	209	0
305	210	0
306	196	0
307	186	0
308	216	0
309	210	0
310	183	0
311	221	0
312	216	0
313	189	0
314	205	0
315	226	0
316	198	0
317	203	0
318	182	0
319	213	0
320	195	0
321	184	0
322	165	0
323	225	0
324	184	0
325	184	0
326	208	0
327	213	0
328	203	0
329	206	0
330	204	0
331	209	0
332	204	0
333	205	0
334	216	0
335	199	0
336	192	0
337	181	0
338	188	0
339	221	0
340	188	0
341	189	0
342	207	0
343	201	0
344	216	0
345	216	0
346	210	0
347	212	0
348	201	0
349	217	0
350	192	0
351	200	0
352	169	0
353	209	0
354	209	0
355	214	0
356	181	0
357	158	0
358	171	0
359	201	0
360	186	0
361	192	0
362	218	0
363	197	0
364	188	0
365	189	0
366	212	0
367	197	0
368	184	0
369	214	0
370	210	0
371	207	0
372	198	0
373	183	0
374	222	0
375	189	0
376	187	0
377	199	0
378	203	0
379	204	0
380	208	0
381	195	0
382	191	0
383	190	0
384	203	0
385	194	0
386	183	0
387	206	0
388	210	0
389	183	0
390	199	0
391	222	0
392	197	0
393	192	0
394	189	0
395	215	0
396	212	0
397	212	0
398	200	0
399	205	0
400	189	0
401	206	0
402	202	0
403	221	0
404	200	0
405	208	0
406	201	0
407	206	0
408	200	0
409	197	0
410	219	0
411	203	0
412	204	0
413	233	0
414	202	0
415	208	0
416	190	0
417	197	0
418	191	0
419	204	0
420	191	0
421	206	0
422	221	0
423	214	0
424	195	0
425	192	0
426	188	0
427	168	0
428	209	0
429	181	0
430	182	0
431	205	0
432	182	0
433	211	0
434	208	0
435	181	0
436	174	0
437	182	0
438	202	0
439	174	0
440	216	0
441	202	0
442	204	0
443	210	0
444	172	0
445	199	0
446	175	0
447	189	0
448	229	0
449	174	0
450	206	0
451	179	0
452	211	0
453	191	0
454	225	0
455	195	0
456	205	0
457	195	0
458	230	0
459	203	0
460	194	0
461	199	0
462	174	0
463	206	0
464	200	0
465	201	0
466	216	0
467	192	0
468	188	0
469	212	0
470	205	0
471	211	0
472	200	0
473	215	0
474	200	0
475	225	0
476	197	0
477	204	0
478	186	0
479	187	0
480	198	0
481	211	0
482	195	0
483	190	0
484	204	0
485	200	0
486	201	0
487	198	0
488	186	0
489	177	0
490	220	0
491	200	0
492	202	0
493	195	0
494	212	0
495	177	0
496	197	0
497	218	0
498	195	0
499	172	0
500	223	0
501	220	0
502	208	0
503	209	0
504	213	0
505	219	0
506	177	0
507	203	0
508	207	0
509	194	0
510	189	0
511	202	0
512	187	0
513	196	0
514	186	0
515	198	0
516	223	0
517	211	0
518	202	0
519	218	0
520	175	0
521	198	0
522	197	0
523	216	0
524	202	0
525	195	0
526	182	0
527	189	0
528	208	0
529	214	0
530	214	0
531	191	0
532	201	0
533	196	0
534	196	0
535	217	0
536	185	0
537	212	0
538	190	0
539	180	0
540	211	0
541	215	0
542	158	0
543	212	0
544	196	0
545	216	0
546	192	0
547	200	0
548	225	0
549	153	0
550	188	0
551	204	0
552	184	0
553	201	0
554	221	0
555	175	0
556	214	0
557	198	0
558	210	0
559	189	0
560	174	0
561	179	0
562	198	0
563	205	0
564	214	0
565	194	0
566	197	0
567	224	0
568	167	0
569	201	0
570	216	0
571	183	0
572	187	0
573	199	0
574	207	0
575	212	0
576	166	0
577	206	0
578	194	0
579	202	0
580	187	0
581	195	0
582	188	0
583	197	0
584	197	0
585	245	0
586	200	0
587	187	0
588	214	0
589	187	0
590	162	0
591	190	0
592	196	0
593	200	0
594	202	0
595	197	0
596	218	0
597	177	0
598	204	0
599	203	0
600	199	0
601	175	0
602	195	0
603	202	0
604	189	0
605	205	0
606	182	0
607	214	0
608	194	0
609	184	0
610	196	0
611	205	0
612	214	0
613	202	0
614	192	0
615	228	0
616	182	0
617	210	0
618	202	0
619	201	0
620	208	0
621	192	0
622	209	0
623	205	0
624	206	0
625	197	0
626	191	0
627	202	0
628	185	0
629	188	0
630	178	0
631	220	0
632	193	0
633	206	0
634	212	0
635	195	0
636	172	0
637	176	0
638	199	0
639	209	0
640	213	0
641	206	0
642	182	0
643	196	0
644	204	0
645	204	0
646	206	0
647	192	0
648	211	0
649	186	0
650	186	0
651	236	0
652	197	0
653	183	0
654	205	0
655	200	0
656	205	0
657	191	0
658	160	0
659	165	0
660	203	0
661	210	0
662	201	0
663	185	0
664	201	0
665	196	0
666	199	0
667	200	0
668	192	0
669	194	0
670	209	0
671	210	0
672	193	0
673	201	0
674	212	0
675	188	0
676	198	0
677	199	0
678	199	0
679	174	0
680	204	0
681	216	0
682	208	0
683	209	0
684	189	0
685	208	0
686	195	0
687	218	0
688	207	0
689	203	0
690	189	0
691	195	0
692	190	0
693	196	0
694	201	0
695	196	0
696	173	0
697	220	0
698	193	0
699	205	0
700	219	0
701	178	0
702	186	0
703	192	0
704	186	0
705	224	0
706	223	0
707	199	0
708	189	0
709	210	0
710	203	0
711	219	0
712	185	0
713	187	0
714	192	0
715	194	0
716	196	0
717	183	0
718	196	0
719	214	0
720	210	0
721	206	0
722	181	0
723	191	0
724	209	0
725	192	0
726	203	0
727	210	0
728	192	0
729	202	0
730	201	0
731	187	0
732	218	0
733	193	0
734	200	0
735	218	0
736	201	0
737	203	0
738	204	0
739	178	0
740	197	0
741	189	0
742	178	0
743	218	0
744	190	0
745	196	0
746	185	0
747	173	0
748	187	0
749	184	0
750	200	0
751	207	0
752	209	0
753	209	0
754	204	0
755	178	0
756	210	0
757	202	0
758	220	0
759	180	0
760	218	0
761	185	0
762	171	0
763	199	0
764	190	0
765	215	0
766	184	0
767	203	0
768	179	0
769	185	0
770	209	0
771	201	0
772	186	0
773	202	0
774	195	0
775	199	0
776	180	0
777	189	0
778	183	0
779	181	0
780	187	0
781	188	0
782	178	0
783	184	0
784	218	0
785	232	0
786	177	0
787	222	0
788	192	0
789	198	0
790	186	0
791	205	0
792	188	0
793	207	0
794	219	0
795	177	0
796	203	0
797	199	0
798	207	0
799	206	0
800	186	0
801	192	0
802	194	0
803	217	0
804	171	0
805	211	0
806	227	0
807	189	0
808	199	0
809	196	0
810	195	0
811	222	0
812	192	0
813	201	0
814	203	0
815	191	0
816	202	0
817	201	0
818	170	0
819	188	0
820	220	0
821	195	0
822	194	0
823	212	0
824	198	0
825	223	0
826	197	0
827	239	0
828	198	0
829	212	0
830	169	0
831	212	0
832	203	0
833	185	0
834	174	0
835	189	0
836	225	0
837	212	0
838	200	0
839	201	0
840	193	0
841	193	0
842	199	0
843	213	0
844	188	0
845	201	0
846	187	0
847	199	0
848	220	0
849	208	0
850	218	0
851	204	0
852	216	0
853	173	0
854	196	0
855	187	0
856	192	0
857	202	0
858	198	0
859	203	0
860	192	0
861	187	0
862	186	0
863	184	0
864	213	0
865	182	0
866	226	0
867	194	0
868	179	0
869	191	0
870	196	0
871	213	0
872	204	0
873	162	0
874	209	0
875	218	0
876	199	0
877	201	0
878	174	0
879	216	0
880	191	0
881	167	0
882	237	0
883	185	0
884	200	0
885	207	0
886	210	0
887	222	0
888	200	0
889	174	0
890	187	0
891	186	0
892	204	0
893	190	0
894	175	0
895	174	0
896	168	0
897	211	0
898	223	0
899	205	0
900	186	0
901	208	0
902	199	0
903	188	0
904	195	0
905	207	0
906	185	0
907	177	0
908	183	0
909	207	0
910	170	0
911	219	0
912	203	0
913	204	0
914	174	0
915	182	0
916	180	0
917	212	0
918	198	0
919	194	0
920	170	0
921	200	0
922	185	0
923	239	0
924	186	0
925	211	0
926	219	0
927	179	0
928	225	0
929	203	0
930	199	0
931	207	0
932	190	0
933	196	0
934	214	0
935	199	0
936	212	0
937	192	0
938	190	0
939	185	0
940	181	0
941	175	0
942	189	0
943	198	0
944	189	0
945	196	0
946	217	0
947	200	0
948	187	0
949	180	0
950	174	0
951	208	0
952	200	0
953	187	0
954	225	0
955	188	0
956	209	0
957	197	0
958	213	0
959	207	0
960	202	0
961	216	0
962	212	0
963	180	0
964	188	0
965	199	0
966	215	0
967	180	0
968	210	0
969	178	0
970	179	0
971	219	0
972	179	0
973	207	0
974	196	0
975	196	0
976	202	0
977	207	0
978	193	0
979	216	0
980	201	0
981	203	0
982	189	0
983	196	0
984	225	0
985	200	0
986	196	0
987	194	0
988	194	0
989	204	0
990	189	0
991	196	0
992	192	0
993	211	0
994	182	0
995	214	0
996	209	0
997	196	0
998	216	0
999	205	0
1000	183	0
1001	180	0
1002	205	0
1003	186	0
1004	212	0
1005	189	0
1006	190	0
1007	195	0
1008	221	0
1009	209	0
1010	217	0
1011	189	0
1012	194	0
1013	225	0
1014	165	0
1015	195	0
1016	181	0
1017	199	0
1018	200	0
1019	184	0
1020	190	0
1021	194	0
1022	205	0
1023	213	0
1024	189	0
1025	195	0
1026	226	0
1027	193	0
1028	187	0
1029	183	0
1030	179	0
1031	194	0
1032	186	0
1033	196	0
1034	190	0
1035	198	0
1036	167	0
1037	181	0
1038	243	0
1039	195	0
1040	202	0
1041	179	0
1042	212	0
1043	214	0
1044	192	0
1045	200	0
1046	202	0
1047	179	0
1048	191	0
1049	223	0
1050	204	0
1051	206	0
1052	175	0
1053	205	0
1054	229	0
1055	173	0
1056	218	0
1057	178	0
1058	192	0
1059	208	0
1060	192	0
1061	202	0
1062	195	0
1063	185	0
1064	217	0
1065	205	0
1066	199	0
1067	212	0
1068	209	0
1069	208	0
1070	199	0
1071	194	0
1072	199	0
1073	193	0
1074	174	0
1075	191	0
1076	196	0
1077	196	0
1078	212	0
1079	189	0
1080	196	0
1081	193	0
1082	228	0
1083	202	0
1084	206	0
1085	200	0
1086	192	0
1087	198	0
1088	210	0
1089	205	0
1090	202	0
1091	187	0
1092	197	0
1093	173	0
1094	202	0
1095	200	0
1096	198	0
1097	204	0
1098	203	0
1099	211	0
1100	187	0
1101	183	0
1102	204	0
1103	221	0
1104	204	0
1105	170	0
1106	205	0
1107	214	0
1108	205	0
1109	182	0
1110	178	0
1111	231	0
1112	187	0
1113	177	0
1114	199	0
1115	172	0
1116	218	0
1117	196	0
1118	204	0
1119	227	0
1120	184	0
1121	207	0
1122	207	0
1123	237	0
1124	203	0
1125	220	0
1126	202	0
1127	187	0
1128	187	0
1129	218	0
1130	199	0
1131	192	0
1132	216	0
1133	212	0
1134	202	0
1135	207	0
1136	213	0
1137	204	0
1138	203	0
1139	216	0
1140	182	0
1141	170	0
1142	210	0
1143	196	0
1144	199	0
1145	196	0
1146	192	0
1147	198	0
1148	211	0
1149	211	0
1150	203	0
1151	176	0
1152	203	0
1153	182	0
1154	198	0
1155	229	0
1156	218	0
1157	200	0
1158	216	0
1159	201	0
1160	225	0
1161	158	0
1162	193	0
1163	158	0
1164	180	0
1165	212	0
1166	185	0
1167	208	0
1168	202	0
1169	191	0
1170	192	0
1171	198	0
1172	198	0
1173	212	0
1174	193	0
1175	216	0
1176	214	0
1177	212	0
1178	184	0
1179	210	0
1180	195	0
1181	189	0
1182	229	0
1183	205	0
1184	195	0
1185	186	0
1186	208	0
1187	197	0
1188	187	0
1189	218	0
1190	193	0
1191	199	0
1192	201	0
1193	208	0
1194	211	0
1195	209	0
1196	176	0
1197	188	0
1198	182	0
1199	221	0
1200	208	0
1201	199	0
1202	189	0
1203	206	0
1204	200	0
1205	199	0
1206	189	0
1207	186	0
1208	192	0
1209	218	0
1210	197	0
1211	185	0
1212	179	0
1213	181	0
1214	182	0
1215	193	0
1216	214	0
1217	173	0
1218	179	0
1219	194	0
1220	215	0
1221	234	0
1222	230	0
1223	199	0
1224	196	0
1225	199	0
1226	202	0
1227	191	0
1228	238	0
1229	203	0
1230	175	0
1231	194	0
1232	193	0
1233	212	0
1234	219	0
1235	196	0
1236	204	0
1237	190	0
1238	173	0
1239	209	0
1240	213	0
1241	221	0
1242	178	0
1243	185	0
1244	206	0
1245	219	0
1246	196	0
1247	181	0
1248	206	0
1249	211	0
1250	204	0
1251	187	0
1252	169	0
1253	195	0
1254	174	0
1255	217	0
1256	199	0
1257	171	0
1258	202	0
1259	213	0
1260	199	0
1261	241	0
1262	212	0
1263	210	0
1264	181	0
1265	203	0
1266	173	0
1267	228	0
1268	215	0
1269	187	0
1270	193	0
1271	203	0
1272	201	0
1273	191	0
1274	199	0
1275	196	0
1276	193	0
1277	207	0
1278	193	0
1279	207	0
1280	177	0
1281	195	0
1282	208	0
1283	206	0
1284	185	0
1285	197	0
1286	196	0
1287	198	0
1288	223	0
1289	192	0
1290	220	0
1291	219	0
1292	202	0
1293	213	0
1294	219	0
1295	209	0
1296	187	0
1297	236	0
1298	188	0
1299	193	0
1300	202	0
1301	187	0
1302	187	0
1303	184	0
1304	181	0
1305	188	0
1306	220	0
1307	188	0
1308	193	0
1309	201	0
1310	182	0
1311	211	0
1312	179	0
1313	176	0
1314	209	0
1315	223	0
1316	172	0
1317	207	0
1318	211	0
1319	195	0
1320	211	0
1321	210	0
1322	193	0
1323	176	0
1324	225	0
1325	222	0
1326	202	0
1327	177	0
1328	217	0
1329	188	0
1330	208	0
1331	197	0
1332	166	0
1333	156	0
1334	208	0
1335	202	0
1336	198	0
1337	209	0
1338	190	0
1339	223	0
1340	206	0
1341	178	0
1342	204	0
1343	188	0
1344	191	0
1345	182	0
1346	195	0
1347	178	0
1348	194	0
1349	194	0
1350	194	0
1351	186	0
1352	211	0
1353	206	0
1354	185	0
1355	221	0
1356	180	0
1357	182	0
1358	191	0
1359	202	0
1360	204	0
1361	201	0
1362	220	0
1363	202	0
1364	168	0
1365	180	0
1366	198	0
1367	202	0
1368	206	0
1369	185	0
1370	179	0
1371	195	0
1372	216	0
1373	209	0
1374	200	0
1375	203	0
1376	171	0
1377	203	0
1378	198	0
1379	177	0
1380	207	0
1381	197	0
1382	194	0
1383	194	0
1384	203	0
1385	185	0
1386	191	0
1387	205	0
1388	224	0
1389	212	0
1390	195	0
1391	170	0
1392	213	0
1393	192	0
1394	178	0
1395	184	0
1396	212	0
1397	205	0
1398	213	0
1399	194	0
1400	195	0
1401	218	0
1402	194	0
1403	201	0
1404	212	0
1405	199	0
1406	187	0
1407	184	0
1408	208	0
1409	188	0
1410	181	0
1411	212	0
1412	189	0
1413	185	0
1414	217	0
1415	214	0
1416	210	0
1417	207	0
1418	230	0
1419	173	0
1420	208	0
1421	193	0
1422	198	0
1423	185	0
1424	201	0
1425	202	0
1426	193	0
1427	183	0
1428	201	0
1429	193	0
1430	186	0
1431	198	0
1432	200	0
1433	185	0
1434	186	0
1435	196	0
1436	210	0
1437	208	0
1438	194	0
1439	216	0
1440	211	0
1441	206	0
1442	168	0
1443	177	0
1444	210	0
1445	204	0
1446	178	0
1447	207	0
1448	195	0
1449	180	0
1450	188	0
1451	203	0
1452	193	0
1453	190	0
1454	207	0
1455	209	0
1456	201	0
1457	185	0
1458	203	0
1459	185	0
1460	215	0
1461	193	0
1462	195	0
1463	171	0
1464	196	0
1465	198	0
1466	190	0
1467	200	0
1468	200	0
1469	183	0
1470	207	0
1471	193	0
1472	205	0
1473	182	0
1474	212	0
1475	222	0
1476	214	0
1477	181	0
1478	210	0
1479	204	0
1480	209	0
1481	209	0
1482	192	0
1483	195	0
1484	200	0
1485	219	0
1486	201	0
1487	202	0
1488	203	0
1489	219	0
1490	190	0
1491	195	0
1492	187	0
1493	193	0
1494	209	0
1495	206	0
1496	201	0
1497	190	0
1498	200	0
1499	203	0
1500	199	0
1501	173	0
1502	205	0
1503	188	0
1504	184	0
1505	192	0
1506	175	0
1507	208	0
1508	188	0
1509	188	0
1510	189	0
1511	208	0
1512	194	0
1513	191	0
1514	185	0
1515	182	0
1516	186	0
1517	200	0
1518	208	0
1519	239	0
1520	203	0
1521	204	0
1522	194	0
1523	199	0
1524	193	0
1525	179	0
1526	214	0
1527	218	0
1528	193	0
1529	210	0
1530	175	0
1531	199	0
1532	204	0
1533	201	0
1534	197	0
1535	211	0
1536	188	0
1537	172	0
1538	178	0
1539	202	0
1540	190	0
1541	200	0
1542	204	0
1543	188	0
1544	225	0
1545	185	0
1546	197	0
1547	175	0
1548	205	0
1549	204	0
1550	209	0
1551	220	0
1552	207	0
1553	178	0
1554	223	0
1555	224	0
1556	185	0
1557	200	0
1558	201	0
1559	219	0
1560	226	0
1561	202	0
1562	197	0
1563	178	0
1564	217	0
1565	196	0
1566	217	0
1567	217	0
1568	193	0
1569	216	0
1570	222	0
1571	224	0
1572	194	0
1573	215	0
1574	215	0
1575	229	0
1576	204	0
1577	188	0
1578	220	0
1579	195	0
1580	183	0
1581	214	0
1582	220	0
1583	192	0
1584	190	0
1585	196	0
1586	192	0
1587	218	0
1588	201	0
1589	203	0
1590	224	0
1591	223	0
1592	180	0
1593	214	0
1594	212	0
1595	178	0
1596	234	0
1597	204	0
1598	198	0
1599	202	0
1600	191	0
1601	198	0
1602	212	0
1603	176	0
1604	202	0
1605	229	0
1606	200	0
1607	182	0
1608	198	0
1609	194	0
1610	182	0
1611	185	0
1612	192	0
1613	201	0
1614	183	0
1615	195	0
1616	208	0
1617	218	0
1618	201	0
1619	231	0
1620	179	0
1621	212	0
1622	214	0
1623	191	0
1624	203	0
1625	187	0
1626	208	0
1627	204	0
1628	185	0
1629	197	0
1630	208	0
1631	203	0
1632	183	0
1633	194	0
1634	191	0
1635	204	0
1636	202	0
1637	217	0
1638	177	0
1639	176	0
1640	195	0
1641	190	0
1642	214	0
1643	229	0
1644	184	0
1645	181	0
1646	183	0
1647	193	0
1648	194	0
1649	223	0
1650	200	0
1651	211	0
1652	204	0
1653	200	0
1654	200	0
1655	199	0
1656	192	0
1657	204	0
1658	182	0
1659	209	0
1660	201	0
1661	188	0
1662	207	0
1663	173	0
1664	193	0
1665	188	0
1666	193	0
1667	209	0
1668	200	0
1669	163	0
1670	230	0
1671	221	0
1672	175	0
1673	192	0
1674	199	0
1675	201	0
1676	180	0
1677	206	0
1678	222	0
1679	186	0
1680	195	0
1681	190	0
1682	182	0
1683	179	0
1684	215	0
1685	193	0
1686	194	0
1687	211	0
1688	207	0
1689	200	0
1690	217	0
1691	211	0
1692	198	0
1693	226	0
1694	206	0
1695	209	0
1696	211	0
1697	230	0
1698	168	0
1699	202	0
1700	222	0
1701	222	0
1702	193	0
1703	192	0
1704	189	0
1705	206	0
1706	201	0
1707	187	0
1708	191	0
1709	206	0
1710	188	0
1711	221	0
1712	211	0
1713	183	0
1714	217	0
1715	203	0
1716	185	0
1717	197	0
1718	206	0
1719	196	0
1720	192	0
1721	200	0
1722	198	0
1723	199	0
1724	202	0
1725	192	0
1726	211	0
1727	205	0
1728	186	0
1729	226	0
1730	194	0
1731	214	0
1732	209	0
1733	196	0
1734	193	0
1735	207	0
1736	218	0
1737	228	0
1738	187	0
1739	196	0
1740	166	0
1741	216	0
1742	196	0
1743	200	0
1744	193	0
1745	162	0
1746	201	0
1747	198	0
1748	164	0
1749	212	0
1750	193	0
1751	175	0
1752	205	0
1753	203	0
1754	208	0
1755	195	0
1756	220	0
1757	184	0
1758	181	0
1759	206	0
1760	193	0
1761	193	0
1762	205	0
1763	174	0
1764	191	0
1765	188	0
1766	196	0
1767	200	0
1768	217	0
1769	230	0
1770	240	0
1771	214	0
1772	212	0
1773	201	0
1774	189	0
1775	211	0
1776	205	0
1777	219	0
1778	195	0
1779	196	0
1780	180	0
1781	206	0
1782	198	0
1783	188	0
1784	219	0
1785	192	0
1786	206	0
1787	223	0
1788	208	0
1789	189	0
1790	196	0
1791	227	0
1792	209	0
1793	188	0
1794	209	0
1795	212	0
1796	220	0
1797	184	0
1798	175	0
1799	189	0
1800	202	0
1801	199	0
1802	177	0
1803	192	0
1804	197	0
1805	186	0
1806	199	0
1807	185	0
1808	201	0
1809	231	0
1810	200	0
1811	182	0
1812	192	0
1813	208	0
1814	205	0
1815	212	0
1816	206	0
1817	195	0
1818	194	0
1819	185	0
1820	216	0
1821	201	0
1822	192	0
1823	206	0
1824	226	0
1825	198	0
1826	194	0
1827	215	0
1828	192	0
1829	198	0
1830	212	0
1831	149	0
1832	192	0
1833	213	0
1834	195	0
1835	190	0
1836	192	0
1837	183	0
1838	179	0
1839	200	0
1840	199	0
1841	186	0
1842	199	0
1843	203	0
1844	200	0
1845	211	0
1846	201	0
1847	218	0
1848	202	0
1849	203	0
1850	195	0
1851	196	0
1852	195	0
1853	209	0
1854	233	0
1855	205	0
1856	184	0
1857	212	0
1858	185	0
1859	202	0
1860	183	0
1861	188	0
1862	215	0
1863	212	0
1864	205	0
1865	209	0
1866	184	0
1867	184	0
1868	223	0
1869	199	0
1870	194	0
1871	209	0
1872	222	0
1873	205	0
1874	174	0
1875	197	0
1876	181	0
1877	190	0
1878	201	0
1879	216	0
1880	193	0
1881	183	0
1882	172	0
1883	212	0
1884	202	0
1885	197	0
1886	213	0
1887	205	0
1888	187	0
1889	197	0
1890	200	0
1891	229	0
1892	194	0
1893	180	0
1894	203	0
1895	197	0
1896	207	0
1897	188	0
1898	202	0
1899	200	0
1900	217	0
1901	192	0
1902	188	0
1903	205	0
1904	187	0
1905	204	0
1906	204	0
1907	201	0
1908	180	0
1909	207	0
1910	207	0
1911	221	0
1912	208	0
1913	213	0
1914	181	0
1915	199	0
1916	207	0
1917	224	0
1918	236	0
1919	181	0
1920	190	0
1921	195	0
1922	178	0
1923	208	0
1924	177	0
1925	202	0
1926	209	0
1927	193	0
1928	206	0
1929	227	0
1930	197	0
1931	169	0
1932	186	0
1933	190	0
1934	192	0
1935	191	0
1936	191	0
1937	193	0
1938	209	0
1939	178	0
1940	224	0
1941	212	0
1942	215	0
1943	208	0
1944	187	0
1945	212	0
1946	187	0
1947	191	0
1948	187	0
1949	197	0
1950	194	0
1951	216	0
1952	169	0
1953	221	0
1954	220	0
1955	208	0
1956	209	0
1957	225	0
1958	200	0
1959	197	0
1960	171	0
1961	201	0
1962	180	0
1963	193	0
1964	231	0
1965	234	0
1966	208	0
1967	197	0
1968	204	0
1969	204	0
1970	213	0
1971	188	0
1972	177	0
1973	198	0
1974	183	0
1975	206	0
1976	198	0
1977	209	0
1978	177	0
1979	207	0
1980	212	0
1981	185	0
1982	203	0
1983	207	0
1984	215	0
1985	173	0
1986	189	0
1987	198	0
1988	202	0
1989	190	0
1990	202	0
1991	192	0
1992	182	0
1993	198	0
1994	205	0
1995	232	0
1996	213	0
1997	199	0
1998	194	0
1999	194	0
2000	206	0
2001	203	0
2002	216	0
2003	201	0
2004	199	0
2005	184	0
2006	212	0
2007	197	0
2008	195	0
2009	194	0
2010	181	0
2011	185	0
2012	188	0
2013	211	0
2014	173	0
2015	189	0
2016	183	0
2017	186	0
2018	200	0
2019	175	0
2020	200	0
2021	216	0
2022	190	0
2023	193	0
2024	187	0
2025	218	0
2026	209	0
2027	205	0
2028	191	0
2029	220	0
2030	203	0
2031	202	0
2032	190	0
2033	210	0
2034	186	0
2035	178	0
2036	189	0
2037	204	0
2038	183	0
2039	206	0
2040	213	0
2041	202	0
2042	203	0
2043	184	0
2044	174	0
2045	174	0
2046	184	0
2047	218	0
2048	201	0
2049	209	0
2050	185	0
2051	198	0
2052	177	0
2053	190	0
2054	217	0
2055	171	0
2056	201	0
2057	196	0
2058	184	0
2059	186	0
2060	214	0
2061	188	0
2062	203	0
2063	200	0
2064	196	0
2065	183	0
2066	190	0
2067	211	0
2068	218	0
2069	192	0
2070	218	0
2071	191	0
2072	209	0
2073	186	0
2074	225	0
2075	186	0
2076	196	0
2077	179	0
2078	177	0
2079	200	0
2080	195	0
2081	178	0
2082	182	0
2083	236	0
2084	192	0
2085	194	0
2086	177	0
2087	215	0
2088	193	0
2089	175	0
2090	197	0
2091	183	0
2092	169	0
2093	208	0
2094	176	0
2095	222	0
2096	208	0
2097	190	0
2098	178	0
2099	196	0
2100	203	0
2101	195	0
2102	201	0
2103	223	0
2104	230	0
2105	216	0
2106	188	0
2107	210	0
2108	194	0
2109	203	0
2110	216	0
2111	219	0
2112	231	0
2113	195	0
2114	192	0
2115	214	0
2116	208	0
2117	192	0
2118	190	0
2119	204	0
2120	210	0
2121	192	0
2122	182	0
2123	185	0
2124	206	0
2125	181	0
2126	182	0
2127	200	0
2128	217	0
2129	197	0
2130	203	0
2131	186	0
2132	186	0
2133	196	0
2134	197	0
2135	198	0
2136	175	0
2137	186	0
2138	185	0
2139	174	0
2140	199	0
2141	208	0
2142	216	0
2143	203	0
2144	209	0
2145	198	0
2146	191	0
2147	203	0
2148	176	0
2149	194	0
2150	217	0
2151	188	0
2152	191	0
2153	227	0
2154	195	0
2155	194	0
2156	199	0
2157	165	0
2158	200	0
2159	190	0
2160	191	0
2161	203	0
2162	180	0
2163	169	0
2164	215	0
2165	171	0
2166	219	0
2167	206	0
2168	181	0
2169	184	0
2170	168	0
2171	193	0
2172	196	0
2173	204	0
2174	201	0
2175	171	0
2176	185	0
2177	223	0
2178	208	0
2179	165	0
2180	201	0
2181	203	0
2182	187	0
2183	207	0
2184	175	0
2185	192	0
2186	199	0
2187	204	0
2188	198	0
2189	189	0
2190	216	0
2191	204	0
2192	185	0
2193	192	0
2194	206	0
2195	186	0
2196	176	0
2197	207	0
2198	187	0
2199	194	0
2200	206	0
2201	201	0
2202	193	0
2203	206	0
2204	219	0
2205	206	0
2206	200	0
2207	204	0
2208	206	0
2209	194	0
2210	213	0
2211	183	0
2212	176	0
2213	215	0
2214	199	0
2215	191	0
2216	184	0
2217	194	0
2218	194	0
2219	205	0
2220	235	0
2221	184	0
2222	234	0
2223	216	0
2224	202	0
2225	176	0
2226	183	0
2227	181	0
2228	201	0
2229	206	0
2230	214	0
2231	178	0
2232	223	0
2233	208	0
2234	201	0
2235	180	0
2236	196	0
2237	196	0
2238	203	0
2239	205	0
2240	181	0
2241	182	0
2242	201	0
2243	195	0
2244	196	0
2245	221	0
2246	201	0
2247	192	0
2248	193	0
2249	180	0
2250	188	0
2251	202	0
2252	195	0
2253	175	0
2254	193	0
2255	196	0
2256	195	0
2257	203	0
2258	196	0
2259	219	0
2260	203	0
2261	199	0
2262	178	0
2263	203	0
2264	212	0
2265	175	0
2266	186	0
2267	181	0
2268	216	0
2269	164	0
2270	163	0
2271	189	0
2272	180	0
2273	206	0
2274	225	0
2275	203	0
2276	187	0
2277	181	0
2278	187	0
2279	201	0
2280	198	0
2281	195	0
2282	183	0
2283	235	0
2284	197	0
2285	214	0
2286	214	0
2287	223	0
2288	209	0
2289	192	0
2290	202	0
2291	174	0
2292	192	0
2293	201	0
2294	176	0
2295	221	0
2296	205	0
2297	205	0
2298	181	0
2299	177	0
2300	225	0
2301	205	0
2302	195	0
2303	209	0
2304	203	0
2305	197	0
2306	201	0
2307	190	0
2308	226	0
2309	194	0
2310	204	0
2311	193	0
2312	181	0
2313	203	0
2314	188	0
2315	172	0
2316	177	0
2317	216	0
2318	198	0
2319	187	0
2320	191	0
2321	213	0
2322	204	0
2323	178	0
2324	192	0
2325	194	0
2326	209	0
2327	185	0
2328	186	0
2329	189	0
2330	226	0
2331	188	0
2332	208	0
2333	183	0
2334	201	0
2335	206	0
2336	187	0
2337	182	0
2338	203	0
2339	204	0
2340	188	0
2341	205	0
2342	176	0
2343	195	0
2344	190	0
2345	197	0
2346	199	0
2347	196	0
2348	213	0
2349	197	0
2350	198	0
2351	204	0
2352	201	0
2353	201	0
2354	181	0
2355	192	0
2356	194	0
2357	200	0
2358	181	0
2359	186	0
2360	211	0
2361	191	0
2362	192	0
2363	209	0
2364	221	0
2365	182	0
2366	213	0
2367	200	0
2368	174	0
2369	172	0
2370	179	0
2371	208	0
2372	191	0
2373	202	0
2374	208	0
2375	211	0
2376	211	0
2377	206	0
2378	192	0
2379	203	0
2380	189	0
2381	208	0
2382	199	0
2383	204	0
2384	204	0
2385	207	0
2386	191	0
2387	204	0
2388	220	0
2389	197	0
2390	181	0
2391	202	0
2392	202	0
2393	178	0
2394	181	0
2395	208	0
2396	195	0
2397	207	0
2398	190	0
2399	185	0
2400	188	0
2401	183	0
2402	219	0
2403	193	0
2404	202	0
2405	190	0
2406	202	0
2407	217	0
2408	182	0
2409	200	0
2410	198	0
2411	181	0
2412	219	0
2413	189	0
2414	189	0
2415	207	0
2416	203	0
2417	211	0
2418	211	0
2419	188	0
2420	184	0
2421	181	0
2422	205	0
2423	222	0
2424	212	0
2425	211	0
2426	195	0
2427	171	0
2428	178	0
2429	178	0
2430	204	0
2431	206	0
2432	208	0
2433	198	0
2434	215	0
2435	218	0
2436	190	0
2437	207	0
2438	195	0
2439	187	0
2440	201	0
2441	215	0
2442	200	0
2443	198	0
2444	212	0
2445	216	0
2446	202	0
2447	204	0
2448	206	0
2449	196	0
2450	194	0
2451	190	0
2452	178	0
2453	194	0
2454	200	0
2455	205	0
2456	185	0
2457	193	0
2458	173	0
2459	189	0
2460	205	0
2461	220	0
2462	191	0
2463	204	0
2464	189	0
2465	210	0
2466	214	0
2467	199	0
2468	183	0
2469	201	0
2470	200	0
2471	199	0
2472	184	0
2473	197	0
2474	199	0
2475	186	0
2476	188	0
2477	213	0
2478	198	0
2479	210	0
2480	221	0
2481	218	0
2482	203	0
2483	189	0
2484	198	0
2485	204	0
2486	193	0
2487	209	0
2488	196	0
2489	218	0
2490	205	0
2491	203	0
2492	196	0
2493	195	0
2494	189	0
2495	213	0
2496	193	0
2497	186	0
2498	220	0
2499	172	0
2500	194	0
2501	206	0
2502	176	0
2503	196	0
2504	206	0
2505	223	0
2506	226	0
2507	193	0
2508	188	0
2509	207	0
2510	202	0
2511	206	0
2512	193	0
2513	213	0
2514	186	0
2515	190	0
2516	197	0
2517	203	0
2518	186	0
2519	220	0
2520	196	0
2521	201	0
2522	204	0
2523	215	0
2524	184	0
2525	199	0
2526	226	0
2527	211	0
2528	216	0
2529	196	0
2530	212	0
2531	197	0
2532	212	0
2533	207	0
2534	227	0
2535	193	0
2536	187	0
2537	204	0
2538	168	0
2539	179	0
2540	185	0
2541	178	0
2542	202	0
2543	188	0
2544	193	0
2545	202	0
2546	188	0
2547	206	0
2548	219	0
2549	193	0
2550	202	0
2551	193	0
2552	231	0
2553	207	0
2554	204	0
2555	207	0
2556	220	0
2557	217	0
2558	189	0
2559	191	0
2560	204	0
2561	215	0
2562	188	0
2563	232	0
2564	214	0
2565	189	0
2566	176	0
2567	206	0
2568	220	0
2569	202	0
2570	202	0
2571	210	0
2572	200	0
2573	177	0
2574	201	0
2575	199	0
2576	207	0
2577	188	0
2578	211	0
2579	186	0
2580	216	0
2581	211	0
2582	208	0
2583	207	0
2584	199	0
2585	191	0
2586	201	0
2587	183	0
2588	203	0
2589	208	0
2590	203	0
2591	204	0
2592	210	0
2593	203	0
2594	180	0
2595	221	0
2596	188	0
2597	197	0
2598	191	0
2599	196	0
2600	194	0
2601	185	0
2602	197	0
2603	199	0
2604	188	0
2605	184	0
2606	200	0
2607	246	0
2608	188	0
2609	200	0
2610	215	0
2611	191	0
2612	212	0
2613	226	0
2614	199	0
2615	216	0
2616	199	0
2617	216	0
2618	198	0
2619	205	0
2620	192	0
2621	197	0
2622	190	0
2623	211	0
2624	193	0
2625	180	0
2626	169	0
2627	224	0
2628	207	0
2629	200	0
2630	190	0
2631	196	0
2632	196	0
2633	208	0
2634	191	0
2635	188	0
2636	197	0
2637	206	0
2638	195	0
2639	188	0
2640	189	0
2641	198	0
2642	198	0
2643	211	0
2644	191	0
2645	189	0
2646	202	0
2647	214	0
2648	174	0
2649	199	0
2650	183	0
2651	201	0
2652	207	0
2653	183	0
2654	194	0
2655	193	0
2656	200	0
2657	225	0
2658	217	0
2659	180	0
2660	195	0
2661	203	0
2662	200	0
2663	223	0
2664	221	0
2665	181	0
2666	218	0
2667	220	0
2668	172	0
2669	204	0
2670	182	0
2671	227	0
2672	217	0
2673	210	0
2674	196	0
2675	229	0
2676	193	0
2677	177	0
2678	201	0
2679	172	0
2680	190	0
2681	212	0
2682	196	0
2683	215	0
2684	221	0
2685	220	0
2686	192	0
2687	196	0
2688	186	0
2689	198	0
2690	206	0
2691	227	0
2692	237	0
2693	191	0
2694	211	0
2695	187	0
2696	180	0
2697	193	0
2698	196	0
2699	205	0
2700	202	0
2701	205	0
2702	211	0
2703	205	0
2704	181	0
2705	201	0
2706	189	0
2707	204	0
2708	207	0
2709	216	0
2710	215	0
2711	202	0
2712	200	0
2713	209	0
2714	204	0
2715	195	0
2716	185	0
2717	224	0
2718	201	0
2719	190	0
2720	195	0
2721	194	0
2722	195	0
2723	197	0
2724	210	0
2725	189	0
2726	223	0
2727	197	0
2728	198	0
2729	191	0
2730	197	0
2731	210	0
2732	193	0
2733	216	0
2734	202	0
2735	205	0
2736	214	0
2737	169	0
2738	189	0
2739	211	0
2740	197	0
2741	203	0
2742	205	0
2743	216	0
2744	193	0
2745	204	0
2746	206	0
2747	181	0
2748	186	0
2749	206	0
2750	168	0
2751	221	0
2752	186	0
2753	214	0
2754	180	0
2755	200	0
2756	190	0
2757	186	0
2758	223	0
2759	195	0
2760	192	0
2761	200	0
2762	201	0
2763	198	0
2764	224	0
2765	180	0
2766	228	0
2767	200	0
2768	179	0
2769	178	0
2770	200	0
2771	172	0
2772	214	0
2773	190	0
2774	211	0
2775	204	0
2776	195	0
2777	187	0
2778	225	0
2779	206	0
2780	220	0
2781	217	0
2782	167	0
2783	172	0
2784	205	0
2785	185	0
2786	186	0
2787	223	0
2788	190	0
2789	225	0
2790	185	0
2791	202	0
2792	208	0
2793	213	0
2794	207	0
2795	208	0
2796	190	0
2797	192	0
2798	213	0
2799	218	0
2800	191	0
2801	173	0
2802	184	0
2803	182	0
2804	190	0
2805	203	0
2806	186	0
2807	228	0
2808	204	0
2809	197	0
2810	230	0
2811	202	0
2812	212	0
2813	203	0
2814	198	0
2815	222	0
2816	192	0
2817	203	0
2818	208	0
2819	191	0
2820	218	0
2821	223	0
2822	243	0
2823	219	0
2824	231	0
2825	220	0
2826	195	0
2827	192	0
2828	204	0
2829	192	0
2830	204	0
2831	218	0
2832	201	0
2833	205	0
2834	221	0
2835	188	0
2836	179	0
2837	192	0
2838	211	0
2839	223	0
2840	204	0
2841	217	0
2842	171	0
2843	216	0
2844	179	0
2845	186	0
2846	195	0
2847	204	0
2848	200	0
2849	189	0
2850	233	0
2851	197	0
2852	191	0
2853	223	0
2854	204	0
2855	188	0
2856	191	0
2857	180	0
2858	174	0
2859	195	0
2860	212	0
2861	182	0
2862	193	0
2863	195	0
2864	181	0
2865	237	0
2866	210	0
2867	204	0
2868	203	0
2869	200	0
2870	185	0
2871	204	0
2872	200	0
2873	205	0
2874	202	0
2875	194	0
2876	204	0
2877	199	0
2878	186	0
2879	223	0
2880	189	0
2881	197	0
2882	201	0
2883	230	0
2884	199	0
2885	201	0
2886	179	0
2887	172	0
2888	176	0
2889	200	0
2890	201	0
2891	185	0
2892	183	0
2893	222	0
2894	203	0
2895	193	0
2896	236	0
2897	198	0
2898	190	0
2899	196	0
2900	210	0
2901	233	0
2902	187	0
2903	168	0
2904	186	0
2905	205	0
2906	202	0
2907	207	0
2908	208	0
2909	226	0
2910	186	0
2911	205	0
2912	177	0
2913	210	0
2914	209	0
2915	187	0
2916	188	0
2917	207	0
2918	200	0
2919	205	0
2920	220	0
2921	176	0
2922	176	0
2923	188	0
2924	213	0
2925	211	0
2926	207	0
2927	195	0
2928	202	0
2929	220	0
2930	170	0
2931	199	0
2932	198	0
2933	183	0
2934	211	0
2935	185	0
2936	173	0
2937	202	0
2938	173	0
2939	174	0
2940	221	0
2941	214	0
2942	191	0
2943	187	0
2944	214	0
2945	207	0
2946	207	0
2947	210	0
2948	208	0
2949	186	0
2950	200	0
2951	206	0
2952	219	0
2953	194	0
2954	191	0
2955	196	0
2956	202	0
2957	187	0
2958	197	0
2959	184	0
2960	187	0
2961	179	0
2962	209	0
2963	227	0
2964	209	0
2965	203	0
2966	194	0
2967	190	0
2968	219	0
2969	226	0
2970	199	0
2971	185	0
2972	191	0
2973	205	0
2974	199	0
2975	201	0
2976	200	0
2977	191	0
2978	189	0
2979	207	0
2980	209	0
2981	198	0
2982	181	0
2983	181	0
2984	202	0
2985	218	0
2986	194	0
2987	191	0
2988	217	0
2989	218	0
2990	209	0
2991	197	0
2992	188	0
2993	180	0
2994	194	0
2995	185	0
2996	196	0
2997	208	0
2998	209	0
2999	192	0
3000	186	0
