1	218	0
2	211	0
3	191	0
4	195	0
5	218	0
6	213	0
7	182	0
8	193	0
9	196	0
10	212	0
11	199	0
12	220	0
13	194	0
14	182	0
15	186	0
16	202	0
17	203	0
18	210	0
19	224	0
20	230	0
21	210	0
22	222	0
23	234	0
24	227	0
25	199	0
26	229	0
27	209	0
28	199	0
29	200	0
30	230	0
31	174	0
32	214	0
33	192	0
34	194	0
35	217	0
36	205	0
37	203	0
38	212	0
39	190	0
40	180	0
41	207	0
42	221	0
43	201	0
44	205	0
45	215	0
46	213	0
47	177	0
48	200	0
49	200	0
50	221	0
51	195	0
52	207	0
53	207	0
54	205	0
55	193	0
56	219	0
57	224	0
58	209	0
59	204	0
60	222	0
61	226	0
62	196	0
63	206	0
64	209	0
65	203	0
66	228	0
67	192	0
68	211	0
69	219	0
70	225	0
71	181	0
72	213	0
73	203	0
74	201	0
75	204	0
76	217	0
77	191	0
78	186	0
79	227	0
80	215	0
81	187	0
82	205	0
83	185	0
84	196	0
85	223	0
86	199	0
87	215	0
88	208	0
89	205	0
90	204	0
91	177	0
92	204	0
93	202	0
94	203	0
95	192	0
96	196	0
97	217	0
98	215	0
99	225	0
100	206	0
101	210	0
102	209	0
103	171	0
104	187	0
105	205	0
106	175	0
107	191	0
108	229	0
109	205	0
110	205	0
111	205	0
112	187	0
113	190	0
114	201	0
115	229	0
116	218	0
117	215	0
118	203	0
119	231	0
120	226	0
121	198	0
122	180	0
123	223	0
124	195	0
125	182	0
126	247	0
127	237	0
128	206	0
129	219	0
130	221	0
131	177	0
132	196	0
133	204	0
134	222	0
135	184	0
136	200	0
137	194	0
138	212	0
139	199	0
140	193	0
141	174	0
142	207	0
143	217	0
144	217	0
145	186	0
146	208	0
147	209	0
148	170	0
149	209	0
150	222	0
151	211	0
152	200	0
153	194	0
154	193	0
155	191	0
156	210	0
157	186	0
158	196	0
159	180	0
160	212	0
161	182	0
162	176	0
163	175	0
164	232	0
165	213	0
166	215	0
167	220	0
168	200	0
169	215	0
170	200	0
171	220	0
172	184	0
173	202	0
174	205	0
175	208	0
176	191	0
177	200	0
178	217	0
179	201	0
180	222	0
181	215	0
182	184	0
183	210	0
184	208	0
185	190	0
186	205	0
187	220	0
188	219	0
189	186	0
190	223	0
191	199	0
192	205	0
193	190	0
194	178	0
195	206	0
196	197	0
197	228	0
198	205	0
199	210	0
200	204	0
201	176	0
202	204	0
203	215	0
204	235	0
205	188	0
206	202	0
207	211	0
208	201	0
209	187	0
210	213	0
211	200	0
212	170	0
213	213	0
214	208	0
215	192	0
216	216	0
217	196	0
218	215	0
219	215	0
220	187	0
221	193	0
222	188	0
223	203	0
224	194	0
225	180	0
226	233	0
227	206	0
228	198	0
229	212	0
230	210	0
231	212	0
232	232	0
233	180	0
234	219	0
235	194	0
236	185	0
237	220	0
238	214	0
239	194	0
240	206	0
241	198	0
242	206	0
243	230	0
244	193	0
245	195	0
246	189	0
247	199	0
248	184	0
249	217	0
250	202	0
251	209	0
252	224	0
253	172	0
254	212	0
255	209	0
256	200	0
257	196	0
258	209	0
259	203	0
260	185	0
261	194	0
262	212	0
263	183	0
264	215	0
265	195	0
266	201	0
267	215	0
268	221	0
269	207	0
270	209	0
271	193	0
272	191	0
273	197	0
274	186	0
275	212	0
276	207	0
277	192	0
278	176	0
279	214	0
280	189	0
281	219	0
282	187	0
283	198	0
284	200	0
285	211	0
286	198	0
287	209	0
288	191	0
289	225	0
290	188	0
291	188	0
292	194	0
293	218	0
294	177	0
295	194	0
296	196	0
297	192	0
298	185	0
299	232	0
300	195	0
301	224	0
302	213	0
303	172	0
304	175	0
305	201	0
306	188	0
307	212	0
308	192	0
309	185	0
310	166	0
311	211	0
312	206	0
313	193	0
314	191	0
315	231	0
316	211	0
317	206	0
318	229	0
319	179	0
320	178	0
321	228	0
322	215	0
323	199	0
324	192	0
325	213	0
326	194	0
327	214	0
328	235	0
329	224	0
330	211	0
331	214	0
332	203	0
333	209	0
334	195	0
335	209	0
336	222	0
337	205	0
338	177	0
339	213	0
340	210	0
341	223	0
342	181	0
343	190	0
344	193	0
345	205	0
346	219	0
347	234	0
348	205	0
349	204	0
350	213	0
351	183	0
352	189	0
353	197	0
354	211	0
355	210	0
356	220	0
357	221	0
358	208	0
359	193	0
360	160	0
361	202	0
362	194	0
363	186	0
364	231	0
365	221	0
366	204	0
367	186	0
368	213	0
369	188	0
370	235	0
371	199	0
372	198	0
373	188	0
374	215	0
375	203	0
376	181	0
377	233	0
378	214	0
379	216	0
380	206	0
381	214	0
382	202	0
383	219	0
384	194	0
385	236	0
386	202	0
387	207	0
388	198	0
389	194	0
390	188	0
391	198	0
392	220	0
393	192	0
394	200	0
395	222	0
396	198	0
397	205	0
398	195	0
399	219	0
400	208	0
401	214	0
402	200	0
403	183	0
404	181	0
405	207	0
406	210	0
407	230	0
408	204	0
409	189	0
410	222	0
411	184	0
412	213	0
413	227	0
414	192	0
415	218	0
416	182	0
417	181	0
418	196	0
419	237	0
420	215	0
421	216	0
422	179	0
423	192	0
424	184	0
425	225	0
426	193	0
427	192	0
428	177	0
429	209	0
430	220	0
431	205	0
432	205	0
433	249	0
434	200	0
435	246	0
436	185	0
437	214	0
438	209	0
439	226	0
440	206	0
441	177	0
442	215	0
443	195	0
444	203	0
445	205	0
446	187	0
447	202	0
448	212	0
449	232	0
450	226	0
451	199	0
452	198	0
453	191	0
454	172	0
455	172	0
456	193	0
457	185	0
458	199	0
459	203	0
460	189	0
461	207	0
462	201	0
463	250	0
464	194	0
465	182	0
466	210	0
467	212	0
468	207	0
469	221	0
470	183	0
471	209	0
472	196	0
473	217	0
474	196	0
475	198	0
476	216	0
477	185	0
478	177	0
479	220	0
480	231	0
481	221	0
482	214	0
483	208	0
484	222	0
485	198	0
486	188	0
487	208	0
488	209	0
489	185	0
490	196	0
491	233	0
492	175	0
493	236	0
494	199	0
495	199	0
496	201	0
497	184	0
498	206	0
499	192	0
500	208	0
501	180	0
502	186	0
503	209	0
504	199	0
505	193	0
506	194	0
507	196	0
508	186	0
509	193	0
510	215	0
511	215	0
512	213	0
513	222	0
514	185	0
515	196	0
516	202	0
517	188	0
518	201	0
519	226	0
520	197	0
521	190	0
522	181	0
523	197	0
524	203	0
525	233	0
526	205	0
527	181	0
528	209	0
529	181	0
530	191	0
531	189	0
532	193	0
533	196	0
534	233	0
535	216	0
536	213	0
537	209	0
538	196	0
539	195	0
540	205	0
541	194	0
542	193	0
543	184	0
544	224	0
545	209	0
546	219	0
547	190	0
548	192	0
549	206	0
550	215	0
551	210	0
552	221	0
553	230	0
554	194	0
555	196	0
556	188	0
557	201	0
558	184	0
559	217	0
560	214	0
561	213	0
562	213	0
563	197	0
564	217	0
565	196	0
566	181	0
567	224	0
568	194	0
569	179	0
570	227	0
571	220	0
572	189	0
573	208	0
574	216	0
575	220	0
576	215	0
577	172	0
578	192	0
579	211	0
580	200	0
581	200	0
582	211	0
583	171	0
584	217	0
585	202	0
586	191	0
587	190	0
588	216	0
589	213	0
590	227	0
591	215	0
592	206	0
593	196	0
594	212	0
595	195	0
596	187	0
597	204	0
598	209	0
599	167	0
600	225	0
601	184	0
602	215	0
603	208	0
604	184	0
605	188	0
606	201	0
607	214	0
608	216	0
609	194	0
610	190	0
611	182	0
612	206	0
613	222	0
614	190	0
615	189	0
616	214	0
617	199	0
618	211	0
619	202	0
620	190	0
621	196	0
622	207	0
623	237	0
624	221	0
625	224	0
626	229	0
627	203	0
628	196	0
629	212	0
630	217	0
631	186	0
632	195	0
633	226	0
634	186	0
635	212	0
636	181	0
637	201	0
638	182	0
639	222	0
640	236	0
641	202	0
642	201	0
643	213	0
644	213	0
645	221	0
646	220	0
647	205	0
648	194	0
649	209	0
650	214	0
651	221	0
652	187	0
653	208	0
654	220	0
655	207	0
656	205	0
657	191	0
658	193	0
659	218	0
660	215	0
661	188	0
662	203	0
663	200	0
664	211	0
665	208	0
666	207	0
667	228	0
668	190	0
669	206	0
670	195	0
671	216	0
672	188	0
673	221	0
674	176	0
675	187	0
676	208	0
677	198	0
678	207	0
679	194	0
680	204	0
681	237	0
682	219	0
683	190	0
684	203	0
685	197	0
686	198	0
687	200	0
688	200	0
689	175	0
690	193	0
691	179	0
692	201	0
693	208	0
694	192	0
695	212	0
696	183	0
697	183	0
698	217	0
699	188	0
700	199	0
701	198	0
702	203	0
703	199	0
704	192	0
705	212	0
706	207	0
707	219	0
708	188	0
709	185	0
710	198	0
711	205	0
712	227	0
713	209	0
714	198	0
715	196	0
716	235	0
717	215	0
718	221	0
719	219	0
720	193	0
721	229	0
722	209	0
723	216	0
724	226	0
725	204	0
726	207	0
727	202	0
728	219	0
729	233	0
730	208	0
731	197	0
732	208	0
733	201	0
734	200	0
735	191	0
736	188	0
737	205	0
738	197	0
739	227	0
740	196	0
741	206	0
742	202	0
743	206	0
744	206	0
745	213	0
746	224	0
747	212	0
748	205	0
749	220	0
750	206	0
751	191	0
752	229	0
753	214	0
754	172	0
755	220	0
756	183	0
757	252	0
758	192	0
759	192	0
760	222	0
761	213	0
762	217	0
763	211	0
764	209	0
765	208	0
766	216	0
767	199	0
768	213	0
769	190	0
770	208	0
771	196	0
772	224	0
773	206	0
774	173	0
775	223	0
776	217	0
777	184	0
778	189	0
779	211	0
780	211	0
781	202	0
782	198	0
783	209	0
784	194	0
785	228	0
786	199	0
787	206	0
788	211	0
789	188	0
790	180	0
791	198	0
792	183	0
793	215	0
794	216	0
795	186	0
796	179	0
797	194	0
798	198	0
799	191	0
800	177	0
801	201	0
802	198	0
803	193	0
804	194	0
805	220	0
806	226	0
807	180	0
808	211	0
809	239	0
810	179	0
811	221	0
812	182	0
813	194	0
814	219	0
815	200	0
816	217	0
817	232	0
818	226	0
819	186	0
820	207	0
821	208	0
822	220	0
823	217	0
824	212	0
825	206	0
826	196	0
827	187	0
828	218	0
829	181	0
830	208	0
831	217	0
832	215	0
833	182	0
834	185	0
835	187	0
836	200	0
837	202	0
838	218	0
839	214	0
840	190	0
841	215	0
842	194	0
843	215	0
844	197	0
845	193	0
846	200	0
847	197	0
848	211	0
849	198	0
850	227	0
851	214	0
852	193	0
853	237	0
854	197	0
855	211	0
856	183	0
857	186	0
858	221	0
859	233	0
860	180	0
861	213	0
862	204	0
863	197	0
864	194	0
865	213	0
866	214	0
867	198	0
868	206	0
869	225	0
870	201	0
871	198	0
872	200	0
873	205	0
874	199	0
875	219	0
876	208	0
877	183	0
878	200	0
879	214	0
880	213	0
881	181	0
882	182	0
883	181	0
884	216	0
885	207	0
886	192	0
887	232	0
888	200	0
889	202	0
890	214	0
891	203	0
892	195	0
893	213	0
894	212	0
895	207	0
896	213	0
897	183	0
898	193	0
899	196	0
900	228	0
901	243	0
902	197	0
903	209	0
904	203	0
905	196	0
906	205	0
907	201	0
908	198	0
909	216	0
910	217	0
911	212	0
912	183	0
913	204	0
914	207	0
915	190	0
916	244	0
917	213	0
918	226	0
919	210	0
920	200	0
921	192	0
922	180	0
923	213	0
924	198	0
925	230	0
926	177	0
927	200	0
928	210	0
929	194	0
930	217	0
931	219	0
932	200	0
933	194	0
934	220	0
935	214	0
936	203	0
937	199	0
938	183	0
939	179	0
940	195	0
941	209	0
942	198	0
943	188	0
944	201	0
945	212	0
946	210	0
947	195	0
948	210	0
949	189	0
950	215	0
951	200	0
952	194	0
953	225	0
954	205	0
955	170	0
956	190	0
957	211	0
958	202	0
959	215	0
960	209	0
961	195	0
962	218	0
963	203	0
964	214	0
965	210	0
966	184	0
967	178	0
968	189	0
969	226	0
970	224	0
971	210	0
972	222	0
973	179	0
974	204	0
975	198	0
976	221	0
977	204	0
978	213	0
979	189	0
980	209	0
981	203	0
982	196	0
983	210	0
984	206	0
985	192	0
986	193	0
987	222	0
988	221	0
989	199	0
990	213	0
991	230	0
992	181	0
993	190	0
994	188	0
995	195	0
996	202	0
997	209	0
998	223	0
999	200	0
1000	208	0
1001	176	0
1002	175	0
1003	203	0
1004	211	0
1005	200	0
1006	183	0
1007	191	0
1008	198	0
1009	182	0
1010	203	0
1011	197	0
1012	217	0
1013	214	0
1014	193	0
1015	199	0
1016	230	0
1017	202	0
1018	171	0
1019	186	0
1020	210	0
1021	206	0
1022	194	0
1023	164	0
1024	204	0
1025	189	0
1026	196	0
1027	185	0
1028	191	0
1029	214	0
1030	190	0
1031	202	0
1032	212	0
1033	211	0
1034	213	0
1035	204	0
1036	186	0
1037	203	0
1038	196	0
1039	212	0
1040	195	0
1041	189	0
1042	205	0
1043	215	0
1044	207	0
1045	226	0
1046	210	0
1047	194	0
1048	210	0
1049	207	0
1050	208	0
1051	198	0
1052	208	0
1053	207	0
1054	188	0
1055	199	0
1056	208	0
1057	187	0
1058	187	0
1059	229	0
1060	197	0
1061	201	0
1062	200	0
1063	218	0
1064	193	0
1065	186	0
1066	206	0
1067	201	0
1068	197	0
1069	176	0
1070	207	0
1071	190	0
1072	212	0
1073	216	0
1074	206	0
1075	199	0
1076	189	0
1077	198	0
1078	198	0
1079	233	0
1080	207	0
1081	181	0
1082	201	0
1083	203	0
1084	202	0
1085	214	0
1086	231	0
1087	222	0
1088	208	0
1089	201	0
1090	207	0
1091	195	0
1092	214	0
1093	191	0
1094	210	0
1095	237	0
1096	194	0
1097	211	0
1098	185	0
1099	205	0
1100	205	0
1101	206	0
1102	177	0
1103	209	0
1104	217	0
1105	204	0
1106	227	0
1107	202	0
1108	199	0
1109	212	0
1110	201	0
1111	208	0
1112	190	0
1113	193	0
1114	220	0
1115	204	0
1116	200	0
1117	210	0
1118	195	0
1119	172	0
1120	225	0
1121	184	0
1122	207	0
1123	205	0
1124	207	0
1125	201	0
1126	188	0
1127	209	0
1128	202	0
1129	217	0
1130	206	0
1131	206	0
1132	227	0
1133	181	0
1134	216	0
1135	216	0
1136	230	0
1137	197	0
1138	200	0
1139	206	0
1140	219	0
1141	216	0
1142	189	0
1143	210	0
1144	199	0
1145	182	0
1146	205	0
1147	182	0
1148	197	0
1149	206	0
1150	201	0
1151	212	0
1152	209	0
1153	197	0
1154	204	0
1155	189	0
1156	193	0
1157	183	0
1158	218	0
1159	199	0
1160	193	0
1161	200	0
1162	208	0
1163	215	0
1164	207	0
1165	205	0
1166	196	0
1167	179	0
1168	195	0
1169	192	0
1170	212	0
1171	195	0
1172	216	0
1173	176	0
1174	219	0
1175	225	0
1176	173	0
1177	190	0
1178	195	0
1179	179	0
1180	208	0
1181	191	0
1182	201	0
1183	214	0
1184	204	0
1185	184	0
1186	217	0
1187	232	0
1188	232	0
1189	193	0
1190	204	0
1191	221	0
1192	205	0
1193	201	0
1194	213	0
1195	180	0
1196	207	0
1197	200	0
1198	180	0
1199	188	0
1200	209	0
1201	184	0
1202	196	0
1203	208	0
1204	212	0
1205	217	0
1206	211	0
1207	171	0
1208	205	0
1209	203	0
1210	214	0
1211	211	0
1212	198	0
1213	190	0
1214	208	0
1215	219	0
1216	214	0
1217	218	0
1218	189	0
1219	206	0
1220	172	0
1221	207	0
1222	206	0
1223	196	0
1224	175	0
1225	198	0
1226	189	0
1227	197	0
1228	211	0
1229	188	0
1230	220	0
1231	202	0
1232	213	0
1233	196	0
1234	229	0
1235	190	0
1236	209	0
1237	190	0
1238	217	0
1239	196	0
1240	218	0
1241	196	0
1242	215	0
1243	213	0
1244	206	0
1245	192	0
1246	221	0
1247	213	0
1248	211	0
1249	195	0
1250	186	0
1251	197	0
1252	197	0
1253	205	0
1254	199	0
1255	196	0
1256	236	0
1257	185	0
1258	172	0
1259	197	0
1260	191	0
1261	202	0
1262	233	0
1263	194	0
1264	212	0
1265	214	0
1266	179	0
1267	191	0
1268	216	0
1269	198	0
1270	184	0
1271	200	0
1272	179	0
1273	183	0
1274	220	0
1275	201	0
1276	191	0
1277	217	0
1278	175	0
1279	222	0
1280	215	0
1281	210	0
1282	169	0
1283	193	0
1284	197	0
1285	208	0
1286	182	0
1287	176	0
1288	239	0
1289	186	0
1290	192	0
1291	201	0
1292	213	0
1293	187	0
1294	200	0
1295	235	0
1296	229	0
1297	196	0
1298	197	0
1299	201	0
1300	219	0
1301	212	0
1302	224	0
1303	227	0
1304	177	0
1305	189	0
1306	208	0
1307	197	0
1308	196	0
1309	179	0
1310	209	0
1311	216	0
1312	213	0
1313	217	0
1314	212	0
1315	232	0
1316	192	0
1317	203	0
1318	219	0
1319	207	0
1320	188	0
1321	196	0
1322	211	0
1323	187	0
1324	221	0
1325	191	0
1326	201	0
1327	184	0
1328	191	0
1329	200	0
1330	182	0
1331	202	0
1332	233	0
1333	246	0
1334	192	0
1335	179	0
1336	205	0
1337	222	0
1338	208	0
1339	170	0
1340	207	0
1341	223	0
1342	204	0
1343	204	0
1344	207	0
1345	207	0
1346	207	0
1347	206	0
1348	208	0
1349	188	0
1350	211	0
1351	191	0
1352	216	0
1353	211	0
1354	207	0
1355	234	0
1356	196	0
1357	194	0
1358	206	0
1359	196	0
1360	197	0
1361	179	0
1362	211	0
1363	203	0
1364	194	0
1365	215	0
1366	211	0
1367	196	0
1368	207	0
1369	183	0
1370	191	0
1371	200	0
1372	198	0
1373	222	0
1374	215	0
1375	192	0
1376	209	0
1377	166	0
1378	190	0
1379	198	0
1380	165	0
1381	196	0
1382	213	0
1383	214	0
1384	194	0
1385	186	0
1386	205	0
1387	221	0
1388	209	0
1389	196	0
1390	179	0
1391	207	0
1392	210	0
1393	196	0
1394	208	0
1395	217	0
1396	189	0
1397	206	0
1398	216	0
1399	194	0
1400	225	0
1401	203	0
1402	214	0
1403	183	0
1404	203	0
1405	173	0
1406	206	0
1407	208	0
1408	201	0
1409	192	0
1410	189	0
1411	189	0
1412	210	0
1413	202	0
1414	223	0
1415	167	0
1416	203	0
1417	200	0
1418	171	0
1419	211	0
1420	200	0
1421	204	0
1422	187	0
1423	176	0
1424	202	0
1425	188	0
1426	195	0
1427	220	0
1428	187	0
1429	207	0
1430	189	0
1431	215	0
1432	200	0
1433	212	0
1434	246	0
1435	219	0
1436	201	0
1437	175	0
1438	198	0
1439	197	0
1440	190	0
1441	209	0
1442	212	0
1443	213	0
1444	191	0
1445	228	0
1446	203	0
1447	189	0
1448	238	0
1449	198	0
1450	192	0
1451	195	0
1452	209	0
1453	207	0
1454	222	0
1455	210	0
1456	211	0
1457	193	0
1458	184	0
1459	201	0
1460	214	0
1461	204	0
1462	181	0
1463	222	0
1464	179	0
1465	184	0
1466	184	0
1467	193	0
1468	200	0
1469	195	0
1470	216	0
1471	206	0
1472	196	0
1473	222	0
1474	221	0
1475	183	0
1476	218	0
1477	202	0
1478	205	0
1479	205	0
1480	195	0
1481	228	0
1482	234	0
1483	185	0
1484	181	0
1485	166	0
1486	203	0
1487	230	0
1488	193	0
1489	207	0
1490	216	0
1491	200	0
1492	215	0
1493	215	0
1494	212	0
1495	232	0
1496	197	0
1497	180	0
1498	178	0
1499	203	0
1500	226	0
1501	200	0
1502	209	0
1503	189	0
1504	214	0
1505	206	0
1506	219	0
1507	189	0
1508	235	0
1509	219	0
1510	181	0
1511	202	0
1512	243	0
1513	184	0
1514	208	0
1515	193	0
1516	210	0
1517	223	0
1518	187	0
1519	184	0
1520	219	0
1521	172	0
1522	201	0
1523	209	0
1524	223	0
1525	193	0
1526	204	0
1527	206	0
1528	200	0
1529	205	0
1530	192	0
1531	194	0
1532	174	0
1533	189	0
1534	211	0
1535	191	0
1536	195	0
1537	206	0
1538	213	0
1539	202	0
1540	209	0
1541	213	0
1542	204	0
1543	188	0
1544	226	0
1545	190	0
1546	215	0
1547	204	0
1548	200	0
1549	213	0
1550	191	0
1551	193	0
1552	222	0
1553	189	0
1554	210	0
1555	206	0
1556	211	0
1557	201	0
1558	223	0
1559	211	0
1560	186	0
1561	181	0
1562	192	0
1563	201	0
1564	199	0
1565	210	0
1566	181	0
1567	182	0
1568	199	0
1569	202	0
1570	189	0
1571	208	0
1572	200	0
1573	192	0
1574	219	0
1575	207	0
1576	194	0
1577	211	0
1578	187	0
1579	178	0
1580	197	0
1581	208	0
1582	207	0
1583	193	0
1584	204	0
1585	208	0
1586	199	0
1587	194	0
1588	203	0
1589	195	0
1590	230	0
1591	192	0
1592	195	0
1593	179	0
1594	185	0
1595	198	0
1596	210	0
1597	191	0
1598	222	0
1599	201	0
1600	213	0
1601	186	0
1602	213	0
1603	223	0
1604	208	0
1605	192	0
1606	190	0
1607	189	0
1608	224	0
1609	215	0
1610	192	0
1611	197	0
1612	211	0
1613	195	0
1614	195	0
1615	172	0
1616	178	0
1617	181	0
1618	181	0
1619	171	0
1620	195	0
1621	202	0
1622	214	0
1623	181	0
1624	219	0
1625	185	0
1626	184	0
1627	205	0
1628	224	0
1629	193	0
1630	211	0
1631	231	0
1632	206	0
1633	208	0
1634	204	0
1635	185	0
1636	206	0
1637	197	0
1638	213	0
1639	210	0
1640	222	0
1641	183	0
1642	200	0
1643	208	0
1644	197	0
1645	198	0
1646	201	0
1647	213	0
1648	200	0
1649	185	0
1650	201	0
1651	201	0
1652	184	0
1653	205	0
1654	198	0
1655	204	0
1656	214	0
1657	219	0
1658	207	0
1659	205	0
1660	197	0
1661	216	0
1662	200	0
1663	192	0
1664	211	0
1665	211	0
1666	227	0
1667	215	0
1668	198	0
1669	210	0
1670	223	0
1671	199	0
1672	202	0
1673	193	0
1674	208	0
1675	185	0
1676	225	0
1677	189	0
1678	178	0
1679	212	0
1680	213	0
1681	190	0
1682	211	0
1683	191	0
1684	213	0
1685	218	0
1686	187	0
1687	217	0
1688	196	0
1689	211	0
1690	213	0
1691	192	0
1692	196	0
1693	196	0
1694	202	0
1695	196	0
1696	218	0
1697	196	0
1698	189	0
1699	201	0
1700	217	0
1701	183	0
1702	215	0
1703	202	0
1704	191	0
1705	215	0
1706	195	0
1707	189	0
1708	219	0
1709	188	0
1710	220	0
1711	225	0
1712	192	0
1713	194	0
1714	220	0
1715	181	0
1716	213	0
1717	206	0
1718	233	0
1719	203	0
1720	201	0
1721	193	0
1722	225	0
1723	212	0
1724	213	0
1725	204	0
1726	206	0
1727	196	0
1728	203	0
1729	209	0
1730	196	0
1731	204	0
1732	199	0
1733	198	0
1734	212	0
1735	222	0
1736	211	0
1737	223	0
1738	218	0
1739	223	0
1740	192	0
1741	206	0
1742	189	0
1743	185	0
1744	209	0
1745	179	0
1746	198	0
1747	193	0
1748	209	0
1749	200	0
1750	181	0
1751	204	0
1752	195	0
1753	215	0
1754	207	0
1755	205	0
1756	174	0
1757	205	0
1758	216	0
1759	179	0
1760	209	0
1761	200	0
1762	221	0
1763	212	0
1764	218	0
1765	195	0
1766	211	0
1767	181	0
1768	197	0
1769	189	0
1770	188	0
1771	186	0
1772	207	0
1773	184	0
1774	207	0
1775	193	0
1776	201	0
1777	235	0
1778	178	0
1779	204	0
1780	182	0
1781	204	0
1782	215	0
1783	223	0
1784	209	0
1785	198	0
1786	223	0
1787	213	0
1788	217	0
1789	197	0
1790	225	0
1791	187	0
1792	199	0
1793	211	0
1794	197	0
1795	212	0
1796	231	0
1797	210	0
1798	225	0
1799	218	0
1800	223	0
1801	205	0
1802	204	0
1803	200	0
1804	211	0
1805	194	0
1806	189	0
1807	185	0
1808	208	0
1809	209	0
1810	218	0
1811	200	0
1812	196	0
1813	197	0
1814	204	0
1815	205	0
1816	190	0
1817	205	0
1818	210	0
1819	205	0
1820	202	0
1821	224	0
1822	216	0
1823	216	0
1824	231	0
1825	189	0
1826	235	0
1827	185	0
1828	204	0
1829	213	0
1830	218	0
1831	225	0
1832	220	0
1833	202	0
1834	216	0
1835	211	0
1836	217	0
1837	181	0
1838	204	0
1839	222	0
1840	197	0
1841	187	0
1842	215	0
1843	220	0
1844	191	0
1845	220	0
1846	208	0
1847	185	0
1848	225	0
1849	206	0
1850	191	0
1851	212	0
1852	203	0
1853	215	0
1854	188	0
1855	196	0
1856	184	0
1857	186	0
1858	183	0
1859	216	0
1860	208	0
1861	197	0
1862	207	0
1863	221	0
1864	213	0
1865	192	0
1866	170	0
1867	214	0
1868	197	0
1869	208	0
1870	197	0
1871	182	0
1872	205	0
1873	195	0
1874	211	0
1875	214	0
1876	207	0
1877	205	0
1878	227	0
1879	213	0
1880	207	0
1881	213	0
1882	193	0
1883	205	0
1884	200	0
1885	196	0
1886	186	0
1887	205	0
1888	211	0
1889	191	0
1890	202	0
1891	196	0
1892	215	0
1893	206	0
1894	207	0
1895	189	0
1896	214	0
1897	197	0
1898	218	0
1899	213	0
1900	201	0
1901	202	0
1902	205	0
1903	206	0
1904	243	0
1905	216	0
1906	186	0
1907	181	0
1908	217	0
1909	203	0
1910	205	0
1911	193	0
1912	180	0
1913	214	0
1914	217	0
1915	202	0
1916	201	0
1917	203	0
1918	192	0
1919	199	0
1920	205	0
1921	196	0
1922	185	0
1923	190	0
1924	219	0
1925	201	0
1926	197	0
1927	194	0
1928	228	0
1929	210	0
1930	208	0
1931	196	0
1932	147	0
1933	227	0
1934	181	0
1935	200	0
1936	217	0
1937	194	0
1938	242	0
1939	214	0
1940	194	0
1941	203	0
1942	194	0
1943	224	0
1944	219	0
1945	189	0
1946	200	0
1947	196	0
1948	205	0
1949	209	0
1950	217	0
1951	242	0
1952	224	0
1953	205	0
1954	199	0
1955	186	0
1956	218	0
1957	208	0
1958	227	0
1959	190	0
1960	185	0
1961	222	0
1962	215	0
1963	216	0
1964	197	0
1965	197	0
1966	210	0
1967	185	0
1968	185	0
1969	225	0
1970	179	0
1971	180	0
1972	222	0
1973	201	0
1974	217	0
1975	207	0
1976	203	0
1977	200	0
1978	179	0
1979	195	0
1980	209	0
1981	183	0
1982	189	0
1983	218	0
1984	199	0
1985	178	0
1986	201	0
1987	224	0
1988	197	0
1989	195	0
1990	206	0
1991	223	0
1992	233	0
1993	206	0
1994	187	0
1995	217	0
1996	210	0
1997	208	0
1998	209	0
1999	224	0
2000	223	0
2001	202	0
2002	195	0
2003	210	0
2004	197	0
2005	194	0
2006	205	0
2007	205	0
2008	192	0
2009	232	0
2010	212	0
2011	196	0
2012	233	0
2013	208	0
2014	197	0
2015	169	0
2016	195	0
2017	211	0
2018	181	0
2019	206	0
2020	199	0
2021	215	0
2022	181	0
2023	207	0
2024	193	0
2025	228	0
2026	184	0
2027	217	0
2028	194	0
2029	238	0
2030	177	0
2031	220	0
2032	208	0
2033	203	0
2034	202	0
2035	217	0
2036	191	0
2037	207	0
2038	184	0
2039	218	0
2040	232	0
2041	194	0
2042	173	0
2043	191	0
2044	199	0
2045	212	0
2046	207	0
2047	204	0
2048	186	0
2049	194	0
2050	201	0
2051	203	0
2052	189	0
2053	203	0
2054	225	0
2055	202	0
2056	199	0
2057	215	0
2058	183	0
2059	183	0
2060	223	0
2061	208	0
2062	192	0
2063	187	0
2064	223	0
2065	192	0
2066	185	0
2067	204	0
2068	213	0
2069	189	0
2070	185	0
2071	197	0
2072	207	0
2073	190	0
2074	197	0
2075	222	0
2076	189	0
2077	202	0
2078	212	0
2079	204	0
2080	227	0
2081	215	0
2082	196	0
2083	217	0
2084	224	0
2085	198	0
2086	190	0
2087	227	0
2088	200	0
2089	215	0
2090	213	0
2091	191	0
2092	217	0
2093	192	0
2094	214	0
2095	232	0
2096	198	0
2097	197	0
2098	190	0
2099	159	0
2100	218	0
2101	201	0
2102	197	0
2103	189	0
2104	181	0
2105	190	0
2106	188	0
2107	176	0
2108	193	0
2109	219	0
2110	210	0
2111	196	0
2112	185	0
2113	195	0
2114	212	0
2115	221	0
2116	189	0
2117	188	0
2118	204	0
2119	203	0
2120	177	0
2121	189	0
2122	198	0
2123	218	0
2124	186	0
2125	217	0
2126	199	0
2127	210	0
2128	189	0
2129	197	0
2130	195	0
2131	193	0
2132	187	0
2133	188	0
2134	200	0
2135	209	0
2136	200	0
2137	232	0
2138	198	0
2139	197	0
2140	210	0
2141	193	0
2142	189	0
2143	227	0
2144	197	0
2145	210	0
2146	174	0
2147	201	0
2148	203	0
2149	171	0
2150	202	0
2151	179	0
2152	197	0
2153	214	0
2154	193	0
2155	196	0
2156	225	0
2157	197	0
2158	220	0
2159	209	0
2160	200	0
2161	219	0
2162	216	0
2163	222	0
2164	206	0
2165	210	0
2166	206	0
2167	211	0
2168	211	0
2169	180	0
2170	188	0
2171	206	0
2172	213	0
2173	199	0
2174	201	0
2175	197	0
2176	199	0
2177	214	0
2178	204	0
2179	222	0
2180	205	0
2181	196	0
2182	202	0
2183	208	0
2184	210	0
2185	196	0
2186	201	0
2187	211	0
2188	199	0
2189	227	0
2190	230	0
2191	183	0
2192	210	0
2193	218	0
2194	183	0
2195	193	0
2196	209	0
2197	196	0
2198	204	0
2199	198	0
2200	223	0
2201	204	0
2202	196	0
2203	196	0
2204	202	0
2205	225	0
2206	215	0
2207	199	0
2208	220	0
2209	208	0
2210	199	0
2211	200	0
2212	225	0
2213	229	0
2214	233	0
2215	208	0
2216	194	0
2217	222	0
2218	197	0
2219	192	0
2220	189	0
2221	191	0
2222	187	0
2223	188	0
2224	190	0
2225	197	0
2226	212	0
2227	191	0
2228	200	0
2229	223	0
2230	181	0
2231	178	0
2232	206	0
2233	206	0
2234	216	0
2235	210	0
2236	209	0
2237	201	0
2238	185	0
2239	235	0
2240	224	0
2241	195	0
2242	178	0
2243	210	0
2244	211	0
2245	216	0
2246	195	0
2247	211	0
2248	230	0
2249	218	0
2250	216	0
2251	219	0
2252	195	0
2253	189	0
2254	194	0
2255	204	0
2256	206	0
2257	227	0
2258	243	0
2259	207	0
2260	194	0
2261	195	0
2262	180	0
2263	180	0
2264	203	0
2265	213	0
2266	191	0
2267	220	0
2268	194	0
2269	197	0
2270	198	0
2271	193	0
2272	185	0
2273	225	0
2274	233	0
2275	242	0
2276	209	0
2277	199	0
2278	209	0
2279	224	0
2280	194	0
2281	181	0
2282	185	0
2283	207	0
2284	195	0
2285	213	0
2286	213	0
2287	210	0
2288	202	0
2289	199	0
2290	205	0
2291	188	0
2292	212	0
2293	195	0
2294	181	0
2295	206	0
2296	226	0
2297	227	0
2298	190	0
2299	206	0
2300	204	0
2301	196	0
2302	208	0
2303	227	0
2304	204	0
2305	204	0
2306	194	0
2307	197	0
2308	198	0
2309	198	0
2310	215	0
2311	219	0
2312	214	0
2313	201	0
2314	218	0
2315	220	0
2316	217	0
2317	192	0
2318	204	0
2319	214	0
2320	193	0
2321	201	0
2322	203	0
2323	188	0
2324	213	0
2325	201	0
2326	193	0
2327	197	0
2328	211	0
2329	210	0
2330	197	0
2331	217	0
2332	227	0
2333	195	0
2334	202	0
2335	203	0
2336	214	0
2337	217	0
2338	187	0
2339	192	0
2340	233	0
2341	176	0
2342	178	0
2343	196	0
2344	216	0
2345	215	0
2346	193	0
2347	189	0
2348	211	0
2349	203	0
2350	179	0
2351	164	0
2352	190	0
2353	178	0
2354	215	0
2355	216	0
2356	238	0
2357	205	0
2358	223	0
2359	182	0
2360	225	0
2361	216	0
2362	196	0
2363	194	0
2364	238	0
2365	174	0
2366	208	0
2367	203	0
2368	179	0
2369	201	0
2370	190	0
2371	208	0
2372	191	0
2373	205	0
2374	218	0
2375	193	0
2376	203	0
2377	199	0
2378	201	0
2379	187	0
2380	187	0
2381	204	0
2382	231	0
2383	208	0
2384	202	0
2385	173	0
2386	195	0
2387	234	0
2388	208	0
2389	200	0
2390	197	0
2391	207	0
2392	208	0
2393	213	0
2394	186	0
2395	189	0
2396	189	0
2397	184	0
2398	218	0
2399	192	0
2400	226	0
2401	219	0
2402	201	0
2403	192	0
2404	202	0
2405	196	0
2406	220	0
2407	209	0
2408	219	0
2409	221	0
2410	200	0
2411	218	0
2412	188	0
2413	191	0
2414	202	0
2415	220	0
2416	204	0
2417	196	0
2418	216	0
2419	195	0
2420	191	0
2421	220	0
2422	208	0
2423	181	0
2424	187	0
2425	222	0
2426	188	0
2427	175	0
2428	201	0
2429	178	0
2430	245	0
2431	208	0
2432	225	0
2433	201	0
2434	194	0
2435	242	0
2436	190	0
2437	185	0
2438	202	0
2439	191	0
2440	205	0
2441	196	0
2442	172	0
2443	210	0
2444	196	0
2445	175	0
2446	198	0
2447	216	0
2448	204	0
2449	213	0
2450	219	0
2451	200	0
2452	207	0
2453	171	0
2454	222	0
2455	194	0
2456	190	0
2457	200	0
2458	225	0
2459	192	0
2460	186	0
2461	210	0
2462	223	0
2463	201	0
2464	204	0
2465	221	0
2466	191	0
2467	221	0
2468	198	0
2469	206	0
2470	182	0
2471	191	0
2472	190	0
2473	224	0
2474	185	0
2475	184	0
2476	248	0
2477	169	0
2478	159	0
2479	213	0
2480	201	0
2481	198	0
2482	185	0
2483	227	0
2484	180	0
2485	185	0
2486	201	0
2487	184	0
2488	210	0
2489	177	0
2490	207	0
2491	216	0
2492	174	0
2493	200	0
2494	197	0
2495	206	0
2496	189	0
2497	216	0
2498	210	0
2499	178	0
2500	210	0
2501	182	0
2502	190	0
2503	197	0
2504	178	0
2505	192	0
2506	193	0
2507	184	0
2508	218	0
2509	225	0
2510	215	0
2511	210	0
2512	200	0
2513	218	0
2514	190	0
2515	221	0
2516	209	0
2517	224	0
2518	217	0
2519	197	0
2520	194	0
2521	205	0
2522	189	0
2523	187	0
2524	176	0
2525	216	0
2526	205	0
2527	181	0
2528	188	0
2529	200	0
2530	218	0
2531	218	0
2532	213	0
2533	198	0
2534	210	0
2535	211	0
2536	237	0
2537	204	0
2538	222	0
2539	180	0
2540	207	0
2541	220	0
2542	216	0
2543	193	0
2544	192	0
2545	195	0
2546	192	0
2547	179	0
2548	195	0
2549	168	0
2550	198	0
2551	194	0
2552	209	0
2553	178	0
2554	189	0
2555	233	0
2556	211	0
2557	204	0
2558	196	0
2559	210	0
2560	204	0
2561	188	0
2562	221	0
2563	183	0
2564	177	0
2565	207	0
2566	185	0
2567	190	0
2568	202	0
2569	196	0
2570	190	0
2571	211	0
2572	207	0
2573	220	0
2574	194	0
2575	196	0
2576	201	0
2577	239	0
2578	193	0
2579	193	0
2580	224	0
2581	207	0
2582	200	0
2583	229	0
2584	194	0
2585	180	0
2586	201	0
2587	209	0
2588	213	0
2589	193	0
2590	204	0
2591	192	0
2592	197	0
2593	181	0
2594	196	0
2595	188	0
2596	224	0
2597	195	0
2598	214	0
2599	217	0
2600	192	0
2601	193	0
2602	183	0
2603	221	0
2604	218	0
2605	201	0
2606	229	0
2607	181	0
2608	214	0
2609	185	0
2610	220	0
2611	199	0
2612	223	0
2613	199	0
2614	192	0
2615	192	0
2616	195	0
2617	225	0
2618	207	0
2619	183	0
2620	196	0
2621	195	0
2622	180	0
2623	179	0
2624	209	0
2625	175	0
2626	214	0
2627	196	0
2628	200	0
2629	210	0
2630	213	0
2631	200	0
2632	200	0
2633	196	0
2634	201	0
2635	198	0
2636	220	0
2637	188	0
2638	204	0
2639	184	0
2640	217	0
2641	186	0
2642	216	0
2643	207	0
2644	213	0
2645	221	0
2646	204	0
2647	218	0
2648	185	0
2649	226	0
2650	187	0
2651	216	0
2652	191	0
2653	228	0
2654	189	0
2655	217	0
2656	211	0
2657	201	0
2658	203	0
2659	192	0
2660	205	0
2661	192	0
2662	207	0
2663	217	0
2664	219	0
2665	197	0
2666	213	0
2667	216	0
2668	210	0
2669	200	0
2670	205	0
2671	182	0
2672	195	0
2673	207	0
2674	238	0
2675	220	0
2676	190	0
2677	198	0
2678	195	0
2679	204	0
2680	224	0
2681	195	0
2682	181	0
2683	229	0
2684	218	0
2685	214	0
2686	218	0
2687	189	0
2688	194	0
2689	210	0
2690	214	0
2691	208	0
2692	182	0
2693	201	0
2694	188	0
2695	201	0
2696	174	0
2697	203	0
2698	203	0
2699	212	0
2700	222	0
2701	227	0
2702	181	0
2703	206	0
2704	210	0
2705	221	0
2706	210	0
2707	217	0
2708	214	0
2709	172	0
2710	214	0
2711	206	0
2712	228	0
2713	197	0
2714	179	0
2715	215	0
2716	183	0
2717	219	0
2718	205	0
2719	217	0
2720	197	0
2721	223	0
2722	204	0
2723	188	0
2724	175	0
2725	203	0
2726	214	0
2727	188	0
2728	227	0
2729	203	0
2730	219	0
2731	187	0
2732	200	0
2733	208	0
2734	213	0
2735	209	0
2736	181	0
2737	205	0
2738	208	0
2739	205	0
2740	175	0
2741	206	0
2742	194	0
2743	190	0
2744	175	0
2745	217	0
2746	199	0
2747	212	0
2748	229	0
2749	220	0
2750	185	0
2751	191	0
2752	210	0
2753	197	0
2754	200	0
2755	177	0
2756	195	0
2757	180	0
2758	181	0
2759	188	0
2760	203	0
2761	197	0
2762	200	0
2763	221	0
2764	191	0
2765	186	0
2766	196	0
2767	187	0
2768	223	0
2769	209	0
2770	199	0
2771	218	0
2772	228	0
2773	200	0
2774	229	0
2775	200	0
2776	230	0
2777	220	0
2778	229	0
2779	205	0
2780	207	0
2781	211	0
2782	176	0
2783	207	0
2784	216	0
2785	195	0
2786	191	0
2787	206	0
2788	209	0
2789	250	0
2790	206	0
2791	202	0
2792	190	0
2793	258	0
2794	184	0
2795	220	0
2796	182	0
2797	241	0
2798	219	0
2799	177	0
2800	202	0
2801	211	0
2802	201	0
2803	215	0
2804	203	0
2805	222	0
2806	190	0
2807	198	0
2808	198	0
2809	204	0
2810	195	0
2811	212	0
2812	220	0
2813	191	0
2814	218	0
2815	211	0
2816	174	0
2817	214	0
2818	207	0
2819	202	0
2820	225	0
2821	204	0
2822	180	0
2823	207	0
2824	205	0
2825	184	0
2826	189	0
2827	189	0
2828	198	0
2829	175	0
2830	217	0
2831	232	0
2832	205	0
2833	211	0
2834	190	0
2835	212	0
2836	204	0
2837	220	0
2838	181	0
2839	211	0
2840	193	0
2841	199	0
2842	180	0
2843	221	0
2844	213	0
2845	232	0
2846	191	0
2847	205	0
2848	193	0
2849	194	0
2850	208	0
2851	180	0
2852	214	0
2853	182	0
2854	198	0
2855	186	0
2856	198	0
2857	201	0
2858	225	0
2859	188	0
2860	237	0
2861	214	0
2862	196	0
2863	205	0
2864	207	0
2865	191	0
2866	185	0
2867	217	0
2868	190	0
2869	205	0
2870	197	0
2871	211	0
2872	198	0
2873	219	0
2874	208	0
2875	196	0
2876	203	0
2877	217	0
2878	176	0
2879	208	0
2880	203	0
2881	193	0
2882	237	0
2883	186	0
2884	189	0
2885	217	0
2886	229	0
2887	212	0
2888	196	0
2889	223	0
2890	195	0
2891	204	0
2892	217	0
2893	228	0
2894	219	0
2895	198	0
2896	201	0
2897	193	0
2898	198	0
2899	190	0
2900	203	0
2901	192	0
2902	201	0
2903	201	0
2904	206	0
2905	221	0
2906	193	0
2907	181	0
2908	179	0
2909	214	0
2910	216	0
2911	213	0
2912	191	0
2913	217	0
2914	187	0
2915	197	0
2916	195	0
2917	206	0
2918	204	0
2919	223	0
2920	198	0
2921	209	0
2922	176	0
2923	225	0
2924	197	0
2925	181	0
2926	177	0
2927	195	0
2928	192	0
2929	198	0
2930	218	0
2931	220	0
2932	197	0
2933	197	0
2934	183	0
2935	175	0
2936	209	0
2937	211	0
2938	214	0
2939	208	0
2940	196	0
2941	192	0
2942	211	0
2943	183	0
2944	186	0
2945	201	0
2946	224	0
2947	192	0
2948	208	0
2949	208	0
2950	197	0
2951	210	0
2952	196	0
2953	218	0
2954	243	0
2955	208	0
2956	183	0
2957	222	0
2958	205	0
2959	182	0
2960	225	0
2961	181	0
2962	210	0
2963	190	0
2964	203	0
2965	226	0
2966	201	0
2967	205	0
2968	163	0
2969	207	0
2970	185	0
2971	185	0
2972	191	0
2973	192	0
2974	223	0
2975	205	0
2976	223	0
2977	199	0
2978	194	0
2979	178	0
2980	214	0
2981	219	0
2982	187	0
2983	198	0
2984	198	0
2985	203	0
2986	196	0
2987	196	0
2988	226	0
2989	211	0
2990	210	0
2991	212	0
2992	208	0
2993	207	0
2994	199	0
2995	178	0
2996	195	0
2997	217	0
2998	206	0
2999	196	0
3000	204	0
