1	194	0
2	189	0
3	204	0
4	202	0
5	192	0
6	234	0
7	212	0
8	209	0
9	214	0
10	187	0
11	183	0
12	193	0
13	193	0
14	203	0
15	195	0
16	192	0
17	195	0
18	188	0
19	187	0
20	179	0
21	192	0
22	171	0
23	201	0
24	193	0
25	192	0
26	183	0
27	211	0
28	186	0
29	197	0
30	180	0
31	195	0
32	201	0
33	175	0
34	203	0
35	225	0
36	218	0
37	198	0
38	217	0
39	206	0
40	166	0
41	234	0
42	180	0
43	188	0
44	209	0
45	242	0
46	222	0
47	198	0
48	204	0
49	155	0
50	204	0
51	187	0
52	183	0
53	211	0
54	188	0
55	208	0
56	206	0
57	216	0
58	195	0
59	190	0
60	196	0
61	183	0
62	174	0
63	196	0
64	211	0
65	195	0
66	191	0
67	197	0
68	182	0
69	201	0
70	218	0
71	178	0
72	208	0
73	203	0
74	202	0
75	209	0
76	175	0
77	191	0
78	182	0
79	195	0
80	181	0
81	227	0
82	195	0
83	209	0
84	187	0
85	193	0
86	216	0
87	184	0
88	177	0
89	187	0
90	203	0
91	233	0
92	192	0
93	199	0
94	202	0
95	179	0
96	209	0
97	187	0
98	196	0
99	211	0
100	161	0
101	203	0
102	168	0
103	170	0
104	199	0
105	201	0
106	204	0
107	209	0
108	203	0
109	202	0
110	200	0
111	201	0
112	190	0
113	185	0
114	183	0
115	193	0
116	207	0
117	166	0
118	225	0
119	199	0
120	229	0
121	178	0
122	187	0
123	199	0
124	190	0
125	180	0
126	190	0
127	207	0
128	206	0
129	216	0
130	205	0
131	185	0
132	211	0
133	191	0
134	178	0
135	193	0
136	204	0
137	204	0
138	163	0
139	214	0
140	188	0
141	174	0
142	187	0
143	180	0
144	216	0
145	224	0
146	202	0
147	192	0
148	190	0
149	192	0
150	184	0
151	206	0
152	190	0
153	189	0
154	213	0
155	188	0
156	178	0
157	197	0
158	180	0
159	176	0
160	206	0
161	200	0
162	195	0
163	191	0
164	178	0
165	191	0
166	195	0
167	202	0
168	182	0
169	203	0
170	212	0
171	208	0
172	194	0
173	177	0
174	171	0
175	211	0
176	189	0
177	215	0
178	174	0
179	183	0
180	218	0
181	190	0
182	196	0
183	197	0
184	189	0
185	211	0
186	214	0
187	194	0
188	193	0
189	207	0
190	230	0
191	191	0
192	212	0
193	203	0
194	217	0
195	196	0
196	189	0
197	185	0
198	197	0
199	205	0
200	175	0
201	198	0
202	196	0
203	183	0
204	199	0
205	192	0
206	201	0
207	205	0
208	206	0
209	194	0
210	180	0
211	206	0
212	207	0
213	190	0
214	203	0
215	218	0
216	210	0
217	200	0
218	216	0
219	213	0
220	202	0
221	187	0
222	216	0
223	216	0
224	206	0
225	165	0
226	180	0
227	219	0
228	195	0
229	214	0
230	188	0
231	203	0
232	186	0
233	196	0
234	209	0
235	202	0
236	199	0
237	197	0
238	202	0
239	192	0
240	182	0
241	174	0
242	216	0
243	175	0
244	201	0
245	195	0
246	172	0
247	192	0
248	188	0
249	201	0
250	210	0
251	174	0
252	190	0
253	221	0
254	212	0
255	184	0
256	177	0
257	204	0
258	199	0
259	219	0
260	201	0
261	203	0
262	216	0
263	194	0
264	190	0
265	195	0
266	189	0
267	196	0
268	214	0
269	187	0
270	211	0
271	191	0
272	197	0
273	191	0
274	199	0
275	196	0
276	193	0
277	195	0
278	196	0
279	184	0
280	177	0
281	175	0
282	207	0
283	180	0
284	197	0
285	183	0
286	196	0
287	200	0
288	210	0
289	189	0
290	186	0
291	204	0
292	211	0
293	174	0
294	209	0
295	159	0
296	231	0
297	196	0
298	191	0
299	218	0
300	177	0
301	208	0
302	188	0
303	184	0
304	204	0
305	213	0
306	183	0
307	193	0
308	190	0
309	181	0
310	170	0
311	198	0
312	197	0
313	195	0
314	210	0
315	166	0
316	203	0
317	209	0
318	187	0
319	223	0
320	201	0
321	206	0
322	207	0
323	221	0
324	194	0
325	193	0
326	180	0
327	176	0
328	174	0
329	215	0
330	194	0
331	184	0
332	203	0
333	215	0
334	211	0
335	201	0
336	169	0
337	189	0
338	162	0
339	192	0
340	187	0
341	187	0
342	219	0
343	184	0
344	212	0
345	188	0
346	181	0
347	222	0
348	203	0
349	197	0
350	224	0
351	200	0
352	199	0
353	208	0
354	207	0
355	211	0
356	198	0
357	197	0
358	218	0
359	189	0
360	200	0
361	187	0
362	223	0
363	182	0
364	199	0
365	204	0
366	173	0
367	183	0
368	201	0
369	191	0
370	180	0
371	194	0
372	201	0
373	191	0
374	219	0
375	200	0
376	212	0
377	226	0
378	206	0
379	184	0
380	214	0
381	202	0
382	193	0
383	202	0
384	200	0
385	196	0
386	201	0
387	158	0
388	187	0
389	188	0
390	201	0
391	191	0
392	207	0
393	204	0
394	201	0
395	179	0
396	196	0
397	187	0
398	198	0
399	188	0
400	202	0
401	193	0
402	193	0
403	184	0
404	199	0
405	211	0
406	193	0
407	186	0
408	204	0
409	227	0
410	207	0
411	206	0
412	197	0
413	175	0
414	205	0
415	216	0
416	198	0
417	192	0
418	171	0
419	192	0
420	204	0
421	192	0
422	179	0
423	208	0
424	196	0
425	207	0
426	194	0
427	211	0
428	176	0
429	200	0
430	210	0
431	190	0
432	195	0
433	203	0
434	181	0
435	208	0
436	176	0
437	192	0
438	199	0
439	196	0
440	187	0
441	222	0
442	230	0
443	200	0
444	195	0
445	185	0
446	198	0
447	186	0
448	171	0
449	196	0
450	173	0
451	190	0
452	189	0
453	209	0
454	177	0
455	193	0
456	189	0
457	214	0
458	200	0
459	184	0
460	205	0
461	187	0
462	182	0
463	210	0
464	193	0
465	192	0
466	202	0
467	194	0
468	212	0
469	218	0
470	159	0
471	207	0
472	212	0
473	195	0
474	195	0
475	199	0
476	179	0
477	161	0
478	205	0
479	214	0
480	180	0
481	222	0
482	180	0
483	194	0
484	198	0
485	207	0
486	220	0
487	181	0
488	199	0
489	177	0
490	202	0
491	192	0
492	230	0
493	211	0
494	208	0
495	193	0
496	219	0
497	201	0
498	220	0
499	198	0
500	207	0
501	179	0
502	224	0
503	190	0
504	199	0
505	201	0
506	209	0
507	201	0
508	195	0
509	228	0
510	187	0
511	201	0
512	198	0
513	197	0
514	207	0
515	192	0
516	198	0
517	203	0
518	182	0
519	214	0
520	186	0
521	205	0
522	227	0
523	186	0
524	169	0
525	189	0
526	220	0
527	193	0
528	203	0
529	198	0
530	196	0
531	204	0
532	179	0
533	188	0
534	212	0
535	195	0
536	199	0
537	203	0
538	187	0
539	209	0
540	198	0
541	187	0
542	203	0
543	179	0
544	204	0
545	194	0
546	178	0
547	191	0
548	231	0
549	204	0
550	186	0
551	221	0
552	205	0
553	192	0
554	183	0
555	220	0
556	201	0
557	190	0
558	219	0
559	188	0
560	203	0
561	191	0
562	203	0
563	185	0
564	187	0
565	205	0
566	191	0
567	182	0
568	192	0
569	208	0
570	205	0
571	204	0
572	214	0
573	184	0
574	194	0
575	189	0
576	196	0
577	224	0
578	205	0
579	212	0
580	187	0
581	187	0
582	183	0
583	225	0
584	204	0
585	215	0
586	184	0
587	192	0
588	195	0
589	190	0
590	197	0
591	188	0
592	216	0
593	212	0
594	169	0
595	203	0
596	196	0
597	197	0
598	217	0
599	215	0
600	204	0
601	195	0
602	211	0
603	206	0
604	206	0
605	214	0
606	173	0
607	200	0
608	199	0
609	185	0
610	193	0
611	211	0
612	189	0
613	180	0
614	212	0
615	201	0
616	196	0
617	201	0
618	195	0
619	194	0
620	199	0
621	181	0
622	206	0
623	206	0
624	204	0
625	177	0
626	226	0
627	185	0
628	184	0
629	194	0
630	167	0
631	175	0
632	189	0
633	188	0
634	208	0
635	221	0
636	189	0
637	196	0
638	194	0
639	189	0
640	213	0
641	192	0
642	212	0
643	205	0
644	209	0
645	200	0
646	191	0
647	200	0
648	239	0
649	191	0
650	199	0
651	190	0
652	207	0
653	195	0
654	213	0
655	205	0
656	208	0
657	183	0
658	183	0
659	207	0
660	182	0
661	195	0
662	213	0
663	222	0
664	204	0
665	209	0
666	175	0
667	200	0
668	196	0
669	199	0
670	168	0
671	180	0
672	191	0
673	218	0
674	188	0
675	213	0
676	205	0
677	200	0
678	235	0
679	201	0
680	181	0
681	207	0
682	192	0
683	204	0
684	208	0
685	184	0
686	181	0
687	215	0
688	208	0
689	222	0
690	195	0
691	189	0
692	203	0
693	231	0
694	209	0
695	215	0
696	189	0
697	199	0
698	201	0
699	183	0
700	199	0
701	194	0
702	218	0
703	212	0
704	204	0
705	185	0
706	196	0
707	180	0
708	189	0
709	206	0
710	165	0
711	204	0
712	205	0
713	186	0
714	173	0
715	171	0
716	215	0
717	206	0
718	213	0
719	191	0
720	191	0
721	202	0
722	188	0
723	212	0
724	192	0
725	188	0
726	214	0
727	179	0
728	176	0
729	179	0
730	197	0
731	204	0
732	199	0
733	189	0
734	206	0
735	181	0
736	217	0
737	211	0
738	234	0
739	207	0
740	200	0
741	197	0
742	184	0
743	201	0
744	192	0
745	188	0
746	218	0
747	217	0
748	190	0
749	221	0
750	187	0
751	212	0
752	175	0
753	178	0
754	194	0
755	194	0
756	197	0
757	197	0
758	202	0
759	180	0
760	179	0
761	203	0
762	196	0
763	210	0
764	176	0
765	179	0
766	231	0
767	167	0
768	184	0
769	187	0
770	197	0
771	199	0
772	199	0
773	192	0
774	182	0
775	189	0
776	190	0
777	203	0
778	186	0
779	185	0
780	197	0
781	218	0
782	206	0
783	174	0
784	188	0
785	186	0
786	204	0
787	205	0
788	201	0
789	202	0
790	182	0
791	200	0
792	188	0
793	191	0
794	196	0
795	207	0
796	174	0
797	195	0
798	203	0
799	221	0
800	181	0
801	203	0
802	209	0
803	211	0
804	192	0
805	217	0
806	191	0
807	196	0
808	203	0
809	189	0
810	216	0
811	200	0
812	195	0
813	206	0
814	188	0
815	189	0
816	194	0
817	185	0
818	212	0
819	198	0
820	202	0
821	199	0
822	161	0
823	203	0
824	218	0
825	199	0
826	204	0
827	209	0
828	177	0
829	206	0
830	204	0
831	206	0
832	193	0
833	191	0
834	182	0
835	203	0
836	167	0
837	203	0
838	212	0
839	199	0
840	203	0
841	218	0
842	197	0
843	178	0
844	203	0
845	218	0
846	184	0
847	209	0
848	219	0
849	177	0
850	223	0
851	179	0
852	200	0
853	214	0
854	202	0
855	203	0
856	193	0
857	198	0
858	187	0
859	166	0
860	186	0
861	193	0
862	189	0
863	221	0
864	195	0
865	211	0
866	183	0
867	181	0
868	192	0
869	200	0
870	210	0
871	204	0
872	179	0
873	216	0
874	192	0
875	187	0
876	182	0
877	208	0
878	207	0
879	209	0
880	192	0
881	154	0
882	243	0
883	174	0
884	196	0
885	163	0
886	217	0
887	189	0
888	182	0
889	186	0
890	200	0
891	172	0
892	196	0
893	208	0
894	203	0
895	217	0
896	208	0
897	199	0
898	193	0
899	206	0
900	203	0
901	202	0
902	197	0
903	177	0
904	223	0
905	191	0
906	218	0
907	213	0
908	197	0
909	192	0
910	203	0
911	189	0
912	202	0
913	214	0
914	208	0
915	186	0
916	213	0
917	196	0
918	172	0
919	174	0
920	233	0
921	198	0
922	191	0
923	211	0
924	203	0
925	183	0
926	200	0
927	204	0
928	221	0
929	185	0
930	207	0
931	198	0
932	179	0
933	171	0
934	199	0
935	238	0
936	203	0
937	202	0
938	180	0
939	189	0
940	190	0
941	199	0
942	203	0
943	213	0
944	180	0
945	187	0
946	197	0
947	210	0
948	191	0
949	199	0
950	191	0
951	185	0
952	216	0
953	206	0
954	187	0
955	196	0
956	200	0
957	194	0
958	184	0
959	209	0
960	183	0
961	205	0
962	206	0
963	190	0
964	213	0
965	170	0
966	195	0
967	200	0
968	210	0
969	206	0
970	192	0
971	199	0
972	209	0
973	199	0
974	208	0
975	219	0
976	231	0
977	202	0
978	226	0
979	171	0
980	210	0
981	211	0
982	198	0
983	171	0
984	210	0
985	199	0
986	200	0
987	200	0
988	199	0
989	201	0
990	186	0
991	202	0
992	215	0
993	206	0
994	202	0
995	211	0
996	188	0
997	208	0
998	213	0
999	199	0
1000	191	0
1001	194	0
1002	207	0
1003	191	0
1004	218	0
1005	210	0
1006	173	0
1007	213	0
1008	204	0
1009	211	0
1010	215	0
1011	197	0
1012	201	0
1013	218	0
1014	209	0
1015	209	0
1016	216	0
1017	216	0
1018	189	0
1019	206	0
1020	174	0
1021	204	0
1022	211	0
1023	172	0
1024	166	0
1025	183	0
1026	214	0
1027	242	0
1028	192	0
1029	181	0
1030	187	0
1031	191	0
1032	209	0
1033	206	0
1034	206	0
1035	225	0
1036	217	0
1037	220	0
1038	194	0
1039	215	0
1040	226	0
1041	221	0
1042	197	0
1043	188	0
1044	186	0
1045	199	0
1046	217	0
1047	208	0
1048	205	0
1049	183	0
1050	197	0
1051	206	0
1052	211	0
1053	192	0
1054	189	0
1055	167	0
1056	193	0
1057	218	0
1058	190	0
1059	194	0
1060	200	0
1061	209	0
1062	219	0
1063	203	0
1064	184	0
1065	195	0
1066	186	0
1067	216	0
1068	204	0
1069	217	0
1070	190	0
1071	201	0
1072	200	0
1073	229	0
1074	173	0
1075	173	0
1076	182	0
1077	175	0
1078	211	0
1079	198	0
1080	215	0
1081	203	0
1082	196	0
1083	185	0
1084	196	0
1085	208	0
1086	206	0
1087	196	0
1088	186	0
1089	213	0
1090	207	0
1091	195	0
1092	180	0
1093	201	0
1094	214	0
1095	192	0
1096	178	0
1097	197	0
1098	222	0
1099	199	0
1100	171	0
1101	196	0
1102	189	0
1103	200	0
1104	198	0
1105	223	0
1106	195	0
1107	207	0
1108	192	0
1109	196	0
1110	214	0
1111	203	0
1112	181	0
1113	222	0
1114	178	0
1115	203	0
1116	205	0
1117	200	0
1118	210	0
1119	202	0
1120	173	0
1121	214	0
1122	215	0
1123	192	0
1124	208	0
1125	205	0
1126	215	0
1127	214	0
1128	207	0
1129	200	0
1130	194	0
1131	208	0
1132	194	0
1133	187	0
1134	191	0
1135	197	0
1136	175	0
1137	180	0
1138	166	0
1139	215	0
1140	220	0
1141	204	0
1142	201	0
1143	209	0
1144	198	0
1145	232	0
1146	205	0
1147	198	0
1148	180	0
1149	197	0
1150	219	0
1151	212	0
1152	216	0
1153	189	0
1154	198	0
1155	189	0
1156	193	0
1157	200	0
1158	218	0
1159	193	0
1160	181	0
1161	190	0
1162	165	0
1163	215	0
1164	184	0
1165	204	0
1166	199	0
1167	191	0
1168	226	0
1169	194	0
1170	181	0
1171	186	0
1172	196	0
1173	184	0
1174	206	0
1175	168	0
1176	187	0
1177	200	0
1178	177	0
1179	213	0
1180	197	0
1181	189	0
1182	165	0
1183	200	0
1184	187	0
1185	210	0
1186	204	0
1187	199	0
1188	194	0
1189	198	0
1190	207	0
1191	200	0
1192	181	0
1193	183	0
1194	206	0
1195	209	0
1196	186	0
1197	172	0
1198	209	0
1199	210	0
1200	200	0
1201	200	0
1202	198	0
1203	182	0
1204	196	0
1205	193	0
1206	206	0
1207	200	0
1208	219	0
1209	197	0
1210	193	0
1211	210	0
1212	187	0
1213	179	0
1214	211	0
1215	215	0
1216	244	0
1217	198	0
1218	231	0
1219	210	0
1220	187	0
1221	201	0
1222	196	0
1223	219	0
1224	203	0
1225	198	0
1226	211	0
1227	214	0
1228	198	0
1229	185	0
1230	200	0
1231	201	0
1232	190	0
1233	190	0
1234	200	0
1235	199	0
1236	204	0
1237	179	0
1238	205	0
1239	170	0
1240	203	0
1241	179	0
1242	182	0
1243	179	0
1244	207	0
1245	189	0
1246	189	0
1247	177	0
1248	186	0
1249	196	0
1250	187	0
1251	201	0
1252	182	0
1253	208	0
1254	219	0
1255	208	0
1256	187	0
1257	220	0
1258	199	0
1259	190	0
1260	185	0
1261	216	0
1262	213	0
1263	188	0
1264	192	0
1265	210	0
1266	215	0
1267	165	0
1268	192	0
1269	207	0
1270	206	0
1271	196	0
1272	186	0
1273	186	0
1274	195	0
1275	223	0
1276	206	0
1277	204	0
1278	194	0
1279	197	0
1280	190	0
1281	203	0
1282	178	0
1283	223	0
1284	193	0
1285	187	0
1286	184	0
1287	186	0
1288	216	0
1289	188	0
1290	189	0
1291	194	0
1292	211	0
1293	190	0
1294	198	0
1295	210	0
1296	199	0
1297	187	0
1298	206	0
1299	192	0
1300	224	0
1301	208	0
1302	183	0
1303	188	0
1304	207	0
1305	188	0
1306	183	0
1307	182	0
1308	196	0
1309	201	0
1310	209	0
1311	217	0
1312	207	0
1313	193	0
1314	193	0
1315	195	0
1316	183	0
1317	221	0
1318	196	0
1319	189	0
1320	231	0
1321	206	0
1322	207	0
1323	212	0
1324	192	0
1325	185	0
1326	192	0
1327	203	0
1328	199	0
1329	193	0
1330	196	0
1331	174	0
1332	192	0
1333	188	0
1334	206	0
1335	211	0
1336	216	0
1337	214	0
1338	194	0
1339	200	0
1340	205	0
1341	216	0
1342	210	0
1343	193	0
1344	194	0
1345	213	0
1346	171	0
1347	191	0
1348	202	0
1349	213	0
1350	202	0
1351	192	0
1352	202	0
1353	178	0
1354	200	0
1355	212	0
1356	219	0
1357	180	0
1358	181	0
1359	194	0
1360	203	0
1361	197	0
1362	203	0
1363	184	0
1364	208	0
1365	174	0
1366	198	0
1367	173	0
1368	199	0
1369	182	0
1370	196	0
1371	187	0
1372	224	0
1373	195	0
1374	198	0
1375	176	0
1376	207	0
1377	201	0
1378	203	0
1379	205	0
1380	197	0
1381	193	0
1382	204	0
1383	211	0
1384	232	0
1385	199	0
1386	209	0
1387	212	0
1388	199	0
1389	205	0
1390	174	0
1391	208	0
1392	184	0
1393	199	0
1394	222	0
1395	216	0
1396	204	0
1397	199	0
1398	210	0
1399	203	0
1400	198	0
1401	180	0
1402	198	0
1403	205	0
1404	220	0
1405	194	0
1406	165	0
1407	210	0
1408	196	0
1409	204	0
1410	181	0
1411	203	0
1412	217	0
1413	208	0
1414	211	0
1415	200	0
1416	195	0
1417	185	0
1418	190	0
1419	187	0
1420	192	0
1421	187	0
1422	180	0
1423	200	0
1424	193	0
1425	179	0
1426	178	0
1427	182	0
1428	228	0
1429	181	0
1430	202	0
1431	202	0
1432	211	0
1433	185	0
1434	188	0
1435	222	0
1436	210	0
1437	205	0
1438	202	0
1439	212	0
1440	193	0
1441	202	0
1442	209	0
1443	227	0
1444	177	0
1445	218	0
1446	173	0
1447	213	0
1448	213	0
1449	169	0
1450	220	0
1451	179	0
1452	193	0
1453	206	0
1454	201	0
1455	183	0
1456	172	0
1457	207	0
1458	205	0
1459	213	0
1460	199	0
1461	217	0
1462	183	0
1463	211	0
1464	191	0
1465	189	0
1466	174	0
1467	188	0
1468	219	0
1469	214	0
1470	182	0
1471	192	0
1472	198	0
1473	212	0
1474	212	0
1475	211	0
1476	226	0
1477	208	0
1478	188	0
1479	213	0
1480	175	0
1481	205	0
1482	194	0
1483	193	0
1484	211	0
1485	169	0
1486	208	0
1487	188	0
1488	199	0
1489	200	0
1490	183	0
1491	195	0
1492	211	0
1493	211	0
1494	198	0
1495	196	0
1496	197	0
1497	196	0
1498	180	0
1499	205	0
1500	212	0
1501	194	0
1502	189	0
1503	180	0
1504	236	0
1505	201	0
1506	189	0
1507	201	0
1508	185	0
1509	206	0
1510	217	0
1511	186	0
1512	177	0
1513	178	0
1514	203	0
1515	178	0
1516	199	0
1517	182	0
1518	181	0
1519	239	0
1520	201	0
1521	186	0
1522	202	0
1523	202	0
1524	177	0
1525	207	0
1526	198	0
1527	177	0
1528	216	0
1529	211	0
1530	210	0
1531	196	0
1532	207	0
1533	182	0
1534	218	0
1535	167	0
1536	209	0
1537	192	0
1538	196	0
1539	194	0
1540	185	0
1541	197	0
1542	212	0
1543	192	0
1544	199	0
1545	207	0
1546	180	0
1547	168	0
1548	213	0
1549	194	0
1550	206	0
1551	202	0
1552	202	0
1553	186	0
1554	182	0
1555	201	0
1556	192	0
1557	190	0
1558	198	0
1559	206	0
1560	189	0
1561	180	0
1562	222	0
1563	173	0
1564	222	0
1565	180	0
1566	186	0
1567	185	0
1568	206	0
1569	206	0
1570	181	0
1571	157	0
1572	205	0
1573	215	0
1574	189	0
1575	203	0
1576	188	0
1577	199	0
1578	183	0
1579	216	0
1580	187	0
1581	223	0
1582	215	0
1583	176	0
1584	219	0
1585	189	0
1586	233	0
1587	226	0
1588	186	0
1589	184	0
1590	177	0
1591	189	0
1592	226	0
1593	175	0
1594	191	0
1595	197	0
1596	187	0
1597	206	0
1598	195	0
1599	215	0
1600	200	0
1601	190	0
1602	170	0
1603	181	0
1604	199	0
1605	170	0
1606	189	0
1607	177	0
1608	192	0
1609	165	0
1610	210	0
1611	208	0
1612	216	0
1613	202	0
1614	202	0
1615	190	0
1616	188	0
1617	196	0
1618	226	0
1619	197	0
1620	190	0
1621	197	0
1622	185	0
1623	207	0
1624	215	0
1625	210	0
1626	204	0
1627	190	0
1628	199	0
1629	191	0
1630	216	0
1631	209	0
1632	220	0
1633	176	0
1634	194	0
1635	184	0
1636	168	0
1637	189	0
1638	203	0
1639	188	0
1640	213	0
1641	214	0
1642	190	0
1643	190	0
1644	212	0
1645	198	0
1646	199	0
1647	186	0
1648	173	0
1649	174	0
1650	188	0
1651	195	0
1652	166	0
1653	197	0
1654	181	0
1655	205	0
1656	189	0
1657	207	0
1658	185	0
1659	190	0
1660	168	0
1661	194	0
1662	207	0
1663	199	0
1664	194	0
1665	214	0
1666	205	0
1667	197	0
1668	200	0
1669	236	0
1670	229	0
1671	192	0
1672	192	0
1673	196	0
1674	207	0
1675	194	0
1676	194	0
1677	223	0
1678	201	0
1679	181	0
1680	191	0
1681	189	0
1682	191	0
1683	190	0
1684	208	0
1685	206	0
1686	217	0
1687	221	0
1688	205	0
1689	189	0
1690	184	0
1691	199	0
1692	194	0
1693	183	0
1694	205	0
1695	193	0
1696	203	0
1697	229	0
1698	238	0
1699	192	0
1700	203	0
1701	221	0
1702	192	0
1703	199	0
1704	213	0
1705	206	0
1706	203	0
1707	200	0
1708	206	0
1709	179	0
1710	203	0
1711	194	0
1712	205	0
1713	197	0
1714	205	0
1715	178	0
1716	196	0
1717	185	0
1718	189	0
1719	207	0
1720	220	0
1721	202	0
1722	207	0
1723	197	0
1724	208	0
1725	201	0
1726	189	0
1727	205	0
1728	180	0
1729	210	0
1730	209	0
1731	176	0
1732	181	0
1733	203	0
1734	189	0
1735	215	0
1736	201	0
1737	206	0
1738	222	0
1739	203	0
1740	182	0
1741	210	0
1742	227	0
1743	198	0
1744	227	0
1745	195	0
1746	219	0
1747	205	0
1748	190	0
1749	215	0
1750	180	0
1751	185	0
1752	210	0
1753	199	0
1754	199	0
1755	203	0
1756	199	0
1757	190	0
1758	196	0
1759	202	0
1760	205	0
1761	223	0
1762	176	0
1763	195	0
1764	190	0
1765	178	0
1766	210	0
1767	200	0
1768	175	0
1769	219	0
1770	191	0
1771	193	0
1772	186	0
1773	193	0
1774	205	0
1775	186	0
1776	207	0
1777	222	0
1778	192	0
1779	183	0
1780	174	0
1781	212	0
1782	203	0
1783	220	0
1784	200	0
1785	207	0
1786	193	0
1787	198	0
1788	198	0
1789	199	0
1790	224	0
1791	183	0
1792	207	0
1793	204	0
1794	177	0
1795	197	0
1796	216	0
1797	212	0
1798	200	0
1799	195	0
1800	221	0
1801	205	0
1802	211	0
1803	208	0
1804	212	0
1805	190	0
1806	178	0
1807	192	0
1808	192	0
1809	208	0
1810	188	0
1811	190	0
1812	175	0
1813	184	0
1814	213	0
1815	185	0
1816	208	0
1817	193	0
1818	199	0
1819	183	0
1820	178	0
1821	189	0
1822	198	0
1823	208	0
1824	198	0
1825	188	0
1826	209	0
1827	190	0
1828	219	0
1829	201	0
1830	186	0
1831	193	0
1832	206	0
1833	210	0
1834	177	0
1835	190	0
1836	189	0
1837	191	0
1838	197	0
1839	209	0
1840	191	0
1841	217	0
1842	182	0
1843	169	0
1844	191	0
1845	184	0
1846	205	0
1847	198	0
1848	186	0
1849	195	0
1850	199	0
1851	187	0
1852	217	0
1853	176	0
1854	192	0
1855	198	0
1856	192	0
1857	175	0
1858	191	0
1859	221	0
1860	180	0
1861	236	0
1862	197	0
1863	233	0
1864	198	0
1865	191	0
1866	199	0
1867	242	0
1868	200	0
1869	216	0
1870	192	0
1871	204	0
1872	221	0
1873	203	0
1874	211	0
1875	201	0
1876	212	0
1877	172	0
1878	206	0
1879	201	0
1880	200	0
1881	199	0
1882	193	0
1883	202	0
1884	211	0
1885	210	0
1886	196	0
1887	213	0
1888	175	0
1889	194	0
1890	214	0
1891	223	0
1892	204	0
1893	205	0
1894	228	0
1895	184	0
1896	212	0
1897	188	0
1898	191	0
1899	180	0
1900	205	0
1901	189	0
1902	183	0
1903	176	0
1904	181	0
1905	186	0
1906	160	0
1907	207	0
1908	174	0
1909	181	0
1910	199	0
1911	211	0
1912	186	0
1913	210	0
1914	196	0
1915	200	0
1916	186	0
1917	198	0
1918	159	0
1919	192	0
1920	201	0
1921	211	0
1922	190	0
1923	210	0
1924	191	0
1925	186	0
1926	196	0
1927	207	0
1928	195	0
1929	203	0
1930	216	0
1931	200	0
1932	212	0
1933	182	0
1934	210	0
1935	209	0
1936	202	0
1937	222	0
1938	190	0
1939	202	0
1940	209	0
1941	189	0
1942	204	0
1943	194	0
1944	210	0
1945	199	0
1946	187	0
1947	217	0
1948	204	0
1949	173	0
1950	211	0
1951	221	0
1952	219	0
1953	194	0
1954	209	0
1955	184	0
1956	197	0
1957	207	0
1958	183	0
1959	186	0
1960	191	0
1961	201	0
1962	185	0
1963	200	0
1964	212	0
1965	176	0
1966	179	0
1967	208	0
1968	190	0
1969	202	0
1970	207	0
1971	193	0
1972	206	0
1973	190	0
1974	224	0
1975	195	0
1976	182	0
1977	199	0
1978	209	0
1979	186	0
1980	194	0
1981	215	0
1982	206	0
1983	193	0
1984	191	0
1985	210	0
1986	199	0
1987	176	0
1988	189	0
1989	201	0
1990	213	0
1991	188	0
1992	188	0
1993	200	0
1994	241	0
1995	211	0
1996	201	0
1997	179	0
1998	209	0
1999	172	0
2000	199	0
2001	211	0
2002	199	0
2003	216	0
2004	206	0
2005	187	0
2006	189	0
2007	231	0
2008	191	0
2009	206	0
2010	196	0
2011	196	0
2012	233	0
2013	215	0
2014	199	0
2015	208	0
2016	220	0
2017	194	0
2018	188	0
2019	180	0
2020	225	0
2021	192	0
2022	192	0
2023	182	0
2024	192	0
2025	213	0
2026	224	0
2027	183	0
2028	219	0
2029	194	0
2030	207	0
2031	195	0
2032	204	0
2033	221	0
2034	185	0
2035	196	0
2036	205	0
2037	193	0
2038	191	0
2039	217	0
2040	206	0
2041	195	0
2042	178	0
2043	211	0
2044	195	0
2045	202	0
2046	189	0
2047	204	0
2048	193	0
2049	203	0
2050	205	0
2051	234	0
2052	197	0
2053	174	0
2054	218	0
2055	184	0
2056	196	0
2057	189	0
2058	217	0
2059	212	0
2060	202	0
2061	210	0
2062	187	0
2063	223	0
2064	191	0
2065	204	0
2066	203	0
2067	217	0
2068	203	0
2069	172	0
2070	217	0
2071	195	0
2072	186	0
2073	206	0
2074	181	0
2075	210	0
2076	197	0
2077	181	0
2078	200	0
2079	183	0
2080	215	0
2081	194	0
2082	204	0
2083	183	0
2084	209	0
2085	202	0
2086	193	0
2087	207	0
2088	184	0
2089	183	0
2090	240	0
2091	194	0
2092	214	0
2093	204	0
2094	199	0
2095	214	0
2096	195	0
2097	188	0
2098	186	0
2099	225	0
2100	196	0
2101	202	0
2102	195	0
2103	196	0
2104	193	0
2105	231	0
2106	201	0
2107	182	0
2108	200	0
2109	220	0
2110	206	0
2111	202	0
2112	191	0
2113	228	0
2114	206	0
2115	201	0
2116	183	0
2117	206	0
2118	194	0
2119	194	0
2120	191	0
2121	190	0
2122	185	0
2123	173	0
2124	206	0
2125	179	0
2126	175	0
2127	207	0
2128	185	0
2129	191	0
2130	224	0
2131	204	0
2132	210	0
2133	178	0
2134	167	0
2135	175	0
2136	201	0
2137	194	0
2138	236	0
2139	212	0
2140	211	0
2141	185	0
2142	197	0
2143	191	0
2144	219	0
2145	191	0
2146	188	0
2147	172	0
2148	225	0
2149	207	0
2150	217	0
2151	200	0
2152	194	0
2153	190	0
2154	200	0
2155	209	0
2156	186	0
2157	205	0
2158	226	0
2159	206	0
2160	192	0
2161	221	0
2162	183	0
2163	220	0
2164	188	0
2165	193	0
2166	206	0
2167	203	0
2168	169	0
2169	185	0
2170	187	0
2171	200	0
2172	214	0
2173	191	0
2174	214	0
2175	194	0
2176	182	0
2177	189	0
2178	212	0
2179	224	0
2180	211	0
2181	211	0
2182	195	0
2183	195	0
2184	212	0
2185	220	0
2186	225	0
2187	218	0
2188	192	0
2189	195	0
2190	185	0
2191	162	0
2192	198	0
2193	211	0
2194	211	0
2195	196	0
2196	185	0
2197	211	0
2198	194	0
2199	164	0
2200	210	0
2201	194	0
2202	200	0
2203	207	0
2204	187	0
2205	207	0
2206	179	0
2207	219	0
2208	199	0
2209	210	0
2210	217	0
2211	195	0
2212	162	0
2213	203	0
2214	194	0
2215	174	0
2216	196	0
2217	184	0
2218	209	0
2219	199	0
2220	199	0
2221	181	0
2222	200	0
2223	221	0
2224	207	0
2225	184	0
2226	202	0
2227	214	0
2228	209	0
2229	171	0
2230	230	0
2231	196	0
2232	177	0
2233	195	0
2234	195	0
2235	202	0
2236	192	0
2237	217	0
2238	185	0
2239	196	0
2240	199	0
2241	178	0
2242	159	0
2243	170	0
2244	200	0
2245	202	0
2246	199	0
2247	186	0
2248	198	0
2249	185	0
2250	195	0
2251	188	0
2252	188	0
2253	201	0
2254	213	0
2255	214	0
2256	189	0
2257	199	0
2258	209	0
2259	176	0
2260	196	0
2261	191	0
2262	190	0
2263	202	0
2264	196	0
2265	201	0
2266	223	0
2267	188	0
2268	189	0
2269	197	0
2270	175	0
2271	203	0
2272	170	0
2273	204	0
2274	200	0
2275	208	0
2276	192	0
2277	183	0
2278	165	0
2279	177	0
2280	217	0
2281	218	0
2282	187	0
2283	159	0
2284	238	0
2285	188	0
2286	204	0
2287	181	0
2288	174	0
2289	202	0
2290	166	0
2291	186	0
2292	201	0
2293	184	0
2294	219	0
2295	192	0
2296	211	0
2297	242	0
2298	189	0
2299	204	0
2300	200	0
2301	212	0
2302	214	0
2303	234	0
2304	182	0
2305	212	0
2306	198	0
2307	206	0
2308	192	0
2309	192	0
2310	217	0
2311	196	0
2312	196	0
2313	202	0
2314	202	0
2315	182	0
2316	214	0
2317	197	0
2318	219	0
2319	208	0
2320	222	0
2321	215	0
2322	182	0
2323	190	0
2324	209	0
2325	209	0
2326	203	0
2327	196	0
2328	184	0
2329	199	0
2330	190	0
2331	213	0
2332	171	0
2333	208	0
2334	186	0
2335	196	0
2336	165	0
2337	220	0
2338	205	0
2339	213	0
2340	179	0
2341	195	0
2342	210	0
2343	172	0
2344	185	0
2345	220	0
2346	189	0
2347	196	0
2348	181	0
2349	206	0
2350	206	0
2351	194	0
2352	209	0
2353	214	0
2354	181	0
2355	216	0
2356	194	0
2357	220	0
2358	218	0
2359	208	0
2360	204	0
2361	212	0
2362	205	0
2363	206	0
2364	192	0
2365	191	0
2366	195	0
2367	186	0
2368	210	0
2369	185	0
2370	203	0
2371	226	0
2372	203	0
2373	187	0
2374	206	0
2375	187	0
2376	214	0
2377	198	0
2378	189	0
2379	196	0
2380	202	0
2381	214	0
2382	190	0
2383	198	0
2384	192	0
2385	174	0
2386	208	0
2387	201	0
2388	193	0
2389	205	0
2390	224	0
2391	189	0
2392	193	0
2393	203	0
2394	196	0
2395	191	0
2396	189	0
2397	208	0
2398	207	0
2399	190	0
2400	213	0
2401	189	0
2402	204	0
2403	190	0
2404	214	0
2405	161	0
2406	172	0
2407	220	0
2408	214	0
2409	225	0
2410	195	0
2411	194	0
2412	230	0
2413	197	0
2414	192	0
2415	195	0
2416	170	0
2417	179	0
2418	195	0
2419	180	0
2420	191	0
2421	188	0
2422	189	0
2423	187	0
2424	186	0
2425	191	0
2426	215	0
2427	204	0
2428	197	0
2429	178	0
2430	207	0
2431	214	0
2432	203	0
2433	185	0
2434	202	0
2435	183	0
2436	185	0
2437	204	0
2438	193	0
2439	183	0
2440	195	0
2441	213	0
2442	219	0
2443	196	0
2444	184	0
2445	189	0
2446	211	0
2447	201	0
2448	186	0
2449	199	0
2450	189	0
2451	176	0
2452	202	0
2453	177	0
2454	206	0
2455	229	0
2456	209	0
2457	168	0
2458	210	0
2459	196	0
2460	238	0
2461	199	0
2462	209	0
2463	209	0
2464	193	0
2465	194	0
2466	207	0
2467	215	0
2468	193	0
2469	157	0
2470	195	0
2471	220	0
2472	197	0
2473	225	0
2474	205	0
2475	195	0
2476	213	0
2477	191	0
2478	191	0
2479	189	0
2480	215	0
2481	209	0
2482	203	0
2483	203	0
2484	196	0
2485	187	0
2486	207	0
2487	230	0
2488	222	0
2489	200	0
2490	194	0
2491	200	0
2492	186	0
2493	201	0
2494	180	0
2495	198	0
2496	207	0
2497	225	0
2498	223	0
2499	210	0
2500	211	0
2501	200	0
2502	194	0
2503	210	0
2504	176	0
2505	218	0
2506	192	0
2507	197	0
2508	211	0
2509	206	0
2510	212	0
2511	218	0
2512	199	0
2513	184	0
2514	172	0
2515	187	0
2516	192	0
2517	181	0
2518	197	0
2519	211	0
2520	191	0
2521	215	0
2522	196	0
2523	200	0
2524	204	0
2525	191	0
2526	188	0
2527	203	0
2528	179	0
2529	219	0
2530	184	0
2531	200	0
2532	189	0
2533	199	0
2534	197	0
2535	190	0
2536	215	0
2537	202	0
2538	190	0
2539	203	0
2540	180	0
2541	192	0
2542	184	0
2543	219	0
2544	195	0
2545	201	0
2546	188	0
2547	189	0
2548	204	0
2549	206	0
2550	191	0
2551	217	0
2552	157	0
2553	189	0
2554	199	0
2555	176	0
2556	181	0
2557	166	0
2558	181	0
2559	196	0
2560	209	0
2561	235	0
2562	191	0
2563	194	0
2564	214	0
2565	171	0
2566	240	0
2567	219	0
2568	230	0
2569	198	0
2570	172	0
2571	213	0
2572	227	0
2573	197	0
2574	207	0
2575	208	0
2576	195	0
2577	196	0
2578	216	0
2579	194	0
2580	194	0
2581	194	0
2582	215	0
2583	189	0
2584	210	0
2585	203	0
2586	194	0
2587	190	0
2588	187	0
2589	181	0
2590	240	0
2591	200	0
2592	207	0
2593	200	0
2594	182	0
2595	225	0
2596	216	0
2597	182	0
2598	185	0
2599	199	0
2600	220	0
2601	201	0
2602	215	0
2603	193	0
2604	209	0
2605	185	0
2606	216	0
2607	188	0
2608	190	0
2609	220	0
2610	201	0
2611	207	0
2612	206	0
2613	203	0
2614	206	0
2615	196	0
2616	198	0
2617	193	0
2618	181	0
2619	191	0
2620	182	0
2621	191	0
2622	179	0
2623	205	0
2624	194	0
2625	208	0
2626	171	0
2627	221	0
2628	190	0
2629	203	0
2630	192	0
2631	191	0
2632	194	0
2633	197	0
2634	166	0
2635	209	0
2636	210	0
2637	217	0
2638	222	0
2639	186	0
2640	206	0
2641	184	0
2642	189	0
2643	177	0
2644	185	0
2645	203	0
2646	187	0
2647	202	0
2648	217	0
2649	189	0
2650	194	0
2651	174	0
2652	205	0
2653	207	0
2654	196	0
2655	184	0
2656	196	0
2657	186	0
2658	202	0
2659	192	0
2660	199	0
2661	183	0
2662	190	0
2663	194	0
2664	217	0
2665	213	0
2666	209	0
2667	195	0
2668	207	0
2669	205	0
2670	192	0
2671	196	0
2672	206	0
2673	212	0
2674	179	0
2675	222	0
2676	196	0
2677	201	0
2678	184	0
2679	208	0
2680	221	0
2681	218	0
2682	212	0
2683	204	0
2684	207	0
2685	195	0
2686	190	0
2687	192	0
2688	215	0
2689	212	0
2690	198	0
2691	183	0
2692	186	0
2693	182	0
2694	175	0
2695	223	0
2696	203	0
2697	237	0
2698	176	0
2699	199	0
2700	188	0
2701	188	0
2702	224	0
2703	215	0
2704	196	0
2705	210	0
2706	192	0
2707	223	0
2708	213	0
2709	198	0
2710	184	0
2711	204	0
2712	188	0
2713	231	0
2714	186	0
2715	214	0
2716	168	0
2717	194	0
2718	209	0
2719	167	0
2720	194	0
2721	213	0
2722	209	0
2723	187	0
2724	207	0
2725	187	0
2726	200	0
2727	208	0
2728	196	0
2729	207	0
2730	188	0
2731	179	0
2732	199	0
2733	196	0
2734	196	0
2735	223	0
2736	198	0
2737	196	0
2738	181	0
2739	217	0
2740	185	0
2741	193	0
2742	185	0
2743	215	0
2744	185	0
2745	187	0
2746	194	0
2747	190	0
2748	191	0
2749	223	0
2750	197	0
2751	194	0
2752	196	0
2753	199	0
2754	179	0
2755	204	0
2756	180	0
2757	179	0
2758	228	0
2759	210	0
2760	199	0
2761	210	0
2762	202	0
2763	173	0
2764	208	0
2765	216	0
2766	187	0
2767	193	0
2768	187	0
2769	185	0
2770	192	0
2771	189	0
2772	204	0
2773	208	0
2774	192	0
2775	190	0
2776	204	0
2777	194	0
2778	221	0
2779	220	0
2780	192	0
2781	203	0
2782	207	0
2783	192	0
2784	198	0
2785	177	0
2786	208	0
2787	193	0
2788	210	0
2789	219	0
2790	198	0
2791	178	0
2792	155	0
2793	219	0
2794	209	0
2795	203	0
2796	211	0
2797	183	0
2798	224	0
2799	218	0
2800	196	0
2801	220	0
2802	201	0
2803	182	0
2804	229	0
2805	220	0
2806	197	0
2807	230	0
2808	189	0
2809	185	0
2810	188	0
2811	228	0
2812	195	0
2813	210	0
2814	190	0
2815	194	0
2816	162	0
2817	202	0
2818	202	0
2819	190	0
2820	195	0
2821	205	0
2822	201	0
2823	192	0
2824	211	0
2825	188	0
2826	217	0
2827	182	0
2828	188	0
2829	197	0
2830	203	0
2831	236	0
2832	188	0
2833	182	0
2834	200	0
2835	194	0
2836	184	0
2837	214	0
2838	183	0
2839	191	0
2840	231	0
2841	192	0
2842	214	0
2843	238	0
2844	220	0
2845	221	0
2846	240	0
2847	188	0
2848	170	0
2849	204	0
2850	199	0
2851	207	0
2852	190	0
2853	209	0
2854	184	0
2855	183	0
2856	233	0
2857	198	0
2858	207	0
2859	189	0
2860	202	0
2861	194	0
2862	186	0
2863	183	0
2864	179	0
2865	191	0
2866	192	0
2867	201	0
2868	188	0
2869	206	0
2870	185	0
2871	197	0
2872	182	0
2873	192	0
2874	191	0
2875	211	0
2876	198	0
2877	181	0
2878	191	0
2879	203	0
2880	218	0
2881	185	0
2882	193	0
2883	198	0
2884	211	0
2885	202	0
2886	188	0
2887	186	0
2888	202	0
2889	209	0
2890	166	0
2891	212	0
2892	219	0
2893	207	0
2894	187	0
2895	190	0
2896	187	0
2897	200	0
2898	191	0
2899	176	0
2900	198	0
2901	191	0
2902	219	0
2903	211	0
2904	208	0
2905	208	0
2906	197	0
2907	193	0
2908	210	0
2909	189	0
2910	208	0
2911	206	0
2912	212	0
2913	209	0
2914	203	0
2915	205	0
2916	191	0
2917	227	0
2918	204	0
2919	209	0
2920	203	0
2921	206	0
2922	179	0
2923	194	0
2924	204	0
2925	171	0
2926	186	0
2927	193	0
2928	195	0
2929	192	0
2930	207	0
2931	185	0
2932	195	0
2933	205	0
2934	202	0
2935	189	0
2936	215	0
2937	231	0
2938	217	0
2939	187	0
2940	181	0
2941	190	0
2942	209	0
2943	185	0
2944	188	0
2945	191	0
2946	207	0
2947	189	0
2948	190	0
2949	213	0
2950	219	0
2951	213	0
2952	177	0
2953	198	0
2954	200	0
2955	201	0
2956	192	0
2957	188	0
2958	194	0
2959	212	0
2960	180	0
2961	184	0
2962	195	0
2963	183	0
2964	200	0
2965	163	0
2966	186	0
2967	189	0
2968	209	0
2969	199	0
2970	198	0
2971	225	0
2972	184	0
2973	215	0
2974	171	0
2975	170	0
2976	179	0
2977	182	0
2978	189	0
2979	185	0
2980	205	0
2981	214	0
2982	184	0
2983	198	0
2984	196	0
2985	197	0
2986	205	0
2987	186	0
2988	213	0
2989	183	0
2990	219	0
2991	222	0
2992	210	0
2993	207	0
2994	209	0
2995	192	0
2996	185	0
2997	218	0
2998	175	0
2999	199	0
3000	194	0
