1	197	0
2	205	0
3	203	0
4	162	0
5	217	0
6	200	0
7	186	0
8	199	0
9	185	0
10	223	0
11	189	0
12	201	0
13	212	0
14	173	0
15	185	0
16	216	0
17	200	0
18	193	0
19	178	0
20	194	0
21	208	0
22	223	0
23	202	0
24	201	0
25	202	0
26	210	0
27	196	0
28	193	0
29	223	0
30	185	0
31	199	0
32	219	0
33	199	0
34	179	0
35	178	0
36	202	0
37	180	0
38	221	0
39	175	0
40	193	0
41	217	0
42	195	0
43	176	0
44	209	0
45	198	0
46	225	0
47	197	0
48	186	0
49	175	0
50	203	0
51	203	0
52	205	0
53	189	0
54	179	0
55	187	0
56	190	0
57	214	0
58	200	0
59	191	0
60	212	0
61	212	0
62	210	0
63	185	0
64	204	0
65	209	0
66	211	0
67	214	0
68	184	0
69	195	0
70	170	0
71	190	0
72	188	0
73	191	0
74	193	0
75	199	0
76	214	0
77	190	0
78	165	0
79	192	0
80	202	0
81	218	0
82	169	0
83	191	0
84	214	0
85	185	0
86	201	0
87	199	0
88	168	0
89	193	0
90	203	0
91	196	0
92	180	0
93	201	0
94	234	0
95	208	0
96	184	0
97	202	0
98	183	0
99	188	0
100	182	0
101	193	0
102	188	0
103	198	0
104	194	0
105	210	0
106	179	0
107	189	0
108	196	0
109	181	0
110	172	0
111	196	0
112	174	0
113	214	0
114	228	0
115	200	0
116	206	0
117	205	0
118	200	0
119	184	0
120	193	0
121	203	0
122	178	0
123	206	0
124	169	0
125	190	0
126	194	0
127	174	0
128	178	0
129	203	0
130	202	0
131	168	0
132	188	0
133	181	0
134	195	0
135	211	0
136	190	0
137	190	0
138	202	0
139	179	0
140	205	0
141	207	0
142	192	0
143	205	0
144	202	0
145	209	0
146	197	0
147	206	0
148	188	0
149	192	0
150	204	0
151	218	0
152	183	0
153	176	0
154	197	0
155	199	0
156	201	0
157	187	0
158	198	0
159	200	0
160	184	0
161	185	0
162	220	0
163	209	0
164	192	0
165	218	0
166	214	0
167	202	0
168	181	0
169	165	0
170	181	0
171	199	0
172	205	0
173	211	0
174	168	0
175	221	0
176	218	0
177	192	0
178	213	0
179	192	0
180	185	0
181	202	0
182	207	0
183	201	0
184	204	0
185	188	0
186	201	0
187	204	0
188	209	0
189	193	0
190	206	0
191	182	0
192	205	0
193	179	0
194	162	0
195	212	0
196	210	0
197	211	0
198	169	0
199	219	0
200	208	0
201	218	0
202	182	0
203	190	0
204	211	0
205	174	0
206	185	0
207	193	0
208	228	0
209	184	0
210	230	0
211	206	0
212	209	0
213	186	0
214	189	0
215	208	0
216	194	0
217	201	0
218	212	0
219	182	0
220	221	0
221	176	0
222	179	0
223	180	0
224	174	0
225	190	0
226	180	0
227	230	0
228	177	0
229	167	0
230	193	0
231	220	0
232	209	0
233	187	0
234	186	0
235	188	0
236	183	0
237	189	0
238	208	0
239	196	0
240	208	0
241	185	0
242	210	0
243	187	0
244	204	0
245	225	0
246	167	0
247	183	0
248	205	0
249	193	0
250	191	0
251	176	0
252	216	0
253	218	0
254	223	0
255	212	0
256	206	0
257	217	0
258	175	0
259	197	0
260	205	0
261	217	0
262	166	0
263	190	0
264	184	0
265	191	0
266	217	0
267	177	0
268	211	0
269	203	0
270	202	0
271	199	0
272	206	0
273	184	0
274	202	0
275	187	0
276	191	0
277	222	0
278	223	0
279	219	0
280	206	0
281	225	0
282	172	0
283	169	0
284	203	0
285	178	0
286	213	0
287	212	0
288	219	0
289	188	0
290	204	0
291	203	0
292	213	0
293	202	0
294	212	0
295	199	0
296	226	0
297	224	0
298	200	0
299	183	0
300	179	0
301	211	0
302	177	0
303	195	0
304	173	0
305	198	0
306	204	0
307	220	0
308	204	0
309	183	0
310	200	0
311	215	0
312	172	0
313	198	0
314	194	0
315	174	0
316	203	0
317	204	0
318	202	0
319	169	0
320	202	0
321	153	0
322	216	0
323	204	0
324	215	0
325	217	0
326	191	0
327	194	0
328	196	0
329	213	0
330	200	0
331	209	0
332	205	0
333	190	0
334	179	0
335	198	0
336	205	0
337	200	0
338	169	0
339	204	0
340	181	0
341	199	0
342	184	0
343	196	0
344	213	0
345	208	0
346	175	0
347	192	0
348	211	0
349	212	0
350	215	0
351	170	0
352	212	0
353	211	0
354	191	0
355	195	0
356	220	0
357	216	0
358	183	0
359	214	0
360	198	0
361	193	0
362	197	0
363	196	0
364	207	0
365	197	0
366	203	0
367	215	0
368	207	0
369	186	0
370	176	0
371	210	0
372	193	0
373	170	0
374	214	0
375	207	0
376	182	0
377	159	0
378	226	0
379	195	0
380	211	0
381	218	0
382	200	0
383	189	0
384	199	0
385	209	0
386	173	0
387	203	0
388	209	0
389	210	0
390	199	0
391	188	0
392	202	0
393	222	0
394	186	0
395	205	0
396	205	0
397	220	0
398	169	0
399	209	0
400	199	0
401	215	0
402	212	0
403	196	0
404	196	0
405	209	0
406	184	0
407	195	0
408	188	0
409	195	0
410	194	0
411	216	0
412	188	0
413	214	0
414	216	0
415	173	0
416	194	0
417	221	0
418	188	0
419	199	0
420	197	0
421	179	0
422	202	0
423	161	0
424	212	0
425	187	0
426	217	0
427	169	0
428	186	0
429	184	0
430	208	0
431	201	0
432	203	0
433	204	0
434	203	0
435	188	0
436	185	0
437	201	0
438	190	0
439	214	0
440	203	0
441	186	0
442	185	0
443	170	0
444	201	0
445	207	0
446	226	0
447	202	0
448	202	0
449	237	0
450	179	0
451	193	0
452	196	0
453	187	0
454	195	0
455	191	0
456	177	0
457	190	0
458	202	0
459	195	0
460	213	0
461	211	0
462	179	0
463	188	0
464	209	0
465	190	0
466	202	0
467	191	0
468	196	0
469	207	0
470	205	0
471	188	0
472	218	0
473	193	0
474	200	0
475	213	0
476	189	0
477	198	0
478	212	0
479	170	0
480	197	0
481	198	0
482	209	0
483	214	0
484	186	0
485	189	0
486	202	0
487	200	0
488	189	0
489	193	0
490	199	0
491	188	0
492	196	0
493	203	0
494	199	0
495	216	0
496	196	0
497	219	0
498	214	0
499	181	0
500	224	0
501	216	0
502	182	0
503	170	0
504	181	0
505	220	0
506	171	0
507	231	0
508	187	0
509	206	0
510	182	0
511	206	0
512	217	0
513	187	0
514	189	0
515	211	0
516	207	0
517	207	0
518	212	0
519	180	0
520	193	0
521	210	0
522	195	0
523	200	0
524	197	0
525	179	0
526	199	0
527	169	0
528	200	0
529	182	0
530	181	0
531	199	0
532	199	0
533	187	0
534	200	0
535	200	0
536	232	0
537	214	0
538	194	0
539	206	0
540	212	0
541	180	0
542	176	0
543	213	0
544	193	0
545	198	0
546	194	0
547	190	0
548	173	0
549	191	0
550	199	0
551	184	0
552	163	0
553	192	0
554	182	0
555	197	0
556	203	0
557	194	0
558	210	0
559	201	0
560	195	0
561	198	0
562	193	0
563	206	0
564	200	0
565	232	0
566	190	0
567	177	0
568	197	0
569	197	0
570	205	0
571	185	0
572	187	0
573	177	0
574	202	0
575	207	0
576	193	0
577	184	0
578	199	0
579	186	0
580	202	0
581	192	0
582	187	0
583	177	0
584	174	0
585	198	0
586	210	0
587	189	0
588	210	0
589	186	0
590	186	0
591	196	0
592	203	0
593	171	0
594	196	0
595	189	0
596	191	0
597	202	0
598	208	0
599	183	0
600	221	0
601	221	0
602	195	0
603	177	0
604	187	0
605	219	0
606	207	0
607	198	0
608	214	0
609	164	0
610	195	0
611	212	0
612	189	0
613	169	0
614	200	0
615	191	0
616	185	0
617	215	0
618	196	0
619	185	0
620	191	0
621	186	0
622	219	0
623	195	0
624	194	0
625	229	0
626	219	0
627	194	0
628	201	0
629	211	0
630	185	0
631	181	0
632	200	0
633	192	0
634	178	0
635	195	0
636	202	0
637	199	0
638	194	0
639	194	0
640	193	0
641	187	0
642	206	0
643	207	0
644	211	0
645	198	0
646	177	0
647	219	0
648	194	0
649	218	0
650	186	0
651	189	0
652	200	0
653	197	0
654	191	0
655	190	0
656	208	0
657	198	0
658	202	0
659	208	0
660	193	0
661	212	0
662	201	0
663	226	0
664	201	0
665	203	0
666	189	0
667	213	0
668	198	0
669	184	0
670	198	0
671	209	0
672	192	0
673	190	0
674	200	0
675	175	0
676	206	0
677	203	0
678	205	0
679	206	0
680	188	0
681	220	0
682	207	0
683	210	0
684	197	0
685	195	0
686	214	0
687	183	0
688	210	0
689	184	0
690	197	0
691	188	0
692	184	0
693	197	0
694	187	0
695	215	0
696	203	0
697	189	0
698	208	0
699	197	0
700	177	0
701	200	0
702	186	0
703	219	0
704	184	0
705	192	0
706	184	0
707	176	0
708	187	0
709	212	0
710	188	0
711	193	0
712	195	0
713	180	0
714	193	0
715	224	0
716	185	0
717	207	0
718	240	0
719	215	0
720	190	0
721	179	0
722	199	0
723	205	0
724	188	0
725	215	0
726	183	0
727	199	0
728	195	0
729	194	0
730	196	0
731	198	0
732	175	0
733	190	0
734	180	0
735	186	0
736	190	0
737	175	0
738	213	0
739	199	0
740	183	0
741	203	0
742	194	0
743	201	0
744	197	0
745	216	0
746	195	0
747	182	0
748	218	0
749	179	0
750	206	0
751	199	0
752	212	0
753	207	0
754	182	0
755	182	0
756	195	0
757	191	0
758	210	0
759	215	0
760	201	0
761	199	0
762	204	0
763	207	0
764	191	0
765	205	0
766	172	0
767	199	0
768	196	0
769	178	0
770	204	0
771	204	0
772	205	0
773	193	0
774	184	0
775	226	0
776	233	0
777	208	0
778	197	0
779	169	0
780	201	0
781	192	0
782	188	0
783	191	0
784	222	0
785	199	0
786	182	0
787	180	0
788	177	0
789	206	0
790	204	0
791	200	0
792	214	0
793	199	0
794	189	0
795	235	0
796	191	0
797	222	0
798	196	0
799	207	0
800	202	0
801	180	0
802	197	0
803	190	0
804	183	0
805	229	0
806	201	0
807	183	0
808	203	0
809	204	0
810	217	0
811	209	0
812	219	0
813	193	0
814	222	0
815	210	0
816	182	0
817	183	0
818	185	0
819	180	0
820	208	0
821	202	0
822	181	0
823	164	0
824	171	0
825	184	0
826	198	0
827	199	0
828	201	0
829	192	0
830	217	0
831	183	0
832	212	0
833	201	0
834	207	0
835	204	0
836	202	0
837	198	0
838	202	0
839	186	0
840	197	0
841	207	0
842	206	0
843	183	0
844	213	0
845	204	0
846	179	0
847	208	0
848	199	0
849	191	0
850	196	0
851	193	0
852	190	0
853	212	0
854	187	0
855	197	0
856	212	0
857	194	0
858	215	0
859	187	0
860	211	0
861	208	0
862	182	0
863	185	0
864	201	0
865	183	0
866	218	0
867	184	0
868	189	0
869	219	0
870	189	0
871	184	0
872	197	0
873	209	0
874	181	0
875	215	0
876	193	0
877	170	0
878	169	0
879	200	0
880	203	0
881	187	0
882	183	0
883	201	0
884	216	0
885	181	0
886	194	0
887	209	0
888	192	0
889	185	0
890	215	0
891	213	0
892	205	0
893	196	0
894	184	0
895	177	0
896	176	0
897	189	0
898	187	0
899	199	0
900	209	0
901	224	0
902	192	0
903	185	0
904	181	0
905	210	0
906	184	0
907	176	0
908	224	0
909	194	0
910	189	0
911	180	0
912	238	0
913	184	0
914	207	0
915	195	0
916	192	0
917	237	0
918	212	0
919	209	0
920	206	0
921	207	0
922	174	0
923	195	0
924	180	0
925	204	0
926	194	0
927	206	0
928	193	0
929	190	0
930	195	0
931	198	0
932	183	0
933	190	0
934	194	0
935	210	0
936	194	0
937	183	0
938	204	0
939	176	0
940	189	0
941	198	0
942	202	0
943	190	0
944	205	0
945	199	0
946	216	0
947	204	0
948	209	0
949	201	0
950	212	0
951	193	0
952	216	0
953	170	0
954	188	0
955	174	0
956	212	0
957	221	0
958	214	0
959	200	0
960	189	0
961	195	0
962	200	0
963	193	0
964	198	0
965	188	0
966	177	0
967	215	0
968	192	0
969	212	0
970	183	0
971	191	0
972	192	0
973	212	0
974	198	0
975	205	0
976	200	0
977	201	0
978	197	0
979	195	0
980	176	0
981	205	0
982	179	0
983	213	0
984	193	0
985	203	0
986	193	0
987	198	0
988	196	0
989	183	0
990	200	0
991	185	0
992	219	0
993	205	0
994	198	0
995	199	0
996	207	0
997	190	0
998	207	0
999	187	0
1000	183	0
1001	196	0
1002	186	0
1003	205	0
1004	194	0
1005	194	0
1006	203	0
1007	199	0
1008	200	0
1009	193	0
1010	185	0
1011	189	0
1012	219	0
1013	173	0
1014	217	0
1015	185	0
1016	215	0
1017	220	0
1018	205	0
1019	210	0
1020	185	0
1021	190	0
1022	211	0
1023	208	0
1024	197	0
1025	198	0
1026	183	0
1027	190	0
1028	191	0
1029	192	0
1030	196	0
1031	209	0
1032	209	0
1033	196	0
1034	170	0
1035	173	0
1036	207	0
1037	212	0
1038	191	0
1039	204	0
1040	207	0
1041	195	0
1042	204	0
1043	217	0
1044	167	0
1045	211	0
1046	185	0
1047	219	0
1048	201	0
1049	222	0
1050	198	0
1051	166	0
1052	194	0
1053	204	0
1054	210	0
1055	201	0
1056	209	0
1057	201	0
1058	188	0
1059	196	0
1060	190	0
1061	191	0
1062	186	0
1063	212	0
1064	212	0
1065	190	0
1066	168	0
1067	197	0
1068	198	0
1069	223	0
1070	176	0
1071	210	0
1072	215	0
1073	181	0
1074	190	0
1075	208	0
1076	201	0
1077	199	0
1078	209	0
1079	169	0
1080	187	0
1081	231	0
1082	198	0
1083	193	0
1084	173	0
1085	186	0
1086	216	0
1087	188	0
1088	204	0
1089	208	0
1090	189	0
1091	210	0
1092	189	0
1093	186	0
1094	181	0
1095	219	0
1096	181	0
1097	207	0
1098	201	0
1099	200	0
1100	199	0
1101	200	0
1102	215	0
1103	193	0
1104	238	0
1105	221	0
1106	210	0
1107	206	0
1108	194	0
1109	193	0
1110	205	0
1111	203	0
1112	197	0
1113	222	0
1114	205	0
1115	215	0
1116	182	0
1117	182	0
1118	199	0
1119	218	0
1120	226	0
1121	214	0
1122	208	0
1123	199	0
1124	204	0
1125	200	0
1126	176	0
1127	190	0
1128	229	0
1129	184	0
1130	192	0
1131	199	0
1132	207	0
1133	175	0
1134	190	0
1135	188	0
1136	180	0
1137	188	0
1138	186	0
1139	197	0
1140	193	0
1141	192	0
1142	196	0
1143	204	0
1144	179	0
1145	203	0
1146	220	0
1147	245	0
1148	175	0
1149	181	0
1150	190	0
1151	201	0
1152	202	0
1153	192	0
1154	196	0
1155	165	0
1156	172	0
1157	200	0
1158	213	0
1159	193	0
1160	198	0
1161	195	0
1162	201	0
1163	177	0
1164	180	0
1165	205	0
1166	133	0
1167	184	0
1168	168	0
1169	202	0
1170	219	0
1171	201	0
1172	197	0
1173	187	0
1174	198	0
1175	186	0
1176	192	0
1177	200	0
1178	201	0
1179	235	0
1180	226	0
1181	215	0
1182	179	0
1183	204	0
1184	211	0
1185	220	0
1186	202	0
1187	204	0
1188	210	0
1189	211	0
1190	205	0
1191	191	0
1192	196	0
1193	201	0
1194	186	0
1195	196	0
1196	194	0
1197	210	0
1198	216	0
1199	189	0
1200	195	0
1201	193	0
1202	192	0
1203	213	0
1204	192	0
1205	195	0
1206	195	0
1207	184	0
1208	196	0
1209	226	0
1210	208	0
1211	184	0
1212	185	0
1213	190	0
1214	201	0
1215	194	0
1216	199	0
1217	209	0
1218	178	0
1219	185	0
1220	163	0
1221	209	0
1222	232	0
1223	181	0
1224	197	0
1225	209	0
1226	181	0
1227	194	0
1228	197	0
1229	197	0
1230	176	0
1231	185	0
1232	188	0
1233	203	0
1234	196	0
1235	184	0
1236	213	0
1237	189	0
1238	197	0
1239	217	0
1240	199	0
1241	208	0
1242	205	0
1243	195	0
1244	194	0
1245	204	0
1246	199	0
1247	179	0
1248	208	0
1249	187	0
1250	183	0
1251	175	0
1252	183	0
1253	180	0
1254	191	0
1255	200	0
1256	204	0
1257	215	0
1258	192	0
1259	200	0
1260	203	0
1261	197	0
1262	205	0
1263	165	0
1264	217	0
1265	211	0
1266	197	0
1267	194	0
1268	200	0
1269	229	0
1270	199	0
1271	201	0
1272	184	0
1273	184	0
1274	192	0
1275	218	0
1276	199	0
1277	185	0
1278	219	0
1279	204	0
1280	195	0
1281	185	0
1282	203	0
1283	204	0
1284	198	0
1285	198	0
1286	195	0
1287	202	0
1288	184	0
1289	188	0
1290	210	0
1291	205	0
1292	203	0
1293	183	0
1294	189	0
1295	197	0
1296	189	0
1297	174	0
1298	204	0
1299	216	0
1300	178	0
1301	192	0
1302	185	0
1303	195	0
1304	211	0
1305	182	0
1306	176	0
1307	184	0
1308	188	0
1309	189	0
1310	206	0
1311	201	0
1312	212	0
1313	204	0
1314	192	0
1315	179	0
1316	174	0
1317	181	0
1318	217	0
1319	193	0
1320	192	0
1321	186	0
1322	183	0
1323	228	0
1324	188	0
1325	193	0
1326	183	0
1327	207	0
1328	200	0
1329	206	0
1330	207	0
1331	196	0
1332	215	0
1333	192	0
1334	215	0
1335	174	0
1336	197	0
1337	191	0
1338	204	0
1339	217	0
1340	212	0
1341	173	0
1342	231	0
1343	203	0
1344	211	0
1345	181	0
1346	156	0
1347	189	0
1348	187	0
1349	200	0
1350	205	0
1351	202	0
1352	170	0
1353	210	0
1354	206	0
1355	187	0
1356	200	0
1357	185	0
1358	156	0
1359	197	0
1360	210	0
1361	192	0
1362	216	0
1363	187	0
1364	197	0
1365	192	0
1366	195	0
1367	202	0
1368	178	0
1369	191	0
1370	198	0
1371	165	0
1372	227	0
1373	189	0
1374	202	0
1375	160	0
1376	194	0
1377	198	0
1378	180	0
1379	196	0
1380	194	0
1381	192	0
1382	226	0
1383	213	0
1384	210	0
1385	215	0
1386	193	0
1387	191	0
1388	200	0
1389	209	0
1390	200	0
1391	211	0
1392	208	0
1393	173	0
1394	193	0
1395	181	0
1396	181	0
1397	203	0
1398	198	0
1399	193	0
1400	171	0
1401	211	0
1402	166	0
1403	196	0
1404	212	0
1405	205	0
1406	215	0
1407	189	0
1408	190	0
1409	198	0
1410	202	0
1411	220	0
1412	201	0
1413	227	0
1414	204	0
1415	197	0
1416	167	0
1417	184	0
1418	171	0
1419	194	0
1420	199	0
1421	232	0
1422	168	0
1423	211	0
1424	209	0
1425	203	0
1426	198	0
1427	186	0
1428	206	0
1429	177	0
1430	200	0
1431	193	0
1432	192	0
1433	194	0
1434	218	0
1435	203	0
1436	199	0
1437	189	0
1438	186	0
1439	213	0
1440	199	0
1441	191	0
1442	205	0
1443	177	0
1444	215	0
1445	210	0
1446	205	0
1447	183	0
1448	184	0
1449	213	0
1450	171	0
1451	212	0
1452	188	0
1453	181	0
1454	187	0
1455	209	0
1456	201	0
1457	186	0
1458	220	0
1459	198	0
1460	197	0
1461	182	0
1462	224	0
1463	209	0
1464	189	0
1465	186	0
1466	216	0
1467	169	0
1468	181	0
1469	199	0
1470	195	0
1471	216	0
1472	200	0
1473	192	0
1474	186	0
1475	208	0
1476	200	0
1477	228	0
1478	196	0
1479	189	0
1480	197	0
1481	191	0
1482	194	0
1483	178	0
1484	203	0
1485	190	0
1486	193	0
1487	191	0
1488	195	0
1489	187	0
1490	201	0
1491	187	0
1492	211	0
1493	217	0
1494	187	0
1495	179	0
1496	210	0
1497	191	0
1498	201	0
1499	178	0
1500	163	0
1501	181	0
1502	193	0
1503	187	0
1504	172	0
1505	191	0
1506	209	0
1507	207	0
1508	207	0
1509	200	0
1510	179	0
1511	212	0
1512	171	0
1513	208	0
1514	174	0
1515	203	0
1516	178	0
1517	177	0
1518	195	0
1519	189	0
1520	212	0
1521	185	0
1522	197	0
1523	189	0
1524	201	0
1525	209	0
1526	194	0
1527	192	0
1528	176	0
1529	187	0
1530	191	0
1531	169	0
1532	179	0
1533	216	0
1534	205	0
1535	187	0
1536	201	0
1537	191	0
1538	210	0
1539	225	0
1540	216	0
1541	174	0
1542	202	0
1543	232	0
1544	192	0
1545	206	0
1546	184	0
1547	186	0
1548	207	0
1549	213	0
1550	193	0
1551	205	0
1552	217	0
1553	201	0
1554	190	0
1555	191	0
1556	206	0
1557	165	0
1558	205	0
1559	197	0
1560	184	0
1561	210	0
1562	190	0
1563	179	0
1564	222	0
1565	200	0
1566	220	0
1567	208	0
1568	203	0
1569	191	0
1570	202	0
1571	199	0
1572	199	0
1573	193	0
1574	223	0
1575	182	0
1576	179	0
1577	210	0
1578	209	0
1579	210	0
1580	203	0
1581	181	0
1582	175	0
1583	211	0
1584	185	0
1585	218	0
1586	200	0
1587	208	0
1588	196	0
1589	172	0
1590	212	0
1591	186	0
1592	200	0
1593	193	0
1594	216	0
1595	213	0
1596	190	0
1597	199	0
1598	198	0
1599	177	0
1600	172	0
1601	179	0
1602	169	0
1603	189	0
1604	199	0
1605	186	0
1606	187	0
1607	181	0
1608	177	0
1609	172	0
1610	183	0
1611	213	0
1612	210	0
1613	190	0
1614	215	0
1615	184	0
1616	219	0
1617	185	0
1618	202	0
1619	187	0
1620	204	0
1621	209	0
1622	188	0
1623	229	0
1624	231	0
1625	209	0
1626	208	0
1627	208	0
1628	191	0
1629	202	0
1630	211	0
1631	192	0
1632	187	0
1633	217	0
1634	182	0
1635	178	0
1636	174	0
1637	180	0
1638	205	0
1639	188	0
1640	219	0
1641	192	0
1642	184	0
1643	198	0
1644	227	0
1645	169	0
1646	186	0
1647	179	0
1648	203	0
1649	208	0
1650	174	0
1651	200	0
1652	182	0
1653	187	0
1654	188	0
1655	193	0
1656	203	0
1657	173	0
1658	197	0
1659	176	0
1660	205	0
1661	201	0
1662	192	0
1663	189	0
1664	190	0
1665	206	0
1666	188	0
1667	199	0
1668	209	0
1669	200	0
1670	203	0
1671	200	0
1672	200	0
1673	219	0
1674	214	0
1675	195	0
1676	159	0
1677	196	0
1678	190	0
1679	194	0
1680	191	0
1681	188	0
1682	191	0
1683	201	0
1684	200	0
1685	170	0
1686	201	0
1687	191	0
1688	204	0
1689	182	0
1690	195	0
1691	202	0
1692	240	0
1693	189	0
1694	201	0
1695	214	0
1696	219	0
1697	182	0
1698	192	0
1699	190	0
1700	202	0
1701	192	0
1702	208	0
1703	194	0
1704	195	0
1705	185	0
1706	204	0
1707	190	0
1708	191	0
1709	188	0
1710	206	0
1711	194	0
1712	192	0
1713	199	0
1714	200	0
1715	190	0
1716	200	0
1717	181	0
1718	198	0
1719	212	0
1720	219	0
1721	234	0
1722	201	0
1723	194	0
1724	191	0
1725	189	0
1726	190	0
1727	186	0
1728	200	0
1729	229	0
1730	207	0
1731	180	0
1732	225	0
1733	191	0
1734	223	0
1735	182	0
1736	208	0
1737	161	0
1738	208	0
1739	193	0
1740	205	0
1741	211	0
1742	194	0
1743	192	0
1744	216	0
1745	191	0
1746	187	0
1747	196	0
1748	185	0
1749	185	0
1750	199	0
1751	211	0
1752	184	0
1753	211	0
1754	197	0
1755	211	0
1756	190	0
1757	213	0
1758	194	0
1759	190	0
1760	218	0
1761	218	0
1762	191	0
1763	192	0
1764	210	0
1765	182	0
1766	184	0
1767	198	0
1768	193	0
1769	225	0
1770	201	0
1771	194	0
1772	207	0
1773	192	0
1774	186	0
1775	181	0
1776	213	0
1777	187	0
1778	207	0
1779	216	0
1780	208	0
1781	199	0
1782	196	0
1783	185	0
1784	211	0
1785	209	0
1786	197	0
1787	200	0
1788	219	0
1789	199	0
1790	201	0
1791	185	0
1792	190	0
1793	218	0
1794	202	0
1795	197	0
1796	191	0
1797	216	0
1798	184	0
1799	184	0
1800	183	0
1801	193	0
1802	197	0
1803	214	0
1804	189	0
1805	198	0
1806	216	0
1807	195	0
1808	215	0
1809	210	0
1810	173	0
1811	186	0
1812	196	0
1813	215	0
1814	177	0
1815	212	0
1816	197	0
1817	201	0
1818	229	0
1819	204	0
1820	196	0
1821	190	0
1822	196	0
1823	181	0
1824	206	0
1825	193	0
1826	205	0
1827	188	0
1828	195	0
1829	203	0
1830	191	0
1831	203	0
1832	197	0
1833	215	0
1834	197	0
1835	177	0
1836	189	0
1837	203	0
1838	224	0
1839	188	0
1840	203	0
1841	222	0
1842	208	0
1843	204	0
1844	206	0
1845	211	0
1846	182	0
1847	184	0
1848	202	0
1849	201	0
1850	175	0
1851	190	0
1852	188	0
1853	217	0
1854	207	0
1855	177	0
1856	211	0
1857	205	0
1858	210	0
1859	183	0
1860	206	0
1861	190	0
1862	207	0
1863	199	0
1864	202	0
1865	211	0
1866	190	0
1867	185	0
1868	214	0
1869	185	0
1870	215	0
1871	211	0
1872	195	0
1873	194	0
1874	190	0
1875	209	0
1876	212	0
1877	202	0
1878	221	0
1879	205	0
1880	207	0
1881	186	0
1882	201	0
1883	203	0
1884	161	0
1885	196	0
1886	203	0
1887	188	0
1888	225	0
1889	195	0
1890	190	0
1891	211	0
1892	202	0
1893	204	0
1894	204	0
1895	190	0
1896	202	0
1897	219	0
1898	193	0
1899	178	0
1900	199	0
1901	206	0
1902	216	0
1903	204	0
1904	178	0
1905	202	0
1906	201	0
1907	197	0
1908	178	0
1909	206	0
1910	212	0
1911	183	0
1912	229	0
1913	199	0
1914	211	0
1915	215	0
1916	165	0
1917	189	0
1918	219	0
1919	209	0
1920	211	0
1921	197	0
1922	197	0
1923	216	0
1924	204	0
1925	226	0
1926	195	0
1927	173	0
1928	198	0
1929	187	0
1930	181	0
1931	194	0
1932	183	0
1933	198	0
1934	213	0
1935	196	0
1936	197	0
1937	173	0
1938	190	0
1939	202	0
1940	208	0
1941	194	0
1942	205	0
1943	180	0
1944	179	0
1945	164	0
1946	210	0
1947	199	0
1948	208	0
1949	192	0
1950	177	0
1951	196	0
1952	173	0
1953	191	0
1954	200	0
1955	180	0
1956	219	0
1957	205	0
1958	200	0
1959	208	0
1960	191	0
1961	233	0
1962	190	0
1963	227	0
1964	193	0
1965	180	0
1966	193	0
1967	212	0
1968	175	0
1969	210	0
1970	197	0
1971	221	0
1972	179	0
1973	200	0
1974	174	0
1975	193	0
1976	219	0
1977	197	0
1978	192	0
1979	205	0
1980	210	0
1981	197	0
1982	208	0
1983	202	0
1984	213	0
1985	182	0
1986	191	0
1987	206	0
1988	189	0
1989	207	0
1990	180	0
1991	214	0
1992	191	0
1993	187	0
1994	177	0
1995	191	0
1996	182	0
1997	226	0
1998	199	0
1999	202	0
2000	202	0
2001	204	0
2002	203	0
2003	190	0
2004	217	0
2005	211	0
2006	188	0
2007	209	0
2008	179	0
2009	196	0
2010	193	0
2011	214	0
2012	191	0
2013	186	0
2014	187	0
2015	192	0
2016	197	0
2017	217	0
2018	191	0
2019	194	0
2020	185	0
2021	215	0
2022	193	0
2023	197	0
2024	202	0
2025	181	0
2026	204	0
2027	197	0
2028	199	0
2029	194	0
2030	202	0
2031	206	0
2032	199	0
2033	170	0
2034	177	0
2035	173	0
2036	186	0
2037	176	0
2038	200	0
2039	203	0
2040	198	0
2041	207	0
2042	193	0
2043	213	0
2044	185	0
2045	188	0
2046	184	0
2047	188	0
2048	182	0
2049	190	0
2050	209	0
2051	212	0
2052	183	0
2053	219	0
2054	217	0
2055	209	0
2056	180	0
2057	183	0
2058	198	0
2059	178	0
2060	201	0
2061	187	0
2062	160	0
2063	207	0
2064	212	0
2065	203	0
2066	161	0
2067	162	0
2068	193	0
2069	190	0
2070	188	0
2071	181	0
2072	218	0
2073	215	0
2074	226	0
2075	210	0
2076	180	0
2077	189	0
2078	196	0
2079	187	0
2080	230	0
2081	203	0
2082	199	0
2083	197	0
2084	191	0
2085	185	0
2086	206	0
2087	193	0
2088	208	0
2089	213	0
2090	226	0
2091	186	0
2092	210	0
2093	178	0
2094	173	0
2095	206	0
2096	200	0
2097	242	0
2098	200	0
2099	192	0
2100	212	0
2101	225	0
2102	171	0
2103	212	0
2104	198	0
2105	213	0
2106	193	0
2107	191	0
2108	208	0
2109	187	0
2110	192	0
2111	189	0
2112	204	0
2113	191	0
2114	171	0
2115	209	0
2116	192	0
2117	193	0
2118	194	0
2119	183	0
2120	206	0
2121	188	0
2122	183	0
2123	203	0
2124	201	0
2125	190	0
2126	205	0
2127	193	0
2128	185	0
2129	168	0
2130	212	0
2131	187	0
2132	209	0
2133	207	0
2134	202	0
2135	213	0
2136	180	0
2137	213	0
2138	213	0
2139	196	0
2140	171	0
2141	194	0
2142	200	0
2143	195	0
2144	210	0
2145	181	0
2146	164	0
2147	207	0
2148	208	0
2149	174	0
2150	199	0
2151	184	0
2152	186	0
2153	189	0
2154	211	0
2155	197	0
2156	221	0
2157	196	0
2158	214	0
2159	206	0
2160	172	0
2161	204	0
2162	215	0
2163	188	0
2164	214	0
2165	212	0
2166	217	0
2167	187	0
2168	196	0
2169	221	0
2170	191	0
2171	216	0
2172	198	0
2173	238	0
2174	202	0
2175	225	0
2176	204	0
2177	174	0
2178	179	0
2179	194	0
2180	214	0
2181	225	0
2182	192	0
2183	181	0
2184	187	0
2185	196	0
2186	182	0
2187	190	0
2188	190	0
2189	181	0
2190	177	0
2191	194	0
2192	212	0
2193	188	0
2194	227	0
2195	198	0
2196	209	0
2197	198	0
2198	202	0
2199	216	0
2200	196	0
2201	170	0
2202	200	0
2203	172	0
2204	204	0
2205	177	0
2206	204	0
2207	219	0
2208	200	0
2209	217	0
2210	182	0
2211	172	0
2212	188	0
2213	181	0
2214	195	0
2215	178	0
2216	178	0
2217	201	0
2218	206	0
2219	207	0
2220	200	0
2221	221	0
2222	172	0
2223	220	0
2224	207	0
2225	207	0
2226	194	0
2227	163	0
2228	196	0
2229	190	0
2230	180	0
2231	216	0
2232	177	0
2233	207	0
2234	208	0
2235	225	0
2236	195	0
2237	173	0
2238	177	0
2239	205	0
2240	187	0
2241	205	0
2242	196	0
2243	197	0
2244	190	0
2245	211	0
2246	204	0
2247	194	0
2248	186	0
2249	198	0
2250	201	0
2251	202	0
2252	210	0
2253	228	0
2254	194	0
2255	183	0
2256	202	0
2257	193	0
2258	187	0
2259	204	0
2260	193	0
2261	177	0
2262	203	0
2263	199	0
2264	158	0
2265	215	0
2266	195	0
2267	220	0
2268	198	0
2269	209	0
2270	196	0
2271	193	0
2272	174	0
2273	191	0
2274	218	0
2275	202	0
2276	187	0
2277	204	0
2278	194	0
2279	205	0
2280	229	0
2281	155	0
2282	170	0
2283	194	0
2284	202	0
2285	172	0
2286	208	0
2287	227	0
2288	191	0
2289	201	0
2290	178	0
2291	223	0
2292	182	0
2293	183	0
2294	180	0
2295	212	0
2296	192	0
2297	192	0
2298	207	0
2299	214	0
2300	188	0
2301	180	0
2302	220	0
2303	190	0
2304	207	0
2305	193	0
2306	195	0
2307	190	0
2308	188	0
2309	192	0
2310	202	0
2311	206	0
2312	200	0
2313	186	0
2314	184	0
2315	196	0
2316	177	0
2317	200	0
2318	206	0
2319	194	0
2320	184	0
2321	181	0
2322	208	0
2323	204	0
2324	207	0
2325	199	0
2326	231	0
2327	187	0
2328	221	0
2329	201	0
2330	179	0
2331	205	0
2332	193	0
2333	186	0
2334	196	0
2335	205	0
2336	223	0
2337	187	0
2338	205	0
2339	203	0
2340	227	0
2341	205	0
2342	205	0
2343	211	0
2344	180	0
2345	200	0
2346	173	0
2347	187	0
2348	195	0
2349	166	0
2350	188	0
2351	192	0
2352	201	0
2353	178	0
2354	202	0
2355	192	0
2356	228	0
2357	210	0
2358	172	0
2359	185	0
2360	197	0
2361	191	0
2362	178	0
2363	189	0
2364	186	0
2365	198	0
2366	154	0
2367	201	0
2368	179	0
2369	205	0
2370	186	0
2371	194	0
2372	199	0
2373	208	0
2374	179	0
2375	188	0
2376	192	0
2377	204	0
2378	181	0
2379	183	0
2380	200	0
2381	211	0
2382	221	0
2383	217	0
2384	223	0
2385	200	0
2386	211	0
2387	229	0
2388	200	0
2389	189	0
2390	221	0
2391	201	0
2392	191	0
2393	212	0
2394	194	0
2395	221	0
2396	211	0
2397	201	0
2398	184	0
2399	171	0
2400	214	0
2401	197	0
2402	201	0
2403	215	0
2404	197	0
2405	183	0
2406	221	0
2407	207	0
2408	223	0
2409	219	0
2410	202	0
2411	216	0
2412	212	0
2413	175	0
2414	186	0
2415	209	0
2416	210	0
2417	188	0
2418	208	0
2419	182	0
2420	203	0
2421	200	0
2422	181	0
2423	206	0
2424	191	0
2425	198	0
2426	182	0
2427	192	0
2428	205	0
2429	210	0
2430	194	0
2431	202	0
2432	177	0
2433	216	0
2434	226	0
2435	195	0
2436	206	0
2437	197	0
2438	209	0
2439	190	0
2440	201	0
2441	177	0
2442	218	0
2443	182	0
2444	190	0
2445	202	0
2446	202	0
2447	188	0
2448	226	0
2449	196	0
2450	191	0
2451	188	0
2452	178	0
2453	209	0
2454	205	0
2455	200	0
2456	196	0
2457	200	0
2458	159	0
2459	180	0
2460	180	0
2461	202	0
2462	167	0
2463	201	0
2464	177	0
2465	194	0
2466	230	0
2467	192	0
2468	188	0
2469	173	0
2470	179	0
2471	215	0
2472	231	0
2473	200	0
2474	195	0
2475	226	0
2476	184	0
2477	227	0
2478	194	0
2479	188	0
2480	185	0
2481	208	0
2482	210	0
2483	205	0
2484	202	0
2485	211	0
2486	182	0
2487	210	0
2488	194	0
2489	205	0
2490	191	0
2491	176	0
2492	216	0
2493	201	0
2494	215	0
2495	167	0
2496	196	0
2497	184	0
2498	178	0
2499	213	0
2500	184	0
2501	203	0
2502	160	0
2503	203	0
2504	221	0
2505	219	0
2506	170	0
2507	202	0
2508	192	0
2509	214	0
2510	189	0
2511	195	0
2512	197	0
2513	206	0
2514	174	0
2515	206	0
2516	180	0
2517	212	0
2518	194	0
2519	199	0
2520	198	0
2521	190	0
2522	188	0
2523	193	0
2524	199	0
2525	207	0
2526	195	0
2527	208	0
2528	206	0
2529	211	0
2530	187	0
2531	206	0
2532	187	0
2533	220	0
2534	192	0
2535	212	0
2536	189	0
2537	201	0
2538	208	0
2539	197	0
2540	190	0
2541	203	0
2542	211	0
2543	190	0
2544	177	0
2545	174	0
2546	188	0
2547	188	0
2548	204	0
2549	207	0
2550	189	0
2551	180	0
2552	201	0
2553	201	0
2554	209	0
2555	211	0
2556	212	0
2557	193	0
2558	227	0
2559	207	0
2560	195	0
2561	204	0
2562	190	0
2563	169	0
2564	190	0
2565	176	0
2566	188	0
2567	180	0
2568	211	0
2569	216	0
2570	213	0
2571	187	0
2572	192	0
2573	201	0
2574	201	0
2575	181	0
2576	189	0
2577	206	0
2578	212	0
2579	193	0
2580	204	0
2581	186	0
2582	193	0
2583	198	0
2584	185	0
2585	190	0
2586	189	0
2587	202	0
2588	204	0
2589	207	0
2590	212	0
2591	198	0
2592	190	0
2593	198	0
2594	219	0
2595	197	0
2596	217	0
2597	206	0
2598	183	0
2599	204	0
2600	215	0
2601	201	0
2602	182	0
2603	191	0
2604	216	0
2605	204	0
2606	208	0
2607	200	0
2608	169	0
2609	189	0
2610	215	0
2611	199	0
2612	179	0
2613	212	0
2614	173	0
2615	212	0
2616	199	0
2617	207	0
2618	213	0
2619	212	0
2620	208	0
2621	181	0
2622	204	0
2623	190	0
2624	217	0
2625	198	0
2626	205	0
2627	202	0
2628	210	0
2629	202	0
2630	189	0
2631	183	0
2632	223	0
2633	185	0
2634	216	0
2635	178	0
2636	195	0
2637	218	0
2638	201	0
2639	202	0
2640	195	0
2641	223	0
2642	187	0
2643	194	0
2644	202	0
2645	191	0
2646	194	0
2647	214	0
2648	199	0
2649	205	0
2650	172	0
2651	218	0
2652	186	0
2653	208	0
2654	190	0
2655	184	0
2656	188	0
2657	185	0
2658	185	0
2659	189	0
2660	205	0
2661	189	0
2662	204	0
2663	191	0
2664	196	0
2665	154	0
2666	209	0
2667	187	0
2668	215	0
2669	214	0
2670	191	0
2671	193	0
2672	164	0
2673	199	0
2674	196	0
2675	210	0
2676	200	0
2677	191	0
2678	203	0
2679	193	0
2680	188	0
2681	190	0
2682	212	0
2683	192	0
2684	196	0
2685	199	0
2686	201	0
2687	216	0
2688	218	0
2689	195	0
2690	181	0
2691	200	0
2692	190	0
2693	206	0
2694	184	0
2695	186	0
2696	194	0
2697	203	0
2698	207	0
2699	199	0
2700	191	0
2701	209	0
2702	181	0
2703	209	0
2704	194	0
2705	192	0
2706	195	0
2707	187	0
2708	190	0
2709	202	0
2710	188	0
2711	199	0
2712	203	0
2713	207	0
2714	174	0
2715	175	0
2716	202	0
2717	191	0
2718	211	0
2719	178	0
2720	212	0
2721	193	0
2722	194	0
2723	193	0
2724	226	0
2725	218	0
2726	204	0
2727	193	0
2728	182	0
2729	218	0
2730	215	0
2731	170	0
2732	182	0
2733	199	0
2734	189	0
2735	183	0
2736	195	0
2737	204	0
2738	207	0
2739	185	0
2740	203	0
2741	195	0
2742	214	0
2743	193	0
2744	203	0
2745	175	0
2746	194	0
2747	214	0
2748	207	0
2749	158	0
2750	196	0
2751	170	0
2752	193	0
2753	192	0
2754	174	0
2755	199	0
2756	198	0
2757	200	0
2758	204	0
2759	180	0
2760	227	0
2761	224	0
2762	174	0
2763	233	0
2764	212	0
2765	179	0
2766	184	0
2767	185	0
2768	194	0
2769	205	0
2770	195	0
2771	196	0
2772	219	0
2773	213	0
2774	174	0
2775	206	0
2776	202	0
2777	201	0
2778	179	0
2779	203	0
2780	189	0
2781	204	0
2782	209	0
2783	209	0
2784	173	0
2785	199	0
2786	200	0
2787	187	0
2788	194	0
2789	199	0
2790	180	0
2791	205	0
2792	194	0
2793	191	0
2794	214	0
2795	193	0
2796	188	0
2797	201	0
2798	214	0
2799	170	0
2800	191	0
2801	195	0
2802	192	0
2803	179	0
2804	213	0
2805	204	0
2806	169	0
2807	204	0
2808	196	0
2809	192	0
2810	215	0
2811	218	0
2812	201	0
2813	194	0
2814	176	0
2815	193	0
2816	207	0
2817	219	0
2818	216	0
2819	210	0
2820	201	0
2821	230	0
2822	194	0
2823	174	0
2824	183	0
2825	197	0
2826	189	0
2827	176	0
2828	191	0
2829	182	0
2830	209	0
2831	209	0
2832	172	0
2833	185	0
2834	201	0
2835	181	0
2836	180	0
2837	207	0
2838	200	0
2839	183	0
2840	195	0
2841	199	0
2842	215	0
2843	191	0
2844	200	0
2845	202	0
2846	198	0
2847	194	0
2848	167	0
2849	197	0
2850	190	0
2851	205	0
2852	194	0
2853	177	0
2854	191	0
2855	187	0
2856	192	0
2857	185	0
2858	180	0
2859	189	0
2860	207	0
2861	192	0
2862	188	0
2863	185	0
2864	188	0
2865	219	0
2866	208	0
2867	206	0
2868	191	0
2869	166	0
2870	205	0
2871	183	0
2872	189	0
2873	203	0
2874	199	0
2875	178	0
2876	196	0
2877	184	0
2878	194	0
2879	193	0
2880	169	0
2881	181	0
2882	195	0
2883	212	0
2884	198	0
2885	207	0
2886	194	0
2887	200	0
2888	213	0
2889	167	0
2890	178	0
2891	184	0
2892	195	0
2893	215	0
2894	191	0
2895	211	0
2896	187	0
2897	192	0
2898	222	0
2899	204	0
2900	213	0
2901	186	0
2902	195	0
2903	182	0
2904	180	0
2905	188	0
2906	200	0
2907	187	0
2908	176	0
2909	207	0
2910	198	0
2911	179	0
2912	186	0
2913	183	0
2914	180	0
2915	185	0
2916	208	0
2917	213	0
2918	208	0
2919	200	0
2920	201	0
2921	188	0
2922	198	0
2923	217	0
2924	183	0
2925	196	0
2926	219	0
2927	225	0
2928	183	0
2929	213	0
2930	197	0
2931	194	0
2932	174	0
2933	196	0
2934	167	0
2935	210	0
2936	182	0
2937	189	0
2938	210	0
2939	187	0
2940	212	0
2941	191	0
2942	192	0
2943	198	0
2944	185	0
2945	186	0
2946	203	0
2947	197	0
2948	198	0
2949	191	0
2950	191	0
2951	178	0
2952	184	0
2953	177	0
2954	202	0
2955	183	0
2956	215	0
2957	201	0
2958	185	0
2959	187	0
2960	185	0
2961	208	0
2962	190	0
2963	210	0
2964	198	0
2965	208	0
2966	180	0
2967	191	0
2968	212	0
2969	184	0
2970	201	0
2971	192	0
2972	203	0
2973	231	0
2974	194	0
2975	203	0
2976	195	0
2977	193	0
2978	195	0
2979	199	0
2980	187	0
2981	165	0
2982	210	0
2983	192	0
2984	200	0
2985	197	0
2986	213	0
2987	197	0
2988	187	0
2989	199	0
2990	186	0
2991	197	0
2992	225	0
2993	214	0
2994	176	0
2995	192	0
2996	196	0
2997	183	0
2998	222	0
2999	198	0
3000	195	0
