1	190	0
2	211	0
3	217	0
4	167	0
5	209	0
6	188	0
7	205	0
8	189	0
9	186	0
10	212	0
11	205	0
12	218	0
13	198	0
14	212	0
15	200	0
16	192	0
17	216	0
18	172	0
19	188	0
20	186	0
21	200	0
22	216	0
23	172	0
24	198	0
25	180	0
26	177	0
27	210	0
28	188	0
29	215	0
30	202	0
31	218	0
32	193	0
33	208	0
34	184	0
35	176	0
36	195	0
37	201	0
38	198	0
39	170	0
40	191	0
41	180	0
42	213	0
43	191	0
44	176	0
45	226	0
46	200	0
47	201	0
48	219	0
49	203	0
50	176	0
51	178	0
52	191	0
53	192	0
54	173	0
55	222	0
56	200	0
57	199	0
58	175	0
59	199	0
60	195	0
61	202	0
62	197	0
63	206	0
64	208	0
65	171	0
66	220	0
67	208	0
68	205	0
69	214	0
70	178	0
71	198	0
72	205	0
73	195	0
74	192	0
75	199	0
76	171	0
77	218	0
78	198	0
79	209	0
80	183	0
81	196	0
82	193	0
83	192	0
84	206	0
85	200	0
86	180	0
87	193	0
88	178	0
89	197	0
90	188	0
91	209	0
92	219	0
93	199	0
94	179	0
95	188	0
96	183	0
97	199	0
98	189	0
99	178	0
100	170	0
101	188	0
102	200	0
103	187	0
104	183	0
105	202	0
106	188	0
107	210	0
108	181	0
109	231	0
110	224	0
111	202	0
112	199	0
113	215	0
114	204	0
115	210	0
116	195	0
117	191	0
118	201	0
119	198	0
120	194	0
121	185	0
122	191	0
123	198	0
124	194	0
125	176	0
126	208	0
127	177	0
128	209	0
129	182	0
130	208	0
131	172	0
132	194	0
133	192	0
134	192	0
135	202	0
136	236	0
137	181	0
138	188	0
139	187	0
140	210	0
141	199	0
142	180	0
143	190	0
144	210	0
145	191	0
146	203	0
147	196	0
148	194	0
149	202	0
150	197	0
151	209	0
152	190	0
153	192	0
154	199	0
155	196	0
156	197	0
157	185	0
158	204	0
159	162	0
160	199	0
161	202	0
162	217	0
163	187	0
164	194	0
165	205	0
166	197	0
167	184	0
168	178	0
169	184	0
170	221	0
171	188	0
172	203	0
173	190	0
174	203	0
175	198	0
176	174	0
177	177	0
178	205	0
179	225	0
180	192	0
181	204	0
182	194	0
183	221	0
184	204	0
185	182	0
186	195	0
187	195	0
188	193	0
189	194	0
190	180	0
191	201	0
192	198	0
193	204	0
194	187	0
195	178	0
196	198	0
197	211	0
198	190	0
199	224	0
200	203	0
201	216	0
202	176	0
203	179	0
204	195	0
205	198	0
206	202	0
207	220	0
208	191	0
209	184	0
210	196	0
211	202	0
212	213	0
213	191	0
214	200	0
215	184	0
216	205	0
217	211	0
218	197	0
219	180	0
220	196	0
221	203	0
222	210	0
223	211	0
224	214	0
225	203	0
226	188	0
227	223	0
228	189	0
229	209	0
230	154	0
231	198	0
232	185	0
233	196	0
234	198	0
235	198	0
236	181	0
237	209	0
238	200	0
239	196	0
240	211	0
241	184	0
242	206	0
243	197	0
244	196	0
245	189	0
246	197	0
247	189	0
248	173	0
249	215	0
250	218	0
251	203	0
252	181	0
253	225	0
254	183	0
255	170	0
256	182	0
257	189	0
258	199	0
259	190	0
260	200	0
261	195	0
262	183	0
263	180	0
264	188	0
265	191	0
266	230	0
267	200	0
268	182	0
269	187	0
270	215	0
271	191	0
272	195	0
273	191	0
274	198	0
275	224	0
276	200	0
277	208	0
278	210	0
279	209	0
280	186	0
281	176	0
282	183	0
283	197	0
284	192	0
285	217	0
286	206	0
287	226	0
288	181	0
289	172	0
290	212	0
291	226	0
292	185	0
293	202	0
294	211	0
295	198	0
296	179	0
297	191	0
298	208	0
299	206	0
300	189	0
301	177	0
302	192	0
303	194	0
304	181	0
305	185	0
306	192	0
307	180	0
308	193	0
309	190	0
310	207	0
311	195	0
312	195	0
313	171	0
314	208	0
315	199	0
316	182	0
317	180	0
318	172	0
319	186	0
320	188	0
321	205	0
322	195	0
323	183	0
324	219	0
325	221	0
326	206	0
327	204	0
328	197	0
329	181	0
330	211	0
331	171	0
332	208	0
333	196	0
334	207	0
335	191	0
336	205	0
337	191	0
338	166	0
339	225	0
340	195	0
341	204	0
342	205	0
343	196	0
344	180	0
345	225	0
346	181	0
347	180	0
348	185	0
349	198	0
350	223	0
351	219	0
352	198	0
353	191	0
354	192	0
355	179	0
356	192	0
357	202	0
358	181	0
359	216	0
360	198	0
361	187	0
362	191	0
363	203	0
364	208	0
365	214	0
366	170	0
367	197	0
368	189	0
369	187	0
370	205	0
371	199	0
372	183	0
373	174	0
374	195	0
375	188	0
376	201	0
377	184	0
378	190	0
379	204	0
380	215	0
381	218	0
382	203	0
383	221	0
384	228	0
385	204	0
386	183	0
387	217	0
388	197	0
389	198	0
390	203	0
391	200	0
392	200	0
393	163	0
394	192	0
395	179	0
396	201	0
397	203	0
398	186	0
399	197	0
400	198	0
401	216	0
402	191	0
403	210	0
404	210	0
405	210	0
406	148	0
407	177	0
408	195	0
409	187	0
410	210	0
411	193	0
412	202	0
413	200	0
414	224	0
415	210	0
416	173	0
417	221	0
418	185	0
419	209	0
420	221	0
421	203	0
422	193	0
423	213	0
424	188	0
425	199	0
426	210	0
427	192	0
428	196	0
429	185	0
430	210	0
431	207	0
432	194	0
433	200	0
434	209	0
435	197	0
436	197	0
437	217	0
438	213	0
439	220	0
440	184	0
441	220	0
442	190	0
443	177	0
444	201	0
445	191	0
446	203	0
447	161	0
448	193	0
449	191	0
450	203	0
451	172	0
452	189	0
453	192	0
454	186	0
455	202	0
456	178	0
457	184	0
458	186	0
459	184	0
460	179	0
461	206	0
462	213	0
463	173	0
464	201	0
465	194	0
466	232	0
467	202	0
468	209	0
469	208	0
470	175	0
471	180	0
472	210	0
473	193	0
474	206	0
475	219	0
476	181	0
477	168	0
478	184	0
479	192	0
480	189	0
481	214	0
482	182	0
483	216	0
484	191	0
485	191	0
486	195	0
487	186	0
488	188	0
489	180	0
490	208	0
491	195	0
492	185	0
493	175	0
494	224	0
495	183	0
496	190	0
497	220	0
498	192	0
499	192	0
500	194	0
501	164	0
502	187	0
503	200	0
504	194	0
505	191	0
506	203	0
507	208	0
508	196	0
509	192	0
510	201	0
511	203	0
512	223	0
513	191	0
514	193	0
515	175	0
516	202	0
517	216	0
518	184	0
519	183	0
520	187	0
521	194	0
522	190	0
523	186	0
524	229	0
525	179	0
526	199	0
527	183	0
528	191	0
529	208	0
530	173	0
531	205	0
532	185	0
533	204	0
534	198	0
535	202	0
536	202	0
537	199	0
538	188	0
539	186	0
540	182	0
541	206	0
542	215	0
543	210	0
544	210	0
545	210	0
546	189	0
547	206	0
548	191	0
549	202	0
550	219	0
551	206	0
552	209	0
553	205	0
554	203	0
555	199	0
556	190	0
557	198	0
558	206	0
559	210	0
560	207	0
561	188	0
562	212	0
563	215	0
564	189	0
565	194	0
566	197	0
567	204	0
568	202	0
569	192	0
570	179	0
571	199	0
572	212	0
573	203	0
574	204	0
575	198	0
576	174	0
577	196	0
578	206	0
579	215	0
580	174	0
581	173	0
582	208	0
583	192	0
584	229	0
585	194	0
586	172	0
587	213	0
588	207	0
589	211	0
590	197	0
591	172	0
592	203	0
593	201	0
594	215	0
595	192	0
596	190	0
597	199	0
598	174	0
599	193	0
600	195	0
601	201	0
602	198	0
603	207	0
604	203	0
605	210	0
606	181	0
607	174	0
608	188	0
609	185	0
610	195	0
611	214	0
612	188	0
613	177	0
614	222	0
615	179	0
616	205	0
617	207	0
618	219	0
619	196	0
620	185	0
621	192	0
622	195	0
623	215	0
624	191	0
625	216	0
626	200	0
627	203	0
628	196	0
629	176	0
630	164	0
631	201	0
632	196	0
633	213	0
634	211	0
635	205	0
636	225	0
637	156	0
638	181	0
639	197	0
640	194	0
641	212	0
642	199	0
643	189	0
644	216	0
645	186	0
646	173	0
647	208	0
648	202	0
649	193	0
650	215	0
651	222	0
652	201	0
653	206	0
654	181	0
655	198	0
656	213	0
657	174	0
658	201	0
659	206	0
660	196	0
661	154	0
662	181	0
663	212	0
664	187	0
665	192	0
666	177	0
667	182	0
668	187	0
669	191	0
670	175	0
671	209	0
672	195	0
673	188	0
674	208	0
675	196	0
676	197	0
677	182	0
678	218	0
679	207	0
680	177	0
681	233	0
682	177	0
683	195	0
684	203	0
685	199	0
686	197	0
687	192	0
688	193	0
689	201	0
690	186	0
691	188	0
692	200	0
693	162	0
694	186	0
695	190	0
696	190	0
697	158	0
698	177	0
699	192	0
700	182	0
701	196	0
702	192	0
703	183	0
704	173	0
705	197	0
706	208	0
707	182	0
708	189	0
709	208	0
710	173	0
711	223	0
712	181	0
713	180	0
714	186	0
715	225	0
716	201	0
717	157	0
718	196	0
719	191	0
720	197	0
721	200	0
722	207	0
723	190	0
724	223	0
725	199	0
726	200	0
727	202	0
728	183	0
729	195	0
730	182	0
731	179	0
732	188	0
733	215	0
734	221	0
735	213	0
736	187	0
737	215	0
738	178	0
739	196	0
740	204	0
741	207	0
742	205	0
743	190	0
744	208	0
745	170	0
746	174	0
747	178	0
748	182	0
749	203	0
750	168	0
751	193	0
752	184	0
753	223	0
754	166	0
755	176	0
756	216	0
757	213	0
758	164	0
759	218	0
760	224	0
761	195	0
762	203	0
763	199	0
764	202	0
765	200	0
766	186	0
767	200	0
768	202	0
769	171	0
770	205	0
771	224	0
772	184	0
773	202	0
774	192	0
775	197	0
776	180	0
777	207	0
778	201	0
779	197	0
780	210	0
781	201	0
782	172	0
783	230	0
784	218	0
785	193	0
786	202	0
787	165	0
788	207	0
789	202	0
790	191	0
791	172	0
792	175	0
793	201	0
794	180	0
795	193	0
796	191	0
797	190	0
798	187	0
799	186	0
800	186	0
801	198	0
802	227	0
803	199	0
804	183	0
805	211	0
806	203	0
807	207	0
808	199	0
809	233	0
810	177	0
811	219	0
812	174	0
813	191	0
814	200	0
815	210	0
816	185	0
817	206	0
818	205	0
819	194	0
820	215	0
821	198	0
822	219	0
823	183	0
824	197	0
825	170	0
826	202	0
827	193	0
828	198	0
829	158	0
830	193	0
831	209	0
832	225	0
833	214	0
834	209	0
835	212	0
836	197	0
837	191	0
838	187	0
839	201	0
840	189	0
841	196	0
842	212	0
843	197	0
844	197	0
845	170	0
846	186	0
847	196	0
848	209	0
849	234	0
850	202	0
851	206	0
852	196	0
853	193	0
854	202	0
855	186	0
856	195	0
857	179	0
858	185	0
859	202	0
860	204	0
861	202	0
862	194	0
863	186	0
864	197	0
865	169	0
866	202	0
867	201	0
868	203	0
869	192	0
870	190	0
871	205	0
872	186	0
873	204	0
874	198	0
875	178	0
876	218	0
877	207	0
878	204	0
879	195	0
880	208	0
881	199	0
882	195	0
883	215	0
884	174	0
885	193	0
886	198	0
887	209	0
888	192	0
889	204	0
890	205	0
891	187	0
892	210	0
893	197	0
894	196	0
895	177	0
896	220	0
897	192	0
898	164	0
899	214	0
900	213	0
901	200	0
902	190	0
903	197	0
904	212	0
905	182	0
906	211	0
907	204	0
908	186	0
909	214	0
910	180	0
911	190	0
912	182	0
913	195	0
914	199	0
915	217	0
916	181	0
917	214	0
918	209	0
919	209	0
920	182	0
921	180	0
922	174	0
923	215	0
924	184	0
925	197	0
926	196	0
927	196	0
928	180	0
929	210	0
930	202	0
931	196	0
932	203	0
933	163	0
934	181	0
935	199	0
936	171	0
937	225	0
938	196	0
939	188	0
940	178	0
941	208	0
942	224	0
943	190	0
944	190	0
945	182	0
946	182	0
947	175	0
948	211	0
949	202	0
950	177	0
951	223	0
952	202	0
953	211	0
954	192	0
955	176	0
956	182	0
957	195	0
958	199	0
959	191	0
960	198	0
961	199	0
962	194	0
963	191	0
964	185	0
965	201	0
966	199	0
967	199	0
968	187	0
969	195	0
970	167	0
971	189	0
972	169	0
973	188	0
974	195	0
975	202	0
976	170	0
977	205	0
978	214	0
979	206	0
980	183	0
981	189	0
982	198	0
983	198	0
984	214	0
985	183	0
986	207	0
987	195	0
988	181	0
989	202	0
990	192	0
991	172	0
992	179	0
993	201	0
994	181	0
995	209	0
996	195	0
997	216	0
998	190	0
999	200	0
1000	187	0
1001	207	0
1002	196	0
1003	199	0
1004	187	0
1005	184	0
1006	189	0
1007	198	0
1008	205	0
1009	168	0
1010	220	0
1011	182	0
1012	173	0
1013	175	0
1014	201	0
1015	197	0
1016	187	0
1017	206	0
1018	190	0
1019	196	0
1020	201	0
1021	236	0
1022	209	0
1023	221	0
1024	219	0
1025	185	0
1026	218	0
1027	214	0
1028	211	0
1029	162	0
1030	180	0
1031	206	0
1032	221	0
1033	223	0
1034	195	0
1035	181	0
1036	170	0
1037	213	0
1038	145	0
1039	219	0
1040	192	0
1041	217	0
1042	206	0
1043	190	0
1044	173	0
1045	196	0
1046	203	0
1047	203	0
1048	196	0
1049	210	0
1050	197	0
1051	212	0
1052	208	0
1053	217	0
1054	199	0
1055	212	0
1056	193	0
1057	235	0
1058	192	0
1059	200	0
1060	189	0
1061	200	0
1062	187	0
1063	195	0
1064	190	0
1065	222	0
1066	213	0
1067	206	0
1068	172	0
1069	196	0
1070	168	0
1071	198	0
1072	188	0
1073	197	0
1074	188	0
1075	225	0
1076	187	0
1077	186	0
1078	217	0
1079	203	0
1080	215	0
1081	195	0
1082	188	0
1083	190	0
1084	184	0
1085	173	0
1086	190	0
1087	196	0
1088	208	0
1089	200	0
1090	207	0
1091	186	0
1092	204	0
1093	197	0
1094	181	0
1095	201	0
1096	194	0
1097	184	0
1098	208	0
1099	191	0
1100	187	0
1101	200	0
1102	185	0
1103	202	0
1104	185	0
1105	208	0
1106	214	0
1107	195	0
1108	203	0
1109	186	0
1110	206	0
1111	222	0
1112	188	0
1113	209	0
1114	165	0
1115	189	0
1116	192	0
1117	169	0
1118	208	0
1119	181	0
1120	170	0
1121	197	0
1122	203	0
1123	188	0
1124	179	0
1125	190	0
1126	203	0
1127	181	0
1128	184	0
1129	174	0
1130	217	0
1131	203	0
1132	199	0
1133	184	0
1134	219	0
1135	193	0
1136	183	0
1137	193	0
1138	190	0
1139	207	0
1140	199	0
1141	178	0
1142	231	0
1143	209	0
1144	170	0
1145	209	0
1146	196	0
1147	203	0
1148	181	0
1149	175	0
1150	187	0
1151	188	0
1152	191	0
1153	194	0
1154	196	0
1155	197	0
1156	205	0
1157	182	0
1158	209	0
1159	182	0
1160	181	0
1161	197	0
1162	219	0
1163	201	0
1164	191	0
1165	176	0
1166	177	0
1167	177	0
1168	195	0
1169	179	0
1170	188	0
1171	185	0
1172	202	0
1173	190	0
1174	189	0
1175	200	0
1176	210	0
1177	205	0
1178	187	0
1179	186	0
1180	209	0
1181	189	0
1182	195	0
1183	173	0
1184	180	0
1185	182	0
1186	218	0
1187	184	0
1188	207	0
1189	201	0
1190	199	0
1191	190	0
1192	211	0
1193	212	0
1194	174	0
1195	196	0
1196	176	0
1197	182	0
1198	212	0
1199	203	0
1200	192	0
1201	175	0
1202	223	0
1203	180	0
1204	203	0
1205	177	0
1206	229	0
1207	193	0
1208	221	0
1209	188	0
1210	222	0
1211	189	0
1212	147	0
1213	185	0
1214	188	0
1215	208	0
1216	193	0
1217	205	0
1218	210	0
1219	184	0
1220	200	0
1221	189	0
1222	206	0
1223	208	0
1224	184	0
1225	190	0
1226	198	0
1227	212	0
1228	220	0
1229	209	0
1230	192	0
1231	177	0
1232	194	0
1233	192	0
1234	198	0
1235	192	0
1236	188	0
1237	206	0
1238	194	0
1239	193	0
1240	202	0
1241	198	0
1242	191	0
1243	188	0
1244	195	0
1245	195	0
1246	190	0
1247	165	0
1248	246	0
1249	212	0
1250	169	0
1251	193	0
1252	213	0
1253	199	0
1254	189	0
1255	199	0
1256	208	0
1257	213	0
1258	200	0
1259	197	0
1260	179	0
1261	183	0
1262	209	0
1263	219	0
1264	218	0
1265	190	0
1266	213	0
1267	202	0
1268	213	0
1269	180	0
1270	187	0
1271	220	0
1272	214	0
1273	192	0
1274	217	0
1275	186	0
1276	165	0
1277	188	0
1278	189	0
1279	182	0
1280	182	0
1281	205	0
1282	210	0
1283	177	0
1284	184	0
1285	177	0
1286	176	0
1287	203	0
1288	181	0
1289	219	0
1290	169	0
1291	209	0
1292	203	0
1293	184	0
1294	202	0
1295	160	0
1296	206	0
1297	197	0
1298	199	0
1299	207	0
1300	210	0
1301	179	0
1302	203	0
1303	176	0
1304	205	0
1305	199	0
1306	206	0
1307	188	0
1308	191	0
1309	205	0
1310	183	0
1311	199	0
1312	193	0
1313	195	0
1314	208	0
1315	214	0
1316	202	0
1317	224	0
1318	176	0
1319	178	0
1320	190	0
1321	205	0
1322	191	0
1323	184	0
1324	200	0
1325	203	0
1326	183	0
1327	197	0
1328	180	0
1329	218	0
1330	182	0
1331	180	0
1332	185	0
1333	193	0
1334	214	0
1335	189	0
1336	171	0
1337	183	0
1338	218	0
1339	206	0
1340	189	0
1341	219	0
1342	183	0
1343	183	0
1344	185	0
1345	185	0
1346	190	0
1347	193	0
1348	203	0
1349	197	0
1350	196	0
1351	239	0
1352	178	0
1353	199	0
1354	189	0
1355	188	0
1356	196	0
1357	208	0
1358	190	0
1359	181	0
1360	180	0
1361	175	0
1362	198	0
1363	196	0
1364	209	0
1365	194	0
1366	192	0
1367	174	0
1368	205	0
1369	207	0
1370	203	0
1371	206	0
1372	176	0
1373	219	0
1374	224	0
1375	204	0
1376	185	0
1377	196	0
1378	205	0
1379	192	0
1380	194	0
1381	216	0
1382	202	0
1383	193	0
1384	189	0
1385	192	0
1386	199	0
1387	210	0
1388	197	0
1389	184	0
1390	186	0
1391	202	0
1392	211	0
1393	216	0
1394	198	0
1395	187	0
1396	210	0
1397	218	0
1398	191	0
1399	193	0
1400	183	0
1401	195	0
1402	178	0
1403	171	0
1404	213	0
1405	184	0
1406	192	0
1407	205	0
1408	206	0
1409	193	0
1410	195	0
1411	178	0
1412	204	0
1413	188	0
1414	204	0
1415	192	0
1416	178	0
1417	162	0
1418	208	0
1419	186	0
1420	211	0
1421	196	0
1422	212	0
1423	209	0
1424	220	0
1425	204	0
1426	196	0
1427	189	0
1428	202	0
1429	191	0
1430	191	0
1431	187	0
1432	183	0
1433	198	0
1434	174	0
1435	188	0
1436	181	0
1437	201	0
1438	157	0
1439	188	0
1440	173	0
1441	195	0
1442	187	0
1443	198	0
1444	201	0
1445	208	0
1446	178	0
1447	203	0
1448	201	0
1449	187	0
1450	209	0
1451	199	0
1452	221	0
1453	205	0
1454	183	0
1455	192	0
1456	184	0
1457	205	0
1458	197	0
1459	212	0
1460	192	0
1461	215	0
1462	181	0
1463	190	0
1464	207	0
1465	221	0
1466	183	0
1467	173	0
1468	171	0
1469	194	0
1470	220	0
1471	182	0
1472	194	0
1473	193	0
1474	198	0
1475	174	0
1476	219	0
1477	206	0
1478	216	0
1479	211	0
1480	181	0
1481	200	0
1482	200	0
1483	181	0
1484	192	0
1485	175	0
1486	187	0
1487	191	0
1488	194	0
1489	187	0
1490	186	0
1491	197	0
1492	194	0
1493	188	0
1494	194	0
1495	167	0
1496	224	0
1497	205	0
1498	190	0
1499	198	0
1500	196	0
1501	218	0
1502	192	0
1503	176	0
1504	204	0
1505	193	0
1506	174	0
1507	210	0
1508	213	0
1509	195	0
1510	201	0
1511	203	0
1512	194	0
1513	212	0
1514	216	0
1515	213	0
1516	198	0
1517	180	0
1518	189	0
1519	199	0
1520	202	0
1521	202	0
1522	195	0
1523	209	0
1524	184	0
1525	206	0
1526	191	0
1527	188	0
1528	199	0
1529	191	0
1530	201	0
1531	208	0
1532	202	0
1533	185	0
1534	193	0
1535	193	0
1536	202	0
1537	211	0
1538	178	0
1539	223	0
1540	181	0
1541	222	0
1542	200	0
1543	218	0
1544	181	0
1545	211	0
1546	208	0
1547	171	0
1548	199	0
1549	221	0
1550	212	0
1551	212	0
1552	226	0
1553	196	0
1554	228	0
1555	181	0
1556	195	0
1557	201	0
1558	188	0
1559	175	0
1560	206	0
1561	211	0
1562	182	0
1563	208	0
1564	191	0
1565	219	0
1566	195	0
1567	184	0
1568	232	0
1569	206	0
1570	207	0
1571	156	0
1572	198	0
1573	205	0
1574	225	0
1575	191	0
1576	208	0
1577	216	0
1578	194	0
1579	192	0
1580	196	0
1581	219	0
1582	214	0
1583	177	0
1584	202	0
1585	190	0
1586	195	0
1587	199	0
1588	184	0
1589	203	0
1590	180	0
1591	209	0
1592	202	0
1593	185	0
1594	195	0
1595	209	0
1596	227	0
1597	170	0
1598	207	0
1599	186	0
1600	198	0
1601	169	0
1602	223	0
1603	193	0
1604	203	0
1605	192	0
1606	199	0
1607	186	0
1608	204	0
1609	214	0
1610	224	0
1611	199	0
1612	194	0
1613	220	0
1614	192	0
1615	206	0
1616	204	0
1617	205	0
1618	209	0
1619	200	0
1620	206	0
1621	219	0
1622	180	0
1623	189	0
1624	194	0
1625	190	0
1626	205	0
1627	197	0
1628	189	0
1629	187	0
1630	230	0
1631	205	0
1632	192	0
1633	204	0
1634	191	0
1635	191	0
1636	191	0
1637	214	0
1638	199	0
1639	220	0
1640	190	0
1641	215	0
1642	174	0
1643	218	0
1644	192	0
1645	208	0
1646	227	0
1647	195	0
1648	177	0
1649	193	0
1650	201	0
1651	235	0
1652	204	0
1653	217	0
1654	192	0
1655	195	0
1656	176	0
1657	195	0
1658	166	0
1659	210	0
1660	204	0
1661	194	0
1662	181	0
1663	195	0
1664	205	0
1665	182	0
1666	201	0
1667	170	0
1668	193	0
1669	211	0
1670	190	0
1671	221	0
1672	201	0
1673	176	0
1674	186	0
1675	206	0
1676	183	0
1677	194	0
1678	211	0
1679	201	0
1680	184	0
1681	190	0
1682	207	0
1683	182	0
1684	206	0
1685	187	0
1686	192	0
1687	203	0
1688	205	0
1689	205	0
1690	200	0
1691	201	0
1692	182	0
1693	216	0
1694	195	0
1695	198	0
1696	214	0
1697	200	0
1698	191	0
1699	192	0
1700	174	0
1701	200	0
1702	195	0
1703	212	0
1704	180	0
1705	169	0
1706	205	0
1707	205	0
1708	184	0
1709	192	0
1710	183	0
1711	207	0
1712	180	0
1713	215	0
1714	195	0
1715	199	0
1716	187	0
1717	219	0
1718	201	0
1719	203	0
1720	199	0
1721	180	0
1722	196	0
1723	176	0
1724	197	0
1725	184	0
1726	199	0
1727	208	0
1728	183	0
1729	198	0
1730	220	0
1731	227	0
1732	213	0
1733	182	0
1734	197	0
1735	181	0
1736	208	0
1737	233	0
1738	182	0
1739	185	0
1740	190	0
1741	192	0
1742	206	0
1743	156	0
1744	211	0
1745	183	0
1746	189	0
1747	212	0
1748	191	0
1749	184	0
1750	189	0
1751	196	0
1752	198	0
1753	200	0
1754	225	0
1755	197	0
1756	174	0
1757	221	0
1758	196	0
1759	194	0
1760	186	0
1761	183	0
1762	204	0
1763	202	0
1764	198	0
1765	235	0
1766	194	0
1767	214	0
1768	201	0
1769	200	0
1770	179	0
1771	204	0
1772	184	0
1773	193	0
1774	175	0
1775	189	0
1776	190	0
1777	215	0
1778	185	0
1779	209	0
1780	199	0
1781	189	0
1782	179	0
1783	186	0
1784	174	0
1785	163	0
1786	177	0
1787	215	0
1788	216	0
1789	210	0
1790	178	0
1791	186	0
1792	204	0
1793	208	0
1794	188	0
1795	216	0
1796	202	0
1797	176	0
1798	202	0
1799	215	0
1800	185	0
1801	225	0
1802	198	0
1803	216	0
1804	200	0
1805	195	0
1806	216	0
1807	234	0
1808	205	0
1809	194	0
1810	199	0
1811	177	0
1812	158	0
1813	180	0
1814	194	0
1815	233	0
1816	191	0
1817	189	0
1818	183	0
1819	194	0
1820	203	0
1821	214	0
1822	202	0
1823	199	0
1824	202	0
1825	189	0
1826	204	0
1827	204	0
1828	212	0
1829	198	0
1830	177	0
1831	202	0
1832	219	0
1833	200	0
1834	186	0
1835	179	0
1836	201	0
1837	163	0
1838	205	0
1839	169	0
1840	212	0
1841	186	0
1842	223	0
1843	179	0
1844	196	0
1845	185	0
1846	182	0
1847	199	0
1848	195	0
1849	225	0
1850	170	0
1851	212	0
1852	199	0
1853	216	0
1854	175	0
1855	194	0
1856	194	0
1857	195	0
1858	192	0
1859	216	0
1860	191	0
1861	189	0
1862	195	0
1863	197	0
1864	197	0
1865	208	0
1866	203	0
1867	195	0
1868	181	0
1869	208	0
1870	176	0
1871	190	0
1872	198	0
1873	212	0
1874	222	0
1875	171	0
1876	214	0
1877	215	0
1878	164	0
1879	207	0
1880	207	0
1881	196	0
1882	185	0
1883	207	0
1884	199	0
1885	193	0
1886	198	0
1887	199	0
1888	212	0
1889	182	0
1890	208	0
1891	200	0
1892	212	0
1893	194	0
1894	198	0
1895	192	0
1896	175	0
1897	188	0
1898	197	0
1899	202	0
1900	186	0
1901	190	0
1902	194	0
1903	181	0
1904	201	0
1905	199	0
1906	206	0
1907	162	0
1908	186	0
1909	189	0
1910	196	0
1911	188	0
1912	191	0
1913	181	0
1914	182	0
1915	199	0
1916	212	0
1917	184	0
1918	205	0
1919	213	0
1920	182	0
1921	214	0
1922	206	0
1923	200	0
1924	202	0
1925	215	0
1926	179	0
1927	173	0
1928	203	0
1929	212	0
1930	200	0
1931	203	0
1932	206	0
1933	227	0
1934	201	0
1935	207	0
1936	213	0
1937	209	0
1938	192	0
1939	199	0
1940	168	0
1941	184	0
1942	182	0
1943	184	0
1944	194	0
1945	177	0
1946	190	0
1947	191	0
1948	180	0
1949	209	0
1950	182	0
1951	190	0
1952	191	0
1953	190	0
1954	190	0
1955	188	0
1956	204	0
1957	226	0
1958	198	0
1959	196	0
1960	192	0
1961	179	0
1962	155	0
1963	196	0
1964	198	0
1965	178	0
1966	206	0
1967	216	0
1968	192	0
1969	177	0
1970	181	0
1971	182	0
1972	190	0
1973	201	0
1974	210	0
1975	208	0
1976	218	0
1977	169	0
1978	205	0
1979	210	0
1980	166	0
1981	200	0
1982	190	0
1983	197	0
1984	167	0
1985	184	0
1986	197	0
1987	220	0
1988	200	0
1989	173	0
1990	224	0
1991	182	0
1992	223	0
1993	209	0
1994	201	0
1995	180	0
1996	203	0
1997	207	0
1998	186	0
1999	185	0
2000	209	0
2001	197	0
2002	194	0
2003	198	0
2004	188	0
2005	211	0
2006	226	0
2007	200	0
2008	203	0
2009	205	0
2010	179	0
2011	208	0
2012	186	0
2013	198	0
2014	197	0
2015	175	0
2016	183	0
2017	190	0
2018	229	0
2019	185	0
2020	194	0
2021	204	0
2022	181	0
2023	191	0
2024	226	0
2025	201	0
2026	182	0
2027	184	0
2028	195	0
2029	179	0
2030	198	0
2031	195	0
2032	204	0
2033	171	0
2034	176	0
2035	198	0
2036	179	0
2037	191	0
2038	199	0
2039	199	0
2040	207	0
2041	203	0
2042	185	0
2043	192	0
2044	188	0
2045	184	0
2046	184	0
2047	205	0
2048	189	0
2049	226	0
2050	190	0
2051	192	0
2052	195	0
2053	189	0
2054	192	0
2055	181	0
2056	195	0
2057	183	0
2058	185	0
2059	192	0
2060	176	0
2061	202	0
2062	192	0
2063	209	0
2064	177	0
2065	203	0
2066	175	0
2067	180	0
2068	180	0
2069	211	0
2070	184	0
2071	220	0
2072	184	0
2073	183	0
2074	187	0
2075	185	0
2076	183	0
2077	206	0
2078	200	0
2079	178	0
2080	190	0
2081	202	0
2082	203	0
2083	182	0
2084	200	0
2085	192	0
2086	184	0
2087	175	0
2088	181	0
2089	189	0
2090	193	0
2091	195	0
2092	196	0
2093	186	0
2094	192	0
2095	194	0
2096	209	0
2097	191	0
2098	192	0
2099	220	0
2100	197	0
2101	192	0
2102	194	0
2103	207	0
2104	206	0
2105	198	0
2106	165	0
2107	211	0
2108	202	0
2109	204	0
2110	194	0
2111	204	0
2112	188	0
2113	203	0
2114	204	0
2115	187	0
2116	187	0
2117	194	0
2118	202	0
2119	209	0
2120	209	0
2121	210	0
2122	215	0
2123	184	0
2124	199	0
2125	196	0
2126	177	0
2127	203	0
2128	193	0
2129	185	0
2130	211	0
2131	188	0
2132	196	0
2133	200	0
2134	202	0
2135	174	0
2136	232	0
2137	180	0
2138	216	0
2139	225	0
2140	194	0
2141	225	0
2142	193	0
2143	202	0
2144	175	0
2145	190	0
2146	184	0
2147	185	0
2148	199	0
2149	188	0
2150	214	0
2151	227	0
2152	187	0
2153	216	0
2154	158	0
2155	190	0
2156	198	0
2157	199	0
2158	208	0
2159	191	0
2160	205	0
2161	191	0
2162	206	0
2163	222	0
2164	204	0
2165	200	0
2166	210	0
2167	192	0
2168	200	0
2169	212	0
2170	195	0
2171	188	0
2172	207	0
2173	211	0
2174	206	0
2175	181	0
2176	206	0
2177	207	0
2178	185	0
2179	190	0
2180	198	0
2181	214	0
2182	187	0
2183	168	0
2184	185	0
2185	202	0
2186	168	0
2187	189	0
2188	214	0
2189	196	0
2190	220	0
2191	157	0
2192	203	0
2193	189	0
2194	170	0
2195	216	0
2196	204	0
2197	187	0
2198	201	0
2199	196	0
2200	201	0
2201	224	0
2202	190	0
2203	198	0
2204	197	0
2205	199	0
2206	197	0
2207	188	0
2208	169	0
2209	167	0
2210	204	0
2211	208	0
2212	188	0
2213	186	0
2214	206	0
2215	195	0
2216	204	0
2217	206	0
2218	192	0
2219	196	0
2220	205	0
2221	215	0
2222	202	0
2223	197	0
2224	213	0
2225	213	0
2226	193	0
2227	203	0
2228	187	0
2229	190	0
2230	199	0
2231	185	0
2232	195	0
2233	198	0
2234	193	0
2235	212	0
2236	190	0
2237	203	0
2238	209	0
2239	171	0
2240	203	0
2241	209	0
2242	180	0
2243	211	0
2244	201	0
2245	169	0
2246	194	0
2247	198	0
2248	210	0
2249	195	0
2250	209	0
2251	203	0
2252	200	0
2253	197	0
2254	197	0
2255	207	0
2256	194	0
2257	219	0
2258	202	0
2259	189	0
2260	196	0
2261	175	0
2262	199	0
2263	182	0
2264	201	0
2265	182	0
2266	181	0
2267	218	0
2268	194	0
2269	201	0
2270	192	0
2271	202	0
2272	202	0
2273	205	0
2274	203	0
2275	217	0
2276	193	0
2277	186	0
2278	195	0
2279	192	0
2280	197	0
2281	187	0
2282	188	0
2283	187	0
2284	182	0
2285	202	0
2286	184	0
2287	197	0
2288	179	0
2289	182	0
2290	191	0
2291	190	0
2292	181	0
2293	198	0
2294	206	0
2295	193	0
2296	195	0
2297	202	0
2298	225	0
2299	192	0
2300	159	0
2301	208	0
2302	192	0
2303	210	0
2304	192	0
2305	184	0
2306	215	0
2307	193	0
2308	182	0
2309	195	0
2310	172	0
2311	193	0
2312	182	0
2313	165	0
2314	187	0
2315	176	0
2316	208	0
2317	197	0
2318	213	0
2319	185	0
2320	209	0
2321	230	0
2322	170	0
2323	190	0
2324	207	0
2325	202	0
2326	172	0
2327	175	0
2328	209	0
2329	205	0
2330	204	0
2331	185	0
2332	189	0
2333	189	0
2334	212	0
2335	180	0
2336	196	0
2337	209	0
2338	209	0
2339	188	0
2340	204	0
2341	195	0
2342	220	0
2343	211	0
2344	227	0
2345	190	0
2346	203	0
2347	196	0
2348	202	0
2349	208	0
2350	194	0
2351	224	0
2352	205	0
2353	175	0
2354	211	0
2355	206	0
2356	182	0
2357	205	0
2358	185	0
2359	209	0
2360	168	0
2361	218	0
2362	212	0
2363	177	0
2364	199	0
2365	179	0
2366	187	0
2367	203	0
2368	197	0
2369	215	0
2370	184	0
2371	182	0
2372	211	0
2373	191	0
2374	212	0
2375	221	0
2376	204	0
2377	198	0
2378	219	0
2379	181	0
2380	199	0
2381	202	0
2382	202	0
2383	205	0
2384	203	0
2385	182	0
2386	180	0
2387	191	0
2388	191	0
2389	200	0
2390	199	0
2391	209	0
2392	206	0
2393	205	0
2394	198	0
2395	175	0
2396	200	0
2397	205	0
2398	197	0
2399	199	0
2400	188	0
2401	213	0
2402	213	0
2403	194	0
2404	178	0
2405	198	0
2406	217	0
2407	174	0
2408	191	0
2409	195	0
2410	202	0
2411	186	0
2412	200	0
2413	202	0
2414	200	0
2415	173	0
2416	189	0
2417	204	0
2418	211	0
2419	204	0
2420	176	0
2421	219	0
2422	210	0
2423	207	0
2424	175	0
2425	209	0
2426	197	0
2427	189	0
2428	184	0
2429	198	0
2430	177	0
2431	179	0
2432	178	0
2433	182	0
2434	192	0
2435	196	0
2436	180	0
2437	179	0
2438	189	0
2439	194	0
2440	202	0
2441	224	0
2442	190	0
2443	192	0
2444	201	0
2445	206	0
2446	192	0
2447	226	0
2448	188	0
2449	195	0
2450	210	0
2451	209	0
2452	189	0
2453	220	0
2454	210	0
2455	206	0
2456	215	0
2457	194	0
2458	189	0
2459	196	0
2460	190	0
2461	191	0
2462	178	0
2463	191	0
2464	184	0
2465	191	0
2466	195	0
2467	227	0
2468	177	0
2469	203	0
2470	211	0
2471	187	0
2472	203	0
2473	213	0
2474	202	0
2475	206	0
2476	233	0
2477	189	0
2478	173	0
2479	206	0
2480	175	0
2481	190	0
2482	227	0
2483	218	0
2484	195	0
2485	187	0
2486	213	0
2487	183	0
2488	199	0
2489	184	0
2490	221	0
2491	186	0
2492	186	0
2493	203	0
2494	184	0
2495	218	0
2496	172	0
2497	201	0
2498	194	0
2499	180	0
2500	206	0
2501	206	0
2502	225	0
2503	179	0
2504	200	0
2505	197	0
2506	203	0
2507	196	0
2508	176	0
2509	194	0
2510	196	0
2511	216	0
2512	171	0
2513	192	0
2514	184	0
2515	202	0
2516	215	0
2517	186	0
2518	202	0
2519	188	0
2520	204	0
2521	212	0
2522	199	0
2523	158	0
2524	204	0
2525	197	0
2526	225	0
2527	227	0
2528	208	0
2529	194	0
2530	196	0
2531	212	0
2532	191	0
2533	176	0
2534	197	0
2535	207	0
2536	180	0
2537	189	0
2538	184	0
2539	207	0
2540	183	0
2541	203	0
2542	208	0
2543	207	0
2544	186	0
2545	182	0
2546	184	0
2547	212	0
2548	199	0
2549	199	0
2550	191	0
2551	189	0
2552	215	0
2553	211	0
2554	212	0
2555	181	0
2556	178	0
2557	210	0
2558	191	0
2559	219	0
2560	197	0
2561	187	0
2562	210	0
2563	196	0
2564	219	0
2565	213	0
2566	171	0
2567	171	0
2568	176	0
2569	179	0
2570	219	0
2571	197	0
2572	156	0
2573	177	0
2574	198	0
2575	173	0
2576	193	0
2577	171	0
2578	180	0
2579	189	0
2580	181	0
2581	190	0
2582	179	0
2583	205	0
2584	182	0
2585	184	0
2586	184	0
2587	202	0
2588	178	0
2589	189	0
2590	208	0
2591	219	0
2592	201	0
2593	182	0
2594	188	0
2595	204	0
2596	189	0
2597	205	0
2598	194	0
2599	185	0
2600	173	0
2601	233	0
2602	178	0
2603	198	0
2604	183	0
2605	186	0
2606	180	0
2607	214	0
2608	185	0
2609	184	0
2610	188	0
2611	184	0
2612	176	0
2613	194	0
2614	195	0
2615	188	0
2616	192	0
2617	174	0
2618	206	0
2619	191	0
2620	192	0
2621	206	0
2622	202	0
2623	202	0
2624	211	0
2625	167	0
2626	196	0
2627	188	0
2628	176	0
2629	178	0
2630	207	0
2631	185	0
2632	190	0
2633	206	0
2634	190	0
2635	217	0
2636	220	0
2637	195	0
2638	174	0
2639	180	0
2640	205	0
2641	172	0
2642	201	0
2643	207	0
2644	190	0
2645	193	0
2646	190	0
2647	190	0
2648	200	0
2649	202	0
2650	178	0
2651	196	0
2652	233	0
2653	213	0
2654	186	0
2655	207	0
2656	200	0
2657	214	0
2658	194	0
2659	177	0
2660	188	0
2661	213	0
2662	180	0
2663	181	0
2664	204	0
2665	215	0
2666	193	0
2667	197	0
2668	175	0
2669	210	0
2670	214	0
2671	216	0
2672	206	0
2673	215	0
2674	190	0
2675	193	0
2676	193	0
2677	185	0
2678	213	0
2679	220	0
2680	191	0
2681	203	0
2682	185	0
2683	190	0
2684	181	0
2685	178	0
2686	208	0
2687	184	0
2688	192	0
2689	183	0
2690	207	0
2691	186	0
2692	214	0
2693	214	0
2694	182	0
2695	186	0
2696	206	0
2697	194	0
2698	167	0
2699	192	0
2700	195	0
2701	177	0
2702	203	0
2703	201	0
2704	188	0
2705	229	0
2706	194	0
2707	186	0
2708	183	0
2709	190	0
2710	203	0
2711	193	0
2712	192	0
2713	183	0
2714	183	0
2715	188	0
2716	216	0
2717	193	0
2718	197	0
2719	201	0
2720	226	0
2721	209	0
2722	187	0
2723	194	0
2724	199	0
2725	204	0
2726	201	0
2727	215	0
2728	166	0
2729	203	0
2730	195	0
2731	197	0
2732	200	0
2733	209	0
2734	177	0
2735	226	0
2736	200	0
2737	219	0
2738	188	0
2739	222	0
2740	201	0
2741	198	0
2742	192	0
2743	198	0
2744	191	0
2745	204	0
2746	218	0
2747	197	0
2748	180	0
2749	213	0
2750	204	0
2751	173	0
2752	198	0
2753	179	0
2754	204	0
2755	207	0
2756	193	0
2757	189	0
2758	191	0
2759	193	0
2760	198	0
2761	188	0
2762	191	0
2763	169	0
2764	196	0
2765	197	0
2766	198	0
2767	208	0
2768	214	0
2769	184	0
2770	176	0
2771	180	0
2772	190	0
2773	188	0
2774	209	0
2775	188	0
2776	202	0
2777	201	0
2778	206	0
2779	189	0
2780	169	0
2781	195	0
2782	190	0
2783	224	0
2784	183	0
2785	193	0
2786	202	0
2787	172	0
2788	194	0
2789	191	0
2790	190	0
2791	209	0
2792	185	0
2793	189	0
2794	193	0
2795	208	0
2796	210	0
2797	203	0
2798	192	0
2799	205	0
2800	186	0
2801	194	0
2802	197	0
2803	165	0
2804	213	0
2805	184	0
2806	210	0
2807	193	0
2808	206	0
2809	193	0
2810	187	0
2811	201	0
2812	205	0
2813	198	0
2814	228	0
2815	183	0
2816	208	0
2817	209	0
2818	190	0
2819	170	0
2820	214	0
2821	216	0
2822	185	0
2823	207	0
2824	183	0
2825	182	0
2826	196	0
2827	213	0
2828	200	0
2829	202	0
2830	186	0
2831	193	0
2832	207	0
2833	194	0
2834	193	0
2835	183	0
2836	217	0
2837	192	0
2838	157	0
2839	196	0
2840	194	0
2841	192	0
2842	218	0
2843	187	0
2844	194	0
2845	166	0
2846	203	0
2847	187	0
2848	208	0
2849	211	0
2850	179	0
2851	199	0
2852	217	0
2853	208	0
2854	183	0
2855	177	0
2856	188	0
2857	183	0
2858	204	0
2859	209	0
2860	207	0
2861	191	0
2862	179	0
2863	216	0
2864	224	0
2865	184	0
2866	195	0
2867	211	0
2868	224	0
2869	201	0
2870	185	0
2871	198	0
2872	192	0
2873	194	0
2874	202	0
2875	205	0
2876	169	0
2877	164	0
2878	209	0
2879	189	0
2880	204	0
2881	185	0
2882	194	0
2883	186	0
2884	211	0
2885	169	0
2886	195	0
2887	198	0
2888	211	0
2889	174	0
2890	209	0
2891	166	0
2892	192	0
2893	203	0
2894	176	0
2895	210	0
2896	216	0
2897	198	0
2898	164	0
2899	197	0
2900	188	0
2901	186	0
2902	214	0
2903	184	0
2904	191	0
2905	188	0
2906	197	0
2907	190	0
2908	237	0
2909	183	0
2910	212	0
2911	186	0
2912	189	0
2913	181	0
2914	191	0
2915	160	0
2916	206	0
2917	184	0
2918	171	0
2919	175	0
2920	210	0
2921	205	0
2922	184	0
2923	187	0
2924	207	0
2925	182	0
2926	175	0
2927	199	0
2928	177	0
2929	191	0
2930	177	0
2931	197	0
2932	213	0
2933	206	0
2934	186	0
2935	193	0
2936	227	0
2937	175	0
2938	211	0
2939	173	0
2940	201	0
2941	198	0
2942	194	0
2943	197	0
2944	215	0
2945	199	0
2946	192	0
2947	184	0
2948	204	0
2949	217	0
2950	167	0
2951	206	0
2952	203	0
2953	196	0
2954	183	0
2955	203	0
2956	191	0
2957	178	0
2958	201	0
2959	199	0
2960	192	0
2961	232	0
2962	201	0
2963	205	0
2964	216	0
2965	192	0
2966	179	0
2967	172	0
2968	202	0
2969	197	0
2970	223	0
2971	218	0
2972	217	0
2973	175	0
2974	202	0
2975	205	0
2976	210	0
2977	192	0
2978	219	0
2979	199	0
2980	207	0
2981	200	0
2982	202	0
2983	205	0
2984	225	0
2985	202	0
2986	197	0
2987	191	0
2988	210	0
2989	201	0
2990	192	0
2991	179	0
2992	169	0
2993	218	0
2994	200	0
2995	194	0
2996	170	0
2997	195	0
2998	169	0
2999	205	0
3000	207	0
