1	194	0
2	190	0
3	204	0
4	197	0
5	185	0
6	201	0
7	183	0
8	217	0
9	181	0
10	201	0
11	195	0
12	218	0
13	212	0
14	193	0
15	203	0
16	172	0
17	180	0
18	195	0
19	196	0
20	205	0
21	202	0
22	232	0
23	190	0
24	192	0
25	182	0
26	180	0
27	206	0
28	189	0
29	194	0
30	187	0
31	211	0
32	203	0
33	197	0
34	182	0
35	198	0
36	197	0
37	207	0
38	172	0
39	186	0
40	184	0
41	193	0
42	185	0
43	238	0
44	220	0
45	209	0
46	180	0
47	205	0
48	186	0
49	191	0
50	189	0
51	199	0
52	179	0
53	206	0
54	190	0
55	188	0
56	195	0
57	209	0
58	213	0
59	158	0
60	227	0
61	177	0
62	211	0
63	185	0
64	204	0
65	178	0
66	210	0
67	242	0
68	203	0
69	183	0
70	229	0
71	190	0
72	187	0
73	198	0
74	172	0
75	207	0
76	199	0
77	207	0
78	196	0
79	210	0
80	165	0
81	181	0
82	209	0
83	206	0
84	192	0
85	219	0
86	192	0
87	183	0
88	188	0
89	181	0
90	176	0
91	197	0
92	186	0
93	172	0
94	218	0
95	185	0
96	195	0
97	188	0
98	208	0
99	208	0
100	189	0
101	184	0
102	215	0
103	215	0
104	205	0
105	187	0
106	196	0
107	218	0
108	182	0
109	226	0
110	213	0
111	186	0
112	192	0
113	197	0
114	184	0
115	207	0
116	196	0
117	209	0
118	207	0
119	213	0
120	179	0
121	179	0
122	192	0
123	194	0
124	200	0
125	181	0
126	177	0
127	182	0
128	199	0
129	201	0
130	207	0
131	202	0
132	198	0
133	220	0
134	201	0
135	193	0
136	220	0
137	198	0
138	189	0
139	189	0
140	203	0
141	192	0
142	191	0
143	189	0
144	208	0
145	195	0
146	179	0
147	207	0
148	199	0
149	186	0
150	202	0
151	205	0
152	203	0
153	203	0
154	215	0
155	191	0
156	185	0
157	194	0
158	175	0
159	193	0
160	182	0
161	196	0
162	195	0
163	217	0
164	199	0
165	178	0
166	176	0
167	205	0
168	215	0
169	210	0
170	193	0
171	191	0
172	202	0
173	181	0
174	198	0
175	214	0
176	200	0
177	194	0
178	205	0
179	200	0
180	207	0
181	207	0
182	203	0
183	194	0
184	211	0
185	185	0
186	180	0
187	161	0
188	202	0
189	202	0
190	208	0
191	215	0
192	198	0
193	177	0
194	179	0
195	215	0
196	181	0
197	184	0
198	195	0
199	220	0
200	197	0
201	183	0
202	184	0
203	196	0
204	178	0
205	215	0
206	214	0
207	218	0
208	197	0
209	189	0
210	190	0
211	191	0
212	187	0
213	205	0
214	197	0
215	228	0
216	192	0
217	195	0
218	184	0
219	205	0
220	178	0
221	199	0
222	183	0
223	173	0
224	182	0
225	181	0
226	175	0
227	206	0
228	211	0
229	218	0
230	184	0
231	193	0
232	200	0
233	212	0
234	189	0
235	200	0
236	239	0
237	203	0
238	205	0
239	189	0
240	207	0
241	203	0
242	204	0
243	204	0
244	192	0
245	194	0
246	192	0
247	185	0
248	194	0
249	190	0
250	160	0
251	222	0
252	205	0
253	199	0
254	190	0
255	197	0
256	195	0
257	203	0
258	175	0
259	186	0
260	207	0
261	200	0
262	207	0
263	180	0
264	170	0
265	204	0
266	192	0
267	209	0
268	206	0
269	188	0
270	178	0
271	219	0
272	198	0
273	204	0
274	195	0
275	166	0
276	200	0
277	194	0
278	202	0
279	212	0
280	207	0
281	214	0
282	192	0
283	165	0
284	192	0
285	207	0
286	179	0
287	185	0
288	202	0
289	189	0
290	181	0
291	195	0
292	192	0
293	205	0
294	178	0
295	189	0
296	185	0
297	210	0
298	180	0
299	194	0
300	192	0
301	186	0
302	192	0
303	202	0
304	179	0
305	195	0
306	199	0
307	179	0
308	173	0
309	198	0
310	205	0
311	202	0
312	205	0
313	176	0
314	192	0
315	173	0
316	181	0
317	188	0
318	183	0
319	186	0
320	202	0
321	220	0
322	192	0
323	181	0
324	178	0
325	185	0
326	198	0
327	170	0
328	199	0
329	180	0
330	193	0
331	184	0
332	195	0
333	188	0
334	196	0
335	200	0
336	192	0
337	195	0
338	193	0
339	201	0
340	179	0
341	193	0
342	181	0
343	218	0
344	191	0
345	199	0
346	200	0
347	215	0
348	194	0
349	183	0
350	206	0
351	195	0
352	180	0
353	175	0
354	213	0
355	176	0
356	190	0
357	214	0
358	176	0
359	178	0
360	180	0
361	173	0
362	221	0
363	180	0
364	176	0
365	206	0
366	215	0
367	205	0
368	184	0
369	201	0
370	187	0
371	173	0
372	188	0
373	184	0
374	173	0
375	187	0
376	170	0
377	180	0
378	195	0
379	204	0
380	207	0
381	202	0
382	194	0
383	220	0
384	212	0
385	155	0
386	197	0
387	213	0
388	201	0
389	201	0
390	208	0
391	197	0
392	207	0
393	199	0
394	186	0
395	205	0
396	177	0
397	231	0
398	177	0
399	209	0
400	206	0
401	193	0
402	184	0
403	219	0
404	213	0
405	204	0
406	232	0
407	190	0
408	204	0
409	200	0
410	196	0
411	183	0
412	195	0
413	193	0
414	173	0
415	197	0
416	199	0
417	203	0
418	196	0
419	202	0
420	201	0
421	197	0
422	194	0
423	188	0
424	196	0
425	153	0
426	208	0
427	181	0
428	191	0
429	234	0
430	194	0
431	179	0
432	186	0
433	189	0
434	185	0
435	208	0
436	187	0
437	198	0
438	197	0
439	191	0
440	192	0
441	172	0
442	196	0
443	230	0
444	220	0
445	193	0
446	197	0
447	183	0
448	205	0
449	191	0
450	187	0
451	215	0
452	205	0
453	191	0
454	170	0
455	185	0
456	186	0
457	218	0
458	172	0
459	205	0
460	199	0
461	197	0
462	209	0
463	193	0
464	228	0
465	184	0
466	207	0
467	178	0
468	221	0
469	193	0
470	204	0
471	189	0
472	194	0
473	211	0
474	213	0
475	178	0
476	188	0
477	179	0
478	199	0
479	208	0
480	181	0
481	201	0
482	211	0
483	195	0
484	209	0
485	203	0
486	163	0
487	177	0
488	207	0
489	200	0
490	178	0
491	206	0
492	192	0
493	184	0
494	190	0
495	198	0
496	195	0
497	180	0
498	186	0
499	190	0
500	209	0
501	206	0
502	232	0
503	182	0
504	203	0
505	192	0
506	212	0
507	215	0
508	196	0
509	195	0
510	192	0
511	189	0
512	196	0
513	215	0
514	171	0
515	192	0
516	205	0
517	197	0
518	199	0
519	182	0
520	173	0
521	186	0
522	196	0
523	186	0
524	217	0
525	210	0
526	199	0
527	199	0
528	195	0
529	198	0
530	199	0
531	217	0
532	210	0
533	196	0
534	183	0
535	216	0
536	203	0
537	228	0
538	202	0
539	193	0
540	176	0
541	198	0
542	173	0
543	198	0
544	210	0
545	223	0
546	210	0
547	190	0
548	215	0
549	205	0
550	216	0
551	191	0
552	195	0
553	214	0
554	173	0
555	220	0
556	188	0
557	206	0
558	224	0
559	201	0
560	186	0
561	192	0
562	214	0
563	200	0
564	231	0
565	207	0
566	182	0
567	201	0
568	218	0
569	203	0
570	201	0
571	219	0
572	203	0
573	184	0
574	193	0
575	184	0
576	178	0
577	162	0
578	211	0
579	180	0
580	210	0
581	198	0
582	199	0
583	198	0
584	184	0
585	210	0
586	188	0
587	191	0
588	230	0
589	194	0
590	196	0
591	183	0
592	207	0
593	209	0
594	189	0
595	185	0
596	174	0
597	194	0
598	204	0
599	189	0
600	211	0
601	206	0
602	191	0
603	183	0
604	189	0
605	219	0
606	191	0
607	209	0
608	213	0
609	193	0
610	210	0
611	185	0
612	217	0
613	202	0
614	215	0
615	175	0
616	195	0
617	196	0
618	192	0
619	210	0
620	213	0
621	193	0
622	212	0
623	188	0
624	193	0
625	197	0
626	208	0
627	191	0
628	214	0
629	211	0
630	200	0
631	195	0
632	178	0
633	190	0
634	178	0
635	193	0
636	200	0
637	182	0
638	185	0
639	187	0
640	207	0
641	211	0
642	162	0
643	220	0
644	205	0
645	189	0
646	183	0
647	219	0
648	197	0
649	187	0
650	171	0
651	184	0
652	184	0
653	188	0
654	209	0
655	167	0
656	186	0
657	164	0
658	216	0
659	171	0
660	196	0
661	203	0
662	214	0
663	189	0
664	197	0
665	225	0
666	187	0
667	200	0
668	192	0
669	184	0
670	202	0
671	208	0
672	190	0
673	183	0
674	187	0
675	185	0
676	214	0
677	191	0
678	219	0
679	225	0
680	190	0
681	197	0
682	181	0
683	195	0
684	178	0
685	207	0
686	175	0
687	202	0
688	172	0
689	168	0
690	195	0
691	178	0
692	190	0
693	214	0
694	199	0
695	216	0
696	202	0
697	197	0
698	194	0
699	195	0
700	184	0
701	196	0
702	166	0
703	213	0
704	196	0
705	202	0
706	193	0
707	166	0
708	182	0
709	183	0
710	205	0
711	200	0
712	195	0
713	178	0
714	203	0
715	195	0
716	184	0
717	187	0
718	211	0
719	201	0
720	205	0
721	215	0
722	198	0
723	181	0
724	181	0
725	191	0
726	203	0
727	192	0
728	184	0
729	196	0
730	200	0
731	177	0
732	180	0
733	219	0
734	199	0
735	191	0
736	214	0
737	203	0
738	179	0
739	207	0
740	196	0
741	200	0
742	194	0
743	211	0
744	194	0
745	183	0
746	186	0
747	164	0
748	210	0
749	209	0
750	224	0
751	168	0
752	195	0
753	189	0
754	175	0
755	193	0
756	178	0
757	194	0
758	191	0
759	206	0
760	227	0
761	208	0
762	202	0
763	196	0
764	214	0
765	184	0
766	202	0
767	198	0
768	188	0
769	220	0
770	193	0
771	204	0
772	221	0
773	181	0
774	206	0
775	184	0
776	203	0
777	171	0
778	179	0
779	179	0
780	205	0
781	204	0
782	203	0
783	197	0
784	229	0
785	213	0
786	189	0
787	201	0
788	198	0
789	189	0
790	204	0
791	200	0
792	199	0
793	203	0
794	170	0
795	227	0
796	179	0
797	208	0
798	191	0
799	202	0
800	203	0
801	197	0
802	195	0
803	208	0
804	191	0
805	202	0
806	183	0
807	189	0
808	195	0
809	208	0
810	181	0
811	194	0
812	181	0
813	209	0
814	206	0
815	165	0
816	198	0
817	194	0
818	205	0
819	177	0
820	202	0
821	188	0
822	200	0
823	212	0
824	206	0
825	203	0
826	192	0
827	181	0
828	211	0
829	185	0
830	184	0
831	197	0
832	176	0
833	195	0
834	186	0
835	198	0
836	194	0
837	206	0
838	197	0
839	177	0
840	182	0
841	183	0
842	173	0
843	183	0
844	207	0
845	213	0
846	189	0
847	204	0
848	204	0
849	210	0
850	194	0
851	218	0
852	193	0
853	213	0
854	201	0
855	197	0
856	174	0
857	179	0
858	190	0
859	206	0
860	179	0
861	180	0
862	213	0
863	214	0
864	191	0
865	202	0
866	186	0
867	182	0
868	197	0
869	199	0
870	183	0
871	204	0
872	200	0
873	204	0
874	214	0
875	200	0
876	179	0
877	190	0
878	196	0
879	203	0
880	195	0
881	178	0
882	181	0
883	191	0
884	200	0
885	218	0
886	201	0
887	188	0
888	213	0
889	204	0
890	191	0
891	194	0
892	197	0
893	208	0
894	193	0
895	192	0
896	195	0
897	219	0
898	191	0
899	197	0
900	193	0
901	182	0
902	214	0
903	188	0
904	182	0
905	209	0
906	185	0
907	209	0
908	169	0
909	180	0
910	185	0
911	189	0
912	184	0
913	190	0
914	198	0
915	190	0
916	189	0
917	169	0
918	189	0
919	182	0
920	197	0
921	206	0
922	180	0
923	197	0
924	182	0
925	207	0
926	185	0
927	201	0
928	188	0
929	182	0
930	196	0
931	191	0
932	185	0
933	190	0
934	196	0
935	200	0
936	205	0
937	171	0
938	203	0
939	193	0
940	186	0
941	165	0
942	181	0
943	180	0
944	193	0
945	199	0
946	193	0
947	203	0
948	219	0
949	219	0
950	165	0
951	190	0
952	183	0
953	179	0
954	196	0
955	188	0
956	186	0
957	201	0
958	162	0
959	204	0
960	184	0
961	187	0
962	173	0
963	189	0
964	191	0
965	212	0
966	204	0
967	165	0
968	205	0
969	180	0
970	220	0
971	187	0
972	204	0
973	195	0
974	181	0
975	209	0
976	191	0
977	192	0
978	171	0
979	186	0
980	181	0
981	191	0
982	194	0
983	192	0
984	219	0
985	188	0
986	202	0
987	194	0
988	179	0
989	196	0
990	164	0
991	199	0
992	192	0
993	168	0
994	164	0
995	181	0
996	184	0
997	195	0
998	159	0
999	205	0
1000	184	0
1001	195	0
1002	194	0
1003	229	0
1004	178	0
1005	189	0
1006	178	0
1007	192	0
1008	196	0
1009	156	0
1010	184	0
1011	205	0
1012	211	0
1013	164	0
1014	189	0
1015	185	0
1016	188	0
1017	183	0
1018	208	0
1019	204	0
1020	189	0
1021	199	0
1022	177	0
1023	185	0
1024	189	0
1025	201	0
1026	189	0
1027	197	0
1028	202	0
1029	221	0
1030	201	0
1031	200	0
1032	196	0
1033	188	0
1034	193	0
1035	205	0
1036	191	0
1037	230	0
1038	236	0
1039	198	0
1040	187	0
1041	160	0
1042	206	0
1043	183	0
1044	171	0
1045	211	0
1046	178	0
1047	163	0
1048	190	0
1049	207	0
1050	183	0
1051	183	0
1052	214	0
1053	200	0
1054	204	0
1055	203	0
1056	212	0
1057	191	0
1058	217	0
1059	186	0
1060	206	0
1061	199	0
1062	191	0
1063	175	0
1064	197	0
1065	191	0
1066	214	0
1067	182	0
1068	194	0
1069	210	0
1070	197	0
1071	179	0
1072	200	0
1073	202	0
1074	203	0
1075	212	0
1076	220	0
1077	224	0
1078	208	0
1079	209	0
1080	187	0
1081	203	0
1082	173	0
1083	198	0
1084	184	0
1085	212	0
1086	170	0
1087	198	0
1088	175	0
1089	188	0
1090	179	0
1091	204	0
1092	192	0
1093	175	0
1094	188	0
1095	203	0
1096	172	0
1097	174	0
1098	204	0
1099	186	0
1100	236	0
1101	201	0
1102	195	0
1103	185	0
1104	193	0
1105	191	0
1106	180	0
1107	208	0
1108	204	0
1109	168	0
1110	182	0
1111	192	0
1112	208	0
1113	194	0
1114	215	0
1115	183	0
1116	190	0
1117	194	0
1118	189	0
1119	144	0
1120	217	0
1121	206	0
1122	215	0
1123	182	0
1124	190	0
1125	166	0
1126	184	0
1127	187	0
1128	199	0
1129	190	0
1130	204	0
1131	189	0
1132	191	0
1133	214	0
1134	222	0
1135	212	0
1136	199	0
1137	163	0
1138	206	0
1139	203	0
1140	197	0
1141	178	0
1142	199	0
1143	186	0
1144	182	0
1145	229	0
1146	181	0
1147	204	0
1148	186	0
1149	167	0
1150	201	0
1151	198	0
1152	201	0
1153	185	0
1154	184	0
1155	195	0
1156	163	0
1157	229	0
1158	200	0
1159	206	0
1160	218	0
1161	179	0
1162	205	0
1163	207	0
1164	163	0
1165	216	0
1166	207	0
1167	191	0
1168	166	0
1169	190	0
1170	214	0
1171	185	0
1172	185	0
1173	191	0
1174	191	0
1175	209	0
1176	182	0
1177	191	0
1178	201	0
1179	192	0
1180	208	0
1181	198	0
1182	201	0
1183	187	0
1184	170	0
1185	218	0
1186	189	0
1187	179	0
1188	179	0
1189	177	0
1190	194	0
1191	183	0
1192	205	0
1193	171	0
1194	199	0
1195	158	0
1196	234	0
1197	232	0
1198	192	0
1199	185	0
1200	214	0
1201	184	0
1202	219	0
1203	190	0
1204	196	0
1205	185	0
1206	189	0
1207	207	0
1208	180	0
1209	218	0
1210	187	0
1211	188	0
1212	181	0
1213	191	0
1214	195	0
1215	180	0
1216	220	0
1217	211	0
1218	188	0
1219	176	0
1220	195	0
1221	193	0
1222	190	0
1223	222	0
1224	176	0
1225	201	0
1226	199	0
1227	213	0
1228	183	0
1229	190	0
1230	196	0
1231	179	0
1232	204	0
1233	207	0
1234	231	0
1235	177	0
1236	187	0
1237	202	0
1238	184	0
1239	175	0
1240	213	0
1241	175	0
1242	206	0
1243	189	0
1244	173	0
1245	185	0
1246	183	0
1247	218	0
1248	218	0
1249	203	0
1250	200	0
1251	179	0
1252	209	0
1253	220	0
1254	211	0
1255	174	0
1256	188	0
1257	179	0
1258	187	0
1259	203	0
1260	202	0
1261	203	0
1262	202	0
1263	224	0
1264	194	0
1265	187	0
1266	204	0
1267	186	0
1268	209	0
1269	181	0
1270	200	0
1271	188	0
1272	180	0
1273	227	0
1274	196	0
1275	172	0
1276	223	0
1277	232	0
1278	200	0
1279	205	0
1280	209	0
1281	198	0
1282	199	0
1283	219	0
1284	182	0
1285	204	0
1286	202	0
1287	213	0
1288	200	0
1289	181	0
1290	189	0
1291	185	0
1292	194	0
1293	201	0
1294	216	0
1295	158	0
1296	185	0
1297	196	0
1298	194	0
1299	162	0
1300	204	0
1301	202	0
1302	187	0
1303	204	0
1304	209	0
1305	195	0
1306	190	0
1307	187	0
1308	198	0
1309	186	0
1310	196	0
1311	176	0
1312	205	0
1313	187	0
1314	195	0
1315	194	0
1316	179	0
1317	177	0
1318	185	0
1319	182	0
1320	198	0
1321	201	0
1322	190	0
1323	201	0
1324	197	0
1325	182	0
1326	226	0
1327	193	0
1328	172	0
1329	226	0
1330	184	0
1331	179	0
1332	201	0
1333	195	0
1334	212	0
1335	201	0
1336	184	0
1337	194	0
1338	179	0
1339	176	0
1340	200	0
1341	207	0
1342	188	0
1343	195	0
1344	179	0
1345	192	0
1346	179	0
1347	200	0
1348	202	0
1349	215	0
1350	217	0
1351	195	0
1352	193	0
1353	175	0
1354	210	0
1355	189	0
1356	194	0
1357	209	0
1358	212	0
1359	200	0
1360	208	0
1361	174	0
1362	218	0
1363	209	0
1364	211	0
1365	175	0
1366	174	0
1367	209	0
1368	189	0
1369	198	0
1370	207	0
1371	209	0
1372	175	0
1373	189	0
1374	182	0
1375	180	0
1376	189	0
1377	191	0
1378	206	0
1379	194	0
1380	181	0
1381	196	0
1382	200	0
1383	200	0
1384	214	0
1385	153	0
1386	195	0
1387	220	0
1388	189	0
1389	173	0
1390	211	0
1391	181	0
1392	182	0
1393	193	0
1394	204	0
1395	203	0
1396	204	0
1397	207	0
1398	182	0
1399	190	0
1400	190	0
1401	216	0
1402	211	0
1403	207	0
1404	171	0
1405	198	0
1406	199	0
1407	184	0
1408	189	0
1409	193	0
1410	198	0
1411	197	0
1412	190	0
1413	203	0
1414	208	0
1415	200	0
1416	200	0
1417	177	0
1418	186	0
1419	206	0
1420	196	0
1421	200	0
1422	183	0
1423	204	0
1424	199	0
1425	207	0
1426	184	0
1427	194	0
1428	202	0
1429	193	0
1430	179	0
1431	192	0
1432	179	0
1433	198	0
1434	191	0
1435	195	0
1436	191	0
1437	207	0
1438	209	0
1439	190	0
1440	197	0
1441	178	0
1442	176	0
1443	195	0
1444	188	0
1445	184	0
1446	197	0
1447	213	0
1448	175	0
1449	188	0
1450	182	0
1451	188	0
1452	172	0
1453	195	0
1454	184	0
1455	195	0
1456	201	0
1457	203	0
1458	209	0
1459	188	0
1460	192	0
1461	198	0
1462	211	0
1463	189	0
1464	186	0
1465	191	0
1466	209	0
1467	175	0
1468	191	0
1469	216	0
1470	210	0
1471	179	0
1472	201	0
1473	196	0
1474	179	0
1475	208	0
1476	163	0
1477	193	0
1478	196	0
1479	204	0
1480	184	0
1481	207	0
1482	196	0
1483	202	0
1484	227	0
1485	189	0
1486	198	0
1487	212	0
1488	188	0
1489	167	0
1490	202	0
1491	177	0
1492	193	0
1493	201	0
1494	182	0
1495	194	0
1496	181	0
1497	195	0
1498	232	0
1499	186	0
1500	203	0
1501	202	0
1502	192	0
1503	171	0
1504	184	0
1505	172	0
1506	207	0
1507	187	0
1508	193	0
1509	198	0
1510	202	0
1511	197	0
1512	181	0
1513	189	0
1514	233	0
1515	193	0
1516	187	0
1517	175	0
1518	218	0
1519	208	0
1520	175	0
1521	188	0
1522	174	0
1523	190	0
1524	201	0
1525	177	0
1526	196	0
1527	219	0
1528	192	0
1529	202	0
1530	199	0
1531	190	0
1532	188	0
1533	191	0
1534	183	0
1535	197	0
1536	196	0
1537	185	0
1538	182	0
1539	208	0
1540	205	0
1541	174	0
1542	172	0
1543	189	0
1544	215	0
1545	195	0
1546	192	0
1547	197	0
1548	177	0
1549	183	0
1550	190	0
1551	193	0
1552	175	0
1553	205	0
1554	211	0
1555	196	0
1556	186	0
1557	219	0
1558	200	0
1559	197	0
1560	203	0
1561	184	0
1562	207	0
1563	188	0
1564	212	0
1565	209	0
1566	204	0
1567	198	0
1568	204	0
1569	165	0
1570	193	0
1571	198	0
1572	202	0
1573	202	0
1574	224	0
1575	206	0
1576	187	0
1577	209	0
1578	216	0
1579	199	0
1580	187	0
1581	186	0
1582	197	0
1583	201	0
1584	183	0
1585	185	0
1586	187	0
1587	203	0
1588	196	0
1589	202	0
1590	194	0
1591	200	0
1592	214	0
1593	223	0
1594	197	0
1595	193	0
1596	185	0
1597	179	0
1598	206	0
1599	217	0
1600	197	0
1601	211	0
1602	198	0
1603	192	0
1604	201	0
1605	209	0
1606	194	0
1607	182	0
1608	190	0
1609	196	0
1610	189	0
1611	190	0
1612	212	0
1613	188	0
1614	210	0
1615	199	0
1616	185	0
1617	213	0
1618	205	0
1619	165	0
1620	185	0
1621	194	0
1622	182	0
1623	220	0
1624	205	0
1625	197	0
1626	190	0
1627	213	0
1628	209	0
1629	190	0
1630	206	0
1631	209	0
1632	212	0
1633	198	0
1634	201	0
1635	181	0
1636	211	0
1637	211	0
1638	175	0
1639	182	0
1640	188	0
1641	195	0
1642	192	0
1643	188	0
1644	175	0
1645	203	0
1646	215	0
1647	184	0
1648	185	0
1649	169	0
1650	196	0
1651	198	0
1652	201	0
1653	153	0
1654	180	0
1655	206	0
1656	196	0
1657	185	0
1658	217	0
1659	210	0
1660	181	0
1661	211	0
1662	198	0
1663	190	0
1664	206	0
1665	197	0
1666	188	0
1667	175	0
1668	206	0
1669	206	0
1670	169	0
1671	177	0
1672	204	0
1673	192	0
1674	197	0
1675	176	0
1676	214	0
1677	176	0
1678	192	0
1679	203	0
1680	195	0
1681	195	0
1682	213	0
1683	212	0
1684	198	0
1685	225	0
1686	190	0
1687	196	0
1688	194	0
1689	198	0
1690	192	0
1691	188	0
1692	222	0
1693	222	0
1694	213	0
1695	194	0
1696	220	0
1697	178	0
1698	194	0
1699	202	0
1700	216	0
1701	211	0
1702	226	0
1703	194	0
1704	201	0
1705	211	0
1706	197	0
1707	200	0
1708	215	0
1709	206	0
1710	196	0
1711	208	0
1712	188	0
1713	148	0
1714	192	0
1715	201	0
1716	198	0
1717	187	0
1718	217	0
1719	211	0
1720	194	0
1721	211	0
1722	192	0
1723	184	0
1724	182	0
1725	205	0
1726	177	0
1727	178	0
1728	226	0
1729	198	0
1730	218	0
1731	193	0
1732	222	0
1733	203	0
1734	184	0
1735	190	0
1736	215	0
1737	222	0
1738	183	0
1739	218	0
1740	184	0
1741	183	0
1742	171	0
1743	193	0
1744	206	0
1745	177	0
1746	184	0
1747	192	0
1748	190	0
1749	203	0
1750	187	0
1751	207	0
1752	182	0
1753	179	0
1754	192	0
1755	184	0
1756	173	0
1757	196	0
1758	201	0
1759	198	0
1760	202	0
1761	188	0
1762	186	0
1763	179	0
1764	179	0
1765	227	0
1766	185	0
1767	180	0
1768	213	0
1769	205	0
1770	189	0
1771	170	0
1772	190	0
1773	185	0
1774	177	0
1775	196	0
1776	203	0
1777	194	0
1778	199	0
1779	198	0
1780	188	0
1781	200	0
1782	220	0
1783	179	0
1784	170	0
1785	186	0
1786	190	0
1787	196	0
1788	212	0
1789	176	0
1790	207	0
1791	179	0
1792	182	0
1793	198	0
1794	195	0
1795	200	0
1796	215	0
1797	195	0
1798	197	0
1799	186	0
1800	210	0
1801	189	0
1802	182	0
1803	196	0
1804	207	0
1805	197	0
1806	195	0
1807	179	0
1808	215	0
1809	181	0
1810	214	0
1811	202	0
1812	192	0
1813	192	0
1814	204	0
1815	201	0
1816	192	0
1817	183	0
1818	205	0
1819	207	0
1820	170	0
1821	185	0
1822	192	0
1823	209	0
1824	190	0
1825	200	0
1826	205	0
1827	189	0
1828	191	0
1829	201	0
1830	181	0
1831	196	0
1832	207	0
1833	206	0
1834	174	0
1835	215	0
1836	187	0
1837	203	0
1838	187	0
1839	214	0
1840	201	0
1841	206	0
1842	188	0
1843	229	0
1844	203	0
1845	199	0
1846	190	0
1847	188	0
1848	205	0
1849	177	0
1850	207	0
1851	184	0
1852	198	0
1853	176	0
1854	187	0
1855	198	0
1856	213	0
1857	187	0
1858	183	0
1859	205	0
1860	209	0
1861	185	0
1862	204	0
1863	207	0
1864	201	0
1865	212	0
1866	184	0
1867	180	0
1868	187	0
1869	222	0
1870	196	0
1871	208	0
1872	201	0
1873	213	0
1874	195	0
1875	186	0
1876	202	0
1877	196	0
1878	203	0
1879	183	0
1880	176	0
1881	197	0
1882	188	0
1883	193	0
1884	198	0
1885	180	0
1886	203	0
1887	206	0
1888	190	0
1889	199	0
1890	196	0
1891	181	0
1892	187	0
1893	213	0
1894	186	0
1895	201	0
1896	196	0
1897	200	0
1898	201	0
1899	214	0
1900	201	0
1901	198	0
1902	196	0
1903	187	0
1904	191	0
1905	175	0
1906	211	0
1907	184	0
1908	199	0
1909	179	0
1910	206	0
1911	188	0
1912	208	0
1913	201	0
1914	183	0
1915	220	0
1916	165	0
1917	230	0
1918	194	0
1919	201	0
1920	196	0
1921	211	0
1922	185	0
1923	195	0
1924	219	0
1925	215	0
1926	163	0
1927	183	0
1928	220	0
1929	181	0
1930	207	0
1931	190	0
1932	192	0
1933	180	0
1934	208	0
1935	192	0
1936	204	0
1937	170	0
1938	215	0
1939	183	0
1940	191	0
1941	211	0
1942	196	0
1943	196	0
1944	232	0
1945	190	0
1946	191	0
1947	200	0
1948	181	0
1949	185	0
1950	223	0
1951	191	0
1952	199	0
1953	186	0
1954	182	0
1955	197	0
1956	201	0
1957	207	0
1958	198	0
1959	202	0
1960	179	0
1961	197	0
1962	196	0
1963	179	0
1964	183	0
1965	204	0
1966	208	0
1967	206	0
1968	208	0
1969	167	0
1970	210	0
1971	172	0
1972	195	0
1973	195	0
1974	214	0
1975	202	0
1976	206	0
1977	187	0
1978	199	0
1979	181	0
1980	204	0
1981	197	0
1982	180	0
1983	212	0
1984	203	0
1985	206	0
1986	226	0
1987	197	0
1988	208	0
1989	195	0
1990	188	0
1991	208	0
1992	208	0
1993	179	0
1994	205	0
1995	196	0
1996	196	0
1997	169	0
1998	177	0
1999	229	0
2000	193	0
2001	199	0
2002	200	0
2003	199	0
2004	184	0
2005	220	0
2006	192	0
2007	203	0
2008	185	0
2009	199	0
2010	179	0
2011	197	0
2012	194	0
2013	193	0
2014	211	0
2015	186	0
2016	204	0
2017	189	0
2018	181	0
2019	200	0
2020	178	0
2021	187	0
2022	179	0
2023	194	0
2024	217	0
2025	209	0
2026	188	0
2027	166	0
2028	195	0
2029	207	0
2030	190	0
2031	204	0
2032	208	0
2033	197	0
2034	205	0
2035	202	0
2036	201	0
2037	196	0
2038	187	0
2039	190	0
2040	200	0
2041	178	0
2042	203	0
2043	206	0
2044	177	0
2045	206	0
2046	202	0
2047	175	0
2048	204	0
2049	198	0
2050	200	0
2051	176	0
2052	194	0
2053	199	0
2054	185	0
2055	204	0
2056	178	0
2057	189	0
2058	193	0
2059	195	0
2060	187	0
2061	209	0
2062	180	0
2063	207	0
2064	194	0
2065	206	0
2066	180	0
2067	198	0
2068	195	0
2069	224	0
2070	201	0
2071	197	0
2072	204	0
2073	199	0
2074	197	0
2075	177	0
2076	211	0
2077	202	0
2078	195	0
2079	182	0
2080	187	0
2081	178	0
2082	204	0
2083	201	0
2084	182	0
2085	201	0
2086	194	0
2087	195	0
2088	194	0
2089	207	0
2090	189	0
2091	208	0
2092	195	0
2093	187	0
2094	220	0
2095	181	0
2096	180	0
2097	211	0
2098	173	0
2099	183	0
2100	213	0
2101	194	0
2102	195	0
2103	197	0
2104	163	0
2105	214	0
2106	180	0
2107	175	0
2108	190	0
2109	167	0
2110	177	0
2111	208	0
2112	162	0
2113	235	0
2114	223	0
2115	177	0
2116	199	0
2117	215	0
2118	191	0
2119	194	0
2120	197	0
2121	198	0
2122	189	0
2123	194	0
2124	190	0
2125	224	0
2126	186	0
2127	206	0
2128	189	0
2129	209	0
2130	203	0
2131	181	0
2132	196	0
2133	221	0
2134	197	0
2135	210	0
2136	192	0
2137	193	0
2138	204	0
2139	186	0
2140	193	0
2141	193	0
2142	221	0
2143	204	0
2144	198	0
2145	206	0
2146	191	0
2147	188	0
2148	184	0
2149	191	0
2150	221	0
2151	199	0
2152	206	0
2153	233	0
2154	174	0
2155	219	0
2156	194	0
2157	187	0
2158	188	0
2159	173	0
2160	180	0
2161	233	0
2162	181	0
2163	190	0
2164	176	0
2165	173	0
2166	177	0
2167	187	0
2168	196	0
2169	215	0
2170	205	0
2171	200	0
2172	177	0
2173	219	0
2174	203	0
2175	168	0
2176	206	0
2177	204	0
2178	184	0
2179	181	0
2180	187	0
2181	231	0
2182	193	0
2183	207	0
2184	212	0
2185	183	0
2186	185	0
2187	184	0
2188	195	0
2189	190	0
2190	185	0
2191	193	0
2192	197	0
2193	176	0
2194	202	0
2195	208	0
2196	188	0
2197	181	0
2198	196	0
2199	193	0
2200	199	0
2201	178	0
2202	203	0
2203	169	0
2204	197	0
2205	194	0
2206	202	0
2207	176	0
2208	179	0
2209	193	0
2210	187	0
2211	201	0
2212	172	0
2213	196	0
2214	168	0
2215	207	0
2216	185	0
2217	187	0
2218	187	0
2219	191	0
2220	194	0
2221	177	0
2222	181	0
2223	212	0
2224	224	0
2225	204	0
2226	187	0
2227	197	0
2228	186	0
2229	200	0
2230	202	0
2231	192	0
2232	188	0
2233	191	0
2234	201	0
2235	226	0
2236	172	0
2237	175	0
2238	221	0
2239	207	0
2240	180	0
2241	223	0
2242	200	0
2243	215	0
2244	178	0
2245	191	0
2246	169	0
2247	206	0
2248	196	0
2249	217	0
2250	187	0
2251	182	0
2252	194	0
2253	201	0
2254	223	0
2255	196	0
2256	216	0
2257	204	0
2258	204	0
2259	207	0
2260	207	0
2261	221	0
2262	213	0
2263	194	0
2264	193	0
2265	201	0
2266	188	0
2267	184	0
2268	190	0
2269	202	0
2270	203	0
2271	176	0
2272	194	0
2273	175	0
2274	195	0
2275	173	0
2276	180	0
2277	213	0
2278	171	0
2279	207	0
2280	193	0
2281	196	0
2282	194	0
2283	178	0
2284	179	0
2285	197	0
2286	196	0
2287	206	0
2288	195	0
2289	215	0
2290	171	0
2291	200	0
2292	180	0
2293	170	0
2294	212	0
2295	211	0
2296	209	0
2297	204	0
2298	200	0
2299	184	0
2300	189	0
2301	193	0
2302	207	0
2303	200	0
2304	227	0
2305	208	0
2306	176	0
2307	233	0
2308	195	0
2309	203	0
2310	186	0
2311	196	0
2312	206	0
2313	180	0
2314	194	0
2315	195	0
2316	191	0
2317	199	0
2318	200	0
2319	205	0
2320	203	0
2321	203	0
2322	195	0
2323	189	0
2324	209	0
2325	198	0
2326	195	0
2327	215	0
2328	195	0
2329	202	0
2330	177	0
2331	193	0
2332	205	0
2333	161	0
2334	166	0
2335	220	0
2336	192	0
2337	224	0
2338	204	0
2339	222	0
2340	197	0
2341	195	0
2342	194	0
2343	219	0
2344	196	0
2345	207	0
2346	210	0
2347	195	0
2348	176	0
2349	197	0
2350	209	0
2351	187	0
2352	202	0
2353	195	0
2354	205	0
2355	180	0
2356	202	0
2357	195	0
2358	216	0
2359	214	0
2360	197	0
2361	194	0
2362	212	0
2363	189	0
2364	185	0
2365	188	0
2366	190	0
2367	185	0
2368	224	0
2369	196	0
2370	219	0
2371	185	0
2372	196	0
2373	193	0
2374	226	0
2375	193	0
2376	170	0
2377	203	0
2378	219	0
2379	190	0
2380	205	0
2381	189	0
2382	204	0
2383	196	0
2384	175	0
2385	221	0
2386	189	0
2387	206	0
2388	189	0
2389	199	0
2390	197	0
2391	204	0
2392	189	0
2393	209	0
2394	175	0
2395	195	0
2396	223	0
2397	209	0
2398	210	0
2399	172	0
2400	201	0
2401	203	0
2402	204	0
2403	194	0
2404	201	0
2405	195	0
2406	193	0
2407	203	0
2408	164	0
2409	187	0
2410	218	0
2411	226	0
2412	229	0
2413	145	0
2414	182	0
2415	211	0
2416	197	0
2417	204	0
2418	214	0
2419	195	0
2420	162	0
2421	181	0
2422	214	0
2423	208	0
2424	183	0
2425	185	0
2426	212	0
2427	210	0
2428	194	0
2429	207	0
2430	214	0
2431	201	0
2432	182	0
2433	215	0
2434	182	0
2435	183	0
2436	197	0
2437	179	0
2438	225	0
2439	205	0
2440	209	0
2441	214	0
2442	187	0
2443	226	0
2444	198	0
2445	201	0
2446	184	0
2447	197	0
2448	173	0
2449	189	0
2450	168	0
2451	173	0
2452	187	0
2453	170	0
2454	230	0
2455	199	0
2456	199	0
2457	161	0
2458	206	0
2459	208	0
2460	196	0
2461	177	0
2462	178	0
2463	183	0
2464	206	0
2465	206	0
2466	177	0
2467	158	0
2468	195	0
2469	198	0
2470	181	0
2471	199	0
2472	181	0
2473	205	0
2474	196	0
2475	200	0
2476	180	0
2477	230	0
2478	190	0
2479	206	0
2480	180	0
2481	201	0
2482	182	0
2483	203	0
2484	221	0
2485	210	0
2486	176	0
2487	180	0
2488	189	0
2489	203	0
2490	207	0
2491	184	0
2492	201	0
2493	222	0
2494	202	0
2495	190	0
2496	179	0
2497	181	0
2498	192	0
2499	196	0
2500	190	0
2501	186	0
2502	209	0
2503	199	0
2504	212	0
2505	198	0
2506	227	0
2507	195	0
2508	187	0
2509	191	0
2510	185	0
2511	207	0
2512	186	0
2513	210	0
2514	187	0
2515	175	0
2516	213	0
2517	199	0
2518	169	0
2519	183	0
2520	232	0
2521	181	0
2522	201	0
2523	213	0
2524	203	0
2525	198	0
2526	208	0
2527	191	0
2528	184	0
2529	199	0
2530	172	0
2531	208	0
2532	188	0
2533	184	0
2534	198	0
2535	212	0
2536	195	0
2537	193	0
2538	196	0
2539	182	0
2540	218	0
2541	225	0
2542	189	0
2543	191	0
2544	207	0
2545	208	0
2546	183	0
2547	169	0
2548	223	0
2549	201	0
2550	167	0
2551	170	0
2552	181	0
2553	203	0
2554	174	0
2555	200	0
2556	198	0
2557	188	0
2558	148	0
2559	222	0
2560	188	0
2561	182	0
2562	205	0
2563	189	0
2564	168	0
2565	207	0
2566	220	0
2567	180	0
2568	178	0
2569	206	0
2570	206	0
2571	193	0
2572	188	0
2573	212	0
2574	194	0
2575	186	0
2576	207	0
2577	192	0
2578	162	0
2579	206	0
2580	198	0
2581	185	0
2582	203	0
2583	200	0
2584	177	0
2585	187	0
2586	206	0
2587	176	0
2588	205	0
2589	184	0
2590	215	0
2591	183	0
2592	201	0
2593	201	0
2594	217	0
2595	199	0
2596	204	0
2597	198	0
2598	171	0
2599	190	0
2600	191	0
2601	183	0
2602	182	0
2603	191	0
2604	165	0
2605	201	0
2606	224	0
2607	199	0
2608	187	0
2609	181	0
2610	174	0
2611	195	0
2612	189	0
2613	196	0
2614	208	0
2615	170	0
2616	190	0
2617	186	0
2618	192	0
2619	247	0
2620	212	0
2621	166	0
2622	195	0
2623	221	0
2624	216	0
2625	211	0
2626	217	0
2627	183	0
2628	184	0
2629	195	0
2630	205	0
2631	196	0
2632	176	0
2633	176	0
2634	217	0
2635	201	0
2636	196	0
2637	167	0
2638	188	0
2639	208	0
2640	171	0
2641	197	0
2642	218	0
2643	201	0
2644	199	0
2645	184	0
2646	204	0
2647	192	0
2648	214	0
2649	201	0
2650	194	0
2651	203	0
2652	209	0
2653	194	0
2654	206	0
2655	187	0
2656	200	0
2657	182	0
2658	198	0
2659	205	0
2660	192	0
2661	237	0
2662	151	0
2663	189	0
2664	184	0
2665	203	0
2666	189	0
2667	210	0
2668	184	0
2669	188	0
2670	186	0
2671	199	0
2672	193	0
2673	212	0
2674	194	0
2675	199	0
2676	182	0
2677	190	0
2678	207	0
2679	215	0
2680	201	0
2681	200	0
2682	197	0
2683	205	0
2684	204	0
2685	207	0
2686	176	0
2687	199	0
2688	200	0
2689	215	0
2690	216	0
2691	190	0
2692	192	0
2693	234	0
2694	214	0
2695	205	0
2696	201	0
2697	203	0
2698	188	0
2699	209	0
2700	209	0
2701	210	0
2702	197	0
2703	196	0
2704	189	0
2705	195	0
2706	183	0
2707	210	0
2708	187	0
2709	216	0
2710	215	0
2711	209	0
2712	206	0
2713	197	0
2714	205	0
2715	221	0
2716	206	0
2717	171	0
2718	181	0
2719	187	0
2720	202	0
2721	179	0
2722	198	0
2723	207	0
2724	191	0
2725	175	0
2726	206	0
2727	176	0
2728	186	0
2729	197	0
2730	172	0
2731	191	0
2732	194	0
2733	200	0
2734	171	0
2735	191	0
2736	209	0
2737	199	0
2738	224	0
2739	214	0
2740	178	0
2741	201	0
2742	193	0
2743	217	0
2744	178	0
2745	192	0
2746	201	0
2747	191	0
2748	194	0
2749	178	0
2750	207	0
2751	210	0
2752	195	0
2753	166	0
2754	190	0
2755	183	0
2756	191	0
2757	215	0
2758	218	0
2759	200	0
2760	193	0
2761	215	0
2762	183	0
2763	192	0
2764	198	0
2765	193	0
2766	210	0
2767	213	0
2768	201	0
2769	196	0
2770	223	0
2771	191	0
2772	212	0
2773	205	0
2774	202	0
2775	211	0
2776	202	0
2777	212	0
2778	203	0
2779	212	0
2780	177	0
2781	181	0
2782	178	0
2783	179	0
2784	233	0
2785	192	0
2786	197	0
2787	209	0
2788	192	0
2789	169	0
2790	191	0
2791	203	0
2792	228	0
2793	195	0
2794	206	0
2795	215	0
2796	198	0
2797	186	0
2798	204	0
2799	176	0
2800	188	0
2801	192	0
2802	190	0
2803	212	0
2804	198	0
2805	176	0
2806	183	0
2807	181	0
2808	222	0
2809	215	0
2810	209	0
2811	206	0
2812	190	0
2813	202	0
2814	186	0
2815	224	0
2816	184	0
2817	184	0
2818	184	0
2819	215	0
2820	182	0
2821	221	0
2822	197	0
2823	191	0
2824	204	0
2825	210	0
2826	205	0
2827	213	0
2828	189	0
2829	178	0
2830	219	0
2831	216	0
2832	215	0
2833	204	0
2834	178	0
2835	213	0
2836	179	0
2837	186	0
2838	191	0
2839	206	0
2840	198	0
2841	204	0
2842	185	0
2843	201	0
2844	197	0
2845	194	0
2846	191	0
2847	175	0
2848	178	0
2849	185	0
2850	182	0
2851	180	0
2852	221	0
2853	198	0
2854	223	0
2855	182	0
2856	196	0
2857	195	0
2858	198	0
2859	206	0
2860	211	0
2861	197	0
2862	208	0
2863	196	0
2864	199	0
2865	199	0
2866	184	0
2867	197	0
2868	192	0
2869	168	0
2870	210	0
2871	186	0
2872	218	0
2873	207	0
2874	204	0
2875	206	0
2876	188	0
2877	205	0
2878	214	0
2879	207	0
2880	189	0
2881	206	0
2882	183	0
2883	191	0
2884	217	0
2885	207	0
2886	191	0
2887	204	0
2888	199	0
2889	197	0
2890	187	0
2891	200	0
2892	191	0
2893	212	0
2894	197	0
2895	183	0
2896	189	0
2897	197	0
2898	182	0
2899	190	0
2900	182	0
2901	214	0
2902	195	0
2903	208	0
2904	202	0
2905	204	0
2906	193	0
2907	221	0
2908	215	0
2909	192	0
2910	183	0
2911	185	0
2912	202	0
2913	230	0
2914	209	0
2915	184	0
2916	201	0
2917	193	0
2918	204	0
2919	156	0
2920	181	0
2921	211	0
2922	219	0
2923	187	0
2924	200	0
2925	173	0
2926	177	0
2927	174	0
2928	178	0
2929	189	0
2930	196	0
2931	185	0
2932	219	0
2933	181	0
2934	201	0
2935	199	0
2936	166	0
2937	187	0
2938	176	0
2939	179	0
2940	205	0
2941	199	0
2942	190	0
2943	181	0
2944	177	0
2945	197	0
2946	203	0
2947	200	0
2948	191	0
2949	197	0
2950	197	0
2951	196	0
2952	199	0
2953	213	0
2954	174	0
2955	194	0
2956	207	0
2957	184	0
2958	201	0
2959	175	0
2960	193	0
2961	204	0
2962	192	0
2963	185	0
2964	161	0
2965	212	0
2966	205	0
2967	210	0
2968	192	0
2969	193	0
2970	191	0
2971	200	0
2972	211	0
2973	205	0
2974	177	0
2975	183	0
2976	204	0
2977	170	0
2978	190	0
2979	202	0
2980	177	0
2981	179	0
2982	200	0
2983	205	0
2984	175	0
2985	222	0
2986	212	0
2987	189	0
2988	175	0
2989	187	0
2990	189	0
2991	203	0
2992	209	0
2993	209	0
2994	211	0
2995	186	0
2996	178	0
2997	223	0
2998	197	0
2999	224	0
3000	195	0
