1	200	0
2	198	0
3	206	0
4	214	0
5	195	0
6	220	0
7	181	0
8	209	0
9	219	0
10	203	0
11	176	0
12	190	0
13	207	0
14	164	0
15	169	0
16	214	0
17	214	0
18	185	0
19	170	0
20	192	0
21	191	0
22	204	0
23	169	0
24	184	0
25	244	0
26	189	0
27	236	0
28	179	0
29	204	0
30	196	0
31	166	0
32	206	0
33	199	0
34	209	0
35	207	0
36	188	0
37	193	0
38	196	0
39	228	0
40	212	0
41	204	0
42	198	0
43	218	0
44	178	0
45	200	0
46	207	0
47	187	0
48	208	0
49	209	0
50	204	0
51	186	0
52	209	0
53	187	0
54	184	0
55	193	0
56	187	0
57	205	0
58	190	0
59	189	0
60	183	0
61	218	0
62	179	0
63	192	0
64	200	0
65	182	0
66	193	0
67	209	0
68	194	0
69	195	0
70	175	0
71	215	0
72	198	0
73	196	0
74	215	0
75	181	0
76	228	0
77	189	0
78	193	0
79	190	0
80	194	0
81	195	0
82	188	0
83	205	0
84	184	0
85	193	0
86	200	0
87	197	0
88	195	0
89	181	0
90	190	0
91	183	0
92	208	0
93	202	0
94	210	0
95	196	0
96	197	0
97	225	0
98	213	0
99	209	0
100	213	0
101	191	0
102	221	0
103	201	0
104	212	0
105	184	0
106	221	0
107	176	0
108	203	0
109	212	0
110	174	0
111	210	0
112	221	0
113	188	0
114	193	0
115	177	0
116	193	0
117	235	0
118	189	0
119	204	0
120	235	0
121	198	0
122	198	0
123	174	0
124	220	0
125	220	0
126	186	0
127	193	0
128	229	0
129	194	0
130	204	0
131	184	0
132	191	0
133	217	0
134	206	0
135	195	0
136	191	0
137	202	0
138	197	0
139	215	0
140	205	0
141	184	0
142	194	0
143	209	0
144	219	0
145	206	0
146	199	0
147	197	0
148	209	0
149	188	0
150	198	0
151	210	0
152	211	0
153	185	0
154	195	0
155	194	0
156	207	0
157	210	0
158	191	0
159	188	0
160	184	0
161	197	0
162	169	0
163	178	0
164	222	0
165	207	0
166	172	0
167	217	0
168	218	0
169	201	0
170	206	0
171	204	0
172	191	0
173	206	0
174	194	0
175	191	0
176	188	0
177	200	0
178	162	0
179	220	0
180	203	0
181	207	0
182	180	0
183	198	0
184	215	0
185	189	0
186	195	0
187	217	0
188	216	0
189	200	0
190	201	0
191	196	0
192	202	0
193	181	0
194	197	0
195	180	0
196	214	0
197	201	0
198	215	0
199	201	0
200	203	0
201	190	0
202	223	0
203	225	0
204	199	0
205	202	0
206	191	0
207	197	0
208	181	0
209	187	0
210	188	0
211	197	0
212	200	0
213	170	0
214	211	0
215	189	0
216	191	0
217	167	0
218	213	0
219	199	0
220	184	0
221	220	0
222	194	0
223	198	0
224	191	0
225	229	0
226	195	0
227	185	0
228	219	0
229	195	0
230	201	0
231	188	0
232	206	0
233	171	0
234	199	0
235	202	0
236	192	0
237	190	0
238	192	0
239	190	0
240	242	0
241	183	0
242	192	0
243	200	0
244	189	0
245	175	0
246	226	0
247	191	0
248	193	0
249	212	0
250	219	0
251	197	0
252	205	0
253	216	0
254	217	0
255	186	0
256	196	0
257	194	0
258	186	0
259	212	0
260	187	0
261	211	0
262	200	0
263	202	0
264	200	0
265	193	0
266	177	0
267	205	0
268	203	0
269	174	0
270	198	0
271	192	0
272	194	0
273	206	0
274	188	0
275	197	0
276	214	0
277	183	0
278	207	0
279	205	0
280	223	0
281	200	0
282	183	0
283	196	0
284	210	0
285	187	0
286	181	0
287	236	0
288	183	0
289	207	0
290	197	0
291	189	0
292	228	0
293	230	0
294	192	0
295	188	0
296	209	0
297	193	0
298	205	0
299	200	0
300	198	0
301	192	0
302	216	0
303	211	0
304	216	0
305	178	0
306	206	0
307	196	0
308	189	0
309	198	0
310	213	0
311	178	0
312	216	0
313	189	0
314	197	0
315	208	0
316	217	0
317	212	0
318	194	0
319	197	0
320	184	0
321	196	0
322	197	0
323	204	0
324	204	0
325	190	0
326	203	0
327	221	0
328	199	0
329	192	0
330	194	0
331	192	0
332	202	0
333	183	0
334	208	0
335	203	0
336	195	0
337	197	0
338	191	0
339	189	0
340	206	0
341	188	0
342	198	0
343	197	0
344	181	0
345	206	0
346	196	0
347	225	0
348	220	0
349	196	0
350	169	0
351	171	0
352	187	0
353	195	0
354	192	0
355	178	0
356	231	0
357	199	0
358	216	0
359	200	0
360	199	0
361	177	0
362	167	0
363	211	0
364	207	0
365	200	0
366	208	0
367	200	0
368	215	0
369	198	0
370	186	0
371	207	0
372	214	0
373	194	0
374	196	0
375	230	0
376	181	0
377	176	0
378	180	0
379	224	0
380	204	0
381	183	0
382	205	0
383	196	0
384	219	0
385	209	0
386	213	0
387	187	0
388	182	0
389	219	0
390	197	0
391	187	0
392	216	0
393	196	0
394	196	0
395	208	0
396	187	0
397	195	0
398	221	0
399	212	0
400	208	0
401	174	0
402	196	0
403	216	0
404	186	0
405	203	0
406	191	0
407	198	0
408	200	0
409	187	0
410	172	0
411	219	0
412	181	0
413	193	0
414	202	0
415	202	0
416	197	0
417	205	0
418	201	0
419	196	0
420	223	0
421	197	0
422	173	0
423	194	0
424	197	0
425	199	0
426	212	0
427	205	0
428	195	0
429	176	0
430	203	0
431	198	0
432	186	0
433	201	0
434	208	0
435	222	0
436	215	0
437	198	0
438	193	0
439	198	0
440	171	0
441	219	0
442	216	0
443	194	0
444	191	0
445	185	0
446	230	0
447	153	0
448	196	0
449	224	0
450	200	0
451	203	0
452	193	0
453	215	0
454	199	0
455	221	0
456	186	0
457	190	0
458	196	0
459	211	0
460	218	0
461	212	0
462	213	0
463	210	0
464	191	0
465	194	0
466	201	0
467	184	0
468	197	0
469	195	0
470	177	0
471	220	0
472	214	0
473	186	0
474	226	0
475	208	0
476	223	0
477	198	0
478	216	0
479	216	0
480	198	0
481	201	0
482	181	0
483	231	0
484	171	0
485	216	0
486	202	0
487	197	0
488	211	0
489	203	0
490	204	0
491	205	0
492	193	0
493	200	0
494	227	0
495	191	0
496	196	0
497	196	0
498	197	0
499	200	0
500	193	0
501	200	0
502	180	0
503	202	0
504	206	0
505	198	0
506	201	0
507	227	0
508	169	0
509	215	0
510	224	0
511	194	0
512	179	0
513	182	0
514	217	0
515	193	0
516	186	0
517	208	0
518	182	0
519	199	0
520	209	0
521	207	0
522	206	0
523	183	0
524	192	0
525	165	0
526	194	0
527	177	0
528	209	0
529	184	0
530	174	0
531	216	0
532	199	0
533	183	0
534	207	0
535	182	0
536	203	0
537	203	0
538	190	0
539	210	0
540	196	0
541	222	0
542	167	0
543	216	0
544	229	0
545	217	0
546	175	0
547	199	0
548	193	0
549	215	0
550	214	0
551	177	0
552	199	0
553	198	0
554	189	0
555	190	0
556	195	0
557	196	0
558	202	0
559	226	0
560	212	0
561	206	0
562	175	0
563	210	0
564	197	0
565	223	0
566	211	0
567	222	0
568	180	0
569	194	0
570	188	0
571	204	0
572	198	0
573	198	0
574	217	0
575	199	0
576	211	0
577	198	0
578	187	0
579	190	0
580	183	0
581	199	0
582	188	0
583	219	0
584	221	0
585	197	0
586	207	0
587	168	0
588	202	0
589	207	0
590	196	0
591	206	0
592	190	0
593	192	0
594	210	0
595	206	0
596	218	0
597	196	0
598	206	0
599	202	0
600	187	0
601	197	0
602	173	0
603	198	0
604	180	0
605	203	0
606	216	0
607	175	0
608	224	0
609	198	0
610	181	0
611	187	0
612	211	0
613	188	0
614	182	0
615	193	0
616	203	0
617	204	0
618	184	0
619	222	0
620	212	0
621	203	0
622	196	0
623	216	0
624	205	0
625	194	0
626	182	0
627	179	0
628	181	0
629	216	0
630	226	0
631	195	0
632	203	0
633	180	0
634	183	0
635	196	0
636	184	0
637	212	0
638	193	0
639	195	0
640	188	0
641	194	0
642	212	0
643	168	0
644	195	0
645	203	0
646	184	0
647	180	0
648	199	0
649	222	0
650	230	0
651	206	0
652	193	0
653	188	0
654	173	0
655	203	0
656	222	0
657	194	0
658	203	0
659	200	0
660	211	0
661	183	0
662	197	0
663	180	0
664	223	0
665	173	0
666	184	0
667	211	0
668	210	0
669	196	0
670	206	0
671	204	0
672	218	0
673	198	0
674	187	0
675	194	0
676	207	0
677	220	0
678	205	0
679	187	0
680	203	0
681	189	0
682	178	0
683	212	0
684	204	0
685	192	0
686	205	0
687	213	0
688	191	0
689	207	0
690	193	0
691	197	0
692	192	0
693	183	0
694	185	0
695	209	0
696	175	0
697	193	0
698	166	0
699	242	0
700	203	0
701	216	0
702	168	0
703	206	0
704	216	0
705	201	0
706	182	0
707	214	0
708	199	0
709	176	0
710	197	0
711	185	0
712	177	0
713	207	0
714	217	0
715	190	0
716	210	0
717	211	0
718	195	0
719	223	0
720	237	0
721	200	0
722	203	0
723	195	0
724	193	0
725	232	0
726	199	0
727	185	0
728	195	0
729	194	0
730	216	0
731	189	0
732	209	0
733	224	0
734	224	0
735	189	0
736	212	0
737	197	0
738	200	0
739	229	0
740	201	0
741	196	0
742	203	0
743	188	0
744	187	0
745	193	0
746	198	0
747	208	0
748	173	0
749	191	0
750	233	0
751	196	0
752	214	0
753	184	0
754	188	0
755	200	0
756	197	0
757	200	0
758	227	0
759	189	0
760	217	0
761	197	0
762	213	0
763	186	0
764	233	0
765	217	0
766	219	0
767	198	0
768	221	0
769	204	0
770	214	0
771	202	0
772	169	0
773	174	0
774	202	0
775	194	0
776	216	0
777	185	0
778	198	0
779	191	0
780	151	0
781	194	0
782	185	0
783	179	0
784	203	0
785	207	0
786	190	0
787	212	0
788	185	0
789	188	0
790	192	0
791	221	0
792	217	0
793	203	0
794	196	0
795	189	0
796	207	0
797	187	0
798	198	0
799	213	0
800	181	0
801	183	0
802	193	0
803	199	0
804	208	0
805	196	0
806	185	0
807	205	0
808	219	0
809	210	0
810	198	0
811	206	0
812	198	0
813	187	0
814	202	0
815	222	0
816	192	0
817	191	0
818	190	0
819	214	0
820	194	0
821	187	0
822	196	0
823	198	0
824	188	0
825	197	0
826	204	0
827	176	0
828	206	0
829	198	0
830	197	0
831	204	0
832	211	0
833	204	0
834	203	0
835	216	0
836	214	0
837	185	0
838	199	0
839	185	0
840	192	0
841	236	0
842	216	0
843	209	0
844	192	0
845	197	0
846	207	0
847	190	0
848	176	0
849	194	0
850	198	0
851	213	0
852	196	0
853	210	0
854	215	0
855	230	0
856	213	0
857	178	0
858	197	0
859	155	0
860	192	0
861	169	0
862	177	0
863	244	0
864	200	0
865	197	0
866	202	0
867	190	0
868	209	0
869	191	0
870	205	0
871	182	0
872	188	0
873	201	0
874	207	0
875	214	0
876	226	0
877	218	0
878	211	0
879	198	0
880	221	0
881	200	0
882	193	0
883	214	0
884	196	0
885	191	0
886	209	0
887	163	0
888	210	0
889	204	0
890	203	0
891	194	0
892	198	0
893	209	0
894	198	0
895	201	0
896	166	0
897	237	0
898	219	0
899	188	0
900	190	0
901	205	0
902	193	0
903	198	0
904	200	0
905	221	0
906	195	0
907	216	0
908	182	0
909	196	0
910	198	0
911	200	0
912	226	0
913	180	0
914	207	0
915	177	0
916	171	0
917	174	0
918	187	0
919	205	0
920	208	0
921	199	0
922	209	0
923	202	0
924	210	0
925	197	0
926	188	0
927	190	0
928	193	0
929	194	0
930	191	0
931	188	0
932	180	0
933	183	0
934	213	0
935	183	0
936	199	0
937	203	0
938	190	0
939	207	0
940	235	0
941	191	0
942	190	0
943	217	0
944	204	0
945	241	0
946	193	0
947	197	0
948	218	0
949	186	0
950	185	0
951	203	0
952	187	0
953	196	0
954	189	0
955	218	0
956	196	0
957	216	0
958	221	0
959	218	0
960	182	0
961	215	0
962	196	0
963	221	0
964	196	0
965	192	0
966	215	0
967	193	0
968	223	0
969	220	0
970	219	0
971	204	0
972	202	0
973	192	0
974	240	0
975	193	0
976	178	0
977	181	0
978	219	0
979	206	0
980	174	0
981	197	0
982	199	0
983	232	0
984	203	0
985	225	0
986	191	0
987	191	0
988	191	0
989	233	0
990	220	0
991	200	0
992	228	0
993	167	0
994	210	0
995	203	0
996	195	0
997	228	0
998	182	0
999	215	0
1000	216	0
1001	207	0
1002	192	0
1003	196	0
1004	189	0
1005	212	0
1006	199	0
1007	201	0
1008	209	0
1009	183	0
1010	195	0
1011	190	0
1012	170	0
1013	214	0
1014	190	0
1015	202	0
1016	190	0
1017	195	0
1018	183	0
1019	220	0
1020	222	0
1021	193	0
1022	192	0
1023	187	0
1024	188	0
1025	205	0
1026	201	0
1027	206	0
1028	211	0
1029	172	0
1030	192	0
1031	210	0
1032	215	0
1033	190	0
1034	244	0
1035	201	0
1036	188	0
1037	187	0
1038	189	0
1039	217	0
1040	217	0
1041	194	0
1042	222	0
1043	203	0
1044	205	0
1045	220	0
1046	208	0
1047	185	0
1048	199	0
1049	226	0
1050	222	0
1051	217	0
1052	226	0
1053	184	0
1054	192	0
1055	205	0
1056	199	0
1057	198	0
1058	209	0
1059	200	0
1060	182	0
1061	205	0
1062	218	0
1063	214	0
1064	222	0
1065	178	0
1066	191	0
1067	194	0
1068	223	0
1069	191	0
1070	209	0
1071	209	0
1072	196	0
1073	208	0
1074	194	0
1075	169	0
1076	165	0
1077	204	0
1078	229	0
1079	176	0
1080	212	0
1081	191	0
1082	204	0
1083	202	0
1084	213	0
1085	206	0
1086	187	0
1087	216	0
1088	198	0
1089	217	0
1090	214	0
1091	204	0
1092	205	0
1093	190	0
1094	200	0
1095	187	0
1096	222	0
1097	186	0
1098	217	0
1099	197	0
1100	211	0
1101	190	0
1102	185	0
1103	201	0
1104	201	0
1105	205	0
1106	170	0
1107	204	0
1108	201	0
1109	204	0
1110	193	0
1111	178	0
1112	235	0
1113	179	0
1114	201	0
1115	207	0
1116	190	0
1117	214	0
1118	206	0
1119	180	0
1120	200	0
1121	210	0
1122	204	0
1123	221	0
1124	203	0
1125	222	0
1126	202	0
1127	195	0
1128	207	0
1129	206	0
1130	186	0
1131	225	0
1132	196	0
1133	183	0
1134	196	0
1135	195	0
1136	212	0
1137	221	0
1138	188	0
1139	204	0
1140	181	0
1141	205	0
1142	182	0
1143	218	0
1144	191	0
1145	172	0
1146	185	0
1147	199	0
1148	200	0
1149	162	0
1150	216	0
1151	191	0
1152	190	0
1153	181	0
1154	207	0
1155	195	0
1156	216	0
1157	240	0
1158	211	0
1159	199	0
1160	173	0
1161	172	0
1162	195	0
1163	154	0
1164	202	0
1165	204	0
1166	223	0
1167	192	0
1168	187	0
1169	206	0
1170	226	0
1171	205	0
1172	209	0
1173	184	0
1174	213	0
1175	217	0
1176	230	0
1177	195	0
1178	196	0
1179	206	0
1180	185	0
1181	209	0
1182	199	0
1183	215	0
1184	199	0
1185	199	0
1186	228	0
1187	192	0
1188	204	0
1189	188	0
1190	188	0
1191	237	0
1192	208	0
1193	204	0
1194	170	0
1195	191	0
1196	211	0
1197	192	0
1198	173	0
1199	191	0
1200	222	0
1201	203	0
1202	209	0
1203	200	0
1204	219	0
1205	190	0
1206	219	0
1207	206	0
1208	207	0
1209	190	0
1210	212	0
1211	184	0
1212	200	0
1213	191	0
1214	201	0
1215	199	0
1216	211	0
1217	184	0
1218	202	0
1219	200	0
1220	222	0
1221	193	0
1222	211	0
1223	175	0
1224	198	0
1225	222	0
1226	208	0
1227	201	0
1228	183	0
1229	194	0
1230	191	0
1231	215	0
1232	216	0
1233	198	0
1234	176	0
1235	183	0
1236	213	0
1237	203	0
1238	195	0
1239	189	0
1240	209	0
1241	193	0
1242	195	0
1243	217	0
1244	184	0
1245	183	0
1246	196	0
1247	194	0
1248	191	0
1249	183	0
1250	188	0
1251	201	0
1252	197	0
1253	219	0
1254	188	0
1255	189	0
1256	190	0
1257	202	0
1258	219	0
1259	190	0
1260	197	0
1261	235	0
1262	223	0
1263	223	0
1264	213	0
1265	207	0
1266	200	0
1267	186	0
1268	181	0
1269	202	0
1270	199	0
1271	201	0
1272	186	0
1273	190	0
1274	200	0
1275	212	0
1276	201	0
1277	202	0
1278	214	0
1279	204	0
1280	188	0
1281	206	0
1282	190	0
1283	187	0
1284	195	0
1285	196	0
1286	195	0
1287	206	0
1288	194	0
1289	196	0
1290	212	0
1291	191	0
1292	211	0
1293	212	0
1294	187	0
1295	195	0
1296	195	0
1297	179	0
1298	208	0
1299	213	0
1300	203	0
1301	193	0
1302	190	0
1303	235	0
1304	233	0
1305	195	0
1306	179	0
1307	189	0
1308	206	0
1309	223	0
1310	219	0
1311	215	0
1312	205	0
1313	193	0
1314	210	0
1315	234	0
1316	224	0
1317	186	0
1318	213	0
1319	214	0
1320	186	0
1321	179	0
1322	206	0
1323	203	0
1324	178	0
1325	179	0
1326	201	0
1327	179	0
1328	201	0
1329	234	0
1330	201	0
1331	187	0
1332	206	0
1333	226	0
1334	202	0
1335	180	0
1336	230	0
1337	176	0
1338	199	0
1339	195	0
1340	188	0
1341	224	0
1342	200	0
1343	193	0
1344	208	0
1345	200	0
1346	195	0
1347	206	0
1348	195	0
1349	200	0
1350	207	0
1351	187	0
1352	193	0
1353	199	0
1354	220	0
1355	192	0
1356	221	0
1357	209	0
1358	201	0
1359	190	0
1360	183	0
1361	203	0
1362	204	0
1363	212	0
1364	175	0
1365	186	0
1366	189	0
1367	225	0
1368	191	0
1369	201	0
1370	221	0
1371	202	0
1372	189	0
1373	214	0
1374	215	0
1375	198	0
1376	214	0
1377	204	0
1378	184	0
1379	198	0
1380	198	0
1381	209	0
1382	188	0
1383	191	0
1384	209	0
1385	180	0
1386	204	0
1387	211	0
1388	196	0
1389	217	0
1390	213	0
1391	203	0
1392	174	0
1393	207	0
1394	208	0
1395	190	0
1396	186	0
1397	208	0
1398	183	0
1399	219	0
1400	206	0
1401	189	0
1402	212	0
1403	194	0
1404	210	0
1405	202	0
1406	195	0
1407	192	0
1408	206	0
1409	182	0
1410	190	0
1411	191	0
1412	188	0
1413	199	0
1414	218	0
1415	224	0
1416	210	0
1417	245	0
1418	216	0
1419	203	0
1420	194	0
1421	190	0
1422	217	0
1423	202	0
1424	207	0
1425	204	0
1426	210	0
1427	198	0
1428	224	0
1429	202	0
1430	210	0
1431	233	0
1432	185	0
1433	183	0
1434	191	0
1435	193	0
1436	197	0
1437	186	0
1438	208	0
1439	191	0
1440	188	0
1441	175	0
1442	202	0
1443	196	0
1444	221	0
1445	187	0
1446	199	0
1447	210	0
1448	208	0
1449	213	0
1450	200	0
1451	201	0
1452	202	0
1453	183	0
1454	215	0
1455	218	0
1456	204	0
1457	210	0
1458	225	0
1459	211	0
1460	205	0
1461	189	0
1462	188	0
1463	214	0
1464	177	0
1465	180	0
1466	189	0
1467	196	0
1468	175	0
1469	190	0
1470	184	0
1471	204	0
1472	173	0
1473	195	0
1474	220	0
1475	202	0
1476	222	0
1477	193	0
1478	233	0
1479	189	0
1480	197	0
1481	169	0
1482	205	0
1483	214	0
1484	188	0
1485	200	0
1486	170	0
1487	199	0
1488	173	0
1489	200	0
1490	168	0
1491	175	0
1492	202	0
1493	204	0
1494	188	0
1495	219	0
1496	184	0
1497	207	0
1498	188	0
1499	185	0
1500	187	0
1501	207	0
1502	192	0
1503	181	0
1504	210	0
1505	192	0
1506	199	0
1507	199	0
1508	186	0
1509	246	0
1510	197	0
1511	203	0
1512	223	0
1513	188	0
1514	189	0
1515	202	0
1516	224	0
1517	170	0
1518	212	0
1519	182	0
1520	204	0
1521	174	0
1522	211	0
1523	195	0
1524	213	0
1525	233	0
1526	199	0
1527	212	0
1528	170	0
1529	192	0
1530	195	0
1531	210	0
1532	189	0
1533	209	0
1534	218	0
1535	204	0
1536	195	0
1537	184	0
1538	215	0
1539	201	0
1540	207	0
1541	165	0
1542	192	0
1543	195	0
1544	193	0
1545	184	0
1546	190	0
1547	214	0
1548	184	0
1549	224	0
1550	203	0
1551	207	0
1552	170	0
1553	208	0
1554	204	0
1555	217	0
1556	190	0
1557	197	0
1558	164	0
1559	190	0
1560	201	0
1561	218	0
1562	199	0
1563	228	0
1564	208	0
1565	215	0
1566	171	0
1567	199	0
1568	203	0
1569	209	0
1570	200	0
1571	201	0
1572	193	0
1573	198	0
1574	220	0
1575	245	0
1576	215	0
1577	194	0
1578	223	0
1579	184	0
1580	182	0
1581	203	0
1582	217	0
1583	214	0
1584	182	0
1585	168	0
1586	191	0
1587	187	0
1588	189	0
1589	229	0
1590	207	0
1591	193	0
1592	228	0
1593	199	0
1594	219	0
1595	200	0
1596	202	0
1597	173	0
1598	184	0
1599	187	0
1600	201	0
1601	196	0
1602	193	0
1603	174	0
1604	209	0
1605	203	0
1606	206	0
1607	211	0
1608	186	0
1609	203	0
1610	187	0
1611	214	0
1612	199	0
1613	199	0
1614	220	0
1615	192	0
1616	195	0
1617	189	0
1618	172	0
1619	193	0
1620	224	0
1621	189	0
1622	191	0
1623	198	0
1624	189	0
1625	218	0
1626	192	0
1627	172	0
1628	198	0
1629	195	0
1630	204	0
1631	197	0
1632	190	0
1633	180	0
1634	193	0
1635	185	0
1636	188	0
1637	189	0
1638	197	0
1639	215	0
1640	232	0
1641	190	0
1642	212	0
1643	205	0
1644	188	0
1645	193	0
1646	214	0
1647	173	0
1648	196	0
1649	222	0
1650	192	0
1651	226	0
1652	177	0
1653	196	0
1654	222	0
1655	215	0
1656	200	0
1657	184	0
1658	212	0
1659	211	0
1660	204	0
1661	189	0
1662	180	0
1663	168	0
1664	200	0
1665	203	0
1666	211	0
1667	195	0
1668	212	0
1669	218	0
1670	200	0
1671	214	0
1672	205	0
1673	195	0
1674	172	0
1675	220	0
1676	216	0
1677	202	0
1678	191	0
1679	175	0
1680	199	0
1681	192	0
1682	193	0
1683	187	0
1684	189	0
1685	190	0
1686	193	0
1687	183	0
1688	199	0
1689	172	0
1690	195	0
1691	218	0
1692	196	0
1693	200	0
1694	192	0
1695	230	0
1696	214	0
1697	206	0
1698	182	0
1699	205	0
1700	191	0
1701	209	0
1702	187	0
1703	187	0
1704	205	0
1705	194	0
1706	193	0
1707	208	0
1708	181	0
1709	206	0
1710	208	0
1711	210	0
1712	222	0
1713	212	0
1714	208	0
1715	199	0
1716	211	0
1717	187	0
1718	173	0
1719	214	0
1720	201	0
1721	192	0
1722	184	0
1723	196	0
1724	205	0
1725	203	0
1726	213	0
1727	186	0
1728	211	0
1729	206	0
1730	184	0
1731	192	0
1732	216	0
1733	205	0
1734	189	0
1735	207	0
1736	176	0
1737	221	0
1738	218	0
1739	225	0
1740	211	0
1741	176	0
1742	204	0
1743	185	0
1744	195	0
1745	200	0
1746	217	0
1747	185	0
1748	191	0
1749	210	0
1750	171	0
1751	225	0
1752	214	0
1753	202	0
1754	194	0
1755	195	0
1756	196	0
1757	215	0
1758	208	0
1759	215	0
1760	198	0
1761	228	0
1762	209	0
1763	194	0
1764	181	0
1765	207	0
1766	199	0
1767	182	0
1768	200	0
1769	185	0
1770	207	0
1771	198	0
1772	215	0
1773	205	0
1774	189	0
1775	187	0
1776	210	0
1777	200	0
1778	195	0
1779	197	0
1780	224	0
1781	212	0
1782	208	0
1783	190	0
1784	203	0
1785	190	0
1786	192	0
1787	178	0
1788	202	0
1789	177	0
1790	188	0
1791	218	0
1792	216	0
1793	209	0
1794	202	0
1795	215	0
1796	220	0
1797	244	0
1798	219	0
1799	199	0
1800	202	0
1801	209	0
1802	194	0
1803	192	0
1804	201	0
1805	197	0
1806	193	0
1807	200	0
1808	209	0
1809	208	0
1810	184	0
1811	237	0
1812	203	0
1813	179	0
1814	190	0
1815	201	0
1816	199	0
1817	205	0
1818	199	0
1819	206	0
1820	216	0
1821	205	0
1822	197	0
1823	176	0
1824	198	0
1825	199	0
1826	186	0
1827	210	0
1828	197	0
1829	218	0
1830	181	0
1831	214	0
1832	185	0
1833	198	0
1834	206	0
1835	199	0
1836	172	0
1837	175	0
1838	221	0
1839	195	0
1840	166	0
1841	177	0
1842	185	0
1843	204	0
1844	226	0
1845	188	0
1846	217	0
1847	210	0
1848	207	0
1849	202	0
1850	188	0
1851	205	0
1852	177	0
1853	218	0
1854	184	0
1855	189	0
1856	176	0
1857	215	0
1858	186	0
1859	198	0
1860	189	0
1861	214	0
1862	190	0
1863	202	0
1864	213	0
1865	189	0
1866	188	0
1867	179	0
1868	216	0
1869	185	0
1870	211	0
1871	209	0
1872	188	0
1873	211	0
1874	187	0
1875	216	0
1876	221	0
1877	211	0
1878	199	0
1879	206	0
1880	202	0
1881	218	0
1882	196	0
1883	208	0
1884	216	0
1885	213	0
1886	177	0
1887	202	0
1888	175	0
1889	180	0
1890	209	0
1891	173	0
1892	196	0
1893	201	0
1894	198	0
1895	187	0
1896	206	0
1897	206	0
1898	204	0
1899	179	0
1900	204	0
1901	201	0
1902	208	0
1903	198	0
1904	209	0
1905	197	0
1906	223	0
1907	193	0
1908	208	0
1909	215	0
1910	208	0
1911	225	0
1912	207	0
1913	199	0
1914	209	0
1915	212	0
1916	206	0
1917	213	0
1918	192	0
1919	192	0
1920	189	0
1921	203	0
1922	202	0
1923	203	0
1924	189	0
1925	204	0
1926	193	0
1927	206	0
1928	222	0
1929	200	0
1930	187	0
1931	227	0
1932	199	0
1933	197	0
1934	225	0
1935	189	0
1936	221	0
1937	185	0
1938	224	0
1939	189	0
1940	196	0
1941	196	0
1942	186	0
1943	173	0
1944	197	0
1945	190	0
1946	174	0
1947	173	0
1948	190	0
1949	199	0
1950	203	0
1951	200	0
1952	205	0
1953	199	0
1954	208	0
1955	217	0
1956	216	0
1957	208	0
1958	173	0
1959	189	0
1960	184	0
1961	185	0
1962	213	0
1963	195	0
1964	184	0
1965	186	0
1966	215	0
1967	196	0
1968	203	0
1969	215	0
1970	201	0
1971	200	0
1972	214	0
1973	192	0
1974	200	0
1975	204	0
1976	196	0
1977	219	0
1978	179	0
1979	215	0
1980	196	0
1981	207	0
1982	178	0
1983	202	0
1984	202	0
1985	207	0
1986	174	0
1987	181	0
1988	185	0
1989	225	0
1990	232	0
1991	193	0
1992	206	0
1993	207	0
1994	211	0
1995	215	0
1996	199	0
1997	177	0
1998	174	0
1999	218	0
2000	228	0
2001	206	0
2002	172	0
2003	206	0
2004	206	0
2005	195	0
2006	213	0
2007	232	0
2008	182	0
2009	197	0
2010	195	0
2011	202	0
2012	200	0
2013	182	0
2014	209	0
2015	195	0
2016	194	0
2017	198	0
2018	196	0
2019	217	0
2020	194	0
2021	217	0
2022	190	0
2023	196	0
2024	202	0
2025	199	0
2026	225	0
2027	196	0
2028	209	0
2029	198	0
2030	210	0
2031	215	0
2032	198	0
2033	189	0
2034	198	0
2035	201	0
2036	222	0
2037	180	0
2038	205	0
2039	210	0
2040	204	0
2041	204	0
2042	193	0
2043	213	0
2044	195	0
2045	219	0
2046	216	0
2047	206	0
2048	198	0
2049	196	0
2050	177	0
2051	201	0
2052	180	0
2053	213	0
2054	170	0
2055	212	0
2056	220	0
2057	194	0
2058	190	0
2059	193	0
2060	186	0
2061	188	0
2062	235	0
2063	189	0
2064	216	0
2065	178	0
2066	188	0
2067	200	0
2068	205	0
2069	208	0
2070	198	0
2071	205	0
2072	199	0
2073	202	0
2074	196	0
2075	194	0
2076	189	0
2077	179	0
2078	199	0
2079	192	0
2080	201	0
2081	204	0
2082	205	0
2083	207	0
2084	191	0
2085	215	0
2086	191	0
2087	186	0
2088	183	0
2089	182	0
2090	204	0
2091	192	0
2092	192	0
2093	219	0
2094	188	0
2095	223	0
2096	199	0
2097	217	0
2098	183	0
2099	189	0
2100	185	0
2101	206	0
2102	185	0
2103	199	0
2104	189	0
2105	201	0
2106	206	0
2107	208	0
2108	192	0
2109	231	0
2110	195	0
2111	201	0
2112	206	0
2113	210	0
2114	210	0
2115	220	0
2116	192	0
2117	193	0
2118	219	0
2119	179	0
2120	216	0
2121	206	0
2122	197	0
2123	203	0
2124	187	0
2125	196	0
2126	226	0
2127	228	0
2128	208	0
2129	180	0
2130	219	0
2131	220	0
2132	197	0
2133	201	0
2134	203	0
2135	176	0
2136	195	0
2137	205	0
2138	185	0
2139	185	0
2140	194	0
2141	197	0
2142	206	0
2143	195	0
2144	210	0
2145	202	0
2146	189	0
2147	199	0
2148	221	0
2149	209	0
2150	222	0
2151	196	0
2152	188	0
2153	177	0
2154	201	0
2155	203	0
2156	191	0
2157	189	0
2158	180	0
2159	189	0
2160	200	0
2161	204	0
2162	212	0
2163	224	0
2164	202	0
2165	184	0
2166	203	0
2167	196	0
2168	181	0
2169	189	0
2170	175	0
2171	224	0
2172	202	0
2173	228	0
2174	196	0
2175	213	0
2176	168	0
2177	199	0
2178	232	0
2179	181	0
2180	197	0
2181	214	0
2182	187	0
2183	196	0
2184	207	0
2185	208	0
2186	217	0
2187	205	0
2188	182	0
2189	182	0
2190	192	0
2191	222	0
2192	188	0
2193	180	0
2194	164	0
2195	171	0
2196	197	0
2197	216	0
2198	212	0
2199	209	0
2200	203	0
2201	187	0
2202	187	0
2203	227	0
2204	209	0
2205	200	0
2206	192	0
2207	219	0
2208	205	0
2209	208	0
2210	201	0
2211	199	0
2212	211	0
2213	204	0
2214	189	0
2215	249	0
2216	189	0
2217	204	0
2218	201	0
2219	212	0
2220	209	0
2221	191	0
2222	207	0
2223	213	0
2224	192	0
2225	203	0
2226	205	0
2227	194	0
2228	161	0
2229	163	0
2230	190	0
2231	187	0
2232	191	0
2233	196	0
2234	198	0
2235	212	0
2236	206	0
2237	214	0
2238	182	0
2239	201	0
2240	208	0
2241	208	0
2242	196	0
2243	217	0
2244	192	0
2245	218	0
2246	204	0
2247	169	0
2248	198	0
2249	201	0
2250	175	0
2251	193	0
2252	226	0
2253	170	0
2254	199	0
2255	221	0
2256	182	0
2257	197	0
2258	178	0
2259	201	0
2260	213	0
2261	196	0
2262	191	0
2263	216	0
2264	223	0
2265	176	0
2266	180	0
2267	197	0
2268	201	0
2269	184	0
2270	192	0
2271	206	0
2272	199	0
2273	198	0
2274	189	0
2275	211	0
2276	201	0
2277	189	0
2278	207	0
2279	152	0
2280	171	0
2281	187	0
2282	200	0
2283	178	0
2284	211	0
2285	191	0
2286	233	0
2287	195	0
2288	238	0
2289	218	0
2290	191	0
2291	210	0
2292	228	0
2293	209	0
2294	230	0
2295	201	0
2296	191	0
2297	201	0
2298	202	0
2299	200	0
2300	198	0
2301	203	0
2302	218	0
2303	169	0
2304	219	0
2305	210	0
2306	178	0
2307	200	0
2308	199	0
2309	218	0
2310	202	0
2311	200	0
2312	182	0
2313	194	0
2314	199	0
2315	195	0
2316	211	0
2317	189	0
2318	208	0
2319	191	0
2320	181	0
2321	176	0
2322	165	0
2323	213	0
2324	228	0
2325	176	0
2326	185	0
2327	180	0
2328	201	0
2329	205	0
2330	221	0
2331	206	0
2332	208	0
2333	217	0
2334	181	0
2335	209	0
2336	198	0
2337	198	0
2338	214	0
2339	184	0
2340	199	0
2341	177	0
2342	229	0
2343	199	0
2344	172	0
2345	167	0
2346	184	0
2347	225	0
2348	218	0
2349	174	0
2350	210	0
2351	214	0
2352	196	0
2353	191	0
2354	189	0
2355	222	0
2356	175	0
2357	196	0
2358	176	0
2359	209	0
2360	182	0
2361	203	0
2362	197	0
2363	186	0
2364	188	0
2365	171	0
2366	204	0
2367	210	0
2368	194	0
2369	200	0
2370	212	0
2371	191	0
2372	212	0
2373	186	0
2374	228	0
2375	189	0
2376	211	0
2377	199	0
2378	203	0
2379	229	0
2380	215	0
2381	185	0
2382	200	0
2383	185	0
2384	193	0
2385	202	0
2386	179	0
2387	183	0
2388	199	0
2389	222	0
2390	216	0
2391	208	0
2392	201	0
2393	210	0
2394	198	0
2395	210	0
2396	226	0
2397	189	0
2398	176	0
2399	207	0
2400	204	0
2401	193	0
2402	223	0
2403	226	0
2404	212	0
2405	197	0
2406	192	0
2407	209	0
2408	190	0
2409	199	0
2410	224	0
2411	203	0
2412	198	0
2413	191	0
2414	199	0
2415	178	0
2416	180	0
2417	191	0
2418	191	0
2419	196	0
2420	207	0
2421	220	0
2422	201	0
2423	204	0
2424	189	0
2425	227	0
2426	212	0
2427	200	0
2428	199	0
2429	195	0
2430	176	0
2431	239	0
2432	184	0
2433	203	0
2434	210	0
2435	224	0
2436	206	0
2437	219	0
2438	194	0
2439	204	0
2440	199	0
2441	200	0
2442	186	0
2443	184	0
2444	198	0
2445	198	0
2446	200	0
2447	200	0
2448	205	0
2449	190	0
2450	190	0
2451	206	0
2452	189	0
2453	213	0
2454	203	0
2455	212	0
2456	186	0
2457	220	0
2458	180	0
2459	209	0
2460	216	0
2461	201	0
2462	223	0
2463	195	0
2464	185	0
2465	209	0
2466	191	0
2467	169	0
2468	183	0
2469	203	0
2470	167	0
2471	172	0
2472	218	0
2473	188	0
2474	188	0
2475	201	0
2476	181	0
2477	203	0
2478	195	0
2479	220	0
2480	214	0
2481	200	0
2482	206	0
2483	205	0
2484	208	0
2485	180	0
2486	213	0
2487	234	0
2488	201	0
2489	208	0
2490	207	0
2491	179	0
2492	197	0
2493	205	0
2494	199	0
2495	223	0
2496	188	0
2497	202	0
2498	193	0
2499	216	0
2500	195	0
2501	169	0
2502	186	0
2503	197	0
2504	226	0
2505	204	0
2506	205	0
2507	229	0
2508	179	0
2509	192	0
2510	204	0
2511	198	0
2512	212	0
2513	179	0
2514	192	0
2515	194	0
2516	195	0
2517	187	0
2518	175	0
2519	210	0
2520	217	0
2521	208	0
2522	185	0
2523	193	0
2524	203	0
2525	192	0
2526	223	0
2527	224	0
2528	194	0
2529	197	0
2530	213	0
2531	181	0
2532	225	0
2533	205	0
2534	206	0
2535	173	0
2536	179	0
2537	211	0
2538	199	0
2539	213	0
2540	180	0
2541	194	0
2542	201	0
2543	196	0
2544	189	0
2545	214	0
2546	182	0
2547	243	0
2548	207	0
2549	196	0
2550	183	0
2551	201	0
2552	181	0
2553	203	0
2554	181	0
2555	209	0
2556	212	0
2557	218	0
2558	195	0
2559	211	0
2560	199	0
2561	204	0
2562	209	0
2563	185	0
2564	208	0
2565	178	0
2566	184	0
2567	181	0
2568	202	0
2569	208	0
2570	187	0
2571	196	0
2572	222	0
2573	194	0
2574	194	0
2575	235	0
2576	163	0
2577	222	0
2578	219	0
2579	201	0
2580	195	0
2581	201	0
2582	184	0
2583	199	0
2584	209	0
2585	182	0
2586	188	0
2587	197	0
2588	199	0
2589	185	0
2590	203	0
2591	216	0
2592	206	0
2593	226	0
2594	231	0
2595	188	0
2596	182	0
2597	183	0
2598	180	0
2599	218	0
2600	189	0
2601	165	0
2602	211	0
2603	217	0
2604	213	0
2605	198	0
2606	177	0
2607	172	0
2608	213	0
2609	191	0
2610	214	0
2611	193	0
2612	207	0
2613	205	0
2614	221	0
2615	207	0
2616	222	0
2617	221	0
2618	224	0
2619	204	0
2620	206	0
2621	204	0
2622	213	0
2623	192	0
2624	175	0
2625	210	0
2626	206	0
2627	215	0
2628	191	0
2629	186	0
2630	202	0
2631	224	0
2632	195	0
2633	189	0
2634	204	0
2635	205	0
2636	195	0
2637	195	0
2638	205	0
2639	177	0
2640	164	0
2641	201	0
2642	222	0
2643	215	0
2644	185	0
2645	190	0
2646	210	0
2647	206	0
2648	191	0
2649	222	0
2650	226	0
2651	199	0
2652	209	0
2653	210	0
2654	186	0
2655	222	0
2656	197	0
2657	221	0
2658	187	0
2659	225	0
2660	189	0
2661	198	0
2662	207	0
2663	230	0
2664	195	0
2665	209	0
2666	204	0
2667	216	0
2668	198	0
2669	204	0
2670	199	0
2671	178	0
2672	193	0
2673	218	0
2674	192	0
2675	194	0
2676	185	0
2677	213	0
2678	204	0
2679	210	0
2680	208	0
2681	203	0
2682	224	0
2683	199	0
2684	216	0
2685	189	0
2686	208	0
2687	180	0
2688	200	0
2689	163	0
2690	206	0
2691	216	0
2692	196	0
2693	213	0
2694	201	0
2695	181	0
2696	207	0
2697	198	0
2698	200	0
2699	191	0
2700	213	0
2701	204	0
2702	206	0
2703	185	0
2704	174	0
2705	200	0
2706	195	0
2707	198	0
2708	214	0
2709	183	0
2710	217	0
2711	193	0
2712	204	0
2713	209	0
2714	204	0
2715	194	0
2716	201	0
2717	204	0
2718	222	0
2719	210	0
2720	189	0
2721	195	0
2722	211	0
2723	212	0
2724	206	0
2725	199	0
2726	214	0
2727	190	0
2728	217	0
2729	207	0
2730	228	0
2731	198	0
2732	209	0
2733	224	0
2734	215	0
2735	212	0
2736	214	0
2737	184	0
2738	196	0
2739	196	0
2740	215	0
2741	173	0
2742	216	0
2743	191	0
2744	222	0
2745	188	0
2746	201	0
2747	206	0
2748	186	0
2749	200	0
2750	207	0
2751	205	0
2752	197	0
2753	214	0
2754	211	0
2755	225	0
2756	172	0
2757	194	0
2758	188	0
2759	213	0
2760	217	0
2761	207	0
2762	167	0
2763	189	0
2764	163	0
2765	161	0
2766	195	0
2767	222	0
2768	192	0
2769	209	0
2770	196	0
2771	190	0
2772	202	0
2773	209	0
2774	186	0
2775	208	0
2776	194	0
2777	192	0
2778	224	0
2779	219	0
2780	195	0
2781	192	0
2782	197	0
2783	189	0
2784	208	0
2785	208	0
2786	197	0
2787	192	0
2788	207	0
2789	186	0
2790	211	0
2791	223	0
2792	186	0
2793	176	0
2794	205	0
2795	188	0
2796	190	0
2797	204	0
2798	193	0
2799	190	0
2800	200	0
2801	196	0
2802	202	0
2803	173	0
2804	192	0
2805	224	0
2806	194	0
2807	208	0
2808	210	0
2809	210	0
2810	187	0
2811	181	0
2812	180	0
2813	207	0
2814	199	0
2815	153	0
2816	188	0
2817	222	0
2818	193	0
2819	197	0
2820	194	0
2821	199	0
2822	215	0
2823	209	0
2824	179	0
2825	207	0
2826	193	0
2827	204	0
2828	196	0
2829	208	0
2830	212	0
2831	214	0
2832	210	0
2833	206	0
2834	190	0
2835	206	0
2836	199	0
2837	199	0
2838	195	0
2839	170	0
2840	201	0
2841	211	0
2842	217	0
2843	193	0
2844	205	0
2845	195	0
2846	225	0
2847	204	0
2848	193	0
2849	192	0
2850	195	0
2851	185	0
2852	198	0
2853	198	0
2854	200	0
2855	211	0
2856	197	0
2857	195	0
2858	200	0
2859	185	0
2860	198	0
2861	194	0
2862	204	0
2863	175	0
2864	207	0
2865	194	0
2866	201	0
2867	210	0
2868	203	0
2869	173	0
2870	204	0
2871	201	0
2872	191	0
2873	202	0
2874	199	0
2875	196	0
2876	179	0
2877	205	0
2878	208	0
2879	204	0
2880	197	0
2881	187	0
2882	179	0
2883	218	0
2884	211	0
2885	229	0
2886	197	0
2887	196	0
2888	200	0
2889	226	0
2890	209	0
2891	206	0
2892	223	0
2893	236	0
2894	196	0
2895	186	0
2896	208	0
2897	192	0
2898	195	0
2899	206	0
2900	212	0
2901	191	0
2902	213	0
2903	196	0
2904	201	0
2905	198	0
2906	204	0
2907	187	0
2908	198	0
2909	199	0
2910	185	0
2911	190	0
2912	204	0
2913	188	0
2914	201	0
2915	215	0
2916	185	0
2917	191	0
2918	196	0
2919	185	0
2920	233	0
2921	220	0
2922	199	0
2923	187	0
2924	195	0
2925	201	0
2926	214	0
2927	208	0
2928	180	0
2929	174	0
2930	234	0
2931	225	0
2932	210	0
2933	217	0
2934	208	0
2935	192	0
2936	220	0
2937	185	0
2938	201	0
2939	184	0
2940	221	0
2941	172	0
2942	180	0
2943	194	0
2944	191	0
2945	214	0
2946	224	0
2947	183	0
2948	198	0
2949	182	0
2950	202	0
2951	218	0
2952	193	0
2953	218	0
2954	212	0
2955	199	0
2956	190	0
2957	215	0
2958	222	0
2959	189	0
2960	212	0
2961	196	0
2962	197	0
2963	214	0
2964	217	0
2965	192	0
2966	198	0
2967	195	0
2968	175	0
2969	195	0
2970	218	0
2971	193	0
2972	231	0
2973	197	0
2974	214	0
2975	216	0
2976	187	0
2977	175	0
2978	172	0
2979	195	0
2980	193	0
2981	180	0
2982	204	0
2983	227	0
2984	165	0
2985	196	0
2986	186	0
2987	195	0
2988	207	0
2989	202	0
2990	182	0
2991	196	0
2992	197	0
2993	205	0
2994	209	0
2995	243	0
2996	205	0
2997	188	0
2998	203	0
2999	175	0
3000	225	0
