1	198	0
2	186	0
3	181	0
4	201	0
5	213	0
6	206	0
7	204	0
8	209	0
9	218	0
10	182	0
11	179	0
12	186	0
13	199	0
14	187	0
15	214	0
16	185	0
17	209	0
18	191	0
19	203	0
20	173	0
21	176	0
22	232	0
23	188	0
24	204	0
25	224	0
26	186	0
27	182	0
28	189	0
29	205	0
30	218	0
31	216	0
32	207	0
33	208	0
34	187	0
35	189	0
36	216	0
37	190	0
38	207	0
39	190	0
40	215	0
41	200	0
42	194	0
43	214	0
44	204	0
45	198	0
46	183	0
47	195	0
48	178	0
49	220	0
50	194	0
51	192	0
52	205	0
53	188	0
54	194	0
55	188	0
56	222	0
57	206	0
58	232	0
59	212	0
60	179	0
61	199	0
62	199	0
63	201	0
64	203	0
65	213	0
66	208	0
67	211	0
68	189	0
69	197	0
70	207	0
71	186	0
72	192	0
73	211	0
74	198	0
75	168	0
76	219	0
77	206	0
78	188	0
79	199	0
80	193	0
81	181	0
82	227	0
83	175	0
84	216	0
85	182	0
86	193	0
87	193	0
88	203	0
89	198	0
90	187	0
91	210	0
92	194	0
93	182	0
94	218	0
95	210	0
96	200	0
97	196	0
98	218	0
99	199	0
100	186	0
101	187	0
102	209	0
103	185	0
104	213	0
105	223	0
106	218	0
107	186	0
108	213	0
109	211	0
110	200	0
111	198	0
112	202	0
113	189	0
114	198	0
115	212	0
116	193	0
117	196	0
118	219	0
119	220	0
120	185	0
121	204	0
122	179	0
123	180	0
124	204	0
125	207	0
126	209	0
127	190	0
128	230	0
129	191	0
130	207	0
131	188	0
132	203	0
133	222	0
134	188	0
135	199	0
136	199	0
137	208	0
138	191	0
139	190	0
140	187	0
141	196	0
142	198	0
143	218	0
144	207	0
145	195	0
146	220	0
147	224	0
148	189	0
149	189	0
150	191	0
151	237	0
152	188	0
153	203	0
154	206	0
155	189	0
156	204	0
157	187	0
158	228	0
159	183	0
160	202	0
161	190	0
162	209	0
163	191	0
164	184	0
165	193	0
166	212	0
167	193	0
168	236	0
169	208	0
170	186	0
171	194	0
172	183	0
173	208	0
174	211	0
175	201	0
176	208	0
177	175	0
178	207	0
179	205	0
180	189	0
181	193	0
182	192	0
183	186	0
184	216	0
185	207	0
186	213	0
187	219	0
188	189	0
189	182	0
190	199	0
191	198	0
192	195	0
193	225	0
194	194	0
195	195	0
196	171	0
197	215	0
198	192	0
199	211	0
200	200	0
201	205	0
202	165	0
203	229	0
204	179	0
205	175	0
206	205	0
207	174	0
208	226	0
209	184	0
210	184	0
211	206	0
212	194	0
213	197	0
214	181	0
215	209	0
216	183	0
217	188	0
218	205	0
219	192	0
220	201	0
221	205	0
222	216	0
223	188	0
224	182	0
225	197	0
226	184	0
227	193	0
228	196	0
229	183	0
230	217	0
231	202	0
232	198	0
233	172	0
234	223	0
235	195	0
236	197	0
237	229	0
238	198	0
239	186	0
240	215	0
241	215	0
242	202	0
243	198	0
244	174	0
245	204	0
246	192	0
247	197	0
248	218	0
249	199	0
250	198	0
251	209	0
252	210	0
253	221	0
254	195	0
255	194	0
256	209	0
257	182	0
258	198	0
259	189	0
260	194	0
261	217	0
262	197	0
263	203	0
264	203	0
265	191	0
266	194	0
267	220	0
268	203	0
269	213	0
270	206	0
271	201	0
272	196	0
273	166	0
274	214	0
275	178	0
276	208	0
277	210	0
278	188	0
279	194	0
280	179	0
281	206	0
282	179	0
283	181	0
284	196	0
285	211	0
286	234	0
287	203	0
288	208	0
289	188	0
290	206	0
291	216	0
292	199	0
293	193	0
294	194	0
295	228	0
296	199	0
297	221	0
298	205	0
299	178	0
300	194	0
301	174	0
302	197	0
303	210	0
304	210	0
305	215	0
306	206	0
307	212	0
308	196	0
309	170	0
310	209	0
311	188	0
312	203	0
313	208	0
314	170	0
315	194	0
316	212	0
317	183	0
318	208	0
319	221	0
320	221	0
321	186	0
322	206	0
323	185	0
324	191	0
325	210	0
326	182	0
327	200	0
328	203	0
329	195	0
330	210	0
331	172	0
332	198	0
333	208	0
334	178	0
335	204	0
336	189	0
337	209	0
338	199	0
339	202	0
340	183	0
341	200	0
342	200	0
343	231	0
344	176	0
345	211	0
346	208	0
347	183	0
348	183	0
349	194	0
350	189	0
351	223	0
352	226	0
353	190	0
354	208	0
355	197	0
356	191	0
357	188	0
358	195	0
359	188	0
360	193	0
361	184	0
362	213	0
363	207	0
364	200	0
365	205	0
366	216	0
367	184	0
368	205	0
369	170	0
370	202	0
371	211	0
372	189	0
373	209	0
374	195	0
375	201	0
376	197	0
377	216	0
378	189	0
379	226	0
380	194	0
381	190	0
382	200	0
383	206	0
384	203	0
385	209	0
386	210	0
387	184	0
388	227	0
389	194	0
390	223	0
391	224	0
392	197	0
393	195	0
394	181	0
395	203	0
396	197	0
397	189	0
398	203	0
399	210	0
400	221	0
401	184	0
402	197	0
403	174	0
404	187	0
405	197	0
406	211	0
407	191	0
408	187	0
409	206	0
410	207	0
411	213	0
412	198	0
413	202	0
414	199	0
415	212	0
416	204	0
417	216	0
418	198	0
419	192	0
420	175	0
421	204	0
422	179	0
423	217	0
424	200	0
425	219	0
426	215	0
427	193	0
428	175	0
429	205	0
430	199	0
431	197	0
432	185	0
433	208	0
434	214	0
435	171	0
436	180	0
437	173	0
438	157	0
439	216	0
440	178	0
441	195	0
442	192	0
443	189	0
444	207	0
445	216	0
446	170	0
447	202	0
448	194	0
449	196	0
450	181	0
451	223	0
452	192	0
453	223	0
454	183	0
455	211	0
456	205	0
457	171	0
458	208	0
459	210	0
460	215	0
461	205	0
462	198	0
463	204	0
464	195	0
465	209	0
466	201	0
467	192	0
468	174	0
469	191	0
470	177	0
471	208	0
472	192	0
473	198	0
474	191	0
475	178	0
476	214	0
477	201	0
478	193	0
479	201	0
480	185	0
481	197	0
482	176	0
483	176	0
484	226	0
485	211	0
486	194	0
487	191	0
488	209	0
489	206	0
490	191	0
491	206	0
492	192	0
493	180	0
494	191	0
495	192	0
496	199	0
497	180	0
498	201	0
499	190	0
500	192	0
501	196	0
502	190	0
503	153	0
504	203	0
505	195	0
506	217	0
507	198	0
508	195	0
509	196	0
510	195	0
511	183	0
512	182	0
513	206	0
514	196	0
515	198	0
516	213	0
517	205	0
518	199	0
519	197	0
520	201	0
521	208	0
522	197	0
523	206	0
524	191	0
525	186	0
526	206	0
527	206	0
528	194	0
529	187	0
530	197	0
531	191	0
532	205	0
533	212	0
534	198	0
535	195	0
536	211	0
537	226	0
538	213	0
539	187	0
540	225	0
541	219	0
542	193	0
543	207	0
544	182	0
545	182	0
546	208	0
547	206	0
548	204	0
549	172	0
550	224	0
551	192	0
552	181	0
553	193	0
554	233	0
555	186	0
556	208	0
557	195	0
558	220	0
559	181	0
560	182	0
561	202	0
562	229	0
563	194	0
564	214	0
565	195	0
566	201	0
567	193	0
568	203	0
569	188	0
570	181	0
571	185	0
572	165	0
573	241	0
574	207	0
575	163	0
576	191	0
577	219	0
578	197	0
579	209	0
580	175	0
581	190	0
582	194	0
583	203	0
584	195	0
585	191	0
586	202	0
587	212	0
588	161	0
589	196	0
590	207	0
591	174	0
592	191	0
593	207	0
594	202	0
595	189	0
596	240	0
597	202	0
598	205	0
599	236	0
600	198	0
601	194	0
602	197	0
603	157	0
604	198	0
605	192	0
606	192	0
607	202	0
608	182	0
609	207	0
610	208	0
611	226	0
612	206	0
613	198	0
614	207	0
615	177	0
616	200	0
617	188	0
618	185	0
619	204	0
620	202	0
621	179	0
622	217	0
623	183	0
624	171	0
625	192	0
626	224	0
627	183	0
628	208	0
629	203	0
630	189	0
631	211	0
632	196	0
633	179	0
634	199	0
635	220	0
636	225	0
637	215	0
638	195	0
639	211	0
640	172	0
641	198	0
642	183	0
643	199	0
644	209	0
645	194	0
646	187	0
647	199	0
648	185	0
649	207	0
650	196	0
651	178	0
652	208	0
653	195	0
654	213	0
655	234	0
656	198	0
657	228	0
658	199	0
659	202	0
660	199	0
661	191	0
662	206	0
663	181	0
664	207	0
665	216	0
666	214	0
667	190	0
668	190	0
669	202	0
670	196	0
671	214	0
672	200	0
673	202	0
674	197	0
675	192	0
676	188	0
677	230	0
678	195	0
679	214	0
680	200	0
681	174	0
682	206	0
683	176	0
684	195	0
685	198	0
686	199	0
687	203	0
688	182	0
689	181	0
690	217	0
691	189	0
692	189	0
693	182	0
694	203	0
695	215	0
696	201	0
697	209	0
698	200	0
699	186	0
700	219	0
701	182	0
702	190	0
703	221	0
704	188	0
705	197	0
706	181	0
707	191	0
708	189	0
709	203	0
710	188	0
711	189	0
712	215	0
713	197	0
714	212	0
715	190	0
716	193	0
717	211	0
718	201	0
719	190	0
720	188	0
721	182	0
722	173	0
723	181	0
724	192	0
725	218	0
726	209	0
727	188	0
728	172	0
729	188	0
730	189	0
731	207	0
732	190	0
733	221	0
734	193	0
735	182	0
736	180	0
737	179	0
738	193	0
739	208	0
740	213	0
741	193	0
742	219	0
743	195	0
744	200	0
745	204	0
746	208	0
747	185	0
748	212	0
749	185	0
750	207	0
751	214	0
752	206	0
753	205	0
754	215	0
755	203	0
756	207	0
757	204	0
758	199	0
759	203	0
760	170	0
761	218	0
762	193	0
763	204	0
764	208	0
765	190	0
766	166	0
767	189	0
768	204	0
769	192	0
770	202	0
771	195	0
772	201	0
773	193	0
774	176	0
775	198	0
776	164	0
777	205	0
778	186	0
779	200	0
780	196	0
781	176	0
782	176	0
783	198	0
784	206	0
785	186	0
786	229	0
787	187	0
788	181	0
789	196	0
790	202	0
791	193	0
792	201	0
793	183	0
794	190	0
795	183	0
796	199	0
797	218	0
798	187	0
799	208	0
800	186	0
801	168	0
802	189	0
803	223	0
804	201	0
805	212	0
806	195	0
807	174	0
808	196	0
809	195	0
810	199	0
811	191	0
812	215	0
813	190	0
814	191	0
815	212	0
816	195	0
817	222	0
818	196	0
819	199	0
820	181	0
821	208	0
822	206	0
823	199	0
824	219	0
825	225	0
826	217	0
827	183	0
828	213	0
829	213	0
830	208	0
831	215	0
832	231	0
833	199	0
834	197	0
835	188	0
836	197	0
837	193	0
838	213	0
839	209	0
840	188	0
841	213	0
842	193	0
843	214	0
844	238	0
845	210	0
846	193	0
847	202	0
848	201	0
849	191	0
850	215	0
851	225	0
852	202	0
853	200	0
854	222	0
855	196	0
856	192	0
857	196	0
858	192	0
859	191	0
860	189	0
861	209	0
862	193	0
863	189	0
864	183	0
865	184	0
866	187	0
867	182	0
868	216	0
869	187	0
870	219	0
871	214	0
872	194	0
873	195	0
874	180	0
875	187	0
876	200	0
877	196	0
878	194	0
879	188	0
880	207	0
881	216	0
882	218	0
883	243	0
884	192	0
885	174	0
886	205	0
887	169	0
888	194	0
889	196	0
890	196	0
891	217	0
892	217	0
893	207	0
894	193	0
895	198	0
896	215	0
897	172	0
898	198	0
899	203	0
900	202	0
901	183	0
902	206	0
903	171	0
904	204	0
905	179	0
906	197	0
907	211	0
908	188	0
909	184	0
910	204	0
911	218	0
912	174	0
913	221	0
914	234	0
915	182	0
916	186	0
917	175	0
918	186	0
919	197	0
920	198	0
921	205	0
922	174	0
923	214	0
924	185	0
925	209	0
926	216	0
927	187	0
928	204	0
929	208	0
930	201	0
931	186	0
932	206	0
933	179	0
934	204	0
935	192	0
936	189	0
937	197	0
938	203	0
939	214	0
940	200	0
941	197	0
942	196	0
943	209	0
944	200	0
945	201	0
946	213	0
947	184	0
948	199	0
949	182	0
950	171	0
951	178	0
952	207	0
953	184	0
954	211	0
955	175	0
956	188	0
957	203	0
958	215	0
959	187	0
960	197	0
961	209	0
962	186	0
963	200	0
964	197	0
965	199	0
966	210	0
967	193	0
968	195	0
969	173	0
970	181	0
971	188	0
972	167	0
973	221	0
974	201	0
975	201	0
976	203	0
977	182	0
978	206	0
979	166	0
980	189	0
981	209	0
982	220	0
983	207	0
984	182	0
985	177	0
986	165	0
987	193	0
988	201	0
989	207	0
990	188	0
991	198	0
992	196	0
993	200	0
994	217	0
995	197	0
996	173	0
997	202	0
998	201	0
999	182	0
1000	192	0
1001	209	0
1002	209	0
1003	209	0
1004	206	0
1005	185	0
1006	198	0
1007	203	0
1008	216	0
1009	210	0
1010	168	0
1011	183	0
1012	212	0
1013	181	0
1014	179	0
1015	209	0
1016	190	0
1017	201	0
1018	212	0
1019	224	0
1020	190	0
1021	167	0
1022	194	0
1023	222	0
1024	208	0
1025	198	0
1026	179	0
1027	190	0
1028	204	0
1029	207	0
1030	206	0
1031	176	0
1032	204	0
1033	180	0
1034	192	0
1035	181	0
1036	212	0
1037	208	0
1038	193	0
1039	218	0
1040	203	0
1041	206	0
1042	181	0
1043	202	0
1044	217	0
1045	190	0
1046	196	0
1047	182	0
1048	202	0
1049	185	0
1050	209	0
1051	206	0
1052	201	0
1053	207	0
1054	226	0
1055	224	0
1056	171	0
1057	221	0
1058	202	0
1059	200	0
1060	185	0
1061	198	0
1062	185	0
1063	213	0
1064	169	0
1065	188	0
1066	206	0
1067	173	0
1068	203	0
1069	183	0
1070	226	0
1071	200	0
1072	207	0
1073	189	0
1074	214	0
1075	211	0
1076	202	0
1077	197	0
1078	195	0
1079	199	0
1080	196	0
1081	190	0
1082	182	0
1083	224	0
1084	222	0
1085	203	0
1086	206	0
1087	177	0
1088	212	0
1089	190	0
1090	198	0
1091	192	0
1092	232	0
1093	206	0
1094	198	0
1095	228	0
1096	207	0
1097	190	0
1098	211	0
1099	225	0
1100	189	0
1101	205	0
1102	221	0
1103	211	0
1104	196	0
1105	196	0
1106	216	0
1107	188	0
1108	175	0
1109	200	0
1110	214	0
1111	190	0
1112	192	0
1113	199	0
1114	163	0
1115	182	0
1116	208	0
1117	200	0
1118	196	0
1119	223	0
1120	200	0
1121	163	0
1122	179	0
1123	205	0
1124	185	0
1125	193	0
1126	217	0
1127	203	0
1128	203	0
1129	194	0
1130	207	0
1131	190	0
1132	195	0
1133	219	0
1134	220	0
1135	182	0
1136	201	0
1137	217	0
1138	218	0
1139	200	0
1140	194	0
1141	192	0
1142	201	0
1143	219	0
1144	180	0
1145	201	0
1146	204	0
1147	217	0
1148	196	0
1149	175	0
1150	194	0
1151	202	0
1152	164	0
1153	222	0
1154	165	0
1155	217	0
1156	192	0
1157	191	0
1158	212	0
1159	189	0
1160	198	0
1161	195	0
1162	209	0
1163	190	0
1164	216	0
1165	205	0
1166	180	0
1167	218	0
1168	183	0
1169	190	0
1170	187	0
1171	185	0
1172	190	0
1173	188	0
1174	202	0
1175	207	0
1176	210	0
1177	195	0
1178	213	0
1179	201	0
1180	183	0
1181	169	0
1182	190	0
1183	219	0
1184	215	0
1185	197	0
1186	195	0
1187	247	0
1188	214	0
1189	193	0
1190	177	0
1191	174	0
1192	208	0
1193	226	0
1194	206	0
1195	163	0
1196	201	0
1197	206	0
1198	203	0
1199	194	0
1200	207	0
1201	178	0
1202	208	0
1203	204	0
1204	201	0
1205	175	0
1206	185	0
1207	202	0
1208	216	0
1209	183	0
1210	198	0
1211	199	0
1212	194	0
1213	197	0
1214	192	0
1215	226	0
1216	198	0
1217	244	0
1218	208	0
1219	205	0
1220	205	0
1221	184	0
1222	191	0
1223	225	0
1224	215	0
1225	207	0
1226	183	0
1227	203	0
1228	225	0
1229	172	0
1230	221	0
1231	195	0
1232	218	0
1233	213	0
1234	198	0
1235	221	0
1236	198	0
1237	201	0
1238	192	0
1239	195	0
1240	203	0
1241	205	0
1242	174	0
1243	193	0
1244	214	0
1245	173	0
1246	206	0
1247	225	0
1248	190	0
1249	207	0
1250	192	0
1251	174	0
1252	204	0
1253	170	0
1254	206	0
1255	185	0
1256	212	0
1257	177	0
1258	219	0
1259	169	0
1260	213	0
1261	209	0
1262	175	0
1263	213	0
1264	219	0
1265	214	0
1266	188	0
1267	232	0
1268	193	0
1269	166	0
1270	182	0
1271	215	0
1272	208	0
1273	188	0
1274	213	0
1275	205	0
1276	196	0
1277	194	0
1278	177	0
1279	193	0
1280	195	0
1281	210	0
1282	190	0
1283	216	0
1284	197	0
1285	209	0
1286	198	0
1287	192	0
1288	200	0
1289	209	0
1290	210	0
1291	201	0
1292	205	0
1293	191	0
1294	199	0
1295	187	0
1296	184	0
1297	179	0
1298	162	0
1299	186	0
1300	218	0
1301	212	0
1302	174	0
1303	221	0
1304	182	0
1305	209	0
1306	197	0
1307	189	0
1308	209	0
1309	192	0
1310	189	0
1311	185	0
1312	206	0
1313	177	0
1314	172	0
1315	208	0
1316	208	0
1317	203	0
1318	233	0
1319	207	0
1320	179	0
1321	210	0
1322	185	0
1323	226	0
1324	184	0
1325	210	0
1326	209	0
1327	197	0
1328	213	0
1329	201	0
1330	189	0
1331	226	0
1332	181	0
1333	173	0
1334	207	0
1335	213	0
1336	196	0
1337	176	0
1338	182	0
1339	230	0
1340	193	0
1341	203	0
1342	195	0
1343	185	0
1344	211	0
1345	223	0
1346	189	0
1347	187	0
1348	167	0
1349	196	0
1350	216	0
1351	198	0
1352	214	0
1353	200	0
1354	201	0
1355	191	0
1356	202	0
1357	211	0
1358	227	0
1359	206	0
1360	181	0
1361	195	0
1362	208	0
1363	204	0
1364	197	0
1365	200	0
1366	214	0
1367	206	0
1368	190	0
1369	208	0
1370	196	0
1371	199	0
1372	166	0
1373	200	0
1374	166	0
1375	195	0
1376	186	0
1377	185	0
1378	212	0
1379	221	0
1380	203	0
1381	195	0
1382	201	0
1383	193	0
1384	207	0
1385	204	0
1386	192	0
1387	203	0
1388	189	0
1389	232	0
1390	209	0
1391	164	0
1392	198	0
1393	202	0
1394	187	0
1395	197	0
1396	201	0
1397	184	0
1398	188	0
1399	191	0
1400	182	0
1401	211	0
1402	187	0
1403	186	0
1404	193	0
1405	202	0
1406	178	0
1407	185	0
1408	194	0
1409	197	0
1410	225	0
1411	196	0
1412	189	0
1413	176	0
1414	194	0
1415	223	0
1416	186	0
1417	190	0
1418	191	0
1419	198	0
1420	215	0
1421	185	0
1422	195	0
1423	189	0
1424	199	0
1425	198	0
1426	176	0
1427	181	0
1428	208	0
1429	180	0
1430	190	0
1431	197	0
1432	218	0
1433	177	0
1434	218	0
1435	205	0
1436	195	0
1437	195	0
1438	220	0
1439	198	0
1440	220	0
1441	233	0
1442	191	0
1443	211	0
1444	213	0
1445	191	0
1446	214	0
1447	191	0
1448	218	0
1449	206	0
1450	210	0
1451	187	0
1452	214	0
1453	201	0
1454	192	0
1455	187	0
1456	195	0
1457	209	0
1458	213	0
1459	201	0
1460	194	0
1461	206	0
1462	181	0
1463	196	0
1464	195	0
1465	198	0
1466	200	0
1467	205	0
1468	199	0
1469	198	0
1470	197	0
1471	183	0
1472	183	0
1473	237	0
1474	200	0
1475	214	0
1476	192	0
1477	211	0
1478	209	0
1479	173	0
1480	193	0
1481	227	0
1482	202	0
1483	220	0
1484	184	0
1485	189	0
1486	201	0
1487	221	0
1488	218	0
1489	218	0
1490	210	0
1491	179	0
1492	214	0
1493	209	0
1494	204	0
1495	200	0
1496	208	0
1497	224	0
1498	186	0
1499	234	0
1500	183	0
1501	190	0
1502	191	0
1503	197	0
1504	207	0
1505	198	0
1506	186	0
1507	196	0
1508	171	0
1509	204	0
1510	199	0
1511	199	0
1512	190	0
1513	195	0
1514	183	0
1515	205	0
1516	185	0
1517	178	0
1518	215	0
1519	209	0
1520	195	0
1521	174	0
1522	186	0
1523	205	0
1524	208	0
1525	207	0
1526	205	0
1527	206	0
1528	190	0
1529	210	0
1530	203	0
1531	189	0
1532	212	0
1533	192	0
1534	204	0
1535	212	0
1536	205	0
1537	175	0
1538	192	0
1539	222	0
1540	185	0
1541	200	0
1542	183	0
1543	182	0
1544	184	0
1545	208	0
1546	210	0
1547	200	0
1548	197	0
1549	182	0
1550	212	0
1551	220	0
1552	177	0
1553	215	0
1554	179	0
1555	191	0
1556	159	0
1557	218	0
1558	203	0
1559	195	0
1560	184	0
1561	204	0
1562	176	0
1563	210	0
1564	178	0
1565	197	0
1566	204	0
1567	217	0
1568	190	0
1569	186	0
1570	214	0
1571	219	0
1572	188	0
1573	193	0
1574	202	0
1575	188	0
1576	199	0
1577	175	0
1578	187	0
1579	219	0
1580	185	0
1581	169	0
1582	202	0
1583	197	0
1584	191	0
1585	209	0
1586	203	0
1587	212	0
1588	185	0
1589	206	0
1590	205	0
1591	212	0
1592	202	0
1593	175	0
1594	202	0
1595	191	0
1596	191	0
1597	188	0
1598	234	0
1599	180	0
1600	181	0
1601	219	0
1602	199	0
1603	180	0
1604	218	0
1605	215	0
1606	180	0
1607	214	0
1608	223	0
1609	219	0
1610	163	0
1611	209	0
1612	216	0
1613	217	0
1614	186	0
1615	193	0
1616	188	0
1617	203	0
1618	207	0
1619	206	0
1620	179	0
1621	204	0
1622	208	0
1623	231	0
1624	221	0
1625	217	0
1626	213	0
1627	201	0
1628	179	0
1629	228	0
1630	198	0
1631	182	0
1632	211	0
1633	215	0
1634	212	0
1635	183	0
1636	180	0
1637	232	0
1638	200	0
1639	195	0
1640	217	0
1641	203	0
1642	186	0
1643	190	0
1644	208	0
1645	201	0
1646	181	0
1647	184	0
1648	177	0
1649	172	0
1650	190	0
1651	181	0
1652	202	0
1653	191	0
1654	200	0
1655	195	0
1656	192	0
1657	187	0
1658	184	0
1659	192	0
1660	188	0
1661	205	0
1662	195	0
1663	200	0
1664	178	0
1665	206	0
1666	197	0
1667	202	0
1668	220	0
1669	198	0
1670	203	0
1671	236	0
1672	185	0
1673	201	0
1674	177	0
1675	205	0
1676	207	0
1677	186	0
1678	210	0
1679	183	0
1680	205	0
1681	217	0
1682	211	0
1683	191	0
1684	210	0
1685	198	0
1686	222	0
1687	162	0
1688	175	0
1689	186	0
1690	217	0
1691	193	0
1692	203	0
1693	185	0
1694	162	0
1695	172	0
1696	193	0
1697	171	0
1698	189	0
1699	209	0
1700	163	0
1701	177	0
1702	229	0
1703	190	0
1704	195	0
1705	195	0
1706	218	0
1707	210	0
1708	215	0
1709	193	0
1710	198	0
1711	211	0
1712	197	0
1713	197	0
1714	214	0
1715	199	0
1716	190	0
1717	209	0
1718	197	0
1719	188	0
1720	225	0
1721	203	0
1722	191	0
1723	185	0
1724	212	0
1725	195	0
1726	194	0
1727	188	0
1728	211	0
1729	194	0
1730	192	0
1731	211	0
1732	216	0
1733	214	0
1734	213	0
1735	191	0
1736	184	0
1737	158	0
1738	188	0
1739	209	0
1740	202	0
1741	198	0
1742	160	0
1743	203	0
1744	181	0
1745	187	0
1746	196	0
1747	199	0
1748	211	0
1749	224	0
1750	186	0
1751	205	0
1752	174	0
1753	222	0
1754	168	0
1755	232	0
1756	202	0
1757	196	0
1758	185	0
1759	205	0
1760	200	0
1761	179	0
1762	214	0
1763	202	0
1764	178	0
1765	179	0
1766	223	0
1767	211	0
1768	185	0
1769	186	0
1770	191	0
1771	184	0
1772	206	0
1773	167	0
1774	188	0
1775	177	0
1776	192	0
1777	223	0
1778	190	0
1779	187	0
1780	201	0
1781	200	0
1782	193	0
1783	211	0
1784	220	0
1785	204	0
1786	155	0
1787	195	0
1788	193	0
1789	211	0
1790	194	0
1791	223	0
1792	164	0
1793	191	0
1794	201	0
1795	206	0
1796	210	0
1797	188	0
1798	221	0
1799	191	0
1800	188	0
1801	207	0
1802	183	0
1803	213	0
1804	210	0
1805	188	0
1806	195	0
1807	200	0
1808	204	0
1809	216	0
1810	182	0
1811	193	0
1812	188	0
1813	174	0
1814	195	0
1815	198	0
1816	169	0
1817	209	0
1818	211	0
1819	227	0
1820	217	0
1821	184	0
1822	193	0
1823	201	0
1824	189	0
1825	174	0
1826	188	0
1827	187	0
1828	210	0
1829	178	0
1830	176	0
1831	211	0
1832	229	0
1833	168	0
1834	175	0
1835	196	0
1836	223	0
1837	216	0
1838	175	0
1839	205	0
1840	186	0
1841	192	0
1842	212	0
1843	183	0
1844	215	0
1845	196	0
1846	209	0
1847	200	0
1848	166	0
1849	177	0
1850	220	0
1851	212	0
1852	187	0
1853	176	0
1854	186	0
1855	192	0
1856	202	0
1857	199	0
1858	217	0
1859	179	0
1860	202	0
1861	200	0
1862	204	0
1863	184	0
1864	204	0
1865	201	0
1866	205	0
1867	217	0
1868	180	0
1869	194	0
1870	186	0
1871	218	0
1872	199	0
1873	200	0
1874	193	0
1875	218	0
1876	202	0
1877	208	0
1878	215	0
1879	183	0
1880	187	0
1881	174	0
1882	217	0
1883	190	0
1884	199	0
1885	198	0
1886	195	0
1887	172	0
1888	224	0
1889	209	0
1890	230	0
1891	210	0
1892	205	0
1893	178	0
1894	195	0
1895	194	0
1896	200	0
1897	218	0
1898	213	0
1899	195	0
1900	207	0
1901	188	0
1902	201	0
1903	205	0
1904	203	0
1905	182	0
1906	208	0
1907	200	0
1908	182	0
1909	213	0
1910	183	0
1911	214	0
1912	213	0
1913	188	0
1914	180	0
1915	210	0
1916	203	0
1917	189	0
1918	211	0
1919	195	0
1920	205	0
1921	215	0
1922	170	0
1923	208	0
1924	203	0
1925	206	0
1926	183	0
1927	193	0
1928	191	0
1929	196	0
1930	183	0
1931	218	0
1932	217	0
1933	183	0
1934	201	0
1935	193	0
1936	185	0
1937	177	0
1938	174	0
1939	208	0
1940	195	0
1941	185	0
1942	169	0
1943	184	0
1944	199	0
1945	215	0
1946	202	0
1947	192	0
1948	195	0
1949	199	0
1950	186	0
1951	200	0
1952	174	0
1953	221	0
1954	206	0
1955	175	0
1956	192	0
1957	195	0
1958	210	0
1959	203	0
1960	202	0
1961	194	0
1962	219	0
1963	233	0
1964	206	0
1965	220	0
1966	192	0
1967	213	0
1968	200	0
1969	174	0
1970	188	0
1971	204	0
1972	189	0
1973	193	0
1974	200	0
1975	190	0
1976	216	0
1977	212	0
1978	191	0
1979	188	0
1980	195	0
1981	195	0
1982	201	0
1983	211	0
1984	201	0
1985	197	0
1986	165	0
1987	215	0
1988	235	0
1989	217	0
1990	206	0
1991	178	0
1992	210	0
1993	198	0
1994	223	0
1995	204	0
1996	181	0
1997	211	0
1998	203	0
1999	241	0
2000	191	0
2001	190	0
2002	206	0
2003	196	0
2004	188	0
2005	193	0
2006	188	0
2007	189	0
2008	199	0
2009	173	0
2010	177	0
2011	195	0
2012	213	0
2013	209	0
2014	187	0
2015	221	0
2016	191	0
2017	211	0
2018	217	0
2019	205	0
2020	205	0
2021	215	0
2022	161	0
2023	194	0
2024	187	0
2025	183	0
2026	188	0
2027	215	0
2028	205	0
2029	185	0
2030	216	0
2031	215	0
2032	199	0
2033	214	0
2034	204	0
2035	195	0
2036	197	0
2037	178	0
2038	198	0
2039	204	0
2040	190	0
2041	184	0
2042	194	0
2043	211	0
2044	210	0
2045	189	0
2046	212	0
2047	185	0
2048	203	0
2049	199	0
2050	207	0
2051	186	0
2052	213	0
2053	196	0
2054	246	0
2055	180	0
2056	199	0
2057	225	0
2058	209	0
2059	216	0
2060	224	0
2061	199	0
2062	168	0
2063	197	0
2064	208	0
2065	192	0
2066	178	0
2067	210	0
2068	189	0
2069	209	0
2070	191	0
2071	192	0
2072	183	0
2073	197	0
2074	195	0
2075	192	0
2076	201	0
2077	209	0
2078	199	0
2079	204	0
2080	209	0
2081	187	0
2082	184	0
2083	233	0
2084	203	0
2085	200	0
2086	186	0
2087	184	0
2088	177	0
2089	225	0
2090	185	0
2091	178	0
2092	201	0
2093	193	0
2094	184	0
2095	208	0
2096	193	0
2097	210	0
2098	203	0
2099	184	0
2100	184	0
2101	187	0
2102	194	0
2103	198	0
2104	205	0
2105	212	0
2106	190	0
2107	196	0
2108	199	0
2109	194	0
2110	185	0
2111	194	0
2112	182	0
2113	204	0
2114	192	0
2115	187	0
2116	195	0
2117	200	0
2118	193	0
2119	191	0
2120	203	0
2121	157	0
2122	217	0
2123	197	0
2124	194	0
2125	196	0
2126	198	0
2127	193	0
2128	204	0
2129	211	0
2130	166	0
2131	140	0
2132	203	0
2133	203	0
2134	219	0
2135	210	0
2136	198	0
2137	206	0
2138	182	0
2139	216	0
2140	203	0
2141	184	0
2142	188	0
2143	193	0
2144	205	0
2145	218	0
2146	177	0
2147	194	0
2148	201	0
2149	205	0
2150	192	0
2151	183	0
2152	182	0
2153	196	0
2154	189	0
2155	201	0
2156	210	0
2157	208	0
2158	193	0
2159	194	0
2160	171	0
2161	177	0
2162	197	0
2163	181	0
2164	173	0
2165	183	0
2166	157	0
2167	170	0
2168	202	0
2169	219	0
2170	205	0
2171	179	0
2172	224	0
2173	195	0
2174	212	0
2175	167	0
2176	215	0
2177	183	0
2178	198	0
2179	192	0
2180	213	0
2181	199	0
2182	189	0
2183	185	0
2184	182	0
2185	192	0
2186	187	0
2187	204	0
2188	176	0
2189	186	0
2190	198	0
2191	199	0
2192	191	0
2193	192	0
2194	204	0
2195	209	0
2196	195	0
2197	199	0
2198	193	0
2199	195	0
2200	189	0
2201	215	0
2202	213	0
2203	210	0
2204	165	0
2205	203	0
2206	175	0
2207	191	0
2208	202	0
2209	214	0
2210	187	0
2211	227	0
2212	178	0
2213	195	0
2214	219	0
2215	227	0
2216	209	0
2217	189	0
2218	191	0
2219	201	0
2220	239	0
2221	205	0
2222	210	0
2223	192	0
2224	197	0
2225	226	0
2226	197	0
2227	213	0
2228	218	0
2229	216	0
2230	201	0
2231	200	0
2232	198	0
2233	184	0
2234	202	0
2235	213	0
2236	191	0
2237	174	0
2238	204	0
2239	208	0
2240	193	0
2241	191	0
2242	225	0
2243	201	0
2244	205	0
2245	202	0
2246	207	0
2247	193	0
2248	214	0
2249	181	0
2250	207	0
2251	176	0
2252	201	0
2253	202	0
2254	212	0
2255	191	0
2256	165	0
2257	199	0
2258	191	0
2259	188	0
2260	202	0
2261	203	0
2262	193	0
2263	205	0
2264	221	0
2265	215	0
2266	214	0
2267	226	0
2268	195	0
2269	184	0
2270	196	0
2271	165	0
2272	195	0
2273	195	0
2274	182	0
2275	188	0
2276	204	0
2277	187	0
2278	197	0
2279	204	0
2280	213	0
2281	214	0
2282	198	0
2283	201	0
2284	186	0
2285	191	0
2286	200	0
2287	183	0
2288	176	0
2289	183	0
2290	196	0
2291	194	0
2292	167	0
2293	178	0
2294	200	0
2295	196	0
2296	200	0
2297	217	0
2298	215	0
2299	218	0
2300	177	0
2301	193	0
2302	223	0
2303	190	0
2304	220	0
2305	207	0
2306	212	0
2307	213	0
2308	178	0
2309	208	0
2310	206	0
2311	203	0
2312	206	0
2313	186	0
2314	177	0
2315	191	0
2316	188	0
2317	192	0
2318	204	0
2319	183	0
2320	186	0
2321	208	0
2322	219	0
2323	217	0
2324	201	0
2325	191	0
2326	200	0
2327	188	0
2328	207	0
2329	167	0
2330	229	0
2331	196	0
2332	199	0
2333	199	0
2334	208	0
2335	213	0
2336	209	0
2337	175	0
2338	200	0
2339	224	0
2340	213	0
2341	213	0
2342	197	0
2343	208	0
2344	172	0
2345	196	0
2346	212	0
2347	190	0
2348	228	0
2349	207	0
2350	181	0
2351	204	0
2352	196	0
2353	218	0
2354	184	0
2355	203	0
2356	209	0
2357	186	0
2358	206	0
2359	176	0
2360	200	0
2361	199	0
2362	189	0
2363	223	0
2364	189	0
2365	180	0
2366	179	0
2367	238	0
2368	209	0
2369	207	0
2370	207	0
2371	203	0
2372	214	0
2373	223	0
2374	211	0
2375	192	0
2376	188	0
2377	199	0
2378	193	0
2379	208	0
2380	199	0
2381	184	0
2382	194	0
2383	201	0
2384	241	0
2385	200	0
2386	196	0
2387	185	0
2388	195	0
2389	211	0
2390	201	0
2391	188	0
2392	201	0
2393	172	0
2394	183	0
2395	184	0
2396	225	0
2397	183	0
2398	188	0
2399	185	0
2400	221	0
2401	201	0
2402	202	0
2403	189	0
2404	187	0
2405	187	0
2406	222	0
2407	194	0
2408	197	0
2409	202	0
2410	208	0
2411	209	0
2412	197	0
2413	230	0
2414	200	0
2415	206	0
2416	192	0
2417	197	0
2418	215	0
2419	179	0
2420	207	0
2421	194	0
2422	193	0
2423	169	0
2424	207	0
2425	199	0
2426	208	0
2427	184	0
2428	179	0
2429	207	0
2430	203	0
2431	213	0
2432	207	0
2433	219	0
2434	213	0
2435	176	0
2436	189	0
2437	195	0
2438	194	0
2439	205	0
2440	212	0
2441	201	0
2442	205	0
2443	183	0
2444	208	0
2445	198	0
2446	207	0
2447	193	0
2448	190	0
2449	181	0
2450	168	0
2451	231	0
2452	207	0
2453	195	0
2454	180	0
2455	202	0
2456	188	0
2457	212	0
2458	199	0
2459	187	0
2460	189	0
2461	171	0
2462	225	0
2463	184	0
2464	223	0
2465	223	0
2466	183	0
2467	163	0
2468	193	0
2469	186	0
2470	176	0
2471	217	0
2472	191	0
2473	221	0
2474	193	0
2475	198	0
2476	226	0
2477	185	0
2478	206	0
2479	173	0
2480	214	0
2481	187	0
2482	209	0
2483	191	0
2484	190	0
2485	210	0
2486	191	0
2487	186	0
2488	220	0
2489	183	0
2490	199	0
2491	204	0
2492	189	0
2493	191	0
2494	199	0
2495	195	0
2496	192	0
2497	175	0
2498	202	0
2499	175	0
2500	229	0
2501	207	0
2502	223	0
2503	217	0
2504	181	0
2505	183	0
2506	210	0
2507	211	0
2508	191	0
2509	207	0
2510	187	0
2511	199	0
2512	217	0
2513	208	0
2514	182	0
2515	178	0
2516	218	0
2517	185	0
2518	199	0
2519	201	0
2520	197	0
2521	206	0
2522	175	0
2523	185	0
2524	184	0
2525	199	0
2526	185	0
2527	202	0
2528	206	0
2529	215	0
2530	212	0
2531	191	0
2532	184	0
2533	192	0
2534	197	0
2535	213	0
2536	194	0
2537	206	0
2538	212	0
2539	203	0
2540	188	0
2541	211	0
2542	171	0
2543	163	0
2544	208	0
2545	209	0
2546	193	0
2547	167	0
2548	192	0
2549	170	0
2550	209	0
2551	204	0
2552	214	0
2553	185	0
2554	189	0
2555	195	0
2556	206	0
2557	198	0
2558	207	0
2559	200	0
2560	196	0
2561	202	0
2562	184	0
2563	201	0
2564	208	0
2565	191	0
2566	223	0
2567	214	0
2568	190	0
2569	187	0
2570	191	0
2571	214	0
2572	184	0
2573	180	0
2574	207	0
2575	189	0
2576	184	0
2577	215	0
2578	215	0
2579	198	0
2580	207	0
2581	184	0
2582	164	0
2583	205	0
2584	205	0
2585	186	0
2586	208	0
2587	190	0
2588	186	0
2589	208	0
2590	206	0
2591	217	0
2592	204	0
2593	199	0
2594	217	0
2595	209	0
2596	203	0
2597	166	0
2598	179	0
2599	210	0
2600	213	0
2601	219	0
2602	191	0
2603	203	0
2604	178	0
2605	190	0
2606	197	0
2607	214	0
2608	171	0
2609	194	0
2610	188	0
2611	189	0
2612	183	0
2613	208	0
2614	208	0
2615	200	0
2616	182	0
2617	211	0
2618	175	0
2619	221	0
2620	188	0
2621	219	0
2622	204	0
2623	193	0
2624	199	0
2625	219	0
2626	188	0
2627	187	0
2628	194	0
2629	158	0
2630	208	0
2631	193	0
2632	205	0
2633	192	0
2634	207	0
2635	246	0
2636	184	0
2637	209	0
2638	192	0
2639	197	0
2640	181	0
2641	183	0
2642	202	0
2643	199	0
2644	213	0
2645	222	0
2646	193	0
2647	179	0
2648	173	0
2649	218	0
2650	186	0
2651	186	0
2652	208	0
2653	216	0
2654	232	0
2655	181	0
2656	220	0
2657	213	0
2658	241	0
2659	180	0
2660	201	0
2661	200	0
2662	230	0
2663	191	0
2664	213	0
2665	171	0
2666	204	0
2667	198	0
2668	221	0
2669	218	0
2670	207	0
2671	197	0
2672	211	0
2673	206	0
2674	173	0
2675	185	0
2676	207	0
2677	214	0
2678	195	0
2679	197	0
2680	225	0
2681	198	0
2682	172	0
2683	209	0
2684	226	0
2685	216	0
2686	198	0
2687	200	0
2688	191	0
2689	204	0
2690	191	0
2691	190	0
2692	205	0
2693	213	0
2694	202	0
2695	204	0
2696	196	0
2697	186	0
2698	188	0
2699	217	0
2700	181	0
2701	166	0
2702	195	0
2703	198	0
2704	206	0
2705	200	0
2706	217	0
2707	194	0
2708	190	0
2709	221	0
2710	197	0
2711	224	0
2712	192	0
2713	179	0
2714	202	0
2715	186	0
2716	215	0
2717	193	0
2718	200	0
2719	206	0
2720	220	0
2721	222	0
2722	203	0
2723	181	0
2724	196	0
2725	245	0
2726	189	0
2727	212	0
2728	216	0
2729	211	0
2730	179	0
2731	194	0
2732	183	0
2733	177	0
2734	165	0
2735	205	0
2736	210	0
2737	183	0
2738	224	0
2739	209	0
2740	213	0
2741	185	0
2742	193	0
2743	167	0
2744	223	0
2745	193	0
2746	197	0
2747	189	0
2748	188	0
2749	204	0
2750	204	0
2751	233	0
2752	191	0
2753	173	0
2754	186	0
2755	189	0
2756	211	0
2757	193	0
2758	205	0
2759	201	0
2760	187	0
2761	197	0
2762	206	0
2763	210	0
2764	173	0
2765	192	0
2766	214	0
2767	197	0
2768	225	0
2769	201	0
2770	203	0
2771	211	0
2772	204	0
2773	209	0
2774	184	0
2775	200	0
2776	201	0
2777	212	0
2778	193	0
2779	186	0
2780	223	0
2781	213	0
2782	206	0
2783	223	0
2784	192	0
2785	187	0
2786	207	0
2787	185	0
2788	203	0
2789	215	0
2790	215	0
2791	192	0
2792	197	0
2793	191	0
2794	200	0
2795	212	0
2796	215	0
2797	201	0
2798	202	0
2799	215	0
2800	201	0
2801	202	0
2802	183	0
2803	188	0
2804	195	0
2805	200	0
2806	202	0
2807	171	0
2808	217	0
2809	193	0
2810	184	0
2811	176	0
2812	222	0
2813	199	0
2814	222	0
2815	214	0
2816	196	0
2817	199	0
2818	196	0
2819	185	0
2820	210	0
2821	194	0
2822	199	0
2823	207	0
2824	221	0
2825	181	0
2826	203	0
2827	175	0
2828	181	0
2829	191	0
2830	210	0
2831	213	0
2832	194	0
2833	191	0
2834	186	0
2835	190	0
2836	176	0
2837	184	0
2838	184	0
2839	213	0
2840	192	0
2841	191	0
2842	200	0
2843	211	0
2844	183	0
2845	201	0
2846	208	0
2847	208	0
2848	183	0
2849	202	0
2850	217	0
2851	216	0
2852	216	0
2853	188	0
2854	196	0
2855	203	0
2856	216	0
2857	179	0
2858	222	0
2859	196	0
2860	196	0
2861	190	0
2862	189	0
2863	193	0
2864	192	0
2865	206	0
2866	224	0
2867	189	0
2868	216	0
2869	184	0
2870	193	0
2871	197	0
2872	183	0
2873	248	0
2874	149	0
2875	176	0
2876	204	0
2877	206	0
2878	196	0
2879	207	0
2880	164	0
2881	199	0
2882	214	0
2883	195	0
2884	222	0
2885	186	0
2886	218	0
2887	252	0
2888	191	0
2889	212	0
2890	188	0
2891	197	0
2892	228	0
2893	205	0
2894	224	0
2895	191	0
2896	198	0
2897	203	0
2898	214	0
2899	205	0
2900	232	0
2901	188	0
2902	241	0
2903	194	0
2904	198	0
2905	198	0
2906	197	0
2907	222	0
2908	195	0
2909	187	0
2910	194	0
2911	196	0
2912	177	0
2913	176	0
2914	192	0
2915	212	0
2916	186	0
2917	198	0
2918	213	0
2919	204	0
2920	203	0
2921	200	0
2922	188	0
2923	186	0
2924	202	0
2925	198	0
2926	197	0
2927	190	0
2928	213	0
2929	183	0
2930	212	0
2931	203	0
2932	208	0
2933	178	0
2934	195	0
2935	195	0
2936	225	0
2937	188	0
2938	186	0
2939	199	0
2940	204	0
2941	181	0
2942	201	0
2943	198	0
2944	209	0
2945	198	0
2946	206	0
2947	181	0
2948	178	0
2949	208	0
2950	222	0
2951	199	0
2952	202	0
2953	196	0
2954	184	0
2955	200	0
2956	211	0
2957	216	0
2958	223	0
2959	186	0
2960	204	0
2961	198	0
2962	211	0
2963	186	0
2964	185	0
2965	191	0
2966	214	0
2967	202	0
2968	189	0
2969	218	0
2970	202	0
2971	185	0
2972	203	0
2973	191	0
2974	169	0
2975	201	0
2976	230	0
2977	211	0
2978	218	0
2979	202	0
2980	218	0
2981	182	0
2982	234	0
2983	198	0
2984	198	0
2985	191	0
2986	225	0
2987	205	0
2988	189	0
2989	196	0
2990	193	0
2991	210	0
2992	243	0
2993	204	0
2994	201	0
2995	214	0
2996	210	0
2997	202	0
2998	211	0
2999	189	0
3000	190	0
