1	205	0
2	182	0
3	199	0
4	195	0
5	199	0
6	205	0
7	181	0
8	205	0
9	173	0
10	179	0
11	201	0
12	216	0
13	210	0
14	224	0
15	216	0
16	189	0
17	218	0
18	193	0
19	215	0
20	185	0
21	194	0
22	202	0
23	201	0
24	232	0
25	191	0
26	191	0
27	192	0
28	210	0
29	199	0
30	195	0
31	218	0
32	199	0
33	200	0
34	202	0
35	205	0
36	163	0
37	181	0
38	229	0
39	180	0
40	214	0
41	202	0
42	195	0
43	204	0
44	183	0
45	210	0
46	203	0
47	168	0
48	208	0
49	188	0
50	195	0
51	185	0
52	171	0
53	165	0
54	201	0
55	202	0
56	182	0
57	197	0
58	205	0
59	195	0
60	213	0
61	191	0
62	241	0
63	207	0
64	179	0
65	179	0
66	212	0
67	235	0
68	201	0
69	181	0
70	215	0
71	195	0
72	174	0
73	185	0
74	188	0
75	210	0
76	201	0
77	203	0
78	209	0
79	204	0
80	182	0
81	197	0
82	180	0
83	175	0
84	203	0
85	213	0
86	223	0
87	221	0
88	162	0
89	208	0
90	203	0
91	213	0
92	181	0
93	176	0
94	172	0
95	198	0
96	180	0
97	187	0
98	214	0
99	204	0
100	159	0
101	196	0
102	213	0
103	210	0
104	212	0
105	179	0
106	157	0
107	204	0
108	214	0
109	190	0
110	200	0
111	198	0
112	195	0
113	180	0
114	216	0
115	187	0
116	199	0
117	160	0
118	182	0
119	211	0
120	207	0
121	180	0
122	214	0
123	192	0
124	223	0
125	180	0
126	200	0
127	198	0
128	205	0
129	210	0
130	191	0
131	181	0
132	193	0
133	201	0
134	199	0
135	209	0
136	215	0
137	179	0
138	228	0
139	199	0
140	205	0
141	185	0
142	200	0
143	198	0
144	186	0
145	197	0
146	183	0
147	189	0
148	184	0
149	199	0
150	223	0
151	218	0
152	139	0
153	194	0
154	195	0
155	199	0
156	214	0
157	194	0
158	215	0
159	209	0
160	196	0
161	209	0
162	195	0
163	191	0
164	203	0
165	196	0
166	177	0
167	191	0
168	185	0
169	187	0
170	179	0
171	211	0
172	224	0
173	207	0
174	196	0
175	185	0
176	206	0
177	181	0
178	216	0
179	200	0
180	201	0
181	199	0
182	200	0
183	199	0
184	196	0
185	204	0
186	206	0
187	206	0
188	195	0
189	183	0
190	188	0
191	210	0
192	197	0
193	193	0
194	187	0
195	208	0
196	216	0
197	214	0
198	198	0
199	209	0
200	218	0
201	212	0
202	200	0
203	193	0
204	180	0
205	194	0
206	205	0
207	192	0
208	199	0
209	189	0
210	174	0
211	215	0
212	206	0
213	192	0
214	195	0
215	183	0
216	200	0
217	206	0
218	202	0
219	195	0
220	213	0
221	203	0
222	194	0
223	202	0
224	177	0
225	188	0
226	181	0
227	177	0
228	211	0
229	179	0
230	195	0
231	213	0
232	187	0
233	170	0
234	191	0
235	164	0
236	196	0
237	178	0
238	200	0
239	199	0
240	192	0
241	187	0
242	214	0
243	181	0
244	198	0
245	206	0
246	188	0
247	159	0
248	226	0
249	203	0
250	216	0
251	197	0
252	194	0
253	185	0
254	178	0
255	186	0
256	194	0
257	202	0
258	211	0
259	189	0
260	247	0
261	197	0
262	201	0
263	211	0
264	209	0
265	212	0
266	185	0
267	192	0
268	216	0
269	227	0
270	182	0
271	195	0
272	209	0
273	216	0
274	164	0
275	198	0
276	173	0
277	189	0
278	217	0
279	194	0
280	194	0
281	206	0
282	198	0
283	181	0
284	201	0
285	180	0
286	201	0
287	196	0
288	208	0
289	167	0
290	209	0
291	185	0
292	187	0
293	199	0
294	197	0
295	206	0
296	214	0
297	172	0
298	189	0
299	183	0
300	181	0
301	183	0
302	205	0
303	223	0
304	196	0
305	185	0
306	212	0
307	188	0
308	176	0
309	200	0
310	192	0
311	187	0
312	179	0
313	210	0
314	192	0
315	200	0
316	201	0
317	185	0
318	214	0
319	207	0
320	199	0
321	173	0
322	219	0
323	211	0
324	198	0
325	208	0
326	187	0
327	175	0
328	209	0
329	207	0
330	200	0
331	200	0
332	203	0
333	224	0
334	212	0
335	221	0
336	223	0
337	229	0
338	191	0
339	210	0
340	214	0
341	190	0
342	196	0
343	180	0
344	183	0
345	169	0
346	179	0
347	191	0
348	213	0
349	204	0
350	187	0
351	214	0
352	175	0
353	197	0
354	195	0
355	175	0
356	172	0
357	186	0
358	207	0
359	198	0
360	227	0
361	214	0
362	183	0
363	196	0
364	208	0
365	212	0
366	203	0
367	178	0
368	177	0
369	179	0
370	199	0
371	204	0
372	195	0
373	173	0
374	212	0
375	206	0
376	206	0
377	210	0
378	197	0
379	190	0
380	218	0
381	178	0
382	184	0
383	211	0
384	216	0
385	179	0
386	171	0
387	192	0
388	233	0
389	201	0
390	211	0
391	184	0
392	220	0
393	184	0
394	189	0
395	189	0
396	213	0
397	226	0
398	189	0
399	208	0
400	223	0
401	174	0
402	194	0
403	194	0
404	181	0
405	194	0
406	189	0
407	186	0
408	214	0
409	202	0
410	202	0
411	215	0
412	180	0
413	180	0
414	174	0
415	209	0
416	205	0
417	201	0
418	178	0
419	202	0
420	183	0
421	187	0
422	164	0
423	176	0
424	201	0
425	204	0
426	196	0
427	201	0
428	202	0
429	191	0
430	165	0
431	185	0
432	224	0
433	177	0
434	207	0
435	170	0
436	192	0
437	232	0
438	209	0
439	203	0
440	216	0
441	209	0
442	206	0
443	196	0
444	208	0
445	203	0
446	191	0
447	185	0
448	217	0
449	211	0
450	221	0
451	190	0
452	205	0
453	204	0
454	197	0
455	210	0
456	205	0
457	200	0
458	170	0
459	226	0
460	177	0
461	192	0
462	189	0
463	214	0
464	222	0
465	192	0
466	213	0
467	193	0
468	205	0
469	221	0
470	195	0
471	207	0
472	203	0
473	205	0
474	220	0
475	225	0
476	191	0
477	202	0
478	215	0
479	207	0
480	206	0
481	202	0
482	187	0
483	206	0
484	203	0
485	189	0
486	176	0
487	198	0
488	220	0
489	184	0
490	189	0
491	191	0
492	177	0
493	181	0
494	189	0
495	186	0
496	235	0
497	215	0
498	197	0
499	169	0
500	194	0
501	209	0
502	201	0
503	185	0
504	216	0
505	177	0
506	207	0
507	194	0
508	189	0
509	197	0
510	208	0
511	194	0
512	205	0
513	231	0
514	203	0
515	179	0
516	223	0
517	177	0
518	185	0
519	223	0
520	212	0
521	176	0
522	197	0
523	224	0
524	170	0
525	193	0
526	198	0
527	214	0
528	213	0
529	200	0
530	207	0
531	195	0
532	177	0
533	181	0
534	179	0
535	195	0
536	205	0
537	202	0
538	207	0
539	209	0
540	193	0
541	181	0
542	189	0
543	209	0
544	207	0
545	202	0
546	203	0
547	190	0
548	193	0
549	196	0
550	202	0
551	192	0
552	198	0
553	206	0
554	214	0
555	208	0
556	210	0
557	185	0
558	197	0
559	177	0
560	175	0
561	205	0
562	169	0
563	196	0
564	208	0
565	216	0
566	191	0
567	221	0
568	202	0
569	197	0
570	190	0
571	224	0
572	183	0
573	191	0
574	220	0
575	175	0
576	204	0
577	203	0
578	203	0
579	207	0
580	206	0
581	188	0
582	217	0
583	188	0
584	189	0
585	191	0
586	217	0
587	198	0
588	196	0
589	226	0
590	194	0
591	176	0
592	202	0
593	214	0
594	191	0
595	207	0
596	212	0
597	197	0
598	194	0
599	217	0
600	190	0
601	180	0
602	201	0
603	202	0
604	170	0
605	194	0
606	198	0
607	201	0
608	192	0
609	188	0
610	207	0
611	223	0
612	200	0
613	193	0
614	188	0
615	178	0
616	185	0
617	185	0
618	194	0
619	218	0
620	205	0
621	216	0
622	181	0
623	211	0
624	178	0
625	214	0
626	180	0
627	198	0
628	205	0
629	209	0
630	191	0
631	178	0
632	205	0
633	184	0
634	187	0
635	213	0
636	195	0
637	190	0
638	200	0
639	197	0
640	188	0
641	181	0
642	186	0
643	192	0
644	212	0
645	185	0
646	193	0
647	186	0
648	204	0
649	180	0
650	195	0
651	187	0
652	206	0
653	187	0
654	205	0
655	188	0
656	204	0
657	220	0
658	195	0
659	211	0
660	193	0
661	235	0
662	217	0
663	173	0
664	203	0
665	229	0
666	209	0
667	191	0
668	206	0
669	193	0
670	207	0
671	208	0
672	192	0
673	195	0
674	171	0
675	218	0
676	181	0
677	200	0
678	185	0
679	210	0
680	196	0
681	212	0
682	198	0
683	208	0
684	222	0
685	216	0
686	220	0
687	191	0
688	208	0
689	205	0
690	183	0
691	205	0
692	197	0
693	211	0
694	216	0
695	206	0
696	202	0
697	174	0
698	206	0
699	209	0
700	208	0
701	205	0
702	194	0
703	190	0
704	201	0
705	213	0
706	201	0
707	206	0
708	192	0
709	190	0
710	199	0
711	191	0
712	199	0
713	224	0
714	213	0
715	194	0
716	187	0
717	183	0
718	212	0
719	173	0
720	186	0
721	188	0
722	208	0
723	180	0
724	196	0
725	171	0
726	212	0
727	213	0
728	175	0
729	225	0
730	184	0
731	228	0
732	195	0
733	180	0
734	207	0
735	231	0
736	198	0
737	220	0
738	200	0
739	207	0
740	219	0
741	204	0
742	199	0
743	180	0
744	185	0
745	158	0
746	185	0
747	217	0
748	209	0
749	223	0
750	174	0
751	214	0
752	185	0
753	214	0
754	181	0
755	172	0
756	196	0
757	196	0
758	190	0
759	194	0
760	182	0
761	191	0
762	184	0
763	196	0
764	209	0
765	188	0
766	186	0
767	176	0
768	207	0
769	204	0
770	194	0
771	181	0
772	203	0
773	206	0
774	183	0
775	177	0
776	196	0
777	183	0
778	204	0
779	186	0
780	199	0
781	201	0
782	206	0
783	193	0
784	175	0
785	193	0
786	203	0
787	192	0
788	205	0
789	195	0
790	190	0
791	189	0
792	187	0
793	185	0
794	201	0
795	180	0
796	193	0
797	209	0
798	206	0
799	208	0
800	202	0
801	229	0
802	225	0
803	192	0
804	197	0
805	186	0
806	193	0
807	183	0
808	209	0
809	190	0
810	180	0
811	220	0
812	207	0
813	196	0
814	175	0
815	199	0
816	234	0
817	205	0
818	190	0
819	180	0
820	195	0
821	216	0
822	198	0
823	180	0
824	211	0
825	220	0
826	196	0
827	203	0
828	205	0
829	187	0
830	178	0
831	198	0
832	203	0
833	193	0
834	186	0
835	205	0
836	157	0
837	214	0
838	196	0
839	193	0
840	207	0
841	199	0
842	208	0
843	211	0
844	208	0
845	193	0
846	180	0
847	221	0
848	213	0
849	206	0
850	224	0
851	185	0
852	199	0
853	206	0
854	186	0
855	194	0
856	192	0
857	209	0
858	220	0
859	203	0
860	204	0
861	202	0
862	184	0
863	225	0
864	233	0
865	195	0
866	184	0
867	189	0
868	197	0
869	189	0
870	212	0
871	220	0
872	188	0
873	203	0
874	174	0
875	193	0
876	191	0
877	207	0
878	199	0
879	198	0
880	207	0
881	193	0
882	191	0
883	184	0
884	204	0
885	203	0
886	190	0
887	164	0
888	201	0
889	189	0
890	189	0
891	193	0
892	185	0
893	199	0
894	188	0
895	204	0
896	189	0
897	182	0
898	191	0
899	188	0
900	184	0
901	209	0
902	212	0
903	219	0
904	168	0
905	199	0
906	198	0
907	177	0
908	207	0
909	196	0
910	181	0
911	187	0
912	190	0
913	180	0
914	189	0
915	197	0
916	209	0
917	204	0
918	213	0
919	197	0
920	183	0
921	175	0
922	205	0
923	195	0
924	245	0
925	188	0
926	189	0
927	184	0
928	180	0
929	157	0
930	199	0
931	190	0
932	201	0
933	203	0
934	170	0
935	187	0
936	185	0
937	172	0
938	198	0
939	216	0
940	194	0
941	223	0
942	188	0
943	207	0
944	204	0
945	186	0
946	204	0
947	197	0
948	188	0
949	206	0
950	215	0
951	185	0
952	216	0
953	190	0
954	197	0
955	190	0
956	193	0
957	176	0
958	226	0
959	209	0
960	197	0
961	206	0
962	197	0
963	200	0
964	215	0
965	180	0
966	207	0
967	202	0
968	217	0
969	223	0
970	200	0
971	199	0
972	197	0
973	217	0
974	203	0
975	199	0
976	228	0
977	189	0
978	225	0
979	213	0
980	206	0
981	206	0
982	189	0
983	193	0
984	189	0
985	210	0
986	183	0
987	191	0
988	196	0
989	191	0
990	189	0
991	183	0
992	198	0
993	203	0
994	183	0
995	227	0
996	224	0
997	188	0
998	200	0
999	207	0
1000	190	0
1001	209	0
1002	201	0
1003	220	0
1004	210	0
1005	202	0
1006	219	0
1007	195	0
1008	204	0
1009	214	0
1010	188	0
1011	208	0
1012	195	0
1013	193	0
1014	192	0
1015	214	0
1016	195	0
1017	200	0
1018	192	0
1019	170	0
1020	202	0
1021	181	0
1022	188	0
1023	193	0
1024	211	0
1025	213	0
1026	198	0
1027	212	0
1028	212	0
1029	213	0
1030	196	0
1031	193	0
1032	178	0
1033	221	0
1034	187	0
1035	217	0
1036	209	0
1037	195	0
1038	205	0
1039	194	0
1040	224	0
1041	198	0
1042	183	0
1043	202	0
1044	193	0
1045	216	0
1046	213	0
1047	217	0
1048	211	0
1049	199	0
1050	226	0
1051	196	0
1052	205	0
1053	168	0
1054	194	0
1055	207	0
1056	207	0
1057	190	0
1058	210	0
1059	171	0
1060	200	0
1061	202	0
1062	214	0
1063	187	0
1064	170	0
1065	198	0
1066	187	0
1067	213	0
1068	169	0
1069	190	0
1070	214	0
1071	212	0
1072	202	0
1073	181	0
1074	195	0
1075	202	0
1076	199	0
1077	191	0
1078	188	0
1079	192	0
1080	190	0
1081	171	0
1082	208	0
1083	168	0
1084	194	0
1085	202	0
1086	215	0
1087	197	0
1088	209	0
1089	206	0
1090	170	0
1091	187	0
1092	226	0
1093	204	0
1094	218	0
1095	199	0
1096	202	0
1097	184	0
1098	184	0
1099	198	0
1100	198	0
1101	177	0
1102	159	0
1103	166	0
1104	200	0
1105	189	0
1106	199	0
1107	225	0
1108	190	0
1109	176	0
1110	183	0
1111	195	0
1112	205	0
1113	203	0
1114	200	0
1115	182	0
1116	189	0
1117	211	0
1118	189	0
1119	190	0
1120	185	0
1121	220	0
1122	197	0
1123	186	0
1124	203	0
1125	181	0
1126	191	0
1127	188	0
1128	195	0
1129	197	0
1130	181	0
1131	203	0
1132	178	0
1133	188	0
1134	200	0
1135	196	0
1136	207	0
1137	206	0
1138	180	0
1139	209	0
1140	198	0
1141	187	0
1142	176	0
1143	175	0
1144	203	0
1145	212	0
1146	215	0
1147	190	0
1148	219	0
1149	189	0
1150	205	0
1151	184	0
1152	227	0
1153	230	0
1154	165	0
1155	183	0
1156	228	0
1157	184	0
1158	223	0
1159	194	0
1160	194	0
1161	207	0
1162	203	0
1163	188	0
1164	189	0
1165	224	0
1166	180	0
1167	205	0
1168	199	0
1169	194	0
1170	183	0
1171	187	0
1172	199	0
1173	189	0
1174	201	0
1175	196	0
1176	181	0
1177	171	0
1178	188	0
1179	199	0
1180	177	0
1181	191	0
1182	201	0
1183	183	0
1184	175	0
1185	195	0
1186	183	0
1187	216	0
1188	237	0
1189	205	0
1190	183	0
1191	206	0
1192	191	0
1193	207	0
1194	202	0
1195	195	0
1196	195	0
1197	180	0
1198	188	0
1199	200	0
1200	197	0
1201	216	0
1202	217	0
1203	173	0
1204	179	0
1205	197	0
1206	180	0
1207	200	0
1208	196	0
1209	218	0
1210	176	0
1211	192	0
1212	198	0
1213	179	0
1214	174	0
1215	210	0
1216	188	0
1217	172	0
1218	217	0
1219	210	0
1220	227	0
1221	226	0
1222	214	0
1223	228	0
1224	195	0
1225	194	0
1226	217	0
1227	200	0
1228	159	0
1229	203	0
1230	195	0
1231	204	0
1232	176	0
1233	202	0
1234	177	0
1235	231	0
1236	219	0
1237	193	0
1238	166	0
1239	213	0
1240	188	0
1241	210	0
1242	196	0
1243	184	0
1244	222	0
1245	219	0
1246	214	0
1247	220	0
1248	214	0
1249	218	0
1250	200	0
1251	179	0
1252	183	0
1253	195	0
1254	195	0
1255	206	0
1256	198	0
1257	174	0
1258	194	0
1259	211	0
1260	199	0
1261	185	0
1262	198	0
1263	183	0
1264	212	0
1265	198	0
1266	200	0
1267	175	0
1268	210	0
1269	183	0
1270	211	0
1271	200	0
1272	222	0
1273	198	0
1274	193	0
1275	193	0
1276	206	0
1277	206	0
1278	214	0
1279	207	0
1280	213	0
1281	202	0
1282	213	0
1283	210	0
1284	190	0
1285	191	0
1286	240	0
1287	217	0
1288	206	0
1289	188	0
1290	219	0
1291	211	0
1292	212	0
1293	216	0
1294	216	0
1295	193	0
1296	199	0
1297	205	0
1298	219	0
1299	205	0
1300	206	0
1301	196	0
1302	178	0
1303	193	0
1304	191	0
1305	213	0
1306	180	0
1307	206	0
1308	191	0
1309	221	0
1310	213	0
1311	212	0
1312	187	0
1313	223	0
1314	209	0
1315	171	0
1316	170	0
1317	186	0
1318	202	0
1319	232	0
1320	183	0
1321	220	0
1322	201	0
1323	213	0
1324	204	0
1325	203	0
1326	224	0
1327	191	0
1328	205	0
1329	173	0
1330	179	0
1331	203	0
1332	184	0
1333	177	0
1334	210	0
1335	226	0
1336	206	0
1337	195	0
1338	228	0
1339	225	0
1340	192	0
1341	221	0
1342	183	0
1343	202	0
1344	227	0
1345	205	0
1346	207	0
1347	224	0
1348	222	0
1349	199	0
1350	180	0
1351	220	0
1352	196	0
1353	175	0
1354	196	0
1355	203	0
1356	207	0
1357	189	0
1358	197	0
1359	204	0
1360	164	0
1361	206	0
1362	182	0
1363	176	0
1364	193	0
1365	181	0
1366	208	0
1367	200	0
1368	210	0
1369	188	0
1370	207	0
1371	206	0
1372	200	0
1373	206	0
1374	174	0
1375	211	0
1376	187	0
1377	193	0
1378	209	0
1379	213	0
1380	186	0
1381	177	0
1382	185	0
1383	184	0
1384	184	0
1385	194	0
1386	219	0
1387	218	0
1388	178	0
1389	212	0
1390	207	0
1391	229	0
1392	205	0
1393	206	0
1394	208	0
1395	190	0
1396	182	0
1397	198	0
1398	210	0
1399	197	0
1400	198	0
1401	198	0
1402	205	0
1403	191	0
1404	191	0
1405	184	0
1406	198	0
1407	184	0
1408	202	0
1409	189	0
1410	186	0
1411	220	0
1412	223	0
1413	184	0
1414	217	0
1415	168	0
1416	214	0
1417	202	0
1418	186	0
1419	181	0
1420	204	0
1421	196	0
1422	183	0
1423	193	0
1424	216	0
1425	220	0
1426	197	0
1427	197	0
1428	177	0
1429	222	0
1430	230	0
1431	188	0
1432	212	0
1433	180	0
1434	207	0
1435	200	0
1436	160	0
1437	192	0
1438	182	0
1439	242	0
1440	164	0
1441	203	0
1442	198	0
1443	208	0
1444	184	0
1445	189	0
1446	212	0
1447	199	0
1448	192	0
1449	181	0
1450	207	0
1451	215	0
1452	195	0
1453	198	0
1454	170	0
1455	220	0
1456	229	0
1457	184	0
1458	217	0
1459	222	0
1460	192	0
1461	199	0
1462	209	0
1463	218	0
1464	205	0
1465	192	0
1466	177	0
1467	221	0
1468	194	0
1469	211	0
1470	225	0
1471	215	0
1472	197	0
1473	182	0
1474	202	0
1475	206	0
1476	205	0
1477	207	0
1478	207	0
1479	194	0
1480	177	0
1481	176	0
1482	187	0
1483	197	0
1484	185	0
1485	181	0
1486	188	0
1487	195	0
1488	222	0
1489	203	0
1490	224	0
1491	185	0
1492	195	0
1493	212	0
1494	192	0
1495	171	0
1496	211	0
1497	207	0
1498	205	0
1499	177	0
1500	194	0
1501	191	0
1502	192	0
1503	202	0
1504	176	0
1505	193	0
1506	177	0
1507	215	0
1508	220	0
1509	190	0
1510	207	0
1511	194	0
1512	192	0
1513	164	0
1514	193	0
1515	204	0
1516	183	0
1517	198	0
1518	204	0
1519	230	0
1520	213	0
1521	205	0
1522	179	0
1523	188	0
1524	179	0
1525	193	0
1526	221	0
1527	174	0
1528	225	0
1529	188	0
1530	184	0
1531	200	0
1532	220	0
1533	174	0
1534	207	0
1535	205	0
1536	194	0
1537	206	0
1538	193	0
1539	212	0
1540	200	0
1541	195	0
1542	198	0
1543	210	0
1544	197	0
1545	191	0
1546	195	0
1547	183	0
1548	220	0
1549	205	0
1550	209	0
1551	234	0
1552	212	0
1553	189	0
1554	212	0
1555	194	0
1556	200	0
1557	189	0
1558	209	0
1559	211	0
1560	189	0
1561	197	0
1562	200	0
1563	224	0
1564	208	0
1565	191	0
1566	166	0
1567	217	0
1568	178	0
1569	196	0
1570	216	0
1571	217	0
1572	167	0
1573	175	0
1574	180	0
1575	193	0
1576	219	0
1577	212	0
1578	197	0
1579	194	0
1580	195	0
1581	199	0
1582	177	0
1583	182	0
1584	195	0
1585	209	0
1586	194	0
1587	230	0
1588	172	0
1589	208	0
1590	199	0
1591	190	0
1592	179	0
1593	169	0
1594	186	0
1595	190	0
1596	201	0
1597	210	0
1598	193	0
1599	200	0
1600	208	0
1601	221	0
1602	217	0
1603	214	0
1604	188	0
1605	207	0
1606	194	0
1607	208	0
1608	190	0
1609	200	0
1610	189	0
1611	203	0
1612	189	0
1613	225	0
1614	181	0
1615	163	0
1616	210	0
1617	187	0
1618	181	0
1619	210	0
1620	193	0
1621	189	0
1622	205	0
1623	208	0
1624	209	0
1625	185	0
1626	207	0
1627	186	0
1628	171	0
1629	196	0
1630	188	0
1631	199	0
1632	213	0
1633	210	0
1634	181	0
1635	225	0
1636	152	0
1637	185	0
1638	205	0
1639	184	0
1640	171	0
1641	197	0
1642	189	0
1643	196	0
1644	205	0
1645	206	0
1646	222	0
1647	187	0
1648	200	0
1649	199	0
1650	169	0
1651	190	0
1652	222	0
1653	188	0
1654	201	0
1655	223	0
1656	210	0
1657	191	0
1658	204	0
1659	190	0
1660	193	0
1661	177	0
1662	207	0
1663	171	0
1664	203	0
1665	223	0
1666	211	0
1667	204	0
1668	182	0
1669	192	0
1670	197	0
1671	176	0
1672	191	0
1673	170	0
1674	204	0
1675	196	0
1676	186	0
1677	191	0
1678	201	0
1679	204	0
1680	222	0
1681	188	0
1682	188	0
1683	203	0
1684	194	0
1685	202	0
1686	212	0
1687	185	0
1688	183	0
1689	168	0
1690	180	0
1691	231	0
1692	217	0
1693	233	0
1694	187	0
1695	207	0
1696	211	0
1697	208	0
1698	172	0
1699	209	0
1700	205	0
1701	208	0
1702	209	0
1703	164	0
1704	176	0
1705	201	0
1706	202	0
1707	182	0
1708	178	0
1709	209	0
1710	200	0
1711	184	0
1712	191	0
1713	196	0
1714	217	0
1715	192	0
1716	199	0
1717	202	0
1718	215	0
1719	218	0
1720	177	0
1721	212	0
1722	197	0
1723	166	0
1724	185	0
1725	185	0
1726	197	0
1727	229	0
1728	209	0
1729	231	0
1730	209	0
1731	202	0
1732	209	0
1733	210	0
1734	189	0
1735	213	0
1736	190	0
1737	196	0
1738	222	0
1739	194	0
1740	226	0
1741	203	0
1742	223	0
1743	210	0
1744	168	0
1745	198	0
1746	188	0
1747	215	0
1748	201	0
1749	234	0
1750	179	0
1751	205	0
1752	213	0
1753	194	0
1754	181	0
1755	190	0
1756	202	0
1757	179	0
1758	194	0
1759	185	0
1760	216	0
1761	186	0
1762	179	0
1763	183	0
1764	208	0
1765	209	0
1766	213	0
1767	209	0
1768	190	0
1769	205	0
1770	186	0
1771	194	0
1772	213	0
1773	199	0
1774	209	0
1775	200	0
1776	209	0
1777	205	0
1778	202	0
1779	188	0
1780	214	0
1781	211	0
1782	226	0
1783	197	0
1784	194	0
1785	218	0
1786	202	0
1787	222	0
1788	205	0
1789	212	0
1790	207	0
1791	194	0
1792	205	0
1793	208	0
1794	199	0
1795	195	0
1796	218	0
1797	210	0
1798	191	0
1799	203	0
1800	173	0
1801	212	0
1802	207	0
1803	200	0
1804	207	0
1805	197	0
1806	210	0
1807	212	0
1808	200	0
1809	207	0
1810	200	0
1811	199	0
1812	196	0
1813	182	0
1814	203	0
1815	210	0
1816	196	0
1817	212	0
1818	185	0
1819	201	0
1820	214	0
1821	191	0
1822	169	0
1823	186	0
1824	187	0
1825	204	0
1826	211	0
1827	206	0
1828	182	0
1829	208	0
1830	202	0
1831	211	0
1832	209	0
1833	192	0
1834	212	0
1835	209	0
1836	205	0
1837	181	0
1838	204	0
1839	229	0
1840	210	0
1841	189	0
1842	222	0
1843	199	0
1844	175	0
1845	223	0
1846	210	0
1847	197	0
1848	195	0
1849	202	0
1850	189	0
1851	175	0
1852	188	0
1853	204	0
1854	172	0
1855	193	0
1856	177	0
1857	238	0
1858	209	0
1859	207	0
1860	202	0
1861	199	0
1862	178	0
1863	197	0
1864	200	0
1865	196	0
1866	212	0
1867	206	0
1868	190	0
1869	178	0
1870	184	0
1871	206	0
1872	198	0
1873	207	0
1874	195	0
1875	209	0
1876	198	0
1877	195	0
1878	187	0
1879	231	0
1880	194	0
1881	193	0
1882	194	0
1883	198	0
1884	187	0
1885	191	0
1886	180	0
1887	208	0
1888	197	0
1889	202	0
1890	206	0
1891	211	0
1892	198	0
1893	173	0
1894	204	0
1895	194	0
1896	220	0
1897	193	0
1898	194	0
1899	200	0
1900	193	0
1901	207	0
1902	200	0
1903	220	0
1904	205	0
1905	208	0
1906	186	0
1907	196	0
1908	209	0
1909	205	0
1910	192	0
1911	193	0
1912	202	0
1913	214	0
1914	175	0
1915	214	0
1916	176	0
1917	197	0
1918	193	0
1919	183	0
1920	237	0
1921	177	0
1922	234	0
1923	194	0
1924	188	0
1925	174	0
1926	204	0
1927	202	0
1928	205	0
1929	200	0
1930	229	0
1931	203	0
1932	183	0
1933	204	0
1934	203	0
1935	186	0
1936	182	0
1937	200	0
1938	218	0
1939	189	0
1940	182	0
1941	213	0
1942	180	0
1943	203	0
1944	172	0
1945	169	0
1946	179	0
1947	234	0
1948	204	0
1949	207	0
1950	205	0
1951	200	0
1952	196	0
1953	195	0
1954	228	0
1955	172	0
1956	199	0
1957	223	0
1958	212	0
1959	195	0
1960	206	0
1961	160	0
1962	197	0
1963	209	0
1964	184	0
1965	205	0
1966	205	0
1967	175	0
1968	200	0
1969	181	0
1970	208	0
1971	219	0
1972	216	0
1973	190	0
1974	177	0
1975	183	0
1976	201	0
1977	200	0
1978	192	0
1979	208	0
1980	193	0
1981	207	0
1982	178	0
1983	195	0
1984	198	0
1985	165	0
1986	231	0
1987	204	0
1988	173	0
1989	209	0
1990	201	0
1991	192	0
1992	179	0
1993	194	0
1994	205	0
1995	213	0
1996	203	0
1997	200	0
1998	171	0
1999	162	0
2000	244	0
2001	206	0
2002	200	0
2003	163	0
2004	221	0
2005	193	0
2006	208	0
2007	193	0
2008	175	0
2009	202	0
2010	225	0
2011	200	0
2012	224	0
2013	195	0
2014	200	0
2015	189	0
2016	191	0
2017	199	0
2018	195	0
2019	163	0
2020	194	0
2021	177	0
2022	219	0
2023	204	0
2024	217	0
2025	217	0
2026	208	0
2027	185	0
2028	186	0
2029	189	0
2030	185	0
2031	204	0
2032	191	0
2033	211	0
2034	226	0
2035	221	0
2036	194	0
2037	189	0
2038	203	0
2039	196	0
2040	187	0
2041	188	0
2042	209	0
2043	209	0
2044	165	0
2045	194	0
2046	177	0
2047	181	0
2048	202	0
2049	198	0
2050	195	0
2051	222	0
2052	204	0
2053	192	0
2054	188	0
2055	192	0
2056	184	0
2057	180	0
2058	188	0
2059	199	0
2060	190	0
2061	212	0
2062	181	0
2063	190	0
2064	210	0
2065	191	0
2066	222	0
2067	179	0
2068	214	0
2069	193	0
2070	179	0
2071	211	0
2072	215	0
2073	206	0
2074	213	0
2075	190	0
2076	175	0
2077	197	0
2078	201	0
2079	184	0
2080	187	0
2081	214	0
2082	206	0
2083	194	0
2084	198	0
2085	170	0
2086	211	0
2087	219	0
2088	194	0
2089	195	0
2090	217	0
2091	219	0
2092	197	0
2093	201	0
2094	206	0
2095	198	0
2096	179	0
2097	187	0
2098	191	0
2099	194	0
2100	190	0
2101	204	0
2102	196	0
2103	207	0
2104	214	0
2105	185	0
2106	175	0
2107	198	0
2108	220	0
2109	181	0
2110	223	0
2111	168	0
2112	211	0
2113	201	0
2114	196	0
2115	197	0
2116	183	0
2117	213	0
2118	217	0
2119	205	0
2120	224	0
2121	198	0
2122	192	0
2123	166	0
2124	178	0
2125	198	0
2126	208	0
2127	210	0
2128	214	0
2129	207	0
2130	189	0
2131	195	0
2132	210	0
2133	191	0
2134	199	0
2135	209	0
2136	214	0
2137	167	0
2138	188	0
2139	212	0
2140	211	0
2141	185	0
2142	173	0
2143	187	0
2144	231	0
2145	208	0
2146	198	0
2147	187	0
2148	186	0
2149	177	0
2150	209	0
2151	195	0
2152	200	0
2153	205	0
2154	201	0
2155	192	0
2156	200	0
2157	185	0
2158	197	0
2159	208	0
2160	214	0
2161	207	0
2162	192	0
2163	215	0
2164	200	0
2165	196	0
2166	215	0
2167	178	0
2168	200	0
2169	180	0
2170	224	0
2171	211	0
2172	205	0
2173	183	0
2174	196	0
2175	203	0
2176	204	0
2177	192	0
2178	219	0
2179	207	0
2180	217	0
2181	193	0
2182	192	0
2183	206	0
2184	208	0
2185	198	0
2186	214	0
2187	194	0
2188	191	0
2189	200	0
2190	202	0
2191	170	0
2192	193	0
2193	184	0
2194	206	0
2195	187	0
2196	194	0
2197	188	0
2198	202	0
2199	210	0
2200	197	0
2201	197	0
2202	200	0
2203	200	0
2204	188	0
2205	187	0
2206	222	0
2207	188	0
2208	189	0
2209	205	0
2210	213	0
2211	171	0
2212	191	0
2213	187	0
2214	192	0
2215	207	0
2216	207	0
2217	197	0
2218	189	0
2219	222	0
2220	188	0
2221	213	0
2222	181	0
2223	222	0
2224	200	0
2225	183	0
2226	180	0
2227	208	0
2228	217	0
2229	195	0
2230	207	0
2231	200	0
2232	185	0
2233	210	0
2234	204	0
2235	188	0
2236	197	0
2237	187	0
2238	200	0
2239	199	0
2240	189	0
2241	196	0
2242	191	0
2243	219	0
2244	206	0
2245	200	0
2246	213	0
2247	206	0
2248	190	0
2249	187	0
2250	186	0
2251	205	0
2252	177	0
2253	216	0
2254	170	0
2255	198	0
2256	189	0
2257	207	0
2258	196	0
2259	209	0
2260	190	0
2261	214	0
2262	216	0
2263	197	0
2264	189	0
2265	165	0
2266	201	0
2267	184	0
2268	172	0
2269	185	0
2270	159	0
2271	182	0
2272	182	0
2273	232	0
2274	183	0
2275	209	0
2276	192	0
2277	184	0
2278	187	0
2279	212	0
2280	208	0
2281	177	0
2282	192	0
2283	173	0
2284	232	0
2285	183	0
2286	207	0
2287	225	0
2288	184	0
2289	210	0
2290	195	0
2291	214	0
2292	201	0
2293	230	0
2294	180	0
2295	199	0
2296	201	0
2297	190	0
2298	210	0
2299	183	0
2300	202	0
2301	204	0
2302	188	0
2303	197	0
2304	179	0
2305	215	0
2306	231	0
2307	202	0
2308	221	0
2309	204	0
2310	173	0
2311	177	0
2312	202	0
2313	201	0
2314	179	0
2315	195	0
2316	184	0
2317	221	0
2318	193	0
2319	203	0
2320	213	0
2321	218	0
2322	221	0
2323	194	0
2324	181	0
2325	175	0
2326	196	0
2327	214	0
2328	166	0
2329	230	0
2330	215	0
2331	193	0
2332	204	0
2333	217	0
2334	202	0
2335	224	0
2336	206	0
2337	210	0
2338	168	0
2339	188	0
2340	206	0
2341	192	0
2342	179	0
2343	219	0
2344	197	0
2345	181	0
2346	211	0
2347	179	0
2348	176	0
2349	184	0
2350	194	0
2351	192	0
2352	203	0
2353	194	0
2354	189	0
2355	209	0
2356	213	0
2357	192	0
2358	189	0
2359	197	0
2360	178	0
2361	192	0
2362	198	0
2363	181	0
2364	179	0
2365	203	0
2366	170	0
2367	177	0
2368	211	0
2369	198	0
2370	196	0
2371	203	0
2372	179	0
2373	202	0
2374	193	0
2375	191	0
2376	190	0
2377	193	0
2378	201	0
2379	171	0
2380	198	0
2381	207	0
2382	214	0
2383	175	0
2384	211	0
2385	174	0
2386	207	0
2387	192	0
2388	191	0
2389	158	0
2390	211	0
2391	208	0
2392	181	0
2393	208	0
2394	198	0
2395	206	0
2396	219	0
2397	201	0
2398	228	0
2399	186	0
2400	211	0
2401	202	0
2402	188	0
2403	218	0
2404	198	0
2405	186	0
2406	199	0
2407	188	0
2408	215	0
2409	193	0
2410	203	0
2411	195	0
2412	198	0
2413	189	0
2414	200	0
2415	191	0
2416	218	0
2417	194	0
2418	199	0
2419	162	0
2420	195	0
2421	199	0
2422	206	0
2423	197	0
2424	203	0
2425	242	0
2426	219	0
2427	181	0
2428	203	0
2429	222	0
2430	184	0
2431	184	0
2432	176	0
2433	214	0
2434	186	0
2435	191	0
2436	189	0
2437	191	0
2438	189	0
2439	199	0
2440	180	0
2441	186	0
2442	220	0
2443	194	0
2444	197	0
2445	177	0
2446	176	0
2447	219	0
2448	201	0
2449	221	0
2450	186	0
2451	197	0
2452	178	0
2453	191	0
2454	204	0
2455	205	0
2456	189	0
2457	189	0
2458	181	0
2459	193	0
2460	199	0
2461	188	0
2462	215	0
2463	189	0
2464	221	0
2465	216	0
2466	211	0
2467	195	0
2468	190	0
2469	201	0
2470	194	0
2471	175	0
2472	183	0
2473	202	0
2474	195	0
2475	189	0
2476	189	0
2477	200	0
2478	205	0
2479	182	0
2480	200	0
2481	186	0
2482	185	0
2483	207	0
2484	215	0
2485	189	0
2486	194	0
2487	199	0
2488	205	0
2489	185	0
2490	184	0
2491	197	0
2492	204	0
2493	192	0
2494	214	0
2495	192	0
2496	185	0
2497	191	0
2498	193	0
2499	198	0
2500	208	0
2501	203	0
2502	206	0
2503	212	0
2504	206	0
2505	188	0
2506	189	0
2507	175	0
2508	213	0
2509	194	0
2510	179	0
2511	181	0
2512	203	0
2513	193	0
2514	194	0
2515	180	0
2516	167	0
2517	183	0
2518	199	0
2519	165	0
2520	220	0
2521	184	0
2522	183	0
2523	181	0
2524	201	0
2525	194	0
2526	219	0
2527	191	0
2528	204	0
2529	196	0
2530	213	0
2531	206	0
2532	204	0
2533	190	0
2534	197	0
2535	214	0
2536	197	0
2537	189	0
2538	207	0
2539	206	0
2540	193	0
2541	201	0
2542	205	0
2543	189	0
2544	208	0
2545	180	0
2546	198	0
2547	194	0
2548	192	0
2549	217	0
2550	210	0
2551	214	0
2552	179	0
2553	194	0
2554	177	0
2555	162	0
2556	191	0
2557	190	0
2558	210	0
2559	197	0
2560	168	0
2561	215	0
2562	197	0
2563	204	0
2564	200	0
2565	198	0
2566	186	0
2567	191	0
2568	190	0
2569	195	0
2570	212	0
2571	168	0
2572	195	0
2573	222	0
2574	204	0
2575	203	0
2576	206	0
2577	184	0
2578	200	0
2579	196	0
2580	200	0
2581	212	0
2582	182	0
2583	189	0
2584	223	0
2585	208	0
2586	209	0
2587	196	0
2588	200	0
2589	203	0
2590	220	0
2591	185	0
2592	183	0
2593	198	0
2594	189	0
2595	215	0
2596	190	0
2597	207	0
2598	179	0
2599	205	0
2600	202	0
2601	242	0
2602	192	0
2603	203	0
2604	193	0
2605	198	0
2606	190	0
2607	224	0
2608	201	0
2609	180	0
2610	185	0
2611	189	0
2612	214	0
2613	193	0
2614	176	0
2615	224	0
2616	198	0
2617	192	0
2618	207	0
2619	221	0
2620	185	0
2621	185	0
2622	189	0
2623	193	0
2624	185	0
2625	230	0
2626	204	0
2627	194	0
2628	182	0
2629	203	0
2630	203	0
2631	229	0
2632	205	0
2633	180	0
2634	185	0
2635	238	0
2636	188	0
2637	186	0
2638	214	0
2639	198	0
2640	200	0
2641	191	0
2642	171	0
2643	204	0
2644	185	0
2645	200	0
2646	196	0
2647	225	0
2648	186	0
2649	186	0
2650	195	0
2651	210	0
2652	210	0
2653	188	0
2654	155	0
2655	198	0
2656	206	0
2657	186	0
2658	210	0
2659	190	0
2660	201	0
2661	185	0
2662	189	0
2663	201	0
2664	214	0
2665	185	0
2666	217	0
2667	194	0
2668	203	0
2669	211	0
2670	178	0
2671	198	0
2672	211	0
2673	220	0
2674	185	0
2675	181	0
2676	184	0
2677	185	0
2678	198	0
2679	190	0
2680	182	0
2681	181	0
2682	217	0
2683	193	0
2684	166	0
2685	175	0
2686	189	0
2687	195	0
2688	191	0
2689	181	0
2690	193	0
2691	218	0
2692	195	0
2693	178	0
2694	190	0
2695	182	0
2696	193	0
2697	209	0
2698	184	0
2699	227	0
2700	186	0
2701	196	0
2702	188	0
2703	207	0
2704	213	0
2705	183	0
2706	221	0
2707	196	0
2708	210	0
2709	199	0
2710	199	0
2711	203	0
2712	200	0
2713	213	0
2714	164	0
2715	207	0
2716	185	0
2717	199	0
2718	209	0
2719	196	0
2720	215	0
2721	191	0
2722	195	0
2723	193	0
2724	206	0
2725	204	0
2726	216	0
2727	202	0
2728	195	0
2729	207	0
2730	200	0
2731	186	0
2732	210	0
2733	176	0
2734	173	0
2735	198	0
2736	191	0
2737	213	0
2738	188	0
2739	190	0
2740	200	0
2741	195	0
2742	188	0
2743	176	0
2744	180	0
2745	188	0
2746	212	0
2747	195	0
2748	202	0
2749	195	0
2750	172	0
2751	200	0
2752	212	0
2753	193	0
2754	214	0
2755	210	0
2756	216	0
2757	207	0
2758	228	0
2759	205	0
2760	189	0
2761	182	0
2762	193	0
2763	166	0
2764	230	0
2765	203	0
2766	209	0
2767	200	0
2768	196	0
2769	190	0
2770	195	0
2771	207	0
2772	161	0
2773	226	0
2774	192	0
2775	212	0
2776	219	0
2777	171	0
2778	175	0
2779	192	0
2780	182	0
2781	175	0
2782	216	0
2783	213	0
2784	214	0
2785	191	0
2786	176	0
2787	178	0
2788	172	0
2789	188	0
2790	202	0
2791	195	0
2792	198	0
2793	182	0
2794	180	0
2795	190	0
2796	189	0
2797	196	0
2798	203	0
2799	203	0
2800	173	0
2801	198	0
2802	180	0
2803	216	0
2804	196	0
2805	194	0
2806	207	0
2807	199	0
2808	207	0
2809	197	0
2810	182	0
2811	185	0
2812	203	0
2813	196	0
2814	210	0
2815	189	0
2816	204	0
2817	205	0
2818	189	0
2819	192	0
2820	196	0
2821	195	0
2822	221	0
2823	209	0
2824	208	0
2825	214	0
2826	194	0
2827	198	0
2828	184	0
2829	204	0
2830	199	0
2831	185	0
2832	213	0
2833	209	0
2834	211	0
2835	209	0
2836	186	0
2837	203	0
2838	216	0
2839	180	0
2840	214	0
2841	191	0
2842	202	0
2843	214	0
2844	188	0
2845	205	0
2846	197	0
2847	193	0
2848	167	0
2849	202	0
2850	199	0
2851	213	0
2852	195	0
2853	203	0
2854	202	0
2855	188	0
2856	194	0
2857	163	0
2858	190	0
2859	209	0
2860	193	0
2861	205	0
2862	214	0
2863	191	0
2864	194	0
2865	187	0
2866	183	0
2867	206	0
2868	190	0
2869	193	0
2870	200	0
2871	193	0
2872	195	0
2873	194	0
2874	216	0
2875	197	0
2876	182	0
2877	196	0
2878	172	0
2879	208	0
2880	205	0
2881	190	0
2882	220	0
2883	185	0
2884	190	0
2885	187	0
2886	190	0
2887	188	0
2888	193	0
2889	209	0
2890	204	0
2891	211	0
2892	196	0
2893	178	0
2894	187	0
2895	204	0
2896	185	0
2897	224	0
2898	189	0
2899	200	0
2900	204	0
2901	186	0
2902	195	0
2903	199	0
2904	170	0
2905	203	0
2906	192	0
2907	199	0
2908	189	0
2909	177	0
2910	206	0
2911	208	0
2912	187	0
2913	215	0
2914	212	0
2915	203	0
2916	201	0
2917	196	0
2918	164	0
2919	199	0
2920	192	0
2921	198	0
2922	200	0
2923	188	0
2924	189	0
2925	206	0
2926	220	0
2927	185	0
2928	208	0
2929	182	0
2930	171	0
2931	203	0
2932	204	0
2933	205	0
2934	200	0
2935	196	0
2936	207	0
2937	167	0
2938	182	0
2939	188	0
2940	208	0
2941	195	0
2942	207	0
2943	215	0
2944	192	0
2945	166	0
2946	183	0
2947	183	0
2948	198	0
2949	198	0
2950	198	0
2951	173	0
2952	175	0
2953	218	0
2954	202	0
2955	203	0
2956	241	0
2957	186	0
2958	213	0
2959	214	0
2960	210	0
2961	170	0
2962	212	0
2963	192	0
2964	215	0
2965	197	0
2966	203	0
2967	194	0
2968	194	0
2969	198	0
2970	184	0
2971	188	0
2972	201	0
2973	205	0
2974	181	0
2975	189	0
2976	194	0
2977	173	0
2978	214	0
2979	167	0
2980	209	0
2981	207	0
2982	209	0
2983	177	0
2984	205	0
2985	194	0
2986	188	0
2987	208	0
2988	197	0
2989	190	0
2990	192	0
2991	210	0
2992	182	0
2993	192	0
2994	200	0
2995	198	0
2996	167	0
2997	199	0
2998	223	0
2999	188	0
3000	196	0
