1	181	0
2	225	0
3	196	0
4	201	0
5	198	0
6	199	0
7	203	0
8	194	0
9	212	0
10	203	0
11	246	0
12	205	0
13	218	0
14	193	0
15	180	0
16	173	0
17	201	0
18	197	0
19	198	0
20	206	0
21	192	0
22	203	0
23	197	0
24	213	0
25	205	0
26	185	0
27	209	0
28	193	0
29	192	0
30	199	0
31	222	0
32	191	0
33	191	0
34	210	0
35	215	0
36	180	0
37	185	0
38	200	0
39	191	0
40	198	0
41	187	0
42	214	0
43	205	0
44	176	0
45	202	0
46	201	0
47	181	0
48	188	0
49	187	0
50	178	0
51	202	0
52	189	0
53	223	0
54	169	0
55	222	0
56	193	0
57	178	0
58	194	0
59	186	0
60	203	0
61	200	0
62	193	0
63	197	0
64	227	0
65	181	0
66	175	0
67	173	0
68	205	0
69	173	0
70	199	0
71	213	0
72	176	0
73	180	0
74	192	0
75	230	0
76	213	0
77	185	0
78	182	0
79	208	0
80	202	0
81	186	0
82	186	0
83	194	0
84	211	0
85	210	0
86	178	0
87	204	0
88	246	0
89	204	0
90	199	0
91	198	0
92	202	0
93	200	0
94	191	0
95	199	0
96	205	0
97	195	0
98	181	0
99	188	0
100	202	0
101	189	0
102	190	0
103	179	0
104	211	0
105	187	0
106	174	0
107	217	0
108	204	0
109	207	0
110	195	0
111	197	0
112	189	0
113	178	0
114	188	0
115	214	0
116	191	0
117	184	0
118	208	0
119	204	0
120	176	0
121	189	0
122	239	0
123	206	0
124	197	0
125	188	0
126	185	0
127	184	0
128	211	0
129	212	0
130	202	0
131	182	0
132	187	0
133	180	0
134	213	0
135	211	0
136	188	0
137	197	0
138	206	0
139	182	0
140	206	0
141	204	0
142	194	0
143	200	0
144	194	0
145	182	0
146	197	0
147	198	0
148	205	0
149	199	0
150	210	0
151	201	0
152	194	0
153	177	0
154	170	0
155	202	0
156	222	0
157	197	0
158	200	0
159	201	0
160	195	0
161	195	0
162	201	0
163	184	0
164	209	0
165	213	0
166	205	0
167	201	0
168	190	0
169	198	0
170	187	0
171	200	0
172	214	0
173	200	0
174	212	0
175	202	0
176	212	0
177	201	0
178	194	0
179	219	0
180	181	0
181	202	0
182	214	0
183	185	0
184	246	0
185	219	0
186	219	0
187	184	0
188	189	0
189	227	0
190	210	0
191	210	0
192	203	0
193	198	0
194	196	0
195	220	0
196	209	0
197	188	0
198	191	0
199	213	0
200	220	0
201	205	0
202	203	0
203	206	0
204	198	0
205	219	0
206	173	0
207	192	0
208	224	0
209	195	0
210	182	0
211	171	0
212	235	0
213	196	0
214	231	0
215	169	0
216	185	0
217	181	0
218	181	0
219	192	0
220	196	0
221	220	0
222	188	0
223	206	0
224	209	0
225	234	0
226	193	0
227	179	0
228	216	0
229	178	0
230	197	0
231	204	0
232	179	0
233	196	0
234	171	0
235	212	0
236	196	0
237	198	0
238	223	0
239	232	0
240	201	0
241	197	0
242	200	0
243	194	0
244	191	0
245	198	0
246	216	0
247	216	0
248	210	0
249	218	0
250	187	0
251	214	0
252	210	0
253	190	0
254	209	0
255	197	0
256	177	0
257	210	0
258	187	0
259	191	0
260	201	0
261	201	0
262	217	0
263	176	0
264	188	0
265	204	0
266	200	0
267	201	0
268	180	0
269	205	0
270	195	0
271	219	0
272	185	0
273	211	0
274	202	0
275	182	0
276	192	0
277	190	0
278	209	0
279	202	0
280	218	0
281	177	0
282	201	0
283	206	0
284	186	0
285	195	0
286	184	0
287	204	0
288	192	0
289	184	0
290	181	0
291	187	0
292	183	0
293	205	0
294	176	0
295	188	0
296	171	0
297	198	0
298	199	0
299	199	0
300	219	0
301	214	0
302	207	0
303	177	0
304	201	0
305	199	0
306	224	0
307	210	0
308	197	0
309	196	0
310	202	0
311	198	0
312	209	0
313	210	0
314	195	0
315	221	0
316	232	0
317	188	0
318	195	0
319	197	0
320	219	0
321	184	0
322	219	0
323	208	0
324	193	0
325	168	0
326	196	0
327	208	0
328	197	0
329	185	0
330	178	0
331	194	0
332	196	0
333	196	0
334	192	0
335	224	0
336	228	0
337	200	0
338	202	0
339	237	0
340	196	0
341	198	0
342	182	0
343	176	0
344	191	0
345	181	0
346	178	0
347	206	0
348	214	0
349	192	0
350	168	0
351	219	0
352	178	0
353	171	0
354	197	0
355	165	0
356	198	0
357	211	0
358	202	0
359	203	0
360	204	0
361	191	0
362	203	0
363	194	0
364	200	0
365	233	0
366	205	0
367	209	0
368	202	0
369	212	0
370	190	0
371	192	0
372	203	0
373	172	0
374	213	0
375	222	0
376	214	0
377	203	0
378	194	0
379	201	0
380	198	0
381	194	0
382	179	0
383	192	0
384	188	0
385	175	0
386	183	0
387	183	0
388	182	0
389	226	0
390	202	0
391	177	0
392	204	0
393	212	0
394	196	0
395	187	0
396	204	0
397	202	0
398	213	0
399	192	0
400	207	0
401	226	0
402	191	0
403	200	0
404	194	0
405	201	0
406	219	0
407	191	0
408	165	0
409	212	0
410	208	0
411	196	0
412	201	0
413	196	0
414	207	0
415	209	0
416	190	0
417	206	0
418	201	0
419	179	0
420	208	0
421	192	0
422	219	0
423	200	0
424	204	0
425	218	0
426	202	0
427	197	0
428	189	0
429	196	0
430	210	0
431	188	0
432	193	0
433	210	0
434	231	0
435	212	0
436	210	0
437	207	0
438	203	0
439	211	0
440	215	0
441	200	0
442	197	0
443	210	0
444	202	0
445	241	0
446	193	0
447	215	0
448	211	0
449	201	0
450	201	0
451	194	0
452	182	0
453	221	0
454	218	0
455	209	0
456	195	0
457	165	0
458	199	0
459	222	0
460	193	0
461	228	0
462	192	0
463	231	0
464	202	0
465	233	0
466	207	0
467	217	0
468	210	0
469	169	0
470	208	0
471	199	0
472	203	0
473	205	0
474	191	0
475	192	0
476	231	0
477	220	0
478	210	0
479	218	0
480	186	0
481	175	0
482	204	0
483	214	0
484	218	0
485	190	0
486	181	0
487	182	0
488	197	0
489	202	0
490	174	0
491	235	0
492	190	0
493	221	0
494	187	0
495	181	0
496	201	0
497	191	0
498	211	0
499	183	0
500	227	0
501	185	0
502	196	0
503	200	0
504	212	0
505	226	0
506	189	0
507	202	0
508	209	0
509	212	0
510	195	0
511	186	0
512	180	0
513	193	0
514	196	0
515	194	0
516	211	0
517	228	0
518	197	0
519	185	0
520	206	0
521	200	0
522	203	0
523	205	0
524	204	0
525	172	0
526	193	0
527	175	0
528	222	0
529	189	0
530	174	0
531	198	0
532	199	0
533	210	0
534	200	0
535	194	0
536	215	0
537	179	0
538	216	0
539	200	0
540	185	0
541	176	0
542	203	0
543	176	0
544	222	0
545	201	0
546	190	0
547	206	0
548	175	0
549	203	0
550	183	0
551	189	0
552	202	0
553	196	0
554	199	0
555	151	0
556	197	0
557	202	0
558	168	0
559	191	0
560	202	0
561	186	0
562	231	0
563	195	0
564	188	0
565	233	0
566	183	0
567	184	0
568	177	0
569	203	0
570	214	0
571	182	0
572	172	0
573	207	0
574	204	0
575	193	0
576	195	0
577	192	0
578	224	0
579	201	0
580	187	0
581	202	0
582	220	0
583	144	0
584	223	0
585	209	0
586	195	0
587	216	0
588	196	0
589	217	0
590	182	0
591	191	0
592	189	0
593	180	0
594	213	0
595	208	0
596	205	0
597	181	0
598	231	0
599	214	0
600	228	0
601	204	0
602	200	0
603	197	0
604	242	0
605	185	0
606	186	0
607	192	0
608	188	0
609	194	0
610	197	0
611	197	0
612	175	0
613	201	0
614	202	0
615	201	0
616	221	0
617	206	0
618	191	0
619	196	0
620	173	0
621	205	0
622	195	0
623	197	0
624	199	0
625	207	0
626	197	0
627	209	0
628	227	0
629	201	0
630	196	0
631	195	0
632	204	0
633	192	0
634	219	0
635	195	0
636	197	0
637	184	0
638	201	0
639	188	0
640	224	0
641	200	0
642	206	0
643	215	0
644	246	0
645	187	0
646	191	0
647	189	0
648	215	0
649	214	0
650	220	0
651	220	0
652	191	0
653	196	0
654	202	0
655	194	0
656	193	0
657	211	0
658	218	0
659	214	0
660	183	0
661	189	0
662	193	0
663	211	0
664	185	0
665	216	0
666	223	0
667	198	0
668	170	0
669	201	0
670	204	0
671	217	0
672	183	0
673	214	0
674	203	0
675	200	0
676	202	0
677	207	0
678	212	0
679	205	0
680	220	0
681	200	0
682	205	0
683	206	0
684	212	0
685	182	0
686	194	0
687	191	0
688	189	0
689	195	0
690	197	0
691	201	0
692	198	0
693	205	0
694	197	0
695	230	0
696	206	0
697	205	0
698	225	0
699	160	0
700	176	0
701	212	0
702	184	0
703	201	0
704	178	0
705	192	0
706	196	0
707	206	0
708	214	0
709	214	0
710	188	0
711	211	0
712	178	0
713	162	0
714	216	0
715	187	0
716	228	0
717	182	0
718	219	0
719	183	0
720	227	0
721	176	0
722	207	0
723	206	0
724	176	0
725	198	0
726	200	0
727	181	0
728	190	0
729	191	0
730	172	0
731	206	0
732	194	0
733	198	0
734	201	0
735	194	0
736	189	0
737	210	0
738	185	0
739	201	0
740	196	0
741	215	0
742	184	0
743	198	0
744	209	0
745	174	0
746	188	0
747	190	0
748	190	0
749	220	0
750	202	0
751	212	0
752	225	0
753	192	0
754	200	0
755	215	0
756	180	0
757	197	0
758	179	0
759	210	0
760	207	0
761	210	0
762	206	0
763	214	0
764	217	0
765	208	0
766	195	0
767	180	0
768	201	0
769	235	0
770	197	0
771	177	0
772	205	0
773	232	0
774	201	0
775	221	0
776	202	0
777	206	0
778	192	0
779	189	0
780	205	0
781	207	0
782	186	0
783	178	0
784	223	0
785	201	0
786	194	0
787	202	0
788	201	0
789	223	0
790	198	0
791	207	0
792	205	0
793	180	0
794	186	0
795	219	0
796	175	0
797	159	0
798	190	0
799	213	0
800	199	0
801	196	0
802	225	0
803	192	0
804	184	0
805	197	0
806	214	0
807	201	0
808	185	0
809	197	0
810	199	0
811	169	0
812	215	0
813	173	0
814	194	0
815	223	0
816	178	0
817	187	0
818	203	0
819	188	0
820	202	0
821	222	0
822	184	0
823	191	0
824	214	0
825	241	0
826	205	0
827	195	0
828	175	0
829	183	0
830	199	0
831	172	0
832	179	0
833	215	0
834	194	0
835	186	0
836	189	0
837	194	0
838	217	0
839	180	0
840	194	0
841	200	0
842	213	0
843	222	0
844	207	0
845	202	0
846	192	0
847	201	0
848	217	0
849	224	0
850	189	0
851	205	0
852	162	0
853	199	0
854	203	0
855	195	0
856	194	0
857	203	0
858	192	0
859	206	0
860	204	0
861	221	0
862	207	0
863	153	0
864	210	0
865	224	0
866	199	0
867	199	0
868	221	0
869	189	0
870	206	0
871	212	0
872	204	0
873	193	0
874	187	0
875	198	0
876	195	0
877	200	0
878	223	0
879	227	0
880	224	0
881	218	0
882	201	0
883	192	0
884	201	0
885	181	0
886	199	0
887	205	0
888	182	0
889	190	0
890	182	0
891	196	0
892	202	0
893	194	0
894	209	0
895	195	0
896	209	0
897	234	0
898	204	0
899	177	0
900	186	0
901	229	0
902	182	0
903	181	0
904	180	0
905	192	0
906	220	0
907	183	0
908	201	0
909	185	0
910	201	0
911	176	0
912	189	0
913	198	0
914	196	0
915	191	0
916	197	0
917	215	0
918	212	0
919	212	0
920	177	0
921	170	0
922	209	0
923	232	0
924	209	0
925	188	0
926	216	0
927	205	0
928	206	0
929	197	0
930	187	0
931	178	0
932	221	0
933	191	0
934	179	0
935	197	0
936	220	0
937	191	0
938	204	0
939	231	0
940	225	0
941	189	0
942	181	0
943	193	0
944	214	0
945	187	0
946	220	0
947	189	0
948	206	0
949	204	0
950	242	0
951	196	0
952	192	0
953	220	0
954	188	0
955	206	0
956	207	0
957	228	0
958	192	0
959	197	0
960	199	0
961	198	0
962	199	0
963	188	0
964	210	0
965	193	0
966	196	0
967	206	0
968	201	0
969	185	0
970	199	0
971	213	0
972	171	0
973	197	0
974	198	0
975	191	0
976	205	0
977	191	0
978	211	0
979	184	0
980	172	0
981	192	0
982	209	0
983	204	0
984	172	0
985	184	0
986	195	0
987	189	0
988	192	0
989	190	0
990	199	0
991	208	0
992	204	0
993	215	0
994	196	0
995	197	0
996	192	0
997	211	0
998	185	0
999	201	0
1000	219	0
1001	181	0
1002	200	0
1003	198	0
1004	174	0
1005	201	0
1006	179	0
1007	209	0
1008	229	0
1009	230	0
1010	194	0
1011	194	0
1012	202	0
1013	182	0
1014	210	0
1015	233	0
1016	238	0
1017	197	0
1018	181	0
1019	182	0
1020	200	0
1021	205	0
1022	192	0
1023	194	0
1024	211	0
1025	216	0
1026	200	0
1027	232	0
1028	187	0
1029	204	0
1030	168	0
1031	226	0
1032	188	0
1033	201	0
1034	195	0
1035	174	0
1036	174	0
1037	190	0
1038	196	0
1039	202	0
1040	204	0
1041	218	0
1042	211	0
1043	189	0
1044	214	0
1045	193	0
1046	210	0
1047	238	0
1048	180	0
1049	191	0
1050	200	0
1051	199	0
1052	162	0
1053	221	0
1054	195	0
1055	182	0
1056	194	0
1057	224	0
1058	178	0
1059	220	0
1060	204	0
1061	183	0
1062	199	0
1063	205	0
1064	227	0
1065	196	0
1066	180	0
1067	187	0
1068	211	0
1069	194	0
1070	199	0
1071	198	0
1072	167	0
1073	183	0
1074	198	0
1075	196	0
1076	194	0
1077	190	0
1078	187	0
1079	184	0
1080	186	0
1081	196	0
1082	224	0
1083	196	0
1084	200	0
1085	199	0
1086	189	0
1087	215	0
1088	202	0
1089	197	0
1090	176	0
1091	215	0
1092	202	0
1093	192	0
1094	191	0
1095	211	0
1096	181	0
1097	204	0
1098	210	0
1099	213	0
1100	187	0
1101	176	0
1102	177	0
1103	199	0
1104	225	0
1105	208	0
1106	201	0
1107	224	0
1108	200	0
1109	190	0
1110	197	0
1111	200	0
1112	197	0
1113	207	0
1114	212	0
1115	203	0
1116	196	0
1117	202	0
1118	203	0
1119	197	0
1120	195	0
1121	189	0
1122	195	0
1123	202	0
1124	207	0
1125	196	0
1126	197	0
1127	199	0
1128	216	0
1129	209	0
1130	197	0
1131	176	0
1132	185	0
1133	188	0
1134	188	0
1135	184	0
1136	227	0
1137	229	0
1138	197	0
1139	194	0
1140	195	0
1141	189	0
1142	196	0
1143	184	0
1144	217	0
1145	208	0
1146	222	0
1147	182	0
1148	216	0
1149	221	0
1150	206	0
1151	185	0
1152	210	0
1153	196	0
1154	192	0
1155	206	0
1156	214	0
1157	217	0
1158	181	0
1159	194	0
1160	213	0
1161	210	0
1162	206	0
1163	200	0
1164	226	0
1165	187	0
1166	222	0
1167	198	0
1168	191	0
1169	179	0
1170	185	0
1171	186	0
1172	213	0
1173	234	0
1174	172	0
1175	201	0
1176	203	0
1177	192	0
1178	190	0
1179	205	0
1180	217	0
1181	187	0
1182	198	0
1183	202	0
1184	187	0
1185	188	0
1186	210	0
1187	190	0
1188	179	0
1189	200	0
1190	207	0
1191	200	0
1192	196	0
1193	241	0
1194	210	0
1195	208	0
1196	215	0
1197	178	0
1198	201	0
1199	179	0
1200	180	0
1201	208	0
1202	171	0
1203	201	0
1204	192	0
1205	212	0
1206	176	0
1207	213	0
1208	191	0
1209	212	0
1210	194	0
1211	192	0
1212	182	0
1213	182	0
1214	200	0
1215	212	0
1216	209	0
1217	191	0
1218	190	0
1219	219	0
1220	187	0
1221	197	0
1222	189	0
1223	216	0
1224	179	0
1225	192	0
1226	222	0
1227	203	0
1228	198	0
1229	237	0
1230	219	0
1231	177	0
1232	193	0
1233	186	0
1234	181	0
1235	190	0
1236	196	0
1237	181	0
1238	205	0
1239	200	0
1240	202	0
1241	204	0
1242	178	0
1243	228	0
1244	223	0
1245	212	0
1246	205	0
1247	195	0
1248	185	0
1249	205	0
1250	184	0
1251	195	0
1252	195	0
1253	207	0
1254	195	0
1255	195	0
1256	203	0
1257	203	0
1258	186	0
1259	208	0
1260	204	0
1261	211	0
1262	217	0
1263	189	0
1264	214	0
1265	194	0
1266	210	0
1267	221	0
1268	194	0
1269	214	0
1270	217	0
1271	218	0
1272	178	0
1273	189	0
1274	214	0
1275	232	0
1276	202	0
1277	172	0
1278	190	0
1279	210	0
1280	186	0
1281	194	0
1282	220	0
1283	183	0
1284	183	0
1285	183	0
1286	199	0
1287	196	0
1288	166	0
1289	189	0
1290	194	0
1291	200	0
1292	208	0
1293	207	0
1294	179	0
1295	209	0
1296	180	0
1297	193	0
1298	219	0
1299	208	0
1300	217	0
1301	205	0
1302	177	0
1303	209	0
1304	214	0
1305	201	0
1306	215	0
1307	220	0
1308	204	0
1309	215	0
1310	204	0
1311	220	0
1312	188	0
1313	176	0
1314	233	0
1315	226	0
1316	218	0
1317	173	0
1318	187	0
1319	213	0
1320	176	0
1321	192	0
1322	165	0
1323	184	0
1324	208	0
1325	211	0
1326	193	0
1327	189	0
1328	185	0
1329	183	0
1330	186	0
1331	210	0
1332	191	0
1333	195	0
1334	213	0
1335	207	0
1336	206	0
1337	187	0
1338	189	0
1339	191	0
1340	205	0
1341	207	0
1342	201	0
1343	206	0
1344	196	0
1345	197	0
1346	196	0
1347	200	0
1348	193	0
1349	194	0
1350	210	0
1351	183	0
1352	219	0
1353	193	0
1354	182	0
1355	170	0
1356	202	0
1357	188	0
1358	192	0
1359	230	0
1360	186	0
1361	179	0
1362	165	0
1363	209	0
1364	181	0
1365	190	0
1366	178	0
1367	185	0
1368	212	0
1369	184	0
1370	186	0
1371	215	0
1372	205	0
1373	207	0
1374	216	0
1375	212	0
1376	213	0
1377	185	0
1378	197	0
1379	198	0
1380	206	0
1381	199	0
1382	208	0
1383	171	0
1384	200	0
1385	195	0
1386	177	0
1387	171	0
1388	177	0
1389	209	0
1390	207	0
1391	208	0
1392	182	0
1393	195	0
1394	223	0
1395	206	0
1396	172	0
1397	197	0
1398	181	0
1399	230	0
1400	176	0
1401	246	0
1402	197	0
1403	188	0
1404	193	0
1405	217	0
1406	197	0
1407	180	0
1408	204	0
1409	202	0
1410	224	0
1411	189	0
1412	178	0
1413	199	0
1414	224	0
1415	190	0
1416	170	0
1417	179	0
1418	193	0
1419	218	0
1420	196	0
1421	180	0
1422	217	0
1423	185	0
1424	202	0
1425	189	0
1426	196	0
1427	210	0
1428	196	0
1429	218	0
1430	202	0
1431	211	0
1432	206	0
1433	196	0
1434	179	0
1435	189	0
1436	205	0
1437	201	0
1438	213	0
1439	191	0
1440	196	0
1441	234	0
1442	178	0
1443	213	0
1444	221	0
1445	206	0
1446	186	0
1447	202	0
1448	181	0
1449	191	0
1450	180	0
1451	201	0
1452	203	0
1453	238	0
1454	166	0
1455	207	0
1456	211	0
1457	206	0
1458	221	0
1459	190	0
1460	199	0
1461	187	0
1462	234	0
1463	191	0
1464	198	0
1465	190	0
1466	191	0
1467	186	0
1468	201	0
1469	203	0
1470	181	0
1471	211	0
1472	212	0
1473	221	0
1474	196	0
1475	181	0
1476	211	0
1477	203	0
1478	201	0
1479	196	0
1480	205	0
1481	223	0
1482	186	0
1483	181	0
1484	213	0
1485	189	0
1486	194	0
1487	216	0
1488	198	0
1489	226	0
1490	201	0
1491	196	0
1492	216	0
1493	200	0
1494	180	0
1495	213	0
1496	212	0
1497	194	0
1498	191	0
1499	222	0
1500	225	0
1501	189	0
1502	202	0
1503	197	0
1504	202	0
1505	214	0
1506	209	0
1507	227	0
1508	206	0
1509	209	0
1510	183	0
1511	189	0
1512	203	0
1513	195	0
1514	181	0
1515	211	0
1516	187	0
1517	194	0
1518	197	0
1519	208	0
1520	230	0
1521	196	0
1522	197	0
1523	177	0
1524	228	0
1525	196	0
1526	227	0
1527	221	0
1528	204	0
1529	187	0
1530	214	0
1531	208	0
1532	212	0
1533	194	0
1534	195	0
1535	207	0
1536	217	0
1537	208	0
1538	205	0
1539	174	0
1540	210	0
1541	208	0
1542	181	0
1543	190	0
1544	213	0
1545	171	0
1546	230	0
1547	200	0
1548	199	0
1549	172	0
1550	216	0
1551	188	0
1552	172	0
1553	202	0
1554	190	0
1555	183	0
1556	190	0
1557	221	0
1558	180	0
1559	219	0
1560	188	0
1561	173	0
1562	199	0
1563	203	0
1564	202	0
1565	176	0
1566	185	0
1567	198	0
1568	216	0
1569	200	0
1570	202	0
1571	227	0
1572	184	0
1573	197	0
1574	189	0
1575	223	0
1576	191	0
1577	220	0
1578	206	0
1579	181	0
1580	208	0
1581	187	0
1582	168	0
1583	223	0
1584	207	0
1585	199	0
1586	200	0
1587	188	0
1588	185	0
1589	200	0
1590	234	0
1591	200	0
1592	216	0
1593	210	0
1594	202	0
1595	191	0
1596	198	0
1597	203	0
1598	199	0
1599	197	0
1600	204	0
1601	198	0
1602	192	0
1603	207	0
1604	207	0
1605	223	0
1606	201	0
1607	214	0
1608	203	0
1609	199	0
1610	176	0
1611	202	0
1612	215	0
1613	208	0
1614	188	0
1615	204	0
1616	184	0
1617	201	0
1618	224	0
1619	180	0
1620	197	0
1621	217	0
1622	221	0
1623	215	0
1624	222	0
1625	169	0
1626	204	0
1627	195	0
1628	209	0
1629	190	0
1630	191	0
1631	181	0
1632	216	0
1633	227	0
1634	217	0
1635	210	0
1636	218	0
1637	207	0
1638	200	0
1639	195	0
1640	198	0
1641	197	0
1642	203	0
1643	216	0
1644	190	0
1645	155	0
1646	190	0
1647	211	0
1648	185	0
1649	202	0
1650	191	0
1651	219	0
1652	189	0
1653	186	0
1654	197	0
1655	217	0
1656	200	0
1657	182	0
1658	180	0
1659	197	0
1660	188	0
1661	192	0
1662	207	0
1663	194	0
1664	193	0
1665	202	0
1666	197	0
1667	211	0
1668	181	0
1669	229	0
1670	199	0
1671	190	0
1672	202	0
1673	168	0
1674	200	0
1675	188	0
1676	197	0
1677	212	0
1678	197	0
1679	211	0
1680	199	0
1681	196	0
1682	168	0
1683	228	0
1684	212	0
1685	209	0
1686	168	0
1687	184	0
1688	179	0
1689	191	0
1690	196	0
1691	191	0
1692	215	0
1693	194	0
1694	195	0
1695	169	0
1696	196	0
1697	186	0
1698	209	0
1699	216	0
1700	193	0
1701	188	0
1702	218	0
1703	203	0
1704	179	0
1705	241	0
1706	203	0
1707	224	0
1708	216	0
1709	192	0
1710	190	0
1711	197	0
1712	189	0
1713	176	0
1714	183	0
1715	193	0
1716	161	0
1717	192	0
1718	197	0
1719	197	0
1720	203	0
1721	185	0
1722	193	0
1723	211	0
1724	194	0
1725	176	0
1726	181	0
1727	201	0
1728	191	0
1729	210	0
1730	181	0
1731	183	0
1732	185	0
1733	176	0
1734	198	0
1735	197	0
1736	195	0
1737	177	0
1738	211	0
1739	213	0
1740	203	0
1741	175	0
1742	190	0
1743	215	0
1744	190	0
1745	203	0
1746	218	0
1747	194	0
1748	164	0
1749	207	0
1750	218	0
1751	180	0
1752	183	0
1753	204	0
1754	214	0
1755	236	0
1756	187	0
1757	198	0
1758	221	0
1759	195	0
1760	196	0
1761	185	0
1762	185	0
1763	180	0
1764	185	0
1765	191	0
1766	195	0
1767	186	0
1768	175	0
1769	180	0
1770	207	0
1771	198	0
1772	181	0
1773	199	0
1774	209	0
1775	225	0
1776	174	0
1777	193	0
1778	207	0
1779	217	0
1780	212	0
1781	223	0
1782	215	0
1783	201	0
1784	211	0
1785	212	0
1786	233	0
1787	199	0
1788	187	0
1789	186	0
1790	218	0
1791	183	0
1792	215	0
1793	192	0
1794	201	0
1795	199	0
1796	196	0
1797	199	0
1798	214	0
1799	178	0
1800	199	0
1801	184	0
1802	200	0
1803	192	0
1804	210	0
1805	188	0
1806	197	0
1807	183	0
1808	206	0
1809	195	0
1810	191	0
1811	190	0
1812	204	0
1813	184	0
1814	202	0
1815	189	0
1816	223	0
1817	199	0
1818	210	0
1819	199	0
1820	192	0
1821	197	0
1822	190	0
1823	189	0
1824	235	0
1825	185	0
1826	199	0
1827	195	0
1828	207	0
1829	199	0
1830	189	0
1831	197	0
1832	193	0
1833	179	0
1834	203	0
1835	216	0
1836	188	0
1837	200	0
1838	205	0
1839	196	0
1840	193	0
1841	214	0
1842	192	0
1843	211	0
1844	185	0
1845	211	0
1846	206	0
1847	197	0
1848	183	0
1849	194	0
1850	189	0
1851	211	0
1852	169	0
1853	200	0
1854	213	0
1855	197	0
1856	207	0
1857	209	0
1858	189	0
1859	198	0
1860	184	0
1861	194	0
1862	200	0
1863	199	0
1864	194	0
1865	186	0
1866	218	0
1867	200	0
1868	188	0
1869	173	0
1870	181	0
1871	205	0
1872	234	0
1873	183	0
1874	200	0
1875	205	0
1876	199	0
1877	194	0
1878	199	0
1879	196	0
1880	195	0
1881	200	0
1882	207	0
1883	211	0
1884	205	0
1885	203	0
1886	187	0
1887	179	0
1888	191	0
1889	198	0
1890	194	0
1891	198	0
1892	196	0
1893	199	0
1894	210	0
1895	167	0
1896	201	0
1897	203	0
1898	191	0
1899	190	0
1900	191	0
1901	195	0
1902	186	0
1903	184	0
1904	195	0
1905	196	0
1906	192	0
1907	195	0
1908	188	0
1909	203	0
1910	218	0
1911	201	0
1912	173	0
1913	219	0
1914	215	0
1915	174	0
1916	152	0
1917	188	0
1918	180	0
1919	187	0
1920	197	0
1921	191	0
1922	199	0
1923	194	0
1924	194	0
1925	210	0
1926	188	0
1927	227	0
1928	203	0
1929	195	0
1930	212	0
1931	193	0
1932	197	0
1933	193	0
1934	211	0
1935	196	0
1936	201	0
1937	204	0
1938	195	0
1939	178	0
1940	205	0
1941	193	0
1942	210	0
1943	220	0
1944	204	0
1945	180	0
1946	213	0
1947	179	0
1948	192	0
1949	182	0
1950	202	0
1951	212	0
1952	191	0
1953	166	0
1954	210	0
1955	220	0
1956	182	0
1957	204	0
1958	209	0
1959	171	0
1960	206	0
1961	183	0
1962	235	0
1963	209	0
1964	196	0
1965	218	0
1966	192	0
1967	223	0
1968	220	0
1969	191	0
1970	243	0
1971	198	0
1972	186	0
1973	177	0
1974	176	0
1975	201	0
1976	189	0
1977	222	0
1978	200	0
1979	197	0
1980	225	0
1981	189	0
1982	204	0
1983	196	0
1984	225	0
1985	221	0
1986	197	0
1987	226	0
1988	203	0
1989	193	0
1990	172	0
1991	224	0
1992	171	0
1993	207	0
1994	202	0
1995	190	0
1996	178	0
1997	216	0
1998	209	0
1999	201	0
2000	197	0
2001	184	0
2002	217	0
2003	189	0
2004	191	0
2005	221	0
2006	190	0
2007	186	0
2008	194	0
2009	207	0
2010	194	0
2011	225	0
2012	200	0
2013	199	0
2014	222	0
2015	220	0
2016	224	0
2017	194	0
2018	215	0
2019	206	0
2020	190	0
2021	179	0
2022	219	0
2023	215	0
2024	199	0
2025	181	0
2026	182	0
2027	195	0
2028	182	0
2029	193	0
2030	220	0
2031	214	0
2032	196	0
2033	192	0
2034	213	0
2035	195	0
2036	210	0
2037	207	0
2038	207	0
2039	226	0
2040	196	0
2041	220	0
2042	177	0
2043	192	0
2044	208	0
2045	207	0
2046	194	0
2047	194	0
2048	189	0
2049	196	0
2050	201	0
2051	195	0
2052	215	0
2053	207	0
2054	184	0
2055	178	0
2056	204	0
2057	177	0
2058	196	0
2059	217	0
2060	182	0
2061	199	0
2062	201	0
2063	176	0
2064	213	0
2065	216	0
2066	221	0
2067	195	0
2068	198	0
2069	197	0
2070	189	0
2071	190	0
2072	203	0
2073	221	0
2074	202	0
2075	198	0
2076	176	0
2077	193	0
2078	190	0
2079	210	0
2080	210	0
2081	183	0
2082	198	0
2083	191	0
2084	183	0
2085	190	0
2086	197	0
2087	206	0
2088	209	0
2089	187	0
2090	213	0
2091	204	0
2092	191	0
2093	177	0
2094	230	0
2095	189	0
2096	199	0
2097	194	0
2098	222	0
2099	199	0
2100	192	0
2101	227	0
2102	196	0
2103	180	0
2104	191	0
2105	173	0
2106	212	0
2107	200	0
2108	189	0
2109	188	0
2110	182	0
2111	167	0
2112	198	0
2113	197	0
2114	199	0
2115	197	0
2116	190	0
2117	182	0
2118	193	0
2119	206	0
2120	217	0
2121	182	0
2122	200	0
2123	234	0
2124	215	0
2125	205	0
2126	220	0
2127	201	0
2128	190	0
2129	180	0
2130	182	0
2131	191	0
2132	214	0
2133	201	0
2134	206	0
2135	189	0
2136	197	0
2137	182	0
2138	188	0
2139	209	0
2140	167	0
2141	207	0
2142	204	0
2143	189	0
2144	198	0
2145	179	0
2146	216	0
2147	179	0
2148	190	0
2149	189	0
2150	189	0
2151	187	0
2152	194	0
2153	183	0
2154	185	0
2155	197	0
2156	213	0
2157	210	0
2158	192	0
2159	194	0
2160	207	0
2161	197	0
2162	188	0
2163	187	0
2164	193	0
2165	215	0
2166	174	0
2167	203	0
2168	176	0
2169	212	0
2170	221	0
2171	205	0
2172	193	0
2173	215	0
2174	207	0
2175	208	0
2176	191	0
2177	199	0
2178	196	0
2179	212	0
2180	217	0
2181	201	0
2182	211	0
2183	177	0
2184	183	0
2185	207	0
2186	199	0
2187	182	0
2188	189	0
2189	192	0
2190	191	0
2191	173	0
2192	200	0
2193	204	0
2194	188	0
2195	235	0
2196	193	0
2197	179	0
2198	212	0
2199	188	0
2200	213	0
2201	206	0
2202	187	0
2203	194	0
2204	173	0
2205	204	0
2206	215	0
2207	202	0
2208	191	0
2209	210	0
2210	191	0
2211	190	0
2212	196	0
2213	181	0
2214	182	0
2215	207	0
2216	250	0
2217	205	0
2218	194	0
2219	194	0
2220	194	0
2221	184	0
2222	191	0
2223	191	0
2224	213	0
2225	220	0
2226	192	0
2227	213	0
2228	199	0
2229	208	0
2230	201	0
2231	203	0
2232	232	0
2233	205	0
2234	198	0
2235	180	0
2236	207	0
2237	184	0
2238	190	0
2239	192	0
2240	186	0
2241	178	0
2242	213	0
2243	193	0
2244	195	0
2245	193	0
2246	212	0
2247	212	0
2248	177	0
2249	204	0
2250	202	0
2251	202	0
2252	179	0
2253	214	0
2254	199	0
2255	205	0
2256	208	0
2257	195	0
2258	200	0
2259	210	0
2260	210	0
2261	202	0
2262	199	0
2263	222	0
2264	206	0
2265	204	0
2266	182	0
2267	229	0
2268	186	0
2269	221	0
2270	194	0
2271	217	0
2272	187	0
2273	197	0
2274	205	0
2275	207	0
2276	205	0
2277	203	0
2278	203	0
2279	196	0
2280	201	0
2281	179	0
2282	202	0
2283	210	0
2284	197	0
2285	194	0
2286	233	0
2287	201	0
2288	189	0
2289	213	0
2290	211	0
2291	190	0
2292	238	0
2293	211	0
2294	213	0
2295	193	0
2296	202	0
2297	208	0
2298	185	0
2299	189	0
2300	206	0
2301	227	0
2302	201	0
2303	207	0
2304	199	0
2305	192	0
2306	202	0
2307	208	0
2308	188	0
2309	206	0
2310	196	0
2311	222	0
2312	195	0
2313	201	0
2314	197	0
2315	197	0
2316	204	0
2317	219	0
2318	192	0
2319	206	0
2320	191	0
2321	195	0
2322	206	0
2323	215	0
2324	204	0
2325	212	0
2326	178	0
2327	199	0
2328	211	0
2329	191	0
2330	208	0
2331	214	0
2332	182	0
2333	189	0
2334	220	0
2335	185	0
2336	190	0
2337	225	0
2338	196	0
2339	241	0
2340	198	0
2341	208	0
2342	190	0
2343	196	0
2344	216	0
2345	195	0
2346	198	0
2347	185	0
2348	198	0
2349	216	0
2350	201	0
2351	184	0
2352	193	0
2353	237	0
2354	214	0
2355	172	0
2356	201	0
2357	209	0
2358	203	0
2359	218	0
2360	175	0
2361	194	0
2362	194	0
2363	207	0
2364	183	0
2365	196	0
2366	199	0
2367	190	0
2368	208	0
2369	193	0
2370	214	0
2371	199	0
2372	213	0
2373	222	0
2374	160	0
2375	216	0
2376	223	0
2377	216	0
2378	194	0
2379	202	0
2380	201	0
2381	223	0
2382	189	0
2383	187	0
2384	207	0
2385	211	0
2386	192	0
2387	209	0
2388	207	0
2389	178	0
2390	191	0
2391	186	0
2392	203	0
2393	192	0
2394	201	0
2395	205	0
2396	224	0
2397	222	0
2398	190	0
2399	225	0
2400	198	0
2401	197	0
2402	222	0
2403	203	0
2404	196	0
2405	185	0
2406	201	0
2407	215	0
2408	181	0
2409	190	0
2410	190	0
2411	218	0
2412	170	0
2413	206	0
2414	213	0
2415	179	0
2416	204	0
2417	209	0
2418	211	0
2419	198	0
2420	217	0
2421	186	0
2422	185	0
2423	198	0
2424	217	0
2425	226	0
2426	220	0
2427	200	0
2428	194	0
2429	205	0
2430	193	0
2431	192	0
2432	207	0
2433	193	0
2434	213	0
2435	183	0
2436	202	0
2437	216	0
2438	212	0
2439	204	0
2440	210	0
2441	231	0
2442	205	0
2443	192	0
2444	190	0
2445	186	0
2446	192	0
2447	224	0
2448	208	0
2449	186	0
2450	188	0
2451	196	0
2452	206	0
2453	179	0
2454	200	0
2455	186	0
2456	206	0
2457	198	0
2458	192	0
2459	224	0
2460	198	0
2461	187	0
2462	190	0
2463	187	0
2464	203	0
2465	172	0
2466	197	0
2467	193	0
2468	199	0
2469	208	0
2470	205	0
2471	205	0
2472	192	0
2473	205	0
2474	205	0
2475	190	0
2476	209	0
2477	185	0
2478	210	0
2479	199	0
2480	208	0
2481	215	0
2482	205	0
2483	215	0
2484	196	0
2485	211	0
2486	177	0
2487	199	0
2488	206	0
2489	198	0
2490	195	0
2491	199	0
2492	185	0
2493	198	0
2494	195	0
2495	231	0
2496	188	0
2497	194	0
2498	222	0
2499	216	0
2500	175	0
2501	200	0
2502	190	0
2503	202	0
2504	195	0
2505	208	0
2506	222	0
2507	169	0
2508	199	0
2509	210	0
2510	221	0
2511	207	0
2512	189	0
2513	208	0
2514	185	0
2515	192	0
2516	192	0
2517	200	0
2518	210	0
2519	191	0
2520	205	0
2521	198	0
2522	186	0
2523	222	0
2524	201	0
2525	210	0
2526	185	0
2527	221	0
2528	185	0
2529	180	0
2530	207	0
2531	179	0
2532	172	0
2533	205	0
2534	207	0
2535	193	0
2536	169	0
2537	185	0
2538	185	0
2539	183	0
2540	181	0
2541	186	0
2542	188	0
2543	178	0
2544	211	0
2545	182	0
2546	208	0
2547	205	0
2548	203	0
2549	218	0
2550	184	0
2551	195	0
2552	177	0
2553	196	0
2554	204	0
2555	213	0
2556	178	0
2557	203	0
2558	206	0
2559	189	0
2560	207	0
2561	197	0
2562	184	0
2563	212	0
2564	164	0
2565	205	0
2566	221	0
2567	186	0
2568	210	0
2569	207	0
2570	204	0
2571	180	0
2572	214	0
2573	208	0
2574	183	0
2575	178	0
2576	211	0
2577	211	0
2578	190	0
2579	179	0
2580	193	0
2581	190	0
2582	205	0
2583	195	0
2584	213	0
2585	197	0
2586	194	0
2587	201	0
2588	198	0
2589	210	0
2590	200	0
2591	167	0
2592	199	0
2593	216	0
2594	212	0
2595	200	0
2596	181	0
2597	180	0
2598	199	0
2599	210	0
2600	189	0
2601	197	0
2602	181	0
2603	195	0
2604	205	0
2605	188	0
2606	219	0
2607	194	0
2608	225	0
2609	208	0
2610	207	0
2611	221	0
2612	196	0
2613	199	0
2614	196	0
2615	200	0
2616	219	0
2617	192	0
2618	184	0
2619	174	0
2620	229	0
2621	182	0
2622	188	0
2623	199	0
2624	202	0
2625	168	0
2626	221	0
2627	211	0
2628	187	0
2629	205	0
2630	205	0
2631	215	0
2632	214	0
2633	193	0
2634	200	0
2635	191	0
2636	205	0
2637	221	0
2638	194	0
2639	190	0
2640	207	0
2641	199	0
2642	224	0
2643	177	0
2644	187	0
2645	229	0
2646	198	0
2647	203	0
2648	187	0
2649	227	0
2650	231	0
2651	187	0
2652	203	0
2653	216	0
2654	194	0
2655	190	0
2656	191	0
2657	202	0
2658	199	0
2659	203	0
2660	199	0
2661	180	0
2662	176	0
2663	209	0
2664	220	0
2665	199	0
2666	186	0
2667	218	0
2668	221	0
2669	230	0
2670	212	0
2671	195	0
2672	223	0
2673	215	0
2674	204	0
2675	212	0
2676	174	0
2677	189	0
2678	200	0
2679	236	0
2680	208	0
2681	193	0
2682	234	0
2683	165	0
2684	182	0
2685	205	0
2686	215	0
2687	185	0
2688	200	0
2689	192	0
2690	170	0
2691	203	0
2692	209	0
2693	219	0
2694	176	0
2695	216	0
2696	192	0
2697	182	0
2698	212	0
2699	211	0
2700	214	0
2701	176	0
2702	214	0
2703	196	0
2704	183	0
2705	198	0
2706	218	0
2707	193	0
2708	200	0
2709	201	0
2710	195	0
2711	225	0
2712	211	0
2713	199	0
2714	187	0
2715	186	0
2716	198	0
2717	190	0
2718	194	0
2719	186	0
2720	218	0
2721	205	0
2722	200	0
2723	174	0
2724	202	0
2725	209	0
2726	203	0
2727	209	0
2728	203	0
2729	212	0
2730	211	0
2731	191	0
2732	207	0
2733	197	0
2734	221	0
2735	195	0
2736	180	0
2737	213	0
2738	210	0
2739	185	0
2740	193	0
2741	223	0
2742	236	0
2743	202	0
2744	183	0
2745	196	0
2746	216	0
2747	194	0
2748	206	0
2749	202	0
2750	183	0
2751	216	0
2752	195	0
2753	206	0
2754	202	0
2755	190	0
2756	189	0
2757	182	0
2758	206	0
2759	204	0
2760	205	0
2761	211	0
2762	211	0
2763	187	0
2764	203	0
2765	196	0
2766	199	0
2767	208	0
2768	224	0
2769	185	0
2770	207	0
2771	216	0
2772	198	0
2773	185	0
2774	211	0
2775	205	0
2776	190	0
2777	191	0
2778	214	0
2779	202	0
2780	203	0
2781	191	0
2782	201	0
2783	208	0
2784	198	0
2785	213	0
2786	211	0
2787	202	0
2788	176	0
2789	196	0
2790	210	0
2791	198	0
2792	187	0
2793	197	0
2794	206	0
2795	216	0
2796	197	0
2797	173	0
2798	192	0
2799	190	0
2800	200	0
2801	187	0
2802	179	0
2803	186	0
2804	217	0
2805	181	0
2806	185	0
2807	199	0
2808	213	0
2809	221	0
2810	175	0
2811	207	0
2812	207	0
2813	220	0
2814	164	0
2815	167	0
2816	193	0
2817	210	0
2818	215	0
2819	203	0
2820	232	0
2821	200	0
2822	202	0
2823	214	0
2824	180	0
2825	203	0
2826	199	0
2827	188	0
2828	192	0
2829	202	0
2830	208	0
2831	212	0
2832	189	0
2833	192	0
2834	201	0
2835	200	0
2836	202	0
2837	178	0
2838	241	0
2839	208	0
2840	199	0
2841	196	0
2842	194	0
2843	214	0
2844	184	0
2845	173	0
2846	204	0
2847	189	0
2848	211	0
2849	197	0
2850	206	0
2851	218	0
2852	193	0
2853	187	0
2854	197	0
2855	222	0
2856	210	0
2857	194	0
2858	183	0
2859	196	0
2860	165	0
2861	185	0
2862	211	0
2863	198	0
2864	199	0
2865	199	0
2866	202	0
2867	204	0
2868	164	0
2869	186	0
2870	213	0
2871	205	0
2872	182	0
2873	203	0
2874	204	0
2875	230	0
2876	182	0
2877	188	0
2878	221	0
2879	203	0
2880	221	0
2881	211	0
2882	198	0
2883	178	0
2884	216	0
2885	174	0
2886	215	0
2887	171	0
2888	187	0
2889	204	0
2890	224	0
2891	215	0
2892	206	0
2893	200	0
2894	196	0
2895	206	0
2896	174	0
2897	185	0
2898	220	0
2899	197	0
2900	201	0
2901	210	0
2902	247	0
2903	192	0
2904	199	0
2905	198	0
2906	207	0
2907	201	0
2908	210	0
2909	205	0
2910	223	0
2911	214	0
2912	204	0
2913	190	0
2914	196	0
2915	171	0
2916	212	0
2917	202	0
2918	190	0
2919	186	0
2920	206	0
2921	196	0
2922	183	0
2923	229	0
2924	201	0
2925	172	0
2926	208	0
2927	205	0
2928	178	0
2929	201	0
2930	207	0
2931	201	0
2932	222	0
2933	203	0
2934	186	0
2935	195	0
2936	196	0
2937	184	0
2938	192	0
2939	186	0
2940	190	0
2941	190	0
2942	207	0
2943	217	0
2944	210	0
2945	171	0
2946	213	0
2947	198	0
2948	188	0
2949	222	0
2950	187	0
2951	195	0
2952	197	0
2953	213	0
2954	195	0
2955	189	0
2956	172	0
2957	201	0
2958	201	0
2959	225	0
2960	195	0
2961	215	0
2962	175	0
2963	213	0
2964	175	0
2965	197	0
2966	216	0
2967	182	0
2968	205	0
2969	214	0
2970	197	0
2971	190	0
2972	184	0
2973	177	0
2974	213	0
2975	206	0
2976	189	0
2977	213	0
2978	235	0
2979	212	0
2980	161	0
2981	210	0
2982	188	0
2983	208	0
2984	164	0
2985	186	0
2986	199	0
2987	215	0
2988	198	0
2989	211	0
2990	201	0
2991	196	0
2992	183	0
2993	212	0
2994	194	0
2995	223	0
2996	191	0
2997	192	0
2998	208	0
2999	193	0
3000	205	0
