1	206	0
2	195	0
3	200	0
4	208	0
5	208	0
6	182	0
7	178	0
8	210	0
9	170	0
10	202	0
11	205	0
12	197	0
13	213	0
14	227	0
15	179	0
16	201	0
17	178	0
18	216	0
19	216	0
20	214	0
21	211	0
22	207	0
23	190	0
24	176	0
25	200	0
26	203	0
27	178	0
28	188	0
29	172	0
30	223	0
31	214	0
32	189	0
33	177	0
34	178	0
35	192	0
36	178	0
37	203	0
38	174	0
39	200	0
40	183	0
41	181	0
42	214	0
43	189	0
44	209	0
45	214	0
46	202	0
47	201	0
48	186	0
49	209	0
50	180	0
51	186	0
52	175	0
53	187	0
54	194	0
55	191	0
56	231	0
57	204	0
58	195	0
59	188	0
60	201	0
61	177	0
62	185	0
63	189	0
64	198	0
65	210	0
66	174	0
67	208	0
68	204	0
69	197	0
70	205	0
71	181	0
72	185	0
73	150	0
74	165	0
75	186	0
76	200	0
77	186	0
78	194	0
79	213	0
80	210	0
81	179	0
82	194	0
83	212	0
84	187	0
85	202	0
86	191	0
87	192	0
88	165	0
89	183	0
90	215	0
91	187	0
92	196	0
93	212	0
94	192	0
95	229	0
96	203	0
97	203	0
98	222	0
99	192	0
100	189	0
101	185	0
102	213	0
103	207	0
104	196	0
105	196	0
106	176	0
107	197	0
108	197	0
109	182	0
110	171	0
111	183	0
112	191	0
113	197	0
114	182	0
115	219	0
116	178	0
117	204	0
118	176	0
119	197	0
120	253	0
121	194	0
122	194	0
123	221	0
124	182	0
125	201	0
126	183	0
127	216	0
128	200	0
129	203	0
130	198	0
131	204	0
132	227	0
133	188	0
134	208	0
135	212	0
136	211	0
137	205	0
138	183	0
139	191	0
140	186	0
141	183	0
142	191	0
143	155	0
144	203	0
145	179	0
146	185	0
147	170	0
148	199	0
149	224	0
150	172	0
151	185	0
152	209	0
153	195	0
154	189	0
155	200	0
156	212	0
157	204	0
158	212	0
159	204	0
160	199	0
161	187	0
162	217	0
163	203	0
164	196	0
165	172	0
166	179	0
167	182	0
168	186	0
169	199	0
170	195	0
171	161	0
172	190	0
173	195	0
174	181	0
175	208	0
176	200	0
177	192	0
178	181	0
179	174	0
180	200	0
181	207	0
182	189	0
183	186	0
184	203	0
185	184	0
186	186	0
187	197	0
188	163	0
189	204	0
190	215	0
191	191	0
192	206	0
193	185	0
194	177	0
195	209	0
196	196	0
197	181	0
198	199	0
199	196	0
200	208	0
201	216	0
202	203	0
203	176	0
204	204	0
205	183	0
206	204	0
207	198	0
208	171	0
209	214	0
210	198	0
211	188	0
212	185	0
213	214	0
214	199	0
215	200	0
216	186	0
217	211	0
218	165	0
219	181	0
220	197	0
221	170	0
222	181	0
223	212	0
224	205	0
225	225	0
226	197	0
227	220	0
228	180	0
229	201	0
230	182	0
231	195	0
232	178	0
233	196	0
234	175	0
235	206	0
236	193	0
237	193	0
238	187	0
239	208	0
240	211	0
241	196	0
242	187	0
243	229	0
244	204	0
245	180	0
246	167	0
247	174	0
248	186	0
249	194	0
250	188	0
251	207	0
252	199	0
253	174	0
254	214	0
255	186	0
256	198	0
257	191	0
258	184	0
259	189	0
260	197	0
261	186	0
262	209	0
263	196	0
264	186	0
265	193	0
266	198	0
267	192	0
268	203	0
269	201	0
270	216	0
271	219	0
272	203	0
273	192	0
274	191	0
275	180	0
276	178	0
277	191	0
278	196	0
279	199	0
280	185	0
281	192	0
282	192	0
283	198	0
284	199	0
285	173	0
286	197	0
287	193	0
288	194	0
289	197	0
290	205	0
291	186	0
292	212	0
293	182	0
294	208	0
295	219	0
296	218	0
297	176	0
298	195	0
299	186	0
300	177	0
301	185	0
302	215	0
303	188	0
304	181	0
305	183	0
306	194	0
307	212	0
308	195	0
309	206	0
310	202	0
311	207	0
312	195	0
313	202	0
314	189	0
315	189	0
316	197	0
317	192	0
318	190	0
319	178	0
320	180	0
321	188	0
322	197	0
323	204	0
324	171	0
325	200	0
326	176	0
327	183	0
328	192	0
329	193	0
330	203	0
331	216	0
332	202	0
333	187	0
334	198	0
335	192	0
336	213	0
337	187	0
338	197	0
339	173	0
340	196	0
341	185	0
342	198	0
343	198	0
344	188	0
345	185	0
346	225	0
347	183	0
348	211	0
349	205	0
350	204	0
351	211	0
352	225	0
353	181	0
354	166	0
355	206	0
356	205	0
357	175	0
358	184	0
359	169	0
360	192	0
361	209	0
362	208	0
363	189	0
364	201	0
365	221	0
366	173	0
367	181	0
368	175	0
369	181	0
370	202	0
371	207	0
372	193	0
373	190	0
374	209	0
375	205	0
376	179	0
377	192	0
378	226	0
379	189	0
380	187	0
381	196	0
382	172	0
383	192	0
384	209	0
385	201	0
386	187	0
387	181	0
388	209	0
389	182	0
390	191	0
391	192	0
392	208	0
393	205	0
394	171	0
395	173	0
396	181	0
397	216	0
398	196	0
399	188	0
400	205	0
401	213	0
402	207	0
403	210	0
404	200	0
405	217	0
406	195	0
407	171	0
408	196	0
409	157	0
410	195	0
411	186	0
412	148	0
413	184	0
414	215	0
415	171	0
416	148	0
417	182	0
418	190	0
419	201	0
420	196	0
421	181	0
422	185	0
423	206	0
424	195	0
425	174	0
426	210	0
427	208	0
428	184	0
429	190	0
430	200	0
431	210	0
432	186	0
433	218	0
434	232	0
435	190	0
436	201	0
437	212	0
438	212	0
439	202	0
440	213	0
441	197	0
442	185	0
443	214	0
444	194	0
445	209	0
446	209	0
447	198	0
448	217	0
449	186	0
450	193	0
451	221	0
452	194	0
453	187	0
454	197	0
455	189	0
456	213	0
457	175	0
458	192	0
459	233	0
460	171	0
461	189	0
462	194	0
463	200	0
464	221	0
465	205	0
466	213	0
467	165	0
468	190	0
469	198	0
470	158	0
471	196	0
472	196	0
473	201	0
474	214	0
475	180	0
476	167	0
477	200	0
478	191	0
479	208	0
480	195	0
481	172	0
482	190	0
483	209	0
484	221	0
485	167	0
486	174	0
487	187	0
488	204	0
489	210	0
490	200	0
491	190	0
492	189	0
493	182	0
494	191	0
495	175	0
496	205	0
497	195	0
498	208	0
499	189	0
500	205	0
501	185	0
502	203	0
503	190	0
504	200	0
505	190	0
506	208	0
507	205	0
508	201	0
509	189	0
510	190	0
511	200	0
512	170	0
513	167	0
514	191	0
515	180	0
516	222	0
517	190	0
518	207	0
519	196	0
520	196	0
521	186	0
522	204	0
523	209	0
524	191	0
525	184	0
526	198	0
527	181	0
528	167	0
529	194	0
530	186	0
531	200	0
532	187	0
533	169	0
534	204	0
535	174	0
536	187	0
537	189	0
538	212	0
539	182	0
540	189	0
541	211	0
542	203	0
543	203	0
544	195	0
545	219	0
546	177	0
547	210	0
548	180	0
549	200	0
550	184	0
551	189	0
552	196	0
553	240	0
554	195	0
555	188	0
556	203	0
557	200	0
558	205	0
559	198	0
560	213	0
561	191	0
562	208	0
563	201	0
564	155	0
565	195	0
566	222	0
567	167	0
568	217	0
569	228	0
570	197	0
571	186	0
572	204	0
573	193	0
574	187	0
575	221	0
576	200	0
577	196	0
578	185	0
579	212	0
580	186	0
581	181	0
582	200	0
583	201	0
584	204	0
585	184	0
586	193	0
587	170	0
588	185	0
589	188	0
590	196	0
591	192	0
592	197	0
593	182	0
594	167	0
595	214	0
596	195	0
597	198	0
598	185	0
599	217	0
600	207	0
601	186	0
602	227	0
603	189	0
604	189	0
605	200	0
606	165	0
607	183	0
608	201	0
609	198	0
610	202	0
611	212	0
612	173	0
613	181	0
614	226	0
615	180	0
616	206	0
617	211	0
618	180	0
619	170	0
620	195	0
621	186	0
622	210	0
623	211	0
624	223	0
625	191	0
626	197	0
627	199	0
628	202	0
629	186	0
630	188	0
631	206	0
632	222	0
633	209	0
634	185	0
635	194	0
636	185	0
637	188	0
638	166	0
639	206	0
640	201	0
641	182	0
642	199	0
643	214	0
644	200	0
645	205	0
646	217	0
647	173	0
648	218	0
649	196	0
650	206	0
651	190	0
652	181	0
653	181	0
654	212	0
655	213	0
656	191	0
657	194	0
658	207	0
659	207	0
660	195	0
661	201	0
662	202	0
663	193	0
664	196	0
665	230	0
666	222	0
667	197	0
668	217	0
669	186	0
670	198	0
671	179	0
672	210	0
673	206	0
674	198	0
675	184	0
676	188	0
677	198	0
678	206	0
679	198	0
680	187	0
681	174	0
682	202	0
683	196	0
684	194	0
685	188	0
686	156	0
687	200	0
688	211	0
689	192	0
690	209	0
691	169	0
692	223	0
693	195	0
694	194	0
695	188	0
696	184	0
697	211	0
698	205	0
699	202	0
700	195	0
701	181	0
702	190	0
703	189	0
704	187	0
705	197	0
706	187	0
707	203	0
708	213	0
709	178	0
710	171	0
711	214	0
712	170	0
713	199	0
714	215	0
715	192	0
716	199	0
717	230	0
718	221	0
719	188	0
720	188	0
721	215	0
722	194	0
723	220	0
724	175	0
725	208	0
726	208	0
727	224	0
728	191	0
729	170	0
730	216	0
731	185	0
732	185	0
733	192	0
734	170	0
735	195	0
736	204	0
737	222	0
738	189	0
739	193	0
740	213	0
741	210	0
742	192	0
743	226	0
744	193	0
745	202	0
746	185	0
747	181	0
748	180	0
749	195	0
750	220	0
751	204	0
752	181	0
753	178	0
754	194	0
755	187	0
756	185	0
757	211	0
758	187	0
759	168	0
760	201	0
761	190	0
762	191	0
763	177	0
764	181	0
765	218	0
766	177	0
767	172	0
768	198	0
769	183	0
770	204	0
771	207	0
772	185	0
773	201	0
774	204	0
775	246	0
776	197	0
777	211	0
778	175	0
779	172	0
780	214	0
781	195	0
782	204	0
783	164	0
784	195	0
785	180	0
786	181	0
787	179	0
788	193	0
789	190	0
790	183	0
791	184	0
792	197	0
793	218	0
794	212	0
795	195	0
796	169	0
797	176	0
798	212	0
799	204	0
800	209	0
801	217	0
802	217	0
803	187	0
804	220	0
805	192	0
806	201	0
807	197	0
808	178	0
809	201	0
810	219	0
811	196	0
812	176	0
813	192	0
814	192	0
815	195	0
816	189	0
817	197	0
818	173	0
819	189	0
820	199	0
821	206	0
822	183	0
823	213	0
824	192	0
825	178	0
826	212	0
827	190	0
828	220	0
829	207	0
830	197	0
831	195	0
832	226	0
833	212	0
834	180	0
835	180	0
836	197	0
837	207	0
838	203	0
839	206	0
840	192	0
841	207	0
842	160	0
843	199	0
844	170	0
845	203	0
846	211	0
847	217	0
848	198	0
849	224	0
850	188	0
851	184	0
852	174	0
853	184	0
854	191	0
855	195	0
856	193	0
857	191	0
858	206	0
859	204	0
860	190	0
861	201	0
862	215	0
863	174	0
864	196	0
865	184	0
866	190	0
867	215	0
868	208	0
869	193	0
870	193	0
871	186	0
872	197	0
873	212	0
874	216	0
875	199	0
876	189	0
877	225	0
878	181	0
879	218	0
880	200	0
881	203	0
882	215	0
883	179	0
884	191	0
885	190	0
886	209	0
887	179	0
888	194	0
889	176	0
890	189	0
891	187	0
892	193	0
893	189	0
894	190	0
895	225	0
896	219	0
897	184	0
898	203	0
899	203	0
900	190	0
901	197	0
902	195	0
903	186	0
904	184	0
905	221	0
906	212	0
907	172	0
908	206	0
909	197	0
910	195	0
911	187	0
912	169	0
913	203	0
914	194	0
915	187	0
916	204	0
917	200	0
918	194	0
919	188	0
920	174	0
921	213	0
922	212	0
923	193	0
924	184	0
925	171	0
926	189	0
927	192	0
928	216	0
929	196	0
930	199	0
931	187	0
932	198	0
933	200	0
934	201	0
935	171	0
936	203	0
937	185	0
938	204	0
939	188	0
940	213	0
941	197	0
942	195	0
943	208	0
944	190	0
945	188	0
946	181	0
947	193	0
948	203	0
949	167	0
950	201	0
951	207	0
952	212	0
953	183	0
954	207	0
955	183	0
956	217	0
957	183	0
958	181	0
959	177	0
960	169	0
961	209	0
962	198	0
963	192	0
964	230	0
965	200	0
966	200	0
967	208	0
968	205	0
969	199	0
970	206	0
971	200	0
972	165	0
973	205	0
974	186	0
975	210	0
976	194	0
977	214	0
978	210	0
979	182	0
980	198	0
981	181	0
982	182	0
983	189	0
984	206	0
985	203	0
986	213	0
987	206	0
988	190	0
989	192	0
990	201	0
991	192	0
992	186	0
993	213	0
994	216	0
995	183	0
996	199	0
997	201	0
998	199	0
999	191	0
1000	183	0
1001	183	0
1002	195	0
1003	179	0
1004	204	0
1005	200	0
1006	191	0
1007	190	0
1008	189	0
1009	181	0
1010	185	0
1011	229	0
1012	200	0
1013	208	0
1014	181	0
1015	201	0
1016	186	0
1017	180	0
1018	209	0
1019	216	0
1020	168	0
1021	186	0
1022	208	0
1023	202	0
1024	177	0
1025	204	0
1026	193	0
1027	188	0
1028	186	0
1029	186	0
1030	184	0
1031	178	0
1032	190	0
1033	194	0
1034	198	0
1035	202	0
1036	214	0
1037	197	0
1038	202	0
1039	204	0
1040	196	0
1041	172	0
1042	207	0
1043	208	0
1044	205	0
1045	170	0
1046	188	0
1047	182	0
1048	193	0
1049	194	0
1050	199	0
1051	195	0
1052	224	0
1053	180	0
1054	195	0
1055	189	0
1056	174	0
1057	211	0
1058	186	0
1059	185	0
1060	183	0
1061	207	0
1062	237	0
1063	193	0
1064	198	0
1065	200	0
1066	206	0
1067	172	0
1068	188	0
1069	195	0
1070	182	0
1071	210	0
1072	177	0
1073	211	0
1074	222	0
1075	225	0
1076	181	0
1077	159	0
1078	204	0
1079	182	0
1080	167	0
1081	179	0
1082	175	0
1083	166	0
1084	203	0
1085	194	0
1086	197	0
1087	187	0
1088	179	0
1089	202	0
1090	183	0
1091	188	0
1092	194	0
1093	185	0
1094	189	0
1095	188	0
1096	216	0
1097	214	0
1098	189	0
1099	168	0
1100	218	0
1101	193	0
1102	197	0
1103	176	0
1104	185	0
1105	193	0
1106	205	0
1107	201	0
1108	190	0
1109	172	0
1110	185	0
1111	168	0
1112	203	0
1113	194	0
1114	184	0
1115	192	0
1116	186	0
1117	188	0
1118	200	0
1119	199	0
1120	186	0
1121	195	0
1122	189	0
1123	172	0
1124	188	0
1125	216	0
1126	203	0
1127	186	0
1128	198	0
1129	188	0
1130	211	0
1131	214	0
1132	232	0
1133	212	0
1134	198	0
1135	180	0
1136	204	0
1137	192	0
1138	175	0
1139	218	0
1140	199	0
1141	210	0
1142	174	0
1143	197	0
1144	191	0
1145	182	0
1146	187	0
1147	179	0
1148	217	0
1149	191	0
1150	186	0
1151	181	0
1152	202	0
1153	194	0
1154	210	0
1155	194	0
1156	201	0
1157	186	0
1158	193	0
1159	183	0
1160	194	0
1161	198	0
1162	209	0
1163	197	0
1164	192	0
1165	170	0
1166	200	0
1167	205	0
1168	191	0
1169	185	0
1170	212	0
1171	196	0
1172	182	0
1173	192	0
1174	212	0
1175	217	0
1176	199	0
1177	179	0
1178	218	0
1179	219	0
1180	200	0
1181	190	0
1182	184	0
1183	197	0
1184	208	0
1185	188	0
1186	205	0
1187	213	0
1188	193	0
1189	201	0
1190	176	0
1191	197	0
1192	192	0
1193	179	0
1194	186	0
1195	180	0
1196	188	0
1197	193	0
1198	206	0
1199	216	0
1200	180	0
1201	197	0
1202	198	0
1203	220	0
1204	177	0
1205	179	0
1206	199	0
1207	166	0
1208	200	0
1209	218	0
1210	177	0
1211	187	0
1212	197	0
1213	171	0
1214	203	0
1215	203	0
1216	207	0
1217	213	0
1218	202	0
1219	192	0
1220	196	0
1221	203	0
1222	190	0
1223	175	0
1224	179	0
1225	196	0
1226	203	0
1227	207	0
1228	202	0
1229	171	0
1230	195	0
1231	174	0
1232	185	0
1233	162	0
1234	207	0
1235	201	0
1236	212	0
1237	203	0
1238	196	0
1239	205	0
1240	178	0
1241	193	0
1242	197	0
1243	170	0
1244	212	0
1245	182	0
1246	209	0
1247	203	0
1248	189	0
1249	195	0
1250	192	0
1251	198	0
1252	173	0
1253	173	0
1254	163	0
1255	195	0
1256	183	0
1257	196	0
1258	191	0
1259	202	0
1260	166	0
1261	191	0
1262	194	0
1263	199	0
1264	189	0
1265	187	0
1266	206	0
1267	181	0
1268	208	0
1269	213	0
1270	199	0
1271	191	0
1272	201	0
1273	192	0
1274	182	0
1275	215	0
1276	231	0
1277	200	0
1278	197	0
1279	198	0
1280	210	0
1281	188	0
1282	203	0
1283	194	0
1284	213	0
1285	186	0
1286	192	0
1287	194	0
1288	189	0
1289	193	0
1290	209	0
1291	185	0
1292	187	0
1293	209	0
1294	208	0
1295	201	0
1296	211	0
1297	177	0
1298	205	0
1299	181	0
1300	200	0
1301	193	0
1302	207	0
1303	215	0
1304	196	0
1305	198	0
1306	202	0
1307	191	0
1308	201	0
1309	197	0
1310	180	0
1311	197	0
1312	185	0
1313	205	0
1314	203	0
1315	210	0
1316	171	0
1317	201	0
1318	218	0
1319	179	0
1320	222	0
1321	204	0
1322	202	0
1323	206	0
1324	217	0
1325	196	0
1326	170	0
1327	215	0
1328	194	0
1329	201	0
1330	175	0
1331	199	0
1332	205	0
1333	198	0
1334	209	0
1335	175	0
1336	193	0
1337	191	0
1338	183	0
1339	183	0
1340	224	0
1341	212	0
1342	222	0
1343	188	0
1344	192	0
1345	190	0
1346	172	0
1347	213	0
1348	195	0
1349	193	0
1350	191	0
1351	192	0
1352	190	0
1353	197	0
1354	194	0
1355	193	0
1356	197	0
1357	210	0
1358	184	0
1359	178	0
1360	189	0
1361	204	0
1362	200	0
1363	183	0
1364	180	0
1365	196	0
1366	183	0
1367	207	0
1368	191	0
1369	164	0
1370	196	0
1371	201	0
1372	211	0
1373	180	0
1374	190	0
1375	184	0
1376	200	0
1377	224	0
1378	198	0
1379	185	0
1380	195	0
1381	205	0
1382	191	0
1383	211	0
1384	197	0
1385	198	0
1386	227	0
1387	197	0
1388	206	0
1389	157	0
1390	204	0
1391	209	0
1392	204	0
1393	212	0
1394	197	0
1395	210	0
1396	211	0
1397	202	0
1398	176	0
1399	197	0
1400	192	0
1401	190	0
1402	210	0
1403	202	0
1404	197	0
1405	219	0
1406	246	0
1407	203	0
1408	176	0
1409	192	0
1410	198	0
1411	164	0
1412	201	0
1413	202	0
1414	212	0
1415	186	0
1416	189	0
1417	189	0
1418	191	0
1419	212	0
1420	216	0
1421	215	0
1422	186	0
1423	231	0
1424	189	0
1425	195	0
1426	196	0
1427	190	0
1428	179	0
1429	194	0
1430	190	0
1431	202	0
1432	198	0
1433	191	0
1434	247	0
1435	186	0
1436	189	0
1437	179	0
1438	199	0
1439	205	0
1440	193	0
1441	213	0
1442	208	0
1443	181	0
1444	193	0
1445	200	0
1446	188	0
1447	197	0
1448	188	0
1449	202	0
1450	199	0
1451	208	0
1452	218	0
1453	197	0
1454	195	0
1455	214	0
1456	198	0
1457	216	0
1458	176	0
1459	214	0
1460	208	0
1461	208	0
1462	195	0
1463	178	0
1464	207	0
1465	200	0
1466	217	0
1467	189	0
1468	194	0
1469	179	0
1470	201	0
1471	196	0
1472	197	0
1473	197	0
1474	208	0
1475	206	0
1476	181	0
1477	194	0
1478	214	0
1479	192	0
1480	201	0
1481	178	0
1482	217	0
1483	180	0
1484	202	0
1485	210	0
1486	196	0
1487	177	0
1488	193	0
1489	195	0
1490	210	0
1491	195	0
1492	204	0
1493	171	0
1494	185	0
1495	196	0
1496	186	0
1497	196	0
1498	200	0
1499	186	0
1500	203	0
1501	191	0
1502	212	0
1503	175	0
1504	201	0
1505	203	0
1506	192	0
1507	212	0
1508	177	0
1509	200	0
1510	173	0
1511	192	0
1512	177	0
1513	192	0
1514	217	0
1515	203	0
1516	192	0
1517	175	0
1518	228	0
1519	205	0
1520	192	0
1521	215	0
1522	198	0
1523	183	0
1524	191	0
1525	191	0
1526	200	0
1527	224	0
1528	177	0
1529	212	0
1530	197	0
1531	185	0
1532	200	0
1533	201	0
1534	195	0
1535	231	0
1536	189	0
1537	172	0
1538	186	0
1539	193	0
1540	192	0
1541	188	0
1542	223	0
1543	191	0
1544	190	0
1545	170	0
1546	185	0
1547	205	0
1548	222	0
1549	192	0
1550	215	0
1551	206	0
1552	180	0
1553	192	0
1554	218	0
1555	224	0
1556	217	0
1557	181	0
1558	208	0
1559	177	0
1560	208	0
1561	172	0
1562	190	0
1563	188	0
1564	174	0
1565	182	0
1566	197	0
1567	190	0
1568	191	0
1569	181	0
1570	227	0
1571	207	0
1572	206	0
1573	222	0
1574	176	0
1575	203	0
1576	224	0
1577	183	0
1578	180	0
1579	206	0
1580	195	0
1581	237	0
1582	190	0
1583	178	0
1584	194	0
1585	187	0
1586	165	0
1587	194	0
1588	200	0
1589	225	0
1590	193	0
1591	196	0
1592	203	0
1593	196	0
1594	188	0
1595	200	0
1596	185	0
1597	229	0
1598	188	0
1599	183	0
1600	187	0
1601	206	0
1602	170	0
1603	191	0
1604	199	0
1605	203	0
1606	181	0
1607	197	0
1608	192	0
1609	198	0
1610	195	0
1611	188	0
1612	168	0
1613	209	0
1614	190	0
1615	188	0
1616	186	0
1617	190	0
1618	169	0
1619	198	0
1620	183	0
1621	181	0
1622	191	0
1623	177	0
1624	182	0
1625	189	0
1626	186	0
1627	206	0
1628	201	0
1629	193	0
1630	173	0
1631	173	0
1632	199	0
1633	199	0
1634	184	0
1635	192	0
1636	205	0
1637	211	0
1638	189	0
1639	172	0
1640	197	0
1641	189	0
1642	187	0
1643	175	0
1644	217	0
1645	187	0
1646	189	0
1647	179	0
1648	199	0
1649	201	0
1650	179	0
1651	182	0
1652	197	0
1653	194	0
1654	202	0
1655	197	0
1656	199	0
1657	193	0
1658	208	0
1659	203	0
1660	190	0
1661	188	0
1662	197	0
1663	212	0
1664	191	0
1665	169	0
1666	191	0
1667	195	0
1668	178	0
1669	191	0
1670	181	0
1671	213	0
1672	189	0
1673	212	0
1674	170	0
1675	200	0
1676	202	0
1677	196	0
1678	212	0
1679	219	0
1680	178	0
1681	204	0
1682	182	0
1683	201	0
1684	194	0
1685	199	0
1686	203	0
1687	199	0
1688	174	0
1689	193	0
1690	197	0
1691	212	0
1692	210	0
1693	194	0
1694	195	0
1695	202	0
1696	194	0
1697	184	0
1698	200	0
1699	189	0
1700	174	0
1701	176	0
1702	256	0
1703	194	0
1704	172	0
1705	194	0
1706	182	0
1707	188	0
1708	217	0
1709	195	0
1710	205	0
1711	182	0
1712	236	0
1713	215	0
1714	209	0
1715	176	0
1716	186	0
1717	195	0
1718	203	0
1719	179	0
1720	177	0
1721	181	0
1722	200	0
1723	175	0
1724	206	0
1725	189	0
1726	244	0
1727	184	0
1728	191	0
1729	199	0
1730	195	0
1731	215	0
1732	193	0
1733	187	0
1734	217	0
1735	185	0
1736	211	0
1737	185	0
1738	203	0
1739	179	0
1740	196	0
1741	210	0
1742	199	0
1743	198	0
1744	181	0
1745	207	0
1746	189	0
1747	197	0
1748	178	0
1749	208	0
1750	182	0
1751	202	0
1752	182	0
1753	201	0
1754	214	0
1755	180	0
1756	222	0
1757	198	0
1758	193	0
1759	169	0
1760	205	0
1761	200	0
1762	212	0
1763	195	0
1764	222	0
1765	173	0
1766	206	0
1767	172	0
1768	194	0
1769	172	0
1770	205	0
1771	198	0
1772	194	0
1773	183	0
1774	177	0
1775	213	0
1776	219	0
1777	235	0
1778	185	0
1779	182	0
1780	187	0
1781	191	0
1782	180	0
1783	178	0
1784	204	0
1785	209	0
1786	193	0
1787	189	0
1788	203	0
1789	220	0
1790	190	0
1791	181	0
1792	208	0
1793	168	0
1794	186	0
1795	218	0
1796	204	0
1797	214	0
1798	190	0
1799	208	0
1800	191	0
1801	190	0
1802	206	0
1803	182	0
1804	209	0
1805	207	0
1806	205	0
1807	179	0
1808	204	0
1809	199	0
1810	217	0
1811	180	0
1812	195	0
1813	172	0
1814	222	0
1815	204	0
1816	175	0
1817	205	0
1818	204	0
1819	220	0
1820	216	0
1821	215	0
1822	232	0
1823	173	0
1824	172	0
1825	185	0
1826	176	0
1827	204	0
1828	187	0
1829	158	0
1830	201	0
1831	177	0
1832	185	0
1833	183	0
1834	185	0
1835	196	0
1836	219	0
1837	198	0
1838	215	0
1839	202	0
1840	212	0
1841	210	0
1842	207	0
1843	198	0
1844	183	0
1845	208	0
1846	220	0
1847	189	0
1848	204	0
1849	202	0
1850	178	0
1851	176	0
1852	198	0
1853	200	0
1854	196	0
1855	194	0
1856	194	0
1857	196	0
1858	193	0
1859	192	0
1860	206	0
1861	207	0
1862	198	0
1863	199	0
1864	192	0
1865	171	0
1866	185	0
1867	198	0
1868	204	0
1869	210	0
1870	216	0
1871	185	0
1872	188	0
1873	187	0
1874	203	0
1875	210	0
1876	207	0
1877	170	0
1878	185	0
1879	186	0
1880	172	0
1881	187	0
1882	180	0
1883	204	0
1884	178	0
1885	190	0
1886	186	0
1887	200	0
1888	184	0
1889	178	0
1890	203	0
1891	194	0
1892	209	0
1893	180	0
1894	192	0
1895	196	0
1896	187	0
1897	205	0
1898	186	0
1899	186	0
1900	195	0
1901	184	0
1902	170	0
1903	184	0
1904	197	0
1905	194	0
1906	196	0
1907	182	0
1908	214	0
1909	193	0
1910	204	0
1911	208	0
1912	193	0
1913	191	0
1914	189	0
1915	194	0
1916	189	0
1917	201	0
1918	185	0
1919	217	0
1920	187	0
1921	215	0
1922	192	0
1923	181	0
1924	202	0
1925	206	0
1926	195	0
1927	190	0
1928	187	0
1929	186	0
1930	210	0
1931	176	0
1932	215	0
1933	220	0
1934	190	0
1935	186	0
1936	214	0
1937	195	0
1938	212	0
1939	195	0
1940	210	0
1941	175	0
1942	192	0
1943	207	0
1944	201	0
1945	202	0
1946	203	0
1947	211	0
1948	196	0
1949	172	0
1950	197	0
1951	201	0
1952	200	0
1953	181	0
1954	197	0
1955	181	0
1956	180	0
1957	195	0
1958	189	0
1959	180	0
1960	200	0
1961	194	0
1962	187	0
1963	205	0
1964	211	0
1965	179	0
1966	219	0
1967	204	0
1968	201	0
1969	189	0
1970	220	0
1971	183	0
1972	194	0
1973	192	0
1974	170	0
1975	213	0
1976	235	0
1977	196	0
1978	192	0
1979	211	0
1980	188	0
1981	200	0
1982	216	0
1983	217	0
1984	188	0
1985	215	0
1986	194	0
1987	191	0
1988	193	0
1989	190	0
1990	182	0
1991	200	0
1992	225	0
1993	202	0
1994	211	0
1995	220	0
1996	195	0
1997	198	0
1998	176	0
1999	167	0
2000	175	0
2001	182	0
2002	200	0
2003	195	0
2004	217	0
2005	188	0
2006	172	0
2007	184	0
2008	198	0
2009	195	0
2010	168	0
2011	182	0
2012	199	0
2013	183	0
2014	164	0
2015	216	0
2016	202	0
2017	212	0
2018	215	0
2019	200	0
2020	168	0
2021	192	0
2022	208	0
2023	176	0
2024	201	0
2025	175	0
2026	215	0
2027	182	0
2028	175	0
2029	186	0
2030	168	0
2031	205	0
2032	172	0
2033	172	0
2034	202	0
2035	194	0
2036	217	0
2037	199	0
2038	201	0
2039	204	0
2040	196	0
2041	206	0
2042	192	0
2043	189	0
2044	213	0
2045	201	0
2046	191	0
2047	153	0
2048	216	0
2049	189	0
2050	192	0
2051	209	0
2052	199	0
2053	168	0
2054	166	0
2055	210	0
2056	184	0
2057	193	0
2058	185	0
2059	186	0
2060	210	0
2061	180	0
2062	190	0
2063	176	0
2064	190	0
2065	204	0
2066	187	0
2067	211	0
2068	195	0
2069	175	0
2070	215	0
2071	200	0
2072	184	0
2073	222	0
2074	195	0
2075	199	0
2076	188	0
2077	190	0
2078	176	0
2079	172	0
2080	181	0
2081	212	0
2082	216	0
2083	190	0
2084	224	0
2085	186	0
2086	174	0
2087	175	0
2088	202	0
2089	196	0
2090	211	0
2091	167	0
2092	194	0
2093	230	0
2094	198	0
2095	182	0
2096	196	0
2097	179	0
2098	210	0
2099	183	0
2100	187	0
2101	226	0
2102	180	0
2103	204	0
2104	200	0
2105	192	0
2106	185	0
2107	184	0
2108	213	0
2109	168	0
2110	193	0
2111	193	0
2112	229	0
2113	176	0
2114	205	0
2115	216	0
2116	186	0
2117	190	0
2118	192	0
2119	174	0
2120	194	0
2121	180	0
2122	182	0
2123	210	0
2124	215	0
2125	202	0
2126	195	0
2127	193	0
2128	178	0
2129	199	0
2130	171	0
2131	196	0
2132	197	0
2133	184	0
2134	196	0
2135	204	0
2136	180	0
2137	175	0
2138	209	0
2139	233	0
2140	202	0
2141	218	0
2142	189	0
2143	186	0
2144	183	0
2145	198	0
2146	226	0
2147	208	0
2148	182	0
2149	182	0
2150	176	0
2151	189	0
2152	211	0
2153	179	0
2154	215	0
2155	201	0
2156	202	0
2157	200	0
2158	195	0
2159	213	0
2160	213	0
2161	214	0
2162	174	0
2163	187	0
2164	194	0
2165	171	0
2166	180	0
2167	194	0
2168	196	0
2169	193	0
2170	199	0
2171	202	0
2172	223	0
2173	191	0
2174	207	0
2175	209	0
2176	185	0
2177	198	0
2178	207	0
2179	165	0
2180	197	0
2181	178	0
2182	187	0
2183	201	0
2184	188	0
2185	177	0
2186	204	0
2187	196	0
2188	169	0
2189	197	0
2190	182	0
2191	184	0
2192	191	0
2193	199	0
2194	221	0
2195	178	0
2196	209	0
2197	187	0
2198	177	0
2199	194	0
2200	181	0
2201	216	0
2202	198	0
2203	191	0
2204	188	0
2205	219	0
2206	199	0
2207	205	0
2208	166	0
2209	213	0
2210	218	0
2211	200	0
2212	209	0
2213	179	0
2214	217	0
2215	194	0
2216	181	0
2217	186	0
2218	185	0
2219	204	0
2220	207	0
2221	206	0
2222	194	0
2223	184	0
2224	193	0
2225	200	0
2226	192	0
2227	204	0
2228	214	0
2229	189	0
2230	200	0
2231	179	0
2232	201	0
2233	165	0
2234	191	0
2235	204	0
2236	196	0
2237	207	0
2238	218	0
2239	196	0
2240	196	0
2241	215	0
2242	188	0
2243	198	0
2244	188	0
2245	196	0
2246	201	0
2247	185	0
2248	188	0
2249	222	0
2250	187	0
2251	188	0
2252	199	0
2253	222	0
2254	186	0
2255	199	0
2256	224	0
2257	205	0
2258	193	0
2259	212	0
2260	195	0
2261	186	0
2262	195	0
2263	206	0
2264	193	0
2265	195	0
2266	202	0
2267	189	0
2268	181	0
2269	178	0
2270	190	0
2271	172	0
2272	202	0
2273	193	0
2274	193	0
2275	204	0
2276	168	0
2277	181	0
2278	196	0
2279	190	0
2280	202	0
2281	197	0
2282	193	0
2283	216	0
2284	195	0
2285	205	0
2286	174	0
2287	187	0
2288	194	0
2289	204	0
2290	185	0
2291	197	0
2292	172	0
2293	192	0
2294	190	0
2295	176	0
2296	216	0
2297	210	0
2298	220	0
2299	194	0
2300	213	0
2301	177	0
2302	209	0
2303	186	0
2304	184	0
2305	201	0
2306	189	0
2307	210	0
2308	190	0
2309	204	0
2310	187	0
2311	206	0
2312	210	0
2313	190	0
2314	186	0
2315	195	0
2316	178	0
2317	197	0
2318	195	0
2319	185	0
2320	171	0
2321	198	0
2322	224	0
2323	211	0
2324	211	0
2325	203	0
2326	206	0
2327	198	0
2328	204	0
2329	188	0
2330	185	0
2331	203	0
2332	210	0
2333	199	0
2334	210	0
2335	209	0
2336	182	0
2337	178	0
2338	201	0
2339	198	0
2340	181	0
2341	215	0
2342	188	0
2343	179	0
2344	205	0
2345	188	0
2346	212	0
2347	198	0
2348	210	0
2349	179	0
2350	194	0
2351	174	0
2352	186	0
2353	181	0
2354	196	0
2355	198	0
2356	174	0
2357	203	0
2358	192	0
2359	210	0
2360	192	0
2361	189	0
2362	216	0
2363	188	0
2364	181	0
2365	216	0
2366	193	0
2367	194	0
2368	182	0
2369	194	0
2370	228	0
2371	201	0
2372	207	0
2373	214	0
2374	197	0
2375	203	0
2376	202	0
2377	181	0
2378	217	0
2379	186	0
2380	168	0
2381	189	0
2382	190	0
2383	166	0
2384	186	0
2385	162	0
2386	214	0
2387	184	0
2388	189	0
2389	182	0
2390	187	0
2391	214	0
2392	211	0
2393	201	0
2394	205	0
2395	201	0
2396	172	0
2397	190	0
2398	193	0
2399	185	0
2400	216	0
2401	191	0
2402	176	0
2403	188	0
2404	220	0
2405	210	0
2406	198	0
2407	218	0
2408	191	0
2409	201	0
2410	192	0
2411	176	0
2412	205	0
2413	207	0
2414	188	0
2415	171	0
2416	198	0
2417	189	0
2418	206	0
2419	186	0
2420	215	0
2421	178	0
2422	161	0
2423	208	0
2424	201	0
2425	204	0
2426	199	0
2427	206	0
2428	214	0
2429	187	0
2430	183	0
2431	213	0
2432	217	0
2433	205	0
2434	177	0
2435	188	0
2436	183	0
2437	176	0
2438	186	0
2439	174	0
2440	197	0
2441	170	0
2442	186	0
2443	192	0
2444	206	0
2445	201	0
2446	178	0
2447	196	0
2448	201	0
2449	178	0
2450	223	0
2451	195	0
2452	159	0
2453	198	0
2454	184	0
2455	213	0
2456	195	0
2457	174	0
2458	215	0
2459	215	0
2460	183	0
2461	203	0
2462	211	0
2463	193	0
2464	199	0
2465	203	0
2466	190	0
2467	201	0
2468	199	0
2469	196	0
2470	216	0
2471	192	0
2472	202	0
2473	185	0
2474	209	0
2475	178	0
2476	161	0
2477	201	0
2478	200	0
2479	202	0
2480	211	0
2481	190	0
2482	173	0
2483	180	0
2484	228	0
2485	210	0
2486	183	0
2487	232	0
2488	188	0
2489	221	0
2490	200	0
2491	207	0
2492	185	0
2493	175	0
2494	184	0
2495	205	0
2496	182	0
2497	214	0
2498	205	0
2499	201	0
2500	192	0
2501	219	0
2502	178	0
2503	179	0
2504	174	0
2505	181	0
2506	160	0
2507	193	0
2508	209	0
2509	195	0
2510	203	0
2511	212	0
2512	212	0
2513	181	0
2514	192	0
2515	202	0
2516	187	0
2517	199	0
2518	191	0
2519	211	0
2520	197	0
2521	199	0
2522	181	0
2523	210	0
2524	171	0
2525	182	0
2526	206	0
2527	189	0
2528	190	0
2529	210	0
2530	171	0
2531	214	0
2532	195	0
2533	198	0
2534	171	0
2535	175	0
2536	206	0
2537	213	0
2538	176	0
2539	198	0
2540	199	0
2541	170	0
2542	187	0
2543	198	0
2544	198	0
2545	207	0
2546	202	0
2547	195	0
2548	189	0
2549	193	0
2550	208	0
2551	184	0
2552	179	0
2553	193	0
2554	192	0
2555	212	0
2556	216	0
2557	220	0
2558	191	0
2559	182	0
2560	174	0
2561	185	0
2562	199	0
2563	218	0
2564	182	0
2565	223	0
2566	184	0
2567	163	0
2568	188	0
2569	218	0
2570	206	0
2571	182	0
2572	186	0
2573	198	0
2574	182	0
2575	181	0
2576	195	0
2577	223	0
2578	192	0
2579	194	0
2580	199	0
2581	197	0
2582	195	0
2583	179	0
2584	196	0
2585	205	0
2586	198	0
2587	187	0
2588	185	0
2589	220	0
2590	197	0
2591	177	0
2592	184	0
2593	193	0
2594	200	0
2595	168	0
2596	203	0
2597	204	0
2598	223	0
2599	201	0
2600	188	0
2601	187	0
2602	208	0
2603	213	0
2604	205	0
2605	194	0
2606	190	0
2607	195	0
2608	201	0
2609	190	0
2610	207	0
2611	224	0
2612	213	0
2613	187	0
2614	194	0
2615	201	0
2616	203	0
2617	182	0
2618	202	0
2619	170	0
2620	187	0
2621	207	0
2622	186	0
2623	201	0
2624	192	0
2625	170	0
2626	210	0
2627	186	0
2628	218	0
2629	229	0
2630	176	0
2631	190	0
2632	194	0
2633	215	0
2634	212	0
2635	213	0
2636	203	0
2637	187	0
2638	211	0
2639	179	0
2640	175	0
2641	201	0
2642	190	0
2643	212	0
2644	194	0
2645	168	0
2646	204	0
2647	200	0
2648	211	0
2649	177	0
2650	172	0
2651	190	0
2652	231	0
2653	194	0
2654	203	0
2655	199	0
2656	217	0
2657	187	0
2658	191	0
2659	206	0
2660	225	0
2661	226	0
2662	197	0
2663	185	0
2664	198	0
2665	199	0
2666	204	0
2667	194	0
2668	178	0
2669	200	0
2670	209	0
2671	182	0
2672	198	0
2673	192	0
2674	214	0
2675	188	0
2676	202	0
2677	201	0
2678	162	0
2679	197	0
2680	215	0
2681	224	0
2682	197	0
2683	189	0
2684	209	0
2685	178	0
2686	191	0
2687	202	0
2688	192	0
2689	188	0
2690	190	0
2691	174	0
2692	207	0
2693	208	0
2694	191	0
2695	193	0
2696	177	0
2697	201	0
2698	182	0
2699	180	0
2700	207	0
2701	202	0
2702	216	0
2703	201	0
2704	179	0
2705	175	0
2706	228	0
2707	211	0
2708	227	0
2709	193	0
2710	189	0
2711	189	0
2712	186	0
2713	191	0
2714	187	0
2715	187	0
2716	193	0
2717	196	0
2718	193	0
2719	199	0
2720	190	0
2721	186	0
2722	182	0
2723	178	0
2724	216	0
2725	184	0
2726	191	0
2727	164	0
2728	189	0
2729	235	0
2730	197	0
2731	184	0
2732	226	0
2733	184	0
2734	182	0
2735	180	0
2736	185	0
2737	195	0
2738	177	0
2739	186	0
2740	200	0
2741	203	0
2742	193	0
2743	203	0
2744	239	0
2745	197	0
2746	191	0
2747	191	0
2748	178	0
2749	216	0
2750	187	0
2751	186	0
2752	197	0
2753	178	0
2754	174	0
2755	217	0
2756	177	0
2757	195	0
2758	209	0
2759	190	0
2760	197	0
2761	212	0
2762	168	0
2763	168	0
2764	201	0
2765	197	0
2766	190	0
2767	174	0
2768	218	0
2769	223	0
2770	217	0
2771	190	0
2772	215	0
2773	178	0
2774	185	0
2775	203	0
2776	197	0
2777	212	0
2778	199	0
2779	218	0
2780	198	0
2781	210	0
2782	189	0
2783	214	0
2784	186	0
2785	183	0
2786	178	0
2787	177	0
2788	186	0
2789	200	0
2790	226	0
2791	172	0
2792	192	0
2793	192	0
2794	195	0
2795	181	0
2796	204	0
2797	208	0
2798	184	0
2799	171	0
2800	211	0
2801	206	0
2802	196	0
2803	172	0
2804	188	0
2805	194	0
2806	196	0
2807	216	0
2808	178	0
2809	198	0
2810	178	0
2811	213	0
2812	183	0
2813	203	0
2814	195	0
2815	176	0
2816	188	0
2817	211	0
2818	182	0
2819	176	0
2820	213	0
2821	216	0
2822	183	0
2823	212	0
2824	219	0
2825	192	0
2826	201	0
2827	196	0
2828	216	0
2829	206	0
2830	194	0
2831	187	0
2832	209	0
2833	190	0
2834	209	0
2835	197	0
2836	192	0
2837	205	0
2838	182	0
2839	197	0
2840	184	0
2841	196	0
2842	193	0
2843	182	0
2844	215	0
2845	187	0
2846	181	0
2847	185	0
2848	197	0
2849	192	0
2850	168	0
2851	209	0
2852	199	0
2853	208	0
2854	179	0
2855	185	0
2856	190	0
2857	179	0
2858	188	0
2859	184	0
2860	203	0
2861	233	0
2862	196	0
2863	200	0
2864	191	0
2865	198	0
2866	214	0
2867	186	0
2868	188	0
2869	180	0
2870	189	0
2871	188	0
2872	212	0
2873	216	0
2874	202	0
2875	187	0
2876	179	0
2877	182	0
2878	183	0
2879	166	0
2880	208	0
2881	191	0
2882	180	0
2883	170	0
2884	207	0
2885	169	0
2886	196	0
2887	187	0
2888	206	0
2889	188	0
2890	212	0
2891	208	0
2892	218	0
2893	198	0
2894	182	0
2895	184	0
2896	178	0
2897	205	0
2898	218	0
2899	165	0
2900	183	0
2901	190	0
2902	180	0
2903	198	0
2904	171	0
2905	210	0
2906	200	0
2907	211	0
2908	198	0
2909	190	0
2910	197	0
2911	205	0
2912	197	0
2913	187	0
2914	166	0
2915	183	0
2916	213	0
2917	195	0
2918	168	0
2919	166	0
2920	200	0
2921	198	0
2922	172	0
2923	207	0
2924	197	0
2925	198	0
2926	220	0
2927	217	0
2928	217	0
2929	167	0
2930	188	0
2931	180	0
2932	201	0
2933	183	0
2934	181	0
2935	204	0
2936	184	0
2937	196	0
2938	193	0
2939	177	0
2940	223	0
2941	194	0
2942	185	0
2943	184	0
2944	193	0
2945	185	0
2946	199	0
2947	193	0
2948	197	0
2949	210	0
2950	197	0
2951	193	0
2952	212	0
2953	181	0
2954	182	0
2955	177	0
2956	205	0
2957	180	0
2958	219	0
2959	195	0
2960	185	0
2961	174	0
2962	199	0
2963	211	0
2964	181	0
2965	194	0
2966	185	0
2967	194	0
2968	196	0
2969	203	0
2970	207	0
2971	204	0
2972	185	0
2973	199	0
2974	179	0
2975	211	0
2976	198	0
2977	194	0
2978	195	0
2979	206	0
2980	203	0
2981	213	0
2982	228	0
2983	196	0
2984	205	0
2985	193	0
2986	185	0
2987	174	0
2988	197	0
2989	184	0
2990	203	0
2991	198	0
2992	177	0
2993	200	0
2994	199	0
2995	193	0
2996	208	0
2997	201	0
2998	188	0
2999	204	0
3000	188	0
