1	202	0
2	197	0
3	191	0
4	223	0
5	206	0
6	189	0
7	199	0
8	177	0
9	210	0
10	215	0
11	207	0
12	235	0
13	212	0
14	187	0
15	180	0
16	199	0
17	243	0
18	223	0
19	202	0
20	174	0
21	197	0
22	194	0
23	213	0
24	199	0
25	211	0
26	185	0
27	197	0
28	189	0
29	204	0
30	179	0
31	197	0
32	197	0
33	207	0
34	198	0
35	207	0
36	213	0
37	199	0
38	189	0
39	192	0
40	188	0
41	190	0
42	200	0
43	173	0
44	219	0
45	169	0
46	223	0
47	202	0
48	209	0
49	187	0
50	189	0
51	194	0
52	210	0
53	196	0
54	229	0
55	191	0
56	214	0
57	208	0
58	193	0
59	211	0
60	206	0
61	184	0
62	206	0
63	195	0
64	202	0
65	201	0
66	196	0
67	200	0
68	191	0
69	216	0
70	202	0
71	187	0
72	208	0
73	190	0
74	199	0
75	189	0
76	215	0
77	182	0
78	200	0
79	201	0
80	179	0
81	186	0
82	189	0
83	189	0
84	214	0
85	209	0
86	183	0
87	208	0
88	211	0
89	193	0
90	223	0
91	201	0
92	233	0
93	194	0
94	211	0
95	199	0
96	203	0
97	222	0
98	181	0
99	203	0
100	233	0
101	225	0
102	191	0
103	192	0
104	185	0
105	210	0
106	196	0
107	190	0
108	205	0
109	201	0
110	187	0
111	196	0
112	192	0
113	192	0
114	188	0
115	212	0
116	187	0
117	195	0
118	192	0
119	181	0
120	210	0
121	186	0
122	188	0
123	207	0
124	200	0
125	194	0
126	228	0
127	216	0
128	199	0
129	209	0
130	208	0
131	165	0
132	188	0
133	219	0
134	210	0
135	189	0
136	216	0
137	203	0
138	202	0
139	190	0
140	222	0
141	209	0
142	209	0
143	213	0
144	205	0
145	196	0
146	189	0
147	213	0
148	195	0
149	195	0
150	205	0
151	193	0
152	188	0
153	200	0
154	183	0
155	199	0
156	175	0
157	210	0
158	225	0
159	204	0
160	193	0
161	205	0
162	198	0
163	203	0
164	225	0
165	186	0
166	185	0
167	189	0
168	213	0
169	217	0
170	191	0
171	190	0
172	196	0
173	192	0
174	193	0
175	193	0
176	208	0
177	203	0
178	197	0
179	180	0
180	182	0
181	190	0
182	205	0
183	208	0
184	183	0
185	190	0
186	191	0
187	188	0
188	204	0
189	179	0
190	208	0
191	198	0
192	208	0
193	196	0
194	211	0
195	192	0
196	220	0
197	211	0
198	222	0
199	226	0
200	212	0
201	217	0
202	192	0
203	183	0
204	189	0
205	207	0
206	204	0
207	209	0
208	220	0
209	178	0
210	191	0
211	233	0
212	213	0
213	200	0
214	221	0
215	220	0
216	209	0
217	186	0
218	210	0
219	185	0
220	224	0
221	207	0
222	215	0
223	180	0
224	206	0
225	169	0
226	187	0
227	202	0
228	199	0
229	195	0
230	180	0
231	205	0
232	184	0
233	225	0
234	196	0
235	204	0
236	196	0
237	203	0
238	210	0
239	214	0
240	194	0
241	187	0
242	184	0
243	199	0
244	187	0
245	196	0
246	204	0
247	209	0
248	204	0
249	175	0
250	234	0
251	218	0
252	201	0
253	217	0
254	211	0
255	189	0
256	196	0
257	204	0
258	190	0
259	187	0
260	184	0
261	184	0
262	211	0
263	198	0
264	210	0
265	216	0
266	205	0
267	219	0
268	215	0
269	187	0
270	171	0
271	197	0
272	218	0
273	194	0
274	188	0
275	209	0
276	208	0
277	172	0
278	187	0
279	183	0
280	208	0
281	195	0
282	218	0
283	187	0
284	190	0
285	186	0
286	207	0
287	192	0
288	226	0
289	197	0
290	205	0
291	172	0
292	203	0
293	188	0
294	196	0
295	183	0
296	202	0
297	198	0
298	215	0
299	188	0
300	174	0
301	199	0
302	234	0
303	205	0
304	211	0
305	204	0
306	221	0
307	203	0
308	186	0
309	192	0
310	221	0
311	207	0
312	191	0
313	190	0
314	195	0
315	210	0
316	185	0
317	199	0
318	192	0
319	228	0
320	222	0
321	192	0
322	211	0
323	214	0
324	209	0
325	233	0
326	174	0
327	216	0
328	162	0
329	194	0
330	179	0
331	204	0
332	197	0
333	209	0
334	203	0
335	207	0
336	196	0
337	203	0
338	178	0
339	224	0
340	184	0
341	201	0
342	216	0
343	206	0
344	185	0
345	194	0
346	231	0
347	186	0
348	219	0
349	216	0
350	195	0
351	206	0
352	218	0
353	203	0
354	234	0
355	191	0
356	224	0
357	205	0
358	222	0
359	172	0
360	208	0
361	195	0
362	221	0
363	202	0
364	184	0
365	204	0
366	200	0
367	207	0
368	218	0
369	206	0
370	200	0
371	198	0
372	213	0
373	210	0
374	196	0
375	211	0
376	162	0
377	201	0
378	188	0
379	179	0
380	219	0
381	213	0
382	202	0
383	202	0
384	210	0
385	219	0
386	183	0
387	207	0
388	214	0
389	207	0
390	201	0
391	205	0
392	189	0
393	214	0
394	200	0
395	180	0
396	220	0
397	198	0
398	227	0
399	183	0
400	192	0
401	206	0
402	210	0
403	181	0
404	201	0
405	207	0
406	166	0
407	178	0
408	211	0
409	179	0
410	182	0
411	179	0
412	195	0
413	187	0
414	171	0
415	194	0
416	209	0
417	218	0
418	222	0
419	198	0
420	206	0
421	205	0
422	203	0
423	177	0
424	179	0
425	187	0
426	217	0
427	204	0
428	200	0
429	180	0
430	203	0
431	209	0
432	196	0
433	193	0
434	225	0
435	205	0
436	222	0
437	212	0
438	226	0
439	170	0
440	194	0
441	190	0
442	194	0
443	225	0
444	183	0
445	198	0
446	202	0
447	208	0
448	199	0
449	208	0
450	191	0
451	194	0
452	208	0
453	201	0
454	200	0
455	195	0
456	194	0
457	192	0
458	183	0
459	192	0
460	204	0
461	197	0
462	189	0
463	217	0
464	206	0
465	168	0
466	180	0
467	194	0
468	179	0
469	219	0
470	203	0
471	218	0
472	210	0
473	182	0
474	207	0
475	191	0
476	204	0
477	195	0
478	195	0
479	200	0
480	198	0
481	186	0
482	196	0
483	188	0
484	205	0
485	196	0
486	206	0
487	186	0
488	187	0
489	201	0
490	192	0
491	163	0
492	198	0
493	197	0
494	214	0
495	188	0
496	202	0
497	184	0
498	202	0
499	205	0
500	196	0
501	199	0
502	195	0
503	210	0
504	206	0
505	196	0
506	184	0
507	183	0
508	212	0
509	219	0
510	211	0
511	191	0
512	201	0
513	195	0
514	205	0
515	170	0
516	222	0
517	205	0
518	218	0
519	193	0
520	179	0
521	208	0
522	177	0
523	203	0
524	185	0
525	174	0
526	199	0
527	214	0
528	207	0
529	167	0
530	217	0
531	182	0
532	177	0
533	193	0
534	197	0
535	181	0
536	192	0
537	186	0
538	167	0
539	214	0
540	178	0
541	192	0
542	185	0
543	214	0
544	176	0
545	178	0
546	190	0
547	166	0
548	207	0
549	201	0
550	180	0
551	195	0
552	181	0
553	189	0
554	180	0
555	186	0
556	194	0
557	208	0
558	208	0
559	209	0
560	230	0
561	194	0
562	209	0
563	190	0
564	199	0
565	183	0
566	181	0
567	202	0
568	212	0
569	181	0
570	186	0
571	174	0
572	183	0
573	203	0
574	191	0
575	191	0
576	208	0
577	197	0
578	169	0
579	181	0
580	202	0
581	205	0
582	199	0
583	215	0
584	181	0
585	203	0
586	198	0
587	186	0
588	191	0
589	210	0
590	201	0
591	191	0
592	187	0
593	206	0
594	202	0
595	197	0
596	184	0
597	206	0
598	204	0
599	215	0
600	198	0
601	192	0
602	220	0
603	198	0
604	212	0
605	183	0
606	184	0
607	206	0
608	200	0
609	191	0
610	222	0
611	196	0
612	189	0
613	206	0
614	214	0
615	231	0
616	202	0
617	206	0
618	185	0
619	201	0
620	206	0
621	225	0
622	198	0
623	215	0
624	214	0
625	180	0
626	193	0
627	207	0
628	211	0
629	214	0
630	222	0
631	240	0
632	190	0
633	182	0
634	168	0
635	200	0
636	201	0
637	184	0
638	198	0
639	219	0
640	222	0
641	188	0
642	201	0
643	184	0
644	206	0
645	206	0
646	197	0
647	186	0
648	182	0
649	196	0
650	203	0
651	224	0
652	192	0
653	201	0
654	188	0
655	218	0
656	198	0
657	210	0
658	201	0
659	209	0
660	209	0
661	188	0
662	192	0
663	211	0
664	198	0
665	195	0
666	210	0
667	210	0
668	201	0
669	226	0
670	190	0
671	201	0
672	212	0
673	175	0
674	166	0
675	191	0
676	205	0
677	210	0
678	205	0
679	194	0
680	203	0
681	198	0
682	192	0
683	196	0
684	205	0
685	240	0
686	193	0
687	183	0
688	198	0
689	200	0
690	202	0
691	177	0
692	200	0
693	192	0
694	193	0
695	220	0
696	182	0
697	211	0
698	226	0
699	217	0
700	197	0
701	210	0
702	207	0
703	198	0
704	213	0
705	212	0
706	217	0
707	197	0
708	208	0
709	209	0
710	197	0
711	209	0
712	195	0
713	220	0
714	207	0
715	212	0
716	217	0
717	189	0
718	224	0
719	218	0
720	172	0
721	210	0
722	215	0
723	208	0
724	194	0
725	207	0
726	182	0
727	171	0
728	207	0
729	185	0
730	201	0
731	183	0
732	214	0
733	174	0
734	195	0
735	174	0
736	181	0
737	197	0
738	187	0
739	201	0
740	212	0
741	209	0
742	178	0
743	206	0
744	174	0
745	179	0
746	181	0
747	211	0
748	217	0
749	209	0
750	205	0
751	215	0
752	207	0
753	204	0
754	189	0
755	177	0
756	198	0
757	210	0
758	193	0
759	186	0
760	202	0
761	180	0
762	237	0
763	213	0
764	186	0
765	191	0
766	210	0
767	210	0
768	200	0
769	209	0
770	215	0
771	217	0
772	228	0
773	204	0
774	215	0
775	191	0
776	190	0
777	195	0
778	219	0
779	180	0
780	218	0
781	205	0
782	189	0
783	205	0
784	205	0
785	178	0
786	218	0
787	193	0
788	176	0
789	200	0
790	199	0
791	190	0
792	198	0
793	172	0
794	206	0
795	199	0
796	184	0
797	220	0
798	200	0
799	196	0
800	233	0
801	172	0
802	177	0
803	208	0
804	187	0
805	190	0
806	178	0
807	219	0
808	209	0
809	200	0
810	179	0
811	197	0
812	210	0
813	195	0
814	223	0
815	186	0
816	205	0
817	210	0
818	220	0
819	200	0
820	196	0
821	174	0
822	214	0
823	215	0
824	198	0
825	226	0
826	219	0
827	216	0
828	195	0
829	234	0
830	202	0
831	213	0
832	225	0
833	195	0
834	210	0
835	219	0
836	203	0
837	197	0
838	204	0
839	227	0
840	207	0
841	201	0
842	202	0
843	197	0
844	195	0
845	192	0
846	182	0
847	165	0
848	219	0
849	199	0
850	195	0
851	201	0
852	190	0
853	219	0
854	171	0
855	200	0
856	191	0
857	204	0
858	203	0
859	200	0
860	184	0
861	179	0
862	177	0
863	183	0
864	187	0
865	213	0
866	187	0
867	193	0
868	187	0
869	209	0
870	180	0
871	239	0
872	206	0
873	206	0
874	206	0
875	204	0
876	189	0
877	183	0
878	176	0
879	212	0
880	202	0
881	191	0
882	180	0
883	201	0
884	212	0
885	183	0
886	201	0
887	178	0
888	204	0
889	192	0
890	185	0
891	195	0
892	217	0
893	189	0
894	204	0
895	212	0
896	194	0
897	206	0
898	197	0
899	211	0
900	207	0
901	196	0
902	171	0
903	220	0
904	198	0
905	195	0
906	199	0
907	190	0
908	208	0
909	186	0
910	194	0
911	180	0
912	212	0
913	173	0
914	193	0
915	187	0
916	208	0
917	200	0
918	178	0
919	179	0
920	184	0
921	213	0
922	176	0
923	205	0
924	202	0
925	210	0
926	197	0
927	178	0
928	183	0
929	177	0
930	204	0
931	229	0
932	197	0
933	224	0
934	204	0
935	207	0
936	210	0
937	172	0
938	208	0
939	200	0
940	217	0
941	205	0
942	184	0
943	209	0
944	208	0
945	214	0
946	199	0
947	183	0
948	167	0
949	192	0
950	199	0
951	203	0
952	208	0
953	189	0
954	228	0
955	197	0
956	183	0
957	208	0
958	209	0
959	213	0
960	206	0
961	212	0
962	217	0
963	210	0
964	192	0
965	192	0
966	211	0
967	192	0
968	213	0
969	189	0
970	193	0
971	197	0
972	208	0
973	222	0
974	190	0
975	182	0
976	207	0
977	212	0
978	202	0
979	210	0
980	197	0
981	208	0
982	183	0
983	210	0
984	194	0
985	213	0
986	225	0
987	213	0
988	220	0
989	201	0
990	221	0
991	199	0
992	184	0
993	201	0
994	195	0
995	200	0
996	206	0
997	215	0
998	206	0
999	234	0
1000	207	0
1001	192	0
1002	196	0
1003	188	0
1004	199	0
1005	194	0
1006	206	0
1007	190	0
1008	188	0
1009	215	0
1010	201	0
1011	206	0
1012	219	0
1013	188	0
1014	195	0
1015	182	0
1016	198	0
1017	174	0
1018	197	0
1019	198	0
1020	189	0
1021	215	0
1022	192	0
1023	211	0
1024	206	0
1025	172	0
1026	176	0
1027	204	0
1028	190	0
1029	207	0
1030	200	0
1031	194	0
1032	212	0
1033	196	0
1034	207	0
1035	185	0
1036	185	0
1037	203	0
1038	204	0
1039	198	0
1040	188	0
1041	218	0
1042	225	0
1043	204	0
1044	200	0
1045	200	0
1046	197	0
1047	170	0
1048	203	0
1049	214	0
1050	189	0
1051	156	0
1052	216	0
1053	212	0
1054	207	0
1055	177	0
1056	190	0
1057	190	0
1058	174	0
1059	199	0
1060	203	0
1061	192	0
1062	195	0
1063	208	0
1064	191	0
1065	187	0
1066	189	0
1067	183	0
1068	203	0
1069	196	0
1070	208	0
1071	185	0
1072	207	0
1073	217	0
1074	191	0
1075	203	0
1076	216	0
1077	203	0
1078	181	0
1079	204	0
1080	169	0
1081	193	0
1082	214	0
1083	226	0
1084	196	0
1085	225	0
1086	175	0
1087	195	0
1088	195	0
1089	217	0
1090	224	0
1091	189	0
1092	206	0
1093	191	0
1094	183	0
1095	183	0
1096	179	0
1097	200	0
1098	207	0
1099	219	0
1100	204	0
1101	200	0
1102	204	0
1103	192	0
1104	197	0
1105	172	0
1106	207	0
1107	198	0
1108	200	0
1109	208	0
1110	189	0
1111	206	0
1112	184	0
1113	186	0
1114	187	0
1115	187	0
1116	230	0
1117	198	0
1118	183	0
1119	192	0
1120	217	0
1121	197	0
1122	184	0
1123	204	0
1124	203	0
1125	212	0
1126	176	0
1127	201	0
1128	192	0
1129	209	0
1130	235	0
1131	180	0
1132	196	0
1133	192	0
1134	210	0
1135	207	0
1136	208	0
1137	185	0
1138	202	0
1139	200	0
1140	188	0
1141	188	0
1142	186	0
1143	190	0
1144	193	0
1145	226	0
1146	192	0
1147	202	0
1148	198	0
1149	209	0
1150	206	0
1151	193	0
1152	196	0
1153	218	0
1154	191	0
1155	192	0
1156	209	0
1157	214	0
1158	229	0
1159	214	0
1160	197	0
1161	190	0
1162	207	0
1163	184	0
1164	198	0
1165	208	0
1166	188	0
1167	210	0
1168	199	0
1169	185	0
1170	190	0
1171	210	0
1172	209	0
1173	199	0
1174	204	0
1175	188	0
1176	197	0
1177	203	0
1178	191	0
1179	205	0
1180	211	0
1181	208	0
1182	206	0
1183	197	0
1184	194	0
1185	208	0
1186	211	0
1187	197	0
1188	211	0
1189	177	0
1190	199	0
1191	192	0
1192	189	0
1193	192	0
1194	223	0
1195	201	0
1196	199	0
1197	202	0
1198	203	0
1199	185	0
1200	193	0
1201	237	0
1202	196	0
1203	199	0
1204	198	0
1205	211	0
1206	207	0
1207	207	0
1208	207	0
1209	217	0
1210	236	0
1211	188	0
1212	199	0
1213	209	0
1214	213	0
1215	202	0
1216	181	0
1217	218	0
1218	220	0
1219	192	0
1220	200	0
1221	197	0
1222	195	0
1223	209	0
1224	161	0
1225	189	0
1226	184	0
1227	208	0
1228	190	0
1229	179	0
1230	192	0
1231	204	0
1232	200	0
1233	184	0
1234	189	0
1235	181	0
1236	222	0
1237	208	0
1238	181	0
1239	194	0
1240	204	0
1241	199	0
1242	230	0
1243	180	0
1244	189	0
1245	211	0
1246	203	0
1247	217	0
1248	180	0
1249	194	0
1250	198	0
1251	202	0
1252	204	0
1253	215	0
1254	212	0
1255	201	0
1256	202	0
1257	217	0
1258	213	0
1259	191	0
1260	196	0
1261	219	0
1262	232	0
1263	211	0
1264	188	0
1265	216	0
1266	208	0
1267	197	0
1268	182	0
1269	176	0
1270	200	0
1271	198	0
1272	215	0
1273	209	0
1274	171	0
1275	189	0
1276	227	0
1277	212	0
1278	194	0
1279	186	0
1280	210	0
1281	193	0
1282	175	0
1283	190	0
1284	198	0
1285	209	0
1286	181	0
1287	189	0
1288	203	0
1289	207	0
1290	195	0
1291	165	0
1292	193	0
1293	201	0
1294	195	0
1295	188	0
1296	186	0
1297	220	0
1298	192	0
1299	200	0
1300	210	0
1301	189	0
1302	218	0
1303	185	0
1304	216	0
1305	201	0
1306	198	0
1307	209	0
1308	196	0
1309	214	0
1310	186	0
1311	195	0
1312	213	0
1313	201	0
1314	210	0
1315	205	0
1316	212	0
1317	214	0
1318	202	0
1319	210	0
1320	247	0
1321	187	0
1322	161	0
1323	213	0
1324	214	0
1325	225	0
1326	189	0
1327	197	0
1328	227	0
1329	191	0
1330	222	0
1331	192	0
1332	197	0
1333	227	0
1334	220	0
1335	209	0
1336	205	0
1337	237	0
1338	196	0
1339	215	0
1340	183	0
1341	219	0
1342	186	0
1343	212	0
1344	202	0
1345	217	0
1346	198	0
1347	216	0
1348	176	0
1349	194	0
1350	158	0
1351	198	0
1352	207	0
1353	197	0
1354	197	0
1355	208	0
1356	216	0
1357	192	0
1358	202	0
1359	179	0
1360	208	0
1361	206	0
1362	202	0
1363	179	0
1364	184	0
1365	191	0
1366	176	0
1367	193	0
1368	192	0
1369	187	0
1370	187	0
1371	190	0
1372	201	0
1373	219	0
1374	191	0
1375	246	0
1376	200	0
1377	210	0
1378	207	0
1379	204	0
1380	209	0
1381	188	0
1382	180	0
1383	209	0
1384	198	0
1385	187	0
1386	178	0
1387	210	0
1388	204	0
1389	226	0
1390	196	0
1391	190	0
1392	178	0
1393	198	0
1394	189	0
1395	159	0
1396	194	0
1397	224	0
1398	211	0
1399	234	0
1400	206	0
1401	198	0
1402	229	0
1403	226	0
1404	173	0
1405	211	0
1406	204	0
1407	185	0
1408	199	0
1409	220	0
1410	230	0
1411	235	0
1412	199	0
1413	211	0
1414	208	0
1415	190	0
1416	176	0
1417	195	0
1418	206	0
1419	200	0
1420	206	0
1421	209	0
1422	214	0
1423	196	0
1424	166	0
1425	202	0
1426	223	0
1427	214	0
1428	225	0
1429	190	0
1430	219	0
1431	226	0
1432	203	0
1433	192	0
1434	194	0
1435	200	0
1436	191	0
1437	216	0
1438	202	0
1439	166	0
1440	186	0
1441	183	0
1442	208	0
1443	189	0
1444	189	0
1445	182	0
1446	195	0
1447	205	0
1448	211	0
1449	211	0
1450	185	0
1451	207	0
1452	184	0
1453	203	0
1454	180	0
1455	183	0
1456	185	0
1457	204	0
1458	215	0
1459	210	0
1460	200	0
1461	215	0
1462	224	0
1463	208	0
1464	198	0
1465	224	0
1466	183	0
1467	217	0
1468	197	0
1469	190	0
1470	219	0
1471	181	0
1472	209	0
1473	219	0
1474	206	0
1475	175	0
1476	193	0
1477	211	0
1478	190	0
1479	201	0
1480	208	0
1481	201	0
1482	195	0
1483	189	0
1484	203	0
1485	197	0
1486	203	0
1487	204	0
1488	229	0
1489	175	0
1490	199	0
1491	213	0
1492	192	0
1493	205	0
1494	207	0
1495	197	0
1496	221	0
1497	170	0
1498	218	0
1499	220	0
1500	202	0
1501	184	0
1502	212	0
1503	196	0
1504	200	0
1505	172	0
1506	221	0
1507	200	0
1508	189	0
1509	201	0
1510	184	0
1511	199	0
1512	165	0
1513	200	0
1514	198	0
1515	188	0
1516	205	0
1517	181	0
1518	195	0
1519	189	0
1520	163	0
1521	224	0
1522	175	0
1523	196	0
1524	208	0
1525	203	0
1526	235	0
1527	194	0
1528	218	0
1529	199	0
1530	209	0
1531	207	0
1532	193	0
1533	185	0
1534	182	0
1535	204	0
1536	206	0
1537	204	0
1538	220	0
1539	198	0
1540	224	0
1541	184	0
1542	175	0
1543	177	0
1544	203	0
1545	183	0
1546	198	0
1547	210	0
1548	207	0
1549	234	0
1550	186	0
1551	209	0
1552	197	0
1553	181	0
1554	212	0
1555	207	0
1556	177	0
1557	198	0
1558	218	0
1559	215	0
1560	228	0
1561	195	0
1562	190	0
1563	197	0
1564	182	0
1565	186	0
1566	200	0
1567	204	0
1568	216	0
1569	197	0
1570	182	0
1571	198	0
1572	194	0
1573	209	0
1574	209	0
1575	209	0
1576	173	0
1577	191	0
1578	177	0
1579	196	0
1580	203	0
1581	182	0
1582	201	0
1583	201	0
1584	192	0
1585	175	0
1586	209	0
1587	210	0
1588	195	0
1589	201	0
1590	160	0
1591	202	0
1592	196	0
1593	204	0
1594	191	0
1595	184	0
1596	214	0
1597	205	0
1598	183	0
1599	216	0
1600	200	0
1601	190	0
1602	197	0
1603	217	0
1604	193	0
1605	219	0
1606	212	0
1607	175	0
1608	208	0
1609	187	0
1610	199	0
1611	189	0
1612	193	0
1613	202	0
1614	210	0
1615	190	0
1616	192	0
1617	193	0
1618	186	0
1619	197	0
1620	201	0
1621	180	0
1622	183	0
1623	197	0
1624	207	0
1625	229	0
1626	205	0
1627	168	0
1628	216	0
1629	222	0
1630	191	0
1631	182	0
1632	189	0
1633	199	0
1634	178	0
1635	221	0
1636	206	0
1637	194	0
1638	224	0
1639	204	0
1640	197	0
1641	194	0
1642	197	0
1643	225	0
1644	191	0
1645	208	0
1646	209	0
1647	176	0
1648	186	0
1649	202	0
1650	221	0
1651	209	0
1652	233	0
1653	186	0
1654	196	0
1655	215	0
1656	188	0
1657	169	0
1658	209	0
1659	199	0
1660	203	0
1661	202	0
1662	203	0
1663	177	0
1664	190	0
1665	197	0
1666	193	0
1667	196	0
1668	201	0
1669	216	0
1670	208	0
1671	198	0
1672	228	0
1673	208	0
1674	189	0
1675	206	0
1676	222	0
1677	218	0
1678	187	0
1679	206	0
1680	202	0
1681	213	0
1682	187	0
1683	242	0
1684	209	0
1685	182	0
1686	189	0
1687	185	0
1688	218	0
1689	194	0
1690	200	0
1691	229	0
1692	201	0
1693	195	0
1694	196	0
1695	180	0
1696	211	0
1697	195	0
1698	205	0
1699	228	0
1700	181	0
1701	196	0
1702	181	0
1703	198	0
1704	217	0
1705	201	0
1706	196	0
1707	205	0
1708	218	0
1709	180	0
1710	185	0
1711	195	0
1712	189	0
1713	202	0
1714	221	0
1715	201	0
1716	150	0
1717	180	0
1718	214	0
1719	189	0
1720	180	0
1721	199	0
1722	203	0
1723	197	0
1724	189	0
1725	195	0
1726	212	0
1727	190	0
1728	194	0
1729	212	0
1730	206	0
1731	201	0
1732	197	0
1733	166	0
1734	204	0
1735	189	0
1736	174	0
1737	197	0
1738	188	0
1739	184	0
1740	207	0
1741	198	0
1742	204	0
1743	210	0
1744	199	0
1745	199	0
1746	204	0
1747	195	0
1748	191	0
1749	215	0
1750	218	0
1751	198	0
1752	211	0
1753	209	0
1754	218	0
1755	188	0
1756	184	0
1757	218	0
1758	194	0
1759	186	0
1760	195	0
1761	214	0
1762	175	0
1763	186	0
1764	213	0
1765	201	0
1766	184	0
1767	198	0
1768	192	0
1769	222	0
1770	180	0
1771	207	0
1772	174	0
1773	224	0
1774	192	0
1775	180	0
1776	193	0
1777	200	0
1778	199	0
1779	181	0
1780	181	0
1781	195	0
1782	184	0
1783	184	0
1784	220	0
1785	216	0
1786	196	0
1787	232	0
1788	209	0
1789	203	0
1790	201	0
1791	198	0
1792	208	0
1793	189	0
1794	199	0
1795	196	0
1796	174	0
1797	185	0
1798	183	0
1799	204	0
1800	191	0
1801	209	0
1802	191	0
1803	193	0
1804	187	0
1805	215	0
1806	180	0
1807	185	0
1808	203	0
1809	198	0
1810	197	0
1811	201	0
1812	195	0
1813	196	0
1814	192	0
1815	215	0
1816	190	0
1817	211	0
1818	213	0
1819	199	0
1820	204	0
1821	208	0
1822	195	0
1823	205	0
1824	216	0
1825	204	0
1826	204	0
1827	213	0
1828	169	0
1829	209	0
1830	222	0
1831	227	0
1832	197	0
1833	204	0
1834	205	0
1835	198	0
1836	202	0
1837	195	0
1838	187	0
1839	218	0
1840	207	0
1841	190	0
1842	213	0
1843	203	0
1844	198	0
1845	201	0
1846	190	0
1847	189	0
1848	178	0
1849	195	0
1850	194	0
1851	182	0
1852	203	0
1853	200	0
1854	217	0
1855	228	0
1856	208	0
1857	206	0
1858	192	0
1859	207	0
1860	177	0
1861	208	0
1862	220	0
1863	197	0
1864	183	0
1865	193	0
1866	210	0
1867	166	0
1868	202	0
1869	194	0
1870	187	0
1871	194	0
1872	212	0
1873	184	0
1874	174	0
1875	192	0
1876	194	0
1877	199	0
1878	197	0
1879	221	0
1880	215	0
1881	199	0
1882	224	0
1883	211	0
1884	196	0
1885	212	0
1886	214	0
1887	191	0
1888	207	0
1889	216	0
1890	224	0
1891	204	0
1892	167	0
1893	207	0
1894	181	0
1895	194	0
1896	188	0
1897	187	0
1898	208	0
1899	214	0
1900	210	0
1901	178	0
1902	172	0
1903	195	0
1904	207	0
1905	204	0
1906	191	0
1907	224	0
1908	180	0
1909	194	0
1910	203	0
1911	174	0
1912	178	0
1913	221	0
1914	205	0
1915	188	0
1916	182	0
1917	208	0
1918	216	0
1919	190	0
1920	195	0
1921	197	0
1922	215	0
1923	198	0
1924	204	0
1925	171	0
1926	193	0
1927	186	0
1928	191	0
1929	201	0
1930	201	0
1931	205	0
1932	209	0
1933	208	0
1934	213	0
1935	221	0
1936	201	0
1937	223	0
1938	198	0
1939	211	0
1940	201	0
1941	222	0
1942	186	0
1943	245	0
1944	208	0
1945	212	0
1946	186	0
1947	196	0
1948	199	0
1949	196	0
1950	188	0
1951	196	0
1952	202	0
1953	187	0
1954	202	0
1955	184	0
1956	198	0
1957	170	0
1958	203	0
1959	222	0
1960	182	0
1961	234	0
1962	211	0
1963	195	0
1964	205	0
1965	195	0
1966	207	0
1967	193	0
1968	221	0
1969	195	0
1970	225	0
1971	215	0
1972	206	0
1973	195	0
1974	181	0
1975	247	0
1976	216	0
1977	183	0
1978	187	0
1979	196	0
1980	195	0
1981	191	0
1982	212	0
1983	188	0
1984	193	0
1985	190	0
1986	193	0
1987	212	0
1988	170	0
1989	189	0
1990	202	0
1991	212	0
1992	186	0
1993	214	0
1994	173	0
1995	197	0
1996	170	0
1997	179	0
1998	200	0
1999	185	0
2000	194	0
2001	208	0
2002	202	0
2003	189	0
2004	207	0
2005	196	0
2006	221	0
2007	166	0
2008	212	0
2009	197	0
2010	195	0
2011	203	0
2012	197	0
2013	180	0
2014	186	0
2015	202	0
2016	186	0
2017	188	0
2018	198	0
2019	212	0
2020	205	0
2021	191	0
2022	193	0
2023	222	0
2024	201	0
2025	182	0
2026	188	0
2027	217	0
2028	183	0
2029	202	0
2030	216	0
2031	195	0
2032	195	0
2033	171	0
2034	208	0
2035	191	0
2036	183	0
2037	223	0
2038	202	0
2039	221	0
2040	214	0
2041	178	0
2042	191	0
2043	205	0
2044	202	0
2045	192	0
2046	192	0
2047	199	0
2048	210	0
2049	191	0
2050	203	0
2051	199	0
2052	197	0
2053	218	0
2054	204	0
2055	220	0
2056	217	0
2057	194	0
2058	195	0
2059	219	0
2060	177	0
2061	202	0
2062	204	0
2063	215	0
2064	184	0
2065	190	0
2066	213	0
2067	202	0
2068	188	0
2069	182	0
2070	207	0
2071	213	0
2072	203	0
2073	208	0
2074	218	0
2075	195	0
2076	201	0
2077	209	0
2078	204	0
2079	195	0
2080	218	0
2081	214	0
2082	189	0
2083	189	0
2084	206	0
2085	211	0
2086	180	0
2087	187	0
2088	197	0
2089	214	0
2090	211	0
2091	177	0
2092	202	0
2093	218	0
2094	202	0
2095	173	0
2096	198	0
2097	187	0
2098	189	0
2099	199	0
2100	197	0
2101	181	0
2102	194	0
2103	179	0
2104	185	0
2105	190	0
2106	183	0
2107	201	0
2108	192	0
2109	199	0
2110	200	0
2111	183	0
2112	204	0
2113	189	0
2114	205	0
2115	202	0
2116	189	0
2117	196	0
2118	216	0
2119	178	0
2120	188	0
2121	187	0
2122	202	0
2123	211	0
2124	208	0
2125	177	0
2126	214	0
2127	197	0
2128	215	0
2129	190	0
2130	207	0
2131	185	0
2132	194	0
2133	215	0
2134	201	0
2135	184	0
2136	199	0
2137	220	0
2138	192	0
2139	170	0
2140	224	0
2141	206	0
2142	202	0
2143	171	0
2144	193	0
2145	224	0
2146	190	0
2147	180	0
2148	197	0
2149	194	0
2150	202	0
2151	189	0
2152	202	0
2153	199	0
2154	197	0
2155	197	0
2156	187	0
2157	181	0
2158	182	0
2159	188	0
2160	202	0
2161	198	0
2162	225	0
2163	208	0
2164	210	0
2165	201	0
2166	215	0
2167	213	0
2168	180	0
2169	192	0
2170	175	0
2171	211	0
2172	212	0
2173	217	0
2174	199	0
2175	205	0
2176	199	0
2177	168	0
2178	200	0
2179	201	0
2180	216	0
2181	209	0
2182	199	0
2183	179	0
2184	206	0
2185	174	0
2186	198	0
2187	209	0
2188	214	0
2189	182	0
2190	200	0
2191	191	0
2192	185	0
2193	213	0
2194	162	0
2195	197	0
2196	192	0
2197	212	0
2198	182	0
2199	185	0
2200	192	0
2201	201	0
2202	165	0
2203	217	0
2204	184	0
2205	223	0
2206	191	0
2207	194	0
2208	211	0
2209	206	0
2210	194	0
2211	207	0
2212	182	0
2213	170	0
2214	202	0
2215	211	0
2216	198	0
2217	193	0
2218	191	0
2219	193	0
2220	228	0
2221	214	0
2222	202	0
2223	206	0
2224	205	0
2225	197	0
2226	186	0
2227	205	0
2228	179	0
2229	193	0
2230	193	0
2231	232	0
2232	208	0
2233	196	0
2234	220	0
2235	197	0
2236	179	0
2237	204	0
2238	216	0
2239	203	0
2240	184	0
2241	219	0
2242	174	0
2243	209	0
2244	190	0
2245	195	0
2246	206	0
2247	197	0
2248	202	0
2249	197	0
2250	199	0
2251	187	0
2252	187	0
2253	198	0
2254	193	0
2255	195	0
2256	196	0
2257	180	0
2258	216	0
2259	190	0
2260	209	0
2261	188	0
2262	206	0
2263	174	0
2264	195	0
2265	213	0
2266	222	0
2267	174	0
2268	210	0
2269	213	0
2270	191	0
2271	201	0
2272	174	0
2273	186	0
2274	163	0
2275	192	0
2276	210	0
2277	189	0
2278	188	0
2279	193	0
2280	226	0
2281	199	0
2282	194	0
2283	185	0
2284	208	0
2285	188	0
2286	200	0
2287	190	0
2288	198	0
2289	197	0
2290	204	0
2291	205	0
2292	193	0
2293	195	0
2294	202	0
2295	189	0
2296	200	0
2297	184	0
2298	203	0
2299	186	0
2300	196	0
2301	210	0
2302	213	0
2303	210	0
2304	223	0
2305	187	0
2306	217	0
2307	216	0
2308	192	0
2309	205	0
2310	191	0
2311	198	0
2312	200	0
2313	186	0
2314	180	0
2315	206	0
2316	209	0
2317	201	0
2318	199	0
2319	214	0
2320	213	0
2321	195	0
2322	180	0
2323	201	0
2324	201	0
2325	182	0
2326	187	0
2327	211	0
2328	205	0
2329	230	0
2330	202	0
2331	211	0
2332	191	0
2333	204	0
2334	205	0
2335	200	0
2336	201	0
2337	198	0
2338	179	0
2339	185	0
2340	220	0
2341	198	0
2342	217	0
2343	203	0
2344	182	0
2345	201	0
2346	190	0
2347	194	0
2348	220	0
2349	203	0
2350	186	0
2351	202	0
2352	216	0
2353	198	0
2354	213	0
2355	189	0
2356	243	0
2357	187	0
2358	171	0
2359	178	0
2360	179	0
2361	200	0
2362	208	0
2363	173	0
2364	203	0
2365	190	0
2366	199	0
2367	215	0
2368	211	0
2369	201	0
2370	199	0
2371	185	0
2372	209	0
2373	224	0
2374	171	0
2375	201	0
2376	178	0
2377	244	0
2378	206	0
2379	226	0
2380	241	0
2381	218	0
2382	195	0
2383	179	0
2384	230	0
2385	220	0
2386	182	0
2387	199	0
2388	174	0
2389	182	0
2390	203	0
2391	204	0
2392	165	0
2393	196	0
2394	191	0
2395	208	0
2396	212	0
2397	204	0
2398	206	0
2399	214	0
2400	226	0
2401	214	0
2402	220	0
2403	204	0
2404	194	0
2405	185	0
2406	180	0
2407	201	0
2408	197	0
2409	186	0
2410	174	0
2411	205	0
2412	227	0
2413	180	0
2414	211	0
2415	222	0
2416	221	0
2417	186	0
2418	207	0
2419	179	0
2420	184	0
2421	214	0
2422	217	0
2423	149	0
2424	196	0
2425	206	0
2426	181	0
2427	233	0
2428	207	0
2429	182	0
2430	199	0
2431	202	0
2432	201	0
2433	210	0
2434	193	0
2435	204	0
2436	191	0
2437	217	0
2438	206	0
2439	197	0
2440	216	0
2441	206	0
2442	214	0
2443	186	0
2444	211	0
2445	196	0
2446	191	0
2447	175	0
2448	204	0
2449	184	0
2450	205	0
2451	185	0
2452	205	0
2453	192	0
2454	212	0
2455	187	0
2456	194	0
2457	188	0
2458	191	0
2459	212	0
2460	168	0
2461	194	0
2462	215	0
2463	185	0
2464	222	0
2465	193	0
2466	189	0
2467	203	0
2468	178	0
2469	195	0
2470	217	0
2471	214	0
2472	188	0
2473	208	0
2474	203	0
2475	204	0
2476	215	0
2477	184	0
2478	175	0
2479	191	0
2480	203	0
2481	219	0
2482	200	0
2483	159	0
2484	189	0
2485	160	0
2486	208	0
2487	197	0
2488	182	0
2489	210	0
2490	194	0
2491	182	0
2492	180	0
2493	196	0
2494	212	0
2495	193	0
2496	206	0
2497	201	0
2498	201	0
2499	214	0
2500	184	0
2501	205	0
2502	213	0
2503	222	0
2504	211	0
2505	206	0
2506	193	0
2507	198	0
2508	208	0
2509	195	0
2510	207	0
2511	189	0
2512	204	0
2513	203	0
2514	219	0
2515	204	0
2516	199	0
2517	214	0
2518	220	0
2519	193	0
2520	214	0
2521	176	0
2522	209	0
2523	195	0
2524	221	0
2525	185	0
2526	182	0
2527	205	0
2528	201	0
2529	193	0
2530	202	0
2531	204	0
2532	201	0
2533	181	0
2534	213	0
2535	195	0
2536	192	0
2537	213	0
2538	203	0
2539	183	0
2540	222	0
2541	197	0
2542	178	0
2543	188	0
2544	215	0
2545	193	0
2546	214	0
2547	197	0
2548	203	0
2549	226	0
2550	199	0
2551	197	0
2552	197	0
2553	208	0
2554	192	0
2555	192	0
2556	217	0
2557	191	0
2558	223	0
2559	176	0
2560	195	0
2561	189	0
2562	191	0
2563	191	0
2564	219	0
2565	199	0
2566	195	0
2567	184	0
2568	185	0
2569	201	0
2570	199	0
2571	205	0
2572	205	0
2573	194	0
2574	210	0
2575	187	0
2576	222	0
2577	204	0
2578	190	0
2579	228	0
2580	224	0
2581	206	0
2582	193	0
2583	212	0
2584	186	0
2585	188	0
2586	197	0
2587	203	0
2588	221	0
2589	185	0
2590	208	0
2591	213	0
2592	199	0
2593	208	0
2594	215	0
2595	228	0
2596	197	0
2597	173	0
2598	212	0
2599	204	0
2600	213	0
2601	217	0
2602	197	0
2603	191	0
2604	172	0
2605	197	0
2606	210	0
2607	210	0
2608	188	0
2609	202	0
2610	183	0
2611	188	0
2612	181	0
2613	219	0
2614	221	0
2615	188	0
2616	184	0
2617	193	0
2618	221	0
2619	181	0
2620	185	0
2621	207	0
2622	205	0
2623	213	0
2624	205	0
2625	223	0
2626	201	0
2627	232	0
2628	194	0
2629	194	0
2630	201	0
2631	197	0
2632	223	0
2633	199	0
2634	206	0
2635	194	0
2636	202	0
2637	205	0
2638	198	0
2639	184	0
2640	204	0
2641	191	0
2642	204	0
2643	190	0
2644	204	0
2645	178	0
2646	227	0
2647	192	0
2648	195	0
2649	218	0
2650	195	0
2651	210	0
2652	173	0
2653	183	0
2654	222	0
2655	214	0
2656	228	0
2657	176	0
2658	201	0
2659	193	0
2660	192	0
2661	226	0
2662	203	0
2663	202	0
2664	201	0
2665	206	0
2666	210	0
2667	188	0
2668	201	0
2669	192	0
2670	172	0
2671	200	0
2672	196	0
2673	206	0
2674	204	0
2675	203	0
2676	189	0
2677	198	0
2678	168	0
2679	198	0
2680	180	0
2681	191	0
2682	199	0
2683	212	0
2684	186	0
2685	185	0
2686	176	0
2687	195	0
2688	190	0
2689	217	0
2690	186	0
2691	220	0
2692	195	0
2693	207	0
2694	166	0
2695	215	0
2696	190	0
2697	188	0
2698	210	0
2699	189	0
2700	213	0
2701	192	0
2702	195	0
2703	182	0
2704	205	0
2705	181	0
2706	190	0
2707	175	0
2708	178	0
2709	211	0
2710	205	0
2711	209	0
2712	195	0
2713	216	0
2714	217	0
2715	227	0
2716	192	0
2717	211	0
2718	181	0
2719	212	0
2720	186	0
2721	197	0
2722	182	0
2723	217	0
2724	200	0
2725	226	0
2726	192	0
2727	168	0
2728	188	0
2729	183	0
2730	195	0
2731	198	0
2732	203	0
2733	207	0
2734	214	0
2735	203	0
2736	174	0
2737	195	0
2738	196	0
2739	196	0
2740	186	0
2741	197	0
2742	224	0
2743	203	0
2744	218	0
2745	200	0
2746	206	0
2747	180	0
2748	229	0
2749	206	0
2750	191	0
2751	194	0
2752	202	0
2753	177	0
2754	207	0
2755	191	0
2756	218	0
2757	185	0
2758	189	0
2759	177	0
2760	207	0
2761	193	0
2762	198	0
2763	181	0
2764	202	0
2765	173	0
2766	190	0
2767	222	0
2768	201	0
2769	190	0
2770	192	0
2771	212	0
2772	186	0
2773	190	0
2774	189	0
2775	202	0
2776	194	0
2777	203	0
2778	207	0
2779	187	0
2780	190	0
2781	175	0
2782	214	0
2783	199	0
2784	193	0
2785	185	0
2786	211	0
2787	206	0
2788	179	0
2789	196	0
2790	186	0
2791	213	0
2792	228	0
2793	202	0
2794	176	0
2795	204	0
2796	211	0
2797	196	0
2798	205	0
2799	204	0
2800	188	0
2801	208	0
2802	189	0
2803	178	0
2804	177	0
2805	192	0
2806	196	0
2807	179	0
2808	171	0
2809	214	0
2810	167	0
2811	199	0
2812	223	0
2813	180	0
2814	225	0
2815	181	0
2816	215	0
2817	204	0
2818	209	0
2819	182	0
2820	211	0
2821	221	0
2822	187	0
2823	210	0
2824	193	0
2825	173	0
2826	182	0
2827	204	0
2828	215	0
2829	186	0
2830	185	0
2831	188	0
2832	209	0
2833	213	0
2834	214	0
2835	207	0
2836	192	0
2837	198	0
2838	188	0
2839	187	0
2840	207	0
2841	202	0
2842	184	0
2843	197	0
2844	174	0
2845	220	0
2846	186	0
2847	175	0
2848	188	0
2849	199	0
2850	195	0
2851	205	0
2852	183	0
2853	181	0
2854	193	0
2855	203	0
2856	201	0
2857	218	0
2858	199	0
2859	215	0
2860	203	0
2861	186	0
2862	173	0
2863	194	0
2864	220	0
2865	190	0
2866	212	0
2867	221	0
2868	164	0
2869	190	0
2870	200	0
2871	188	0
2872	205	0
2873	189	0
2874	209	0
2875	207	0
2876	166	0
2877	179	0
2878	187	0
2879	206	0
2880	203	0
2881	228	0
2882	200	0
2883	197	0
2884	188	0
2885	213	0
2886	189	0
2887	198	0
2888	211	0
2889	202	0
2890	188	0
2891	221	0
2892	197	0
2893	194	0
2894	198	0
2895	183	0
2896	190	0
2897	179	0
2898	195	0
2899	206	0
2900	195	0
2901	189	0
2902	198	0
2903	191	0
2904	190	0
2905	195	0
2906	211	0
2907	204	0
2908	198	0
2909	198	0
2910	210	0
2911	197	0
2912	202	0
2913	193	0
2914	220	0
2915	209	0
2916	198	0
2917	193	0
2918	208	0
2919	199	0
2920	213	0
2921	198	0
2922	187	0
2923	176	0
2924	202	0
2925	187	0
2926	194	0
2927	200	0
2928	186	0
2929	186	0
2930	215	0
2931	205	0
2932	192	0
2933	225	0
2934	206	0
2935	200	0
2936	192	0
2937	189	0
2938	191	0
2939	216	0
2940	211	0
2941	192	0
2942	203	0
2943	208	0
2944	193	0
2945	209	0
2946	184	0
2947	192	0
2948	206	0
2949	184	0
2950	204	0
2951	193	0
2952	200	0
2953	182	0
2954	209	0
2955	206	0
2956	177	0
2957	219	0
2958	200	0
2959	211	0
2960	197	0
2961	187	0
2962	207	0
2963	203	0
2964	200	0
2965	198	0
2966	195	0
2967	206	0
2968	211	0
2969	175	0
2970	231	0
2971	174	0
2972	212	0
2973	207	0
2974	198	0
2975	218	0
2976	201	0
2977	193	0
2978	200	0
2979	188	0
2980	200	0
2981	179	0
2982	198	0
2983	221	0
2984	223	0
2985	196	0
2986	201	0
2987	201	0
2988	210	0
2989	178	0
2990	180	0
2991	192	0
2992	216	0
2993	188	0
2994	214	0
2995	165	0
2996	172	0
2997	184	0
2998	216	0
2999	220	0
3000	203	0
