1	217	0
2	187	0
3	224	0
4	181	0
5	206	0
6	195	0
7	224	0
8	218	0
9	208	0
10	210	0
11	203	0
12	153	0
13	189	0
14	190	0
15	177	0
16	203	0
17	213	0
18	171	0
19	200	0
20	195	0
21	189	0
22	203	0
23	195	0
24	199	0
25	208	0
26	168	0
27	204	0
28	193	0
29	207	0
30	195	0
31	204	0
32	215	0
33	181	0
34	207	0
35	207	0
36	186	0
37	208	0
38	200	0
39	211	0
40	223	0
41	202	0
42	208	0
43	207	0
44	201	0
45	192	0
46	188	0
47	209	0
48	182	0
49	194	0
50	183	0
51	209	0
52	220	0
53	186	0
54	191	0
55	218	0
56	210	0
57	204	0
58	208	0
59	200	0
60	213	0
61	183	0
62	198	0
63	193	0
64	209	0
65	200	0
66	193	0
67	178	0
68	218	0
69	193	0
70	184	0
71	169	0
72	201	0
73	192	0
74	200	0
75	198	0
76	231	0
77	205	0
78	172	0
79	187	0
80	203	0
81	190	0
82	207	0
83	210	0
84	197	0
85	179	0
86	213	0
87	205	0
88	226	0
89	197	0
90	201	0
91	204	0
92	167	0
93	218	0
94	214	0
95	180	0
96	198	0
97	197	0
98	190	0
99	195	0
100	190	0
101	207	0
102	209	0
103	180	0
104	225	0
105	203	0
106	188	0
107	188	0
108	197	0
109	212	0
110	192	0
111	210	0
112	206	0
113	208	0
114	199	0
115	222	0
116	232	0
117	207	0
118	201	0
119	216	0
120	185	0
121	174	0
122	224	0
123	206	0
124	214	0
125	195	0
126	183	0
127	180	0
128	191	0
129	204	0
130	204	0
131	214	0
132	212	0
133	182	0
134	182	0
135	179	0
136	196	0
137	191	0
138	190	0
139	166	0
140	187	0
141	206	0
142	194	0
143	244	0
144	192	0
145	208	0
146	214	0
147	209	0
148	205	0
149	195	0
150	192	0
151	212	0
152	222	0
153	190	0
154	175	0
155	217	0
156	205	0
157	201	0
158	183	0
159	200	0
160	185	0
161	203	0
162	226	0
163	193	0
164	198	0
165	210	0
166	200	0
167	212	0
168	189	0
169	204	0
170	213	0
171	202	0
172	194	0
173	206	0
174	211	0
175	197	0
176	201	0
177	212	0
178	200	0
179	206	0
180	180	0
181	220	0
182	183	0
183	182	0
184	174	0
185	195	0
186	203	0
187	206	0
188	232	0
189	205	0
190	164	0
191	225	0
192	184	0
193	210	0
194	184	0
195	207	0
196	210	0
197	192	0
198	208	0
199	204	0
200	210	0
201	197	0
202	182	0
203	198	0
204	206	0
205	214	0
206	208	0
207	211	0
208	219	0
209	206	0
210	214	0
211	193	0
212	190	0
213	216	0
214	198	0
215	178	0
216	203	0
217	171	0
218	178	0
219	222	0
220	211	0
221	183	0
222	196	0
223	208	0
224	198	0
225	201	0
226	220	0
227	207	0
228	190	0
229	188	0
230	204	0
231	219	0
232	233	0
233	207	0
234	192	0
235	200	0
236	193	0
237	209	0
238	212	0
239	208	0
240	212	0
241	211	0
242	167	0
243	204	0
244	179	0
245	209	0
246	205	0
247	189	0
248	199	0
249	213	0
250	210	0
251	197	0
252	198	0
253	205	0
254	212	0
255	191	0
256	202	0
257	195	0
258	204	0
259	206	0
260	187	0
261	215	0
262	211	0
263	217	0
264	185	0
265	200	0
266	195	0
267	221	0
268	215	0
269	188	0
270	207	0
271	195	0
272	219	0
273	195	0
274	214	0
275	197	0
276	187	0
277	186	0
278	178	0
279	206	0
280	193	0
281	183	0
282	199	0
283	227	0
284	198	0
285	190	0
286	169	0
287	219	0
288	193	0
289	183	0
290	186	0
291	176	0
292	175	0
293	185	0
294	211	0
295	174	0
296	195	0
297	198	0
298	242	0
299	196	0
300	174	0
301	189	0
302	201	0
303	207	0
304	183	0
305	158	0
306	217	0
307	213	0
308	216	0
309	207	0
310	200	0
311	210	0
312	202	0
313	210	0
314	191	0
315	191	0
316	179	0
317	200	0
318	180	0
319	208	0
320	187	0
321	191	0
322	197	0
323	185	0
324	213	0
325	192	0
326	236	0
327	187	0
328	201	0
329	200	0
330	213	0
331	210	0
332	212	0
333	196	0
334	181	0
335	200	0
336	196	0
337	184	0
338	195	0
339	200	0
340	184	0
341	195	0
342	222	0
343	197	0
344	193	0
345	191	0
346	211	0
347	219	0
348	188	0
349	173	0
350	203	0
351	177	0
352	205	0
353	189	0
354	192	0
355	179	0
356	188	0
357	206	0
358	242	0
359	203	0
360	194	0
361	200	0
362	231	0
363	175	0
364	226	0
365	207	0
366	206	0
367	221	0
368	198	0
369	188	0
370	199	0
371	203	0
372	207	0
373	203	0
374	179	0
375	212	0
376	199	0
377	225	0
378	198	0
379	196	0
380	208	0
381	194	0
382	192	0
383	174	0
384	194	0
385	211	0
386	205	0
387	192	0
388	178	0
389	211	0
390	184	0
391	199	0
392	193	0
393	188	0
394	184	0
395	181	0
396	201	0
397	195	0
398	206	0
399	218	0
400	200	0
401	198	0
402	200	0
403	197	0
404	215	0
405	182	0
406	192	0
407	181	0
408	206	0
409	196	0
410	204	0
411	202	0
412	192	0
413	192	0
414	193	0
415	227	0
416	199	0
417	215	0
418	174	0
419	199	0
420	212	0
421	194	0
422	221	0
423	200	0
424	196	0
425	202	0
426	219	0
427	207	0
428	209	0
429	224	0
430	205	0
431	198	0
432	204	0
433	168	0
434	199	0
435	180	0
436	216	0
437	218	0
438	184	0
439	231	0
440	186	0
441	193	0
442	212	0
443	201	0
444	196	0
445	184	0
446	193	0
447	202	0
448	208	0
449	177	0
450	211	0
451	198	0
452	190	0
453	209	0
454	183	0
455	208	0
456	217	0
457	206	0
458	200	0
459	199	0
460	184	0
461	183	0
462	183	0
463	216	0
464	199	0
465	192	0
466	186	0
467	214	0
468	210	0
469	179	0
470	200	0
471	187	0
472	187	0
473	238	0
474	189	0
475	182	0
476	218	0
477	200	0
478	170	0
479	183	0
480	228	0
481	208	0
482	210	0
483	190	0
484	237	0
485	192	0
486	205	0
487	215	0
488	179	0
489	197	0
490	222	0
491	204	0
492	219	0
493	179	0
494	223	0
495	199	0
496	197	0
497	200	0
498	202	0
499	188	0
500	206	0
501	225	0
502	214	0
503	229	0
504	199	0
505	191	0
506	212	0
507	191	0
508	180	0
509	180	0
510	201	0
511	241	0
512	198	0
513	184	0
514	211	0
515	195	0
516	188	0
517	192	0
518	190	0
519	191	0
520	255	0
521	227	0
522	202	0
523	180	0
524	177	0
525	212	0
526	216	0
527	215	0
528	182	0
529	218	0
530	222	0
531	201	0
532	199	0
533	197	0
534	179	0
535	214	0
536	200	0
537	208	0
538	189	0
539	185	0
540	200	0
541	193	0
542	211	0
543	182	0
544	205	0
545	183	0
546	164	0
547	197	0
548	205	0
549	195	0
550	216	0
551	206	0
552	195	0
553	208	0
554	170	0
555	176	0
556	207	0
557	185	0
558	196	0
559	209	0
560	212	0
561	193	0
562	221	0
563	203	0
564	209	0
565	177	0
566	208	0
567	199	0
568	215	0
569	196	0
570	208	0
571	218	0
572	189	0
573	208	0
574	186	0
575	195	0
576	211	0
577	180	0
578	209	0
579	186	0
580	201	0
581	200	0
582	194	0
583	209	0
584	217	0
585	174	0
586	196	0
587	199	0
588	201	0
589	197	0
590	217	0
591	207	0
592	196	0
593	221	0
594	192	0
595	197	0
596	198	0
597	190	0
598	175	0
599	189	0
600	167	0
601	177	0
602	210	0
603	211	0
604	220	0
605	224	0
606	204	0
607	213	0
608	182	0
609	183	0
610	195	0
611	185	0
612	199	0
613	217	0
614	214	0
615	183	0
616	186	0
617	199	0
618	179	0
619	182	0
620	202	0
621	209	0
622	196	0
623	205	0
624	195	0
625	191	0
626	209	0
627	204	0
628	192	0
629	197	0
630	185	0
631	200	0
632	194	0
633	208	0
634	233	0
635	214	0
636	229	0
637	200	0
638	204	0
639	215	0
640	193	0
641	197	0
642	203	0
643	206	0
644	209	0
645	195	0
646	195	0
647	202	0
648	196	0
649	207	0
650	187	0
651	178	0
652	210	0
653	210	0
654	188	0
655	215	0
656	205	0
657	225	0
658	199	0
659	192	0
660	201	0
661	201	0
662	185	0
663	188	0
664	200	0
665	215	0
666	210	0
667	217	0
668	221	0
669	188	0
670	191	0
671	179	0
672	185	0
673	216	0
674	183	0
675	206	0
676	208	0
677	188	0
678	197	0
679	186	0
680	205	0
681	213	0
682	199	0
683	210	0
684	202	0
685	185	0
686	175	0
687	194	0
688	210	0
689	209	0
690	199	0
691	180	0
692	205	0
693	203	0
694	186	0
695	214	0
696	200	0
697	208	0
698	218	0
699	201	0
700	188	0
701	194	0
702	189	0
703	206	0
704	221	0
705	184	0
706	197	0
707	196	0
708	195	0
709	205	0
710	201	0
711	224	0
712	188	0
713	191	0
714	204	0
715	170	0
716	198	0
717	174	0
718	231	0
719	188	0
720	196	0
721	177	0
722	175	0
723	190	0
724	217	0
725	209	0
726	204	0
727	196	0
728	182	0
729	224	0
730	190	0
731	211	0
732	219	0
733	206	0
734	209	0
735	190	0
736	192	0
737	190	0
738	175	0
739	216	0
740	193	0
741	221	0
742	186	0
743	226	0
744	194	0
745	223	0
746	197	0
747	168	0
748	215	0
749	215	0
750	219	0
751	194	0
752	198	0
753	202	0
754	201	0
755	213	0
756	207	0
757	191	0
758	198	0
759	212	0
760	209	0
761	221	0
762	187	0
763	200	0
764	200	0
765	199	0
766	194	0
767	192	0
768	184	0
769	201	0
770	194	0
771	215	0
772	193	0
773	212	0
774	185	0
775	181	0
776	191	0
777	209	0
778	199	0
779	248	0
780	208	0
781	204	0
782	183	0
783	201	0
784	196	0
785	170	0
786	219	0
787	181	0
788	203	0
789	191	0
790	218	0
791	208	0
792	215	0
793	206	0
794	202	0
795	192	0
796	187	0
797	195	0
798	193	0
799	203	0
800	178	0
801	180	0
802	200	0
803	195	0
804	199	0
805	203	0
806	225	0
807	218	0
808	167	0
809	200	0
810	228	0
811	203	0
812	206	0
813	198	0
814	208	0
815	200	0
816	173	0
817	200	0
818	185	0
819	211	0
820	172	0
821	176	0
822	198	0
823	170	0
824	190	0
825	178	0
826	195	0
827	201	0
828	207	0
829	199	0
830	221	0
831	191	0
832	199	0
833	226	0
834	225	0
835	193	0
836	180	0
837	200	0
838	181	0
839	209	0
840	211	0
841	207	0
842	184	0
843	196	0
844	180	0
845	221	0
846	197	0
847	184	0
848	215	0
849	234	0
850	197	0
851	191	0
852	208	0
853	193	0
854	192	0
855	188	0
856	192	0
857	186	0
858	200	0
859	183	0
860	178	0
861	178	0
862	205	0
863	199	0
864	170	0
865	201	0
866	190	0
867	176	0
868	199	0
869	178	0
870	188	0
871	178	0
872	202	0
873	187	0
874	175	0
875	193	0
876	178	0
877	192	0
878	211	0
879	212	0
880	204	0
881	214	0
882	183	0
883	196	0
884	219	0
885	216	0
886	199	0
887	172	0
888	185	0
889	208	0
890	215	0
891	191	0
892	227	0
893	198	0
894	198	0
895	196	0
896	196	0
897	212	0
898	204	0
899	171	0
900	188	0
901	187	0
902	192	0
903	188	0
904	198	0
905	177	0
906	189	0
907	196	0
908	185	0
909	196	0
910	205	0
911	180	0
912	204	0
913	210	0
914	197	0
915	206	0
916	218	0
917	196	0
918	190	0
919	215	0
920	180	0
921	219	0
922	206	0
923	212	0
924	167	0
925	172	0
926	213	0
927	199	0
928	189	0
929	192	0
930	202	0
931	176	0
932	206	0
933	218	0
934	191	0
935	209	0
936	200	0
937	191	0
938	210	0
939	191	0
940	226	0
941	199	0
942	154	0
943	230	0
944	212	0
945	191	0
946	210	0
947	198	0
948	196	0
949	195	0
950	206	0
951	187	0
952	198	0
953	191	0
954	216	0
955	184	0
956	189	0
957	193	0
958	216	0
959	202	0
960	197	0
961	210	0
962	194	0
963	181	0
964	219	0
965	197	0
966	187	0
967	222	0
968	200	0
969	213	0
970	183	0
971	201	0
972	222	0
973	190	0
974	196	0
975	178	0
976	202	0
977	213	0
978	210	0
979	165	0
980	168	0
981	196	0
982	203	0
983	215	0
984	203	0
985	183	0
986	207	0
987	196	0
988	208	0
989	185	0
990	207	0
991	184	0
992	188	0
993	221	0
994	198	0
995	217	0
996	207	0
997	181	0
998	188	0
999	203	0
1000	192	0
1001	183	0
1002	204	0
1003	198	0
1004	180	0
1005	231	0
1006	208	0
1007	204	0
1008	196	0
1009	208	0
1010	184	0
1011	186	0
1012	213	0
1013	211	0
1014	186	0
1015	188	0
1016	226	0
1017	192	0
1018	203	0
1019	168	0
1020	214	0
1021	208	0
1022	198	0
1023	193	0
1024	193	0
1025	184	0
1026	223	0
1027	191	0
1028	223	0
1029	197	0
1030	227	0
1031	191	0
1032	208	0
1033	183	0
1034	195	0
1035	189	0
1036	218	0
1037	186	0
1038	195	0
1039	199	0
1040	233	0
1041	228	0
1042	213	0
1043	200	0
1044	221	0
1045	187	0
1046	192	0
1047	208	0
1048	204	0
1049	177	0
1050	197	0
1051	182	0
1052	214	0
1053	204	0
1054	193	0
1055	197	0
1056	208	0
1057	213	0
1058	216	0
1059	214	0
1060	195	0
1061	189	0
1062	183	0
1063	206	0
1064	210	0
1065	204	0
1066	226	0
1067	197	0
1068	229	0
1069	198	0
1070	207	0
1071	200	0
1072	211	0
1073	202	0
1074	174	0
1075	189	0
1076	210	0
1077	212	0
1078	193	0
1079	198	0
1080	216	0
1081	197	0
1082	200	0
1083	182	0
1084	191	0
1085	189	0
1086	216	0
1087	198	0
1088	180	0
1089	188	0
1090	184	0
1091	230	0
1092	205	0
1093	198	0
1094	200	0
1095	185	0
1096	211	0
1097	187	0
1098	217	0
1099	185	0
1100	189	0
1101	200	0
1102	201	0
1103	200	0
1104	213	0
1105	188	0
1106	207	0
1107	201	0
1108	192	0
1109	231	0
1110	214	0
1111	182	0
1112	179	0
1113	176	0
1114	192	0
1115	219	0
1116	201	0
1117	207	0
1118	209	0
1119	211	0
1120	192	0
1121	218	0
1122	198	0
1123	181	0
1124	179	0
1125	208	0
1126	201	0
1127	211	0
1128	192	0
1129	224	0
1130	204	0
1131	192	0
1132	226	0
1133	196	0
1134	186	0
1135	205	0
1136	170	0
1137	207	0
1138	198	0
1139	187	0
1140	233	0
1141	201	0
1142	204	0
1143	195	0
1144	175	0
1145	190	0
1146	199	0
1147	187	0
1148	201	0
1149	197	0
1150	197	0
1151	193	0
1152	207	0
1153	200	0
1154	188	0
1155	197	0
1156	203	0
1157	206	0
1158	215	0
1159	224	0
1160	216	0
1161	215	0
1162	225	0
1163	191	0
1164	172	0
1165	205	0
1166	196	0
1167	198	0
1168	191	0
1169	191	0
1170	204	0
1171	217	0
1172	202	0
1173	215	0
1174	191	0
1175	174	0
1176	205	0
1177	232	0
1178	189	0
1179	217	0
1180	192	0
1181	179	0
1182	209	0
1183	202	0
1184	186	0
1185	199	0
1186	193	0
1187	200	0
1188	199	0
1189	219	0
1190	189	0
1191	198	0
1192	191	0
1193	189	0
1194	200	0
1195	199	0
1196	205	0
1197	190	0
1198	178	0
1199	199	0
1200	191	0
1201	193	0
1202	180	0
1203	205	0
1204	180	0
1205	204	0
1206	207	0
1207	237	0
1208	189	0
1209	178	0
1210	216	0
1211	198	0
1212	188	0
1213	194	0
1214	211	0
1215	206	0
1216	190	0
1217	182	0
1218	198	0
1219	190	0
1220	196	0
1221	185	0
1222	198	0
1223	187	0
1224	213	0
1225	219	0
1226	188	0
1227	216	0
1228	183	0
1229	210	0
1230	173	0
1231	202	0
1232	180	0
1233	210	0
1234	203	0
1235	205	0
1236	207	0
1237	200	0
1238	213	0
1239	185	0
1240	199	0
1241	180	0
1242	205	0
1243	194	0
1244	174	0
1245	188	0
1246	199	0
1247	199	0
1248	196	0
1249	191	0
1250	189	0
1251	196	0
1252	206	0
1253	205	0
1254	185	0
1255	209	0
1256	201	0
1257	199	0
1258	190	0
1259	198	0
1260	229	0
1261	183	0
1262	195	0
1263	207	0
1264	214	0
1265	193	0
1266	211	0
1267	200	0
1268	185	0
1269	182	0
1270	200	0
1271	196	0
1272	183	0
1273	191	0
1274	235	0
1275	185	0
1276	190	0
1277	206	0
1278	174	0
1279	176	0
1280	190	0
1281	187	0
1282	206	0
1283	203	0
1284	189	0
1285	200	0
1286	185	0
1287	219	0
1288	199	0
1289	200	0
1290	182	0
1291	197	0
1292	185	0
1293	203	0
1294	186	0
1295	222	0
1296	227	0
1297	218	0
1298	211	0
1299	192	0
1300	216	0
1301	179	0
1302	185	0
1303	167	0
1304	200	0
1305	236	0
1306	194	0
1307	199	0
1308	176	0
1309	190	0
1310	196	0
1311	214	0
1312	205	0
1313	199	0
1314	224	0
1315	214	0
1316	200	0
1317	174	0
1318	203	0
1319	211	0
1320	198	0
1321	199	0
1322	189	0
1323	190	0
1324	200	0
1325	191	0
1326	205	0
1327	231	0
1328	209	0
1329	201	0
1330	207	0
1331	204	0
1332	198	0
1333	194	0
1334	232	0
1335	212	0
1336	191	0
1337	206	0
1338	216	0
1339	202	0
1340	208	0
1341	199	0
1342	200	0
1343	203	0
1344	188	0
1345	222	0
1346	191	0
1347	187	0
1348	194	0
1349	156	0
1350	195	0
1351	203	0
1352	219	0
1353	209	0
1354	204	0
1355	208	0
1356	222	0
1357	204	0
1358	219	0
1359	181	0
1360	211	0
1361	196	0
1362	203	0
1363	240	0
1364	194	0
1365	211	0
1366	206	0
1367	194	0
1368	195	0
1369	179	0
1370	199	0
1371	199	0
1372	229	0
1373	204	0
1374	203	0
1375	224	0
1376	199	0
1377	195	0
1378	186	0
1379	205	0
1380	165	0
1381	191	0
1382	178	0
1383	171	0
1384	218	0
1385	166	0
1386	197	0
1387	210	0
1388	196	0
1389	199	0
1390	208	0
1391	202	0
1392	208	0
1393	206	0
1394	188	0
1395	202	0
1396	211	0
1397	221	0
1398	202	0
1399	205	0
1400	201	0
1401	173	0
1402	182	0
1403	202	0
1404	220	0
1405	218	0
1406	184	0
1407	168	0
1408	206	0
1409	219	0
1410	196	0
1411	190	0
1412	196	0
1413	190	0
1414	200	0
1415	204	0
1416	191	0
1417	202	0
1418	185	0
1419	220	0
1420	241	0
1421	191	0
1422	200	0
1423	228	0
1424	224	0
1425	182	0
1426	219	0
1427	208	0
1428	192	0
1429	168	0
1430	214	0
1431	202	0
1432	211	0
1433	200	0
1434	183	0
1435	242	0
1436	167	0
1437	201	0
1438	210	0
1439	202	0
1440	193	0
1441	212	0
1442	186	0
1443	198	0
1444	222	0
1445	219	0
1446	203	0
1447	205	0
1448	219	0
1449	181	0
1450	235	0
1451	208	0
1452	222	0
1453	212	0
1454	199	0
1455	194	0
1456	220	0
1457	190	0
1458	199	0
1459	196	0
1460	195	0
1461	210	0
1462	198	0
1463	202	0
1464	209	0
1465	185	0
1466	193	0
1467	215	0
1468	198	0
1469	201	0
1470	191	0
1471	190	0
1472	196	0
1473	192	0
1474	191	0
1475	192	0
1476	190	0
1477	182	0
1478	170	0
1479	212	0
1480	205	0
1481	207	0
1482	182	0
1483	202	0
1484	202	0
1485	180	0
1486	221	0
1487	226	0
1488	185	0
1489	190	0
1490	206	0
1491	200	0
1492	178	0
1493	218	0
1494	211	0
1495	198	0
1496	194	0
1497	194	0
1498	224	0
1499	210	0
1500	167	0
1501	188	0
1502	204	0
1503	181	0
1504	199	0
1505	192	0
1506	196	0
1507	200	0
1508	187	0
1509	207	0
1510	190	0
1511	199	0
1512	198	0
1513	206	0
1514	210	0
1515	212	0
1516	243	0
1517	214	0
1518	180	0
1519	216	0
1520	188	0
1521	191	0
1522	199	0
1523	195	0
1524	194	0
1525	183	0
1526	212	0
1527	188	0
1528	189	0
1529	182	0
1530	202	0
1531	190	0
1532	195	0
1533	220	0
1534	191	0
1535	182	0
1536	185	0
1537	233	0
1538	193	0
1539	187	0
1540	196	0
1541	235	0
1542	213	0
1543	198	0
1544	198	0
1545	195	0
1546	234	0
1547	211	0
1548	202	0
1549	172	0
1550	197	0
1551	198	0
1552	209	0
1553	185	0
1554	190	0
1555	189	0
1556	187	0
1557	196	0
1558	201	0
1559	185	0
1560	197	0
1561	208	0
1562	209	0
1563	214	0
1564	185	0
1565	221	0
1566	221	0
1567	230	0
1568	191	0
1569	188	0
1570	179	0
1571	172	0
1572	199	0
1573	192	0
1574	199	0
1575	221	0
1576	215	0
1577	225	0
1578	192	0
1579	219	0
1580	170	0
1581	197	0
1582	178	0
1583	199	0
1584	211	0
1585	213	0
1586	221	0
1587	213	0
1588	218	0
1589	225	0
1590	186	0
1591	220	0
1592	178	0
1593	217	0
1594	177	0
1595	204	0
1596	181	0
1597	182	0
1598	205	0
1599	203	0
1600	196	0
1601	208	0
1602	199	0
1603	221	0
1604	223	0
1605	189	0
1606	189	0
1607	189	0
1608	215	0
1609	188	0
1610	214	0
1611	211	0
1612	202	0
1613	191	0
1614	195	0
1615	220	0
1616	219	0
1617	183	0
1618	196	0
1619	209	0
1620	203	0
1621	191	0
1622	181	0
1623	203	0
1624	213	0
1625	172	0
1626	181	0
1627	197	0
1628	185	0
1629	174	0
1630	216	0
1631	194	0
1632	197	0
1633	220	0
1634	194	0
1635	188	0
1636	167	0
1637	190	0
1638	218	0
1639	197	0
1640	181	0
1641	203	0
1642	200	0
1643	198	0
1644	194	0
1645	192	0
1646	215	0
1647	214	0
1648	190	0
1649	208	0
1650	202	0
1651	199	0
1652	199	0
1653	186	0
1654	205	0
1655	202	0
1656	200	0
1657	204	0
1658	209	0
1659	190	0
1660	208	0
1661	225	0
1662	201	0
1663	186	0
1664	211	0
1665	196	0
1666	169	0
1667	218	0
1668	182	0
1669	190	0
1670	198	0
1671	225	0
1672	183	0
1673	193	0
1674	203	0
1675	188	0
1676	178	0
1677	205	0
1678	203	0
1679	205	0
1680	192	0
1681	204	0
1682	208	0
1683	221	0
1684	192	0
1685	182	0
1686	225	0
1687	198	0
1688	207	0
1689	202	0
1690	221	0
1691	219	0
1692	200	0
1693	193	0
1694	213	0
1695	195	0
1696	196	0
1697	204	0
1698	186	0
1699	224	0
1700	207	0
1701	176	0
1702	211	0
1703	189	0
1704	239	0
1705	202	0
1706	199	0
1707	203	0
1708	181	0
1709	191	0
1710	194	0
1711	205	0
1712	234	0
1713	216	0
1714	195	0
1715	204	0
1716	195	0
1717	205	0
1718	201	0
1719	200	0
1720	213	0
1721	177	0
1722	216	0
1723	182	0
1724	187	0
1725	198	0
1726	191	0
1727	183	0
1728	207	0
1729	172	0
1730	190	0
1731	236	0
1732	208	0
1733	194	0
1734	177	0
1735	198	0
1736	201	0
1737	198	0
1738	191	0
1739	202	0
1740	201	0
1741	186	0
1742	199	0
1743	204	0
1744	203	0
1745	203	0
1746	183	0
1747	180	0
1748	192	0
1749	178	0
1750	180	0
1751	192	0
1752	225	0
1753	199	0
1754	182	0
1755	210	0
1756	221	0
1757	188	0
1758	176	0
1759	187	0
1760	213	0
1761	200	0
1762	202	0
1763	199	0
1764	196	0
1765	175	0
1766	196	0
1767	206	0
1768	185	0
1769	202	0
1770	205	0
1771	206	0
1772	200	0
1773	220	0
1774	192	0
1775	216	0
1776	195	0
1777	209	0
1778	192	0
1779	191	0
1780	191	0
1781	193	0
1782	212	0
1783	179	0
1784	196	0
1785	186	0
1786	192	0
1787	191	0
1788	185	0
1789	224	0
1790	203	0
1791	179	0
1792	217	0
1793	204	0
1794	208	0
1795	212	0
1796	193	0
1797	199	0
1798	175	0
1799	211	0
1800	205	0
1801	199	0
1802	216	0
1803	187	0
1804	198	0
1805	224	0
1806	183	0
1807	198	0
1808	207	0
1809	199	0
1810	191	0
1811	210	0
1812	216	0
1813	190	0
1814	182	0
1815	201	0
1816	180	0
1817	189	0
1818	176	0
1819	191	0
1820	191	0
1821	221	0
1822	211	0
1823	207	0
1824	206	0
1825	205	0
1826	191	0
1827	178	0
1828	185	0
1829	229	0
1830	176	0
1831	214	0
1832	182	0
1833	191	0
1834	195	0
1835	185	0
1836	185	0
1837	192	0
1838	180	0
1839	178	0
1840	189	0
1841	207	0
1842	170	0
1843	198	0
1844	167	0
1845	209	0
1846	187	0
1847	223	0
1848	190	0
1849	185	0
1850	211	0
1851	170	0
1852	189	0
1853	208	0
1854	176	0
1855	210	0
1856	202	0
1857	197	0
1858	203	0
1859	193	0
1860	211	0
1861	202	0
1862	185	0
1863	174	0
1864	208	0
1865	193	0
1866	222	0
1867	202	0
1868	194	0
1869	200	0
1870	207	0
1871	191	0
1872	202	0
1873	216	0
1874	220	0
1875	182	0
1876	197	0
1877	232	0
1878	205	0
1879	211	0
1880	193	0
1881	192	0
1882	211	0
1883	195	0
1884	227	0
1885	175	0
1886	201	0
1887	206	0
1888	187	0
1889	197	0
1890	175	0
1891	178	0
1892	225	0
1893	194	0
1894	183	0
1895	189	0
1896	224	0
1897	192	0
1898	186	0
1899	194	0
1900	203	0
1901	200	0
1902	216	0
1903	227	0
1904	199	0
1905	207	0
1906	190	0
1907	213	0
1908	200	0
1909	205	0
1910	209	0
1911	191	0
1912	204	0
1913	197	0
1914	208	0
1915	203	0
1916	203	0
1917	183	0
1918	194	0
1919	167	0
1920	202	0
1921	191	0
1922	194	0
1923	219	0
1924	222	0
1925	190	0
1926	208	0
1927	208	0
1928	200	0
1929	178	0
1930	226	0
1931	183	0
1932	222	0
1933	205	0
1934	181	0
1935	186	0
1936	206	0
1937	178	0
1938	224	0
1939	199	0
1940	217	0
1941	191	0
1942	181	0
1943	186	0
1944	188	0
1945	175	0
1946	218	0
1947	213	0
1948	211	0
1949	202	0
1950	206	0
1951	163	0
1952	238	0
1953	192	0
1954	218	0
1955	207	0
1956	192	0
1957	203	0
1958	186	0
1959	182	0
1960	194	0
1961	192	0
1962	200	0
1963	191	0
1964	195	0
1965	214	0
1966	212	0
1967	199	0
1968	209	0
1969	210	0
1970	180	0
1971	209	0
1972	187	0
1973	188	0
1974	204	0
1975	190	0
1976	190	0
1977	201	0
1978	178	0
1979	225	0
1980	182	0
1981	180	0
1982	200	0
1983	187	0
1984	206	0
1985	196	0
1986	187	0
1987	178	0
1988	182	0
1989	207	0
1990	182	0
1991	191	0
1992	195	0
1993	183	0
1994	174	0
1995	185	0
1996	195	0
1997	214	0
1998	233	0
1999	198	0
2000	189	0
2001	195	0
2002	175	0
2003	195	0
2004	196	0
2005	214	0
2006	191	0
2007	216	0
2008	200	0
2009	192	0
2010	172	0
2011	180	0
2012	228	0
2013	188	0
2014	189	0
2015	193	0
2016	201	0
2017	198	0
2018	210	0
2019	197	0
2020	177	0
2021	192	0
2022	204	0
2023	223	0
2024	200	0
2025	194	0
2026	216	0
2027	173	0
2028	236	0
2029	208	0
2030	207	0
2031	175	0
2032	218	0
2033	184	0
2034	189	0
2035	202	0
2036	208	0
2037	223	0
2038	182	0
2039	190	0
2040	203	0
2041	210	0
2042	211	0
2043	182	0
2044	183	0
2045	195	0
2046	200	0
2047	191	0
2048	203	0
2049	213	0
2050	228	0
2051	187	0
2052	185	0
2053	175	0
2054	191	0
2055	175	0
2056	193	0
2057	192	0
2058	184	0
2059	178	0
2060	189	0
2061	192	0
2062	199	0
2063	193	0
2064	197	0
2065	169	0
2066	192	0
2067	174	0
2068	209	0
2069	187	0
2070	195	0
2071	227	0
2072	164	0
2073	212	0
2074	185	0
2075	187	0
2076	196	0
2077	195	0
2078	187	0
2079	199	0
2080	201	0
2081	176	0
2082	206	0
2083	187	0
2084	176	0
2085	184	0
2086	179	0
2087	222	0
2088	178	0
2089	211	0
2090	202	0
2091	201	0
2092	182	0
2093	215	0
2094	188	0
2095	183	0
2096	199	0
2097	210	0
2098	191	0
2099	188	0
2100	203	0
2101	189	0
2102	204	0
2103	198	0
2104	154	0
2105	183	0
2106	227	0
2107	210	0
2108	221	0
2109	221	0
2110	200	0
2111	181	0
2112	199	0
2113	205	0
2114	219	0
2115	209	0
2116	192	0
2117	186	0
2118	168	0
2119	193	0
2120	196	0
2121	205	0
2122	224	0
2123	185	0
2124	196	0
2125	224	0
2126	185	0
2127	199	0
2128	225	0
2129	206	0
2130	190	0
2131	209	0
2132	200	0
2133	214	0
2134	211	0
2135	200	0
2136	212	0
2137	209	0
2138	197	0
2139	197	0
2140	197	0
2141	205	0
2142	229	0
2143	218	0
2144	186	0
2145	205	0
2146	209	0
2147	211	0
2148	200	0
2149	206	0
2150	194	0
2151	200	0
2152	209	0
2153	179	0
2154	168	0
2155	192	0
2156	225	0
2157	225	0
2158	197	0
2159	218	0
2160	192	0
2161	201	0
2162	190	0
2163	214	0
2164	194	0
2165	230	0
2166	208	0
2167	164	0
2168	188	0
2169	197	0
2170	198	0
2171	192	0
2172	193	0
2173	202	0
2174	207	0
2175	212	0
2176	182	0
2177	174	0
2178	219	0
2179	200	0
2180	181	0
2181	177	0
2182	193	0
2183	222	0
2184	205	0
2185	230	0
2186	189	0
2187	206	0
2188	177	0
2189	210	0
2190	192	0
2191	200	0
2192	179	0
2193	235	0
2194	198	0
2195	199	0
2196	202	0
2197	169	0
2198	180	0
2199	204	0
2200	217	0
2201	206	0
2202	206	0
2203	206	0
2204	179	0
2205	212	0
2206	196	0
2207	220	0
2208	207	0
2209	204	0
2210	195	0
2211	198	0
2212	222	0
2213	200	0
2214	201	0
2215	178	0
2216	191	0
2217	190	0
2218	195	0
2219	219	0
2220	189	0
2221	220	0
2222	206	0
2223	199	0
2224	203	0
2225	197	0
2226	190	0
2227	187	0
2228	189	0
2229	174	0
2230	198	0
2231	221	0
2232	213	0
2233	192	0
2234	207	0
2235	230	0
2236	215	0
2237	191	0
2238	196	0
2239	189	0
2240	194	0
2241	173	0
2242	215	0
2243	192	0
2244	210	0
2245	179	0
2246	204	0
2247	196	0
2248	216	0
2249	197	0
2250	224	0
2251	200	0
2252	189	0
2253	188	0
2254	176	0
2255	206	0
2256	227	0
2257	216	0
2258	214	0
2259	202	0
2260	192	0
2261	204	0
2262	210	0
2263	191	0
2264	170	0
2265	212	0
2266	184	0
2267	168	0
2268	205	0
2269	191	0
2270	189	0
2271	202	0
2272	203	0
2273	189	0
2274	184	0
2275	183	0
2276	206	0
2277	225	0
2278	204	0
2279	180	0
2280	209	0
2281	200	0
2282	197	0
2283	197	0
2284	200	0
2285	185	0
2286	203	0
2287	188	0
2288	198	0
2289	204	0
2290	202	0
2291	166	0
2292	203	0
2293	184	0
2294	198	0
2295	190	0
2296	193	0
2297	203	0
2298	231	0
2299	188	0
2300	201	0
2301	204	0
2302	188	0
2303	200	0
2304	185	0
2305	197	0
2306	187	0
2307	204	0
2308	183	0
2309	208	0
2310	220	0
2311	209	0
2312	203	0
2313	190	0
2314	213	0
2315	206	0
2316	185	0
2317	215	0
2318	216	0
2319	210	0
2320	202	0
2321	221	0
2322	204	0
2323	187	0
2324	218	0
2325	205	0
2326	189	0
2327	213	0
2328	216	0
2329	193	0
2330	189	0
2331	164	0
2332	223	0
2333	193	0
2334	194	0
2335	199	0
2336	162	0
2337	192	0
2338	195	0
2339	211	0
2340	212	0
2341	174	0
2342	239	0
2343	198	0
2344	199	0
2345	195	0
2346	212	0
2347	219	0
2348	216	0
2349	180	0
2350	193	0
2351	217	0
2352	191	0
2353	200	0
2354	209	0
2355	214	0
2356	197	0
2357	228	0
2358	218	0
2359	184	0
2360	188	0
2361	192	0
2362	182	0
2363	194	0
2364	213	0
2365	176	0
2366	204	0
2367	190	0
2368	189	0
2369	199	0
2370	223	0
2371	181	0
2372	201	0
2373	194	0
2374	210	0
2375	203	0
2376	186	0
2377	208	0
2378	201	0
2379	240	0
2380	192	0
2381	190	0
2382	203	0
2383	210	0
2384	189	0
2385	219	0
2386	203	0
2387	224	0
2388	193	0
2389	204	0
2390	215	0
2391	196	0
2392	174	0
2393	198	0
2394	230	0
2395	194	0
2396	185	0
2397	194	0
2398	190	0
2399	191	0
2400	205	0
2401	193	0
2402	194	0
2403	196	0
2404	222	0
2405	205	0
2406	221	0
2407	170	0
2408	205	0
2409	205	0
2410	199	0
2411	192	0
2412	211	0
2413	186	0
2414	204	0
2415	192	0
2416	198	0
2417	199	0
2418	193	0
2419	193	0
2420	208	0
2421	206	0
2422	192	0
2423	203	0
2424	203	0
2425	192	0
2426	191	0
2427	216	0
2428	179	0
2429	188	0
2430	216	0
2431	195	0
2432	200	0
2433	192	0
2434	213	0
2435	187	0
2436	198	0
2437	198	0
2438	174	0
2439	202	0
2440	202	0
2441	220	0
2442	193	0
2443	202	0
2444	179	0
2445	196	0
2446	180	0
2447	198	0
2448	205	0
2449	162	0
2450	190	0
2451	197	0
2452	185	0
2453	188	0
2454	175	0
2455	179	0
2456	217	0
2457	215	0
2458	209	0
2459	228	0
2460	188	0
2461	217	0
2462	187	0
2463	178	0
2464	195	0
2465	201	0
2466	204	0
2467	199	0
2468	201	0
2469	222	0
2470	195	0
2471	198	0
2472	194	0
2473	232	0
2474	207	0
2475	198	0
2476	200	0
2477	184	0
2478	200	0
2479	219	0
2480	193	0
2481	251	0
2482	198	0
2483	188	0
2484	187	0
2485	208	0
2486	191	0
2487	196	0
2488	244	0
2489	207	0
2490	178	0
2491	204	0
2492	200	0
2493	210	0
2494	188	0
2495	195	0
2496	189	0
2497	214	0
2498	214	0
2499	209	0
2500	194	0
2501	187	0
2502	203	0
2503	206	0
2504	209	0
2505	187	0
2506	223	0
2507	197	0
2508	206	0
2509	197	0
2510	206	0
2511	211	0
2512	201	0
2513	193	0
2514	174	0
2515	205	0
2516	205	0
2517	203	0
2518	197	0
2519	211	0
2520	212	0
2521	220	0
2522	244	0
2523	236	0
2524	212	0
2525	203	0
2526	191	0
2527	193	0
2528	205	0
2529	207	0
2530	181	0
2531	188	0
2532	194	0
2533	206	0
2534	200	0
2535	209	0
2536	194	0
2537	205	0
2538	195	0
2539	215	0
2540	199	0
2541	205	0
2542	186	0
2543	190	0
2544	196	0
2545	201	0
2546	195	0
2547	201	0
2548	216	0
2549	202	0
2550	187	0
2551	201	0
2552	187	0
2553	209	0
2554	213	0
2555	204	0
2556	186	0
2557	208	0
2558	194	0
2559	188	0
2560	205	0
2561	197	0
2562	214	0
2563	236	0
2564	170	0
2565	192	0
2566	193	0
2567	191	0
2568	207	0
2569	240	0
2570	201	0
2571	203	0
2572	196	0
2573	173	0
2574	195	0
2575	213	0
2576	203	0
2577	180	0
2578	217	0
2579	202	0
2580	199	0
2581	185	0
2582	190	0
2583	212	0
2584	231	0
2585	176	0
2586	190	0
2587	209	0
2588	185	0
2589	215	0
2590	201	0
2591	206	0
2592	165	0
2593	200	0
2594	201	0
2595	201	0
2596	194	0
2597	198	0
2598	191	0
2599	187	0
2600	201	0
2601	212	0
2602	200	0
2603	207	0
2604	182	0
2605	179	0
2606	200	0
2607	203	0
2608	163	0
2609	199	0
2610	182	0
2611	205	0
2612	223	0
2613	189	0
2614	183	0
2615	191	0
2616	184	0
2617	199	0
2618	208	0
2619	194	0
2620	199	0
2621	186	0
2622	177	0
2623	205	0
2624	187	0
2625	194	0
2626	181	0
2627	228	0
2628	215	0
2629	205	0
2630	212	0
2631	187	0
2632	194	0
2633	211	0
2634	208	0
2635	207	0
2636	215	0
2637	188	0
2638	195	0
2639	208	0
2640	185	0
2641	205	0
2642	194	0
2643	212	0
2644	196	0
2645	203	0
2646	215	0
2647	194	0
2648	203	0
2649	210	0
2650	196	0
2651	168	0
2652	190	0
2653	215	0
2654	227	0
2655	229	0
2656	185	0
2657	186	0
2658	192	0
2659	199	0
2660	209	0
2661	193	0
2662	214	0
2663	196	0
2664	203	0
2665	211	0
2666	184	0
2667	210	0
2668	169	0
2669	196	0
2670	207	0
2671	221	0
2672	197	0
2673	211	0
2674	188	0
2675	192	0
2676	226	0
2677	234	0
2678	194	0
2679	197	0
2680	230	0
2681	189	0
2682	189	0
2683	196	0
2684	198	0
2685	193	0
2686	193	0
2687	223	0
2688	191	0
2689	178	0
2690	223	0
2691	201	0
2692	210	0
2693	192	0
2694	202	0
2695	206	0
2696	189	0
2697	204	0
2698	207	0
2699	200	0
2700	218	0
2701	209	0
2702	210	0
2703	211	0
2704	218	0
2705	207	0
2706	219	0
2707	165	0
2708	196	0
2709	211	0
2710	230	0
2711	187	0
2712	201	0
2713	229	0
2714	199	0
2715	201	0
2716	204	0
2717	182	0
2718	189	0
2719	225	0
2720	202	0
2721	217	0
2722	193	0
2723	185	0
2724	185	0
2725	190	0
2726	190	0
2727	198	0
2728	178	0
2729	227	0
2730	206	0
2731	187	0
2732	202	0
2733	174	0
2734	198	0
2735	205	0
2736	173	0
2737	206	0
2738	180	0
2739	189	0
2740	210	0
2741	214	0
2742	195	0
2743	167	0
2744	184	0
2745	185	0
2746	191	0
2747	202	0
2748	221	0
2749	209	0
2750	206	0
2751	223	0
2752	218	0
2753	198	0
2754	218	0
2755	227	0
2756	211	0
2757	181	0
2758	205	0
2759	188	0
2760	165	0
2761	175	0
2762	218	0
2763	207	0
2764	191	0
2765	196	0
2766	192	0
2767	206	0
2768	196	0
2769	225	0
2770	211	0
2771	184	0
2772	209	0
2773	208	0
2774	205	0
2775	207	0
2776	187	0
2777	204	0
2778	212	0
2779	182	0
2780	201	0
2781	226	0
2782	199	0
2783	197	0
2784	223	0
2785	209	0
2786	216	0
2787	196	0
2788	171	0
2789	191	0
2790	215	0
2791	193	0
2792	218	0
2793	181	0
2794	193	0
2795	194	0
2796	183	0
2797	193	0
2798	202	0
2799	201	0
2800	192	0
2801	199	0
2802	191	0
2803	212	0
2804	210	0
2805	192	0
2806	203	0
2807	191	0
2808	214	0
2809	204	0
2810	211	0
2811	213	0
2812	186	0
2813	233	0
2814	197	0
2815	211	0
2816	185	0
2817	198	0
2818	213	0
2819	189	0
2820	203	0
2821	233	0
2822	194	0
2823	219	0
2824	208	0
2825	187	0
2826	208	0
2827	201	0
2828	161	0
2829	177	0
2830	224	0
2831	170	0
2832	220	0
2833	187	0
2834	221	0
2835	195	0
2836	204	0
2837	204	0
2838	196	0
2839	186	0
2840	182	0
2841	202	0
2842	198	0
2843	191	0
2844	191	0
2845	188	0
2846	193	0
2847	182	0
2848	236	0
2849	200	0
2850	209	0
2851	189	0
2852	196	0
2853	190	0
2854	206	0
2855	186	0
2856	187	0
2857	218	0
2858	206	0
2859	205	0
2860	215	0
2861	215	0
2862	197	0
2863	180	0
2864	199	0
2865	203	0
2866	207	0
2867	180	0
2868	185	0
2869	184	0
2870	214	0
2871	183	0
2872	175	0
2873	196	0
2874	177	0
2875	177	0
2876	213	0
2877	199	0
2878	199	0
2879	215	0
2880	173	0
2881	183	0
2882	184	0
2883	214	0
2884	167	0
2885	205	0
2886	217	0
2887	194	0
2888	199	0
2889	174	0
2890	157	0
2891	201	0
2892	229	0
2893	217	0
2894	226	0
2895	194	0
2896	220	0
2897	200	0
2898	178	0
2899	226	0
2900	178	0
2901	192	0
2902	232	0
2903	197	0
2904	191	0
2905	216	0
2906	189	0
2907	209	0
2908	181	0
2909	219	0
2910	219	0
2911	196	0
2912	194	0
2913	209	0
2914	200	0
2915	198	0
2916	205	0
2917	200	0
2918	197	0
2919	196	0
2920	182	0
2921	193	0
2922	195	0
2923	187	0
2924	201	0
2925	218	0
2926	220	0
2927	200	0
2928	206	0
2929	184	0
2930	227	0
2931	167	0
2932	190	0
2933	217	0
2934	218	0
2935	186	0
2936	208	0
2937	196	0
2938	204	0
2939	203	0
2940	209	0
2941	180	0
2942	210	0
2943	207	0
2944	178	0
2945	192	0
2946	219	0
2947	201	0
2948	178	0
2949	203	0
2950	209	0
2951	217	0
2952	211	0
2953	190	0
2954	207	0
2955	205	0
2956	202	0
2957	189	0
2958	181	0
2959	196	0
2960	193	0
2961	187	0
2962	209	0
2963	202	0
2964	238	0
2965	203	0
2966	194	0
2967	188	0
2968	197	0
2969	182	0
2970	190	0
2971	191	0
2972	211	0
2973	202	0
2974	196	0
2975	205	0
2976	205	0
2977	220	0
2978	191	0
2979	204	0
2980	183	0
2981	187	0
2982	224	0
2983	222	0
2984	167	0
2985	171	0
2986	197	0
2987	189	0
2988	212	0
2989	222	0
2990	195	0
2991	185	0
2992	189	0
2993	208	0
2994	165	0
2995	221	0
2996	198	0
2997	185	0
2998	184	0
2999	202	0
3000	184	0
