1	191	0
2	213	0
3	223	0
4	195	0
5	214	0
6	193	0
7	205	0
8	191	0
9	192	0
10	210	0
11	221	0
12	182	0
13	202	0
14	196	0
15	198	0
16	197	0
17	198	0
18	198	0
19	202	0
20	224	0
21	211	0
22	216	0
23	182	0
24	206	0
25	199	0
26	214	0
27	208	0
28	173	0
29	202	0
30	186	0
31	199	0
32	206	0
33	218	0
34	212	0
35	224	0
36	199	0
37	189	0
38	185	0
39	219	0
40	212	0
41	205	0
42	187	0
43	192	0
44	205	0
45	200	0
46	206	0
47	162	0
48	239	0
49	251	0
50	195	0
51	215	0
52	213	0
53	196	0
54	205	0
55	195	0
56	189	0
57	205	0
58	197	0
59	181	0
60	200	0
61	197	0
62	204	0
63	198	0
64	191	0
65	178	0
66	191	0
67	186	0
68	175	0
69	215	0
70	198	0
71	207	0
72	220	0
73	204	0
74	201	0
75	199	0
76	187	0
77	217	0
78	205	0
79	199	0
80	204	0
81	178	0
82	187	0
83	204	0
84	201	0
85	196	0
86	197	0
87	186	0
88	183	0
89	200	0
90	186	0
91	206	0
92	220	0
93	217	0
94	194	0
95	206	0
96	192	0
97	208	0
98	227	0
99	202	0
100	203	0
101	204	0
102	213	0
103	202	0
104	187	0
105	195	0
106	215	0
107	179	0
108	190	0
109	197	0
110	198	0
111	187	0
112	216	0
113	205	0
114	206	0
115	218	0
116	174	0
117	195	0
118	209	0
119	205	0
120	190	0
121	223	0
122	184	0
123	195	0
124	210	0
125	188	0
126	207	0
127	183	0
128	182	0
129	188	0
130	203	0
131	195	0
132	197	0
133	194	0
134	190	0
135	193	0
136	220	0
137	180	0
138	210	0
139	201	0
140	171	0
141	188	0
142	199	0
143	183	0
144	189	0
145	201	0
146	201	0
147	210	0
148	239	0
149	208	0
150	195	0
151	205	0
152	189	0
153	193	0
154	194	0
155	229	0
156	201	0
157	184	0
158	186	0
159	202	0
160	199	0
161	205	0
162	185	0
163	206	0
164	217	0
165	209	0
166	183	0
167	188	0
168	182	0
169	203	0
170	207	0
171	218	0
172	206	0
173	217	0
174	191	0
175	200	0
176	187	0
177	210	0
178	194	0
179	197	0
180	184	0
181	188	0
182	198	0
183	199	0
184	193	0
185	204	0
186	199	0
187	193	0
188	211	0
189	219	0
190	201	0
191	187	0
192	173	0
193	181	0
194	188	0
195	213	0
196	184	0
197	189	0
198	182	0
199	217	0
200	200	0
201	181	0
202	195	0
203	183	0
204	179	0
205	205	0
206	239	0
207	198	0
208	206	0
209	208	0
210	220	0
211	185	0
212	219	0
213	200	0
214	209	0
215	211	0
216	184	0
217	228	0
218	211	0
219	222	0
220	213	0
221	219	0
222	209	0
223	206	0
224	174	0
225	191	0
226	213	0
227	206	0
228	200	0
229	211	0
230	191	0
231	215	0
232	196	0
233	168	0
234	199	0
235	215	0
236	185	0
237	206	0
238	185	0
239	195	0
240	196	0
241	213	0
242	191	0
243	228	0
244	206	0
245	196	0
246	197	0
247	200	0
248	202	0
249	189	0
250	210	0
251	211	0
252	197	0
253	194	0
254	200	0
255	186	0
256	199	0
257	200	0
258	188	0
259	171	0
260	194	0
261	205	0
262	203	0
263	194	0
264	194	0
265	194	0
266	216	0
267	200	0
268	206	0
269	185	0
270	203	0
271	215	0
272	221	0
273	197	0
274	199	0
275	179	0
276	198	0
277	192	0
278	192	0
279	200	0
280	172	0
281	196	0
282	196	0
283	212	0
284	215	0
285	200	0
286	185	0
287	199	0
288	201	0
289	206	0
290	219	0
291	200	0
292	195	0
293	163	0
294	211	0
295	184	0
296	199	0
297	221	0
298	183	0
299	218	0
300	220	0
301	206	0
302	215	0
303	196	0
304	190	0
305	202	0
306	210	0
307	195	0
308	186	0
309	199	0
310	190	0
311	174	0
312	205	0
313	206	0
314	211	0
315	219	0
316	204	0
317	183	0
318	220	0
319	176	0
320	211	0
321	191	0
322	187	0
323	189	0
324	192	0
325	188	0
326	206	0
327	203	0
328	198	0
329	224	0
330	208	0
331	192	0
332	214	0
333	205	0
334	219	0
335	209	0
336	210	0
337	191	0
338	194	0
339	208	0
340	196	0
341	224	0
342	214	0
343	201	0
344	195	0
345	181	0
346	192	0
347	203	0
348	213	0
349	208	0
350	179	0
351	175	0
352	188	0
353	220	0
354	185	0
355	189	0
356	210	0
357	192	0
358	196	0
359	199	0
360	204	0
361	199	0
362	198	0
363	199	0
364	190	0
365	192	0
366	206	0
367	209	0
368	205	0
369	235	0
370	171	0
371	162	0
372	210	0
373	189	0
374	218	0
375	193	0
376	208	0
377	216	0
378	205	0
379	191	0
380	229	0
381	201	0
382	204	0
383	228	0
384	202	0
385	180	0
386	213	0
387	200	0
388	201	0
389	209	0
390	205	0
391	205	0
392	217	0
393	182	0
394	162	0
395	213	0
396	204	0
397	196	0
398	207	0
399	190	0
400	204	0
401	176	0
402	188	0
403	221	0
404	213	0
405	197	0
406	189	0
407	223	0
408	218	0
409	211	0
410	205	0
411	228	0
412	205	0
413	184	0
414	181	0
415	179	0
416	194	0
417	202	0
418	189	0
419	189	0
420	192	0
421	186	0
422	183	0
423	224	0
424	231	0
425	212	0
426	199	0
427	203	0
428	204	0
429	183	0
430	189	0
431	191	0
432	204	0
433	209	0
434	212	0
435	196	0
436	221	0
437	189	0
438	197	0
439	202	0
440	216	0
441	215	0
442	204	0
443	236	0
444	222	0
445	206	0
446	221	0
447	186	0
448	194	0
449	217	0
450	219	0
451	193	0
452	192	0
453	215	0
454	213	0
455	206	0
456	205	0
457	212	0
458	189	0
459	203	0
460	203	0
461	221	0
462	218	0
463	197	0
464	190	0
465	214	0
466	206	0
467	183	0
468	186	0
469	195	0
470	201	0
471	194	0
472	199	0
473	174	0
474	210	0
475	208	0
476	179	0
477	217	0
478	190	0
479	184	0
480	191	0
481	204	0
482	244	0
483	209	0
484	225	0
485	190	0
486	211	0
487	188	0
488	196	0
489	185	0
490	194	0
491	194	0
492	207	0
493	198	0
494	172	0
495	208	0
496	221	0
497	206	0
498	201	0
499	192	0
500	198	0
501	197	0
502	179	0
503	231	0
504	219	0
505	208	0
506	195	0
507	215	0
508	231	0
509	233	0
510	185	0
511	186	0
512	199	0
513	216	0
514	194	0
515	213	0
516	198	0
517	169	0
518	211	0
519	225	0
520	199	0
521	203	0
522	196	0
523	187	0
524	192	0
525	196	0
526	198	0
527	172	0
528	181	0
529	231	0
530	185	0
531	195	0
532	229	0
533	190	0
534	203	0
535	216	0
536	181	0
537	212	0
538	206	0
539	207	0
540	188	0
541	176	0
542	208	0
543	215	0
544	225	0
545	221	0
546	178	0
547	169	0
548	217	0
549	236	0
550	184	0
551	183	0
552	203	0
553	193	0
554	225	0
555	200	0
556	194	0
557	221	0
558	207	0
559	186	0
560	193	0
561	216	0
562	194	0
563	194	0
564	186	0
565	228	0
566	195	0
567	189	0
568	206	0
569	187	0
570	193	0
571	186	0
572	200	0
573	211	0
574	208	0
575	224	0
576	201	0
577	197	0
578	197	0
579	213	0
580	199	0
581	199	0
582	177	0
583	214	0
584	228	0
585	203	0
586	207	0
587	194	0
588	192	0
589	201	0
590	192	0
591	210	0
592	192	0
593	192	0
594	190	0
595	199	0
596	183	0
597	186	0
598	170	0
599	180	0
600	208	0
601	200	0
602	231	0
603	200	0
604	213	0
605	213	0
606	189	0
607	199	0
608	175	0
609	184	0
610	198	0
611	194	0
612	211	0
613	219	0
614	204	0
615	201	0
616	217	0
617	205	0
618	217	0
619	193	0
620	198	0
621	208	0
622	192	0
623	212	0
624	214	0
625	199	0
626	232	0
627	224	0
628	192	0
629	212	0
630	183	0
631	202	0
632	192	0
633	191	0
634	210	0
635	170	0
636	199	0
637	194	0
638	222	0
639	196	0
640	198	0
641	199	0
642	176	0
643	212	0
644	196	0
645	185	0
646	225	0
647	207	0
648	163	0
649	205	0
650	214	0
651	174	0
652	213	0
653	173	0
654	215	0
655	185	0
656	204	0
657	223	0
658	184	0
659	211	0
660	207	0
661	185	0
662	173	0
663	210	0
664	198	0
665	209	0
666	180	0
667	209	0
668	193	0
669	200	0
670	208	0
671	223	0
672	197	0
673	206	0
674	198	0
675	214	0
676	186	0
677	200	0
678	199	0
679	182	0
680	205	0
681	215	0
682	210	0
683	225	0
684	193	0
685	195	0
686	232	0
687	231	0
688	183	0
689	175	0
690	219	0
691	203	0
692	181	0
693	191	0
694	193	0
695	234	0
696	226	0
697	208	0
698	197	0
699	189	0
700	207	0
701	192	0
702	182	0
703	192	0
704	184	0
705	203	0
706	217	0
707	202	0
708	210	0
709	212	0
710	175	0
711	208	0
712	201	0
713	187	0
714	177	0
715	223	0
716	200	0
717	191	0
718	186	0
719	191	0
720	195	0
721	183	0
722	224	0
723	190	0
724	203	0
725	215	0
726	202	0
727	200	0
728	186	0
729	206	0
730	214	0
731	174	0
732	220	0
733	195	0
734	216	0
735	200	0
736	207	0
737	198	0
738	189	0
739	195	0
740	208	0
741	203	0
742	202	0
743	189	0
744	187	0
745	194	0
746	186	0
747	180	0
748	178	0
749	192	0
750	187	0
751	201	0
752	193	0
753	214	0
754	198	0
755	212	0
756	196	0
757	162	0
758	184	0
759	187	0
760	229	0
761	181	0
762	190	0
763	203	0
764	202	0
765	200	0
766	198	0
767	196	0
768	194	0
769	188	0
770	210	0
771	201	0
772	219	0
773	187	0
774	204	0
775	196	0
776	184	0
777	211	0
778	214	0
779	210	0
780	200	0
781	188	0
782	198	0
783	216	0
784	201	0
785	201	0
786	207	0
787	173	0
788	205	0
789	186	0
790	184	0
791	207	0
792	190	0
793	197	0
794	186	0
795	192	0
796	208	0
797	198	0
798	184	0
799	230	0
800	214	0
801	227	0
802	204	0
803	200	0
804	193	0
805	202	0
806	195	0
807	179	0
808	188	0
809	179	0
810	187	0
811	211	0
812	203	0
813	198	0
814	194	0
815	196	0
816	210	0
817	196	0
818	211	0
819	219	0
820	176	0
821	183	0
822	183	0
823	192	0
824	200	0
825	201	0
826	185	0
827	199	0
828	199	0
829	196	0
830	211	0
831	216	0
832	200	0
833	235	0
834	230	0
835	198	0
836	211	0
837	216	0
838	195	0
839	208	0
840	223	0
841	225	0
842	196	0
843	196	0
844	178	0
845	188	0
846	207	0
847	211	0
848	191	0
849	215	0
850	202	0
851	181	0
852	212	0
853	196	0
854	201	0
855	187	0
856	184	0
857	179	0
858	203	0
859	192	0
860	203	0
861	216	0
862	204	0
863	185	0
864	181	0
865	188	0
866	203	0
867	200	0
868	205	0
869	193	0
870	196	0
871	187	0
872	174	0
873	193	0
874	188	0
875	227	0
876	206	0
877	192	0
878	182	0
879	172	0
880	188	0
881	202	0
882	181	0
883	188	0
884	222	0
885	189	0
886	188	0
887	203	0
888	219	0
889	195	0
890	184	0
891	205	0
892	211	0
893	185	0
894	173	0
895	184	0
896	193	0
897	200	0
898	199	0
899	194	0
900	185	0
901	183	0
902	200	0
903	203	0
904	188	0
905	176	0
906	188	0
907	195	0
908	223	0
909	210	0
910	186	0
911	173	0
912	184	0
913	190	0
914	200	0
915	194	0
916	174	0
917	184	0
918	191	0
919	212	0
920	208	0
921	193	0
922	198	0
923	194	0
924	197	0
925	199	0
926	220	0
927	196	0
928	209	0
929	202	0
930	217	0
931	190	0
932	193	0
933	195	0
934	214	0
935	226	0
936	192	0
937	227	0
938	184	0
939	220	0
940	185	0
941	209	0
942	175	0
943	215	0
944	192	0
945	215	0
946	198	0
947	198	0
948	191	0
949	214	0
950	216	0
951	203	0
952	215	0
953	184	0
954	202	0
955	179	0
956	213	0
957	186	0
958	173	0
959	212	0
960	176	0
961	189	0
962	184	0
963	216	0
964	205	0
965	198	0
966	181	0
967	231	0
968	205	0
969	170	0
970	217	0
971	198	0
972	192	0
973	188	0
974	174	0
975	219	0
976	178	0
977	175	0
978	179	0
979	218	0
980	202	0
981	174	0
982	188	0
983	174	0
984	206	0
985	197	0
986	201	0
987	193	0
988	194	0
989	207	0
990	200	0
991	195	0
992	185	0
993	202	0
994	194	0
995	203	0
996	212	0
997	203	0
998	194	0
999	184	0
1000	198	0
1001	202	0
1002	197	0
1003	205	0
1004	198	0
1005	203	0
1006	218	0
1007	208	0
1008	201	0
1009	179	0
1010	193	0
1011	212	0
1012	232	0
1013	219	0
1014	185	0
1015	236	0
1016	200	0
1017	202	0
1018	195	0
1019	169	0
1020	188	0
1021	196	0
1022	194	0
1023	196	0
1024	195	0
1025	182	0
1026	194	0
1027	203	0
1028	204	0
1029	187	0
1030	226	0
1031	200	0
1032	190	0
1033	193	0
1034	196	0
1035	186	0
1036	197	0
1037	202	0
1038	201	0
1039	220	0
1040	235	0
1041	206	0
1042	195	0
1043	233	0
1044	227	0
1045	204	0
1046	201	0
1047	193	0
1048	214	0
1049	200	0
1050	207	0
1051	157	0
1052	179	0
1053	218	0
1054	173	0
1055	183	0
1056	209	0
1057	195	0
1058	180	0
1059	203	0
1060	219	0
1061	165	0
1062	195	0
1063	200	0
1064	175	0
1065	211	0
1066	210	0
1067	218	0
1068	192	0
1069	217	0
1070	204	0
1071	206	0
1072	206	0
1073	223	0
1074	198	0
1075	209	0
1076	179	0
1077	210	0
1078	201	0
1079	199	0
1080	220	0
1081	207	0
1082	208	0
1083	209	0
1084	217	0
1085	180	0
1086	198	0
1087	218	0
1088	199	0
1089	185	0
1090	177	0
1091	204	0
1092	215	0
1093	206	0
1094	207	0
1095	189	0
1096	202	0
1097	214	0
1098	202	0
1099	193	0
1100	192	0
1101	200	0
1102	213	0
1103	201	0
1104	210	0
1105	198	0
1106	172	0
1107	190	0
1108	209	0
1109	207	0
1110	213	0
1111	180	0
1112	211	0
1113	209	0
1114	182	0
1115	196	0
1116	196	0
1117	195	0
1118	203	0
1119	215	0
1120	195	0
1121	221	0
1122	201	0
1123	202	0
1124	204	0
1125	209	0
1126	202	0
1127	185	0
1128	188	0
1129	205	0
1130	184	0
1131	183	0
1132	194	0
1133	215	0
1134	223	0
1135	163	0
1136	194	0
1137	223	0
1138	197	0
1139	180	0
1140	172	0
1141	184	0
1142	186	0
1143	204	0
1144	173	0
1145	212	0
1146	178	0
1147	189	0
1148	208	0
1149	196	0
1150	202	0
1151	201	0
1152	203	0
1153	225	0
1154	203	0
1155	175	0
1156	184	0
1157	218	0
1158	210	0
1159	222	0
1160	177	0
1161	189	0
1162	190	0
1163	194	0
1164	198	0
1165	189	0
1166	223	0
1167	187	0
1168	217	0
1169	208	0
1170	207	0
1171	217	0
1172	183	0
1173	213	0
1174	186	0
1175	183	0
1176	198	0
1177	205	0
1178	217	0
1179	176	0
1180	201	0
1181	194	0
1182	215	0
1183	204	0
1184	192	0
1185	168	0
1186	183	0
1187	215	0
1188	196	0
1189	184	0
1190	204	0
1191	217	0
1192	171	0
1193	223	0
1194	194	0
1195	190	0
1196	205	0
1197	191	0
1198	215	0
1199	196	0
1200	221	0
1201	244	0
1202	191	0
1203	194	0
1204	203	0
1205	171	0
1206	222	0
1207	183	0
1208	224	0
1209	186	0
1210	194	0
1211	190	0
1212	176	0
1213	179	0
1214	195	0
1215	236	0
1216	202	0
1217	180	0
1218	180	0
1219	194	0
1220	180	0
1221	190	0
1222	200	0
1223	236	0
1224	182	0
1225	180	0
1226	168	0
1227	183	0
1228	174	0
1229	190	0
1230	182	0
1231	177	0
1232	193	0
1233	200	0
1234	210	0
1235	202	0
1236	194	0
1237	188	0
1238	210	0
1239	190	0
1240	197	0
1241	201	0
1242	193	0
1243	213	0
1244	194	0
1245	199	0
1246	232	0
1247	208	0
1248	179	0
1249	194	0
1250	195	0
1251	193	0
1252	191	0
1253	203	0
1254	208	0
1255	216	0
1256	216	0
1257	210	0
1258	193	0
1259	183	0
1260	186	0
1261	165	0
1262	216	0
1263	201	0
1264	186	0
1265	174	0
1266	198	0
1267	184	0
1268	234	0
1269	205	0
1270	188	0
1271	201	0
1272	188	0
1273	219	0
1274	177	0
1275	201	0
1276	208	0
1277	190	0
1278	197	0
1279	214	0
1280	192	0
1281	193	0
1282	202	0
1283	200	0
1284	188	0
1285	195	0
1286	185	0
1287	207	0
1288	179	0
1289	181	0
1290	214	0
1291	183	0
1292	198	0
1293	178	0
1294	177	0
1295	197	0
1296	214	0
1297	205	0
1298	201	0
1299	213	0
1300	203	0
1301	190	0
1302	200	0
1303	215	0
1304	183	0
1305	198	0
1306	218	0
1307	173	0
1308	189	0
1309	204	0
1310	236	0
1311	189	0
1312	207	0
1313	192	0
1314	203	0
1315	195	0
1316	170	0
1317	207	0
1318	166	0
1319	204	0
1320	209	0
1321	209	0
1322	216	0
1323	194	0
1324	208	0
1325	210	0
1326	190	0
1327	184	0
1328	202	0
1329	223	0
1330	214	0
1331	206	0
1332	184	0
1333	212	0
1334	190	0
1335	190	0
1336	190	0
1337	208	0
1338	201	0
1339	209	0
1340	202	0
1341	215	0
1342	208	0
1343	208	0
1344	208	0
1345	173	0
1346	204	0
1347	167	0
1348	221	0
1349	214	0
1350	194	0
1351	200	0
1352	192	0
1353	178	0
1354	193	0
1355	212	0
1356	201	0
1357	193	0
1358	195	0
1359	217	0
1360	191	0
1361	191	0
1362	208	0
1363	183	0
1364	194	0
1365	220	0
1366	221	0
1367	196	0
1368	214	0
1369	211	0
1370	219	0
1371	199	0
1372	197	0
1373	199	0
1374	202	0
1375	188	0
1376	211	0
1377	199	0
1378	215	0
1379	191	0
1380	205	0
1381	209	0
1382	200	0
1383	193	0
1384	218	0
1385	197	0
1386	202	0
1387	192	0
1388	207	0
1389	179	0
1390	204	0
1391	186	0
1392	192	0
1393	219	0
1394	207	0
1395	194	0
1396	202	0
1397	216	0
1398	203	0
1399	174	0
1400	195	0
1401	191	0
1402	224	0
1403	199	0
1404	205	0
1405	200	0
1406	203	0
1407	205	0
1408	244	0
1409	204	0
1410	189	0
1411	185	0
1412	187	0
1413	184	0
1414	184	0
1415	198	0
1416	179	0
1417	179	0
1418	176	0
1419	181	0
1420	192	0
1421	199	0
1422	198	0
1423	204	0
1424	205	0
1425	220	0
1426	189	0
1427	200	0
1428	179	0
1429	212	0
1430	174	0
1431	201	0
1432	182	0
1433	197	0
1434	181	0
1435	227	0
1436	218	0
1437	217	0
1438	200	0
1439	210	0
1440	213	0
1441	194	0
1442	215	0
1443	200	0
1444	171	0
1445	204	0
1446	187	0
1447	181	0
1448	186	0
1449	188	0
1450	206	0
1451	226	0
1452	175	0
1453	232	0
1454	186	0
1455	229	0
1456	193	0
1457	187	0
1458	214	0
1459	194	0
1460	181	0
1461	210	0
1462	180	0
1463	200	0
1464	205	0
1465	217	0
1466	187	0
1467	195	0
1468	213	0
1469	215	0
1470	209	0
1471	187	0
1472	213	0
1473	201	0
1474	204	0
1475	208	0
1476	227	0
1477	211	0
1478	197	0
1479	195	0
1480	189	0
1481	213	0
1482	199	0
1483	185	0
1484	213	0
1485	176	0
1486	186	0
1487	198	0
1488	192	0
1489	210	0
1490	208	0
1491	211	0
1492	184	0
1493	193	0
1494	216	0
1495	219	0
1496	188	0
1497	204	0
1498	187	0
1499	198	0
1500	205	0
1501	201	0
1502	228	0
1503	207	0
1504	215	0
1505	226	0
1506	200	0
1507	204	0
1508	197	0
1509	198	0
1510	201	0
1511	214	0
1512	221	0
1513	196	0
1514	200	0
1515	189	0
1516	187	0
1517	200	0
1518	201	0
1519	195	0
1520	209	0
1521	222	0
1522	188	0
1523	188	0
1524	218	0
1525	214	0
1526	179	0
1527	193	0
1528	230	0
1529	203	0
1530	207	0
1531	219	0
1532	227	0
1533	196	0
1534	186	0
1535	179	0
1536	183	0
1537	213	0
1538	220	0
1539	182	0
1540	230	0
1541	191	0
1542	199	0
1543	204	0
1544	203	0
1545	208	0
1546	191	0
1547	206	0
1548	201	0
1549	191	0
1550	204	0
1551	213	0
1552	189	0
1553	224	0
1554	185	0
1555	209	0
1556	194	0
1557	194	0
1558	195	0
1559	193	0
1560	182	0
1561	222	0
1562	224	0
1563	186	0
1564	210	0
1565	206	0
1566	193	0
1567	185	0
1568	186	0
1569	190	0
1570	212	0
1571	183	0
1572	198	0
1573	203	0
1574	208	0
1575	217	0
1576	240	0
1577	208	0
1578	199	0
1579	190	0
1580	190	0
1581	207	0
1582	177	0
1583	200	0
1584	224	0
1585	177	0
1586	219	0
1587	206	0
1588	191	0
1589	192	0
1590	169	0
1591	204	0
1592	210	0
1593	201	0
1594	182	0
1595	200	0
1596	190	0
1597	181	0
1598	198	0
1599	196	0
1600	227	0
1601	228	0
1602	176	0
1603	195	0
1604	211	0
1605	183	0
1606	232	0
1607	190	0
1608	178	0
1609	233	0
1610	202	0
1611	203	0
1612	213	0
1613	199	0
1614	193	0
1615	187	0
1616	190	0
1617	205	0
1618	191	0
1619	206	0
1620	224	0
1621	205	0
1622	197	0
1623	220	0
1624	170	0
1625	179	0
1626	194	0
1627	214	0
1628	190	0
1629	176	0
1630	220	0
1631	225	0
1632	194	0
1633	195	0
1634	172	0
1635	178	0
1636	169	0
1637	206	0
1638	197	0
1639	202	0
1640	214	0
1641	199	0
1642	181	0
1643	207	0
1644	184	0
1645	174	0
1646	203	0
1647	208	0
1648	207	0
1649	213	0
1650	204	0
1651	204	0
1652	185	0
1653	199	0
1654	227	0
1655	162	0
1656	211	0
1657	221	0
1658	222	0
1659	194	0
1660	194	0
1661	220	0
1662	198	0
1663	192	0
1664	193	0
1665	184	0
1666	174	0
1667	218	0
1668	223	0
1669	205	0
1670	195	0
1671	162	0
1672	201	0
1673	186	0
1674	189	0
1675	218	0
1676	185	0
1677	195	0
1678	210	0
1679	221	0
1680	193	0
1681	187	0
1682	189	0
1683	177	0
1684	202	0
1685	189	0
1686	209	0
1687	195	0
1688	218	0
1689	215	0
1690	175	0
1691	193	0
1692	190	0
1693	193	0
1694	207	0
1695	197	0
1696	201	0
1697	208	0
1698	187	0
1699	203	0
1700	190	0
1701	204	0
1702	230	0
1703	171	0
1704	191	0
1705	226	0
1706	217	0
1707	205	0
1708	170	0
1709	206	0
1710	178	0
1711	225	0
1712	208	0
1713	192	0
1714	208	0
1715	217	0
1716	216	0
1717	190	0
1718	213	0
1719	205	0
1720	191	0
1721	200	0
1722	209	0
1723	207	0
1724	189	0
1725	202	0
1726	182	0
1727	180	0
1728	211	0
1729	228	0
1730	220	0
1731	211	0
1732	197	0
1733	185	0
1734	192	0
1735	212	0
1736	207	0
1737	189	0
1738	210	0
1739	199	0
1740	201	0
1741	217	0
1742	183	0
1743	194	0
1744	191	0
1745	196	0
1746	211	0
1747	179	0
1748	195	0
1749	176	0
1750	212	0
1751	203	0
1752	205	0
1753	209	0
1754	208	0
1755	181	0
1756	238	0
1757	200	0
1758	217	0
1759	219	0
1760	204	0
1761	211	0
1762	184	0
1763	236	0
1764	194	0
1765	226	0
1766	201	0
1767	196	0
1768	202	0
1769	215	0
1770	206	0
1771	193	0
1772	196	0
1773	186	0
1774	184	0
1775	217	0
1776	191	0
1777	207	0
1778	207	0
1779	187	0
1780	196	0
1781	198	0
1782	202	0
1783	206	0
1784	225	0
1785	179	0
1786	208	0
1787	163	0
1788	215	0
1789	213	0
1790	198	0
1791	179	0
1792	209	0
1793	209	0
1794	205	0
1795	212	0
1796	206	0
1797	153	0
1798	195	0
1799	209	0
1800	223	0
1801	178	0
1802	212	0
1803	190	0
1804	193	0
1805	197	0
1806	216	0
1807	202	0
1808	191	0
1809	185	0
1810	185	0
1811	194	0
1812	194	0
1813	196	0
1814	220	0
1815	206	0
1816	198	0
1817	186	0
1818	178	0
1819	199	0
1820	207	0
1821	207	0
1822	216	0
1823	201	0
1824	201	0
1825	213	0
1826	186	0
1827	190	0
1828	203	0
1829	209	0
1830	212	0
1831	193	0
1832	192	0
1833	202	0
1834	211	0
1835	210	0
1836	183	0
1837	194	0
1838	198	0
1839	214	0
1840	210	0
1841	202	0
1842	220	0
1843	209	0
1844	195	0
1845	198	0
1846	188	0
1847	197	0
1848	206	0
1849	210	0
1850	197	0
1851	216	0
1852	201	0
1853	173	0
1854	187	0
1855	196	0
1856	205	0
1857	218	0
1858	197	0
1859	186	0
1860	169	0
1861	213	0
1862	210	0
1863	195	0
1864	183	0
1865	187	0
1866	186	0
1867	199	0
1868	199	0
1869	193	0
1870	187	0
1871	185	0
1872	179	0
1873	185	0
1874	196	0
1875	217	0
1876	194	0
1877	192	0
1878	207	0
1879	177	0
1880	176	0
1881	206	0
1882	198	0
1883	202	0
1884	218	0
1885	209	0
1886	194	0
1887	168	0
1888	211	0
1889	183	0
1890	218	0
1891	202	0
1892	188	0
1893	195	0
1894	219	0
1895	194	0
1896	208	0
1897	210	0
1898	205	0
1899	200	0
1900	191	0
1901	194	0
1902	169	0
1903	195	0
1904	209	0
1905	182	0
1906	174	0
1907	205	0
1908	219	0
1909	193	0
1910	187	0
1911	205	0
1912	199	0
1913	208	0
1914	206	0
1915	192	0
1916	198	0
1917	202	0
1918	173	0
1919	224	0
1920	187	0
1921	188	0
1922	183	0
1923	207	0
1924	205	0
1925	190	0
1926	175	0
1927	186	0
1928	181	0
1929	225	0
1930	215	0
1931	181	0
1932	219	0
1933	177	0
1934	198	0
1935	174	0
1936	200	0
1937	198	0
1938	178	0
1939	194	0
1940	187	0
1941	215	0
1942	205	0
1943	223	0
1944	207	0
1945	186	0
1946	215	0
1947	205	0
1948	197	0
1949	192	0
1950	224	0
1951	197	0
1952	209	0
1953	195	0
1954	208	0
1955	173	0
1956	193	0
1957	200	0
1958	193	0
1959	191	0
1960	181	0
1961	206	0
1962	185	0
1963	188	0
1964	204	0
1965	184	0
1966	187	0
1967	205	0
1968	205	0
1969	196	0
1970	189	0
1971	206	0
1972	188	0
1973	187	0
1974	192	0
1975	180	0
1976	192	0
1977	200	0
1978	202	0
1979	214	0
1980	196	0
1981	197	0
1982	200	0
1983	218	0
1984	183	0
1985	200	0
1986	213	0
1987	212	0
1988	185	0
1989	210	0
1990	189	0
1991	219	0
1992	218	0
1993	189	0
1994	189	0
1995	189	0
1996	173	0
1997	204	0
1998	213	0
1999	163	0
2000	214	0
2001	196	0
2002	196	0
2003	189	0
2004	174	0
2005	200	0
2006	181	0
2007	179	0
2008	182	0
2009	185	0
2010	203	0
2011	218	0
2012	203	0
2013	184	0
2014	229	0
2015	185	0
2016	221	0
2017	207	0
2018	165	0
2019	181	0
2020	183	0
2021	185	0
2022	162	0
2023	191	0
2024	210	0
2025	182	0
2026	217	0
2027	217	0
2028	202	0
2029	209	0
2030	190	0
2031	194	0
2032	211	0
2033	215	0
2034	203	0
2035	196	0
2036	218	0
2037	199	0
2038	227	0
2039	174	0
2040	199	0
2041	213	0
2042	195	0
2043	179	0
2044	207	0
2045	180	0
2046	204	0
2047	227	0
2048	193	0
2049	198	0
2050	215	0
2051	216	0
2052	188	0
2053	196	0
2054	171	0
2055	216	0
2056	202	0
2057	192	0
2058	184	0
2059	209	0
2060	197	0
2061	193	0
2062	189	0
2063	214	0
2064	218	0
2065	202	0
2066	180	0
2067	205	0
2068	200	0
2069	201	0
2070	208	0
2071	195	0
2072	198	0
2073	210	0
2074	210	0
2075	195	0
2076	212	0
2077	205	0
2078	183	0
2079	225	0
2080	179	0
2081	177	0
2082	210	0
2083	222	0
2084	199	0
2085	186	0
2086	202	0
2087	202	0
2088	185	0
2089	209	0
2090	203	0
2091	218	0
2092	182	0
2093	199	0
2094	218	0
2095	210	0
2096	181	0
2097	229	0
2098	213	0
2099	200	0
2100	179	0
2101	204	0
2102	196	0
2103	197	0
2104	198	0
2105	173	0
2106	214	0
2107	190	0
2108	226	0
2109	205	0
2110	174	0
2111	183	0
2112	187	0
2113	198	0
2114	184	0
2115	202	0
2116	197	0
2117	192	0
2118	200	0
2119	204	0
2120	184	0
2121	187	0
2122	184	0
2123	211	0
2124	214	0
2125	198	0
2126	181	0
2127	213	0
2128	198	0
2129	216	0
2130	186	0
2131	195	0
2132	194	0
2133	182	0
2134	191	0
2135	215	0
2136	208	0
2137	202	0
2138	204	0
2139	187	0
2140	194	0
2141	195	0
2142	209	0
2143	209	0
2144	189	0
2145	199	0
2146	200	0
2147	209	0
2148	208	0
2149	186	0
2150	211	0
2151	200	0
2152	203	0
2153	211	0
2154	177	0
2155	186	0
2156	170	0
2157	240	0
2158	183	0
2159	217	0
2160	192	0
2161	202	0
2162	190	0
2163	184	0
2164	218	0
2165	195	0
2166	190	0
2167	199	0
2168	185	0
2169	197	0
2170	209	0
2171	194	0
2172	185	0
2173	201	0
2174	199	0
2175	208	0
2176	186	0
2177	191	0
2178	190	0
2179	176	0
2180	201	0
2181	199	0
2182	213	0
2183	185	0
2184	185	0
2185	191	0
2186	180	0
2187	206	0
2188	176	0
2189	206	0
2190	177	0
2191	186	0
2192	201	0
2193	204	0
2194	214	0
2195	190	0
2196	194	0
2197	207	0
2198	207	0
2199	192	0
2200	183	0
2201	197	0
2202	182	0
2203	198	0
2204	220	0
2205	191	0
2206	210	0
2207	193	0
2208	208	0
2209	174	0
2210	187	0
2211	187	0
2212	208	0
2213	201	0
2214	191	0
2215	177	0
2216	165	0
2217	201	0
2218	180	0
2219	181	0
2220	187	0
2221	177	0
2222	205	0
2223	196	0
2224	170	0
2225	201	0
2226	186	0
2227	188	0
2228	195	0
2229	183	0
2230	185	0
2231	214	0
2232	198	0
2233	225	0
2234	193	0
2235	213	0
2236	199	0
2237	206	0
2238	224	0
2239	187	0
2240	188	0
2241	199	0
2242	204	0
2243	204	0
2244	204	0
2245	212	0
2246	193	0
2247	195	0
2248	189	0
2249	200	0
2250	215	0
2251	180	0
2252	191	0
2253	208	0
2254	212	0
2255	212	0
2256	212	0
2257	202	0
2258	213	0
2259	169	0
2260	203	0
2261	180	0
2262	198	0
2263	190	0
2264	178	0
2265	201	0
2266	190	0
2267	185	0
2268	182	0
2269	183	0
2270	190	0
2271	186	0
2272	213	0
2273	178	0
2274	208	0
2275	199	0
2276	209	0
2277	186	0
2278	215	0
2279	221	0
2280	196	0
2281	226	0
2282	203	0
2283	198	0
2284	186	0
2285	202	0
2286	194	0
2287	212	0
2288	191	0
2289	194	0
2290	213	0
2291	227	0
2292	195	0
2293	208	0
2294	183	0
2295	227	0
2296	190	0
2297	181	0
2298	207	0
2299	201	0
2300	213	0
2301	184	0
2302	216	0
2303	196	0
2304	205	0
2305	187	0
2306	198	0
2307	208	0
2308	181	0
2309	203	0
2310	212	0
2311	215	0
2312	211	0
2313	213	0
2314	216	0
2315	224	0
2316	185	0
2317	186	0
2318	194	0
2319	215	0
2320	215	0
2321	194	0
2322	212	0
2323	219	0
2324	203	0
2325	222	0
2326	180	0
2327	210	0
2328	218	0
2329	195	0
2330	190	0
2331	173	0
2332	213	0
2333	216	0
2334	211	0
2335	207	0
2336	191	0
2337	192	0
2338	203	0
2339	220	0
2340	195	0
2341	214	0
2342	189	0
2343	199	0
2344	193	0
2345	198	0
2346	234	0
2347	208	0
2348	214	0
2349	187	0
2350	183	0
2351	193	0
2352	213	0
2353	226	0
2354	197	0
2355	185	0
2356	211	0
2357	191	0
2358	201	0
2359	184	0
2360	191	0
2361	225	0
2362	154	0
2363	201	0
2364	222	0
2365	181	0
2366	209	0
2367	208	0
2368	204	0
2369	192	0
2370	205	0
2371	190	0
2372	194	0
2373	194	0
2374	186	0
2375	206	0
2376	199	0
2377	210	0
2378	191	0
2379	207	0
2380	200	0
2381	229	0
2382	218	0
2383	165	0
2384	179	0
2385	176	0
2386	192	0
2387	201	0
2388	193	0
2389	187	0
2390	210	0
2391	213	0
2392	207	0
2393	222	0
2394	219	0
2395	180	0
2396	194	0
2397	167	0
2398	218	0
2399	186	0
2400	224	0
2401	226	0
2402	249	0
2403	181	0
2404	209	0
2405	203	0
2406	172	0
2407	167	0
2408	207	0
2409	193	0
2410	185	0
2411	213	0
2412	189	0
2413	198	0
2414	197	0
2415	179	0
2416	192	0
2417	199	0
2418	168	0
2419	200	0
2420	185	0
2421	223	0
2422	203	0
2423	206	0
2424	179	0
2425	194	0
2426	197	0
2427	220	0
2428	204	0
2429	201	0
2430	178	0
2431	187	0
2432	198	0
2433	196	0
2434	186	0
2435	202	0
2436	189	0
2437	196	0
2438	205	0
2439	192	0
2440	215	0
2441	183	0
2442	214	0
2443	208	0
2444	206	0
2445	203	0
2446	200	0
2447	206	0
2448	198	0
2449	200	0
2450	186	0
2451	182	0
2452	200	0
2453	180	0
2454	190	0
2455	182	0
2456	216	0
2457	197	0
2458	218	0
2459	196	0
2460	197	0
2461	198	0
2462	200	0
2463	180	0
2464	181	0
2465	204	0
2466	218	0
2467	192	0
2468	202	0
2469	175	0
2470	197	0
2471	200	0
2472	211	0
2473	203	0
2474	209	0
2475	199	0
2476	223	0
2477	202	0
2478	216	0
2479	226	0
2480	222	0
2481	221	0
2482	178	0
2483	192	0
2484	179	0
2485	207	0
2486	206	0
2487	203	0
2488	201	0
2489	193	0
2490	203	0
2491	204	0
2492	235	0
2493	205	0
2494	198	0
2495	225	0
2496	185	0
2497	210	0
2498	194	0
2499	224	0
2500	212	0
2501	180	0
2502	217	0
2503	191	0
2504	231	0
2505	180	0
2506	186	0
2507	189	0
2508	187	0
2509	188	0
2510	185	0
2511	186	0
2512	185	0
2513	173	0
2514	188	0
2515	199	0
2516	208	0
2517	192	0
2518	206	0
2519	195	0
2520	202	0
2521	211	0
2522	199	0
2523	179	0
2524	200	0
2525	186	0
2526	206	0
2527	216	0
2528	191	0
2529	195	0
2530	209	0
2531	204	0
2532	198	0
2533	199	0
2534	187	0
2535	201	0
2536	216	0
2537	189	0
2538	205	0
2539	190	0
2540	193	0
2541	191	0
2542	211	0
2543	198	0
2544	183	0
2545	207	0
2546	189	0
2547	205	0
2548	186	0
2549	190	0
2550	186	0
2551	212	0
2552	224	0
2553	203	0
2554	178	0
2555	189	0
2556	194	0
2557	238	0
2558	211	0
2559	190	0
2560	203	0
2561	178	0
2562	197	0
2563	206	0
2564	200	0
2565	190	0
2566	221	0
2567	193	0
2568	194	0
2569	194	0
2570	212	0
2571	184	0
2572	192	0
2573	199	0
2574	187	0
2575	207	0
2576	203	0
2577	223	0
2578	174	0
2579	220	0
2580	184	0
2581	167	0
2582	218	0
2583	192	0
2584	185	0
2585	191	0
2586	199	0
2587	188	0
2588	187	0
2589	188	0
2590	221	0
2591	206	0
2592	208	0
2593	180	0
2594	198	0
2595	198	0
2596	196	0
2597	209	0
2598	215	0
2599	200	0
2600	206	0
2601	209	0
2602	203	0
2603	203	0
2604	210	0
2605	213	0
2606	222	0
2607	186	0
2608	206	0
2609	163	0
2610	185	0
2611	229	0
2612	208	0
2613	196	0
2614	189	0
2615	180	0
2616	197	0
2617	210	0
2618	200	0
2619	213	0
2620	184	0
2621	227	0
2622	187	0
2623	223	0
2624	216	0
2625	200	0
2626	166	0
2627	197	0
2628	197	0
2629	184	0
2630	221	0
2631	212	0
2632	177	0
2633	195	0
2634	178	0
2635	197	0
2636	208	0
2637	178	0
2638	211	0
2639	232	0
2640	207	0
2641	183	0
2642	191	0
2643	172	0
2644	208	0
2645	212	0
2646	201	0
2647	195	0
2648	200	0
2649	221	0
2650	218	0
2651	197	0
2652	217	0
2653	190	0
2654	199	0
2655	194	0
2656	233	0
2657	201	0
2658	183	0
2659	190	0
2660	210	0
2661	186	0
2662	211	0
2663	206	0
2664	195	0
2665	219	0
2666	188	0
2667	196	0
2668	230	0
2669	201	0
2670	187	0
2671	175	0
2672	191	0
2673	191	0
2674	187	0
2675	199	0
2676	209	0
2677	184	0
2678	212	0
2679	181	0
2680	198	0
2681	201	0
2682	195	0
2683	195	0
2684	189	0
2685	181	0
2686	183	0
2687	183	0
2688	175	0
2689	200	0
2690	210	0
2691	196	0
2692	215	0
2693	184	0
2694	207	0
2695	193	0
2696	239	0
2697	197	0
2698	163	0
2699	221	0
2700	184	0
2701	198	0
2702	201	0
2703	178	0
2704	201	0
2705	197	0
2706	157	0
2707	198	0
2708	211	0
2709	199	0
2710	204	0
2711	208	0
2712	206	0
2713	207	0
2714	218	0
2715	216	0
2716	196	0
2717	198	0
2718	215	0
2719	197	0
2720	193	0
2721	221	0
2722	195	0
2723	184	0
2724	190	0
2725	198	0
2726	197	0
2727	199	0
2728	181	0
2729	204	0
2730	176	0
2731	203	0
2732	192	0
2733	203	0
2734	210	0
2735	198	0
2736	226	0
2737	182	0
2738	200	0
2739	223	0
2740	206	0
2741	196	0
2742	205	0
2743	178	0
2744	197	0
2745	210	0
2746	200	0
2747	190	0
2748	201	0
2749	210	0
2750	194	0
2751	197	0
2752	195	0
2753	200	0
2754	206	0
2755	212	0
2756	201	0
2757	208	0
2758	203	0
2759	190	0
2760	191	0
2761	211	0
2762	214	0
2763	229	0
2764	206	0
2765	202	0
2766	199	0
2767	208	0
2768	208	0
2769	213	0
2770	213	0
2771	196	0
2772	202	0
2773	171	0
2774	196	0
2775	163	0
2776	208	0
2777	187	0
2778	198	0
2779	204	0
2780	194	0
2781	181	0
2782	181	0
2783	210	0
2784	191	0
2785	207	0
2786	227	0
2787	178	0
2788	194	0
2789	189	0
2790	209	0
2791	205	0
2792	214	0
2793	209	0
2794	194	0
2795	217	0
2796	200	0
2797	210	0
2798	222	0
2799	192	0
2800	206	0
2801	194	0
2802	222	0
2803	190	0
2804	183	0
2805	202	0
2806	196	0
2807	191	0
2808	193	0
2809	201	0
2810	198	0
2811	195	0
2812	193	0
2813	190	0
2814	212	0
2815	206	0
2816	187	0
2817	194	0
2818	182	0
2819	190	0
2820	224	0
2821	190	0
2822	194	0
2823	188	0
2824	197	0
2825	199	0
2826	209	0
2827	166	0
2828	164	0
2829	175	0
2830	208	0
2831	204	0
2832	200	0
2833	194	0
2834	202	0
2835	190	0
2836	205	0
2837	200	0
2838	199	0
2839	179	0
2840	192	0
2841	185	0
2842	202	0
2843	188	0
2844	191	0
2845	200	0
2846	179	0
2847	199	0
2848	209	0
2849	198	0
2850	180	0
2851	177	0
2852	222	0
2853	207	0
2854	191	0
2855	194	0
2856	215	0
2857	194	0
2858	218	0
2859	193	0
2860	178	0
2861	188	0
2862	209	0
2863	201	0
2864	219	0
2865	178	0
2866	191	0
2867	187	0
2868	199	0
2869	200	0
2870	187	0
2871	219	0
2872	183	0
2873	205	0
2874	201	0
2875	176	0
2876	200	0
2877	197	0
2878	188	0
2879	223	0
2880	193	0
2881	213	0
2882	196	0
2883	185	0
2884	192	0
2885	203	0
2886	191	0
2887	196	0
2888	211	0
2889	205	0
2890	205	0
2891	201	0
2892	210	0
2893	208	0
2894	195	0
2895	214	0
2896	168	0
2897	174	0
2898	186	0
2899	196	0
2900	184	0
2901	180	0
2902	188	0
2903	185	0
2904	206	0
2905	211	0
2906	212	0
2907	193	0
2908	223	0
2909	187	0
2910	190	0
2911	207	0
2912	209	0
2913	207	0
2914	194	0
2915	172	0
2916	204	0
2917	203	0
2918	196	0
2919	202	0
2920	185	0
2921	234	0
2922	194	0
2923	189	0
2924	197	0
2925	185	0
2926	201	0
2927	212	0
2928	212	0
2929	207	0
2930	183	0
2931	215	0
2932	193	0
2933	203	0
2934	214	0
2935	223	0
2936	223	0
2937	180	0
2938	194	0
2939	206	0
2940	190	0
2941	226	0
2942	209	0
2943	193	0
2944	194	0
2945	218	0
2946	198	0
2947	224	0
2948	192	0
2949	205	0
2950	187	0
2951	222	0
2952	179	0
2953	194	0
2954	197	0
2955	202	0
2956	189	0
2957	187	0
2958	190	0
2959	220	0
2960	199	0
2961	181	0
2962	202	0
2963	168	0
2964	196	0
2965	176	0
2966	191	0
2967	201	0
2968	188	0
2969	183	0
2970	173	0
2971	176	0
2972	190	0
2973	202	0
2974	189	0
2975	189	0
2976	198	0
2977	198	0
2978	190	0
2979	179	0
2980	192	0
2981	180	0
2982	217	0
2983	191	0
2984	198	0
2985	173	0
2986	188	0
2987	205	0
2988	197	0
2989	172	0
2990	197	0
2991	193	0
2992	220	0
2993	172	0
2994	202	0
2995	175	0
2996	202	0
2997	197	0
2998	206	0
2999	178	0
3000	222	0
