1	183	0
2	184	0
3	212	0
4	198	0
5	196	0
6	189	0
7	211	0
8	228	0
9	200	0
10	206	0
11	180	0
12	185	0
13	182	0
14	193	0
15	207	0
16	206	0
17	194	0
18	214	0
19	205	0
20	186	0
21	191	0
22	204	0
23	187	0
24	198	0
25	186	0
26	214	0
27	213	0
28	192	0
29	218	0
30	202	0
31	215	0
32	186	0
33	187	0
34	205	0
35	185	0
36	208	0
37	211	0
38	223	0
39	195	0
40	197	0
41	170	0
42	237	0
43	182	0
44	192	0
45	207	0
46	186	0
47	203	0
48	209	0
49	229	0
50	193	0
51	217	0
52	170	0
53	234	0
54	213	0
55	211	0
56	197	0
57	210	0
58	211	0
59	204	0
60	213	0
61	198	0
62	179	0
63	218	0
64	181	0
65	202	0
66	184	0
67	196	0
68	188	0
69	175	0
70	188	0
71	201	0
72	202	0
73	210	0
74	204	0
75	194	0
76	194	0
77	209	0
78	209	0
79	172	0
80	206	0
81	166	0
82	180	0
83	190	0
84	196	0
85	213	0
86	160	0
87	208	0
88	193	0
89	202	0
90	193	0
91	190	0
92	185	0
93	227	0
94	185	0
95	196	0
96	211	0
97	190	0
98	213	0
99	192	0
100	196	0
101	218	0
102	207	0
103	199	0
104	192	0
105	203	0
106	188	0
107	171	0
108	195	0
109	224	0
110	200	0
111	186	0
112	194	0
113	189	0
114	187	0
115	198	0
116	203	0
117	200	0
118	211	0
119	192	0
120	199	0
121	187	0
122	188	0
123	190	0
124	214	0
125	190	0
126	191	0
127	204	0
128	193	0
129	211	0
130	194	0
131	207	0
132	204	0
133	181	0
134	197	0
135	210	0
136	185	0
137	228	0
138	200	0
139	222	0
140	200	0
141	213	0
142	178	0
143	223	0
144	194	0
145	193	0
146	192	0
147	173	0
148	199	0
149	179	0
150	199	0
151	210	0
152	223	0
153	213	0
154	205	0
155	197	0
156	201	0
157	207	0
158	201	0
159	212	0
160	211	0
161	190	0
162	201	0
163	197	0
164	233	0
165	183	0
166	199	0
167	177	0
168	203	0
169	198	0
170	173	0
171	210	0
172	177	0
173	209	0
174	189	0
175	210	0
176	167	0
177	205	0
178	194	0
179	216	0
180	192	0
181	201	0
182	185	0
183	217	0
184	215	0
185	235	0
186	210	0
187	184	0
188	196	0
189	182	0
190	214	0
191	181	0
192	183	0
193	212	0
194	213	0
195	206	0
196	183	0
197	205	0
198	203	0
199	229	0
200	187	0
201	200	0
202	183	0
203	210	0
204	179	0
205	191	0
206	194	0
207	234	0
208	178	0
209	209	0
210	198	0
211	168	0
212	203	0
213	186	0
214	224	0
215	191	0
216	203	0
217	172	0
218	186	0
219	181	0
220	193	0
221	173	0
222	195	0
223	218	0
224	177	0
225	181	0
226	174	0
227	190	0
228	194	0
229	206	0
230	200	0
231	190	0
232	214	0
233	214	0
234	205	0
235	203	0
236	178	0
237	202	0
238	197	0
239	217	0
240	198	0
241	198	0
242	186	0
243	214	0
244	188	0
245	204	0
246	218	0
247	178	0
248	192	0
249	189	0
250	189	0
251	217	0
252	199	0
253	196	0
254	187	0
255	187	0
256	204	0
257	174	0
258	196	0
259	176	0
260	169	0
261	202	0
262	188	0
263	186	0
264	195	0
265	225	0
266	195	0
267	184	0
268	198	0
269	202	0
270	192	0
271	201	0
272	181	0
273	207	0
274	212	0
275	184	0
276	188	0
277	177	0
278	178	0
279	192	0
280	203	0
281	188	0
282	215	0
283	185	0
284	186	0
285	213	0
286	199	0
287	188	0
288	192	0
289	181	0
290	210	0
291	215	0
292	203	0
293	196	0
294	197	0
295	220	0
296	205	0
297	199	0
298	201	0
299	181	0
300	198	0
301	185	0
302	205	0
303	201	0
304	204	0
305	191	0
306	190	0
307	198	0
308	191	0
309	191	0
310	189	0
311	199	0
312	194	0
313	216	0
314	157	0
315	200	0
316	205	0
317	201	0
318	183	0
319	197	0
320	204	0
321	179	0
322	197	0
323	197	0
324	201	0
325	183	0
326	182	0
327	181	0
328	198	0
329	206	0
330	199	0
331	176	0
332	180	0
333	209	0
334	173	0
335	167	0
336	195	0
337	204	0
338	186	0
339	211	0
340	186	0
341	197	0
342	194	0
343	175	0
344	217	0
345	202	0
346	219	0
347	177	0
348	205	0
349	188	0
350	212	0
351	181	0
352	227	0
353	202	0
354	192	0
355	204	0
356	215	0
357	178	0
358	211	0
359	187	0
360	211	0
361	205	0
362	214	0
363	183	0
364	208	0
365	198	0
366	215	0
367	190	0
368	208	0
369	200	0
370	201	0
371	212	0
372	208	0
373	210	0
374	214	0
375	192	0
376	208	0
377	207	0
378	205	0
379	206	0
380	211	0
381	179	0
382	228	0
383	183	0
384	206	0
385	168	0
386	191	0
387	193	0
388	192	0
389	203	0
390	190	0
391	198	0
392	187	0
393	194	0
394	215	0
395	201	0
396	207	0
397	176	0
398	181	0
399	186	0
400	208	0
401	200	0
402	188	0
403	218	0
404	218	0
405	197	0
406	194	0
407	209	0
408	185	0
409	197	0
410	177	0
411	208	0
412	219	0
413	187	0
414	217	0
415	180	0
416	212	0
417	198	0
418	186	0
419	213	0
420	198	0
421	187	0
422	193	0
423	190	0
424	184	0
425	194	0
426	227	0
427	230	0
428	202	0
429	199	0
430	233	0
431	199	0
432	189	0
433	208	0
434	212	0
435	192	0
436	230	0
437	193	0
438	194	0
439	197	0
440	209	0
441	197	0
442	195	0
443	183	0
444	184	0
445	190	0
446	212	0
447	216	0
448	188	0
449	217	0
450	244	0
451	200	0
452	189	0
453	173	0
454	184	0
455	182	0
456	175	0
457	192	0
458	197	0
459	196	0
460	199	0
461	189	0
462	203	0
463	182	0
464	201	0
465	196	0
466	190	0
467	196	0
468	198	0
469	204	0
470	195	0
471	176	0
472	193	0
473	207	0
474	188	0
475	198	0
476	201	0
477	216	0
478	168	0
479	205	0
480	189	0
481	191	0
482	190	0
483	219	0
484	208	0
485	203	0
486	206	0
487	180	0
488	190	0
489	195	0
490	202	0
491	185	0
492	182	0
493	235	0
494	187	0
495	199	0
496	206	0
497	193	0
498	213	0
499	197	0
500	199	0
501	229	0
502	197	0
503	193	0
504	181	0
505	199	0
506	196	0
507	228	0
508	188	0
509	189	0
510	213	0
511	210	0
512	225	0
513	208	0
514	185	0
515	206	0
516	212	0
517	231	0
518	195	0
519	191	0
520	175	0
521	183	0
522	198	0
523	197	0
524	197	0
525	179	0
526	191	0
527	187	0
528	195	0
529	218	0
530	208	0
531	187	0
532	182	0
533	209	0
534	211	0
535	202	0
536	201	0
537	181	0
538	180	0
539	196	0
540	193	0
541	198	0
542	225	0
543	204	0
544	202	0
545	200	0
546	208	0
547	190	0
548	191	0
549	184	0
550	185	0
551	198	0
552	205	0
553	199	0
554	223	0
555	237	0
556	175	0
557	196	0
558	237	0
559	187	0
560	185	0
561	214	0
562	195	0
563	175	0
564	179	0
565	193	0
566	201	0
567	221	0
568	212	0
569	220	0
570	204	0
571	215	0
572	206	0
573	219	0
574	185	0
575	194	0
576	154	0
577	201	0
578	206	0
579	188	0
580	189	0
581	200	0
582	198	0
583	207	0
584	201	0
585	204	0
586	221	0
587	218	0
588	201	0
589	174	0
590	190	0
591	206	0
592	200	0
593	196	0
594	215	0
595	218	0
596	212	0
597	197	0
598	174	0
599	181	0
600	182	0
601	175	0
602	194	0
603	169	0
604	193	0
605	203	0
606	217	0
607	208	0
608	200	0
609	181	0
610	193	0
611	198	0
612	213	0
613	161	0
614	218	0
615	197	0
616	203	0
617	169	0
618	218	0
619	201	0
620	184	0
621	177	0
622	189	0
623	215	0
624	216	0
625	183	0
626	204	0
627	206	0
628	206	0
629	231	0
630	194	0
631	205	0
632	197	0
633	199	0
634	224	0
635	179	0
636	185	0
637	223	0
638	225	0
639	218	0
640	182	0
641	202	0
642	196	0
643	199	0
644	189	0
645	205	0
646	181	0
647	190	0
648	169	0
649	203	0
650	194	0
651	197	0
652	190	0
653	180	0
654	189	0
655	199	0
656	195	0
657	250	0
658	203	0
659	198	0
660	204	0
661	193	0
662	192	0
663	205	0
664	209	0
665	203	0
666	200	0
667	175	0
668	174	0
669	197	0
670	192	0
671	216	0
672	191	0
673	196	0
674	207	0
675	199	0
676	186	0
677	196	0
678	223	0
679	207	0
680	220	0
681	170	0
682	174	0
683	188	0
684	186	0
685	217	0
686	218	0
687	206	0
688	193	0
689	212	0
690	195	0
691	174	0
692	192	0
693	190	0
694	186	0
695	187	0
696	207	0
697	232	0
698	183	0
699	184	0
700	211	0
701	204	0
702	183	0
703	214	0
704	180	0
705	191	0
706	207	0
707	232	0
708	205	0
709	222	0
710	197	0
711	212	0
712	195	0
713	205	0
714	194	0
715	195	0
716	198	0
717	197	0
718	171	0
719	189	0
720	189	0
721	195	0
722	203	0
723	202	0
724	175	0
725	192	0
726	204	0
727	229	0
728	189	0
729	182	0
730	180	0
731	197	0
732	186	0
733	199	0
734	207	0
735	199	0
736	212	0
737	201	0
738	192	0
739	198	0
740	209	0
741	195	0
742	178	0
743	202	0
744	217	0
745	185	0
746	205	0
747	204	0
748	198	0
749	196	0
750	183	0
751	228	0
752	208	0
753	198	0
754	203	0
755	221	0
756	189	0
757	197	0
758	191	0
759	190	0
760	172	0
761	199	0
762	206	0
763	207	0
764	194	0
765	191	0
766	211	0
767	213	0
768	210	0
769	186	0
770	196	0
771	198	0
772	187	0
773	212	0
774	196	0
775	194	0
776	207	0
777	204	0
778	219	0
779	210	0
780	181	0
781	216	0
782	216	0
783	220	0
784	180	0
785	196	0
786	181	0
787	184	0
788	204	0
789	208	0
790	196	0
791	199	0
792	207	0
793	196	0
794	204	0
795	197	0
796	176	0
797	169	0
798	189	0
799	188	0
800	191	0
801	205	0
802	179	0
803	207	0
804	225	0
805	206	0
806	208	0
807	176	0
808	209	0
809	213	0
810	214	0
811	201	0
812	192	0
813	173	0
814	195	0
815	209	0
816	210	0
817	224	0
818	206	0
819	199	0
820	224	0
821	187	0
822	214	0
823	185	0
824	202	0
825	210	0
826	210	0
827	211	0
828	210	0
829	188	0
830	208	0
831	194	0
832	181	0
833	205	0
834	206	0
835	192	0
836	193	0
837	211	0
838	193	0
839	199	0
840	200	0
841	213	0
842	191	0
843	196	0
844	179	0
845	214	0
846	192	0
847	203	0
848	216	0
849	199	0
850	165	0
851	203	0
852	183	0
853	192	0
854	204	0
855	187	0
856	182	0
857	194	0
858	199	0
859	219	0
860	201	0
861	201	0
862	194	0
863	216	0
864	181	0
865	221	0
866	187	0
867	210	0
868	226	0
869	212	0
870	207	0
871	194	0
872	180	0
873	207	0
874	209	0
875	201	0
876	170	0
877	185	0
878	191	0
879	205	0
880	193	0
881	186	0
882	188	0
883	193	0
884	193	0
885	199	0
886	215	0
887	213	0
888	206	0
889	202	0
890	215	0
891	198	0
892	202	0
893	204	0
894	220	0
895	189	0
896	216	0
897	181	0
898	183	0
899	184	0
900	180	0
901	208	0
902	207	0
903	205	0
904	197	0
905	229	0
906	201	0
907	188	0
908	174	0
909	208	0
910	186	0
911	187	0
912	226	0
913	240	0
914	182	0
915	200	0
916	199	0
917	190	0
918	206	0
919	233	0
920	204	0
921	204	0
922	182	0
923	218	0
924	199	0
925	205	0
926	196	0
927	195	0
928	220	0
929	184	0
930	222	0
931	178	0
932	221	0
933	182	0
934	194	0
935	183	0
936	216	0
937	193	0
938	208	0
939	198	0
940	197	0
941	186	0
942	189	0
943	201	0
944	182	0
945	179	0
946	207	0
947	173	0
948	204	0
949	187	0
950	190	0
951	206	0
952	186	0
953	214	0
954	201	0
955	188	0
956	210	0
957	203	0
958	205	0
959	216	0
960	195	0
961	187	0
962	186	0
963	200	0
964	205	0
965	193	0
966	213	0
967	199	0
968	195	0
969	177	0
970	193	0
971	212	0
972	205	0
973	188	0
974	183	0
975	181	0
976	165	0
977	226	0
978	181	0
979	203	0
980	209	0
981	186	0
982	199	0
983	202	0
984	198	0
985	213	0
986	219	0
987	196	0
988	186	0
989	194	0
990	191	0
991	195	0
992	193	0
993	216	0
994	205	0
995	212	0
996	207	0
997	220	0
998	172	0
999	185	0
1000	170	0
1001	200	0
1002	164	0
1003	219	0
1004	207	0
1005	190	0
1006	218	0
1007	194	0
1008	197	0
1009	200	0
1010	212	0
1011	203	0
1012	219	0
1013	190	0
1014	187	0
1015	203	0
1016	188	0
1017	201	0
1018	226	0
1019	213	0
1020	188	0
1021	187	0
1022	212	0
1023	191	0
1024	207	0
1025	216	0
1026	205	0
1027	194	0
1028	197	0
1029	199	0
1030	196	0
1031	204	0
1032	192	0
1033	198	0
1034	214	0
1035	176	0
1036	188	0
1037	188	0
1038	177	0
1039	169	0
1040	191	0
1041	202	0
1042	205	0
1043	204	0
1044	210	0
1045	212	0
1046	199	0
1047	160	0
1048	215	0
1049	196	0
1050	196	0
1051	187	0
1052	236	0
1053	180	0
1054	182	0
1055	187	0
1056	198	0
1057	202	0
1058	164	0
1059	193	0
1060	205	0
1061	192	0
1062	191	0
1063	201	0
1064	179	0
1065	211	0
1066	190	0
1067	182	0
1068	229	0
1069	219	0
1070	214	0
1071	202	0
1072	187	0
1073	231	0
1074	182	0
1075	204	0
1076	200	0
1077	199	0
1078	198	0
1079	205	0
1080	200	0
1081	194	0
1082	200	0
1083	198	0
1084	181	0
1085	196	0
1086	205	0
1087	202	0
1088	188	0
1089	201	0
1090	218	0
1091	190	0
1092	224	0
1093	185	0
1094	199	0
1095	209	0
1096	182	0
1097	203	0
1098	207	0
1099	220	0
1100	202	0
1101	213	0
1102	222	0
1103	196	0
1104	180	0
1105	195	0
1106	194	0
1107	199	0
1108	206	0
1109	203	0
1110	212	0
1111	200	0
1112	186	0
1113	185	0
1114	213	0
1115	203	0
1116	168	0
1117	185	0
1118	203	0
1119	205	0
1120	201	0
1121	229	0
1122	202	0
1123	202	0
1124	217	0
1125	209	0
1126	197	0
1127	188	0
1128	207	0
1129	193	0
1130	221	0
1131	179	0
1132	199	0
1133	179	0
1134	204	0
1135	209	0
1136	190	0
1137	189	0
1138	190	0
1139	221	0
1140	192	0
1141	200	0
1142	195	0
1143	213	0
1144	207	0
1145	216	0
1146	188	0
1147	200	0
1148	188	0
1149	221	0
1150	187	0
1151	190	0
1152	195	0
1153	188	0
1154	185	0
1155	186	0
1156	173	0
1157	203	0
1158	219	0
1159	189	0
1160	207	0
1161	201	0
1162	169	0
1163	174	0
1164	186	0
1165	225	0
1166	164	0
1167	196	0
1168	199	0
1169	181	0
1170	199	0
1171	198	0
1172	181	0
1173	191	0
1174	196	0
1175	211	0
1176	188	0
1177	205	0
1178	196	0
1179	199	0
1180	194	0
1181	225	0
1182	218	0
1183	218	0
1184	201	0
1185	211	0
1186	178	0
1187	211	0
1188	224	0
1189	158	0
1190	197	0
1191	174	0
1192	216	0
1193	186	0
1194	204	0
1195	214	0
1196	192	0
1197	210	0
1198	199	0
1199	188	0
1200	197	0
1201	197	0
1202	187	0
1203	188	0
1204	206	0
1205	198	0
1206	202	0
1207	202	0
1208	207	0
1209	208	0
1210	202	0
1211	181	0
1212	191	0
1213	220	0
1214	184	0
1215	198	0
1216	194	0
1217	217	0
1218	175	0
1219	187	0
1220	199	0
1221	195	0
1222	197	0
1223	188	0
1224	215	0
1225	199	0
1226	170	0
1227	176	0
1228	186	0
1229	224	0
1230	191	0
1231	185	0
1232	211	0
1233	208	0
1234	203	0
1235	185	0
1236	213	0
1237	194	0
1238	221	0
1239	209	0
1240	188	0
1241	189	0
1242	197	0
1243	195	0
1244	202	0
1245	205	0
1246	229	0
1247	211	0
1248	208	0
1249	185	0
1250	188	0
1251	185	0
1252	234	0
1253	228	0
1254	175	0
1255	179	0
1256	192	0
1257	200	0
1258	203	0
1259	198	0
1260	192	0
1261	203	0
1262	201	0
1263	201	0
1264	173	0
1265	201	0
1266	232	0
1267	186	0
1268	200	0
1269	199	0
1270	209	0
1271	192	0
1272	203	0
1273	202	0
1274	201	0
1275	179	0
1276	208	0
1277	193	0
1278	209	0
1279	220	0
1280	182	0
1281	193	0
1282	187	0
1283	216	0
1284	196	0
1285	206	0
1286	199	0
1287	179	0
1288	194	0
1289	182	0
1290	238	0
1291	245	0
1292	181	0
1293	223	0
1294	214	0
1295	191	0
1296	187	0
1297	185	0
1298	163	0
1299	202	0
1300	195	0
1301	198	0
1302	198	0
1303	175	0
1304	153	0
1305	188	0
1306	190	0
1307	227	0
1308	208	0
1309	172	0
1310	207	0
1311	199	0
1312	222	0
1313	209	0
1314	203	0
1315	184	0
1316	213	0
1317	211	0
1318	186	0
1319	224	0
1320	201	0
1321	180	0
1322	207	0
1323	197	0
1324	222	0
1325	206	0
1326	174	0
1327	186	0
1328	201	0
1329	210	0
1330	204	0
1331	196	0
1332	202	0
1333	191	0
1334	187	0
1335	203	0
1336	177	0
1337	196	0
1338	197	0
1339	196	0
1340	200	0
1341	202	0
1342	200	0
1343	207	0
1344	251	0
1345	214	0
1346	233	0
1347	193	0
1348	220	0
1349	199	0
1350	217	0
1351	220	0
1352	189	0
1353	198	0
1354	181	0
1355	215	0
1356	199	0
1357	219	0
1358	209	0
1359	187	0
1360	179	0
1361	200	0
1362	219	0
1363	166	0
1364	214	0
1365	189	0
1366	189	0
1367	183	0
1368	178	0
1369	203	0
1370	192	0
1371	195	0
1372	190	0
1373	202	0
1374	182	0
1375	212	0
1376	181	0
1377	193	0
1378	213	0
1379	202	0
1380	200	0
1381	195	0
1382	182	0
1383	204	0
1384	202	0
1385	202	0
1386	204	0
1387	191	0
1388	223	0
1389	198	0
1390	182	0
1391	220	0
1392	179	0
1393	174	0
1394	180	0
1395	202	0
1396	184	0
1397	190	0
1398	203	0
1399	194	0
1400	182	0
1401	204	0
1402	191	0
1403	172	0
1404	201	0
1405	219	0
1406	207	0
1407	209	0
1408	210	0
1409	204	0
1410	176	0
1411	195	0
1412	209	0
1413	184	0
1414	196	0
1415	185	0
1416	191	0
1417	207	0
1418	212	0
1419	180	0
1420	201	0
1421	186	0
1422	194	0
1423	204	0
1424	206	0
1425	196	0
1426	184	0
1427	210	0
1428	213	0
1429	181	0
1430	201	0
1431	192	0
1432	203	0
1433	211	0
1434	219	0
1435	176	0
1436	178	0
1437	201	0
1438	201	0
1439	192	0
1440	204	0
1441	188	0
1442	183	0
1443	184	0
1444	203	0
1445	241	0
1446	234	0
1447	186	0
1448	195	0
1449	208	0
1450	211	0
1451	192	0
1452	194	0
1453	205	0
1454	195	0
1455	191	0
1456	192	0
1457	181	0
1458	190	0
1459	214	0
1460	211	0
1461	222	0
1462	199	0
1463	197	0
1464	200	0
1465	205	0
1466	228	0
1467	209	0
1468	228	0
1469	205	0
1470	193	0
1471	184	0
1472	181	0
1473	198	0
1474	208	0
1475	206	0
1476	190	0
1477	197	0
1478	197	0
1479	184	0
1480	177	0
1481	181	0
1482	196	0
1483	196	0
1484	201	0
1485	174	0
1486	202	0
1487	207	0
1488	181	0
1489	180	0
1490	235	0
1491	179	0
1492	161	0
1493	223	0
1494	197	0
1495	193	0
1496	192	0
1497	192	0
1498	204	0
1499	201	0
1500	171	0
1501	199	0
1502	217	0
1503	218	0
1504	190	0
1505	196	0
1506	197	0
1507	200	0
1508	217	0
1509	186	0
1510	181	0
1511	176	0
1512	191	0
1513	205	0
1514	172	0
1515	191	0
1516	201	0
1517	196	0
1518	209	0
1519	199	0
1520	203	0
1521	180	0
1522	208	0
1523	196	0
1524	205	0
1525	202	0
1526	205	0
1527	216	0
1528	178	0
1529	189	0
1530	210	0
1531	219	0
1532	186	0
1533	203	0
1534	179	0
1535	228	0
1536	190	0
1537	235	0
1538	187	0
1539	188	0
1540	201	0
1541	200	0
1542	194	0
1543	205	0
1544	187	0
1545	186	0
1546	204	0
1547	203	0
1548	173	0
1549	199	0
1550	227	0
1551	245	0
1552	204	0
1553	196	0
1554	186	0
1555	203	0
1556	202	0
1557	195	0
1558	183	0
1559	190	0
1560	182	0
1561	208	0
1562	232	0
1563	182	0
1564	189	0
1565	202	0
1566	199	0
1567	223	0
1568	186	0
1569	200	0
1570	206	0
1571	219	0
1572	204	0
1573	213	0
1574	183	0
1575	191	0
1576	200	0
1577	205	0
1578	168	0
1579	206	0
1580	182	0
1581	182	0
1582	197	0
1583	194	0
1584	207	0
1585	198	0
1586	180	0
1587	194	0
1588	224	0
1589	173	0
1590	217	0
1591	198	0
1592	184	0
1593	182	0
1594	203	0
1595	196	0
1596	224	0
1597	209	0
1598	174	0
1599	196	0
1600	205	0
1601	203	0
1602	209	0
1603	195	0
1604	200	0
1605	202	0
1606	196	0
1607	194	0
1608	217	0
1609	167	0
1610	215	0
1611	208	0
1612	178	0
1613	194	0
1614	219	0
1615	193	0
1616	203	0
1617	186	0
1618	172	0
1619	181	0
1620	212	0
1621	209	0
1622	220	0
1623	177	0
1624	207	0
1625	196	0
1626	189	0
1627	200	0
1628	193	0
1629	205	0
1630	191	0
1631	195	0
1632	206	0
1633	199	0
1634	207	0
1635	185	0
1636	195	0
1637	207	0
1638	203	0
1639	201	0
1640	203	0
1641	212	0
1642	186	0
1643	222	0
1644	188	0
1645	168	0
1646	196	0
1647	184	0
1648	193	0
1649	185	0
1650	219	0
1651	221	0
1652	219	0
1653	187	0
1654	187	0
1655	198	0
1656	211	0
1657	194	0
1658	210	0
1659	203	0
1660	225	0
1661	214	0
1662	199	0
1663	222	0
1664	221	0
1665	199	0
1666	194	0
1667	197	0
1668	224	0
1669	180	0
1670	175	0
1671	171	0
1672	190	0
1673	212	0
1674	179	0
1675	187	0
1676	192	0
1677	195	0
1678	190	0
1679	241	0
1680	227	0
1681	216	0
1682	191	0
1683	198	0
1684	202	0
1685	195	0
1686	192	0
1687	193	0
1688	205	0
1689	168	0
1690	198	0
1691	187	0
1692	185	0
1693	208	0
1694	185	0
1695	184	0
1696	203	0
1697	204	0
1698	198	0
1699	211	0
1700	212	0
1701	219	0
1702	182	0
1703	197	0
1704	208	0
1705	171	0
1706	208	0
1707	203	0
1708	190	0
1709	190	0
1710	204	0
1711	192	0
1712	189	0
1713	223	0
1714	209	0
1715	181	0
1716	203	0
1717	190	0
1718	196	0
1719	221	0
1720	208	0
1721	205	0
1722	210	0
1723	162	0
1724	203	0
1725	204	0
1726	180	0
1727	193	0
1728	180	0
1729	197	0
1730	217	0
1731	181	0
1732	212	0
1733	172	0
1734	182	0
1735	186	0
1736	214	0
1737	218	0
1738	183	0
1739	207	0
1740	197	0
1741	183	0
1742	218	0
1743	207	0
1744	192	0
1745	203	0
1746	205	0
1747	189	0
1748	208	0
1749	217	0
1750	200	0
1751	198	0
1752	203	0
1753	183	0
1754	206	0
1755	212	0
1756	211	0
1757	201	0
1758	205	0
1759	200	0
1760	215	0
1761	195	0
1762	177	0
1763	192	0
1764	166	0
1765	209	0
1766	189	0
1767	200	0
1768	204	0
1769	181	0
1770	184	0
1771	202	0
1772	179	0
1773	189	0
1774	179	0
1775	197	0
1776	216	0
1777	197	0
1778	191	0
1779	203	0
1780	190	0
1781	203	0
1782	190	0
1783	192	0
1784	201	0
1785	215	0
1786	195	0
1787	195	0
1788	197	0
1789	212	0
1790	210	0
1791	200	0
1792	206	0
1793	190	0
1794	186	0
1795	185	0
1796	177	0
1797	213	0
1798	187	0
1799	207	0
1800	213	0
1801	208	0
1802	195	0
1803	196	0
1804	172	0
1805	183	0
1806	177	0
1807	188	0
1808	184	0
1809	175	0
1810	203	0
1811	194	0
1812	185	0
1813	211	0
1814	203	0
1815	213	0
1816	203	0
1817	209	0
1818	194	0
1819	217	0
1820	188	0
1821	169	0
1822	218	0
1823	190	0
1824	211	0
1825	183	0
1826	218	0
1827	239	0
1828	210	0
1829	185	0
1830	170	0
1831	198	0
1832	205	0
1833	179	0
1834	195	0
1835	203	0
1836	195	0
1837	196	0
1838	187	0
1839	196	0
1840	205	0
1841	211	0
1842	200	0
1843	206	0
1844	232	0
1845	183	0
1846	205	0
1847	181	0
1848	165	0
1849	192	0
1850	207	0
1851	243	0
1852	205	0
1853	230	0
1854	185	0
1855	180	0
1856	190	0
1857	189	0
1858	195	0
1859	190	0
1860	197	0
1861	188	0
1862	215	0
1863	181	0
1864	185	0
1865	214	0
1866	220	0
1867	175	0
1868	189	0
1869	196	0
1870	223	0
1871	183	0
1872	186	0
1873	190	0
1874	183	0
1875	191	0
1876	207	0
1877	216	0
1878	188	0
1879	218	0
1880	238	0
1881	210	0
1882	210	0
1883	189	0
1884	219	0
1885	196	0
1886	202	0
1887	181	0
1888	197	0
1889	206	0
1890	202	0
1891	167	0
1892	198	0
1893	221	0
1894	191	0
1895	188	0
1896	210	0
1897	190	0
1898	199	0
1899	194	0
1900	194	0
1901	213	0
1902	188	0
1903	200	0
1904	191	0
1905	218	0
1906	189	0
1907	189	0
1908	190	0
1909	188	0
1910	198	0
1911	207	0
1912	192	0
1913	185	0
1914	189	0
1915	213	0
1916	220	0
1917	189	0
1918	224	0
1919	215	0
1920	209	0
1921	206	0
1922	192	0
1923	179	0
1924	179	0
1925	200	0
1926	204	0
1927	196	0
1928	206	0
1929	207	0
1930	203	0
1931	219	0
1932	185	0
1933	184	0
1934	196	0
1935	213	0
1936	194	0
1937	213	0
1938	180	0
1939	217	0
1940	195	0
1941	211	0
1942	210	0
1943	178	0
1944	207	0
1945	189	0
1946	232	0
1947	204	0
1948	183	0
1949	200	0
1950	212	0
1951	186	0
1952	191	0
1953	188	0
1954	192	0
1955	204	0
1956	209	0
1957	219	0
1958	192	0
1959	213	0
1960	218	0
1961	172	0
1962	197	0
1963	213	0
1964	204	0
1965	194	0
1966	209	0
1967	200	0
1968	210	0
1969	212	0
1970	205	0
1971	198	0
1972	177	0
1973	203	0
1974	200	0
1975	198	0
1976	213	0
1977	218	0
1978	188	0
1979	176	0
1980	197	0
1981	194	0
1982	213	0
1983	212	0
1984	181	0
1985	186	0
1986	185	0
1987	195	0
1988	179	0
1989	200	0
1990	198	0
1991	198	0
1992	193	0
1993	196	0
1994	182	0
1995	201	0
1996	170	0
1997	204	0
1998	205	0
1999	195	0
2000	166	0
2001	207	0
2002	206	0
2003	180	0
2004	200	0
2005	202	0
2006	191	0
2007	184	0
2008	186	0
2009	219	0
2010	184	0
2011	202	0
2012	181	0
2013	196	0
2014	177	0
2015	200	0
2016	189	0
2017	186	0
2018	177	0
2019	225	0
2020	221	0
2021	189	0
2022	193	0
2023	194	0
2024	205	0
2025	203	0
2026	184	0
2027	193	0
2028	197	0
2029	196	0
2030	196	0
2031	199	0
2032	217	0
2033	174	0
2034	195	0
2035	190	0
2036	199	0
2037	195	0
2038	203	0
2039	176	0
2040	191	0
2041	187	0
2042	194	0
2043	217	0
2044	197	0
2045	185	0
2046	215	0
2047	190	0
2048	178	0
2049	215	0
2050	217	0
2051	206	0
2052	231	0
2053	191	0
2054	209	0
2055	212	0
2056	197	0
2057	193	0
2058	175	0
2059	187	0
2060	186	0
2061	175	0
2062	202	0
2063	196	0
2064	202	0
2065	213	0
2066	194	0
2067	176	0
2068	194	0
2069	200	0
2070	172	0
2071	193	0
2072	214	0
2073	203	0
2074	182	0
2075	203	0
2076	205	0
2077	198	0
2078	206	0
2079	190	0
2080	208	0
2081	180	0
2082	204	0
2083	192	0
2084	230	0
2085	181	0
2086	207	0
2087	212	0
2088	208	0
2089	209	0
2090	194	0
2091	196	0
2092	217	0
2093	189	0
2094	182	0
2095	198	0
2096	182	0
2097	173	0
2098	231	0
2099	178	0
2100	212	0
2101	203	0
2102	189	0
2103	204	0
2104	208	0
2105	195	0
2106	206	0
2107	184	0
2108	210	0
2109	201	0
2110	188	0
2111	198	0
2112	210	0
2113	183	0
2114	196	0
2115	176	0
2116	191	0
2117	202	0
2118	231	0
2119	185	0
2120	232	0
2121	185	0
2122	179	0
2123	207	0
2124	213	0
2125	209	0
2126	184	0
2127	195	0
2128	190	0
2129	186	0
2130	204	0
2131	185	0
2132	184	0
2133	181	0
2134	188	0
2135	198	0
2136	188	0
2137	166	0
2138	229	0
2139	219	0
2140	211	0
2141	191	0
2142	216	0
2143	190	0
2144	169	0
2145	218	0
2146	210	0
2147	199	0
2148	175	0
2149	220	0
2150	200	0
2151	182	0
2152	230	0
2153	206	0
2154	219	0
2155	217	0
2156	221	0
2157	185	0
2158	187	0
2159	203	0
2160	211	0
2161	210	0
2162	206	0
2163	185	0
2164	186	0
2165	207	0
2166	196	0
2167	191	0
2168	193	0
2169	183	0
2170	193	0
2171	202	0
2172	194	0
2173	174	0
2174	192	0
2175	224	0
2176	194	0
2177	173	0
2178	197	0
2179	198	0
2180	163	0
2181	183	0
2182	214	0
2183	169	0
2184	190	0
2185	175	0
2186	183	0
2187	192	0
2188	197	0
2189	214	0
2190	191	0
2191	200	0
2192	203	0
2193	197	0
2194	192	0
2195	172	0
2196	201	0
2197	194	0
2198	220	0
2199	190	0
2200	159	0
2201	227	0
2202	205	0
2203	205	0
2204	189	0
2205	173	0
2206	214	0
2207	210	0
2208	208	0
2209	196	0
2210	211	0
2211	186	0
2212	202	0
2213	214	0
2214	199	0
2215	161	0
2216	197	0
2217	184	0
2218	210	0
2219	207	0
2220	211	0
2221	183	0
2222	183	0
2223	201	0
2224	185	0
2225	206	0
2226	203	0
2227	220	0
2228	234	0
2229	215	0
2230	202	0
2231	221	0
2232	221	0
2233	187	0
2234	187	0
2235	192	0
2236	215	0
2237	195	0
2238	206	0
2239	195	0
2240	210	0
2241	208	0
2242	185	0
2243	192	0
2244	192	0
2245	183	0
2246	203	0
2247	175	0
2248	196	0
2249	198	0
2250	183	0
2251	176	0
2252	199	0
2253	189	0
2254	207	0
2255	219	0
2256	199	0
2257	188	0
2258	193	0
2259	195	0
2260	204	0
2261	183	0
2262	209	0
2263	190	0
2264	182	0
2265	165	0
2266	212	0
2267	203	0
2268	208	0
2269	202	0
2270	178	0
2271	208	0
2272	202	0
2273	205	0
2274	232	0
2275	183	0
2276	185	0
2277	188	0
2278	207	0
2279	196	0
2280	185	0
2281	205	0
2282	207	0
2283	194	0
2284	194	0
2285	211	0
2286	208	0
2287	193	0
2288	168	0
2289	189	0
2290	213	0
2291	181	0
2292	205	0
2293	186	0
2294	216	0
2295	212	0
2296	174	0
2297	212	0
2298	185	0
2299	230	0
2300	208	0
2301	207	0
2302	209	0
2303	178	0
2304	183	0
2305	179	0
2306	199	0
2307	193	0
2308	189	0
2309	200	0
2310	202	0
2311	211	0
2312	207	0
2313	200	0
2314	180	0
2315	205	0
2316	184	0
2317	196	0
2318	213	0
2319	193	0
2320	226	0
2321	183	0
2322	212	0
2323	190	0
2324	196	0
2325	203	0
2326	207	0
2327	212	0
2328	170	0
2329	210	0
2330	183	0
2331	166	0
2332	181	0
2333	177	0
2334	200	0
2335	209	0
2336	195	0
2337	180	0
2338	221	0
2339	188	0
2340	193	0
2341	183	0
2342	232	0
2343	186	0
2344	169	0
2345	196	0
2346	208	0
2347	231	0
2348	200	0
2349	237	0
2350	173	0
2351	201	0
2352	188	0
2353	194	0
2354	234	0
2355	204	0
2356	215	0
2357	197	0
2358	192	0
2359	200	0
2360	183	0
2361	216	0
2362	207	0
2363	199	0
2364	183	0
2365	184	0
2366	186	0
2367	203	0
2368	183	0
2369	194	0
2370	214	0
2371	193	0
2372	187	0
2373	190	0
2374	208	0
2375	173	0
2376	200	0
2377	167	0
2378	191	0
2379	194	0
2380	209	0
2381	174	0
2382	182	0
2383	224	0
2384	191	0
2385	187	0
2386	202	0
2387	197	0
2388	190	0
2389	184	0
2390	226	0
2391	184	0
2392	200	0
2393	208	0
2394	182	0
2395	197	0
2396	208	0
2397	216	0
2398	235	0
2399	205	0
2400	183	0
2401	212	0
2402	226	0
2403	170	0
2404	204	0
2405	173	0
2406	209	0
2407	220	0
2408	208	0
2409	190	0
2410	188	0
2411	202	0
2412	178	0
2413	215	0
2414	185	0
2415	188	0
2416	207	0
2417	209	0
2418	204	0
2419	208	0
2420	206	0
2421	210	0
2422	194	0
2423	181	0
2424	185	0
2425	213	0
2426	232	0
2427	227	0
2428	219	0
2429	182	0
2430	190	0
2431	215	0
2432	205	0
2433	179	0
2434	165	0
2435	208	0
2436	189	0
2437	220	0
2438	224	0
2439	194	0
2440	213	0
2441	196	0
2442	214	0
2443	214	0
2444	178	0
2445	176	0
2446	191	0
2447	175	0
2448	188	0
2449	192	0
2450	204	0
2451	191	0
2452	206	0
2453	202	0
2454	200	0
2455	197	0
2456	170	0
2457	197	0
2458	179	0
2459	189	0
2460	195	0
2461	231	0
2462	188	0
2463	200	0
2464	213	0
2465	182	0
2466	210	0
2467	216	0
2468	190	0
2469	195	0
2470	185	0
2471	214	0
2472	205	0
2473	197	0
2474	175	0
2475	199	0
2476	181	0
2477	182	0
2478	200	0
2479	204	0
2480	210	0
2481	198	0
2482	184	0
2483	183	0
2484	179	0
2485	226	0
2486	194	0
2487	213	0
2488	203	0
2489	159	0
2490	206	0
2491	192	0
2492	178	0
2493	222	0
2494	222	0
2495	197	0
2496	219	0
2497	186	0
2498	217	0
2499	179	0
2500	171	0
2501	215	0
2502	183	0
2503	229	0
2504	209	0
2505	182	0
2506	212	0
2507	195	0
2508	215	0
2509	199	0
2510	197	0
2511	210	0
2512	220	0
2513	215	0
2514	183	0
2515	184	0
2516	187	0
2517	207	0
2518	196	0
2519	190	0
2520	215	0
2521	204	0
2522	187	0
2523	210	0
2524	218	0
2525	186	0
2526	193	0
2527	181	0
2528	203	0
2529	197	0
2530	210	0
2531	175	0
2532	194	0
2533	193	0
2534	192	0
2535	155	0
2536	208	0
2537	189	0
2538	201	0
2539	197	0
2540	185	0
2541	190	0
2542	210	0
2543	184	0
2544	187	0
2545	206	0
2546	194	0
2547	219	0
2548	223	0
2549	188	0
2550	195	0
2551	203	0
2552	195	0
2553	189	0
2554	212	0
2555	209	0
2556	195	0
2557	202	0
2558	192	0
2559	198	0
2560	213	0
2561	212	0
2562	180	0
2563	186	0
2564	188	0
2565	186	0
2566	222	0
2567	190	0
2568	194	0
2569	202	0
2570	213	0
2571	230	0
2572	178	0
2573	206	0
2574	174	0
2575	185	0
2576	186	0
2577	180	0
2578	192	0
2579	199	0
2580	194	0
2581	189	0
2582	213	0
2583	196	0
2584	216	0
2585	206	0
2586	173	0
2587	203	0
2588	226	0
2589	209	0
2590	212	0
2591	208	0
2592	215	0
2593	187	0
2594	213	0
2595	200	0
2596	190	0
2597	205	0
2598	188	0
2599	199	0
2600	178	0
2601	190	0
2602	223	0
2603	209	0
2604	192	0
2605	223	0
2606	187	0
2607	198	0
2608	163	0
2609	166	0
2610	210	0
2611	196	0
2612	194	0
2613	232	0
2614	177	0
2615	206	0
2616	193	0
2617	212	0
2618	205	0
2619	210	0
2620	216	0
2621	198	0
2622	198	0
2623	194	0
2624	203	0
2625	229	0
2626	206	0
2627	193	0
2628	200	0
2629	178	0
2630	218	0
2631	195	0
2632	189	0
2633	201	0
2634	190	0
2635	196	0
2636	201	0
2637	192	0
2638	194	0
2639	195	0
2640	191	0
2641	208	0
2642	196	0
2643	191	0
2644	195	0
2645	199	0
2646	199	0
2647	209	0
2648	198	0
2649	222	0
2650	187	0
2651	168	0
2652	198	0
2653	193	0
2654	218	0
2655	210	0
2656	200	0
2657	198	0
2658	204	0
2659	196	0
2660	191	0
2661	209	0
2662	202	0
2663	202	0
2664	207	0
2665	214	0
2666	162	0
2667	195	0
2668	168	0
2669	199	0
2670	201	0
2671	188	0
2672	175	0
2673	183	0
2674	193	0
2675	172	0
2676	212	0
2677	206	0
2678	197	0
2679	191	0
2680	212	0
2681	224	0
2682	215	0
2683	202	0
2684	178	0
2685	226	0
2686	211	0
2687	179	0
2688	190	0
2689	211	0
2690	219	0
2691	209	0
2692	189	0
2693	183	0
2694	226	0
2695	232	0
2696	183	0
2697	189	0
2698	195	0
2699	185	0
2700	205	0
2701	183	0
2702	197	0
2703	178	0
2704	170	0
2705	198	0
2706	208	0
2707	226	0
2708	198	0
2709	185	0
2710	187	0
2711	179	0
2712	213	0
2713	187	0
2714	181	0
2715	203	0
2716	194	0
2717	197	0
2718	240	0
2719	214	0
2720	194	0
2721	179	0
2722	212	0
2723	227	0
2724	197	0
2725	181	0
2726	179	0
2727	188	0
2728	243	0
2729	193	0
2730	217	0
2731	218	0
2732	202	0
2733	214	0
2734	225	0
2735	204	0
2736	209	0
2737	206	0
2738	185	0
2739	168	0
2740	216	0
2741	169	0
2742	223	0
2743	200	0
2744	187	0
2745	180	0
2746	209	0
2747	207	0
2748	217	0
2749	198	0
2750	208	0
2751	174	0
2752	215	0
2753	168	0
2754	218	0
2755	173	0
2756	178	0
2757	209	0
2758	175	0
2759	189	0
2760	209	0
2761	159	0
2762	188	0
2763	196	0
2764	197	0
2765	191	0
2766	190	0
2767	189	0
2768	202	0
2769	191	0
2770	207	0
2771	215	0
2772	176	0
2773	186	0
2774	181	0
2775	222	0
2776	188	0
2777	234	0
2778	211	0
2779	190	0
2780	211	0
2781	188	0
2782	201	0
2783	172	0
2784	185	0
2785	195	0
2786	191	0
2787	183	0
2788	177	0
2789	185	0
2790	187	0
2791	211	0
2792	192	0
2793	212	0
2794	209	0
2795	176	0
2796	192	0
2797	190	0
2798	183	0
2799	226	0
2800	214	0
2801	191	0
2802	198	0
2803	211	0
2804	198	0
2805	184	0
2806	217	0
2807	225	0
2808	201	0
2809	212	0
2810	209	0
2811	202	0
2812	181	0
2813	202	0
2814	174	0
2815	206	0
2816	198	0
2817	193	0
2818	201	0
2819	202	0
2820	215	0
2821	234	0
2822	208	0
2823	185	0
2824	203	0
2825	181	0
2826	217	0
2827	196	0
2828	182	0
2829	182	0
2830	175	0
2831	200	0
2832	191	0
2833	248	0
2834	204	0
2835	210	0
2836	168	0
2837	207	0
2838	214	0
2839	209	0
2840	197	0
2841	207	0
2842	228	0
2843	187	0
2844	195	0
2845	202	0
2846	204	0
2847	193	0
2848	193	0
2849	191	0
2850	205	0
2851	190	0
2852	189	0
2853	196	0
2854	193	0
2855	192	0
2856	172	0
2857	196	0
2858	205	0
2859	198	0
2860	165	0
2861	189	0
2862	184	0
2863	214	0
2864	192	0
2865	190	0
2866	215	0
2867	216	0
2868	210	0
2869	215	0
2870	201	0
2871	183	0
2872	188	0
2873	205	0
2874	179	0
2875	200	0
2876	196	0
2877	185	0
2878	195	0
2879	180	0
2880	173	0
2881	207	0
2882	164	0
2883	178	0
2884	192	0
2885	207	0
2886	178	0
2887	210	0
2888	190	0
2889	195	0
2890	182	0
2891	211	0
2892	197	0
2893	180	0
2894	201	0
2895	196	0
2896	204	0
2897	226	0
2898	193	0
2899	188	0
2900	210	0
2901	187	0
2902	197	0
2903	199	0
2904	210	0
2905	206	0
2906	187	0
2907	195	0
2908	169	0
2909	219	0
2910	190	0
2911	196	0
2912	201	0
2913	213	0
2914	178	0
2915	213	0
2916	195	0
2917	210	0
2918	190	0
2919	196	0
2920	213	0
2921	189	0
2922	192	0
2923	204	0
2924	202	0
2925	190	0
2926	179	0
2927	209	0
2928	193	0
2929	188	0
2930	201	0
2931	196	0
2932	190	0
2933	198	0
2934	219	0
2935	158	0
2936	237	0
2937	203	0
2938	177	0
2939	208	0
2940	202	0
2941	204	0
2942	173	0
2943	201	0
2944	200	0
2945	197	0
2946	203	0
2947	183	0
2948	199	0
2949	189	0
2950	179	0
2951	190	0
2952	200	0
2953	175	0
2954	230	0
2955	190	0
2956	202	0
2957	211	0
2958	216	0
2959	203	0
2960	176	0
2961	204	0
2962	185	0
2963	227	0
2964	221	0
2965	191	0
2966	204	0
2967	213	0
2968	198	0
2969	184	0
2970	175	0
2971	224	0
2972	207	0
2973	218	0
2974	205	0
2975	184	0
2976	178	0
2977	188	0
2978	198	0
2979	197	0
2980	189	0
2981	188	0
2982	201	0
2983	209	0
2984	192	0
2985	227	0
2986	200	0
2987	212	0
2988	207	0
2989	191	0
2990	198	0
2991	200	0
2992	207	0
2993	193	0
2994	192	0
2995	178	0
2996	183	0
2997	209	0
2998	196	0
2999	231	0
3000	222	0
