1	193	0
2	196	0
3	188	0
4	206	0
5	207	0
6	182	0
7	213	0
8	211	0
9	170	0
10	178	0
11	200	0
12	183	0
13	202	0
14	196	0
15	191	0
16	213	0
17	197	0
18	196	0
19	207	0
20	201	0
21	194	0
22	200	0
23	192	0
24	202	0
25	203	0
26	216	0
27	179	0
28	168	0
29	229	0
30	233	0
31	208	0
32	186	0
33	185	0
34	161	0
35	205	0
36	193	0
37	166	0
38	213	0
39	187	0
40	205	0
41	174	0
42	189	0
43	193	0
44	187	0
45	198	0
46	196	0
47	191	0
48	171	0
49	193	0
50	177	0
51	176	0
52	182	0
53	206	0
54	202	0
55	198	0
56	203	0
57	194	0
58	212	0
59	186	0
60	190	0
61	192	0
62	200	0
63	217	0
64	179	0
65	220	0
66	200	0
67	183	0
68	215	0
69	184	0
70	210	0
71	190	0
72	188	0
73	195	0
74	203	0
75	199	0
76	201	0
77	191	0
78	184	0
79	211	0
80	211	0
81	191	0
82	192	0
83	181	0
84	182	0
85	213	0
86	187	0
87	185	0
88	178	0
89	228	0
90	203	0
91	216	0
92	176	0
93	187	0
94	186	0
95	196	0
96	171	0
97	240	0
98	205	0
99	192	0
100	213	0
101	224	0
102	192	0
103	193	0
104	181	0
105	211	0
106	200	0
107	189	0
108	221	0
109	189	0
110	196	0
111	192	0
112	226	0
113	201	0
114	209	0
115	175	0
116	220	0
117	190	0
118	175	0
119	173	0
120	183	0
121	186	0
122	204	0
123	167	0
124	203	0
125	178	0
126	200	0
127	160	0
128	211	0
129	206	0
130	194	0
131	189	0
132	204	0
133	192	0
134	194	0
135	192	0
136	190	0
137	191	0
138	188	0
139	209	0
140	181	0
141	206	0
142	209	0
143	198	0
144	194	0
145	172	0
146	188	0
147	233	0
148	186	0
149	187	0
150	184	0
151	194	0
152	202	0
153	179	0
154	185	0
155	219	0
156	195	0
157	204	0
158	193	0
159	192	0
160	181	0
161	185	0
162	200	0
163	206	0
164	216	0
165	215	0
166	207	0
167	224	0
168	199	0
169	195	0
170	222	0
171	200	0
172	181	0
173	194	0
174	175	0
175	193	0
176	200	0
177	189	0
178	194	0
179	205	0
180	187	0
181	179	0
182	215	0
183	207	0
184	190	0
185	219	0
186	222	0
187	188	0
188	205	0
189	181	0
190	188	0
191	193	0
192	192	0
193	200	0
194	193	0
195	214	0
196	191	0
197	204	0
198	211	0
199	162	0
200	195	0
201	204	0
202	176	0
203	178	0
204	204	0
205	186	0
206	174	0
207	184	0
208	196	0
209	210	0
210	208	0
211	193	0
212	202	0
213	215	0
214	229	0
215	191	0
216	208	0
217	176	0
218	204	0
219	207	0
220	214	0
221	206	0
222	197	0
223	186	0
224	187	0
225	201	0
226	212	0
227	217	0
228	197	0
229	181	0
230	204	0
231	193	0
232	203	0
233	187	0
234	203	0
235	184	0
236	184	0
237	196	0
238	193	0
239	204	0
240	173	0
241	209	0
242	203	0
243	181	0
244	182	0
245	171	0
246	200	0
247	168	0
248	194	0
249	186	0
250	214	0
251	197	0
252	206	0
253	178	0
254	199	0
255	192	0
256	204	0
257	194	0
258	177	0
259	194	0
260	190	0
261	192	0
262	216	0
263	194	0
264	191	0
265	196	0
266	186	0
267	189	0
268	170	0
269	175	0
270	198	0
271	191	0
272	176	0
273	204	0
274	180	0
275	200	0
276	184	0
277	201	0
278	204	0
279	184	0
280	217	0
281	196	0
282	203	0
283	192	0
284	203	0
285	220	0
286	171	0
287	189	0
288	189	0
289	191	0
290	189	0
291	197	0
292	193	0
293	182	0
294	213	0
295	200	0
296	216	0
297	192	0
298	169	0
299	183	0
300	201	0
301	192	0
302	163	0
303	209	0
304	191	0
305	185	0
306	207	0
307	197	0
308	205	0
309	209	0
310	191	0
311	209	0
312	187	0
313	208	0
314	199	0
315	173	0
316	217	0
317	198	0
318	191	0
319	197	0
320	185	0
321	198	0
322	192	0
323	173	0
324	187	0
325	209	0
326	193	0
327	194	0
328	192	0
329	212	0
330	192	0
331	216	0
332	197	0
333	194	0
334	194	0
335	181	0
336	206	0
337	187	0
338	200	0
339	190	0
340	197	0
341	230	0
342	191	0
343	217	0
344	179	0
345	206	0
346	202	0
347	180	0
348	184	0
349	187	0
350	192	0
351	167	0
352	208	0
353	206	0
354	187	0
355	205	0
356	208	0
357	177	0
358	170	0
359	221	0
360	204	0
361	201	0
362	253	0
363	195	0
364	180	0
365	211	0
366	211	0
367	200	0
368	191	0
369	207	0
370	174	0
371	210	0
372	221	0
373	218	0
374	199	0
375	196	0
376	197	0
377	208	0
378	224	0
379	208	0
380	212	0
381	201	0
382	211	0
383	194	0
384	173	0
385	212	0
386	202	0
387	194	0
388	191	0
389	201	0
390	184	0
391	182	0
392	192	0
393	204	0
394	196	0
395	211	0
396	190	0
397	196	0
398	212	0
399	197	0
400	201	0
401	185	0
402	193	0
403	183	0
404	196	0
405	190	0
406	163	0
407	170	0
408	193	0
409	208	0
410	195	0
411	209	0
412	170	0
413	187	0
414	205	0
415	196	0
416	204	0
417	184	0
418	170	0
419	204	0
420	188	0
421	189	0
422	189	0
423	215	0
424	194	0
425	205	0
426	215	0
427	187	0
428	203	0
429	192	0
430	187	0
431	208	0
432	183	0
433	212	0
434	196	0
435	214	0
436	177	0
437	202	0
438	200	0
439	204	0
440	218	0
441	186	0
442	212	0
443	173	0
444	196	0
445	190	0
446	188	0
447	188	0
448	209	0
449	183	0
450	197	0
451	195	0
452	221	0
453	186	0
454	190	0
455	176	0
456	205	0
457	194	0
458	202	0
459	204	0
460	171	0
461	182	0
462	206	0
463	208	0
464	207	0
465	186	0
466	200	0
467	195	0
468	184	0
469	181	0
470	194	0
471	209	0
472	169	0
473	183	0
474	198	0
475	188	0
476	209	0
477	206	0
478	188	0
479	200	0
480	208	0
481	201	0
482	205	0
483	195	0
484	214	0
485	188	0
486	204	0
487	213	0
488	203	0
489	190	0
490	207	0
491	188	0
492	188	0
493	170	0
494	195	0
495	184	0
496	188	0
497	180	0
498	197	0
499	191	0
500	206	0
501	184	0
502	193	0
503	210	0
504	187	0
505	174	0
506	192	0
507	187	0
508	212	0
509	201	0
510	189	0
511	176	0
512	203	0
513	207	0
514	214	0
515	203	0
516	173	0
517	204	0
518	217	0
519	204	0
520	187	0
521	210	0
522	201	0
523	191	0
524	191	0
525	192	0
526	174	0
527	173	0
528	196	0
529	190	0
530	174	0
531	175	0
532	184	0
533	183	0
534	204	0
535	213	0
536	194	0
537	196	0
538	191	0
539	220	0
540	217	0
541	204	0
542	214	0
543	198	0
544	211	0
545	206	0
546	188	0
547	197	0
548	227	0
549	174	0
550	193	0
551	203	0
552	195	0
553	198	0
554	188	0
555	182	0
556	182	0
557	199	0
558	182	0
559	194	0
560	204	0
561	192	0
562	189	0
563	196	0
564	231	0
565	190	0
566	185	0
567	205	0
568	206	0
569	178	0
570	205	0
571	210	0
572	187	0
573	224	0
574	172	0
575	189	0
576	182	0
577	187	0
578	187	0
579	209	0
580	204	0
581	178	0
582	195	0
583	181	0
584	164	0
585	187	0
586	193	0
587	171	0
588	215	0
589	225	0
590	195	0
591	209	0
592	181	0
593	214	0
594	207	0
595	185	0
596	211	0
597	234	0
598	193	0
599	205	0
600	179	0
601	186	0
602	198	0
603	207	0
604	223	0
605	182	0
606	212	0
607	186	0
608	222	0
609	203	0
610	190	0
611	179	0
612	193	0
613	185	0
614	212	0
615	207	0
616	208	0
617	185	0
618	195	0
619	174	0
620	219	0
621	207	0
622	188	0
623	200	0
624	215	0
625	211	0
626	210	0
627	181	0
628	194	0
629	194	0
630	218	0
631	205	0
632	201	0
633	196	0
634	205	0
635	200	0
636	194	0
637	218	0
638	216	0
639	203	0
640	213	0
641	182	0
642	183	0
643	183	0
644	215	0
645	194	0
646	188	0
647	170	0
648	194	0
649	186	0
650	192	0
651	170	0
652	205	0
653	201	0
654	189	0
655	202	0
656	218	0
657	215	0
658	208	0
659	180	0
660	178	0
661	217	0
662	154	0
663	231	0
664	204	0
665	207	0
666	199	0
667	196	0
668	185	0
669	177	0
670	194	0
671	175	0
672	215	0
673	187	0
674	223	0
675	184	0
676	220	0
677	196	0
678	221	0
679	215	0
680	173	0
681	187	0
682	181	0
683	187	0
684	211	0
685	190	0
686	184	0
687	226	0
688	212	0
689	214	0
690	189	0
691	202	0
692	208	0
693	181	0
694	192	0
695	196	0
696	209	0
697	189	0
698	209	0
699	197	0
700	211	0
701	199	0
702	211	0
703	213	0
704	187	0
705	202	0
706	192	0
707	185	0
708	220	0
709	198	0
710	184	0
711	205	0
712	178	0
713	214	0
714	204	0
715	179	0
716	217	0
717	203	0
718	206	0
719	191	0
720	186	0
721	201	0
722	188	0
723	222	0
724	177	0
725	205	0
726	185	0
727	196	0
728	228	0
729	184	0
730	202	0
731	192	0
732	201	0
733	208	0
734	188	0
735	205	0
736	179	0
737	190	0
738	182	0
739	177	0
740	212	0
741	212	0
742	201	0
743	206	0
744	227	0
745	183	0
746	198	0
747	190	0
748	221	0
749	200	0
750	207	0
751	213	0
752	198	0
753	207	0
754	203	0
755	184	0
756	228	0
757	203	0
758	198	0
759	188	0
760	196	0
761	227	0
762	172	0
763	209	0
764	195	0
765	204	0
766	205	0
767	198	0
768	194	0
769	173	0
770	223	0
771	189	0
772	202	0
773	212	0
774	211	0
775	180	0
776	207	0
777	177	0
778	175	0
779	186	0
780	211	0
781	185	0
782	190	0
783	195	0
784	207	0
785	206	0
786	216	0
787	186	0
788	195	0
789	201	0
790	213	0
791	196	0
792	190	0
793	218	0
794	187	0
795	191	0
796	207	0
797	172	0
798	242	0
799	207	0
800	196	0
801	212	0
802	200	0
803	190	0
804	219	0
805	167	0
806	196	0
807	191	0
808	193	0
809	190	0
810	189	0
811	199	0
812	175	0
813	210	0
814	178	0
815	182	0
816	190	0
817	184	0
818	200	0
819	171	0
820	177	0
821	189	0
822	196	0
823	198	0
824	168	0
825	181	0
826	195	0
827	185	0
828	212	0
829	174	0
830	186	0
831	239	0
832	218	0
833	194	0
834	211	0
835	205	0
836	190	0
837	217	0
838	187	0
839	170	0
840	203	0
841	216	0
842	181	0
843	201	0
844	168	0
845	212	0
846	179	0
847	185	0
848	188	0
849	184	0
850	200	0
851	210	0
852	199	0
853	212	0
854	177	0
855	211	0
856	205	0
857	227	0
858	214	0
859	176	0
860	185	0
861	206	0
862	167	0
863	182	0
864	156	0
865	187	0
866	207	0
867	171	0
868	219	0
869	194	0
870	174	0
871	174	0
872	170	0
873	211	0
874	201	0
875	185	0
876	178	0
877	188	0
878	178	0
879	208	0
880	197	0
881	222	0
882	222	0
883	210	0
884	190	0
885	200	0
886	174	0
887	211	0
888	200	0
889	187	0
890	178	0
891	171	0
892	227	0
893	212	0
894	193	0
895	200	0
896	205	0
897	200	0
898	210	0
899	204	0
900	169	0
901	182	0
902	185	0
903	208	0
904	227	0
905	204	0
906	227	0
907	184	0
908	185	0
909	180	0
910	214	0
911	175	0
912	224	0
913	201	0
914	209	0
915	215	0
916	205	0
917	197	0
918	218	0
919	206	0
920	208	0
921	199	0
922	220	0
923	202	0
924	193	0
925	206	0
926	189	0
927	192	0
928	200	0
929	213	0
930	192	0
931	188	0
932	166	0
933	188	0
934	203	0
935	213	0
936	205	0
937	211	0
938	202	0
939	196	0
940	202	0
941	208	0
942	204	0
943	204	0
944	195	0
945	189	0
946	204	0
947	179	0
948	192	0
949	190	0
950	166	0
951	222	0
952	162	0
953	194	0
954	195	0
955	200	0
956	199	0
957	195	0
958	210	0
959	176	0
960	168	0
961	221	0
962	198	0
963	192	0
964	211	0
965	185	0
966	178	0
967	187	0
968	193	0
969	203	0
970	174	0
971	190	0
972	206	0
973	192	0
974	215	0
975	188	0
976	184	0
977	178	0
978	187	0
979	220	0
980	234	0
981	206	0
982	214	0
983	199	0
984	187	0
985	219	0
986	185	0
987	210	0
988	186	0
989	192	0
990	203	0
991	218	0
992	200	0
993	191	0
994	205	0
995	191	0
996	197	0
997	187	0
998	212	0
999	188	0
1000	210	0
1001	204	0
1002	190	0
1003	172	0
1004	177	0
1005	209	0
1006	191	0
1007	206	0
1008	220	0
1009	208	0
1010	192	0
1011	178	0
1012	192	0
1013	184	0
1014	198	0
1015	200	0
1016	226	0
1017	233	0
1018	205	0
1019	187	0
1020	208	0
1021	190	0
1022	193	0
1023	180	0
1024	170	0
1025	191	0
1026	204	0
1027	203	0
1028	207	0
1029	161	0
1030	229	0
1031	192	0
1032	192	0
1033	217	0
1034	200	0
1035	189	0
1036	220	0
1037	219	0
1038	204	0
1039	200	0
1040	167	0
1041	183	0
1042	193	0
1043	206	0
1044	187	0
1045	187	0
1046	221	0
1047	187	0
1048	195	0
1049	187	0
1050	177	0
1051	193	0
1052	195	0
1053	183	0
1054	200	0
1055	199	0
1056	207	0
1057	222	0
1058	187	0
1059	204	0
1060	220	0
1061	183	0
1062	229	0
1063	194	0
1064	184	0
1065	193	0
1066	215	0
1067	193	0
1068	179	0
1069	183	0
1070	205	0
1071	191	0
1072	180	0
1073	186	0
1074	189	0
1075	194	0
1076	192	0
1077	204	0
1078	219	0
1079	171	0
1080	210	0
1081	202	0
1082	184	0
1083	177	0
1084	203	0
1085	200	0
1086	172	0
1087	198	0
1088	225	0
1089	186	0
1090	227	0
1091	177	0
1092	190	0
1093	194	0
1094	199	0
1095	181	0
1096	180	0
1097	177	0
1098	185	0
1099	171	0
1100	214	0
1101	208	0
1102	208	0
1103	214	0
1104	199	0
1105	217	0
1106	188	0
1107	192	0
1108	202	0
1109	208	0
1110	210	0
1111	191	0
1112	199	0
1113	207	0
1114	197	0
1115	199	0
1116	222	0
1117	186	0
1118	205	0
1119	189	0
1120	182	0
1121	190	0
1122	193	0
1123	174	0
1124	191	0
1125	226	0
1126	183	0
1127	170	0
1128	196	0
1129	211	0
1130	195	0
1131	185	0
1132	191	0
1133	171	0
1134	179	0
1135	186	0
1136	170	0
1137	215	0
1138	188	0
1139	187	0
1140	208	0
1141	185	0
1142	199	0
1143	205	0
1144	194	0
1145	209	0
1146	181	0
1147	170	0
1148	209	0
1149	181	0
1150	201	0
1151	203	0
1152	186	0
1153	191	0
1154	178	0
1155	210	0
1156	192	0
1157	187	0
1158	208	0
1159	194	0
1160	204	0
1161	210	0
1162	202	0
1163	181	0
1164	169	0
1165	182	0
1166	204	0
1167	181	0
1168	200	0
1169	187	0
1170	196	0
1171	193	0
1172	179	0
1173	192	0
1174	199	0
1175	192	0
1176	226	0
1177	198	0
1178	208	0
1179	202	0
1180	188	0
1181	213	0
1182	179	0
1183	200	0
1184	201	0
1185	198	0
1186	186	0
1187	222	0
1188	199	0
1189	148	0
1190	199	0
1191	178	0
1192	217	0
1193	215	0
1194	191	0
1195	198	0
1196	188	0
1197	209	0
1198	182	0
1199	200	0
1200	204	0
1201	200	0
1202	218	0
1203	202	0
1204	191	0
1205	203	0
1206	196	0
1207	207	0
1208	218	0
1209	205	0
1210	193	0
1211	155	0
1212	181	0
1213	205	0
1214	216	0
1215	209	0
1216	178	0
1217	189	0
1218	205	0
1219	208	0
1220	186	0
1221	207	0
1222	198	0
1223	189	0
1224	171	0
1225	183	0
1226	194	0
1227	208	0
1228	194	0
1229	187	0
1230	182	0
1231	165	0
1232	211	0
1233	195	0
1234	189	0
1235	204	0
1236	168	0
1237	190	0
1238	214	0
1239	183	0
1240	216	0
1241	210	0
1242	200	0
1243	200	0
1244	197	0
1245	215	0
1246	197	0
1247	229	0
1248	200	0
1249	184	0
1250	179	0
1251	209	0
1252	180	0
1253	199	0
1254	215	0
1255	200	0
1256	211	0
1257	186	0
1258	180	0
1259	197	0
1260	210	0
1261	188	0
1262	191	0
1263	209	0
1264	192	0
1265	193	0
1266	210	0
1267	174	0
1268	218	0
1269	196	0
1270	187	0
1271	205	0
1272	177	0
1273	184	0
1274	228	0
1275	206	0
1276	206	0
1277	230	0
1278	190	0
1279	203	0
1280	191	0
1281	193	0
1282	196	0
1283	188	0
1284	215	0
1285	188	0
1286	189	0
1287	177	0
1288	181	0
1289	200	0
1290	225	0
1291	185	0
1292	190	0
1293	198	0
1294	209	0
1295	204	0
1296	197	0
1297	187	0
1298	188	0
1299	194	0
1300	180	0
1301	193	0
1302	212	0
1303	199	0
1304	164	0
1305	217	0
1306	184	0
1307	216	0
1308	178	0
1309	188	0
1310	198	0
1311	194	0
1312	199	0
1313	190	0
1314	198	0
1315	179	0
1316	195	0
1317	205	0
1318	181	0
1319	180	0
1320	190	0
1321	196	0
1322	219	0
1323	191	0
1324	201	0
1325	185	0
1326	184	0
1327	195	0
1328	190	0
1329	228	0
1330	220	0
1331	182	0
1332	186	0
1333	205	0
1334	171	0
1335	199	0
1336	221	0
1337	187	0
1338	212	0
1339	180	0
1340	216	0
1341	177	0
1342	208	0
1343	161	0
1344	217	0
1345	175	0
1346	177	0
1347	215	0
1348	202	0
1349	190	0
1350	198	0
1351	179	0
1352	210	0
1353	189	0
1354	179	0
1355	183	0
1356	194	0
1357	200	0
1358	175	0
1359	201	0
1360	185	0
1361	223	0
1362	174	0
1363	181	0
1364	214	0
1365	199	0
1366	206	0
1367	183	0
1368	204	0
1369	189	0
1370	179	0
1371	211	0
1372	185	0
1373	189	0
1374	199	0
1375	219	0
1376	199	0
1377	215	0
1378	181	0
1379	180	0
1380	203	0
1381	173	0
1382	185	0
1383	183	0
1384	198	0
1385	186	0
1386	198	0
1387	205	0
1388	218	0
1389	199	0
1390	198	0
1391	228	0
1392	203	0
1393	196	0
1394	175	0
1395	197	0
1396	190	0
1397	208	0
1398	179	0
1399	194	0
1400	218	0
1401	220	0
1402	190	0
1403	217	0
1404	186	0
1405	183	0
1406	213	0
1407	188	0
1408	197	0
1409	191	0
1410	187	0
1411	183	0
1412	171	0
1413	206	0
1414	190	0
1415	202	0
1416	196	0
1417	190	0
1418	189	0
1419	219	0
1420	205	0
1421	199	0
1422	237	0
1423	196	0
1424	192	0
1425	166	0
1426	184	0
1427	205	0
1428	198	0
1429	202	0
1430	203	0
1431	224	0
1432	175	0
1433	201	0
1434	221	0
1435	197	0
1436	183	0
1437	188	0
1438	164	0
1439	182	0
1440	200	0
1441	225	0
1442	185	0
1443	178	0
1444	199	0
1445	202	0
1446	184	0
1447	188	0
1448	211	0
1449	200	0
1450	189	0
1451	207	0
1452	175	0
1453	205	0
1454	170	0
1455	219	0
1456	192	0
1457	219	0
1458	173	0
1459	186	0
1460	166	0
1461	222	0
1462	168	0
1463	192	0
1464	166	0
1465	224	0
1466	180	0
1467	186	0
1468	197	0
1469	228	0
1470	189	0
1471	200	0
1472	197	0
1473	190	0
1474	194	0
1475	188	0
1476	194	0
1477	193	0
1478	209	0
1479	217	0
1480	200	0
1481	171	0
1482	198	0
1483	191	0
1484	206	0
1485	193	0
1486	198	0
1487	208	0
1488	186	0
1489	189	0
1490	203	0
1491	191	0
1492	186	0
1493	209	0
1494	216	0
1495	197	0
1496	212	0
1497	210	0
1498	182	0
1499	173	0
1500	219	0
1501	194	0
1502	191	0
1503	186	0
1504	198	0
1505	185	0
1506	222	0
1507	198	0
1508	203	0
1509	188	0
1510	183	0
1511	204	0
1512	198	0
1513	205	0
1514	176	0
1515	175	0
1516	193	0
1517	204	0
1518	198	0
1519	195	0
1520	186	0
1521	215	0
1522	180	0
1523	196	0
1524	187	0
1525	207	0
1526	229	0
1527	198	0
1528	197	0
1529	177	0
1530	216	0
1531	188	0
1532	183	0
1533	210	0
1534	207	0
1535	191	0
1536	204	0
1537	175	0
1538	194	0
1539	183	0
1540	221	0
1541	204	0
1542	177	0
1543	198	0
1544	199	0
1545	188	0
1546	190	0
1547	231	0
1548	176	0
1549	231	0
1550	194	0
1551	191	0
1552	219	0
1553	204	0
1554	181	0
1555	201	0
1556	197	0
1557	175	0
1558	219	0
1559	198	0
1560	195	0
1561	156	0
1562	185	0
1563	201	0
1564	209	0
1565	203	0
1566	218	0
1567	183	0
1568	200	0
1569	205	0
1570	185	0
1571	215	0
1572	213	0
1573	185	0
1574	215	0
1575	194	0
1576	204	0
1577	199	0
1578	212	0
1579	210	0
1580	219	0
1581	177	0
1582	189	0
1583	191	0
1584	166	0
1585	160	0
1586	183	0
1587	200	0
1588	205	0
1589	196	0
1590	206	0
1591	214	0
1592	177	0
1593	216	0
1594	200	0
1595	193	0
1596	177	0
1597	210	0
1598	188	0
1599	170	0
1600	160	0
1601	192	0
1602	198	0
1603	186	0
1604	171	0
1605	186	0
1606	211	0
1607	210	0
1608	212	0
1609	225	0
1610	207	0
1611	192	0
1612	180	0
1613	208	0
1614	187	0
1615	189	0
1616	199	0
1617	188	0
1618	221	0
1619	198	0
1620	201	0
1621	176	0
1622	179	0
1623	209	0
1624	217	0
1625	182	0
1626	192	0
1627	182	0
1628	174	0
1629	188	0
1630	193	0
1631	182	0
1632	208	0
1633	207	0
1634	175	0
1635	173	0
1636	209	0
1637	195	0
1638	195	0
1639	210	0
1640	194	0
1641	207	0
1642	203	0
1643	202	0
1644	182	0
1645	178	0
1646	211	0
1647	189	0
1648	190	0
1649	196	0
1650	200	0
1651	236	0
1652	190	0
1653	194	0
1654	187	0
1655	178	0
1656	206	0
1657	189	0
1658	198	0
1659	168	0
1660	192	0
1661	205	0
1662	220	0
1663	190	0
1664	202	0
1665	201	0
1666	185	0
1667	215	0
1668	208	0
1669	190	0
1670	207	0
1671	197	0
1672	192	0
1673	187	0
1674	187	0
1675	196	0
1676	187	0
1677	177	0
1678	194	0
1679	207	0
1680	184	0
1681	197	0
1682	187	0
1683	198	0
1684	178	0
1685	190	0
1686	206	0
1687	201	0
1688	190	0
1689	178	0
1690	189	0
1691	211	0
1692	226	0
1693	202	0
1694	197	0
1695	195	0
1696	190	0
1697	193	0
1698	202	0
1699	203	0
1700	186	0
1701	184	0
1702	208	0
1703	199	0
1704	205	0
1705	182	0
1706	212	0
1707	201	0
1708	208	0
1709	214	0
1710	204	0
1711	216	0
1712	208	0
1713	190	0
1714	204	0
1715	212	0
1716	209	0
1717	216	0
1718	209	0
1719	193	0
1720	208	0
1721	173	0
1722	186	0
1723	181	0
1724	202	0
1725	165	0
1726	189	0
1727	201	0
1728	196	0
1729	193	0
1730	194	0
1731	188	0
1732	180	0
1733	195	0
1734	199	0
1735	204	0
1736	171	0
1737	189	0
1738	185	0
1739	190	0
1740	216	0
1741	196	0
1742	210	0
1743	179	0
1744	209	0
1745	184	0
1746	210	0
1747	204	0
1748	190	0
1749	194	0
1750	184	0
1751	189	0
1752	194	0
1753	201	0
1754	206	0
1755	188	0
1756	204	0
1757	205	0
1758	191	0
1759	195	0
1760	168	0
1761	203	0
1762	185	0
1763	207	0
1764	196	0
1765	203	0
1766	208	0
1767	203	0
1768	202	0
1769	217	0
1770	217	0
1771	201	0
1772	202	0
1773	209	0
1774	220	0
1775	186	0
1776	212	0
1777	200	0
1778	205	0
1779	192	0
1780	215	0
1781	210	0
1782	202	0
1783	197	0
1784	194	0
1785	191	0
1786	190	0
1787	237	0
1788	189	0
1789	192	0
1790	211	0
1791	196	0
1792	187	0
1793	204	0
1794	203	0
1795	188	0
1796	213	0
1797	202	0
1798	188	0
1799	189	0
1800	182	0
1801	198	0
1802	159	0
1803	202	0
1804	161	0
1805	189	0
1806	184	0
1807	212	0
1808	172	0
1809	186	0
1810	216	0
1811	197	0
1812	194	0
1813	185	0
1814	191	0
1815	208	0
1816	176	0
1817	210	0
1818	209	0
1819	213	0
1820	196	0
1821	204	0
1822	197	0
1823	193	0
1824	220	0
1825	194	0
1826	173	0
1827	177	0
1828	192	0
1829	205	0
1830	193	0
1831	178	0
1832	187	0
1833	199	0
1834	171	0
1835	186	0
1836	189	0
1837	209	0
1838	166	0
1839	213	0
1840	214	0
1841	175	0
1842	188	0
1843	173	0
1844	180	0
1845	174	0
1846	189	0
1847	210	0
1848	158	0
1849	209	0
1850	194	0
1851	224	0
1852	202	0
1853	209	0
1854	221	0
1855	194	0
1856	208	0
1857	196	0
1858	179	0
1859	204	0
1860	185	0
1861	180	0
1862	188	0
1863	170	0
1864	188	0
1865	186	0
1866	191	0
1867	196	0
1868	190	0
1869	177	0
1870	167	0
1871	161	0
1872	180	0
1873	225	0
1874	184	0
1875	189	0
1876	193	0
1877	206	0
1878	211	0
1879	208	0
1880	219	0
1881	195	0
1882	200	0
1883	193	0
1884	204	0
1885	173	0
1886	193	0
1887	207	0
1888	193	0
1889	217	0
1890	193	0
1891	187	0
1892	209	0
1893	211	0
1894	188	0
1895	205	0
1896	197	0
1897	206	0
1898	193	0
1899	192	0
1900	206	0
1901	201	0
1902	217	0
1903	187	0
1904	200	0
1905	206	0
1906	226	0
1907	187	0
1908	196	0
1909	167	0
1910	197	0
1911	197	0
1912	200	0
1913	231	0
1914	175	0
1915	185	0
1916	178	0
1917	198	0
1918	168	0
1919	202	0
1920	196	0
1921	203	0
1922	193	0
1923	205	0
1924	192	0
1925	178	0
1926	180	0
1927	206	0
1928	171	0
1929	206	0
1930	235	0
1931	183	0
1932	192	0
1933	173	0
1934	217	0
1935	199	0
1936	179	0
1937	182	0
1938	232	0
1939	201	0
1940	178	0
1941	176	0
1942	186	0
1943	206	0
1944	172	0
1945	191	0
1946	220	0
1947	220	0
1948	188	0
1949	224	0
1950	182	0
1951	177	0
1952	196	0
1953	195	0
1954	220	0
1955	203	0
1956	205	0
1957	190	0
1958	183	0
1959	200	0
1960	196	0
1961	194	0
1962	188	0
1963	206	0
1964	205	0
1965	190	0
1966	208	0
1967	167	0
1968	171	0
1969	200	0
1970	194	0
1971	203	0
1972	188	0
1973	195	0
1974	191	0
1975	198	0
1976	206	0
1977	201	0
1978	179	0
1979	185	0
1980	193	0
1981	196	0
1982	197	0
1983	168	0
1984	200	0
1985	203	0
1986	195	0
1987	189	0
1988	156	0
1989	193	0
1990	209	0
1991	203	0
1992	201	0
1993	213	0
1994	183	0
1995	185	0
1996	200	0
1997	191	0
1998	203	0
1999	198	0
2000	203	0
2001	198	0
2002	203	0
2003	206	0
2004	189	0
2005	198	0
2006	193	0
2007	198	0
2008	205	0
2009	195	0
2010	207	0
2011	231	0
2012	201	0
2013	192	0
2014	189	0
2015	185	0
2016	230	0
2017	216	0
2018	189	0
2019	215	0
2020	177	0
2021	205	0
2022	200	0
2023	218	0
2024	166	0
2025	166	0
2026	205	0
2027	203	0
2028	186	0
2029	193	0
2030	213	0
2031	203	0
2032	198	0
2033	181	0
2034	202	0
2035	197	0
2036	199	0
2037	189	0
2038	187	0
2039	178	0
2040	199	0
2041	200	0
2042	208	0
2043	185	0
2044	178	0
2045	167	0
2046	207	0
2047	206	0
2048	190	0
2049	219	0
2050	208	0
2051	203	0
2052	202	0
2053	206	0
2054	177	0
2055	227	0
2056	209	0
2057	204	0
2058	168	0
2059	203	0
2060	201	0
2061	205	0
2062	203	0
2063	200	0
2064	217	0
2065	186	0
2066	179	0
2067	201	0
2068	180	0
2069	170	0
2070	182	0
2071	187	0
2072	188	0
2073	180	0
2074	206	0
2075	203	0
2076	183	0
2077	169	0
2078	198	0
2079	192	0
2080	200	0
2081	213	0
2082	202	0
2083	212	0
2084	205	0
2085	198	0
2086	224	0
2087	226	0
2088	204	0
2089	206	0
2090	183	0
2091	212	0
2092	198	0
2093	194	0
2094	223	0
2095	194	0
2096	203	0
2097	190	0
2098	206	0
2099	192	0
2100	211	0
2101	179	0
2102	185	0
2103	200	0
2104	216	0
2105	166	0
2106	173	0
2107	189	0
2108	225	0
2109	206	0
2110	190	0
2111	212	0
2112	221	0
2113	201	0
2114	194	0
2115	193	0
2116	196	0
2117	207	0
2118	233	0
2119	185	0
2120	194	0
2121	195	0
2122	221	0
2123	202	0
2124	210	0
2125	185	0
2126	178	0
2127	206	0
2128	208	0
2129	208	0
2130	175	0
2131	207	0
2132	216	0
2133	205	0
2134	203	0
2135	203	0
2136	186	0
2137	194	0
2138	199	0
2139	202	0
2140	205	0
2141	188	0
2142	203	0
2143	186	0
2144	195	0
2145	186	0
2146	186	0
2147	227	0
2148	208	0
2149	216	0
2150	224	0
2151	217	0
2152	158	0
2153	202	0
2154	211	0
2155	196	0
2156	195	0
2157	195	0
2158	194	0
2159	190	0
2160	209	0
2161	199	0
2162	197	0
2163	189	0
2164	195	0
2165	201	0
2166	211	0
2167	197	0
2168	196	0
2169	178	0
2170	170	0
2171	223	0
2172	182	0
2173	180	0
2174	213	0
2175	220	0
2176	200	0
2177	176	0
2178	169	0
2179	191	0
2180	196	0
2181	205	0
2182	195	0
2183	215	0
2184	199	0
2185	188	0
2186	190	0
2187	171	0
2188	205	0
2189	179	0
2190	215	0
2191	187	0
2192	193	0
2193	191	0
2194	217	0
2195	191	0
2196	226	0
2197	188	0
2198	207	0
2199	188	0
2200	183	0
2201	200	0
2202	194	0
2203	201	0
2204	212	0
2205	177	0
2206	188	0
2207	198	0
2208	179	0
2209	195	0
2210	207	0
2211	208	0
2212	192	0
2213	221	0
2214	192	0
2215	179	0
2216	185	0
2217	211	0
2218	183	0
2219	207	0
2220	197	0
2221	188	0
2222	182	0
2223	211	0
2224	193	0
2225	175	0
2226	211	0
2227	184	0
2228	188	0
2229	188	0
2230	189	0
2231	183	0
2232	196	0
2233	184	0
2234	220	0
2235	205	0
2236	181	0
2237	203	0
2238	188	0
2239	206	0
2240	214	0
2241	210	0
2242	187	0
2243	187	0
2244	227	0
2245	178	0
2246	205	0
2247	211	0
2248	209	0
2249	197	0
2250	213	0
2251	185	0
2252	198	0
2253	213	0
2254	194	0
2255	227	0
2256	191	0
2257	195	0
2258	190	0
2259	185	0
2260	195	0
2261	176	0
2262	189	0
2263	188	0
2264	191	0
2265	202	0
2266	179	0
2267	207	0
2268	211	0
2269	201	0
2270	219	0
2271	202	0
2272	175	0
2273	202	0
2274	199	0
2275	202	0
2276	186	0
2277	195	0
2278	210	0
2279	162	0
2280	190	0
2281	199	0
2282	187	0
2283	179	0
2284	201	0
2285	206	0
2286	182	0
2287	227	0
2288	214	0
2289	199	0
2290	188	0
2291	176	0
2292	201	0
2293	203	0
2294	210	0
2295	191	0
2296	197	0
2297	200	0
2298	196	0
2299	193	0
2300	195	0
2301	196	0
2302	198	0
2303	213	0
2304	225	0
2305	164	0
2306	221	0
2307	205	0
2308	192	0
2309	208	0
2310	185	0
2311	156	0
2312	186	0
2313	167	0
2314	173	0
2315	199	0
2316	183	0
2317	208	0
2318	185	0
2319	216	0
2320	184	0
2321	213	0
2322	203	0
2323	190	0
2324	186	0
2325	217	0
2326	200	0
2327	207	0
2328	194	0
2329	216	0
2330	173	0
2331	183	0
2332	216	0
2333	194	0
2334	198	0
2335	222	0
2336	176	0
2337	194	0
2338	176	0
2339	195	0
2340	196	0
2341	190	0
2342	189	0
2343	183	0
2344	182	0
2345	191	0
2346	199	0
2347	187	0
2348	169	0
2349	213	0
2350	199	0
2351	211	0
2352	213	0
2353	192	0
2354	175	0
2355	224	0
2356	187	0
2357	209	0
2358	186	0
2359	172	0
2360	222	0
2361	190	0
2362	203	0
2363	220	0
2364	205	0
2365	210	0
2366	205	0
2367	180	0
2368	200	0
2369	186	0
2370	179	0
2371	230	0
2372	182	0
2373	176	0
2374	183	0
2375	188	0
2376	199	0
2377	197	0
2378	186	0
2379	194	0
2380	223	0
2381	193	0
2382	186	0
2383	184	0
2384	176	0
2385	170	0
2386	187	0
2387	195	0
2388	208	0
2389	179	0
2390	198	0
2391	204	0
2392	210	0
2393	210	0
2394	213	0
2395	194	0
2396	182	0
2397	198	0
2398	185	0
2399	184	0
2400	202	0
2401	182	0
2402	193	0
2403	194	0
2404	227	0
2405	184	0
2406	192	0
2407	204	0
2408	180	0
2409	173	0
2410	203	0
2411	181	0
2412	195	0
2413	201	0
2414	208	0
2415	170	0
2416	208	0
2417	194	0
2418	186	0
2419	165	0
2420	192	0
2421	180	0
2422	212	0
2423	183	0
2424	207	0
2425	200	0
2426	175	0
2427	206	0
2428	206	0
2429	179	0
2430	190	0
2431	206	0
2432	208	0
2433	213	0
2434	181	0
2435	216	0
2436	206	0
2437	211	0
2438	198	0
2439	177	0
2440	155	0
2441	214	0
2442	156	0
2443	185	0
2444	190	0
2445	195	0
2446	192	0
2447	204	0
2448	193	0
2449	202	0
2450	179	0
2451	221	0
2452	190	0
2453	186	0
2454	180	0
2455	204	0
2456	203	0
2457	210	0
2458	195	0
2459	185	0
2460	215	0
2461	202	0
2462	191	0
2463	192	0
2464	191	0
2465	194	0
2466	210	0
2467	218	0
2468	185	0
2469	226	0
2470	187	0
2471	192	0
2472	175	0
2473	205	0
2474	178	0
2475	188	0
2476	208	0
2477	175	0
2478	194	0
2479	167	0
2480	205	0
2481	194	0
2482	160	0
2483	190	0
2484	213	0
2485	204	0
2486	208	0
2487	223	0
2488	202	0
2489	184	0
2490	192	0
2491	203	0
2492	180	0
2493	197	0
2494	224	0
2495	194	0
2496	195	0
2497	202	0
2498	227	0
2499	230	0
2500	181	0
2501	204	0
2502	201	0
2503	203	0
2504	167	0
2505	211	0
2506	225	0
2507	190	0
2508	205	0
2509	186	0
2510	217	0
2511	198	0
2512	215	0
2513	181	0
2514	209	0
2515	184	0
2516	208	0
2517	204	0
2518	189	0
2519	224	0
2520	186	0
2521	204	0
2522	216	0
2523	196	0
2524	212	0
2525	214	0
2526	187	0
2527	187	0
2528	173	0
2529	198	0
2530	179	0
2531	180	0
2532	205	0
2533	195	0
2534	211	0
2535	198	0
2536	182	0
2537	193	0
2538	197	0
2539	180	0
2540	184	0
2541	176	0
2542	183	0
2543	207	0
2544	205	0
2545	196	0
2546	181	0
2547	192	0
2548	177	0
2549	195	0
2550	198	0
2551	193	0
2552	193	0
2553	194	0
2554	189	0
2555	180	0
2556	220	0
2557	219	0
2558	203	0
2559	207	0
2560	182	0
2561	189	0
2562	197	0
2563	196	0
2564	202	0
2565	189	0
2566	181	0
2567	179	0
2568	183	0
2569	176	0
2570	196	0
2571	174	0
2572	212	0
2573	216	0
2574	212	0
2575	201	0
2576	207	0
2577	205	0
2578	207	0
2579	184	0
2580	204	0
2581	203	0
2582	201	0
2583	211	0
2584	204	0
2585	208	0
2586	172	0
2587	194	0
2588	181	0
2589	223	0
2590	185	0
2591	196	0
2592	178	0
2593	194	0
2594	233	0
2595	190	0
2596	210	0
2597	181	0
2598	213	0
2599	196	0
2600	205	0
2601	173	0
2602	200	0
2603	187	0
2604	174	0
2605	207	0
2606	193	0
2607	210	0
2608	204	0
2609	184	0
2610	194	0
2611	175	0
2612	223	0
2613	193	0
2614	214	0
2615	194	0
2616	213	0
2617	212	0
2618	208	0
2619	201	0
2620	201	0
2621	189	0
2622	186	0
2623	189	0
2624	195	0
2625	225	0
2626	175	0
2627	193	0
2628	199	0
2629	212	0
2630	201	0
2631	212	0
2632	206	0
2633	207	0
2634	189	0
2635	198	0
2636	205	0
2637	211	0
2638	186	0
2639	206	0
2640	231	0
2641	222	0
2642	208	0
2643	197	0
2644	196	0
2645	178	0
2646	204	0
2647	209	0
2648	210	0
2649	176	0
2650	193	0
2651	210	0
2652	173	0
2653	226	0
2654	200	0
2655	222	0
2656	189	0
2657	191	0
2658	215	0
2659	195	0
2660	194	0
2661	182	0
2662	184	0
2663	200	0
2664	185	0
2665	172	0
2666	219	0
2667	194	0
2668	190	0
2669	202	0
2670	188	0
2671	198	0
2672	200	0
2673	168	0
2674	195	0
2675	178	0
2676	185	0
2677	193	0
2678	217	0
2679	195	0
2680	183	0
2681	187	0
2682	215	0
2683	220	0
2684	215	0
2685	197	0
2686	219	0
2687	205	0
2688	195	0
2689	197	0
2690	203	0
2691	192	0
2692	213	0
2693	196	0
2694	210	0
2695	194	0
2696	209	0
2697	205	0
2698	216	0
2699	194	0
2700	221	0
2701	187	0
2702	190	0
2703	199	0
2704	205	0
2705	190	0
2706	192	0
2707	214	0
2708	182	0
2709	182	0
2710	197	0
2711	190	0
2712	198	0
2713	215	0
2714	213	0
2715	168	0
2716	178	0
2717	191	0
2718	189	0
2719	182	0
2720	188	0
2721	204	0
2722	170	0
2723	212	0
2724	193	0
2725	162	0
2726	190	0
2727	200	0
2728	203	0
2729	172	0
2730	212	0
2731	218	0
2732	179	0
2733	205	0
2734	212	0
2735	208	0
2736	206	0
2737	211	0
2738	186	0
2739	202	0
2740	186	0
2741	177	0
2742	191	0
2743	196	0
2744	185	0
2745	190	0
2746	185	0
2747	208	0
2748	229	0
2749	207	0
2750	209	0
2751	214	0
2752	195	0
2753	193	0
2754	199	0
2755	200	0
2756	200	0
2757	198	0
2758	190	0
2759	177	0
2760	210	0
2761	199	0
2762	200	0
2763	204	0
2764	226	0
2765	185	0
2766	212	0
2767	173	0
2768	193	0
2769	202	0
2770	200	0
2771	194	0
2772	212	0
2773	199	0
2774	187	0
2775	196	0
2776	201	0
2777	204	0
2778	209	0
2779	197	0
2780	187	0
2781	184	0
2782	195	0
2783	189	0
2784	215	0
2785	190	0
2786	204	0
2787	156	0
2788	192	0
2789	211	0
2790	194	0
2791	187	0
2792	184	0
2793	168	0
2794	213	0
2795	200	0
2796	221	0
2797	209	0
2798	194	0
2799	197	0
2800	199	0
2801	184	0
2802	202	0
2803	195	0
2804	192	0
2805	196	0
2806	201	0
2807	197	0
2808	203	0
2809	216	0
2810	173	0
2811	177	0
2812	188	0
2813	226	0
2814	210	0
2815	215	0
2816	178	0
2817	209	0
2818	177	0
2819	200	0
2820	217	0
2821	181	0
2822	191	0
2823	200	0
2824	200	0
2825	215	0
2826	210	0
2827	180	0
2828	223	0
2829	195	0
2830	177	0
2831	211	0
2832	196	0
2833	193	0
2834	218	0
2835	178	0
2836	199	0
2837	195	0
2838	197	0
2839	223	0
2840	219	0
2841	217	0
2842	205	0
2843	182	0
2844	197	0
2845	192	0
2846	194	0
2847	170	0
2848	189	0
2849	185	0
2850	222	0
2851	206	0
2852	210	0
2853	202	0
2854	207	0
2855	208	0
2856	216	0
2857	210	0
2858	197	0
2859	177	0
2860	192	0
2861	198	0
2862	187	0
2863	187	0
2864	173	0
2865	227	0
2866	195	0
2867	221	0
2868	191	0
2869	209	0
2870	194	0
2871	196	0
2872	188	0
2873	197	0
2874	262	0
2875	215	0
2876	180	0
2877	221	0
2878	185	0
2879	198	0
2880	187	0
2881	193	0
2882	216	0
2883	197	0
2884	191	0
2885	206	0
2886	183	0
2887	210	0
2888	224	0
2889	219	0
2890	191	0
2891	186	0
2892	207	0
2893	226	0
2894	200	0
2895	193	0
2896	176	0
2897	221	0
2898	210	0
2899	188	0
2900	206	0
2901	190	0
2902	190	0
2903	198	0
2904	188	0
2905	210	0
2906	228	0
2907	207	0
2908	196	0
2909	197	0
2910	195	0
2911	205	0
2912	216	0
2913	195	0
2914	207	0
2915	198	0
2916	182	0
2917	217	0
2918	208	0
2919	209	0
2920	199	0
2921	173	0
2922	177	0
2923	194	0
2924	179	0
2925	184	0
2926	186	0
2927	187	0
2928	180	0
2929	173	0
2930	203	0
2931	214	0
2932	202	0
2933	204	0
2934	214	0
2935	194	0
2936	196	0
2937	212	0
2938	203	0
2939	204	0
2940	225	0
2941	188	0
2942	172	0
2943	212	0
2944	210	0
2945	177	0
2946	175	0
2947	197	0
2948	178	0
2949	198	0
2950	187	0
2951	178	0
2952	159	0
2953	193	0
2954	213	0
2955	185	0
2956	208	0
2957	190	0
2958	186	0
2959	218	0
2960	195	0
2961	181	0
2962	192	0
2963	201	0
2964	211	0
2965	229	0
2966	193	0
2967	181	0
2968	205	0
2969	195	0
2970	194	0
2971	181	0
2972	205	0
2973	185	0
2974	216	0
2975	209	0
2976	224	0
2977	222	0
2978	204	0
2979	187	0
2980	203	0
2981	198	0
2982	195	0
2983	219	0
2984	205	0
2985	174	0
2986	210	0
2987	221	0
2988	226	0
2989	195	0
2990	210	0
2991	186	0
2992	220	0
2993	186	0
2994	184	0
2995	214	0
2996	185	0
2997	223	0
2998	195	0
2999	201	0
3000	204	0
