1	180	0
2	196	0
3	204	0
4	242	0
5	238	0
6	198	0
7	179	0
8	194	0
9	218	0
10	182	0
11	186	0
12	184	0
13	176	0
14	199	0
15	169	0
16	209	0
17	184	0
18	222	0
19	200	0
20	220	0
21	185	0
22	211	0
23	210	0
24	200	0
25	194	0
26	231	0
27	190	0
28	217	0
29	209	0
30	168	0
31	209	0
32	189	0
33	181	0
34	192	0
35	207	0
36	204	0
37	204	0
38	195	0
39	196	0
40	207	0
41	206	0
42	164	0
43	210	0
44	197	0
45	181	0
46	194	0
47	204	0
48	214	0
49	204	0
50	205	0
51	200	0
52	208	0
53	210	0
54	205	0
55	215	0
56	214	0
57	198	0
58	170	0
59	212	0
60	194	0
61	212	0
62	229	0
63	183	0
64	194	0
65	183	0
66	197	0
67	220	0
68	193	0
69	198	0
70	221	0
71	198	0
72	221	0
73	210	0
74	207	0
75	214	0
76	206	0
77	201	0
78	206	0
79	190	0
80	183	0
81	218	0
82	172	0
83	177	0
84	181	0
85	198	0
86	212	0
87	226	0
88	230	0
89	219	0
90	210	0
91	216	0
92	207	0
93	256	0
94	215	0
95	195	0
96	191	0
97	195	0
98	203	0
99	196	0
100	195	0
101	199	0
102	192	0
103	203	0
104	210	0
105	231	0
106	207	0
107	206	0
108	198	0
109	198	0
110	206	0
111	166	0
112	178	0
113	231	0
114	208	0
115	189	0
116	183	0
117	207	0
118	209	0
119	224	0
120	210	0
121	196	0
122	202	0
123	191	0
124	204	0
125	210	0
126	188	0
127	200	0
128	213	0
129	218	0
130	220	0
131	210	0
132	207	0
133	193	0
134	188	0
135	204	0
136	216	0
137	207	0
138	229	0
139	220	0
140	186	0
141	213	0
142	203	0
143	206	0
144	193	0
145	198	0
146	198	0
147	181	0
148	216	0
149	193	0
150	189	0
151	211	0
152	170	0
153	190	0
154	201	0
155	190	0
156	222	0
157	199	0
158	217	0
159	207	0
160	201	0
161	172	0
162	202	0
163	204	0
164	188	0
165	179	0
166	201	0
167	209	0
168	223	0
169	207	0
170	218	0
171	227	0
172	188	0
173	187	0
174	196	0
175	198	0
176	202	0
177	191	0
178	198	0
179	204	0
180	203	0
181	222	0
182	227	0
183	192	0
184	181	0
185	202	0
186	189	0
187	217	0
188	204	0
189	212	0
190	175	0
191	213	0
192	195	0
193	193	0
194	233	0
195	195	0
196	191	0
197	203	0
198	203	0
199	208	0
200	198	0
201	217	0
202	235	0
203	209	0
204	168	0
205	197	0
206	195	0
207	205	0
208	214	0
209	202	0
210	210	0
211	223	0
212	194	0
213	227	0
214	208	0
215	213	0
216	196	0
217	199	0
218	211	0
219	208	0
220	216	0
221	194	0
222	198	0
223	204	0
224	213	0
225	195	0
226	187	0
227	188	0
228	216	0
229	221	0
230	211	0
231	211	0
232	207	0
233	207	0
234	184	0
235	218	0
236	214	0
237	187	0
238	164	0
239	191	0
240	181	0
241	223	0
242	210	0
243	184	0
244	220	0
245	180	0
246	184	0
247	193	0
248	181	0
249	192	0
250	200	0
251	197	0
252	203	0
253	217	0
254	190	0
255	175	0
256	183	0
257	208	0
258	209	0
259	219	0
260	196	0
261	192	0
262	225	0
263	204	0
264	227	0
265	190	0
266	191	0
267	199	0
268	230	0
269	212	0
270	201	0
271	198	0
272	190	0
273	198	0
274	195	0
275	226	0
276	174	0
277	217	0
278	225	0
279	201	0
280	212	0
281	181	0
282	207	0
283	196	0
284	203	0
285	191	0
286	226	0
287	211	0
288	225	0
289	205	0
290	180	0
291	203	0
292	179	0
293	210	0
294	220	0
295	179	0
296	209	0
297	200	0
298	226	0
299	195	0
300	192	0
301	205	0
302	185	0
303	205	0
304	201	0
305	198	0
306	179	0
307	217	0
308	210	0
309	203	0
310	214	0
311	204	0
312	205	0
313	217	0
314	226	0
315	202	0
316	219	0
317	213	0
318	212	0
319	195	0
320	183	0
321	210	0
322	204	0
323	233	0
324	207	0
325	169	0
326	208	0
327	212	0
328	215	0
329	216	0
330	221	0
331	196	0
332	215	0
333	223	0
334	200	0
335	201	0
336	213	0
337	213	0
338	173	0
339	208	0
340	216	0
341	205	0
342	207	0
343	198	0
344	218	0
345	221	0
346	204	0
347	190	0
348	190	0
349	207	0
350	219	0
351	209	0
352	206	0
353	214	0
354	199	0
355	189	0
356	207	0
357	190	0
358	215	0
359	204	0
360	219	0
361	205	0
362	201	0
363	232	0
364	250	0
365	203	0
366	194	0
367	224	0
368	205	0
369	227	0
370	206	0
371	238	0
372	198	0
373	224	0
374	209	0
375	211	0
376	178	0
377	182	0
378	191	0
379	209	0
380	192	0
381	202	0
382	195	0
383	200	0
384	201	0
385	200	0
386	196	0
387	221	0
388	175	0
389	211	0
390	227	0
391	223	0
392	178	0
393	217	0
394	178	0
395	215	0
396	209	0
397	196	0
398	191	0
399	193	0
400	227	0
401	197	0
402	212	0
403	199	0
404	208	0
405	193	0
406	172	0
407	209	0
408	218	0
409	195	0
410	187	0
411	214	0
412	199	0
413	166	0
414	212	0
415	193	0
416	215	0
417	190	0
418	195	0
419	225	0
420	216	0
421	205	0
422	206	0
423	214	0
424	223	0
425	204	0
426	217	0
427	185	0
428	197	0
429	198	0
430	208	0
431	196	0
432	222	0
433	213	0
434	184	0
435	214	0
436	172	0
437	213	0
438	180	0
439	204	0
440	197	0
441	200	0
442	201	0
443	190	0
444	210	0
445	195	0
446	230	0
447	213	0
448	213	0
449	198	0
450	205	0
451	221	0
452	211	0
453	194	0
454	206	0
455	213	0
456	211	0
457	191	0
458	196	0
459	211	0
460	205	0
461	241	0
462	203	0
463	224	0
464	202	0
465	224	0
466	201	0
467	216	0
468	181	0
469	200	0
470	172	0
471	205	0
472	206	0
473	187	0
474	182	0
475	229	0
476	198	0
477	209	0
478	194	0
479	185	0
480	212	0
481	203	0
482	223	0
483	217	0
484	191	0
485	191	0
486	182	0
487	209	0
488	211	0
489	207	0
490	219	0
491	225	0
492	211	0
493	199	0
494	188	0
495	217	0
496	190	0
497	192	0
498	217	0
499	224	0
500	223	0
501	182	0
502	204	0
503	212	0
504	193	0
505	205	0
506	193	0
507	191	0
508	221	0
509	214	0
510	200	0
511	220	0
512	205	0
513	194	0
514	208	0
515	181	0
516	202	0
517	209	0
518	202	0
519	216	0
520	207	0
521	239	0
522	206	0
523	197	0
524	190	0
525	223	0
526	215	0
527	217	0
528	203	0
529	202	0
530	221	0
531	213	0
532	217	0
533	202	0
534	203	0
535	228	0
536	190	0
537	198	0
538	187	0
539	208	0
540	213	0
541	189	0
542	212	0
543	183	0
544	221	0
545	192	0
546	201	0
547	189	0
548	196	0
549	215	0
550	202	0
551	178	0
552	220	0
553	223	0
554	216	0
555	198	0
556	191	0
557	219	0
558	208	0
559	209	0
560	178	0
561	203	0
562	178	0
563	177	0
564	239	0
565	225	0
566	221	0
567	184	0
568	185	0
569	178	0
570	203	0
571	194	0
572	203	0
573	240	0
574	189	0
575	214	0
576	191	0
577	201	0
578	199	0
579	235	0
580	201	0
581	187	0
582	183	0
583	215	0
584	204	0
585	188	0
586	206	0
587	193	0
588	204	0
589	189	0
590	202	0
591	184	0
592	216	0
593	187	0
594	202	0
595	219	0
596	186	0
597	207	0
598	212	0
599	195	0
600	211	0
601	223	0
602	225	0
603	214	0
604	219	0
605	192	0
606	208	0
607	231	0
608	223	0
609	190	0
610	210	0
611	196	0
612	191	0
613	219	0
614	199	0
615	209	0
616	193	0
617	206	0
618	192	0
619	196	0
620	215	0
621	180	0
622	221	0
623	214	0
624	208	0
625	209	0
626	199	0
627	225	0
628	208	0
629	209	0
630	208	0
631	196	0
632	203	0
633	232	0
634	206	0
635	218	0
636	203	0
637	186	0
638	196	0
639	237	0
640	237	0
641	210	0
642	183	0
643	178	0
644	212	0
645	226	0
646	202	0
647	197	0
648	198	0
649	219	0
650	197	0
651	191	0
652	212	0
653	192	0
654	237	0
655	156	0
656	194	0
657	204	0
658	186	0
659	185	0
660	192	0
661	217	0
662	199	0
663	195	0
664	178	0
665	172	0
666	193	0
667	197	0
668	199	0
669	203	0
670	182	0
671	204	0
672	206	0
673	202	0
674	206	0
675	192	0
676	205	0
677	194	0
678	188	0
679	190	0
680	232	0
681	203	0
682	198	0
683	212	0
684	214	0
685	208	0
686	206	0
687	209	0
688	214	0
689	225	0
690	190	0
691	193	0
692	176	0
693	173	0
694	199	0
695	224	0
696	202	0
697	221	0
698	191	0
699	188	0
700	208	0
701	187	0
702	197	0
703	222	0
704	216	0
705	205	0
706	190	0
707	223	0
708	204	0
709	189	0
710	218	0
711	212	0
712	199	0
713	226	0
714	206	0
715	205	0
716	192	0
717	202	0
718	212	0
719	195	0
720	222	0
721	184	0
722	216	0
723	204	0
724	187	0
725	209	0
726	209	0
727	204	0
728	199	0
729	217	0
730	208	0
731	180	0
732	218	0
733	219	0
734	202	0
735	203	0
736	203	0
737	219	0
738	208	0
739	194	0
740	235	0
741	233	0
742	201	0
743	219	0
744	182	0
745	204	0
746	212	0
747	220	0
748	178	0
749	189	0
750	212	0
751	230	0
752	213	0
753	191	0
754	194	0
755	209	0
756	223	0
757	198	0
758	221	0
759	220	0
760	208	0
761	241	0
762	193	0
763	171	0
764	211	0
765	204	0
766	211	0
767	217	0
768	224	0
769	214	0
770	171	0
771	196	0
772	202	0
773	212	0
774	206	0
775	214	0
776	173	0
777	215	0
778	209	0
779	195	0
780	222	0
781	208	0
782	202	0
783	219	0
784	162	0
785	201	0
786	212	0
787	198	0
788	209	0
789	198	0
790	195	0
791	196	0
792	231	0
793	178	0
794	209	0
795	189	0
796	224	0
797	201	0
798	195	0
799	200	0
800	201	0
801	187	0
802	208	0
803	229	0
804	200	0
805	182	0
806	203	0
807	207	0
808	202	0
809	186	0
810	195	0
811	210	0
812	196	0
813	212	0
814	204	0
815	212	0
816	185	0
817	226	0
818	167	0
819	205	0
820	193	0
821	211	0
822	171	0
823	202	0
824	212	0
825	190	0
826	221	0
827	182	0
828	186	0
829	199	0
830	188	0
831	197	0
832	199	0
833	207	0
834	223	0
835	218	0
836	211	0
837	202	0
838	199	0
839	200	0
840	191	0
841	181	0
842	194	0
843	202	0
844	195	0
845	198	0
846	201	0
847	210	0
848	194	0
849	212	0
850	211	0
851	206	0
852	215	0
853	198	0
854	196	0
855	187	0
856	188	0
857	196	0
858	192	0
859	228	0
860	207	0
861	200	0
862	203	0
863	181	0
864	220	0
865	199	0
866	180	0
867	184	0
868	189	0
869	201	0
870	190	0
871	204	0
872	209	0
873	214	0
874	168	0
875	206	0
876	198	0
877	195	0
878	201	0
879	196	0
880	169	0
881	220	0
882	240	0
883	206	0
884	180	0
885	223	0
886	221	0
887	180	0
888	195	0
889	213	0
890	186	0
891	207	0
892	181	0
893	195	0
894	186	0
895	217	0
896	249	0
897	213	0
898	188	0
899	200	0
900	180	0
901	206	0
902	196	0
903	211	0
904	210	0
905	205	0
906	220	0
907	178	0
908	218	0
909	201	0
910	176	0
911	210	0
912	218	0
913	193	0
914	213	0
915	201	0
916	196	0
917	203	0
918	192	0
919	192	0
920	207	0
921	199	0
922	223	0
923	204	0
924	211	0
925	197	0
926	191	0
927	190	0
928	227	0
929	219	0
930	217	0
931	209	0
932	194	0
933	197	0
934	190	0
935	213	0
936	253	0
937	195	0
938	206	0
939	213	0
940	211	0
941	215	0
942	201	0
943	198	0
944	234	0
945	209	0
946	212	0
947	204	0
948	223	0
949	207	0
950	207	0
951	202	0
952	188	0
953	173	0
954	195	0
955	194	0
956	192	0
957	205	0
958	197	0
959	216	0
960	207	0
961	191	0
962	221	0
963	214	0
964	188	0
965	191	0
966	216	0
967	204	0
968	189	0
969	218	0
970	197	0
971	197	0
972	201	0
973	207	0
974	208	0
975	200	0
976	201	0
977	218	0
978	210	0
979	225	0
980	224	0
981	218	0
982	214	0
983	205	0
984	210	0
985	211	0
986	221	0
987	208	0
988	202	0
989	217	0
990	212	0
991	182	0
992	189	0
993	197	0
994	207	0
995	191	0
996	210	0
997	208	0
998	217	0
999	203	0
1000	205	0
1001	204	0
1002	204	0
1003	221	0
1004	201	0
1005	209	0
1006	220	0
1007	191	0
1008	190	0
1009	173	0
1010	205	0
1011	226	0
1012	203	0
1013	171	0
1014	166	0
1015	200	0
1016	225	0
1017	191	0
1018	215	0
1019	203	0
1020	203	0
1021	233	0
1022	197	0
1023	241	0
1024	192	0
1025	205	0
1026	199	0
1027	193	0
1028	202	0
1029	200	0
1030	202	0
1031	173	0
1032	228	0
1033	213	0
1034	199	0
1035	187	0
1036	182	0
1037	236	0
1038	187	0
1039	219	0
1040	200	0
1041	210	0
1042	195	0
1043	187	0
1044	186	0
1045	210	0
1046	188	0
1047	210	0
1048	186	0
1049	210	0
1050	233	0
1051	187	0
1052	207	0
1053	197	0
1054	201	0
1055	188	0
1056	216	0
1057	179	0
1058	206	0
1059	221	0
1060	202	0
1061	193	0
1062	243	0
1063	211	0
1064	199	0
1065	209	0
1066	200	0
1067	219	0
1068	187	0
1069	216	0
1070	219	0
1071	196	0
1072	201	0
1073	192	0
1074	207	0
1075	200	0
1076	224	0
1077	186	0
1078	188	0
1079	200	0
1080	203	0
1081	203	0
1082	211	0
1083	187	0
1084	191	0
1085	202	0
1086	176	0
1087	198	0
1088	204	0
1089	210	0
1090	195	0
1091	197	0
1092	211	0
1093	208	0
1094	203	0
1095	185	0
1096	219	0
1097	198	0
1098	199	0
1099	203	0
1100	198	0
1101	192	0
1102	210	0
1103	193	0
1104	181	0
1105	198	0
1106	207	0
1107	195	0
1108	198	0
1109	195	0
1110	198	0
1111	205	0
1112	214	0
1113	210	0
1114	214	0
1115	211	0
1116	208	0
1117	211	0
1118	182	0
1119	219	0
1120	209	0
1121	202	0
1122	192	0
1123	205	0
1124	210	0
1125	187	0
1126	210	0
1127	201	0
1128	191	0
1129	218	0
1130	197	0
1131	205	0
1132	183	0
1133	197	0
1134	216	0
1135	238	0
1136	232	0
1137	187	0
1138	191	0
1139	204	0
1140	215	0
1141	235	0
1142	211	0
1143	217	0
1144	208	0
1145	201	0
1146	205	0
1147	203	0
1148	176	0
1149	183	0
1150	212	0
1151	197	0
1152	201	0
1153	195	0
1154	192	0
1155	197	0
1156	223	0
1157	220	0
1158	211	0
1159	198	0
1160	228	0
1161	196	0
1162	191	0
1163	190	0
1164	192	0
1165	194	0
1166	216	0
1167	198	0
1168	180	0
1169	202	0
1170	195	0
1171	206	0
1172	202	0
1173	235	0
1174	189	0
1175	191	0
1176	191	0
1177	195	0
1178	220	0
1179	202	0
1180	182	0
1181	199	0
1182	217	0
1183	235	0
1184	195	0
1185	210	0
1186	213	0
1187	188	0
1188	189	0
1189	203	0
1190	211	0
1191	215	0
1192	235	0
1193	208	0
1194	222	0
1195	219	0
1196	189	0
1197	189	0
1198	216	0
1199	228	0
1200	194	0
1201	191	0
1202	193	0
1203	210	0
1204	213	0
1205	159	0
1206	193	0
1207	212	0
1208	209	0
1209	181	0
1210	200	0
1211	195	0
1212	193	0
1213	205	0
1214	197	0
1215	226	0
1216	219	0
1217	207	0
1218	235	0
1219	200	0
1220	207	0
1221	208	0
1222	194	0
1223	201	0
1224	210	0
1225	202	0
1226	195	0
1227	220	0
1228	197	0
1229	204	0
1230	187	0
1231	179	0
1232	193	0
1233	191	0
1234	197	0
1235	186	0
1236	217	0
1237	185	0
1238	218	0
1239	212	0
1240	187	0
1241	194	0
1242	199	0
1243	202	0
1244	187	0
1245	178	0
1246	215	0
1247	204	0
1248	218	0
1249	213	0
1250	204	0
1251	234	0
1252	193	0
1253	243	0
1254	221	0
1255	199	0
1256	217	0
1257	215	0
1258	223	0
1259	223	0
1260	215	0
1261	193	0
1262	226	0
1263	213	0
1264	211	0
1265	163	0
1266	208	0
1267	215	0
1268	226	0
1269	209	0
1270	210	0
1271	184	0
1272	195	0
1273	189	0
1274	232	0
1275	200	0
1276	210	0
1277	202	0
1278	192	0
1279	214	0
1280	170	0
1281	229	0
1282	207	0
1283	190	0
1284	212	0
1285	196	0
1286	245	0
1287	189	0
1288	195	0
1289	204	0
1290	184	0
1291	212	0
1292	195	0
1293	209	0
1294	228	0
1295	230	0
1296	220	0
1297	220	0
1298	187	0
1299	184	0
1300	199	0
1301	229	0
1302	215	0
1303	212	0
1304	199	0
1305	237	0
1306	207	0
1307	199	0
1308	189	0
1309	207	0
1310	190	0
1311	225	0
1312	208	0
1313	193	0
1314	205	0
1315	177	0
1316	229	0
1317	209	0
1318	218	0
1319	201	0
1320	211	0
1321	199	0
1322	188	0
1323	204	0
1324	164	0
1325	206	0
1326	201	0
1327	179	0
1328	193	0
1329	206	0
1330	218	0
1331	207	0
1332	215	0
1333	210	0
1334	195	0
1335	200	0
1336	206	0
1337	198	0
1338	206	0
1339	212	0
1340	207	0
1341	185	0
1342	220	0
1343	193	0
1344	198	0
1345	205	0
1346	226	0
1347	212	0
1348	192	0
1349	174	0
1350	202	0
1351	206	0
1352	225	0
1353	213	0
1354	215	0
1355	176	0
1356	195	0
1357	197	0
1358	207	0
1359	213	0
1360	210	0
1361	203	0
1362	176	0
1363	180	0
1364	204	0
1365	234	0
1366	192	0
1367	224	0
1368	206	0
1369	206	0
1370	198	0
1371	205	0
1372	168	0
1373	205	0
1374	231	0
1375	204	0
1376	219	0
1377	186	0
1378	222	0
1379	187	0
1380	189	0
1381	202	0
1382	211	0
1383	187	0
1384	187	0
1385	218	0
1386	200	0
1387	210	0
1388	221	0
1389	202	0
1390	206	0
1391	198	0
1392	189	0
1393	210	0
1394	206	0
1395	210	0
1396	224	0
1397	221	0
1398	192	0
1399	208	0
1400	192	0
1401	225	0
1402	213	0
1403	204	0
1404	204	0
1405	218	0
1406	197	0
1407	189	0
1408	237	0
1409	220	0
1410	191	0
1411	182	0
1412	191	0
1413	244	0
1414	214	0
1415	163	0
1416	197	0
1417	204	0
1418	194	0
1419	195	0
1420	204	0
1421	196	0
1422	197	0
1423	197	0
1424	175	0
1425	211	0
1426	205	0
1427	205	0
1428	196	0
1429	205	0
1430	205	0
1431	183	0
1432	202	0
1433	203	0
1434	195	0
1435	223	0
1436	175	0
1437	206	0
1438	201	0
1439	206	0
1440	162	0
1441	205	0
1442	189	0
1443	203	0
1444	232	0
1445	187	0
1446	244	0
1447	200	0
1448	199	0
1449	210	0
1450	215	0
1451	226	0
1452	186	0
1453	212	0
1454	208	0
1455	206	0
1456	199	0
1457	208	0
1458	204	0
1459	176	0
1460	189	0
1461	202	0
1462	195	0
1463	198	0
1464	186	0
1465	200	0
1466	178	0
1467	198	0
1468	195	0
1469	200	0
1470	193	0
1471	195	0
1472	200	0
1473	215	0
1474	222	0
1475	190	0
1476	205	0
1477	204	0
1478	224	0
1479	226	0
1480	183	0
1481	194	0
1482	191	0
1483	215	0
1484	213	0
1485	220	0
1486	186	0
1487	186	0
1488	202	0
1489	201	0
1490	196	0
1491	188	0
1492	193	0
1493	212	0
1494	210	0
1495	218	0
1496	188	0
1497	217	0
1498	196	0
1499	222	0
1500	202	0
1501	191	0
1502	193	0
1503	185	0
1504	196	0
1505	198	0
1506	189	0
1507	220	0
1508	221	0
1509	214	0
1510	200	0
1511	209	0
1512	207	0
1513	220	0
1514	235	0
1515	188	0
1516	211	0
1517	188	0
1518	199	0
1519	212	0
1520	198	0
1521	194	0
1522	211	0
1523	208	0
1524	209	0
1525	182	0
1526	182	0
1527	200	0
1528	191	0
1529	215	0
1530	193	0
1531	215	0
1532	202	0
1533	208	0
1534	195	0
1535	226	0
1536	217	0
1537	210	0
1538	191	0
1539	203	0
1540	191	0
1541	209	0
1542	198	0
1543	199	0
1544	196	0
1545	192	0
1546	212	0
1547	195	0
1548	184	0
1549	196	0
1550	209	0
1551	202	0
1552	215	0
1553	206	0
1554	192	0
1555	190	0
1556	209	0
1557	181	0
1558	223	0
1559	195	0
1560	219	0
1561	202	0
1562	203	0
1563	217	0
1564	218	0
1565	187	0
1566	221	0
1567	219	0
1568	200	0
1569	205	0
1570	193	0
1571	193	0
1572	228	0
1573	209	0
1574	200	0
1575	236	0
1576	207	0
1577	205	0
1578	215	0
1579	216	0
1580	209	0
1581	205	0
1582	205	0
1583	232	0
1584	191	0
1585	207	0
1586	184	0
1587	205	0
1588	173	0
1589	197	0
1590	213	0
1591	226	0
1592	183	0
1593	235	0
1594	205	0
1595	206	0
1596	189	0
1597	201	0
1598	169	0
1599	186	0
1600	195	0
1601	208	0
1602	198	0
1603	193	0
1604	199	0
1605	191	0
1606	200	0
1607	212	0
1608	196	0
1609	189	0
1610	196	0
1611	194	0
1612	210	0
1613	206	0
1614	219	0
1615	229	0
1616	183	0
1617	192	0
1618	215	0
1619	202	0
1620	203	0
1621	215	0
1622	210	0
1623	188	0
1624	217	0
1625	188	0
1626	192	0
1627	196	0
1628	193	0
1629	220	0
1630	211	0
1631	221	0
1632	194	0
1633	186	0
1634	208	0
1635	193	0
1636	208	0
1637	180	0
1638	205	0
1639	195	0
1640	207	0
1641	208	0
1642	193	0
1643	188	0
1644	203	0
1645	228	0
1646	206	0
1647	206	0
1648	204	0
1649	202	0
1650	199	0
1651	176	0
1652	203	0
1653	218	0
1654	225	0
1655	189	0
1656	181	0
1657	188	0
1658	206	0
1659	208	0
1660	234	0
1661	200	0
1662	212	0
1663	192	0
1664	199	0
1665	200	0
1666	183	0
1667	202	0
1668	209	0
1669	204	0
1670	213	0
1671	224	0
1672	214	0
1673	219	0
1674	177	0
1675	195	0
1676	195	0
1677	196	0
1678	202	0
1679	200	0
1680	205	0
1681	206	0
1682	190	0
1683	209	0
1684	204	0
1685	194	0
1686	199	0
1687	221	0
1688	196	0
1689	203	0
1690	201	0
1691	191	0
1692	200	0
1693	168	0
1694	211	0
1695	184	0
1696	186	0
1697	205	0
1698	187	0
1699	181	0
1700	202	0
1701	176	0
1702	198	0
1703	175	0
1704	179	0
1705	195	0
1706	202	0
1707	194	0
1708	228	0
1709	226	0
1710	200	0
1711	226	0
1712	212	0
1713	177	0
1714	215	0
1715	185	0
1716	216	0
1717	225	0
1718	227	0
1719	192	0
1720	190	0
1721	199	0
1722	207	0
1723	207	0
1724	201	0
1725	216	0
1726	194	0
1727	189	0
1728	193	0
1729	217	0
1730	206	0
1731	203	0
1732	204	0
1733	210	0
1734	210	0
1735	208	0
1736	215	0
1737	232	0
1738	195	0
1739	196	0
1740	181	0
1741	172	0
1742	201	0
1743	193	0
1744	199	0
1745	199	0
1746	201	0
1747	217	0
1748	200	0
1749	200	0
1750	193	0
1751	192	0
1752	213	0
1753	201	0
1754	194	0
1755	216	0
1756	220	0
1757	194	0
1758	196	0
1759	204	0
1760	204	0
1761	192	0
1762	205	0
1763	222	0
1764	190	0
1765	179	0
1766	213	0
1767	189	0
1768	186	0
1769	191	0
1770	206	0
1771	193	0
1772	212	0
1773	193	0
1774	189	0
1775	217	0
1776	197	0
1777	220	0
1778	205	0
1779	217	0
1780	193	0
1781	192	0
1782	190	0
1783	216	0
1784	212	0
1785	221	0
1786	192	0
1787	208	0
1788	184	0
1789	182	0
1790	177	0
1791	200	0
1792	189	0
1793	195	0
1794	202	0
1795	195	0
1796	204	0
1797	221	0
1798	220	0
1799	194	0
1800	206	0
1801	201	0
1802	198	0
1803	207	0
1804	214	0
1805	198	0
1806	224	0
1807	203	0
1808	194	0
1809	207	0
1810	192	0
1811	192	0
1812	207	0
1813	179	0
1814	206	0
1815	181	0
1816	167	0
1817	213	0
1818	193	0
1819	196	0
1820	181	0
1821	203	0
1822	201	0
1823	180	0
1824	200	0
1825	218	0
1826	198	0
1827	175	0
1828	199	0
1829	218	0
1830	188	0
1831	195	0
1832	212	0
1833	176	0
1834	191	0
1835	195	0
1836	195	0
1837	211	0
1838	183	0
1839	219	0
1840	209	0
1841	202	0
1842	191	0
1843	216	0
1844	212	0
1845	186	0
1846	204	0
1847	198	0
1848	196	0
1849	205	0
1850	191	0
1851	210	0
1852	216	0
1853	210	0
1854	201	0
1855	195	0
1856	192	0
1857	200	0
1858	178	0
1859	214	0
1860	197	0
1861	183	0
1862	210	0
1863	190	0
1864	217	0
1865	229	0
1866	217	0
1867	224	0
1868	192	0
1869	215	0
1870	218	0
1871	198	0
1872	208	0
1873	192	0
1874	194	0
1875	203	0
1876	202	0
1877	203	0
1878	224	0
1879	209	0
1880	205	0
1881	183	0
1882	226	0
1883	195	0
1884	218	0
1885	193	0
1886	200	0
1887	194	0
1888	184	0
1889	219	0
1890	201	0
1891	211	0
1892	189	0
1893	221	0
1894	211	0
1895	177	0
1896	203	0
1897	190	0
1898	199	0
1899	234	0
1900	182	0
1901	192	0
1902	210	0
1903	185	0
1904	227	0
1905	197	0
1906	210	0
1907	223	0
1908	202	0
1909	202	0
1910	209	0
1911	216	0
1912	182	0
1913	190	0
1914	193	0
1915	179	0
1916	204	0
1917	198	0
1918	216	0
1919	188	0
1920	210	0
1921	201	0
1922	226	0
1923	190	0
1924	226	0
1925	197	0
1926	208	0
1927	220	0
1928	219	0
1929	187	0
1930	189	0
1931	203	0
1932	189	0
1933	204	0
1934	198	0
1935	193	0
1936	181	0
1937	175	0
1938	210	0
1939	226	0
1940	202	0
1941	209	0
1942	225	0
1943	218	0
1944	195	0
1945	176	0
1946	221	0
1947	229	0
1948	217	0
1949	199	0
1950	212	0
1951	203	0
1952	176	0
1953	221	0
1954	208	0
1955	214	0
1956	180	0
1957	195	0
1958	204	0
1959	215	0
1960	192	0
1961	208	0
1962	178	0
1963	211	0
1964	213	0
1965	228	0
1966	185	0
1967	206	0
1968	190	0
1969	207	0
1970	198	0
1971	195	0
1972	242	0
1973	193	0
1974	208	0
1975	200	0
1976	208	0
1977	214	0
1978	211	0
1979	193	0
1980	205	0
1981	213	0
1982	210	0
1983	198	0
1984	207	0
1985	209	0
1986	204	0
1987	246	0
1988	194	0
1989	190	0
1990	216	0
1991	182	0
1992	194	0
1993	235	0
1994	211	0
1995	175	0
1996	203	0
1997	192	0
1998	212	0
1999	196	0
2000	197	0
2001	186	0
2002	186	0
2003	186	0
2004	221	0
2005	210	0
2006	203	0
2007	198	0
2008	208	0
2009	188	0
2010	205	0
2011	186	0
2012	211	0
2013	191	0
2014	218	0
2015	238	0
2016	207	0
2017	184	0
2018	202	0
2019	181	0
2020	209	0
2021	196	0
2022	205	0
2023	208	0
2024	213	0
2025	207	0
2026	230	0
2027	207	0
2028	187	0
2029	200	0
2030	193	0
2031	208	0
2032	185	0
2033	212	0
2034	196	0
2035	199	0
2036	209	0
2037	203	0
2038	195	0
2039	196	0
2040	200	0
2041	197	0
2042	239	0
2043	173	0
2044	191	0
2045	198	0
2046	187	0
2047	175	0
2048	199	0
2049	199	0
2050	203	0
2051	201	0
2052	180	0
2053	194	0
2054	199	0
2055	219	0
2056	211	0
2057	204	0
2058	207	0
2059	223	0
2060	193	0
2061	193	0
2062	203	0
2063	218	0
2064	187	0
2065	185	0
2066	187	0
2067	222	0
2068	174	0
2069	192	0
2070	183	0
2071	179	0
2072	201	0
2073	193	0
2074	203	0
2075	210	0
2076	202	0
2077	191	0
2078	180	0
2079	200	0
2080	194	0
2081	189	0
2082	217	0
2083	222	0
2084	201	0
2085	191	0
2086	200	0
2087	206	0
2088	170	0
2089	196	0
2090	216	0
2091	183	0
2092	193	0
2093	194	0
2094	205	0
2095	208	0
2096	216	0
2097	208	0
2098	227	0
2099	190	0
2100	216	0
2101	188	0
2102	205	0
2103	222	0
2104	220	0
2105	201	0
2106	185	0
2107	226	0
2108	212	0
2109	214	0
2110	196	0
2111	185	0
2112	188	0
2113	215	0
2114	189	0
2115	221	0
2116	225	0
2117	186	0
2118	190	0
2119	182	0
2120	171	0
2121	208	0
2122	175	0
2123	193	0
2124	215	0
2125	182	0
2126	197	0
2127	202	0
2128	200	0
2129	202	0
2130	237	0
2131	186	0
2132	206	0
2133	206	0
2134	180	0
2135	185	0
2136	178	0
2137	213	0
2138	201	0
2139	200	0
2140	194	0
2141	210	0
2142	191	0
2143	200	0
2144	198	0
2145	184	0
2146	184	0
2147	207	0
2148	177	0
2149	208	0
2150	202	0
2151	187	0
2152	203	0
2153	201	0
2154	193	0
2155	180	0
2156	214	0
2157	203	0
2158	193	0
2159	198	0
2160	201	0
2161	206	0
2162	215	0
2163	199	0
2164	213	0
2165	186	0
2166	181	0
2167	226	0
2168	219	0
2169	200	0
2170	187	0
2171	190	0
2172	205	0
2173	200	0
2174	210	0
2175	212	0
2176	211	0
2177	212	0
2178	200	0
2179	209	0
2180	195	0
2181	211	0
2182	216	0
2183	207	0
2184	192	0
2185	205	0
2186	196	0
2187	184	0
2188	223	0
2189	204	0
2190	206	0
2191	212	0
2192	197	0
2193	214	0
2194	205	0
2195	195	0
2196	183	0
2197	198	0
2198	219	0
2199	217	0
2200	200	0
2201	169	0
2202	204	0
2203	207	0
2204	212	0
2205	196	0
2206	205	0
2207	188	0
2208	191	0
2209	193	0
2210	170	0
2211	195	0
2212	187	0
2213	210	0
2214	184	0
2215	214	0
2216	181	0
2217	214	0
2218	222	0
2219	212	0
2220	207	0
2221	210	0
2222	197	0
2223	206	0
2224	215	0
2225	207	0
2226	208	0
2227	219	0
2228	200	0
2229	195	0
2230	187	0
2231	203	0
2232	210	0
2233	199	0
2234	237	0
2235	187	0
2236	189	0
2237	239	0
2238	195	0
2239	197	0
2240	211	0
2241	224	0
2242	197	0
2243	194	0
2244	201	0
2245	186	0
2246	186	0
2247	177	0
2248	221	0
2249	225	0
2250	200	0
2251	251	0
2252	212	0
2253	210	0
2254	191	0
2255	204	0
2256	203	0
2257	208	0
2258	191	0
2259	185	0
2260	190	0
2261	189	0
2262	241	0
2263	188	0
2264	202	0
2265	189	0
2266	218	0
2267	203	0
2268	214	0
2269	190	0
2270	193	0
2271	182	0
2272	201	0
2273	215	0
2274	194	0
2275	222	0
2276	186	0
2277	228	0
2278	229	0
2279	214	0
2280	177	0
2281	224	0
2282	192	0
2283	198	0
2284	206	0
2285	192	0
2286	223	0
2287	209	0
2288	210	0
2289	192	0
2290	202	0
2291	218	0
2292	175	0
2293	197	0
2294	230	0
2295	197	0
2296	232	0
2297	187	0
2298	195	0
2299	206	0
2300	208	0
2301	234	0
2302	193	0
2303	200	0
2304	213	0
2305	200	0
2306	219	0
2307	190	0
2308	224	0
2309	221	0
2310	197	0
2311	211	0
2312	209	0
2313	196	0
2314	183	0
2315	189	0
2316	194	0
2317	194	0
2318	197	0
2319	199	0
2320	204	0
2321	192	0
2322	185	0
2323	190	0
2324	190	0
2325	211	0
2326	188	0
2327	194	0
2328	223	0
2329	195	0
2330	218	0
2331	203	0
2332	229	0
2333	222	0
2334	186	0
2335	189	0
2336	201	0
2337	218	0
2338	202	0
2339	192	0
2340	193	0
2341	212	0
2342	192	0
2343	192	0
2344	205	0
2345	214	0
2346	230	0
2347	233	0
2348	192	0
2349	192	0
2350	212	0
2351	190	0
2352	204	0
2353	236	0
2354	205	0
2355	188	0
2356	193	0
2357	180	0
2358	212	0
2359	200	0
2360	196	0
2361	193	0
2362	205	0
2363	217	0
2364	202	0
2365	207	0
2366	199	0
2367	204	0
2368	193	0
2369	200	0
2370	192	0
2371	217	0
2372	209	0
2373	191	0
2374	178	0
2375	198	0
2376	188	0
2377	194	0
2378	247	0
2379	207	0
2380	212	0
2381	224	0
2382	216	0
2383	226	0
2384	199	0
2385	209	0
2386	220	0
2387	198	0
2388	190	0
2389	192	0
2390	198	0
2391	203	0
2392	186	0
2393	206	0
2394	195	0
2395	199	0
2396	254	0
2397	196	0
2398	197	0
2399	203	0
2400	209	0
2401	207	0
2402	226	0
2403	197	0
2404	203	0
2405	197	0
2406	192	0
2407	216	0
2408	203	0
2409	193	0
2410	203	0
2411	200	0
2412	188	0
2413	201	0
2414	198	0
2415	191	0
2416	189	0
2417	168	0
2418	214	0
2419	191	0
2420	208	0
2421	186	0
2422	203	0
2423	240	0
2424	223	0
2425	188	0
2426	190	0
2427	194	0
2428	230	0
2429	203	0
2430	194	0
2431	204	0
2432	201	0
2433	195	0
2434	199	0
2435	207	0
2436	236	0
2437	192	0
2438	186	0
2439	226	0
2440	217	0
2441	191	0
2442	216	0
2443	173	0
2444	217	0
2445	200	0
2446	192	0
2447	198	0
2448	228	0
2449	190	0
2450	199	0
2451	205	0
2452	194	0
2453	246	0
2454	206	0
2455	217	0
2456	203	0
2457	181	0
2458	207	0
2459	216	0
2460	201	0
2461	185	0
2462	162	0
2463	217	0
2464	188	0
2465	188	0
2466	210	0
2467	202	0
2468	208	0
2469	196	0
2470	195	0
2471	189	0
2472	217	0
2473	179	0
2474	198	0
2475	206	0
2476	202	0
2477	201	0
2478	215	0
2479	194	0
2480	198	0
2481	208	0
2482	186	0
2483	201	0
2484	195	0
2485	231	0
2486	202	0
2487	178	0
2488	200	0
2489	203	0
2490	240	0
2491	201	0
2492	207	0
2493	190	0
2494	191	0
2495	196	0
2496	189	0
2497	225	0
2498	201	0
2499	203	0
2500	180	0
2501	202	0
2502	211	0
2503	184	0
2504	202	0
2505	184	0
2506	201	0
2507	194	0
2508	200	0
2509	230	0
2510	231	0
2511	191	0
2512	191	0
2513	191	0
2514	205	0
2515	195	0
2516	209	0
2517	208	0
2518	197	0
2519	211	0
2520	234	0
2521	212	0
2522	180	0
2523	202	0
2524	216	0
2525	211	0
2526	202	0
2527	208	0
2528	218	0
2529	168	0
2530	201	0
2531	196	0
2532	216	0
2533	208	0
2534	207	0
2535	175	0
2536	208	0
2537	205	0
2538	183	0
2539	203	0
2540	192	0
2541	174	0
2542	197	0
2543	219	0
2544	184	0
2545	231	0
2546	198	0
2547	201	0
2548	237	0
2549	191	0
2550	199	0
2551	201	0
2552	224	0
2553	203	0
2554	183	0
2555	209	0
2556	206	0
2557	206	0
2558	223	0
2559	206	0
2560	200	0
2561	212	0
2562	211	0
2563	202	0
2564	217	0
2565	207	0
2566	197	0
2567	192	0
2568	197	0
2569	195	0
2570	192	0
2571	192	0
2572	208	0
2573	229	0
2574	215	0
2575	206	0
2576	221	0
2577	201	0
2578	204	0
2579	180	0
2580	202	0
2581	210	0
2582	210	0
2583	196	0
2584	191	0
2585	218	0
2586	215	0
2587	219	0
2588	195	0
2589	211	0
2590	171	0
2591	209	0
2592	196	0
2593	193	0
2594	182	0
2595	204	0
2596	221	0
2597	213	0
2598	205	0
2599	223	0
2600	175	0
2601	216	0
2602	219	0
2603	203	0
2604	204	0
2605	213	0
2606	225	0
2607	222	0
2608	206	0
2609	177	0
2610	173	0
2611	171	0
2612	179	0
2613	224	0
2614	198	0
2615	178	0
2616	224	0
2617	192	0
2618	236	0
2619	218	0
2620	193	0
2621	211	0
2622	184	0
2623	207	0
2624	195	0
2625	201	0
2626	203	0
2627	187	0
2628	174	0
2629	168	0
2630	207	0
2631	177	0
2632	194	0
2633	193	0
2634	190	0
2635	182	0
2636	196	0
2637	196	0
2638	178	0
2639	214	0
2640	188	0
2641	199	0
2642	200	0
2643	192	0
2644	222	0
2645	203	0
2646	186	0
2647	205	0
2648	205	0
2649	194	0
2650	176	0
2651	203	0
2652	220	0
2653	196	0
2654	199	0
2655	182	0
2656	197	0
2657	225	0
2658	194	0
2659	215	0
2660	187	0
2661	206	0
2662	193	0
2663	218	0
2664	200	0
2665	191	0
2666	191	0
2667	193	0
2668	183	0
2669	223	0
2670	188	0
2671	217	0
2672	182	0
2673	187	0
2674	210	0
2675	209	0
2676	198	0
2677	196	0
2678	218	0
2679	213	0
2680	184	0
2681	217	0
2682	205	0
2683	199	0
2684	206	0
2685	198	0
2686	234	0
2687	191	0
2688	202	0
2689	204	0
2690	214	0
2691	193	0
2692	223	0
2693	174	0
2694	229	0
2695	214	0
2696	202	0
2697	191	0
2698	162	0
2699	205	0
2700	207	0
2701	213	0
2702	197	0
2703	214	0
2704	192	0
2705	193	0
2706	215	0
2707	224	0
2708	239	0
2709	229	0
2710	192	0
2711	204	0
2712	224	0
2713	216	0
2714	234	0
2715	194	0
2716	184	0
2717	215	0
2718	203	0
2719	253	0
2720	176	0
2721	199	0
2722	195	0
2723	219	0
2724	202	0
2725	180	0
2726	196	0
2727	204	0
2728	212	0
2729	201	0
2730	213	0
2731	200	0
2732	202	0
2733	197	0
2734	208	0
2735	230	0
2736	201	0
2737	201	0
2738	228	0
2739	224	0
2740	203	0
2741	206	0
2742	193	0
2743	208	0
2744	187	0
2745	184	0
2746	221	0
2747	181	0
2748	222	0
2749	190	0
2750	202	0
2751	222	0
2752	192	0
2753	211	0
2754	213	0
2755	182	0
2756	214	0
2757	199	0
2758	198	0
2759	209	0
2760	182	0
2761	207	0
2762	174	0
2763	170	0
2764	210	0
2765	190	0
2766	184	0
2767	207	0
2768	181	0
2769	203	0
2770	211	0
2771	199	0
2772	205	0
2773	190	0
2774	211	0
2775	205	0
2776	175	0
2777	227	0
2778	214	0
2779	216	0
2780	204	0
2781	190	0
2782	217	0
2783	209	0
2784	214	0
2785	214	0
2786	202	0
2787	193	0
2788	200	0
2789	194	0
2790	219	0
2791	213	0
2792	192	0
2793	199	0
2794	214	0
2795	185	0
2796	195	0
2797	212	0
2798	209	0
2799	182	0
2800	204	0
2801	190	0
2802	209	0
2803	201	0
2804	205	0
2805	208	0
2806	201	0
2807	202	0
2808	196	0
2809	207	0
2810	198	0
2811	213	0
2812	227	0
2813	197	0
2814	219	0
2815	208	0
2816	205	0
2817	203	0
2818	206	0
2819	203	0
2820	209	0
2821	218	0
2822	204	0
2823	193	0
2824	201	0
2825	224	0
2826	198	0
2827	190	0
2828	214	0
2829	203	0
2830	202	0
2831	165	0
2832	201	0
2833	206	0
2834	189	0
2835	190	0
2836	214	0
2837	216	0
2838	199	0
2839	228	0
2840	209	0
2841	200	0
2842	191	0
2843	205	0
2844	199	0
2845	178	0
2846	181	0
2847	198	0
2848	221	0
2849	200	0
2850	185	0
2851	197	0
2852	217	0
2853	204	0
2854	196	0
2855	180	0
2856	211	0
2857	203	0
2858	214	0
2859	187	0
2860	187	0
2861	190	0
2862	205	0
2863	179	0
2864	215	0
2865	211	0
2866	197	0
2867	195	0
2868	207	0
2869	222	0
2870	220	0
2871	181	0
2872	201	0
2873	186	0
2874	206	0
2875	192	0
2876	203	0
2877	179	0
2878	184	0
2879	213	0
2880	209	0
2881	228	0
2882	227	0
2883	183	0
2884	197	0
2885	205	0
2886	182	0
2887	198	0
2888	199	0
2889	198	0
2890	220	0
2891	214	0
2892	194	0
2893	219	0
2894	182	0
2895	186	0
2896	214	0
2897	195	0
2898	220	0
2899	197	0
2900	183	0
2901	198	0
2902	218	0
2903	182	0
2904	206	0
2905	206	0
2906	216	0
2907	178	0
2908	220	0
2909	210	0
2910	218	0
2911	207	0
2912	176	0
2913	183	0
2914	187	0
2915	191	0
2916	219	0
2917	217	0
2918	209	0
2919	216	0
2920	177	0
2921	200	0
2922	203	0
2923	184	0
2924	216	0
2925	197	0
2926	183	0
2927	234	0
2928	208	0
2929	211	0
2930	183	0
2931	199	0
2932	197	0
2933	193	0
2934	217	0
2935	189	0
2936	206	0
2937	194	0
2938	168	0
2939	228	0
2940	204	0
2941	182	0
2942	226	0
2943	200	0
2944	186	0
2945	209	0
2946	205	0
2947	183	0
2948	188	0
2949	214	0
2950	207	0
2951	210	0
2952	210	0
2953	189	0
2954	230	0
2955	215	0
2956	197	0
2957	202	0
2958	225	0
2959	203	0
2960	214	0
2961	211	0
2962	202	0
2963	187	0
2964	202	0
2965	211	0
2966	172	0
2967	204	0
2968	193	0
2969	194	0
2970	191	0
2971	239	0
2972	205	0
2973	225	0
2974	225	0
2975	213	0
2976	208	0
2977	205	0
2978	206	0
2979	219	0
2980	202	0
2981	206	0
2982	208	0
2983	203	0
2984	213	0
2985	209	0
2986	200	0
2987	202	0
2988	231	0
2989	181	0
2990	203	0
2991	231	0
2992	227	0
2993	206	0
2994	214	0
2995	175	0
2996	194	0
2997	186	0
2998	197	0
2999	194	0
3000	234	0
