1	213	0
2	186	0
3	238	0
4	201	0
5	203	0
6	192	0
7	205	0
8	214	0
9	213	0
10	189	0
11	204	0
12	181	0
13	160	0
14	169	0
15	202	0
16	197	0
17	185	0
18	197	0
19	208	0
20	217	0
21	196	0
22	201	0
23	217	0
24	193	0
25	178	0
26	197	0
27	221	0
28	203	0
29	209	0
30	207	0
31	198	0
32	194	0
33	214	0
34	196	0
35	219	0
36	217	0
37	195	0
38	208	0
39	208	0
40	232	0
41	219	0
42	206	0
43	170	0
44	216	0
45	160	0
46	209	0
47	196	0
48	222	0
49	211	0
50	198	0
51	200	0
52	232	0
53	219	0
54	193	0
55	175	0
56	197	0
57	199	0
58	230	0
59	196	0
60	202	0
61	180	0
62	207	0
63	200	0
64	198	0
65	191	0
66	183	0
67	202	0
68	221	0
69	201	0
70	198	0
71	212	0
72	213	0
73	203	0
74	199	0
75	197	0
76	214	0
77	217	0
78	198	0
79	201	0
80	192	0
81	195	0
82	187	0
83	199	0
84	206	0
85	211	0
86	213	0
87	205	0
88	223	0
89	199	0
90	220	0
91	197	0
92	208	0
93	199	0
94	186	0
95	216	0
96	203	0
97	202	0
98	188	0
99	197	0
100	212	0
101	208	0
102	177	0
103	221	0
104	182	0
105	187	0
106	199	0
107	213	0
108	183	0
109	218	0
110	199	0
111	198	0
112	191	0
113	192	0
114	213	0
115	203	0
116	188	0
117	200	0
118	191	0
119	202	0
120	215	0
121	191	0
122	212	0
123	226	0
124	215	0
125	219	0
126	205	0
127	207	0
128	204	0
129	214	0
130	221	0
131	193	0
132	197	0
133	192	0
134	205	0
135	228	0
136	195	0
137	176	0
138	211	0
139	225	0
140	200	0
141	186	0
142	192	0
143	207	0
144	201	0
145	189	0
146	205	0
147	226	0
148	183	0
149	209	0
150	198	0
151	187	0
152	208	0
153	215	0
154	202	0
155	219	0
156	196	0
157	193	0
158	202	0
159	207	0
160	192	0
161	194	0
162	201	0
163	211	0
164	200	0
165	193	0
166	211	0
167	207	0
168	223	0
169	197	0
170	194	0
171	206	0
172	177	0
173	199	0
174	210	0
175	213	0
176	206	0
177	176	0
178	180	0
179	201	0
180	212	0
181	196	0
182	183	0
183	200	0
184	206	0
185	208	0
186	185	0
187	225	0
188	191	0
189	206	0
190	180	0
191	200	0
192	195	0
193	203	0
194	211	0
195	214	0
196	194	0
197	210	0
198	211	0
199	210	0
200	196	0
201	198	0
202	194	0
203	207	0
204	186	0
205	183	0
206	194	0
207	237	0
208	198	0
209	195	0
210	194	0
211	199	0
212	201	0
213	205	0
214	219	0
215	193	0
216	200	0
217	185	0
218	180	0
219	162	0
220	205	0
221	229	0
222	192	0
223	192	0
224	222	0
225	221	0
226	181	0
227	192	0
228	210	0
229	187	0
230	210	0
231	191	0
232	189	0
233	190	0
234	208	0
235	187	0
236	188	0
237	192	0
238	180	0
239	220	0
240	207	0
241	206	0
242	205	0
243	227	0
244	197	0
245	202	0
246	170	0
247	213	0
248	199	0
249	205	0
250	210	0
251	186	0
252	184	0
253	211	0
254	185	0
255	212	0
256	207	0
257	212	0
258	231	0
259	199	0
260	222	0
261	197	0
262	203	0
263	198	0
264	208	0
265	202	0
266	214	0
267	216	0
268	219	0
269	223	0
270	201	0
271	195	0
272	175	0
273	206	0
274	208	0
275	189	0
276	226	0
277	187	0
278	190	0
279	210	0
280	193	0
281	192	0
282	213	0
283	179	0
284	206	0
285	198	0
286	176	0
287	212	0
288	224	0
289	204	0
290	186	0
291	199	0
292	199	0
293	211	0
294	207	0
295	209	0
296	213	0
297	223	0
298	184	0
299	192	0
300	194	0
301	189	0
302	194	0
303	191	0
304	217	0
305	205	0
306	216	0
307	194	0
308	189	0
309	176	0
310	193	0
311	218	0
312	183	0
313	202	0
314	176	0
315	184	0
316	212	0
317	215	0
318	203	0
319	216	0
320	200	0
321	218	0
322	155	0
323	207	0
324	180	0
325	191	0
326	214	0
327	239	0
328	201	0
329	231	0
330	201	0
331	188	0
332	204	0
333	214	0
334	217	0
335	219	0
336	190	0
337	199	0
338	194	0
339	200	0
340	199	0
341	208	0
342	195	0
343	205	0
344	177	0
345	206	0
346	196	0
347	207	0
348	225	0
349	209	0
350	223	0
351	195	0
352	181	0
353	186	0
354	199	0
355	202	0
356	172	0
357	198	0
358	235	0
359	193	0
360	206	0
361	176	0
362	167	0
363	216	0
364	168	0
365	197	0
366	201	0
367	197	0
368	154	0
369	194	0
370	192	0
371	162	0
372	226	0
373	220	0
374	214	0
375	196	0
376	213	0
377	198	0
378	197	0
379	190	0
380	212	0
381	207	0
382	182	0
383	201	0
384	189	0
385	192	0
386	190	0
387	210	0
388	196	0
389	214	0
390	172	0
391	205	0
392	189	0
393	201	0
394	213	0
395	194	0
396	178	0
397	212	0
398	187	0
399	195	0
400	213	0
401	191	0
402	224	0
403	192	0
404	199	0
405	201	0
406	203	0
407	204	0
408	198	0
409	193	0
410	208	0
411	174	0
412	200	0
413	204	0
414	191	0
415	219	0
416	181	0
417	192	0
418	204	0
419	196	0
420	201	0
421	195	0
422	171	0
423	200	0
424	177	0
425	192	0
426	179	0
427	210	0
428	209	0
429	194	0
430	207	0
431	210	0
432	207	0
433	173	0
434	206	0
435	205	0
436	229	0
437	195	0
438	221	0
439	192	0
440	194	0
441	204	0
442	181	0
443	201	0
444	208	0
445	194	0
446	178	0
447	174	0
448	197	0
449	169	0
450	210	0
451	199	0
452	187	0
453	215	0
454	207	0
455	215	0
456	196	0
457	193	0
458	206	0
459	210	0
460	199	0
461	204	0
462	210	0
463	187	0
464	239	0
465	224	0
466	201	0
467	167	0
468	186	0
469	195	0
470	203	0
471	199	0
472	216	0
473	223	0
474	207	0
475	188	0
476	186	0
477	206	0
478	207	0
479	205	0
480	194	0
481	195	0
482	194	0
483	190	0
484	218	0
485	186	0
486	193	0
487	196	0
488	205	0
489	182	0
490	225	0
491	213	0
492	209	0
493	193	0
494	197	0
495	213	0
496	214	0
497	208	0
498	208	0
499	214	0
500	190	0
501	198	0
502	197	0
503	186	0
504	186	0
505	201	0
506	209	0
507	194	0
508	155	0
509	181	0
510	198	0
511	201	0
512	200	0
513	204	0
514	206	0
515	200	0
516	186	0
517	197	0
518	208	0
519	174	0
520	174	0
521	182	0
522	191	0
523	190	0
524	211	0
525	193	0
526	170	0
527	191	0
528	188	0
529	199	0
530	204	0
531	221	0
532	196	0
533	191	0
534	213	0
535	211	0
536	180	0
537	176	0
538	206	0
539	210	0
540	178	0
541	198	0
542	169	0
543	228	0
544	199	0
545	205	0
546	199	0
547	196	0
548	207	0
549	171	0
550	164	0
551	190	0
552	183	0
553	186	0
554	226	0
555	205	0
556	212	0
557	206	0
558	176	0
559	198	0
560	176	0
561	197	0
562	201	0
563	200	0
564	197	0
565	199	0
566	169	0
567	205	0
568	201	0
569	213	0
570	210	0
571	194	0
572	190	0
573	197	0
574	230	0
575	188	0
576	205	0
577	186	0
578	194	0
579	199	0
580	193	0
581	218	0
582	181	0
583	213	0
584	172	0
585	209	0
586	201	0
587	176	0
588	216	0
589	222	0
590	194	0
591	218	0
592	204	0
593	214	0
594	179	0
595	209	0
596	195	0
597	200	0
598	199	0
599	223	0
600	203	0
601	174	0
602	218	0
603	209	0
604	202	0
605	215	0
606	208	0
607	197	0
608	174	0
609	208	0
610	196	0
611	207	0
612	198	0
613	214	0
614	217	0
615	225	0
616	191	0
617	184	0
618	199	0
619	217	0
620	196	0
621	201	0
622	214	0
623	204	0
624	216	0
625	230	0
626	208	0
627	202	0
628	203	0
629	213	0
630	177	0
631	220	0
632	192	0
633	210	0
634	205	0
635	200	0
636	194	0
637	195	0
638	204	0
639	187	0
640	212	0
641	206	0
642	188	0
643	214	0
644	182	0
645	200	0
646	206	0
647	197	0
648	201	0
649	201	0
650	192	0
651	204	0
652	194	0
653	175	0
654	186	0
655	204	0
656	220	0
657	184	0
658	191	0
659	206	0
660	195	0
661	191	0
662	191	0
663	226	0
664	206	0
665	173	0
666	197	0
667	190	0
668	194	0
669	220	0
670	190	0
671	193	0
672	193	0
673	207	0
674	196	0
675	202	0
676	201	0
677	205	0
678	227	0
679	184	0
680	185	0
681	192	0
682	200	0
683	211	0
684	200	0
685	213	0
686	182	0
687	207	0
688	203	0
689	203	0
690	179	0
691	215	0
692	198	0
693	209	0
694	194	0
695	181	0
696	209	0
697	220	0
698	208	0
699	219	0
700	195	0
701	199	0
702	196	0
703	204	0
704	187	0
705	207	0
706	197	0
707	202	0
708	207	0
709	203	0
710	221	0
711	209	0
712	190	0
713	202	0
714	202	0
715	195	0
716	190	0
717	199	0
718	201	0
719	190	0
720	190	0
721	194	0
722	200	0
723	230	0
724	205	0
725	206	0
726	177	0
727	186	0
728	199	0
729	207	0
730	194	0
731	196	0
732	210	0
733	191	0
734	198	0
735	200	0
736	222	0
737	189	0
738	219	0
739	223	0
740	169	0
741	183	0
742	189	0
743	203	0
744	194	0
745	212	0
746	214	0
747	185	0
748	224	0
749	226	0
750	181	0
751	193	0
752	208	0
753	204	0
754	175	0
755	178	0
756	174	0
757	206	0
758	189	0
759	237	0
760	208	0
761	208	0
762	212	0
763	222	0
764	205	0
765	212	0
766	197	0
767	214	0
768	188	0
769	201	0
770	207	0
771	195	0
772	201	0
773	210	0
774	210	0
775	224	0
776	205	0
777	185	0
778	184	0
779	196	0
780	204	0
781	205	0
782	187	0
783	200	0
784	183	0
785	193	0
786	189	0
787	208	0
788	184	0
789	185	0
790	198	0
791	206	0
792	197	0
793	214	0
794	206	0
795	199	0
796	191	0
797	189	0
798	187	0
799	203	0
800	207	0
801	222	0
802	215	0
803	226	0
804	209	0
805	214	0
806	185	0
807	201	0
808	185	0
809	175	0
810	223	0
811	219	0
812	177	0
813	206	0
814	189	0
815	186	0
816	188	0
817	206	0
818	217	0
819	206	0
820	215	0
821	202	0
822	161	0
823	206	0
824	201	0
825	199	0
826	204	0
827	213	0
828	204	0
829	211	0
830	192	0
831	194	0
832	204	0
833	170	0
834	210	0
835	179	0
836	180	0
837	206	0
838	240	0
839	209	0
840	199	0
841	189	0
842	175	0
843	186	0
844	208	0
845	199	0
846	189	0
847	174	0
848	178	0
849	202	0
850	221	0
851	206	0
852	208	0
853	209	0
854	195	0
855	183	0
856	210	0
857	228	0
858	199	0
859	186	0
860	215	0
861	198	0
862	235	0
863	205	0
864	212	0
865	201	0
866	188	0
867	180	0
868	222	0
869	210	0
870	204	0
871	206	0
872	180	0
873	201	0
874	212	0
875	204	0
876	206	0
877	179	0
878	211	0
879	195	0
880	220	0
881	185	0
882	188	0
883	187	0
884	180	0
885	224	0
886	209	0
887	216	0
888	180	0
889	192	0
890	188	0
891	220	0
892	194	0
893	208	0
894	222	0
895	236	0
896	190	0
897	208	0
898	202	0
899	176	0
900	187	0
901	206	0
902	195	0
903	203	0
904	178	0
905	196	0
906	200	0
907	213	0
908	207	0
909	193	0
910	180	0
911	234	0
912	189	0
913	230	0
914	211	0
915	212	0
916	209	0
917	199	0
918	189	0
919	217	0
920	197	0
921	208	0
922	216	0
923	219	0
924	191	0
925	200	0
926	194	0
927	198	0
928	212	0
929	175	0
930	190	0
931	203	0
932	202	0
933	182	0
934	237	0
935	196	0
936	201	0
937	199	0
938	237	0
939	188	0
940	194	0
941	194	0
942	194	0
943	178	0
944	197	0
945	196	0
946	176	0
947	192	0
948	197	0
949	200	0
950	186	0
951	195	0
952	180	0
953	198	0
954	210	0
955	224	0
956	210	0
957	216	0
958	175	0
959	219	0
960	188	0
961	201	0
962	206	0
963	215	0
964	176	0
965	222	0
966	190	0
967	185	0
968	182	0
969	180	0
970	185	0
971	213	0
972	216	0
973	188	0
974	212	0
975	199	0
976	172	0
977	197	0
978	209	0
979	193	0
980	224	0
981	189	0
982	169	0
983	220	0
984	202	0
985	171	0
986	200	0
987	193	0
988	191	0
989	193	0
990	209	0
991	204	0
992	195	0
993	202	0
994	197	0
995	187	0
996	191	0
997	186	0
998	201	0
999	209	0
1000	214	0
1001	188	0
1002	205	0
1003	189	0
1004	233	0
1005	186	0
1006	184	0
1007	229	0
1008	208	0
1009	186	0
1010	217	0
1011	210	0
1012	192	0
1013	187	0
1014	191	0
1015	211	0
1016	175	0
1017	198	0
1018	203	0
1019	186	0
1020	196	0
1021	202	0
1022	176	0
1023	190	0
1024	199	0
1025	197	0
1026	216	0
1027	188	0
1028	203	0
1029	187	0
1030	181	0
1031	199	0
1032	208	0
1033	184	0
1034	199	0
1035	202	0
1036	202	0
1037	201	0
1038	207	0
1039	198	0
1040	196	0
1041	180	0
1042	174	0
1043	220	0
1044	179	0
1045	210	0
1046	185	0
1047	188	0
1048	214	0
1049	213	0
1050	202	0
1051	223	0
1052	189	0
1053	198	0
1054	216	0
1055	210	0
1056	192	0
1057	211	0
1058	194	0
1059	229	0
1060	219	0
1061	199	0
1062	188	0
1063	185	0
1064	212	0
1065	216	0
1066	215	0
1067	207	0
1068	175	0
1069	210	0
1070	195	0
1071	207	0
1072	206	0
1073	198	0
1074	208	0
1075	196	0
1076	205	0
1077	216	0
1078	201	0
1079	197	0
1080	212	0
1081	201	0
1082	197	0
1083	185	0
1084	204	0
1085	197	0
1086	202	0
1087	193	0
1088	189	0
1089	207	0
1090	189	0
1091	179	0
1092	203	0
1093	175	0
1094	212	0
1095	197	0
1096	185	0
1097	203	0
1098	220	0
1099	181	0
1100	200	0
1101	203	0
1102	196	0
1103	200	0
1104	198	0
1105	186	0
1106	221	0
1107	187	0
1108	201	0
1109	160	0
1110	186	0
1111	191	0
1112	226	0
1113	220	0
1114	199	0
1115	191	0
1116	203	0
1117	222	0
1118	210	0
1119	190	0
1120	219	0
1121	212	0
1122	177	0
1123	194	0
1124	207	0
1125	181	0
1126	188	0
1127	209	0
1128	226	0
1129	220	0
1130	179	0
1131	195	0
1132	207	0
1133	227	0
1134	211	0
1135	223	0
1136	198	0
1137	193	0
1138	189	0
1139	209	0
1140	199	0
1141	210	0
1142	191	0
1143	205	0
1144	213	0
1145	226	0
1146	202	0
1147	209	0
1148	223	0
1149	197	0
1150	184	0
1151	206	0
1152	200	0
1153	192	0
1154	207	0
1155	185	0
1156	190	0
1157	195	0
1158	227	0
1159	190	0
1160	197	0
1161	207	0
1162	201	0
1163	203	0
1164	187	0
1165	189	0
1166	206	0
1167	214	0
1168	172	0
1169	202	0
1170	183	0
1171	179	0
1172	192	0
1173	206	0
1174	194	0
1175	224	0
1176	208	0
1177	189	0
1178	201	0
1179	193	0
1180	201	0
1181	213	0
1182	215	0
1183	192	0
1184	206	0
1185	184	0
1186	197	0
1187	189	0
1188	169	0
1189	201	0
1190	215	0
1191	195	0
1192	199	0
1193	176	0
1194	217	0
1195	191	0
1196	216	0
1197	205	0
1198	199	0
1199	185	0
1200	215	0
1201	195	0
1202	213	0
1203	212	0
1204	175	0
1205	175	0
1206	211	0
1207	192	0
1208	187	0
1209	184	0
1210	212	0
1211	216	0
1212	209	0
1213	198	0
1214	214	0
1215	208	0
1216	236	0
1217	204	0
1218	192	0
1219	183	0
1220	186	0
1221	226	0
1222	206	0
1223	210	0
1224	189	0
1225	199	0
1226	194	0
1227	193	0
1228	203	0
1229	208	0
1230	197	0
1231	216	0
1232	205	0
1233	190	0
1234	207	0
1235	195	0
1236	207	0
1237	177	0
1238	214	0
1239	185	0
1240	182	0
1241	204	0
1242	190	0
1243	188	0
1244	199	0
1245	207	0
1246	203	0
1247	188	0
1248	183	0
1249	200	0
1250	200	0
1251	209	0
1252	186	0
1253	224	0
1254	221	0
1255	192	0
1256	206	0
1257	193	0
1258	178	0
1259	188	0
1260	208	0
1261	178	0
1262	185	0
1263	198	0
1264	214	0
1265	228	0
1266	214	0
1267	173	0
1268	216	0
1269	190	0
1270	231	0
1271	192	0
1272	178	0
1273	164	0
1274	189	0
1275	205	0
1276	206	0
1277	197	0
1278	193	0
1279	218	0
1280	161	0
1281	167	0
1282	217	0
1283	211	0
1284	180	0
1285	228	0
1286	178	0
1287	180	0
1288	208	0
1289	216	0
1290	212	0
1291	212	0
1292	188	0
1293	185	0
1294	175	0
1295	214	0
1296	176	0
1297	208	0
1298	182	0
1299	192	0
1300	185	0
1301	223	0
1302	187	0
1303	199	0
1304	190	0
1305	199	0
1306	195	0
1307	182	0
1308	193	0
1309	192	0
1310	194	0
1311	207	0
1312	198	0
1313	207	0
1314	204	0
1315	203	0
1316	201	0
1317	190	0
1318	181	0
1319	204	0
1320	222	0
1321	162	0
1322	166	0
1323	206	0
1324	188	0
1325	188	0
1326	190	0
1327	211	0
1328	184	0
1329	227	0
1330	199	0
1331	203	0
1332	214	0
1333	175	0
1334	202	0
1335	206	0
1336	214	0
1337	164	0
1338	182	0
1339	204	0
1340	208	0
1341	210	0
1342	204	0
1343	220	0
1344	176	0
1345	214	0
1346	199	0
1347	201	0
1348	195	0
1349	190	0
1350	158	0
1351	207	0
1352	231	0
1353	217	0
1354	202	0
1355	201	0
1356	200	0
1357	199	0
1358	193	0
1359	181	0
1360	216	0
1361	191	0
1362	198	0
1363	197	0
1364	191	0
1365	213	0
1366	213	0
1367	203	0
1368	200	0
1369	213	0
1370	213	0
1371	185	0
1372	202	0
1373	183	0
1374	180	0
1375	207	0
1376	175	0
1377	233	0
1378	186	0
1379	210	0
1380	189	0
1381	173	0
1382	244	0
1383	199	0
1384	166	0
1385	222	0
1386	206	0
1387	203	0
1388	194	0
1389	197	0
1390	215	0
1391	179	0
1392	213	0
1393	210	0
1394	187	0
1395	206	0
1396	218	0
1397	198	0
1398	189	0
1399	201	0
1400	176	0
1401	212	0
1402	196	0
1403	200	0
1404	203	0
1405	198	0
1406	201	0
1407	187	0
1408	236	0
1409	175	0
1410	212	0
1411	188	0
1412	212	0
1413	219	0
1414	174	0
1415	226	0
1416	198	0
1417	200	0
1418	205	0
1419	210	0
1420	193	0
1421	193	0
1422	218	0
1423	202	0
1424	185	0
1425	221	0
1426	194	0
1427	223	0
1428	194	0
1429	217	0
1430	184	0
1431	218	0
1432	191	0
1433	194	0
1434	179	0
1435	167	0
1436	197	0
1437	203	0
1438	185	0
1439	194	0
1440	211	0
1441	189	0
1442	225	0
1443	204	0
1444	198	0
1445	212	0
1446	230	0
1447	192	0
1448	178	0
1449	188	0
1450	183	0
1451	224	0
1452	190	0
1453	181	0
1454	193	0
1455	208	0
1456	200	0
1457	230	0
1458	206	0
1459	221	0
1460	188	0
1461	202	0
1462	216	0
1463	200	0
1464	176	0
1465	206	0
1466	209	0
1467	161	0
1468	207	0
1469	221	0
1470	225	0
1471	214	0
1472	215	0
1473	206	0
1474	193	0
1475	205	0
1476	166	0
1477	220	0
1478	194	0
1479	211	0
1480	194	0
1481	182	0
1482	208	0
1483	184	0
1484	204	0
1485	187	0
1486	206	0
1487	214	0
1488	193	0
1489	191	0
1490	189	0
1491	218	0
1492	191	0
1493	192	0
1494	185	0
1495	214	0
1496	196	0
1497	189	0
1498	198	0
1499	213	0
1500	188	0
1501	176	0
1502	203	0
1503	196	0
1504	179	0
1505	169	0
1506	199	0
1507	204	0
1508	195	0
1509	208	0
1510	225	0
1511	190	0
1512	189	0
1513	201	0
1514	192	0
1515	204	0
1516	206	0
1517	186	0
1518	193	0
1519	220	0
1520	194	0
1521	187	0
1522	198	0
1523	203	0
1524	186	0
1525	175	0
1526	178	0
1527	215	0
1528	198	0
1529	184	0
1530	198	0
1531	197	0
1532	214	0
1533	202	0
1534	210	0
1535	169	0
1536	190	0
1537	205	0
1538	188	0
1539	178	0
1540	214	0
1541	211	0
1542	189	0
1543	194	0
1544	195	0
1545	200	0
1546	211	0
1547	175	0
1548	193	0
1549	227	0
1550	189	0
1551	219	0
1552	209	0
1553	197	0
1554	219	0
1555	191	0
1556	174	0
1557	193	0
1558	178	0
1559	185	0
1560	206	0
1561	217	0
1562	212	0
1563	210	0
1564	186	0
1565	181	0
1566	217	0
1567	186	0
1568	197	0
1569	192	0
1570	177	0
1571	201	0
1572	181	0
1573	213	0
1574	220	0
1575	176	0
1576	194	0
1577	199	0
1578	180	0
1579	219	0
1580	186	0
1581	193	0
1582	210	0
1583	190	0
1584	177	0
1585	198	0
1586	201	0
1587	194	0
1588	200	0
1589	191	0
1590	204	0
1591	173	0
1592	204	0
1593	181	0
1594	184	0
1595	177	0
1596	192	0
1597	191	0
1598	193	0
1599	200	0
1600	201	0
1601	203	0
1602	210	0
1603	202	0
1604	200	0
1605	203	0
1606	204	0
1607	203	0
1608	213	0
1609	200	0
1610	235	0
1611	194	0
1612	200	0
1613	169	0
1614	234	0
1615	175	0
1616	211	0
1617	193	0
1618	219	0
1619	187	0
1620	197	0
1621	205	0
1622	211	0
1623	192	0
1624	221	0
1625	233	0
1626	183	0
1627	202	0
1628	203	0
1629	202	0
1630	205	0
1631	203	0
1632	195	0
1633	184	0
1634	189	0
1635	199	0
1636	174	0
1637	191	0
1638	222	0
1639	199	0
1640	218	0
1641	206	0
1642	200	0
1643	209	0
1644	222	0
1645	218	0
1646	207	0
1647	205	0
1648	189	0
1649	214	0
1650	204	0
1651	201	0
1652	202	0
1653	192	0
1654	199	0
1655	226	0
1656	189	0
1657	215	0
1658	210	0
1659	193	0
1660	183	0
1661	213	0
1662	188	0
1663	182	0
1664	203	0
1665	212	0
1666	204	0
1667	208	0
1668	196	0
1669	220	0
1670	204	0
1671	169	0
1672	215	0
1673	215	0
1674	186	0
1675	219	0
1676	197	0
1677	197	0
1678	199	0
1679	200	0
1680	189	0
1681	202	0
1682	180	0
1683	180	0
1684	205	0
1685	185	0
1686	216	0
1687	195	0
1688	191	0
1689	193	0
1690	188	0
1691	199	0
1692	185	0
1693	201	0
1694	218	0
1695	206	0
1696	191	0
1697	180	0
1698	205	0
1699	217	0
1700	183	0
1701	203	0
1702	205	0
1703	201	0
1704	215	0
1705	183	0
1706	200	0
1707	172	0
1708	208	0
1709	224	0
1710	189	0
1711	198	0
1712	172	0
1713	191	0
1714	167	0
1715	203	0
1716	185	0
1717	199	0
1718	179	0
1719	188	0
1720	231	0
1721	216	0
1722	207	0
1723	234	0
1724	204	0
1725	184	0
1726	189	0
1727	183	0
1728	200	0
1729	189	0
1730	182	0
1731	187	0
1732	216	0
1733	170	0
1734	185	0
1735	233	0
1736	197	0
1737	200	0
1738	200	0
1739	193	0
1740	186	0
1741	188	0
1742	235	0
1743	200	0
1744	201	0
1745	193	0
1746	192	0
1747	216	0
1748	208	0
1749	200	0
1750	185	0
1751	218	0
1752	191	0
1753	213	0
1754	209	0
1755	207	0
1756	212	0
1757	202	0
1758	205	0
1759	184	0
1760	207	0
1761	179	0
1762	201	0
1763	206	0
1764	212	0
1765	180	0
1766	188	0
1767	234	0
1768	192	0
1769	186	0
1770	184	0
1771	198	0
1772	206	0
1773	192	0
1774	216	0
1775	209	0
1776	185	0
1777	206	0
1778	192	0
1779	211	0
1780	193	0
1781	186	0
1782	197	0
1783	192	0
1784	210	0
1785	207	0
1786	207	0
1787	187	0
1788	204	0
1789	195	0
1790	207	0
1791	211	0
1792	190	0
1793	202	0
1794	213	0
1795	200	0
1796	191	0
1797	177	0
1798	197	0
1799	178	0
1800	199	0
1801	202	0
1802	213	0
1803	181	0
1804	219	0
1805	205	0
1806	198	0
1807	184	0
1808	240	0
1809	204	0
1810	189	0
1811	191	0
1812	188	0
1813	209	0
1814	214	0
1815	208	0
1816	210	0
1817	216	0
1818	191	0
1819	210	0
1820	206	0
1821	236	0
1822	210	0
1823	203	0
1824	171	0
1825	207	0
1826	199	0
1827	220	0
1828	241	0
1829	186	0
1830	196	0
1831	206	0
1832	210	0
1833	213	0
1834	186	0
1835	188	0
1836	204	0
1837	212	0
1838	203	0
1839	192	0
1840	182	0
1841	175	0
1842	241	0
1843	229	0
1844	198	0
1845	185	0
1846	185	0
1847	194	0
1848	213	0
1849	220	0
1850	183	0
1851	191	0
1852	189	0
1853	202	0
1854	200	0
1855	178	0
1856	193	0
1857	194	0
1858	222	0
1859	200	0
1860	205	0
1861	213	0
1862	165	0
1863	200	0
1864	211	0
1865	200	0
1866	186	0
1867	208	0
1868	192	0
1869	210	0
1870	218	0
1871	203	0
1872	208	0
1873	200	0
1874	180	0
1875	190	0
1876	210	0
1877	207	0
1878	188	0
1879	202	0
1880	202	0
1881	207	0
1882	174	0
1883	203	0
1884	238	0
1885	172	0
1886	203	0
1887	208	0
1888	202	0
1889	195	0
1890	209	0
1891	189	0
1892	198	0
1893	203	0
1894	218	0
1895	196	0
1896	219	0
1897	186	0
1898	200	0
1899	194	0
1900	191	0
1901	211	0
1902	172	0
1903	196	0
1904	175	0
1905	177	0
1906	200	0
1907	186	0
1908	197	0
1909	207	0
1910	218	0
1911	202	0
1912	191	0
1913	208	0
1914	225	0
1915	200	0
1916	193	0
1917	176	0
1918	172	0
1919	183	0
1920	181	0
1921	195	0
1922	215	0
1923	202	0
1924	199	0
1925	187	0
1926	204	0
1927	208	0
1928	194	0
1929	214	0
1930	178	0
1931	212	0
1932	183	0
1933	199	0
1934	209	0
1935	185	0
1936	173	0
1937	201	0
1938	200	0
1939	210	0
1940	173	0
1941	196	0
1942	219	0
1943	192	0
1944	229	0
1945	202	0
1946	187	0
1947	197	0
1948	218	0
1949	206	0
1950	216	0
1951	201	0
1952	181	0
1953	202	0
1954	182	0
1955	196	0
1956	195	0
1957	187	0
1958	215	0
1959	206	0
1960	199	0
1961	221	0
1962	206	0
1963	186	0
1964	192	0
1965	207	0
1966	198	0
1967	196	0
1968	190	0
1969	179	0
1970	203	0
1971	185	0
1972	207	0
1973	187	0
1974	194	0
1975	192	0
1976	214	0
1977	182	0
1978	178	0
1979	217	0
1980	204	0
1981	209	0
1982	196	0
1983	235	0
1984	179	0
1985	191	0
1986	176	0
1987	199	0
1988	206	0
1989	184	0
1990	204	0
1991	189	0
1992	206	0
1993	160	0
1994	175	0
1995	195	0
1996	191	0
1997	213	0
1998	185	0
1999	174	0
2000	184	0
2001	189	0
2002	194	0
2003	213	0
2004	179	0
2005	199	0
2006	190	0
2007	235	0
2008	180	0
2009	192	0
2010	205	0
2011	195	0
2012	219	0
2013	182	0
2014	202	0
2015	192	0
2016	195	0
2017	198	0
2018	200	0
2019	201	0
2020	213	0
2021	204	0
2022	169	0
2023	185	0
2024	182	0
2025	185	0
2026	220	0
2027	184	0
2028	189	0
2029	193	0
2030	190	0
2031	202	0
2032	183	0
2033	181	0
2034	224	0
2035	155	0
2036	211	0
2037	216	0
2038	169	0
2039	222	0
2040	189	0
2041	185	0
2042	180	0
2043	190	0
2044	195	0
2045	203	0
2046	178	0
2047	223	0
2048	181	0
2049	198	0
2050	221	0
2051	218	0
2052	213	0
2053	190	0
2054	211	0
2055	203	0
2056	204	0
2057	207	0
2058	192	0
2059	203	0
2060	184	0
2061	197	0
2062	179	0
2063	189	0
2064	184	0
2065	224	0
2066	199	0
2067	195	0
2068	183	0
2069	202	0
2070	229	0
2071	229	0
2072	206	0
2073	206	0
2074	166	0
2075	199	0
2076	198	0
2077	195	0
2078	172	0
2079	206	0
2080	192	0
2081	192	0
2082	212	0
2083	234	0
2084	184	0
2085	188	0
2086	204	0
2087	234	0
2088	182	0
2089	206	0
2090	203	0
2091	193	0
2092	205	0
2093	192	0
2094	194	0
2095	172	0
2096	189	0
2097	199	0
2098	196	0
2099	224	0
2100	181	0
2101	199	0
2102	200	0
2103	198	0
2104	205	0
2105	192	0
2106	183	0
2107	200	0
2108	189	0
2109	194	0
2110	192	0
2111	197	0
2112	204	0
2113	183	0
2114	203	0
2115	200	0
2116	199	0
2117	195	0
2118	182	0
2119	190	0
2120	201	0
2121	204	0
2122	205	0
2123	186	0
2124	196	0
2125	198	0
2126	193	0
2127	208	0
2128	210	0
2129	197	0
2130	222	0
2131	211	0
2132	215	0
2133	203	0
2134	205	0
2135	220	0
2136	197	0
2137	223	0
2138	180	0
2139	184	0
2140	186	0
2141	171	0
2142	203	0
2143	207	0
2144	176	0
2145	174	0
2146	196	0
2147	203	0
2148	199	0
2149	225	0
2150	166	0
2151	198	0
2152	173	0
2153	197	0
2154	218	0
2155	207	0
2156	185	0
2157	171	0
2158	218	0
2159	191	0
2160	194	0
2161	206	0
2162	206	0
2163	171	0
2164	182	0
2165	213	0
2166	190	0
2167	172	0
2168	221	0
2169	193	0
2170	206	0
2171	213	0
2172	174	0
2173	203	0
2174	206	0
2175	194	0
2176	190	0
2177	193	0
2178	186	0
2179	193	0
2180	179	0
2181	212	0
2182	208	0
2183	209	0
2184	220	0
2185	210	0
2186	225	0
2187	208	0
2188	188	0
2189	189	0
2190	203	0
2191	211	0
2192	214	0
2193	177	0
2194	225	0
2195	216	0
2196	199	0
2197	200	0
2198	177	0
2199	211	0
2200	228	0
2201	187	0
2202	177	0
2203	188	0
2204	210	0
2205	181	0
2206	208	0
2207	188	0
2208	221	0
2209	208	0
2210	210	0
2211	177	0
2212	208	0
2213	201	0
2214	191	0
2215	196	0
2216	207	0
2217	213	0
2218	223	0
2219	198	0
2220	213	0
2221	192	0
2222	166	0
2223	196	0
2224	213	0
2225	211	0
2226	203	0
2227	194	0
2228	192	0
2229	218	0
2230	211	0
2231	212	0
2232	178	0
2233	183	0
2234	197	0
2235	203	0
2236	204	0
2237	217	0
2238	211	0
2239	197	0
2240	176	0
2241	196	0
2242	213	0
2243	212	0
2244	189	0
2245	196	0
2246	214	0
2247	209	0
2248	190	0
2249	211	0
2250	189	0
2251	208	0
2252	161	0
2253	206	0
2254	201	0
2255	182	0
2256	189	0
2257	191	0
2258	206	0
2259	192	0
2260	201	0
2261	189	0
2262	195	0
2263	206	0
2264	198	0
2265	203	0
2266	203	0
2267	208	0
2268	171	0
2269	187	0
2270	199	0
2271	194	0
2272	192	0
2273	199	0
2274	185	0
2275	197	0
2276	188	0
2277	201	0
2278	182	0
2279	209	0
2280	181	0
2281	200	0
2282	184	0
2283	210	0
2284	207	0
2285	208	0
2286	180	0
2287	202	0
2288	183	0
2289	207	0
2290	210	0
2291	194	0
2292	202	0
2293	213	0
2294	196	0
2295	191	0
2296	214	0
2297	187	0
2298	179	0
2299	180	0
2300	214	0
2301	199	0
2302	184	0
2303	205	0
2304	201	0
2305	189	0
2306	186	0
2307	197	0
2308	199	0
2309	182	0
2310	211	0
2311	205	0
2312	188	0
2313	202	0
2314	223	0
2315	209	0
2316	199	0
2317	169	0
2318	182	0
2319	211	0
2320	206	0
2321	178	0
2322	217	0
2323	180	0
2324	175	0
2325	203	0
2326	176	0
2327	197	0
2328	195	0
2329	183	0
2330	205	0
2331	184	0
2332	191	0
2333	216	0
2334	207	0
2335	186	0
2336	208	0
2337	215	0
2338	218	0
2339	193	0
2340	208	0
2341	199	0
2342	232	0
2343	185	0
2344	201	0
2345	219	0
2346	211	0
2347	207	0
2348	203	0
2349	215	0
2350	200	0
2351	228	0
2352	209	0
2353	196	0
2354	221	0
2355	209	0
2356	192	0
2357	187	0
2358	194	0
2359	189	0
2360	228	0
2361	206	0
2362	205	0
2363	177	0
2364	202	0
2365	174	0
2366	225	0
2367	202	0
2368	206	0
2369	195	0
2370	191	0
2371	221	0
2372	186	0
2373	176	0
2374	189	0
2375	185	0
2376	200	0
2377	182	0
2378	189	0
2379	194	0
2380	182	0
2381	208	0
2382	196	0
2383	215	0
2384	177	0
2385	187	0
2386	196	0
2387	216	0
2388	203	0
2389	226	0
2390	186	0
2391	199	0
2392	214	0
2393	219	0
2394	207	0
2395	227	0
2396	202	0
2397	192	0
2398	199	0
2399	181	0
2400	177	0
2401	187	0
2402	200	0
2403	192	0
2404	191	0
2405	223	0
2406	190	0
2407	163	0
2408	218	0
2409	246	0
2410	200	0
2411	210	0
2412	201	0
2413	185	0
2414	196	0
2415	189	0
2416	175	0
2417	211	0
2418	179	0
2419	188	0
2420	207	0
2421	197	0
2422	202	0
2423	211	0
2424	227	0
2425	217	0
2426	206	0
2427	180	0
2428	178	0
2429	191	0
2430	188	0
2431	216	0
2432	172	0
2433	172	0
2434	189	0
2435	206	0
2436	194	0
2437	200	0
2438	194	0
2439	194	0
2440	208	0
2441	194	0
2442	179	0
2443	230	0
2444	210	0
2445	190	0
2446	225	0
2447	206	0
2448	226	0
2449	219	0
2450	200	0
2451	204	0
2452	199	0
2453	200	0
2454	211	0
2455	200	0
2456	205	0
2457	193	0
2458	173	0
2459	203	0
2460	222	0
2461	231	0
2462	197	0
2463	220	0
2464	184	0
2465	189	0
2466	204	0
2467	183	0
2468	217	0
2469	192	0
2470	222	0
2471	195	0
2472	182	0
2473	204	0
2474	186	0
2475	194	0
2476	170	0
2477	235	0
2478	206	0
2479	222	0
2480	218	0
2481	184	0
2482	199	0
2483	193	0
2484	181	0
2485	189	0
2486	197	0
2487	201	0
2488	208	0
2489	201	0
2490	187	0
2491	210	0
2492	196	0
2493	200	0
2494	181	0
2495	201	0
2496	206	0
2497	191	0
2498	207	0
2499	218	0
2500	215	0
2501	192	0
2502	209	0
2503	205	0
2504	181	0
2505	197	0
2506	205	0
2507	207	0
2508	179	0
2509	211	0
2510	220	0
2511	188	0
2512	190	0
2513	218	0
2514	219	0
2515	182	0
2516	201	0
2517	198	0
2518	197	0
2519	216	0
2520	184	0
2521	191	0
2522	213	0
2523	203	0
2524	186	0
2525	213	0
2526	200	0
2527	189	0
2528	202	0
2529	214	0
2530	206	0
2531	206	0
2532	184	0
2533	212	0
2534	205	0
2535	208	0
2536	192	0
2537	201	0
2538	227	0
2539	193	0
2540	206	0
2541	188	0
2542	184	0
2543	193	0
2544	194	0
2545	208	0
2546	209	0
2547	193	0
2548	225	0
2549	184	0
2550	228	0
2551	190	0
2552	197	0
2553	189	0
2554	176	0
2555	205	0
2556	223	0
2557	199	0
2558	198	0
2559	202	0
2560	210	0
2561	190	0
2562	195	0
2563	190	0
2564	185	0
2565	189	0
2566	179	0
2567	194	0
2568	211	0
2569	192	0
2570	200	0
2571	223	0
2572	173	0
2573	196	0
2574	179	0
2575	202	0
2576	229	0
2577	173	0
2578	195	0
2579	183	0
2580	196	0
2581	190	0
2582	186	0
2583	210	0
2584	234	0
2585	207	0
2586	219	0
2587	192	0
2588	213	0
2589	203	0
2590	199	0
2591	199	0
2592	211	0
2593	198	0
2594	208	0
2595	209	0
2596	191	0
2597	194	0
2598	223	0
2599	182	0
2600	184	0
2601	207	0
2602	185	0
2603	191	0
2604	215	0
2605	223	0
2606	198	0
2607	173	0
2608	186	0
2609	193	0
2610	209	0
2611	190	0
2612	232	0
2613	207	0
2614	224	0
2615	191	0
2616	205	0
2617	192	0
2618	181	0
2619	185	0
2620	188	0
2621	180	0
2622	212	0
2623	193	0
2624	176	0
2625	215	0
2626	188	0
2627	204	0
2628	209	0
2629	185	0
2630	191	0
2631	191	0
2632	198	0
2633	203	0
2634	192	0
2635	183	0
2636	197	0
2637	195	0
2638	191	0
2639	194	0
2640	195	0
2641	215	0
2642	176	0
2643	214	0
2644	217	0
2645	201	0
2646	235	0
2647	171	0
2648	183	0
2649	197	0
2650	203	0
2651	183	0
2652	184	0
2653	172	0
2654	200	0
2655	199	0
2656	179	0
2657	198	0
2658	203	0
2659	207	0
2660	187	0
2661	191	0
2662	182	0
2663	205	0
2664	208	0
2665	193	0
2666	218	0
2667	183	0
2668	187	0
2669	207	0
2670	194	0
2671	218	0
2672	201	0
2673	208	0
2674	159	0
2675	208	0
2676	203	0
2677	198	0
2678	213	0
2679	203	0
2680	211	0
2681	227	0
2682	198	0
2683	203	0
2684	186	0
2685	208	0
2686	190	0
2687	225	0
2688	201	0
2689	185	0
2690	231	0
2691	188	0
2692	220	0
2693	209	0
2694	203	0
2695	205	0
2696	165	0
2697	211	0
2698	231	0
2699	178	0
2700	194	0
2701	181	0
2702	219	0
2703	184	0
2704	202	0
2705	209	0
2706	189	0
2707	197	0
2708	192	0
2709	194	0
2710	188	0
2711	189	0
2712	197	0
2713	190	0
2714	201	0
2715	217	0
2716	187	0
2717	192	0
2718	220	0
2719	188	0
2720	226	0
2721	206	0
2722	199	0
2723	221	0
2724	232	0
2725	195	0
2726	185	0
2727	214	0
2728	192	0
2729	222	0
2730	211	0
2731	196	0
2732	180	0
2733	182	0
2734	171	0
2735	215	0
2736	198	0
2737	200	0
2738	182	0
2739	199	0
2740	209	0
2741	204	0
2742	220	0
2743	224	0
2744	212	0
2745	177	0
2746	197	0
2747	184	0
2748	209	0
2749	187	0
2750	178	0
2751	190	0
2752	198	0
2753	187	0
2754	188	0
2755	212	0
2756	182	0
2757	175	0
2758	217	0
2759	209	0
2760	200	0
2761	186	0
2762	204	0
2763	206	0
2764	189	0
2765	220	0
2766	189	0
2767	195	0
2768	205	0
2769	202	0
2770	210	0
2771	208	0
2772	189	0
2773	194	0
2774	196	0
2775	188	0
2776	186	0
2777	192	0
2778	183	0
2779	224	0
2780	181	0
2781	178	0
2782	191	0
2783	218	0
2784	200	0
2785	204	0
2786	194	0
2787	206	0
2788	188	0
2789	201	0
2790	216	0
2791	221	0
2792	205	0
2793	204	0
2794	181	0
2795	203	0
2796	207	0
2797	200	0
2798	197	0
2799	201	0
2800	186	0
2801	173	0
2802	219	0
2803	198	0
2804	216	0
2805	222	0
2806	212	0
2807	206	0
2808	186	0
2809	211	0
2810	181	0
2811	230	0
2812	182	0
2813	212	0
2814	205	0
2815	170	0
2816	169	0
2817	217	0
2818	182	0
2819	208	0
2820	202	0
2821	205	0
2822	204	0
2823	195	0
2824	173	0
2825	178	0
2826	198	0
2827	179	0
2828	191	0
2829	195	0
2830	199	0
2831	194	0
2832	197	0
2833	195	0
2834	210	0
2835	211	0
2836	189	0
2837	202	0
2838	202	0
2839	202	0
2840	201	0
2841	211	0
2842	202	0
2843	192	0
2844	189	0
2845	192	0
2846	224	0
2847	208	0
2848	168	0
2849	196	0
2850	222	0
2851	200	0
2852	188	0
2853	205	0
2854	186	0
2855	215	0
2856	188	0
2857	219	0
2858	203	0
2859	208	0
2860	209	0
2861	196	0
2862	198	0
2863	188	0
2864	202	0
2865	187	0
2866	210	0
2867	233	0
2868	193	0
2869	202	0
2870	215	0
2871	186	0
2872	231	0
2873	213	0
2874	199	0
2875	221	0
2876	209	0
2877	214	0
2878	223	0
2879	204	0
2880	222	0
2881	203	0
2882	190	0
2883	191	0
2884	199	0
2885	194	0
2886	214	0
2887	198	0
2888	216	0
2889	203	0
2890	199	0
2891	186	0
2892	215	0
2893	200	0
2894	199	0
2895	189	0
2896	196	0
2897	216	0
2898	221	0
2899	199	0
2900	202	0
2901	213	0
2902	196	0
2903	246	0
2904	184	0
2905	191	0
2906	189	0
2907	198	0
2908	203	0
2909	199	0
2910	183	0
2911	196	0
2912	196	0
2913	209	0
2914	218	0
2915	202	0
2916	194	0
2917	198	0
2918	182	0
2919	209	0
2920	201	0
2921	199	0
2922	217	0
2923	221	0
2924	159	0
2925	203	0
2926	187	0
2927	227	0
2928	205	0
2929	203	0
2930	208	0
2931	217	0
2932	197	0
2933	192	0
2934	202	0
2935	204	0
2936	216	0
2937	197	0
2938	192	0
2939	189	0
2940	189	0
2941	200	0
2942	187	0
2943	208	0
2944	194	0
2945	236	0
2946	196	0
2947	200	0
2948	192	0
2949	200	0
2950	224	0
2951	228	0
2952	215	0
2953	181	0
2954	197	0
2955	194	0
2956	212	0
2957	207	0
2958	201	0
2959	214	0
2960	197	0
2961	183	0
2962	197	0
2963	209	0
2964	200	0
2965	212	0
2966	187	0
2967	197	0
2968	196	0
2969	226	0
2970	213	0
2971	213	0
2972	209	0
2973	180	0
2974	192	0
2975	198	0
2976	169	0
2977	192	0
2978	193	0
2979	181	0
2980	212	0
2981	204	0
2982	216	0
2983	171	0
2984	207	0
2985	218	0
2986	194	0
2987	186	0
2988	222	0
2989	208	0
2990	182	0
2991	233	0
2992	198	0
2993	199	0
2994	203	0
2995	213	0
2996	168	0
2997	186	0
2998	187	0
2999	188	0
3000	175	0
