1	198	0
2	199	0
3	189	0
4	198	0
5	226	0
6	195	0
7	199	0
8	220	0
9	196	0
10	167	0
11	193	0
12	217	0
13	204	0
14	164	0
15	213	0
16	205	0
17	173	0
18	184	0
19	199	0
20	190	0
21	180	0
22	222	0
23	212	0
24	185	0
25	224	0
26	215	0
27	196	0
28	190	0
29	194	0
30	207	0
31	204	0
32	196	0
33	206	0
34	192	0
35	199	0
36	221	0
37	199	0
38	203	0
39	195	0
40	189	0
41	201	0
42	220	0
43	214	0
44	191	0
45	185	0
46	195	0
47	202	0
48	184	0
49	216	0
50	196	0
51	199	0
52	224	0
53	176	0
54	199	0
55	200	0
56	169	0
57	222	0
58	185	0
59	203	0
60	204	0
61	207	0
62	203	0
63	177	0
64	198	0
65	168	0
66	206	0
67	196	0
68	203	0
69	215	0
70	228	0
71	202	0
72	188	0
73	206	0
74	221	0
75	208	0
76	224	0
77	183	0
78	186	0
79	214	0
80	203	0
81	188	0
82	193	0
83	200	0
84	181	0
85	187	0
86	187	0
87	198	0
88	189	0
89	211	0
90	193	0
91	191	0
92	222	0
93	208	0
94	214	0
95	212	0
96	179	0
97	201	0
98	180	0
99	189	0
100	189	0
101	203	0
102	202	0
103	206	0
104	208	0
105	191	0
106	188	0
107	207	0
108	183	0
109	202	0
110	219	0
111	199	0
112	191	0
113	199	0
114	211	0
115	178	0
116	225	0
117	214	0
118	191	0
119	193	0
120	191	0
121	202	0
122	223	0
123	185	0
124	207	0
125	210	0
126	213	0
127	190	0
128	210	0
129	202	0
130	206	0
131	190	0
132	198	0
133	192	0
134	192	0
135	230	0
136	209	0
137	193	0
138	189	0
139	191	0
140	192	0
141	181	0
142	188	0
143	225	0
144	202	0
145	182	0
146	232	0
147	221	0
148	181	0
149	190	0
150	193	0
151	215	0
152	198	0
153	191	0
154	215	0
155	191	0
156	192	0
157	235	0
158	218	0
159	205	0
160	207	0
161	192	0
162	224	0
163	206	0
164	207	0
165	200	0
166	150	0
167	206	0
168	211	0
169	198	0
170	205	0
171	194	0
172	215	0
173	193	0
174	200	0
175	181	0
176	201	0
177	181	0
178	190	0
179	194	0
180	197	0
181	220	0
182	217	0
183	209	0
184	225	0
185	203	0
186	214	0
187	200	0
188	193	0
189	178	0
190	211	0
191	206	0
192	201	0
193	178	0
194	211	0
195	212	0
196	187	0
197	193	0
198	181	0
199	201	0
200	204	0
201	188	0
202	220	0
203	185	0
204	180	0
205	191	0
206	173	0
207	210	0
208	229	0
209	205	0
210	202	0
211	169	0
212	183	0
213	193	0
214	214	0
215	183	0
216	196	0
217	205	0
218	229	0
219	195	0
220	197	0
221	212	0
222	215	0
223	207	0
224	206	0
225	204	0
226	209	0
227	208	0
228	192	0
229	217	0
230	222	0
231	215	0
232	187	0
233	203	0
234	189	0
235	208	0
236	222	0
237	212	0
238	188	0
239	191	0
240	177	0
241	196	0
242	174	0
243	179	0
244	195	0
245	209	0
246	206	0
247	188	0
248	185	0
249	191	0
250	199	0
251	198	0
252	193	0
253	200	0
254	180	0
255	196	0
256	191	0
257	202	0
258	215	0
259	222	0
260	198	0
261	192	0
262	200	0
263	218	0
264	181	0
265	219	0
266	210	0
267	170	0
268	200	0
269	193	0
270	201	0
271	198	0
272	227	0
273	200	0
274	187	0
275	190	0
276	225	0
277	224	0
278	188	0
279	216	0
280	191	0
281	222	0
282	217	0
283	225	0
284	201	0
285	219	0
286	195	0
287	203	0
288	197	0
289	185	0
290	209	0
291	177	0
292	195	0
293	210	0
294	229	0
295	200	0
296	197	0
297	198	0
298	201	0
299	196	0
300	196	0
301	194	0
302	181	0
303	208	0
304	218	0
305	204	0
306	209	0
307	237	0
308	205	0
309	218	0
310	200	0
311	198	0
312	210	0
313	209	0
314	176	0
315	218	0
316	180	0
317	181	0
318	194	0
319	187	0
320	201	0
321	211	0
322	201	0
323	198	0
324	219	0
325	181	0
326	193	0
327	203	0
328	185	0
329	224	0
330	177	0
331	207	0
332	192	0
333	205	0
334	212	0
335	225	0
336	180	0
337	188	0
338	187	0
339	177	0
340	203	0
341	223	0
342	197	0
343	181	0
344	171	0
345	197	0
346	224	0
347	199	0
348	202	0
349	169	0
350	223	0
351	209	0
352	209	0
353	203	0
354	196	0
355	188	0
356	198	0
357	198	0
358	214	0
359	204	0
360	192	0
361	213	0
362	223	0
363	223	0
364	202	0
365	180	0
366	190	0
367	199	0
368	203	0
369	210	0
370	202	0
371	215	0
372	204	0
373	190	0
374	202	0
375	229	0
376	216	0
377	202	0
378	206	0
379	179	0
380	206	0
381	204	0
382	201	0
383	195	0
384	195	0
385	175	0
386	193	0
387	210	0
388	204	0
389	196	0
390	190	0
391	220	0
392	222	0
393	207	0
394	210	0
395	194	0
396	183	0
397	201	0
398	206	0
399	197	0
400	212	0
401	195	0
402	182	0
403	189	0
404	222	0
405	250	0
406	219	0
407	217	0
408	202	0
409	172	0
410	194	0
411	216	0
412	204	0
413	199	0
414	192	0
415	192	0
416	182	0
417	209	0
418	224	0
419	182	0
420	195	0
421	209	0
422	207	0
423	201	0
424	202	0
425	209	0
426	222	0
427	208	0
428	191	0
429	212	0
430	208	0
431	196	0
432	186	0
433	220	0
434	201	0
435	210	0
436	207	0
437	209	0
438	173	0
439	197	0
440	210	0
441	211	0
442	211	0
443	192	0
444	192	0
445	210	0
446	192	0
447	194	0
448	208	0
449	221	0
450	167	0
451	213	0
452	192	0
453	191	0
454	203	0
455	202	0
456	190	0
457	189	0
458	196	0
459	198	0
460	204	0
461	197	0
462	211	0
463	213	0
464	191	0
465	204	0
466	203	0
467	208	0
468	203	0
469	229	0
470	169	0
471	186	0
472	183	0
473	198	0
474	182	0
475	218	0
476	202	0
477	213	0
478	201	0
479	204	0
480	189	0
481	187	0
482	210	0
483	211	0
484	206	0
485	218	0
486	206	0
487	187	0
488	210	0
489	213	0
490	194	0
491	204	0
492	193	0
493	188	0
494	215	0
495	217	0
496	203	0
497	213	0
498	207	0
499	187	0
500	198	0
501	179	0
502	184	0
503	204	0
504	200	0
505	198	0
506	189	0
507	163	0
508	166	0
509	182	0
510	226	0
511	198	0
512	199	0
513	191	0
514	213	0
515	191	0
516	221	0
517	192	0
518	172	0
519	194	0
520	199	0
521	201	0
522	212	0
523	200	0
524	212	0
525	202	0
526	186	0
527	177	0
528	203	0
529	173	0
530	188	0
531	183	0
532	206	0
533	212	0
534	214	0
535	213	0
536	206	0
537	190	0
538	193	0
539	167	0
540	198	0
541	197	0
542	209	0
543	191	0
544	194	0
545	197	0
546	202	0
547	202	0
548	200	0
549	218	0
550	208	0
551	197	0
552	203	0
553	215	0
554	216	0
555	198	0
556	197	0
557	182	0
558	222	0
559	200	0
560	197	0
561	188	0
562	184	0
563	189	0
564	209	0
565	208	0
566	211	0
567	189	0
568	207	0
569	219	0
570	207	0
571	207	0
572	184	0
573	196	0
574	181	0
575	220	0
576	218	0
577	205	0
578	188	0
579	183	0
580	218	0
581	207	0
582	231	0
583	190	0
584	198	0
585	205	0
586	167	0
587	200	0
588	189	0
589	219	0
590	194	0
591	193	0
592	231	0
593	192	0
594	199	0
595	215	0
596	226	0
597	217	0
598	191	0
599	198	0
600	175	0
601	204	0
602	214	0
603	209	0
604	201	0
605	205	0
606	203	0
607	213	0
608	209	0
609	199	0
610	210	0
611	201	0
612	208	0
613	172	0
614	185	0
615	225	0
616	215	0
617	205	0
618	212	0
619	197	0
620	200	0
621	180	0
622	204	0
623	197	0
624	184	0
625	198	0
626	215	0
627	180	0
628	201	0
629	190	0
630	211	0
631	205	0
632	196	0
633	213	0
634	172	0
635	222	0
636	216	0
637	179	0
638	190	0
639	204	0
640	212	0
641	182	0
642	181	0
643	197	0
644	204	0
645	181	0
646	202	0
647	188	0
648	203	0
649	192	0
650	192	0
651	161	0
652	203	0
653	209	0
654	223	0
655	213	0
656	214	0
657	194	0
658	174	0
659	199	0
660	208	0
661	193	0
662	213	0
663	200	0
664	213	0
665	196	0
666	199	0
667	213	0
668	188	0
669	234	0
670	224	0
671	227	0
672	192	0
673	194	0
674	165	0
675	200	0
676	187	0
677	209	0
678	208	0
679	211	0
680	206	0
681	223	0
682	222	0
683	207	0
684	201	0
685	194	0
686	212	0
687	192	0
688	189	0
689	191	0
690	201	0
691	210	0
692	163	0
693	200	0
694	181	0
695	233	0
696	218	0
697	208	0
698	184	0
699	180	0
700	210	0
701	190	0
702	202	0
703	234	0
704	184	0
705	187	0
706	217	0
707	168	0
708	188	0
709	217	0
710	186	0
711	187	0
712	213	0
713	213	0
714	194	0
715	201	0
716	186	0
717	201	0
718	215	0
719	194	0
720	210	0
721	198	0
722	189	0
723	183	0
724	214	0
725	208	0
726	176	0
727	190	0
728	195	0
729	223	0
730	221	0
731	199	0
732	205	0
733	187	0
734	176	0
735	207	0
736	201	0
737	181	0
738	227	0
739	207	0
740	191	0
741	178	0
742	203	0
743	218	0
744	221	0
745	203	0
746	214	0
747	199	0
748	189	0
749	211	0
750	204	0
751	211	0
752	214	0
753	177	0
754	219	0
755	170	0
756	193	0
757	199	0
758	203	0
759	200	0
760	186	0
761	146	0
762	195	0
763	195	0
764	203	0
765	200	0
766	200	0
767	203	0
768	200	0
769	198	0
770	202	0
771	195	0
772	206	0
773	198	0
774	220	0
775	205	0
776	178	0
777	209	0
778	217	0
779	215	0
780	189	0
781	193	0
782	210	0
783	223	0
784	182	0
785	205	0
786	201	0
787	188	0
788	202	0
789	172	0
790	231	0
791	211	0
792	221	0
793	190	0
794	203	0
795	200	0
796	176	0
797	191	0
798	200	0
799	179	0
800	174	0
801	187	0
802	194	0
803	208	0
804	191	0
805	184	0
806	203	0
807	195	0
808	218	0
809	202	0
810	199	0
811	183	0
812	190	0
813	215	0
814	207	0
815	210	0
816	210	0
817	197	0
818	213	0
819	200	0
820	208	0
821	178	0
822	198	0
823	214	0
824	190	0
825	198	0
826	172	0
827	195	0
828	210	0
829	191	0
830	176	0
831	192	0
832	199	0
833	197	0
834	202	0
835	199	0
836	212	0
837	212	0
838	221	0
839	176	0
840	198	0
841	200	0
842	180	0
843	223	0
844	201	0
845	215	0
846	226	0
847	201	0
848	234	0
849	207	0
850	219	0
851	184	0
852	201	0
853	189	0
854	173	0
855	211	0
856	199	0
857	189	0
858	196	0
859	187	0
860	206	0
861	210	0
862	206	0
863	201	0
864	202	0
865	216	0
866	197	0
867	185	0
868	188	0
869	203	0
870	189	0
871	186	0
872	196	0
873	203	0
874	175	0
875	185	0
876	217	0
877	244	0
878	206	0
879	178	0
880	193	0
881	204	0
882	223	0
883	198	0
884	206	0
885	204	0
886	168	0
887	186	0
888	227	0
889	186	0
890	217	0
891	207	0
892	189	0
893	206	0
894	211	0
895	209	0
896	194	0
897	206	0
898	220	0
899	197	0
900	207	0
901	199	0
902	157	0
903	211	0
904	190	0
905	197	0
906	210	0
907	185	0
908	218	0
909	194	0
910	198	0
911	222	0
912	179	0
913	206	0
914	207	0
915	202	0
916	220	0
917	220	0
918	213	0
919	177	0
920	199	0
921	180	0
922	197	0
923	188	0
924	203	0
925	197	0
926	198	0
927	201	0
928	197	0
929	188	0
930	195	0
931	182	0
932	205	0
933	215	0
934	206	0
935	219	0
936	193	0
937	236	0
938	172	0
939	208	0
940	199	0
941	236	0
942	192	0
943	207	0
944	193	0
945	186	0
946	202	0
947	183	0
948	210	0
949	220	0
950	210	0
951	208	0
952	212	0
953	209	0
954	198	0
955	207	0
956	213	0
957	213	0
958	205	0
959	229	0
960	216	0
961	203	0
962	180	0
963	206	0
964	207	0
965	194	0
966	208	0
967	194	0
968	198	0
969	209	0
970	220	0
971	213	0
972	197	0
973	222	0
974	211	0
975	197	0
976	197	0
977	207	0
978	207	0
979	227	0
980	190	0
981	200	0
982	200	0
983	196	0
984	184	0
985	177	0
986	207	0
987	194	0
988	210	0
989	229	0
990	202	0
991	205	0
992	207	0
993	218	0
994	200	0
995	217	0
996	171	0
997	222	0
998	183	0
999	192	0
1000	205	0
1001	194	0
1002	200	0
1003	200	0
1004	223	0
1005	206	0
1006	212	0
1007	209	0
1008	177	0
1009	190	0
1010	182	0
1011	184	0
1012	216	0
1013	183	0
1014	192	0
1015	189	0
1016	196	0
1017	198	0
1018	183	0
1019	213	0
1020	193	0
1021	203	0
1022	217	0
1023	200	0
1024	204	0
1025	185	0
1026	200	0
1027	208	0
1028	176	0
1029	210	0
1030	204	0
1031	214	0
1032	198	0
1033	193	0
1034	194	0
1035	191	0
1036	201	0
1037	191	0
1038	217	0
1039	196	0
1040	192	0
1041	208	0
1042	195	0
1043	227	0
1044	204	0
1045	218	0
1046	225	0
1047	194	0
1048	215	0
1049	193	0
1050	220	0
1051	209	0
1052	203	0
1053	202	0
1054	199	0
1055	193	0
1056	209	0
1057	191	0
1058	223	0
1059	191	0
1060	210	0
1061	223	0
1062	211	0
1063	196	0
1064	190	0
1065	197	0
1066	236	0
1067	211	0
1068	213	0
1069	215	0
1070	212	0
1071	200	0
1072	205	0
1073	186	0
1074	184	0
1075	208	0
1076	176	0
1077	197	0
1078	189	0
1079	199	0
1080	197	0
1081	210	0
1082	176	0
1083	188	0
1084	178	0
1085	206	0
1086	215	0
1087	213	0
1088	209	0
1089	201	0
1090	205	0
1091	179	0
1092	196	0
1093	202	0
1094	199	0
1095	209	0
1096	186	0
1097	219	0
1098	193	0
1099	214	0
1100	202	0
1101	195	0
1102	191	0
1103	234	0
1104	210	0
1105	192	0
1106	194	0
1107	204	0
1108	201	0
1109	219	0
1110	206	0
1111	202	0
1112	190	0
1113	223	0
1114	199	0
1115	224	0
1116	197	0
1117	192	0
1118	208	0
1119	191	0
1120	186	0
1121	213	0
1122	205	0
1123	206	0
1124	205	0
1125	199	0
1126	184	0
1127	193	0
1128	201	0
1129	200	0
1130	187	0
1131	192	0
1132	192	0
1133	195	0
1134	191	0
1135	185	0
1136	189	0
1137	184	0
1138	168	0
1139	206	0
1140	183	0
1141	202	0
1142	215	0
1143	187	0
1144	192	0
1145	188	0
1146	216	0
1147	220	0
1148	214	0
1149	209	0
1150	193	0
1151	216	0
1152	241	0
1153	212	0
1154	194	0
1155	177	0
1156	218	0
1157	157	0
1158	205	0
1159	201	0
1160	198	0
1161	231	0
1162	211	0
1163	177	0
1164	205	0
1165	211	0
1166	185	0
1167	216	0
1168	223	0
1169	205	0
1170	193	0
1171	195	0
1172	209	0
1173	229	0
1174	207	0
1175	189	0
1176	242	0
1177	194	0
1178	206	0
1179	209	0
1180	187	0
1181	228	0
1182	226	0
1183	203	0
1184	220	0
1185	206	0
1186	208	0
1187	189	0
1188	193	0
1189	219	0
1190	171	0
1191	190	0
1192	199	0
1193	217	0
1194	211	0
1195	215	0
1196	221	0
1197	172	0
1198	186	0
1199	214	0
1200	211	0
1201	189	0
1202	179	0
1203	201	0
1204	197	0
1205	175	0
1206	199	0
1207	209	0
1208	168	0
1209	185	0
1210	213	0
1211	186	0
1212	203	0
1213	200	0
1214	195	0
1215	219	0
1216	169	0
1217	200	0
1218	220	0
1219	173	0
1220	223	0
1221	213	0
1222	209	0
1223	212	0
1224	218	0
1225	195	0
1226	167	0
1227	214	0
1228	210	0
1229	224	0
1230	175	0
1231	185	0
1232	185	0
1233	217	0
1234	192	0
1235	218	0
1236	190	0
1237	218	0
1238	200	0
1239	208	0
1240	213	0
1241	197	0
1242	189	0
1243	199	0
1244	194	0
1245	204	0
1246	222	0
1247	180	0
1248	215	0
1249	216	0
1250	218	0
1251	191	0
1252	230	0
1253	200	0
1254	220	0
1255	211	0
1256	191	0
1257	176	0
1258	208	0
1259	198	0
1260	210	0
1261	182	0
1262	235	0
1263	212	0
1264	225	0
1265	196	0
1266	207	0
1267	202	0
1268	184	0
1269	163	0
1270	186	0
1271	227	0
1272	170	0
1273	221	0
1274	215	0
1275	193	0
1276	213	0
1277	182	0
1278	209	0
1279	214	0
1280	209	0
1281	187	0
1282	192	0
1283	188	0
1284	182	0
1285	204	0
1286	195	0
1287	193	0
1288	192	0
1289	193	0
1290	204	0
1291	201	0
1292	220	0
1293	177	0
1294	190	0
1295	211	0
1296	205	0
1297	215	0
1298	212	0
1299	192	0
1300	192	0
1301	219	0
1302	192	0
1303	187	0
1304	203	0
1305	193	0
1306	188	0
1307	196	0
1308	192	0
1309	198	0
1310	191	0
1311	208	0
1312	215	0
1313	213	0
1314	219	0
1315	178	0
1316	216	0
1317	204	0
1318	199	0
1319	207	0
1320	208	0
1321	201	0
1322	194	0
1323	205	0
1324	203	0
1325	216	0
1326	195	0
1327	193	0
1328	207	0
1329	190	0
1330	232	0
1331	208	0
1332	253	0
1333	197	0
1334	195	0
1335	200	0
1336	203	0
1337	222	0
1338	217	0
1339	216	0
1340	207	0
1341	213	0
1342	227	0
1343	201	0
1344	191	0
1345	187	0
1346	207	0
1347	229	0
1348	207	0
1349	201	0
1350	212	0
1351	216	0
1352	172	0
1353	204	0
1354	200	0
1355	204	0
1356	194	0
1357	176	0
1358	228	0
1359	188	0
1360	208	0
1361	207	0
1362	209	0
1363	176	0
1364	198	0
1365	202	0
1366	195	0
1367	225	0
1368	217	0
1369	207	0
1370	189	0
1371	208	0
1372	217	0
1373	212	0
1374	198	0
1375	183	0
1376	175	0
1377	190	0
1378	168	0
1379	204	0
1380	175	0
1381	219	0
1382	175	0
1383	186	0
1384	209	0
1385	211	0
1386	199	0
1387	207	0
1388	197	0
1389	209	0
1390	188	0
1391	223	0
1392	203	0
1393	191	0
1394	196	0
1395	210	0
1396	202	0
1397	204	0
1398	197	0
1399	190	0
1400	193	0
1401	213	0
1402	214	0
1403	190	0
1404	167	0
1405	209	0
1406	197	0
1407	214	0
1408	204	0
1409	199	0
1410	211	0
1411	204	0
1412	203	0
1413	180	0
1414	209	0
1415	191	0
1416	183	0
1417	208	0
1418	206	0
1419	174	0
1420	192	0
1421	212	0
1422	208	0
1423	188	0
1424	213	0
1425	193	0
1426	213	0
1427	183	0
1428	230	0
1429	226	0
1430	168	0
1431	206	0
1432	218	0
1433	203	0
1434	215	0
1435	197	0
1436	212	0
1437	207	0
1438	188	0
1439	191	0
1440	199	0
1441	218	0
1442	192	0
1443	198	0
1444	214	0
1445	184	0
1446	196	0
1447	203	0
1448	199	0
1449	184	0
1450	196	0
1451	197	0
1452	195	0
1453	206	0
1454	201	0
1455	186	0
1456	189	0
1457	216	0
1458	193	0
1459	186	0
1460	212	0
1461	202	0
1462	186	0
1463	198	0
1464	190	0
1465	218	0
1466	189	0
1467	210	0
1468	159	0
1469	190	0
1470	218	0
1471	231	0
1472	156	0
1473	188	0
1474	176	0
1475	203	0
1476	179	0
1477	195	0
1478	200	0
1479	183	0
1480	190	0
1481	189	0
1482	185	0
1483	207	0
1484	215	0
1485	169	0
1486	192	0
1487	186	0
1488	202	0
1489	230	0
1490	198	0
1491	197	0
1492	190	0
1493	177	0
1494	205	0
1495	203	0
1496	210	0
1497	191	0
1498	189	0
1499	184	0
1500	192	0
1501	228	0
1502	204	0
1503	223	0
1504	210	0
1505	211	0
1506	191	0
1507	232	0
1508	216	0
1509	202	0
1510	224	0
1511	198	0
1512	213	0
1513	175	0
1514	196	0
1515	181	0
1516	189	0
1517	191	0
1518	220	0
1519	224	0
1520	202	0
1521	175	0
1522	199	0
1523	192	0
1524	180	0
1525	210	0
1526	184	0
1527	195	0
1528	196	0
1529	213	0
1530	226	0
1531	192	0
1532	184	0
1533	201	0
1534	172	0
1535	220	0
1536	192	0
1537	216	0
1538	211	0
1539	195	0
1540	206	0
1541	228	0
1542	174	0
1543	200	0
1544	176	0
1545	186	0
1546	219	0
1547	208	0
1548	215	0
1549	179	0
1550	213	0
1551	195	0
1552	184	0
1553	188	0
1554	177	0
1555	191	0
1556	201	0
1557	190	0
1558	190	0
1559	193	0
1560	205	0
1561	196	0
1562	220	0
1563	204	0
1564	202	0
1565	201	0
1566	210	0
1567	193	0
1568	198	0
1569	205	0
1570	207	0
1571	203	0
1572	194	0
1573	225	0
1574	210	0
1575	195	0
1576	231	0
1577	179	0
1578	194	0
1579	168	0
1580	191	0
1581	211	0
1582	227	0
1583	200	0
1584	200	0
1585	230	0
1586	199	0
1587	203	0
1588	209	0
1589	213	0
1590	185	0
1591	207	0
1592	214	0
1593	213	0
1594	193	0
1595	176	0
1596	189	0
1597	201	0
1598	195	0
1599	195	0
1600	203	0
1601	218	0
1602	213	0
1603	180	0
1604	198	0
1605	197	0
1606	226	0
1607	185	0
1608	206	0
1609	208	0
1610	207	0
1611	225	0
1612	193	0
1613	208	0
1614	196	0
1615	203	0
1616	189	0
1617	197	0
1618	204	0
1619	199	0
1620	204	0
1621	221	0
1622	205	0
1623	190	0
1624	186	0
1625	191	0
1626	218	0
1627	207	0
1628	206	0
1629	190	0
1630	188	0
1631	204	0
1632	202	0
1633	203	0
1634	185	0
1635	192	0
1636	195	0
1637	210	0
1638	190	0
1639	203	0
1640	226	0
1641	191	0
1642	197	0
1643	206	0
1644	199	0
1645	217	0
1646	188	0
1647	211	0
1648	190	0
1649	186	0
1650	198	0
1651	180	0
1652	211	0
1653	202	0
1654	199	0
1655	209	0
1656	212	0
1657	188	0
1658	219	0
1659	225	0
1660	200	0
1661	186	0
1662	213	0
1663	187	0
1664	209	0
1665	220	0
1666	183	0
1667	206	0
1668	193	0
1669	220	0
1670	226	0
1671	204	0
1672	171	0
1673	199	0
1674	198	0
1675	204	0
1676	190	0
1677	222	0
1678	195	0
1679	208	0
1680	208	0
1681	198	0
1682	194	0
1683	208	0
1684	178	0
1685	205	0
1686	203	0
1687	180	0
1688	189	0
1689	185	0
1690	223	0
1691	198	0
1692	228	0
1693	174	0
1694	244	0
1695	214	0
1696	202	0
1697	182	0
1698	203	0
1699	187	0
1700	200	0
1701	217	0
1702	205	0
1703	204	0
1704	205	0
1705	198	0
1706	217	0
1707	189	0
1708	206	0
1709	215	0
1710	197	0
1711	201	0
1712	210	0
1713	190	0
1714	205	0
1715	196	0
1716	198	0
1717	211	0
1718	194	0
1719	198	0
1720	210	0
1721	198	0
1722	210	0
1723	210	0
1724	192	0
1725	184	0
1726	180	0
1727	206	0
1728	196	0
1729	200	0
1730	190	0
1731	205	0
1732	207	0
1733	205	0
1734	196	0
1735	192	0
1736	223	0
1737	199	0
1738	218	0
1739	174	0
1740	193	0
1741	228	0
1742	203	0
1743	204	0
1744	191	0
1745	193	0
1746	212	0
1747	194	0
1748	209	0
1749	188	0
1750	191	0
1751	199	0
1752	199	0
1753	202	0
1754	193	0
1755	226	0
1756	211	0
1757	206	0
1758	200	0
1759	212	0
1760	212	0
1761	189	0
1762	204	0
1763	184	0
1764	181	0
1765	198	0
1766	212	0
1767	202	0
1768	188	0
1769	185	0
1770	184	0
1771	198	0
1772	168	0
1773	204	0
1774	228	0
1775	211	0
1776	225	0
1777	197	0
1778	216	0
1779	199	0
1780	196	0
1781	197	0
1782	222	0
1783	214	0
1784	191	0
1785	214	0
1786	198	0
1787	191	0
1788	202	0
1789	187	0
1790	202	0
1791	228	0
1792	219	0
1793	209	0
1794	193	0
1795	207	0
1796	207	0
1797	197	0
1798	230	0
1799	219	0
1800	221	0
1801	230	0
1802	201	0
1803	191	0
1804	204	0
1805	194	0
1806	183	0
1807	167	0
1808	213	0
1809	233	0
1810	204	0
1811	201	0
1812	179	0
1813	191	0
1814	208	0
1815	215	0
1816	189	0
1817	221	0
1818	197	0
1819	216	0
1820	202	0
1821	210	0
1822	202	0
1823	201	0
1824	203	0
1825	216	0
1826	190	0
1827	225	0
1828	207	0
1829	203	0
1830	209	0
1831	218	0
1832	179	0
1833	179	0
1834	197	0
1835	175	0
1836	206	0
1837	227	0
1838	195	0
1839	170	0
1840	205	0
1841	229	0
1842	191	0
1843	208	0
1844	215	0
1845	209	0
1846	195	0
1847	209	0
1848	184	0
1849	203	0
1850	211	0
1851	214	0
1852	220	0
1853	182	0
1854	181	0
1855	212	0
1856	197	0
1857	199	0
1858	217	0
1859	196	0
1860	188	0
1861	197	0
1862	237	0
1863	207	0
1864	211	0
1865	200	0
1866	184	0
1867	207	0
1868	179	0
1869	216	0
1870	180	0
1871	212	0
1872	218	0
1873	193	0
1874	196	0
1875	182	0
1876	195	0
1877	186	0
1878	220	0
1879	188	0
1880	193	0
1881	188	0
1882	202	0
1883	205	0
1884	207	0
1885	230	0
1886	190	0
1887	226	0
1888	216	0
1889	196	0
1890	198	0
1891	216	0
1892	220	0
1893	240	0
1894	208	0
1895	201	0
1896	195	0
1897	215	0
1898	208	0
1899	176	0
1900	198	0
1901	202	0
1902	188	0
1903	202	0
1904	210	0
1905	214	0
1906	207	0
1907	207	0
1908	214	0
1909	208	0
1910	195	0
1911	200	0
1912	201	0
1913	209	0
1914	207	0
1915	197	0
1916	209	0
1917	207	0
1918	213	0
1919	205	0
1920	197	0
1921	221	0
1922	204	0
1923	205	0
1924	211	0
1925	179	0
1926	224	0
1927	194	0
1928	216	0
1929	187	0
1930	209	0
1931	208	0
1932	201	0
1933	197	0
1934	204	0
1935	176	0
1936	195	0
1937	196	0
1938	195	0
1939	203	0
1940	213	0
1941	195	0
1942	188	0
1943	191	0
1944	190	0
1945	209	0
1946	212	0
1947	189	0
1948	194	0
1949	200	0
1950	178	0
1951	199	0
1952	209	0
1953	211	0
1954	214	0
1955	191	0
1956	213	0
1957	226	0
1958	197	0
1959	187	0
1960	184	0
1961	180	0
1962	216	0
1963	202	0
1964	185	0
1965	208	0
1966	185	0
1967	193	0
1968	208	0
1969	194	0
1970	183	0
1971	183	0
1972	197	0
1973	187	0
1974	171	0
1975	224	0
1976	199	0
1977	211	0
1978	178	0
1979	191	0
1980	193	0
1981	199	0
1982	215	0
1983	200	0
1984	207	0
1985	192	0
1986	194	0
1987	223	0
1988	221	0
1989	196	0
1990	183	0
1991	208	0
1992	214	0
1993	195	0
1994	216	0
1995	209	0
1996	201	0
1997	213	0
1998	203	0
1999	202	0
2000	170	0
2001	208	0
2002	188	0
2003	198	0
2004	192	0
2005	198	0
2006	199	0
2007	190	0
2008	200	0
2009	188	0
2010	201	0
2011	182	0
2012	200	0
2013	201	0
2014	204	0
2015	238	0
2016	196	0
2017	195	0
2018	183	0
2019	190	0
2020	174	0
2021	179	0
2022	201	0
2023	217	0
2024	187	0
2025	207	0
2026	197	0
2027	211	0
2028	196	0
2029	176	0
2030	194	0
2031	190	0
2032	203	0
2033	213	0
2034	197	0
2035	196	0
2036	192	0
2037	207	0
2038	211	0
2039	195	0
2040	187	0
2041	192	0
2042	191	0
2043	228	0
2044	203	0
2045	184	0
2046	197	0
2047	168	0
2048	219	0
2049	209	0
2050	188	0
2051	176	0
2052	171	0
2053	213	0
2054	203	0
2055	187	0
2056	195	0
2057	207	0
2058	194	0
2059	201	0
2060	203	0
2061	189	0
2062	188	0
2063	175	0
2064	205	0
2065	219	0
2066	230	0
2067	243	0
2068	200	0
2069	191	0
2070	193	0
2071	209	0
2072	216	0
2073	197	0
2074	186	0
2075	189	0
2076	202	0
2077	198	0
2078	184	0
2079	207	0
2080	175	0
2081	208	0
2082	190	0
2083	218	0
2084	223	0
2085	203	0
2086	200	0
2087	191	0
2088	234	0
2089	188	0
2090	191	0
2091	231	0
2092	202	0
2093	221	0
2094	183	0
2095	192	0
2096	187	0
2097	189	0
2098	213	0
2099	220	0
2100	172	0
2101	206	0
2102	208	0
2103	195	0
2104	186	0
2105	186	0
2106	195	0
2107	204	0
2108	214	0
2109	204	0
2110	192	0
2111	181	0
2112	196	0
2113	212	0
2114	219	0
2115	222	0
2116	218	0
2117	223	0
2118	214	0
2119	185	0
2120	207	0
2121	182	0
2122	193	0
2123	206	0
2124	221	0
2125	197	0
2126	207	0
2127	218	0
2128	204	0
2129	203	0
2130	184	0
2131	216	0
2132	235	0
2133	195	0
2134	218	0
2135	204	0
2136	214	0
2137	218	0
2138	193	0
2139	204	0
2140	193	0
2141	200	0
2142	219	0
2143	213	0
2144	194	0
2145	196	0
2146	214	0
2147	213	0
2148	194	0
2149	212	0
2150	183	0
2151	247	0
2152	211	0
2153	205	0
2154	216	0
2155	209	0
2156	163	0
2157	191	0
2158	175	0
2159	184	0
2160	239	0
2161	207	0
2162	222	0
2163	204	0
2164	188	0
2165	200	0
2166	220	0
2167	222	0
2168	186	0
2169	196	0
2170	219	0
2171	176	0
2172	193	0
2173	195	0
2174	203	0
2175	186	0
2176	217	0
2177	197	0
2178	204	0
2179	205	0
2180	171	0
2181	199	0
2182	196	0
2183	191	0
2184	176	0
2185	214	0
2186	220	0
2187	189	0
2188	174	0
2189	227	0
2190	191	0
2191	204	0
2192	183	0
2193	190	0
2194	190	0
2195	215	0
2196	206	0
2197	209	0
2198	182	0
2199	202	0
2200	200	0
2201	220	0
2202	204	0
2203	201	0
2204	176	0
2205	187	0
2206	185	0
2207	203	0
2208	209	0
2209	173	0
2210	175	0
2211	186	0
2212	206	0
2213	202	0
2214	195	0
2215	204	0
2216	201	0
2217	208	0
2218	178	0
2219	198	0
2220	194	0
2221	186	0
2222	192	0
2223	191	0
2224	213	0
2225	167	0
2226	196	0
2227	177	0
2228	189	0
2229	189	0
2230	198	0
2231	209	0
2232	179	0
2233	201	0
2234	204	0
2235	211	0
2236	198	0
2237	219	0
2238	199	0
2239	208	0
2240	219	0
2241	205	0
2242	180	0
2243	210	0
2244	196	0
2245	180	0
2246	187	0
2247	211	0
2248	191	0
2249	214	0
2250	212	0
2251	196	0
2252	186	0
2253	220	0
2254	212	0
2255	201	0
2256	191	0
2257	195	0
2258	199	0
2259	213	0
2260	196	0
2261	205	0
2262	201	0
2263	206	0
2264	209	0
2265	224	0
2266	195	0
2267	212	0
2268	174	0
2269	208	0
2270	213	0
2271	186	0
2272	200	0
2273	195	0
2274	220	0
2275	219	0
2276	203	0
2277	183	0
2278	209	0
2279	199	0
2280	191	0
2281	187	0
2282	187	0
2283	200	0
2284	218	0
2285	211	0
2286	208	0
2287	210	0
2288	172	0
2289	201	0
2290	199	0
2291	179	0
2292	219	0
2293	206	0
2294	214	0
2295	203	0
2296	192	0
2297	203	0
2298	183	0
2299	205	0
2300	183	0
2301	203	0
2302	202	0
2303	189	0
2304	199	0
2305	203	0
2306	203	0
2307	203	0
2308	208	0
2309	206	0
2310	208	0
2311	229	0
2312	188	0
2313	207	0
2314	186	0
2315	187	0
2316	213	0
2317	214	0
2318	212	0
2319	210	0
2320	223	0
2321	175	0
2322	227	0
2323	192	0
2324	199	0
2325	195	0
2326	218	0
2327	213	0
2328	202	0
2329	187	0
2330	227	0
2331	196	0
2332	170	0
2333	201	0
2334	195	0
2335	223	0
2336	193	0
2337	205	0
2338	189	0
2339	204	0
2340	218	0
2341	232	0
2342	180	0
2343	215	0
2344	181	0
2345	216	0
2346	209	0
2347	198	0
2348	219	0
2349	219	0
2350	187	0
2351	191	0
2352	180	0
2353	202	0
2354	189	0
2355	191	0
2356	209	0
2357	201	0
2358	187	0
2359	201	0
2360	186	0
2361	217	0
2362	187	0
2363	193	0
2364	179	0
2365	216	0
2366	181	0
2367	223	0
2368	208	0
2369	207	0
2370	202	0
2371	215	0
2372	221	0
2373	189	0
2374	204	0
2375	200	0
2376	188	0
2377	226	0
2378	198	0
2379	207	0
2380	199	0
2381	172	0
2382	205	0
2383	188	0
2384	213	0
2385	206	0
2386	200	0
2387	200	0
2388	189	0
2389	202	0
2390	214	0
2391	185	0
2392	213	0
2393	182	0
2394	225	0
2395	211	0
2396	199	0
2397	194	0
2398	215	0
2399	213	0
2400	180	0
2401	206	0
2402	208	0
2403	199	0
2404	202	0
2405	196	0
2406	181	0
2407	184	0
2408	191	0
2409	225	0
2410	176	0
2411	193	0
2412	182	0
2413	197	0
2414	211	0
2415	188	0
2416	205	0
2417	192	0
2418	194	0
2419	197	0
2420	223	0
2421	228	0
2422	183	0
2423	192	0
2424	176	0
2425	204	0
2426	173	0
2427	200	0
2428	199	0
2429	188	0
2430	200	0
2431	178	0
2432	191	0
2433	188	0
2434	204	0
2435	186	0
2436	211	0
2437	207	0
2438	193	0
2439	213	0
2440	223	0
2441	204	0
2442	228	0
2443	187	0
2444	212	0
2445	232	0
2446	203	0
2447	189	0
2448	207	0
2449	203	0
2450	181	0
2451	194	0
2452	210	0
2453	213	0
2454	204	0
2455	197	0
2456	211	0
2457	189	0
2458	172	0
2459	200	0
2460	212	0
2461	210	0
2462	185	0
2463	203	0
2464	186	0
2465	190	0
2466	189	0
2467	198	0
2468	223	0
2469	196	0
2470	202	0
2471	195	0
2472	203	0
2473	181	0
2474	187	0
2475	189	0
2476	223	0
2477	201	0
2478	180	0
2479	214	0
2480	189	0
2481	201	0
2482	225	0
2483	180	0
2484	171	0
2485	200	0
2486	199	0
2487	192	0
2488	192	0
2489	187	0
2490	198	0
2491	210	0
2492	219	0
2493	194	0
2494	209	0
2495	213	0
2496	209	0
2497	208	0
2498	192	0
2499	182	0
2500	198	0
2501	207	0
2502	214	0
2503	199	0
2504	203	0
2505	215	0
2506	197	0
2507	219	0
2508	206	0
2509	196	0
2510	184	0
2511	162	0
2512	216	0
2513	200	0
2514	211	0
2515	221	0
2516	182	0
2517	191	0
2518	174	0
2519	225	0
2520	193	0
2521	209	0
2522	202	0
2523	165	0
2524	193	0
2525	193	0
2526	204	0
2527	198	0
2528	219	0
2529	220	0
2530	194	0
2531	202	0
2532	190	0
2533	178	0
2534	214	0
2535	194	0
2536	195	0
2537	203	0
2538	199	0
2539	192	0
2540	177	0
2541	188	0
2542	181	0
2543	186	0
2544	187	0
2545	194	0
2546	192	0
2547	243	0
2548	209	0
2549	199	0
2550	192	0
2551	188	0
2552	173	0
2553	195	0
2554	175	0
2555	189	0
2556	219	0
2557	194	0
2558	209	0
2559	201	0
2560	216	0
2561	199	0
2562	199	0
2563	207	0
2564	218	0
2565	186	0
2566	205	0
2567	190	0
2568	190	0
2569	201	0
2570	205	0
2571	221	0
2572	210	0
2573	205	0
2574	195	0
2575	223	0
2576	190	0
2577	219	0
2578	205	0
2579	211	0
2580	204	0
2581	212	0
2582	214	0
2583	179	0
2584	210	0
2585	181	0
2586	209	0
2587	189	0
2588	215	0
2589	198	0
2590	203	0
2591	206	0
2592	222	0
2593	210	0
2594	205	0
2595	196	0
2596	183	0
2597	203	0
2598	217	0
2599	205	0
2600	199	0
2601	193	0
2602	191	0
2603	196	0
2604	173	0
2605	179	0
2606	202	0
2607	213	0
2608	186	0
2609	211	0
2610	209	0
2611	150	0
2612	184	0
2613	192	0
2614	213	0
2615	209	0
2616	212	0
2617	233	0
2618	192	0
2619	212	0
2620	188	0
2621	170	0
2622	211	0
2623	231	0
2624	199	0
2625	197	0
2626	201	0
2627	173	0
2628	201	0
2629	212	0
2630	213	0
2631	194	0
2632	198	0
2633	184	0
2634	204	0
2635	194	0
2636	202	0
2637	209	0
2638	195	0
2639	176	0
2640	197	0
2641	202	0
2642	224	0
2643	226	0
2644	181	0
2645	229	0
2646	199	0
2647	202	0
2648	244	0
2649	204	0
2650	196	0
2651	214	0
2652	206	0
2653	209	0
2654	212	0
2655	213	0
2656	195	0
2657	188	0
2658	183	0
2659	190	0
2660	217	0
2661	165	0
2662	229	0
2663	194	0
2664	199	0
2665	191	0
2666	217	0
2667	228	0
2668	212	0
2669	201	0
2670	203	0
2671	182	0
2672	211	0
2673	208	0
2674	192	0
2675	207	0
2676	181	0
2677	191	0
2678	190	0
2679	201	0
2680	205	0
2681	194	0
2682	212	0
2683	205	0
2684	201	0
2685	200	0
2686	201	0
2687	213	0
2688	224	0
2689	208	0
2690	216	0
2691	190	0
2692	188	0
2693	192	0
2694	205	0
2695	199	0
2696	195	0
2697	207	0
2698	175	0
2699	219	0
2700	190	0
2701	217	0
2702	186	0
2703	225	0
2704	210	0
2705	206	0
2706	191	0
2707	186	0
2708	207	0
2709	178	0
2710	195	0
2711	199	0
2712	203	0
2713	205	0
2714	202	0
2715	191	0
2716	183	0
2717	196	0
2718	198	0
2719	195	0
2720	188	0
2721	216	0
2722	192	0
2723	200	0
2724	216	0
2725	218	0
2726	221	0
2727	201	0
2728	211	0
2729	198	0
2730	183	0
2731	209	0
2732	181	0
2733	211	0
2734	212	0
2735	198	0
2736	171	0
2737	209	0
2738	166	0
2739	181	0
2740	182	0
2741	192	0
2742	199	0
2743	205	0
2744	224	0
2745	190	0
2746	185	0
2747	230	0
2748	194	0
2749	201	0
2750	199	0
2751	232	0
2752	216	0
2753	197	0
2754	207	0
2755	212	0
2756	211	0
2757	202	0
2758	182	0
2759	179	0
2760	188	0
2761	201	0
2762	195	0
2763	175	0
2764	203	0
2765	198	0
2766	186	0
2767	200	0
2768	194	0
2769	223	0
2770	184	0
2771	211	0
2772	185	0
2773	194	0
2774	221	0
2775	187	0
2776	217	0
2777	184	0
2778	198	0
2779	185	0
2780	213	0
2781	196	0
2782	193	0
2783	223	0
2784	167	0
2785	198	0
2786	221	0
2787	206	0
2788	208	0
2789	192	0
2790	207	0
2791	221	0
2792	182	0
2793	209	0
2794	192	0
2795	195	0
2796	199	0
2797	192	0
2798	198	0
2799	197	0
2800	192	0
2801	196	0
2802	187	0
2803	208	0
2804	175	0
2805	188	0
2806	218	0
2807	206	0
2808	191	0
2809	219	0
2810	200	0
2811	208	0
2812	191	0
2813	188	0
2814	190	0
2815	179	0
2816	188	0
2817	179	0
2818	202	0
2819	219	0
2820	198	0
2821	187	0
2822	191	0
2823	194	0
2824	174	0
2825	209	0
2826	196	0
2827	191	0
2828	179	0
2829	212	0
2830	205	0
2831	190	0
2832	206	0
2833	203	0
2834	206	0
2835	200	0
2836	213	0
2837	182	0
2838	207	0
2839	204	0
2840	204	0
2841	193	0
2842	214	0
2843	196	0
2844	176	0
2845	206	0
2846	194	0
2847	206	0
2848	200	0
2849	184	0
2850	195	0
2851	188	0
2852	182	0
2853	212	0
2854	216	0
2855	202	0
2856	208	0
2857	206	0
2858	238	0
2859	187	0
2860	196	0
2861	204	0
2862	190	0
2863	196	0
2864	202	0
2865	231	0
2866	203	0
2867	226	0
2868	178	0
2869	192	0
2870	201	0
2871	197	0
2872	192	0
2873	208	0
2874	183	0
2875	197	0
2876	191	0
2877	193	0
2878	204	0
2879	223	0
2880	226	0
2881	208	0
2882	215	0
2883	208	0
2884	205	0
2885	199	0
2886	181	0
2887	197	0
2888	204	0
2889	188	0
2890	200	0
2891	182	0
2892	183	0
2893	181	0
2894	152	0
2895	170	0
2896	220	0
2897	168	0
2898	201	0
2899	204	0
2900	213	0
2901	207	0
2902	206	0
2903	220	0
2904	213	0
2905	221	0
2906	219	0
2907	204	0
2908	194	0
2909	180	0
2910	215	0
2911	228	0
2912	181	0
2913	200	0
2914	215	0
2915	210	0
2916	201	0
2917	177	0
2918	170	0
2919	212	0
2920	179	0
2921	220	0
2922	217	0
2923	198	0
2924	198	0
2925	167	0
2926	196	0
2927	217	0
2928	185	0
2929	213	0
2930	195	0
2931	195	0
2932	200	0
2933	203	0
2934	199	0
2935	188	0
2936	186	0
2937	191	0
2938	189	0
2939	202	0
2940	193	0
2941	199	0
2942	192	0
2943	183	0
2944	205	0
2945	215	0
2946	194	0
2947	194	0
2948	199	0
2949	207	0
2950	228	0
2951	187	0
2952	182	0
2953	211	0
2954	183	0
2955	230	0
2956	218	0
2957	208	0
2958	205	0
2959	169	0
2960	211	0
2961	236	0
2962	190	0
2963	201	0
2964	191	0
2965	176	0
2966	186	0
2967	182	0
2968	206	0
2969	224	0
2970	192	0
2971	188	0
2972	199	0
2973	210	0
2974	188	0
2975	221	0
2976	183	0
2977	199	0
2978	199	0
2979	171	0
2980	182	0
2981	219	0
2982	186	0
2983	212	0
2984	212	0
2985	217	0
2986	216	0
2987	184	0
2988	197	0
2989	215	0
2990	183	0
2991	235	0
2992	205	0
2993	222	0
2994	192	0
2995	201	0
2996	186	0
2997	207	0
2998	215	0
2999	199	0
3000	195	0
