1	196	0
2	218	0
3	200	0
4	165	0
5	177	0
6	200	0
7	184	0
8	196	0
9	190	0
10	182	0
11	185	0
12	190	0
13	218	0
14	202	0
15	168	0
16	207	0
17	194	0
18	209	0
19	184	0
20	175	0
21	208	0
22	212	0
23	187	0
24	223	0
25	188	0
26	185	0
27	208	0
28	196	0
29	177	0
30	196	0
31	221	0
32	194	0
33	191	0
34	207	0
35	215	0
36	189	0
37	224	0
38	199	0
39	207	0
40	193	0
41	195	0
42	196	0
43	199	0
44	178	0
45	203	0
46	191	0
47	209	0
48	201	0
49	199	0
50	200	0
51	193	0
52	208	0
53	199	0
54	191	0
55	194	0
56	203	0
57	218	0
58	207	0
59	194	0
60	191	0
61	188	0
62	204	0
63	174	0
64	186	0
65	186	0
66	216	0
67	218	0
68	205	0
69	187	0
70	208	0
71	225	0
72	219	0
73	206	0
74	206	0
75	183	0
76	186	0
77	183	0
78	176	0
79	210	0
80	166	0
81	194	0
82	212	0
83	211	0
84	207	0
85	197	0
86	197	0
87	206	0
88	210	0
89	186	0
90	198	0
91	206	0
92	212	0
93	211	0
94	191	0
95	201	0
96	181	0
97	195	0
98	199	0
99	215	0
100	189	0
101	209	0
102	213	0
103	195	0
104	199	0
105	219	0
106	225	0
107	205	0
108	186	0
109	206	0
110	210	0
111	193	0
112	184	0
113	184	0
114	191	0
115	196	0
116	206	0
117	195	0
118	207	0
119	180	0
120	179	0
121	211	0
122	178	0
123	200	0
124	208	0
125	163	0
126	243	0
127	202	0
128	197	0
129	206	0
130	187	0
131	210	0
132	183	0
133	211	0
134	192	0
135	187	0
136	190	0
137	206	0
138	189	0
139	194	0
140	201	0
141	198	0
142	179	0
143	198	0
144	181	0
145	218	0
146	193	0
147	178	0
148	218	0
149	200	0
150	189	0
151	197	0
152	207	0
153	195	0
154	187	0
155	186	0
156	196	0
157	201	0
158	224	0
159	201	0
160	190	0
161	189	0
162	206	0
163	177	0
164	208	0
165	185	0
166	198	0
167	216	0
168	201	0
169	185	0
170	189	0
171	197	0
172	190	0
173	205	0
174	194	0
175	191	0
176	200	0
177	200	0
178	189	0
179	220	0
180	223	0
181	217	0
182	171	0
183	190	0
184	212	0
185	171	0
186	189	0
187	199	0
188	197	0
189	223	0
190	194	0
191	193	0
192	218	0
193	190	0
194	211	0
195	188	0
196	201	0
197	191	0
198	199	0
199	186	0
200	203	0
201	200	0
202	198	0
203	199	0
204	208	0
205	211	0
206	188	0
207	205	0
208	189	0
209	179	0
210	200	0
211	208	0
212	187	0
213	192	0
214	213	0
215	201	0
216	192	0
217	195	0
218	192	0
219	212	0
220	198	0
221	179	0
222	195	0
223	219	0
224	183	0
225	193	0
226	185	0
227	189	0
228	179	0
229	207	0
230	202	0
231	189	0
232	184	0
233	208	0
234	187	0
235	199	0
236	223	0
237	209	0
238	201	0
239	207	0
240	207	0
241	217	0
242	204	0
243	180	0
244	203	0
245	192	0
246	200	0
247	197	0
248	187	0
249	184	0
250	199	0
251	221	0
252	197	0
253	194	0
254	203	0
255	191	0
256	215	0
257	168	0
258	184	0
259	204	0
260	220	0
261	190	0
262	185	0
263	225	0
264	194	0
265	188	0
266	225	0
267	180	0
268	176	0
269	189	0
270	188	0
271	168	0
272	188	0
273	184	0
274	232	0
275	178	0
276	194	0
277	198	0
278	166	0
279	199	0
280	198	0
281	188	0
282	193	0
283	207	0
284	183	0
285	175	0
286	213	0
287	214	0
288	202	0
289	212	0
290	203	0
291	214	0
292	212	0
293	205	0
294	170	0
295	201	0
296	202	0
297	206	0
298	205	0
299	183	0
300	201	0
301	214	0
302	223	0
303	197	0
304	199	0
305	197	0
306	197	0
307	214	0
308	215	0
309	195	0
310	172	0
311	196	0
312	174	0
313	199	0
314	219	0
315	189	0
316	182	0
317	196	0
318	191	0
319	206	0
320	186	0
321	194	0
322	199	0
323	167	0
324	224	0
325	188	0
326	199	0
327	178	0
328	168	0
329	202	0
330	192	0
331	157	0
332	191	0
333	184	0
334	204	0
335	206	0
336	196	0
337	208	0
338	192	0
339	207	0
340	225	0
341	197	0
342	193	0
343	203	0
344	202	0
345	201	0
346	184	0
347	217	0
348	207	0
349	206	0
350	193	0
351	171	0
352	175	0
353	207	0
354	194	0
355	200	0
356	206	0
357	176	0
358	173	0
359	209	0
360	191	0
361	200	0
362	211	0
363	195	0
364	179	0
365	220	0
366	164	0
367	193	0
368	198	0
369	184	0
370	202	0
371	189	0
372	203	0
373	205	0
374	202	0
375	169	0
376	208	0
377	197	0
378	184	0
379	179	0
380	212	0
381	196	0
382	192	0
383	172	0
384	207	0
385	198	0
386	190	0
387	217	0
388	216	0
389	180	0
390	177	0
391	182	0
392	201	0
393	197	0
394	205	0
395	224	0
396	192	0
397	193	0
398	207	0
399	198	0
400	181	0
401	194	0
402	175	0
403	189	0
404	199	0
405	187	0
406	204	0
407	193	0
408	185	0
409	186	0
410	189	0
411	222	0
412	190	0
413	206	0
414	211	0
415	233	0
416	179	0
417	195	0
418	206	0
419	207	0
420	202	0
421	208	0
422	199	0
423	212	0
424	186	0
425	224	0
426	199	0
427	168	0
428	197	0
429	196	0
430	189	0
431	200	0
432	185	0
433	170	0
434	165	0
435	207	0
436	191	0
437	190	0
438	191	0
439	206	0
440	183	0
441	201	0
442	186	0
443	184	0
444	198	0
445	214	0
446	176	0
447	194	0
448	182	0
449	201	0
450	200	0
451	169	0
452	193	0
453	199	0
454	201	0
455	193	0
456	214	0
457	221	0
458	217	0
459	194	0
460	221	0
461	181	0
462	186	0
463	195	0
464	192	0
465	203	0
466	191	0
467	207	0
468	212	0
469	216	0
470	179	0
471	208	0
472	198	0
473	205	0
474	191	0
475	197	0
476	211	0
477	195	0
478	196	0
479	190	0
480	192	0
481	203	0
482	203	0
483	190	0
484	196	0
485	192	0
486	181	0
487	201	0
488	198	0
489	224	0
490	180	0
491	196	0
492	200	0
493	203	0
494	208	0
495	190	0
496	184	0
497	206	0
498	196	0
499	208	0
500	189	0
501	171	0
502	184	0
503	186	0
504	203	0
505	188	0
506	194	0
507	208	0
508	174	0
509	198	0
510	209	0
511	199	0
512	194	0
513	200	0
514	178	0
515	191	0
516	164	0
517	198	0
518	193	0
519	208	0
520	212	0
521	169	0
522	187	0
523	190	0
524	190	0
525	201	0
526	183	0
527	199	0
528	189	0
529	173	0
530	219	0
531	184	0
532	220	0
533	228	0
534	201	0
535	230	0
536	195	0
537	205	0
538	190	0
539	181	0
540	188	0
541	177	0
542	182	0
543	226	0
544	183	0
545	191	0
546	181	0
547	201	0
548	197	0
549	189	0
550	184	0
551	204	0
552	201	0
553	199	0
554	197	0
555	202	0
556	196	0
557	186	0
558	199	0
559	218	0
560	182	0
561	194	0
562	194	0
563	180	0
564	190	0
565	206	0
566	204	0
567	200	0
568	206	0
569	208	0
570	186	0
571	211	0
572	182	0
573	194	0
574	197	0
575	201	0
576	185	0
577	209	0
578	213	0
579	213	0
580	209	0
581	187	0
582	204	0
583	193	0
584	206	0
585	198	0
586	194	0
587	204	0
588	200	0
589	203	0
590	213	0
591	232	0
592	181	0
593	208	0
594	214	0
595	171	0
596	182	0
597	189	0
598	207	0
599	178	0
600	224	0
601	200	0
602	192	0
603	198	0
604	190	0
605	194	0
606	181	0
607	189	0
608	181	0
609	211	0
610	203	0
611	196	0
612	208	0
613	221	0
614	179	0
615	204	0
616	233	0
617	197	0
618	189	0
619	174	0
620	211	0
621	210	0
622	191	0
623	182	0
624	209	0
625	185	0
626	209	0
627	222	0
628	213	0
629	173	0
630	188	0
631	191	0
632	201	0
633	196	0
634	226	0
635	187	0
636	186	0
637	224	0
638	196	0
639	187	0
640	187	0
641	218	0
642	205	0
643	200	0
644	199	0
645	176	0
646	178	0
647	191	0
648	195	0
649	190	0
650	194	0
651	187	0
652	189	0
653	199	0
654	200	0
655	194	0
656	164	0
657	185	0
658	201	0
659	206	0
660	188	0
661	185	0
662	193	0
663	175	0
664	235	0
665	198	0
666	220	0
667	206	0
668	173	0
669	206	0
670	195	0
671	206	0
672	189	0
673	189	0
674	209	0
675	168	0
676	226	0
677	162	0
678	199	0
679	186	0
680	207	0
681	211	0
682	209	0
683	192	0
684	162	0
685	213	0
686	225	0
687	183	0
688	217	0
689	209	0
690	211	0
691	198	0
692	185	0
693	208	0
694	177	0
695	191	0
696	200	0
697	214	0
698	174	0
699	169	0
700	201	0
701	176	0
702	193	0
703	207	0
704	193	0
705	231	0
706	207	0
707	196	0
708	187	0
709	175	0
710	206	0
711	205	0
712	185	0
713	203	0
714	188	0
715	204	0
716	197	0
717	193	0
718	196	0
719	198	0
720	199	0
721	203	0
722	196	0
723	162	0
724	189	0
725	180	0
726	212	0
727	193	0
728	174	0
729	182	0
730	211	0
731	207	0
732	197	0
733	183	0
734	211	0
735	212	0
736	194	0
737	193	0
738	213	0
739	224	0
740	224	0
741	170	0
742	185	0
743	192	0
744	173	0
745	192	0
746	197	0
747	187	0
748	193	0
749	207	0
750	201	0
751	212	0
752	212	0
753	213	0
754	190	0
755	229	0
756	184	0
757	201	0
758	211	0
759	219	0
760	209	0
761	183	0
762	203	0
763	194	0
764	183	0
765	192	0
766	189	0
767	193	0
768	203	0
769	185	0
770	200	0
771	201	0
772	203	0
773	190	0
774	203	0
775	217	0
776	193	0
777	230	0
778	209	0
779	170	0
780	207	0
781	190	0
782	191	0
783	197	0
784	209	0
785	207	0
786	178	0
787	190	0
788	213	0
789	214	0
790	207	0
791	196	0
792	189	0
793	221	0
794	217	0
795	203	0
796	202	0
797	207	0
798	227	0
799	193	0
800	205	0
801	201	0
802	186	0
803	210	0
804	181	0
805	202	0
806	209	0
807	207	0
808	212	0
809	222	0
810	198	0
811	199	0
812	183	0
813	209	0
814	194	0
815	201	0
816	219	0
817	202	0
818	200	0
819	191	0
820	204	0
821	206	0
822	186	0
823	227	0
824	196	0
825	197	0
826	193	0
827	193	0
828	180	0
829	185	0
830	184	0
831	189	0
832	215	0
833	181	0
834	211	0
835	200	0
836	181	0
837	201	0
838	207	0
839	186	0
840	202	0
841	177	0
842	221	0
843	208	0
844	191	0
845	167	0
846	190	0
847	211	0
848	194	0
849	189	0
850	197	0
851	249	0
852	227	0
853	171	0
854	199	0
855	203	0
856	199	0
857	199	0
858	206	0
859	194	0
860	182	0
861	190	0
862	209	0
863	202	0
864	187	0
865	196	0
866	194	0
867	201	0
868	203	0
869	182	0
870	196	0
871	201	0
872	206	0
873	195	0
874	212	0
875	176	0
876	197	0
877	173	0
878	200	0
879	188	0
880	191	0
881	193	0
882	196	0
883	188	0
884	180	0
885	204	0
886	215	0
887	218	0
888	221	0
889	195	0
890	201	0
891	227	0
892	192	0
893	216	0
894	215	0
895	186	0
896	157	0
897	193	0
898	186	0
899	214	0
900	196	0
901	199	0
902	206	0
903	200	0
904	179	0
905	180	0
906	202	0
907	198	0
908	204	0
909	173	0
910	211	0
911	191	0
912	207	0
913	209	0
914	196	0
915	192	0
916	211	0
917	189	0
918	173	0
919	182	0
920	190	0
921	214	0
922	202	0
923	212	0
924	204	0
925	212	0
926	209	0
927	197	0
928	202	0
929	194	0
930	201	0
931	195	0
932	195	0
933	207	0
934	208	0
935	192	0
936	207	0
937	173	0
938	183	0
939	190	0
940	201	0
941	196	0
942	204	0
943	194	0
944	167	0
945	185	0
946	187	0
947	190	0
948	196	0
949	184	0
950	210	0
951	212	0
952	172	0
953	174	0
954	181	0
955	203	0
956	213	0
957	193	0
958	198	0
959	187	0
960	214	0
961	186	0
962	197	0
963	191	0
964	181	0
965	185	0
966	188	0
967	165	0
968	187	0
969	178	0
970	215	0
971	230	0
972	193	0
973	183	0
974	188	0
975	184	0
976	192	0
977	211	0
978	199	0
979	210	0
980	175	0
981	205	0
982	201	0
983	168	0
984	213	0
985	201	0
986	196	0
987	186	0
988	189	0
989	180	0
990	198	0
991	203	0
992	201	0
993	231	0
994	174	0
995	195	0
996	223	0
997	182	0
998	200	0
999	193	0
1000	197	0
1001	223	0
1002	191	0
1003	191	0
1004	197	0
1005	195	0
1006	217	0
1007	187	0
1008	193	0
1009	247	0
1010	185	0
1011	190	0
1012	194	0
1013	176	0
1014	200	0
1015	199	0
1016	192	0
1017	209	0
1018	185	0
1019	181	0
1020	190	0
1021	204	0
1022	186	0
1023	197	0
1024	197	0
1025	198	0
1026	196	0
1027	190	0
1028	185	0
1029	180	0
1030	207	0
1031	182	0
1032	180	0
1033	200	0
1034	178	0
1035	201	0
1036	200	0
1037	223	0
1038	194	0
1039	195	0
1040	210	0
1041	161	0
1042	192	0
1043	176	0
1044	185	0
1045	184	0
1046	189	0
1047	206	0
1048	207	0
1049	168	0
1050	225	0
1051	188	0
1052	209	0
1053	218	0
1054	204	0
1055	208	0
1056	191	0
1057	185	0
1058	176	0
1059	194	0
1060	203	0
1061	200	0
1062	197	0
1063	177	0
1064	189	0
1065	205	0
1066	177	0
1067	192	0
1068	219	0
1069	193	0
1070	189	0
1071	202	0
1072	193	0
1073	170	0
1074	204	0
1075	196	0
1076	190	0
1077	198	0
1078	183	0
1079	205	0
1080	219	0
1081	185	0
1082	167	0
1083	230	0
1084	170	0
1085	203	0
1086	194	0
1087	193	0
1088	222	0
1089	178	0
1090	189	0
1091	208	0
1092	199	0
1093	192	0
1094	211	0
1095	199	0
1096	236	0
1097	216	0
1098	187	0
1099	192	0
1100	200	0
1101	205	0
1102	222	0
1103	192	0
1104	207	0
1105	200	0
1106	216	0
1107	210	0
1108	180	0
1109	182	0
1110	187	0
1111	223	0
1112	180	0
1113	213	0
1114	195	0
1115	192	0
1116	181	0
1117	180	0
1118	192	0
1119	202	0
1120	201	0
1121	201	0
1122	203	0
1123	191	0
1124	184	0
1125	186	0
1126	216	0
1127	188	0
1128	190	0
1129	187	0
1130	189	0
1131	194	0
1132	213	0
1133	211	0
1134	210	0
1135	196	0
1136	202	0
1137	201	0
1138	183	0
1139	209	0
1140	208	0
1141	226	0
1142	208	0
1143	215	0
1144	204	0
1145	201	0
1146	195	0
1147	189	0
1148	205	0
1149	172	0
1150	196	0
1151	194	0
1152	218	0
1153	194	0
1154	190	0
1155	205	0
1156	231	0
1157	176	0
1158	184	0
1159	199	0
1160	218	0
1161	168	0
1162	192	0
1163	199	0
1164	197	0
1165	181	0
1166	195	0
1167	207	0
1168	184	0
1169	206	0
1170	180	0
1171	219	0
1172	204	0
1173	188	0
1174	198	0
1175	195	0
1176	197	0
1177	212	0
1178	200	0
1179	169	0
1180	170	0
1181	187	0
1182	206	0
1183	211	0
1184	183	0
1185	191	0
1186	189	0
1187	204	0
1188	191	0
1189	207	0
1190	188	0
1191	192	0
1192	218	0
1193	188	0
1194	178	0
1195	209	0
1196	201	0
1197	194	0
1198	190	0
1199	204	0
1200	200	0
1201	183	0
1202	197	0
1203	229	0
1204	195	0
1205	196	0
1206	190	0
1207	198	0
1208	208	0
1209	198	0
1210	217	0
1211	200	0
1212	198	0
1213	159	0
1214	193	0
1215	190	0
1216	194	0
1217	203	0
1218	206	0
1219	191	0
1220	181	0
1221	181	0
1222	220	0
1223	199	0
1224	213	0
1225	186	0
1226	194	0
1227	184	0
1228	214	0
1229	193	0
1230	177	0
1231	186	0
1232	190	0
1233	188	0
1234	196	0
1235	181	0
1236	186	0
1237	210	0
1238	196	0
1239	202	0
1240	198	0
1241	196	0
1242	200	0
1243	200	0
1244	208	0
1245	221	0
1246	189	0
1247	189	0
1248	200	0
1249	190	0
1250	183	0
1251	202	0
1252	203	0
1253	193	0
1254	185	0
1255	189	0
1256	191	0
1257	178	0
1258	186	0
1259	200	0
1260	209	0
1261	200	0
1262	207	0
1263	177	0
1264	202	0
1265	196	0
1266	192	0
1267	187	0
1268	215	0
1269	186	0
1270	201	0
1271	198	0
1272	207	0
1273	189	0
1274	218	0
1275	194	0
1276	210	0
1277	192	0
1278	212	0
1279	191	0
1280	208	0
1281	202	0
1282	179	0
1283	177	0
1284	187	0
1285	169	0
1286	199	0
1287	199	0
1288	190	0
1289	168	0
1290	171	0
1291	170	0
1292	206	0
1293	181	0
1294	214	0
1295	186	0
1296	205	0
1297	207	0
1298	189	0
1299	220	0
1300	190	0
1301	199	0
1302	208	0
1303	175	0
1304	206	0
1305	216	0
1306	216	0
1307	184	0
1308	177	0
1309	192	0
1310	186	0
1311	188	0
1312	184	0
1313	222	0
1314	195	0
1315	183	0
1316	189	0
1317	208	0
1318	202	0
1319	213	0
1320	207	0
1321	200	0
1322	173	0
1323	200	0
1324	166	0
1325	160	0
1326	196	0
1327	185	0
1328	189	0
1329	167	0
1330	220	0
1331	183	0
1332	197	0
1333	198	0
1334	176	0
1335	197	0
1336	220	0
1337	204	0
1338	191	0
1339	188	0
1340	188	0
1341	181	0
1342	188	0
1343	189	0
1344	207	0
1345	194	0
1346	204	0
1347	176	0
1348	177	0
1349	209	0
1350	169	0
1351	194	0
1352	186	0
1353	177	0
1354	197	0
1355	165	0
1356	199	0
1357	178	0
1358	215	0
1359	200	0
1360	192	0
1361	197	0
1362	190	0
1363	200	0
1364	193	0
1365	202	0
1366	204	0
1367	202	0
1368	178	0
1369	189	0
1370	188	0
1371	215	0
1372	185	0
1373	216	0
1374	203	0
1375	184	0
1376	209	0
1377	198	0
1378	204	0
1379	207	0
1380	216	0
1381	179	0
1382	191	0
1383	191	0
1384	226	0
1385	197	0
1386	188	0
1387	203	0
1388	211	0
1389	181	0
1390	175	0
1391	203	0
1392	226	0
1393	214	0
1394	206	0
1395	204	0
1396	218	0
1397	180	0
1398	182	0
1399	189	0
1400	206	0
1401	211	0
1402	181	0
1403	183	0
1404	183	0
1405	196	0
1406	201	0
1407	208	0
1408	167	0
1409	216	0
1410	161	0
1411	210	0
1412	191	0
1413	220	0
1414	184	0
1415	164	0
1416	214	0
1417	194	0
1418	209	0
1419	198	0
1420	193	0
1421	191	0
1422	181	0
1423	180	0
1424	202	0
1425	208	0
1426	188	0
1427	200	0
1428	184	0
1429	221	0
1430	191	0
1431	212	0
1432	185	0
1433	206	0
1434	185	0
1435	205	0
1436	197	0
1437	177	0
1438	198	0
1439	222	0
1440	201	0
1441	169	0
1442	208	0
1443	169	0
1444	212	0
1445	224	0
1446	196	0
1447	186	0
1448	243	0
1449	193	0
1450	210	0
1451	204	0
1452	201	0
1453	191	0
1454	206	0
1455	172	0
1456	200	0
1457	200	0
1458	202	0
1459	206	0
1460	180	0
1461	195	0
1462	198	0
1463	184	0
1464	221	0
1465	183	0
1466	205	0
1467	211	0
1468	177	0
1469	210	0
1470	206	0
1471	215	0
1472	207	0
1473	181	0
1474	218	0
1475	201	0
1476	173	0
1477	183	0
1478	193	0
1479	198	0
1480	202	0
1481	216	0
1482	190	0
1483	190	0
1484	192	0
1485	189	0
1486	202	0
1487	194	0
1488	186	0
1489	203	0
1490	202	0
1491	205	0
1492	205	0
1493	180	0
1494	212	0
1495	187	0
1496	213	0
1497	158	0
1498	201	0
1499	200	0
1500	203	0
1501	205	0
1502	200	0
1503	168	0
1504	157	0
1505	209	0
1506	209	0
1507	223	0
1508	176	0
1509	187	0
1510	191	0
1511	210	0
1512	199	0
1513	177	0
1514	192	0
1515	218	0
1516	185	0
1517	193	0
1518	225	0
1519	160	0
1520	205	0
1521	202	0
1522	220	0
1523	214	0
1524	214	0
1525	189	0
1526	213	0
1527	189	0
1528	176	0
1529	208	0
1530	197	0
1531	216	0
1532	176	0
1533	181	0
1534	199	0
1535	203	0
1536	174	0
1537	200	0
1538	195	0
1539	191	0
1540	214	0
1541	184	0
1542	209	0
1543	204	0
1544	185	0
1545	225	0
1546	176	0
1547	204	0
1548	218	0
1549	171	0
1550	195	0
1551	237	0
1552	204	0
1553	172	0
1554	196	0
1555	175	0
1556	212	0
1557	216	0
1558	197	0
1559	177	0
1560	194	0
1561	205	0
1562	219	0
1563	191	0
1564	189	0
1565	194	0
1566	204	0
1567	200	0
1568	188	0
1569	184	0
1570	218	0
1571	195	0
1572	195	0
1573	203	0
1574	191	0
1575	213	0
1576	227	0
1577	198	0
1578	184	0
1579	205	0
1580	183	0
1581	193	0
1582	202	0
1583	194	0
1584	204	0
1585	198	0
1586	201	0
1587	192	0
1588	185	0
1589	184	0
1590	182	0
1591	171	0
1592	219	0
1593	204	0
1594	180	0
1595	200	0
1596	229	0
1597	202	0
1598	223	0
1599	173	0
1600	202	0
1601	199	0
1602	193	0
1603	201	0
1604	194	0
1605	189	0
1606	183	0
1607	197	0
1608	204	0
1609	185	0
1610	207	0
1611	214	0
1612	233	0
1613	192	0
1614	180	0
1615	203	0
1616	198	0
1617	197	0
1618	186	0
1619	191	0
1620	183	0
1621	205	0
1622	193	0
1623	194	0
1624	192	0
1625	195	0
1626	182	0
1627	199	0
1628	199	0
1629	213	0
1630	227	0
1631	176	0
1632	203	0
1633	207	0
1634	205	0
1635	173	0
1636	189	0
1637	207	0
1638	191	0
1639	202	0
1640	189	0
1641	187	0
1642	202	0
1643	197	0
1644	187	0
1645	207	0
1646	179	0
1647	195	0
1648	202	0
1649	182	0
1650	210	0
1651	194	0
1652	198	0
1653	226	0
1654	178	0
1655	174	0
1656	204	0
1657	162	0
1658	199	0
1659	194	0
1660	174	0
1661	199	0
1662	192	0
1663	209	0
1664	232	0
1665	217	0
1666	180	0
1667	198	0
1668	205	0
1669	193	0
1670	199	0
1671	183	0
1672	223	0
1673	208	0
1674	223	0
1675	196	0
1676	186	0
1677	200	0
1678	166	0
1679	185	0
1680	191	0
1681	179	0
1682	185	0
1683	189	0
1684	173	0
1685	193	0
1686	170	0
1687	201	0
1688	185	0
1689	196	0
1690	220	0
1691	183	0
1692	201	0
1693	182	0
1694	203	0
1695	194	0
1696	177	0
1697	172	0
1698	218	0
1699	191	0
1700	198	0
1701	206	0
1702	200	0
1703	205	0
1704	237	0
1705	174	0
1706	181	0
1707	222	0
1708	204	0
1709	195	0
1710	197	0
1711	209	0
1712	197	0
1713	200	0
1714	215	0
1715	180	0
1716	181	0
1717	193	0
1718	197	0
1719	204	0
1720	186	0
1721	212	0
1722	199	0
1723	216	0
1724	205	0
1725	213	0
1726	222	0
1727	186	0
1728	219	0
1729	193	0
1730	196	0
1731	181	0
1732	183	0
1733	195	0
1734	192	0
1735	188	0
1736	216	0
1737	213	0
1738	208	0
1739	206	0
1740	206	0
1741	194	0
1742	204	0
1743	186	0
1744	200	0
1745	206	0
1746	181	0
1747	182	0
1748	203	0
1749	217	0
1750	191	0
1751	174	0
1752	202	0
1753	200	0
1754	203	0
1755	190	0
1756	176	0
1757	201	0
1758	190	0
1759	192	0
1760	180	0
1761	207	0
1762	192	0
1763	190	0
1764	215	0
1765	179	0
1766	178	0
1767	196	0
1768	196	0
1769	206	0
1770	182	0
1771	196	0
1772	232	0
1773	190	0
1774	194	0
1775	221	0
1776	229	0
1777	178	0
1778	195	0
1779	187	0
1780	204	0
1781	208	0
1782	216	0
1783	199	0
1784	194	0
1785	223	0
1786	197	0
1787	200	0
1788	179	0
1789	195	0
1790	182	0
1791	199	0
1792	167	0
1793	190	0
1794	202	0
1795	192	0
1796	217	0
1797	208	0
1798	217	0
1799	199	0
1800	210	0
1801	183	0
1802	167	0
1803	200	0
1804	193	0
1805	178	0
1806	210	0
1807	196	0
1808	209	0
1809	186	0
1810	192	0
1811	237	0
1812	179	0
1813	198	0
1814	185	0
1815	206	0
1816	194	0
1817	214	0
1818	210	0
1819	201	0
1820	227	0
1821	202	0
1822	195	0
1823	210	0
1824	229	0
1825	192	0
1826	201	0
1827	207	0
1828	189	0
1829	195	0
1830	202	0
1831	174	0
1832	200	0
1833	193	0
1834	194	0
1835	209	0
1836	191	0
1837	187	0
1838	199	0
1839	179	0
1840	186	0
1841	195	0
1842	203	0
1843	171	0
1844	205	0
1845	193	0
1846	210	0
1847	205	0
1848	200	0
1849	185	0
1850	199	0
1851	196	0
1852	194	0
1853	173	0
1854	190	0
1855	227	0
1856	209	0
1857	212	0
1858	218	0
1859	205	0
1860	183	0
1861	207	0
1862	204	0
1863	206	0
1864	227	0
1865	189	0
1866	221	0
1867	205	0
1868	169	0
1869	197	0
1870	183	0
1871	189	0
1872	201	0
1873	213	0
1874	201	0
1875	190	0
1876	198	0
1877	172	0
1878	228	0
1879	217	0
1880	180	0
1881	200	0
1882	202	0
1883	196	0
1884	205	0
1885	202	0
1886	209	0
1887	201	0
1888	198	0
1889	189	0
1890	227	0
1891	193	0
1892	201	0
1893	191	0
1894	192	0
1895	205	0
1896	201	0
1897	212	0
1898	184	0
1899	200	0
1900	191	0
1901	195	0
1902	190	0
1903	197	0
1904	174	0
1905	193	0
1906	194	0
1907	212	0
1908	195	0
1909	202	0
1910	196	0
1911	200	0
1912	188	0
1913	224	0
1914	199	0
1915	184	0
1916	215	0
1917	197	0
1918	204	0
1919	205	0
1920	184	0
1921	195	0
1922	183	0
1923	200	0
1924	210	0
1925	228	0
1926	202	0
1927	200	0
1928	193	0
1929	236	0
1930	193	0
1931	195	0
1932	186	0
1933	163	0
1934	189	0
1935	215	0
1936	210	0
1937	214	0
1938	181	0
1939	197	0
1940	222	0
1941	199	0
1942	205	0
1943	202	0
1944	197	0
1945	209	0
1946	190	0
1947	164	0
1948	174	0
1949	201	0
1950	180	0
1951	198	0
1952	225	0
1953	211	0
1954	193	0
1955	214	0
1956	192	0
1957	194	0
1958	213	0
1959	186	0
1960	191	0
1961	206	0
1962	231	0
1963	202	0
1964	223	0
1965	217	0
1966	203	0
1967	203	0
1968	190	0
1969	178	0
1970	196	0
1971	211	0
1972	181	0
1973	187	0
1974	199	0
1975	168	0
1976	211	0
1977	181	0
1978	190	0
1979	219	0
1980	173	0
1981	187	0
1982	200	0
1983	184	0
1984	188	0
1985	198	0
1986	191	0
1987	231	0
1988	191	0
1989	189	0
1990	180	0
1991	219	0
1992	177	0
1993	185	0
1994	211	0
1995	194	0
1996	186	0
1997	166	0
1998	219	0
1999	216	0
2000	218	0
2001	213	0
2002	209	0
2003	194	0
2004	194	0
2005	220	0
2006	193	0
2007	217	0
2008	189	0
2009	177	0
2010	187	0
2011	196	0
2012	182	0
2013	212	0
2014	199	0
2015	218	0
2016	198	0
2017	190	0
2018	185	0
2019	196	0
2020	209	0
2021	198	0
2022	188	0
2023	173	0
2024	206	0
2025	171	0
2026	208	0
2027	199	0
2028	206	0
2029	192	0
2030	209	0
2031	208	0
2032	200	0
2033	203	0
2034	184	0
2035	186	0
2036	196	0
2037	200	0
2038	176	0
2039	233	0
2040	186	0
2041	180	0
2042	203	0
2043	196	0
2044	219	0
2045	197	0
2046	193	0
2047	194	0
2048	197	0
2049	176	0
2050	191	0
2051	192	0
2052	215	0
2053	193	0
2054	185	0
2055	202	0
2056	187	0
2057	195	0
2058	201	0
2059	220	0
2060	190	0
2061	197	0
2062	222	0
2063	197	0
2064	193	0
2065	206	0
2066	192	0
2067	171	0
2068	182	0
2069	191	0
2070	214	0
2071	215	0
2072	215	0
2073	185	0
2074	166	0
2075	176	0
2076	216	0
2077	178	0
2078	194	0
2079	184	0
2080	198	0
2081	171	0
2082	193	0
2083	193	0
2084	210	0
2085	191	0
2086	197	0
2087	191	0
2088	178	0
2089	204	0
2090	185	0
2091	201	0
2092	206	0
2093	206	0
2094	179	0
2095	188	0
2096	212	0
2097	216	0
2098	199	0
2099	211	0
2100	194	0
2101	208	0
2102	181	0
2103	203	0
2104	193	0
2105	202	0
2106	191	0
2107	185	0
2108	215	0
2109	208	0
2110	179	0
2111	207	0
2112	187	0
2113	252	0
2114	191	0
2115	180	0
2116	189	0
2117	186	0
2118	189	0
2119	198	0
2120	215	0
2121	157	0
2122	216	0
2123	219	0
2124	191	0
2125	186	0
2126	207	0
2127	209	0
2128	209	0
2129	206	0
2130	234	0
2131	180	0
2132	193	0
2133	211	0
2134	209	0
2135	203	0
2136	217	0
2137	179	0
2138	175	0
2139	198	0
2140	196	0
2141	197	0
2142	198	0
2143	188	0
2144	201	0
2145	214	0
2146	189	0
2147	206	0
2148	216	0
2149	194	0
2150	181	0
2151	189	0
2152	182	0
2153	175	0
2154	211	0
2155	188	0
2156	210	0
2157	187	0
2158	222	0
2159	175	0
2160	196	0
2161	176	0
2162	206	0
2163	222	0
2164	198	0
2165	204	0
2166	199	0
2167	201	0
2168	200	0
2169	184	0
2170	188	0
2171	195	0
2172	171	0
2173	163	0
2174	204	0
2175	197	0
2176	184	0
2177	192	0
2178	204	0
2179	209	0
2180	179	0
2181	208	0
2182	189	0
2183	202	0
2184	230	0
2185	210	0
2186	207	0
2187	209	0
2188	218	0
2189	203	0
2190	201	0
2191	199	0
2192	206	0
2193	205	0
2194	195	0
2195	208	0
2196	181	0
2197	205	0
2198	189	0
2199	208	0
2200	202	0
2201	219	0
2202	185	0
2203	195	0
2204	202	0
2205	207	0
2206	217	0
2207	208	0
2208	205	0
2209	192	0
2210	198	0
2211	200	0
2212	195	0
2213	184	0
2214	195	0
2215	202	0
2216	177	0
2217	207	0
2218	188	0
2219	179	0
2220	216	0
2221	205	0
2222	216	0
2223	193	0
2224	197	0
2225	189	0
2226	203	0
2227	204	0
2228	191	0
2229	181	0
2230	193	0
2231	206	0
2232	201	0
2233	222	0
2234	178	0
2235	208	0
2236	202	0
2237	190	0
2238	199	0
2239	196	0
2240	175	0
2241	207	0
2242	184	0
2243	178	0
2244	192	0
2245	199	0
2246	170	0
2247	190	0
2248	191	0
2249	202	0
2250	201	0
2251	184	0
2252	185	0
2253	212	0
2254	197	0
2255	186	0
2256	198	0
2257	192	0
2258	196	0
2259	192	0
2260	211	0
2261	205	0
2262	209	0
2263	196	0
2264	185	0
2265	191	0
2266	203	0
2267	200	0
2268	184	0
2269	188	0
2270	205	0
2271	188	0
2272	193	0
2273	183	0
2274	206	0
2275	189	0
2276	207	0
2277	194	0
2278	189	0
2279	203	0
2280	198	0
2281	202	0
2282	211	0
2283	228	0
2284	173	0
2285	166	0
2286	195	0
2287	198	0
2288	187	0
2289	203	0
2290	190	0
2291	203	0
2292	190	0
2293	176	0
2294	203	0
2295	196	0
2296	200	0
2297	195	0
2298	200	0
2299	207	0
2300	219	0
2301	192	0
2302	187	0
2303	195	0
2304	190	0
2305	197	0
2306	196	0
2307	218	0
2308	196	0
2309	183	0
2310	224	0
2311	197	0
2312	218	0
2313	185	0
2314	212	0
2315	199	0
2316	203	0
2317	199	0
2318	192	0
2319	219	0
2320	187	0
2321	209	0
2322	199	0
2323	211	0
2324	181	0
2325	208	0
2326	201	0
2327	186	0
2328	206	0
2329	196	0
2330	175	0
2331	220	0
2332	196	0
2333	189	0
2334	203	0
2335	199	0
2336	182	0
2337	184	0
2338	188	0
2339	240	0
2340	238	0
2341	213	0
2342	203	0
2343	208	0
2344	175	0
2345	221	0
2346	182	0
2347	209	0
2348	200	0
2349	176	0
2350	165	0
2351	194	0
2352	198	0
2353	190	0
2354	201	0
2355	175	0
2356	213	0
2357	182	0
2358	210	0
2359	187	0
2360	189	0
2361	187	0
2362	181	0
2363	193	0
2364	202	0
2365	223	0
2366	201	0
2367	226	0
2368	218	0
2369	189	0
2370	193	0
2371	189	0
2372	207	0
2373	217	0
2374	210	0
2375	188	0
2376	195	0
2377	195	0
2378	173	0
2379	194	0
2380	190	0
2381	186	0
2382	164	0
2383	199	0
2384	217	0
2385	194	0
2386	173	0
2387	217	0
2388	191	0
2389	192	0
2390	191	0
2391	185	0
2392	207	0
2393	188	0
2394	193	0
2395	179	0
2396	187	0
2397	202	0
2398	207	0
2399	209	0
2400	185	0
2401	200	0
2402	193	0
2403	213	0
2404	194	0
2405	223	0
2406	212	0
2407	186	0
2408	195	0
2409	189	0
2410	190	0
2411	177	0
2412	189	0
2413	202	0
2414	196	0
2415	162	0
2416	174	0
2417	179	0
2418	185	0
2419	195	0
2420	201	0
2421	203	0
2422	202	0
2423	227	0
2424	207	0
2425	204	0
2426	182	0
2427	244	0
2428	218	0
2429	207	0
2430	187	0
2431	212	0
2432	203	0
2433	179	0
2434	177	0
2435	203	0
2436	200	0
2437	199	0
2438	181	0
2439	206	0
2440	213	0
2441	213	0
2442	185	0
2443	182	0
2444	198	0
2445	217	0
2446	203	0
2447	199	0
2448	214	0
2449	191	0
2450	195	0
2451	195	0
2452	223	0
2453	195	0
2454	197	0
2455	220	0
2456	219	0
2457	193	0
2458	199	0
2459	208	0
2460	205	0
2461	208	0
2462	206	0
2463	192	0
2464	180	0
2465	192	0
2466	211	0
2467	209	0
2468	203	0
2469	214	0
2470	192	0
2471	175	0
2472	201	0
2473	195	0
2474	173	0
2475	184	0
2476	214	0
2477	192	0
2478	200	0
2479	216	0
2480	211	0
2481	205	0
2482	220	0
2483	186	0
2484	208	0
2485	209	0
2486	177	0
2487	171	0
2488	200	0
2489	182	0
2490	194	0
2491	218	0
2492	181	0
2493	199	0
2494	228	0
2495	237	0
2496	205	0
2497	199	0
2498	167	0
2499	228	0
2500	201	0
2501	166	0
2502	206	0
2503	216	0
2504	184	0
2505	203	0
2506	205	0
2507	194	0
2508	179	0
2509	198	0
2510	219	0
2511	148	0
2512	196	0
2513	199	0
2514	211	0
2515	187	0
2516	186	0
2517	210	0
2518	196	0
2519	202	0
2520	202	0
2521	190	0
2522	192	0
2523	195	0
2524	209	0
2525	205	0
2526	210	0
2527	187	0
2528	212	0
2529	210	0
2530	167	0
2531	182	0
2532	209	0
2533	212	0
2534	209	0
2535	234	0
2536	196	0
2537	187	0
2538	188	0
2539	218	0
2540	211	0
2541	209	0
2542	193	0
2543	184	0
2544	183	0
2545	184	0
2546	199	0
2547	201	0
2548	207	0
2549	197	0
2550	188	0
2551	185	0
2552	232	0
2553	187	0
2554	204	0
2555	186	0
2556	162	0
2557	189	0
2558	178	0
2559	206	0
2560	220	0
2561	224	0
2562	200	0
2563	204	0
2564	195	0
2565	214	0
2566	221	0
2567	216	0
2568	192	0
2569	199	0
2570	210	0
2571	215	0
2572	196	0
2573	187	0
2574	192	0
2575	191	0
2576	201	0
2577	189	0
2578	204	0
2579	194	0
2580	186	0
2581	181	0
2582	217	0
2583	215	0
2584	202	0
2585	190	0
2586	194	0
2587	186	0
2588	215	0
2589	222	0
2590	186	0
2591	179	0
2592	204	0
2593	188	0
2594	202	0
2595	202	0
2596	180	0
2597	209	0
2598	203	0
2599	181	0
2600	181	0
2601	195	0
2602	203	0
2603	217	0
2604	193	0
2605	203	0
2606	196	0
2607	187	0
2608	191	0
2609	194	0
2610	201	0
2611	194	0
2612	209	0
2613	193	0
2614	213	0
2615	221	0
2616	207	0
2617	212	0
2618	176	0
2619	203	0
2620	216	0
2621	187	0
2622	197	0
2623	185	0
2624	211	0
2625	215	0
2626	221	0
2627	214	0
2628	214	0
2629	203	0
2630	211	0
2631	188	0
2632	187	0
2633	197	0
2634	207	0
2635	202	0
2636	194	0
2637	196	0
2638	211	0
2639	208	0
2640	207	0
2641	202	0
2642	209	0
2643	190	0
2644	199	0
2645	198	0
2646	195	0
2647	208	0
2648	183	0
2649	206	0
2650	220	0
2651	203	0
2652	211	0
2653	201	0
2654	198	0
2655	183	0
2656	197	0
2657	204	0
2658	204	0
2659	209	0
2660	192	0
2661	210	0
2662	189	0
2663	176	0
2664	187	0
2665	218	0
2666	176	0
2667	211	0
2668	190	0
2669	223	0
2670	181	0
2671	176	0
2672	204	0
2673	213	0
2674	200	0
2675	190	0
2676	201	0
2677	205	0
2678	182	0
2679	209	0
2680	184	0
2681	200	0
2682	180	0
2683	204	0
2684	193	0
2685	209	0
2686	191	0
2687	200	0
2688	207	0
2689	200	0
2690	202	0
2691	187	0
2692	174	0
2693	209	0
2694	176	0
2695	204	0
2696	171	0
2697	206	0
2698	223	0
2699	201	0
2700	196	0
2701	209	0
2702	162	0
2703	175	0
2704	202	0
2705	196	0
2706	186	0
2707	186	0
2708	190	0
2709	185	0
2710	198	0
2711	218	0
2712	200	0
2713	209	0
2714	185	0
2715	201	0
2716	182	0
2717	200	0
2718	206	0
2719	194	0
2720	200	0
2721	181	0
2722	181	0
2723	207	0
2724	184	0
2725	181	0
2726	196	0
2727	211	0
2728	202	0
2729	203	0
2730	204	0
2731	187	0
2732	241	0
2733	215	0
2734	191	0
2735	193	0
2736	215	0
2737	225	0
2738	196	0
2739	195	0
2740	226	0
2741	182	0
2742	171	0
2743	163	0
2744	178	0
2745	207	0
2746	193	0
2747	197	0
2748	194	0
2749	190	0
2750	165	0
2751	236	0
2752	208	0
2753	206	0
2754	189	0
2755	217	0
2756	196	0
2757	227	0
2758	172	0
2759	208	0
2760	207	0
2761	203	0
2762	212	0
2763	184	0
2764	208	0
2765	179	0
2766	192	0
2767	191	0
2768	195	0
2769	200	0
2770	177	0
2771	188	0
2772	216	0
2773	200	0
2774	212	0
2775	203	0
2776	192	0
2777	228	0
2778	196	0
2779	192	0
2780	192	0
2781	205	0
2782	197	0
2783	230	0
2784	220	0
2785	184	0
2786	225	0
2787	195	0
2788	200	0
2789	197	0
2790	198	0
2791	199	0
2792	181	0
2793	203	0
2794	211	0
2795	198	0
2796	212	0
2797	193	0
2798	203	0
2799	211	0
2800	205	0
2801	180	0
2802	197	0
2803	211	0
2804	218	0
2805	204	0
2806	214	0
2807	208	0
2808	205	0
2809	214	0
2810	193	0
2811	192	0
2812	190	0
2813	196	0
2814	197	0
2815	211	0
2816	174	0
2817	199	0
2818	193	0
2819	182	0
2820	216	0
2821	172	0
2822	180	0
2823	183	0
2824	225	0
2825	204	0
2826	195	0
2827	209	0
2828	218	0
2829	185	0
2830	193	0
2831	213	0
2832	219	0
2833	199	0
2834	172	0
2835	214	0
2836	188	0
2837	185	0
2838	178	0
2839	208	0
2840	213	0
2841	199	0
2842	225	0
2843	198	0
2844	240	0
2845	212	0
2846	200	0
2847	181	0
2848	198	0
2849	202	0
2850	210	0
2851	186	0
2852	181	0
2853	212	0
2854	171	0
2855	207	0
2856	220	0
2857	189	0
2858	183	0
2859	194	0
2860	180	0
2861	187	0
2862	205	0
2863	184	0
2864	195	0
2865	201	0
2866	182	0
2867	209	0
2868	205	0
2869	230	0
2870	218	0
2871	244	0
2872	212	0
2873	192	0
2874	184	0
2875	208	0
2876	206	0
2877	186	0
2878	200	0
2879	185	0
2880	192	0
2881	216	0
2882	215	0
2883	206	0
2884	159	0
2885	193	0
2886	216	0
2887	193	0
2888	176	0
2889	193	0
2890	204	0
2891	185	0
2892	215	0
2893	232	0
2894	211	0
2895	184	0
2896	204	0
2897	187	0
2898	200	0
2899	185	0
2900	186	0
2901	192	0
2902	189	0
2903	178	0
2904	205	0
2905	214	0
2906	199	0
2907	219	0
2908	187	0
2909	218	0
2910	190	0
2911	195	0
2912	237	0
2913	192	0
2914	187	0
2915	191	0
2916	200	0
2917	213	0
2918	181	0
2919	230	0
2920	193	0
2921	216	0
2922	192	0
2923	205	0
2924	218	0
2925	206	0
2926	175	0
2927	194	0
2928	204	0
2929	226	0
2930	195	0
2931	202	0
2932	193	0
2933	196	0
2934	189	0
2935	182	0
2936	214	0
2937	206	0
2938	199	0
2939	206	0
2940	202	0
2941	215	0
2942	180	0
2943	218	0
2944	203	0
2945	194	0
2946	187	0
2947	201	0
2948	176	0
2949	177	0
2950	183	0
2951	186	0
2952	208	0
2953	220	0
2954	178	0
2955	182	0
2956	213	0
2957	202	0
2958	188	0
2959	211	0
2960	174	0
2961	197	0
2962	177	0
2963	208	0
2964	206	0
2965	179	0
2966	213	0
2967	202	0
2968	193	0
2969	196	0
2970	202	0
2971	199	0
2972	186	0
2973	203	0
2974	169	0
2975	239	0
2976	167	0
2977	191	0
2978	213	0
2979	197	0
2980	166	0
2981	172	0
2982	194	0
2983	195	0
2984	190	0
2985	211	0
2986	192	0
2987	214	0
2988	207	0
2989	182	0
2990	205	0
2991	203	0
2992	176	0
2993	205	0
2994	178	0
2995	187	0
2996	209	0
2997	198	0
2998	189	0
2999	202	0
3000	177	0
