1	193	0
2	175	0
3	200	0
4	190	0
5	211	0
6	207	0
7	202	0
8	192	0
9	197	0
10	181	0
11	202	0
12	191	0
13	184	0
14	189	0
15	175	0
16	192	0
17	198	0
18	201	0
19	208	0
20	221	0
21	168	0
22	201	0
23	197	0
24	175	0
25	174	0
26	221	0
27	202	0
28	193	0
29	201	0
30	213	0
31	202	0
32	201	0
33	184	0
34	199	0
35	193	0
36	182	0
37	169	0
38	196	0
39	245	0
40	186	0
41	200	0
42	203	0
43	199	0
44	199	0
45	188	0
46	186	0
47	201	0
48	184	0
49	202	0
50	186	0
51	173	0
52	185	0
53	202	0
54	198	0
55	195	0
56	221	0
57	181	0
58	225	0
59	196	0
60	210	0
61	206	0
62	206	0
63	191	0
64	189	0
65	198	0
66	190	0
67	198	0
68	210	0
69	206	0
70	219	0
71	204	0
72	200	0
73	205	0
74	200	0
75	169	0
76	197	0
77	185	0
78	180	0
79	188	0
80	212	0
81	195	0
82	187	0
83	203	0
84	182	0
85	201	0
86	181	0
87	210	0
88	163	0
89	187	0
90	171	0
91	200	0
92	225	0
93	208	0
94	190	0
95	186	0
96	182	0
97	209	0
98	210	0
99	197	0
100	201	0
101	195	0
102	222	0
103	212	0
104	199	0
105	204	0
106	201	0
107	196	0
108	189	0
109	177	0
110	211	0
111	180	0
112	184	0
113	178	0
114	201	0
115	200	0
116	199	0
117	241	0
118	184	0
119	193	0
120	167	0
121	208	0
122	190	0
123	195	0
124	221	0
125	213	0
126	187	0
127	209	0
128	202	0
129	188	0
130	228	0
131	215	0
132	194	0
133	182	0
134	196	0
135	178	0
136	208	0
137	195	0
138	172	0
139	180	0
140	188	0
141	200	0
142	185	0
143	208	0
144	217	0
145	196	0
146	228	0
147	206	0
148	170	0
149	192	0
150	194	0
151	208	0
152	197	0
153	200	0
154	205	0
155	207	0
156	192	0
157	182	0
158	200	0
159	197	0
160	200	0
161	197	0
162	212	0
163	206	0
164	179	0
165	193	0
166	193	0
167	237	0
168	219	0
169	199	0
170	219	0
171	195	0
172	178	0
173	203	0
174	202	0
175	214	0
176	207	0
177	217	0
178	219	0
179	189	0
180	204	0
181	200	0
182	195	0
183	205	0
184	192	0
185	220	0
186	196	0
187	208	0
188	218	0
189	188	0
190	216	0
191	199	0
192	232	0
193	194	0
194	210	0
195	238	0
196	175	0
197	205	0
198	201	0
199	199	0
200	205	0
201	209	0
202	189	0
203	210	0
204	215	0
205	191	0
206	193	0
207	173	0
208	203	0
209	211	0
210	233	0
211	214	0
212	205	0
213	185	0
214	201	0
215	178	0
216	216	0
217	187	0
218	182	0
219	219	0
220	175	0
221	195	0
222	204	0
223	205	0
224	194	0
225	191	0
226	190	0
227	173	0
228	220	0
229	198	0
230	199	0
231	210	0
232	204	0
233	205	0
234	207	0
235	203	0
236	194	0
237	207	0
238	228	0
239	220	0
240	171	0
241	213	0
242	231	0
243	200	0
244	203	0
245	195	0
246	230	0
247	196	0
248	177	0
249	205	0
250	193	0
251	186	0
252	198	0
253	184	0
254	179	0
255	222	0
256	209	0
257	191	0
258	204	0
259	185	0
260	198	0
261	220	0
262	194	0
263	184	0
264	224	0
265	205	0
266	220	0
267	199	0
268	210	0
269	199	0
270	173	0
271	203	0
272	202	0
273	204	0
274	178	0
275	196	0
276	194	0
277	198	0
278	179	0
279	184	0
280	210	0
281	179	0
282	223	0
283	173	0
284	172	0
285	197	0
286	201	0
287	218	0
288	192	0
289	212	0
290	177	0
291	211	0
292	204	0
293	202	0
294	194	0
295	201	0
296	212	0
297	179	0
298	208	0
299	182	0
300	205	0
301	170	0
302	187	0
303	192	0
304	198	0
305	225	0
306	202	0
307	201	0
308	207	0
309	216	0
310	207	0
311	207	0
312	206	0
313	187	0
314	192	0
315	200	0
316	203	0
317	199	0
318	191	0
319	191	0
320	192	0
321	211	0
322	193	0
323	209	0
324	187	0
325	186	0
326	206	0
327	190	0
328	173	0
329	191	0
330	204	0
331	180	0
332	197	0
333	193	0
334	195	0
335	210	0
336	166	0
337	223	0
338	210	0
339	189	0
340	212	0
341	190	0
342	198	0
343	198	0
344	193	0
345	166	0
346	195	0
347	184	0
348	199	0
349	226	0
350	185	0
351	195	0
352	196	0
353	210	0
354	191	0
355	210	0
356	230	0
357	197	0
358	193	0
359	167	0
360	205	0
361	198	0
362	224	0
363	184	0
364	201	0
365	167	0
366	173	0
367	194	0
368	196	0
369	188	0
370	201	0
371	209	0
372	194	0
373	210	0
374	198	0
375	195	0
376	198	0
377	168	0
378	198	0
379	199	0
380	204	0
381	194	0
382	199	0
383	223	0
384	200	0
385	207	0
386	202	0
387	186	0
388	213	0
389	199	0
390	198	0
391	199	0
392	197	0
393	208	0
394	220	0
395	182	0
396	182	0
397	209	0
398	192	0
399	203	0
400	177	0
401	180	0
402	183	0
403	209	0
404	209	0
405	197	0
406	196	0
407	175	0
408	205	0
409	207	0
410	208	0
411	176	0
412	212	0
413	191	0
414	182	0
415	176	0
416	207	0
417	195	0
418	225	0
419	204	0
420	212	0
421	233	0
422	197	0
423	210	0
424	195	0
425	210	0
426	203	0
427	209	0
428	186	0
429	175	0
430	171	0
431	218	0
432	197	0
433	194	0
434	210	0
435	205	0
436	195	0
437	205	0
438	219	0
439	210	0
440	187	0
441	202	0
442	196	0
443	172	0
444	196	0
445	168	0
446	211	0
447	206	0
448	192	0
449	203	0
450	202	0
451	179	0
452	199	0
453	197	0
454	208	0
455	200	0
456	208	0
457	195	0
458	189	0
459	203	0
460	183	0
461	217	0
462	194	0
463	230	0
464	181	0
465	180	0
466	194	0
467	204	0
468	178	0
469	223	0
470	205	0
471	207	0
472	212	0
473	205	0
474	218	0
475	197	0
476	188	0
477	184	0
478	178	0
479	186	0
480	188	0
481	193	0
482	198	0
483	207	0
484	196	0
485	223	0
486	180	0
487	191	0
488	201	0
489	168	0
490	197	0
491	199	0
492	202	0
493	187	0
494	215	0
495	206	0
496	195	0
497	191	0
498	193	0
499	174	0
500	201	0
501	184	0
502	208	0
503	194	0
504	205	0
505	203	0
506	194	0
507	224	0
508	177	0
509	190	0
510	181	0
511	191	0
512	215	0
513	217	0
514	186	0
515	193	0
516	217	0
517	178	0
518	182	0
519	188	0
520	199	0
521	194	0
522	213	0
523	206	0
524	202	0
525	196	0
526	186	0
527	193	0
528	200	0
529	199	0
530	201	0
531	209	0
532	195	0
533	202	0
534	202	0
535	209	0
536	201	0
537	201	0
538	195	0
539	221	0
540	199	0
541	207	0
542	182	0
543	196	0
544	190	0
545	178	0
546	173	0
547	198	0
548	201	0
549	188	0
550	209	0
551	193	0
552	195	0
553	215	0
554	227	0
555	185	0
556	209	0
557	195	0
558	169	0
559	187	0
560	214	0
561	178	0
562	186	0
563	221	0
564	180	0
565	208	0
566	199	0
567	219	0
568	188	0
569	160	0
570	202	0
571	215	0
572	210	0
573	189	0
574	192	0
575	188	0
576	194	0
577	188	0
578	217	0
579	198	0
580	203	0
581	195	0
582	198	0
583	199	0
584	213	0
585	213	0
586	168	0
587	174	0
588	181	0
589	232	0
590	191	0
591	199	0
592	194	0
593	178	0
594	197	0
595	198	0
596	210	0
597	191	0
598	203	0
599	203	0
600	196	0
601	194	0
602	199	0
603	211	0
604	202	0
605	199	0
606	209	0
607	199	0
608	212	0
609	206	0
610	189	0
611	229	0
612	183	0
613	203	0
614	185	0
615	201	0
616	223	0
617	190	0
618	193	0
619	204	0
620	217	0
621	197	0
622	205	0
623	220	0
624	191	0
625	176	0
626	208	0
627	228	0
628	214	0
629	204	0
630	193	0
631	198	0
632	214	0
633	173	0
634	223	0
635	195	0
636	216	0
637	199	0
638	180	0
639	197	0
640	180	0
641	197	0
642	192	0
643	216	0
644	203	0
645	183	0
646	177	0
647	179	0
648	187	0
649	187	0
650	224	0
651	191	0
652	219	0
653	209	0
654	201	0
655	199	0
656	206	0
657	201	0
658	224	0
659	205	0
660	185	0
661	205	0
662	193	0
663	220	0
664	167	0
665	232	0
666	170	0
667	205	0
668	206	0
669	206	0
670	183	0
671	193	0
672	184	0
673	181	0
674	229	0
675	164	0
676	188	0
677	191	0
678	213	0
679	186	0
680	180	0
681	223	0
682	206	0
683	215	0
684	209	0
685	193	0
686	195	0
687	210	0
688	210	0
689	192	0
690	163	0
691	216	0
692	179	0
693	191	0
694	197	0
695	204	0
696	214	0
697	225	0
698	215	0
699	179	0
700	207	0
701	170	0
702	196	0
703	206	0
704	206	0
705	200	0
706	194	0
707	204	0
708	201	0
709	214	0
710	212	0
711	192	0
712	196	0
713	208	0
714	193	0
715	194	0
716	211	0
717	197	0
718	200	0
719	208	0
720	174	0
721	203	0
722	186	0
723	184	0
724	216	0
725	202	0
726	201	0
727	208	0
728	200	0
729	201	0
730	183	0
731	230	0
732	186	0
733	216	0
734	206	0
735	196	0
736	197	0
737	197	0
738	193	0
739	197	0
740	198	0
741	196	0
742	224	0
743	193	0
744	184	0
745	196	0
746	191	0
747	202	0
748	205	0
749	211	0
750	165	0
751	201	0
752	177	0
753	229	0
754	215	0
755	206	0
756	210	0
757	174	0
758	217	0
759	193	0
760	183	0
761	166	0
762	183	0
763	178	0
764	206	0
765	191	0
766	221	0
767	197	0
768	202	0
769	205	0
770	199	0
771	211	0
772	211	0
773	216	0
774	180	0
775	188	0
776	173	0
777	193	0
778	189	0
779	184	0
780	209	0
781	199	0
782	185	0
783	195	0
784	216	0
785	194	0
786	194	0
787	213	0
788	199	0
789	193	0
790	184	0
791	203	0
792	223	0
793	195	0
794	183	0
795	213	0
796	191	0
797	190	0
798	205	0
799	193	0
800	206	0
801	220	0
802	206	0
803	199	0
804	188	0
805	201	0
806	231	0
807	171	0
808	174	0
809	188	0
810	190	0
811	199	0
812	202	0
813	168	0
814	188	0
815	194	0
816	186	0
817	203	0
818	223	0
819	169	0
820	192	0
821	178	0
822	211	0
823	199	0
824	191	0
825	174	0
826	199	0
827	172	0
828	194	0
829	200	0
830	201	0
831	179	0
832	193	0
833	209	0
834	191	0
835	195	0
836	184	0
837	178	0
838	205	0
839	236	0
840	196	0
841	193	0
842	175	0
843	205	0
844	213	0
845	212	0
846	194	0
847	182	0
848	211	0
849	175	0
850	181	0
851	215	0
852	197	0
853	207	0
854	232	0
855	206	0
856	197	0
857	193	0
858	211	0
859	193	0
860	188	0
861	195	0
862	196	0
863	192	0
864	228	0
865	184	0
866	196	0
867	174	0
868	226	0
869	176	0
870	198	0
871	220	0
872	202	0
873	210	0
874	198	0
875	195	0
876	204	0
877	218	0
878	202	0
879	194	0
880	200	0
881	197	0
882	224	0
883	209	0
884	196	0
885	213	0
886	197	0
887	197	0
888	181	0
889	203	0
890	184	0
891	178	0
892	200	0
893	199	0
894	212	0
895	188	0
896	203	0
897	175	0
898	191	0
899	224	0
900	225	0
901	198	0
902	216	0
903	195	0
904	198	0
905	181	0
906	219	0
907	191	0
908	214	0
909	199	0
910	195	0
911	184	0
912	209	0
913	177	0
914	172	0
915	215	0
916	198	0
917	213	0
918	187	0
919	185	0
920	186	0
921	204	0
922	196	0
923	196	0
924	178	0
925	188	0
926	216	0
927	199	0
928	190	0
929	185	0
930	227	0
931	217	0
932	196	0
933	187	0
934	185	0
935	194	0
936	178	0
937	196	0
938	206	0
939	198	0
940	212	0
941	207	0
942	179	0
943	205	0
944	179	0
945	173	0
946	186	0
947	188	0
948	182	0
949	228	0
950	184	0
951	202	0
952	201	0
953	190	0
954	209	0
955	181	0
956	196	0
957	225	0
958	198	0
959	193	0
960	201	0
961	195	0
962	219	0
963	192	0
964	225	0
965	179	0
966	179	0
967	194	0
968	215	0
969	190	0
970	184	0
971	200	0
972	204	0
973	207	0
974	198	0
975	192	0
976	189	0
977	182	0
978	216	0
979	170	0
980	191	0
981	224	0
982	202	0
983	214	0
984	190	0
985	208	0
986	212	0
987	183	0
988	190	0
989	221	0
990	169	0
991	188	0
992	208	0
993	185	0
994	188	0
995	209	0
996	206	0
997	199	0
998	195	0
999	230	0
1000	208	0
1001	193	0
1002	206	0
1003	160	0
1004	207	0
1005	204	0
1006	199	0
1007	201	0
1008	189	0
1009	165	0
1010	206	0
1011	183	0
1012	189	0
1013	169	0
1014	202	0
1015	192	0
1016	189	0
1017	201	0
1018	203	0
1019	199	0
1020	214	0
1021	214	0
1022	188	0
1023	209	0
1024	199	0
1025	197	0
1026	190	0
1027	179	0
1028	207	0
1029	219	0
1030	195	0
1031	208	0
1032	199	0
1033	194	0
1034	191	0
1035	209	0
1036	192	0
1037	199	0
1038	185	0
1039	189	0
1040	197	0
1041	177	0
1042	164	0
1043	192	0
1044	193	0
1045	184	0
1046	201	0
1047	191	0
1048	183	0
1049	196	0
1050	216	0
1051	201	0
1052	188	0
1053	187	0
1054	215	0
1055	214	0
1056	211	0
1057	197	0
1058	202	0
1059	203	0
1060	220	0
1061	198	0
1062	182	0
1063	206	0
1064	183	0
1065	204	0
1066	188	0
1067	226	0
1068	194	0
1069	183	0
1070	206	0
1071	174	0
1072	205	0
1073	205	0
1074	191	0
1075	212	0
1076	186	0
1077	193	0
1078	170	0
1079	212	0
1080	211	0
1081	210	0
1082	177	0
1083	186	0
1084	175	0
1085	210	0
1086	232	0
1087	192	0
1088	203	0
1089	178	0
1090	196	0
1091	194	0
1092	197	0
1093	198	0
1094	183	0
1095	217	0
1096	191	0
1097	180	0
1098	171	0
1099	207	0
1100	201	0
1101	198	0
1102	227	0
1103	173	0
1104	194	0
1105	188	0
1106	178	0
1107	198	0
1108	202	0
1109	210	0
1110	223	0
1111	178	0
1112	191	0
1113	192	0
1114	216	0
1115	196	0
1116	205	0
1117	184	0
1118	199	0
1119	202	0
1120	189	0
1121	208	0
1122	203	0
1123	183	0
1124	204	0
1125	198	0
1126	200	0
1127	217	0
1128	197	0
1129	191	0
1130	175	0
1131	173	0
1132	196	0
1133	191	0
1134	203	0
1135	213	0
1136	190	0
1137	191	0
1138	186	0
1139	196	0
1140	218	0
1141	226	0
1142	199	0
1143	203	0
1144	197	0
1145	197	0
1146	202	0
1147	195	0
1148	217	0
1149	183	0
1150	218	0
1151	194	0
1152	212	0
1153	193	0
1154	207	0
1155	200	0
1156	195	0
1157	205	0
1158	180	0
1159	185	0
1160	173	0
1161	172	0
1162	196	0
1163	203	0
1164	207	0
1165	192	0
1166	200	0
1167	186	0
1168	208	0
1169	179	0
1170	193	0
1171	204	0
1172	186	0
1173	180	0
1174	220	0
1175	209	0
1176	190	0
1177	177	0
1178	197	0
1179	182	0
1180	190	0
1181	222	0
1182	194	0
1183	191	0
1184	235	0
1185	193	0
1186	177	0
1187	181	0
1188	176	0
1189	188	0
1190	179	0
1191	196	0
1192	208	0
1193	184	0
1194	197	0
1195	202	0
1196	202	0
1197	206	0
1198	183	0
1199	196	0
1200	228	0
1201	223	0
1202	171	0
1203	197	0
1204	193	0
1205	210	0
1206	201	0
1207	189	0
1208	190	0
1209	193	0
1210	183	0
1211	193	0
1212	195	0
1213	209	0
1214	190	0
1215	162	0
1216	167	0
1217	186	0
1218	191	0
1219	202	0
1220	198	0
1221	176	0
1222	199	0
1223	179	0
1224	214	0
1225	194	0
1226	184	0
1227	205	0
1228	201	0
1229	194	0
1230	206	0
1231	207	0
1232	186	0
1233	212	0
1234	189	0
1235	171	0
1236	196	0
1237	169	0
1238	212	0
1239	185	0
1240	184	0
1241	180	0
1242	204	0
1243	210	0
1244	190	0
1245	202	0
1246	192	0
1247	181	0
1248	227	0
1249	195	0
1250	178	0
1251	186	0
1252	188	0
1253	208	0
1254	209	0
1255	211	0
1256	195	0
1257	164	0
1258	226	0
1259	184	0
1260	191	0
1261	199	0
1262	199	0
1263	226	0
1264	167	0
1265	203	0
1266	206	0
1267	220	0
1268	182	0
1269	207	0
1270	200	0
1271	201	0
1272	200	0
1273	185	0
1274	224	0
1275	213	0
1276	204	0
1277	215	0
1278	214	0
1279	202	0
1280	196	0
1281	220	0
1282	172	0
1283	179	0
1284	206	0
1285	174	0
1286	216	0
1287	204	0
1288	194	0
1289	191	0
1290	181	0
1291	227	0
1292	190	0
1293	173	0
1294	206	0
1295	190	0
1296	196	0
1297	193	0
1298	169	0
1299	183	0
1300	193	0
1301	191	0
1302	195	0
1303	197	0
1304	214	0
1305	201	0
1306	185	0
1307	197	0
1308	198	0
1309	207	0
1310	191	0
1311	180	0
1312	178	0
1313	168	0
1314	192	0
1315	188	0
1316	204	0
1317	212	0
1318	210	0
1319	206	0
1320	206	0
1321	205	0
1322	180	0
1323	162	0
1324	180	0
1325	194	0
1326	193	0
1327	181	0
1328	201	0
1329	176	0
1330	207	0
1331	170	0
1332	198	0
1333	217	0
1334	173	0
1335	187	0
1336	193	0
1337	206	0
1338	190	0
1339	234	0
1340	215	0
1341	211	0
1342	210	0
1343	194	0
1344	190	0
1345	186	0
1346	206	0
1347	192	0
1348	187	0
1349	189	0
1350	190	0
1351	183	0
1352	173	0
1353	188	0
1354	200	0
1355	197	0
1356	184	0
1357	185	0
1358	202	0
1359	199	0
1360	181	0
1361	233	0
1362	220	0
1363	188	0
1364	199	0
1365	199	0
1366	199	0
1367	185	0
1368	193	0
1369	212	0
1370	247	0
1371	199	0
1372	186	0
1373	186	0
1374	186	0
1375	238	0
1376	190	0
1377	208	0
1378	171	0
1379	185	0
1380	201	0
1381	188	0
1382	181	0
1383	208	0
1384	212	0
1385	224	0
1386	196	0
1387	181	0
1388	198	0
1389	191	0
1390	192	0
1391	199	0
1392	193	0
1393	195	0
1394	184	0
1395	194	0
1396	194	0
1397	195	0
1398	195	0
1399	178	0
1400	237	0
1401	189	0
1402	200	0
1403	182	0
1404	189	0
1405	189	0
1406	181	0
1407	170	0
1408	198	0
1409	187	0
1410	213	0
1411	163	0
1412	205	0
1413	212	0
1414	183	0
1415	202	0
1416	180	0
1417	183	0
1418	200	0
1419	229	0
1420	215	0
1421	175	0
1422	214	0
1423	210	0
1424	178	0
1425	192	0
1426	198	0
1427	190	0
1428	214	0
1429	194	0
1430	191	0
1431	190	0
1432	189	0
1433	189	0
1434	211	0
1435	221	0
1436	197	0
1437	202	0
1438	197	0
1439	180	0
1440	181	0
1441	200	0
1442	211	0
1443	191	0
1444	191	0
1445	194	0
1446	189	0
1447	200	0
1448	188	0
1449	186	0
1450	192	0
1451	209	0
1452	214	0
1453	216	0
1454	199	0
1455	197	0
1456	194	0
1457	193	0
1458	201	0
1459	183	0
1460	207	0
1461	203	0
1462	218	0
1463	192	0
1464	186	0
1465	181	0
1466	206	0
1467	192	0
1468	212	0
1469	212	0
1470	197	0
1471	198	0
1472	225	0
1473	194	0
1474	213	0
1475	208	0
1476	212	0
1477	213	0
1478	214	0
1479	195	0
1480	203	0
1481	192	0
1482	204	0
1483	200	0
1484	157	0
1485	202	0
1486	211	0
1487	218	0
1488	218	0
1489	181	0
1490	225	0
1491	193	0
1492	176	0
1493	192	0
1494	193	0
1495	206	0
1496	201	0
1497	192	0
1498	184	0
1499	216	0
1500	208	0
1501	208	0
1502	201	0
1503	183	0
1504	221	0
1505	213	0
1506	214	0
1507	172	0
1508	181	0
1509	211	0
1510	208	0
1511	204	0
1512	211	0
1513	200	0
1514	193	0
1515	195	0
1516	210	0
1517	196	0
1518	195	0
1519	186	0
1520	189	0
1521	162	0
1522	174	0
1523	191	0
1524	192	0
1525	206	0
1526	177	0
1527	183	0
1528	204	0
1529	212	0
1530	208	0
1531	197	0
1532	204	0
1533	215	0
1534	196	0
1535	183	0
1536	209	0
1537	177	0
1538	194	0
1539	183	0
1540	220	0
1541	178	0
1542	204	0
1543	204	0
1544	195	0
1545	214	0
1546	207	0
1547	213	0
1548	205	0
1549	208	0
1550	169	0
1551	191	0
1552	214	0
1553	156	0
1554	192	0
1555	211	0
1556	179	0
1557	207	0
1558	197	0
1559	214	0
1560	200	0
1561	202	0
1562	209	0
1563	189	0
1564	186	0
1565	210	0
1566	227	0
1567	178	0
1568	205	0
1569	210	0
1570	202	0
1571	218	0
1572	191	0
1573	195	0
1574	208	0
1575	203	0
1576	206	0
1577	177	0
1578	216	0
1579	183	0
1580	178	0
1581	208	0
1582	233	0
1583	170	0
1584	198	0
1585	208	0
1586	208	0
1587	202	0
1588	209	0
1589	199	0
1590	201	0
1591	224	0
1592	183	0
1593	182	0
1594	186	0
1595	225	0
1596	218	0
1597	185	0
1598	195	0
1599	213	0
1600	208	0
1601	170	0
1602	189	0
1603	208	0
1604	223	0
1605	219	0
1606	195	0
1607	195	0
1608	183	0
1609	203	0
1610	203	0
1611	193	0
1612	228	0
1613	189	0
1614	213	0
1615	180	0
1616	170	0
1617	193	0
1618	187	0
1619	206	0
1620	200	0
1621	185	0
1622	184	0
1623	207	0
1624	211	0
1625	209	0
1626	188	0
1627	198	0
1628	201	0
1629	225	0
1630	169	0
1631	213	0
1632	215	0
1633	185	0
1634	180	0
1635	215	0
1636	198	0
1637	196	0
1638	219	0
1639	175	0
1640	219	0
1641	204	0
1642	193	0
1643	187	0
1644	197	0
1645	188	0
1646	193	0
1647	192	0
1648	201	0
1649	184	0
1650	189	0
1651	208	0
1652	198	0
1653	196	0
1654	188	0
1655	199	0
1656	181	0
1657	204	0
1658	202	0
1659	215	0
1660	175	0
1661	194	0
1662	218	0
1663	178	0
1664	203	0
1665	189	0
1666	185	0
1667	200	0
1668	193	0
1669	185	0
1670	200	0
1671	198	0
1672	211	0
1673	195	0
1674	201	0
1675	193	0
1676	195	0
1677	211	0
1678	188	0
1679	181	0
1680	203	0
1681	190	0
1682	189	0
1683	204	0
1684	165	0
1685	186	0
1686	187	0
1687	215	0
1688	194	0
1689	204	0
1690	206	0
1691	205	0
1692	194	0
1693	186	0
1694	183	0
1695	196	0
1696	183	0
1697	175	0
1698	193	0
1699	203	0
1700	199	0
1701	227	0
1702	190	0
1703	179	0
1704	186	0
1705	200	0
1706	193	0
1707	212	0
1708	209	0
1709	182	0
1710	217	0
1711	237	0
1712	191	0
1713	178	0
1714	205	0
1715	183	0
1716	205	0
1717	158	0
1718	188	0
1719	200	0
1720	187	0
1721	199	0
1722	211	0
1723	196	0
1724	194	0
1725	197	0
1726	215	0
1727	175	0
1728	194	0
1729	182	0
1730	181	0
1731	230	0
1732	200	0
1733	202	0
1734	191	0
1735	203	0
1736	215	0
1737	213	0
1738	202	0
1739	185	0
1740	197	0
1741	186	0
1742	190	0
1743	195	0
1744	202	0
1745	205	0
1746	211	0
1747	203	0
1748	191	0
1749	221	0
1750	198	0
1751	188	0
1752	187	0
1753	196	0
1754	213	0
1755	223	0
1756	177	0
1757	189	0
1758	182	0
1759	222	0
1760	202	0
1761	183	0
1762	201	0
1763	196	0
1764	178	0
1765	205	0
1766	194	0
1767	190	0
1768	188	0
1769	188	0
1770	194	0
1771	176	0
1772	186	0
1773	212	0
1774	196	0
1775	190	0
1776	202	0
1777	207	0
1778	173	0
1779	194	0
1780	178	0
1781	207	0
1782	186	0
1783	217	0
1784	223	0
1785	165	0
1786	204	0
1787	209	0
1788	199	0
1789	221	0
1790	186	0
1791	230	0
1792	180	0
1793	202	0
1794	202	0
1795	176	0
1796	174	0
1797	190	0
1798	195	0
1799	212	0
1800	211	0
1801	200	0
1802	172	0
1803	216	0
1804	185	0
1805	189	0
1806	183	0
1807	191	0
1808	210	0
1809	169	0
1810	212	0
1811	209	0
1812	202	0
1813	169	0
1814	188	0
1815	191	0
1816	207	0
1817	212	0
1818	199	0
1819	201	0
1820	199	0
1821	231	0
1822	195	0
1823	210	0
1824	221	0
1825	194	0
1826	206	0
1827	193	0
1828	188	0
1829	185	0
1830	205	0
1831	196	0
1832	210	0
1833	202	0
1834	203	0
1835	188	0
1836	175	0
1837	191	0
1838	220	0
1839	189	0
1840	185	0
1841	193	0
1842	221	0
1843	217	0
1844	199	0
1845	203	0
1846	185	0
1847	202	0
1848	218	0
1849	179	0
1850	212	0
1851	181	0
1852	216	0
1853	207	0
1854	195	0
1855	196	0
1856	189	0
1857	187	0
1858	181	0
1859	203	0
1860	176	0
1861	214	0
1862	194	0
1863	207	0
1864	201	0
1865	225	0
1866	225	0
1867	209	0
1868	182	0
1869	221	0
1870	201	0
1871	177	0
1872	200	0
1873	226	0
1874	195	0
1875	185	0
1876	211	0
1877	185	0
1878	203	0
1879	198	0
1880	182	0
1881	201	0
1882	176	0
1883	201	0
1884	192	0
1885	196	0
1886	213	0
1887	214	0
1888	204	0
1889	187	0
1890	202	0
1891	204	0
1892	205	0
1893	191	0
1894	196	0
1895	183	0
1896	201	0
1897	190	0
1898	214	0
1899	187	0
1900	197	0
1901	179	0
1902	208	0
1903	217	0
1904	198	0
1905	178	0
1906	186	0
1907	197	0
1908	230	0
1909	196	0
1910	204	0
1911	200	0
1912	194	0
1913	208	0
1914	214	0
1915	202	0
1916	200	0
1917	190	0
1918	176	0
1919	212	0
1920	173	0
1921	208	0
1922	195	0
1923	218	0
1924	231	0
1925	195	0
1926	170	0
1927	222	0
1928	190	0
1929	185	0
1930	189	0
1931	226	0
1932	215	0
1933	219	0
1934	222	0
1935	198	0
1936	200	0
1937	190	0
1938	189	0
1939	212	0
1940	200	0
1941	208	0
1942	207	0
1943	195	0
1944	196	0
1945	220	0
1946	178	0
1947	228	0
1948	206	0
1949	226	0
1950	211	0
1951	158	0
1952	181	0
1953	194	0
1954	195	0
1955	185	0
1956	189	0
1957	203	0
1958	206	0
1959	193	0
1960	167	0
1961	190	0
1962	179	0
1963	188	0
1964	208	0
1965	184	0
1966	212	0
1967	222	0
1968	184	0
1969	205	0
1970	165	0
1971	227	0
1972	197	0
1973	198	0
1974	194	0
1975	204	0
1976	192	0
1977	214	0
1978	197	0
1979	232	0
1980	197	0
1981	215	0
1982	206	0
1983	176	0
1984	165	0
1985	175	0
1986	168	0
1987	195	0
1988	233	0
1989	194	0
1990	220	0
1991	194	0
1992	188	0
1993	192	0
1994	190	0
1995	194	0
1996	183	0
1997	187	0
1998	182	0
1999	210	0
2000	201	0
2001	218	0
2002	207	0
2003	198	0
2004	201	0
2005	214	0
2006	198	0
2007	188	0
2008	192	0
2009	200	0
2010	213	0
2011	191	0
2012	185	0
2013	195	0
2014	195	0
2015	197	0
2016	205	0
2017	214	0
2018	211	0
2019	198	0
2020	214	0
2021	226	0
2022	177	0
2023	191	0
2024	204	0
2025	212	0
2026	186	0
2027	200	0
2028	180	0
2029	201	0
2030	190	0
2031	206	0
2032	191	0
2033	234	0
2034	188	0
2035	188	0
2036	190	0
2037	215	0
2038	167	0
2039	213	0
2040	204	0
2041	198	0
2042	197	0
2043	194	0
2044	206	0
2045	220	0
2046	217	0
2047	223	0
2048	204	0
2049	190	0
2050	215	0
2051	200	0
2052	185	0
2053	203	0
2054	182	0
2055	201	0
2056	197	0
2057	178	0
2058	197	0
2059	200	0
2060	204	0
2061	200	0
2062	215	0
2063	176	0
2064	193	0
2065	196	0
2066	197	0
2067	211	0
2068	198	0
2069	180	0
2070	178	0
2071	189	0
2072	225	0
2073	192	0
2074	192	0
2075	206	0
2076	186	0
2077	168	0
2078	168	0
2079	186	0
2080	201	0
2081	204	0
2082	181	0
2083	195	0
2084	187	0
2085	219	0
2086	147	0
2087	199	0
2088	189	0
2089	214	0
2090	182	0
2091	212	0
2092	188	0
2093	203	0
2094	191	0
2095	220	0
2096	200	0
2097	200	0
2098	197	0
2099	203	0
2100	196	0
2101	200	0
2102	200	0
2103	199	0
2104	199	0
2105	209	0
2106	194	0
2107	209	0
2108	187	0
2109	219	0
2110	203	0
2111	187	0
2112	204	0
2113	190	0
2114	181	0
2115	182	0
2116	209	0
2117	209	0
2118	205	0
2119	216	0
2120	185	0
2121	186	0
2122	196	0
2123	163	0
2124	172	0
2125	177	0
2126	182	0
2127	216	0
2128	218	0
2129	179	0
2130	187	0
2131	194	0
2132	214	0
2133	199	0
2134	208	0
2135	221	0
2136	191	0
2137	195	0
2138	228	0
2139	195	0
2140	182	0
2141	213	0
2142	224	0
2143	199	0
2144	222	0
2145	170	0
2146	209	0
2147	184	0
2148	186	0
2149	218	0
2150	214	0
2151	225	0
2152	180	0
2153	206	0
2154	201	0
2155	207	0
2156	209	0
2157	206	0
2158	189	0
2159	200	0
2160	210	0
2161	194	0
2162	194	0
2163	209	0
2164	210	0
2165	201	0
2166	205	0
2167	195	0
2168	205	0
2169	215	0
2170	206	0
2171	212	0
2172	187	0
2173	185	0
2174	179	0
2175	190	0
2176	229	0
2177	168	0
2178	202	0
2179	180	0
2180	200	0
2181	214	0
2182	194	0
2183	204	0
2184	187	0
2185	212	0
2186	209	0
2187	180	0
2188	207	0
2189	204	0
2190	188	0
2191	193	0
2192	215	0
2193	185	0
2194	186	0
2195	214	0
2196	174	0
2197	183	0
2198	226	0
2199	193	0
2200	198	0
2201	218	0
2202	175	0
2203	225	0
2204	187	0
2205	195	0
2206	219	0
2207	212	0
2208	220	0
2209	197	0
2210	171	0
2211	179	0
2212	224	0
2213	194	0
2214	183	0
2215	209	0
2216	194	0
2217	213	0
2218	198	0
2219	189	0
2220	215	0
2221	198	0
2222	192	0
2223	200	0
2224	212	0
2225	192	0
2226	193	0
2227	181	0
2228	196	0
2229	184	0
2230	184	0
2231	165	0
2232	211	0
2233	198	0
2234	182	0
2235	208	0
2236	222	0
2237	225	0
2238	231	0
2239	211	0
2240	182	0
2241	196	0
2242	205	0
2243	191	0
2244	203	0
2245	175	0
2246	200	0
2247	188	0
2248	190	0
2249	217	0
2250	207	0
2251	203	0
2252	185	0
2253	210	0
2254	200	0
2255	206	0
2256	217	0
2257	205	0
2258	203	0
2259	180	0
2260	200	0
2261	227	0
2262	192	0
2263	207	0
2264	201	0
2265	189	0
2266	192	0
2267	221	0
2268	196	0
2269	203	0
2270	215	0
2271	208	0
2272	224	0
2273	184	0
2274	196	0
2275	203	0
2276	189	0
2277	190	0
2278	206	0
2279	175	0
2280	198	0
2281	188	0
2282	190	0
2283	199	0
2284	197	0
2285	186	0
2286	196	0
2287	179	0
2288	214	0
2289	219	0
2290	197	0
2291	197	0
2292	226	0
2293	203	0
2294	201	0
2295	169	0
2296	215	0
2297	237	0
2298	205	0
2299	195	0
2300	186	0
2301	193	0
2302	174	0
2303	199	0
2304	197	0
2305	176	0
2306	203	0
2307	203	0
2308	199	0
2309	192	0
2310	198	0
2311	191	0
2312	190	0
2313	186	0
2314	200	0
2315	203	0
2316	184	0
2317	237	0
2318	193	0
2319	207	0
2320	194	0
2321	203	0
2322	202	0
2323	197	0
2324	205	0
2325	216	0
2326	201	0
2327	216	0
2328	182	0
2329	204	0
2330	210	0
2331	194	0
2332	221	0
2333	211	0
2334	182	0
2335	184	0
2336	197	0
2337	179	0
2338	192	0
2339	184	0
2340	204	0
2341	187	0
2342	212	0
2343	197	0
2344	195	0
2345	190	0
2346	226	0
2347	217	0
2348	190	0
2349	181	0
2350	199	0
2351	214	0
2352	183	0
2353	198	0
2354	202	0
2355	209	0
2356	193	0
2357	205	0
2358	199	0
2359	215	0
2360	198	0
2361	198	0
2362	192	0
2363	224	0
2364	196	0
2365	148	0
2366	224	0
2367	172	0
2368	214	0
2369	223	0
2370	193	0
2371	228	0
2372	190	0
2373	203	0
2374	196	0
2375	233	0
2376	193	0
2377	209	0
2378	180	0
2379	196	0
2380	196	0
2381	184	0
2382	193	0
2383	232	0
2384	189	0
2385	209	0
2386	207	0
2387	205	0
2388	199	0
2389	207	0
2390	196	0
2391	206	0
2392	209	0
2393	184	0
2394	218	0
2395	209	0
2396	210	0
2397	214	0
2398	199	0
2399	191	0
2400	182	0
2401	194	0
2402	200	0
2403	202	0
2404	219	0
2405	194	0
2406	187	0
2407	220	0
2408	211	0
2409	194	0
2410	232	0
2411	192	0
2412	207	0
2413	196	0
2414	188	0
2415	202	0
2416	177	0
2417	209	0
2418	173	0
2419	185	0
2420	195	0
2421	201	0
2422	188	0
2423	215	0
2424	205	0
2425	208	0
2426	198	0
2427	218	0
2428	174	0
2429	209	0
2430	234	0
2431	223	0
2432	218	0
2433	207	0
2434	214	0
2435	199	0
2436	208	0
2437	175	0
2438	212	0
2439	199	0
2440	200	0
2441	207	0
2442	195	0
2443	188	0
2444	188	0
2445	191	0
2446	202	0
2447	198	0
2448	188	0
2449	203	0
2450	173	0
2451	219	0
2452	196	0
2453	198	0
2454	227	0
2455	180	0
2456	189	0
2457	206	0
2458	196	0
2459	187	0
2460	189	0
2461	185	0
2462	182	0
2463	176	0
2464	185	0
2465	201	0
2466	180	0
2467	187	0
2468	191	0
2469	216	0
2470	204	0
2471	225	0
2472	194	0
2473	196	0
2474	220	0
2475	173	0
2476	216	0
2477	217	0
2478	212	0
2479	217	0
2480	188	0
2481	209	0
2482	199	0
2483	184	0
2484	211	0
2485	202	0
2486	213	0
2487	197	0
2488	186	0
2489	212	0
2490	202	0
2491	214	0
2492	216	0
2493	185	0
2494	222	0
2495	197	0
2496	164	0
2497	180	0
2498	218	0
2499	215	0
2500	196	0
2501	201	0
2502	207	0
2503	190	0
2504	187	0
2505	193	0
2506	194	0
2507	226	0
2508	198	0
2509	165	0
2510	210	0
2511	193	0
2512	220	0
2513	199	0
2514	216	0
2515	185	0
2516	168	0
2517	184	0
2518	200	0
2519	184	0
2520	216	0
2521	206	0
2522	208	0
2523	171	0
2524	178	0
2525	207	0
2526	179	0
2527	176	0
2528	209	0
2529	183	0
2530	210	0
2531	187	0
2532	206	0
2533	180	0
2534	216	0
2535	225	0
2536	183	0
2537	185	0
2538	185	0
2539	200	0
2540	199	0
2541	194	0
2542	184	0
2543	189	0
2544	195	0
2545	188	0
2546	194	0
2547	203	0
2548	213	0
2549	184	0
2550	214	0
2551	193	0
2552	202	0
2553	197	0
2554	218	0
2555	197	0
2556	235	0
2557	212	0
2558	207	0
2559	212	0
2560	172	0
2561	190	0
2562	207	0
2563	184	0
2564	185	0
2565	228	0
2566	199	0
2567	230	0
2568	210	0
2569	192	0
2570	176	0
2571	208	0
2572	184	0
2573	188	0
2574	204	0
2575	168	0
2576	201	0
2577	212	0
2578	201	0
2579	176	0
2580	199	0
2581	196	0
2582	192	0
2583	199	0
2584	203	0
2585	177	0
2586	201	0
2587	208	0
2588	197	0
2589	217	0
2590	180	0
2591	202	0
2592	210	0
2593	203	0
2594	223	0
2595	182	0
2596	195	0
2597	190	0
2598	205	0
2599	185	0
2600	221	0
2601	210	0
2602	193	0
2603	212	0
2604	226	0
2605	192	0
2606	226	0
2607	177	0
2608	197	0
2609	199	0
2610	212	0
2611	214	0
2612	201	0
2613	213	0
2614	204	0
2615	183	0
2616	186	0
2617	197	0
2618	189	0
2619	177	0
2620	194	0
2621	185	0
2622	198	0
2623	181	0
2624	212	0
2625	180	0
2626	202	0
2627	209	0
2628	199	0
2629	227	0
2630	188	0
2631	206	0
2632	213	0
2633	190	0
2634	202	0
2635	192	0
2636	222	0
2637	189	0
2638	211	0
2639	188	0
2640	196	0
2641	169	0
2642	176	0
2643	205	0
2644	191	0
2645	165	0
2646	221	0
2647	199	0
2648	220	0
2649	209	0
2650	201	0
2651	214	0
2652	191	0
2653	185	0
2654	200	0
2655	215	0
2656	207	0
2657	201	0
2658	184	0
2659	169	0
2660	209	0
2661	200	0
2662	228	0
2663	216	0
2664	216	0
2665	215	0
2666	218	0
2667	207	0
2668	177	0
2669	181	0
2670	200	0
2671	199	0
2672	202	0
2673	203	0
2674	186	0
2675	203	0
2676	194	0
2677	180	0
2678	184	0
2679	196	0
2680	190	0
2681	173	0
2682	165	0
2683	194	0
2684	188	0
2685	189	0
2686	191	0
2687	192	0
2688	185	0
2689	202	0
2690	223	0
2691	211	0
2692	192	0
2693	185	0
2694	201	0
2695	182	0
2696	207	0
2697	208	0
2698	204	0
2699	204	0
2700	210	0
2701	185	0
2702	189	0
2703	210	0
2704	188	0
2705	205	0
2706	203	0
2707	209	0
2708	203	0
2709	213	0
2710	199	0
2711	189	0
2712	209	0
2713	193	0
2714	198	0
2715	210	0
2716	191	0
2717	179	0
2718	192	0
2719	202	0
2720	199	0
2721	218	0
2722	180	0
2723	207	0
2724	191	0
2725	218	0
2726	176	0
2727	190	0
2728	215	0
2729	190	0
2730	203	0
2731	193	0
2732	211	0
2733	200	0
2734	211	0
2735	162	0
2736	219	0
2737	199	0
2738	225	0
2739	176	0
2740	192	0
2741	203	0
2742	207	0
2743	198	0
2744	209	0
2745	198	0
2746	214	0
2747	195	0
2748	196	0
2749	187	0
2750	187	0
2751	196	0
2752	191	0
2753	194	0
2754	190	0
2755	176	0
2756	216	0
2757	207	0
2758	199	0
2759	200	0
2760	226	0
2761	207	0
2762	170	0
2763	213	0
2764	208	0
2765	193	0
2766	194	0
2767	206	0
2768	191	0
2769	214	0
2770	186	0
2771	211	0
2772	212	0
2773	211	0
2774	198	0
2775	191	0
2776	200	0
2777	171	0
2778	192	0
2779	224	0
2780	214	0
2781	192	0
2782	206	0
2783	197	0
2784	177	0
2785	217	0
2786	183	0
2787	209	0
2788	194	0
2789	226	0
2790	209	0
2791	199	0
2792	174	0
2793	204	0
2794	201	0
2795	191	0
2796	204	0
2797	201	0
2798	158	0
2799	193	0
2800	212	0
2801	184	0
2802	220	0
2803	188	0
2804	186	0
2805	174	0
2806	210	0
2807	173	0
2808	182	0
2809	197	0
2810	195	0
2811	201	0
2812	203	0
2813	208	0
2814	195	0
2815	195	0
2816	184	0
2817	184	0
2818	214	0
2819	212	0
2820	182	0
2821	207	0
2822	195	0
2823	169	0
2824	193	0
2825	207	0
2826	196	0
2827	182	0
2828	194	0
2829	209	0
2830	177	0
2831	201	0
2832	174	0
2833	204	0
2834	206	0
2835	194	0
2836	196	0
2837	184	0
2838	209	0
2839	193	0
2840	197	0
2841	195	0
2842	205	0
2843	181	0
2844	175	0
2845	213	0
2846	194	0
2847	185	0
2848	192	0
2849	209	0
2850	201	0
2851	228	0
2852	195	0
2853	208	0
2854	202	0
2855	194	0
2856	189	0
2857	186	0
2858	214	0
2859	201	0
2860	214	0
2861	192	0
2862	206	0
2863	164	0
2864	189	0
2865	158	0
2866	183	0
2867	177	0
2868	195	0
2869	211	0
2870	204	0
2871	180	0
2872	202	0
2873	195	0
2874	177	0
2875	190	0
2876	187	0
2877	185	0
2878	193	0
2879	189	0
2880	191	0
2881	230	0
2882	227	0
2883	229	0
2884	174	0
2885	209	0
2886	211	0
2887	199	0
2888	191	0
2889	239	0
2890	183	0
2891	206	0
2892	204	0
2893	189	0
2894	211	0
2895	185	0
2896	205	0
2897	214	0
2898	199	0
2899	187	0
2900	210	0
2901	203	0
2902	208	0
2903	192	0
2904	203	0
2905	220	0
2906	194	0
2907	185	0
2908	200	0
2909	211	0
2910	195	0
2911	217	0
2912	177	0
2913	204	0
2914	182	0
2915	190	0
2916	216	0
2917	187	0
2918	207	0
2919	212	0
2920	209	0
2921	198	0
2922	187	0
2923	187	0
2924	219	0
2925	192	0
2926	200	0
2927	205	0
2928	218	0
2929	200	0
2930	210	0
2931	193	0
2932	199	0
2933	212	0
2934	220	0
2935	187	0
2936	181	0
2937	215	0
2938	177	0
2939	192	0
2940	197	0
2941	191	0
2942	189	0
2943	193	0
2944	205	0
2945	216	0
2946	184	0
2947	186	0
2948	183	0
2949	163	0
2950	205	0
2951	214	0
2952	181	0
2953	199	0
2954	199	0
2955	231	0
2956	191	0
2957	201	0
2958	175	0
2959	209	0
2960	181	0
2961	213	0
2962	189	0
2963	195	0
2964	188	0
2965	208	0
2966	210	0
2967	220	0
2968	206	0
2969	209	0
2970	215	0
2971	211	0
2972	193	0
2973	198	0
2974	181	0
2975	175	0
2976	196	0
2977	190	0
2978	212	0
2979	194	0
2980	194	0
2981	179	0
2982	196	0
2983	197	0
2984	181	0
2985	190	0
2986	219	0
2987	193	0
2988	196	0
2989	205	0
2990	162	0
2991	199	0
2992	170	0
2993	179	0
2994	196	0
2995	193	0
2996	186	0
2997	222	0
2998	188	0
2999	189	0
3000	179	0
