1	210	0
2	199	0
3	182	0
4	181	0
5	214	0
6	184	0
7	190	0
8	192	0
9	185	0
10	200	0
11	214	0
12	187	0
13	190	0
14	212	0
15	181	0
16	184	0
17	200	0
18	194	0
19	188	0
20	188	0
21	184	0
22	191	0
23	178	0
24	197	0
25	210	0
26	183	0
27	190	0
28	188	0
29	197	0
30	194	0
31	174	0
32	206	0
33	187	0
34	179	0
35	197	0
36	207	0
37	209	0
38	211	0
39	194	0
40	196	0
41	214	0
42	199	0
43	186	0
44	184	0
45	208	0
46	192	0
47	216	0
48	199	0
49	200	0
50	176	0
51	205	0
52	205	0
53	214	0
54	189	0
55	188	0
56	169	0
57	201	0
58	188	0
59	197	0
60	188	0
61	215	0
62	201	0
63	213	0
64	196	0
65	187	0
66	190	0
67	194	0
68	231	0
69	182	0
70	219	0
71	205	0
72	204	0
73	180	0
74	188	0
75	190	0
76	213	0
77	195	0
78	206	0
79	209	0
80	185	0
81	189	0
82	209	0
83	183	0
84	194	0
85	206	0
86	190	0
87	228	0
88	209	0
89	177	0
90	209	0
91	201	0
92	198	0
93	184	0
94	204	0
95	201	0
96	201	0
97	211	0
98	183	0
99	221	0
100	194	0
101	185	0
102	184	0
103	205	0
104	221	0
105	201	0
106	188	0
107	196	0
108	222	0
109	207	0
110	214	0
111	195	0
112	205	0
113	212	0
114	185	0
115	197	0
116	179	0
117	207	0
118	218	0
119	177	0
120	188	0
121	178	0
122	173	0
123	209	0
124	203	0
125	201	0
126	233	0
127	230	0
128	223	0
129	229	0
130	208	0
131	203	0
132	214	0
133	200	0
134	213	0
135	194	0
136	207	0
137	185	0
138	206	0
139	189	0
140	185	0
141	173	0
142	182	0
143	205	0
144	186	0
145	204	0
146	204	0
147	236	0
148	202	0
149	215	0
150	204	0
151	228	0
152	208	0
153	219	0
154	199	0
155	179	0
156	214	0
157	203	0
158	193	0
159	222	0
160	216	0
161	192	0
162	221	0
163	190	0
164	226	0
165	206	0
166	204	0
167	211	0
168	200	0
169	207	0
170	195	0
171	206	0
172	182	0
173	184	0
174	200	0
175	184	0
176	195	0
177	201	0
178	207	0
179	188	0
180	201	0
181	217	0
182	216	0
183	191	0
184	189	0
185	200	0
186	222	0
187	202	0
188	217	0
189	199	0
190	183	0
191	216	0
192	186	0
193	198	0
194	221	0
195	193	0
196	189	0
197	203	0
198	189	0
199	172	0
200	200	0
201	214	0
202	184	0
203	229	0
204	196	0
205	190	0
206	200	0
207	196	0
208	225	0
209	186	0
210	178	0
211	193	0
212	217	0
213	204	0
214	216	0
215	177	0
216	188	0
217	195	0
218	197	0
219	205	0
220	210	0
221	186	0
222	188	0
223	198	0
224	207	0
225	218	0
226	199	0
227	203	0
228	202	0
229	201	0
230	210	0
231	196	0
232	230	0
233	180	0
234	210	0
235	218	0
236	194	0
237	193	0
238	177	0
239	192	0
240	200	0
241	199	0
242	193	0
243	179	0
244	182	0
245	207	0
246	214	0
247	189	0
248	198	0
249	208	0
250	206	0
251	184	0
252	176	0
253	207	0
254	222	0
255	205	0
256	198	0
257	194	0
258	177	0
259	191	0
260	219	0
261	196	0
262	189	0
263	194	0
264	202	0
265	184	0
266	208	0
267	176	0
268	181	0
269	182	0
270	187	0
271	198	0
272	177	0
273	188	0
274	179	0
275	206	0
276	179	0
277	206	0
278	216	0
279	205	0
280	194	0
281	198	0
282	195	0
283	196	0
284	191	0
285	203	0
286	206	0
287	201	0
288	192	0
289	209	0
290	215	0
291	188	0
292	208	0
293	194	0
294	189	0
295	207	0
296	204	0
297	199	0
298	199	0
299	189	0
300	221	0
301	191	0
302	212	0
303	192	0
304	225	0
305	202	0
306	218	0
307	208	0
308	194	0
309	210	0
310	200	0
311	201	0
312	233	0
313	181	0
314	207	0
315	179	0
316	184	0
317	185	0
318	178	0
319	181	0
320	182	0
321	225	0
322	185	0
323	199	0
324	192	0
325	195	0
326	196	0
327	208	0
328	218	0
329	186	0
330	227	0
331	193	0
332	203	0
333	215	0
334	176	0
335	197	0
336	197	0
337	219	0
338	191	0
339	197	0
340	198	0
341	199	0
342	189	0
343	192	0
344	183	0
345	207	0
346	209	0
347	221	0
348	172	0
349	205	0
350	185	0
351	211	0
352	194	0
353	192	0
354	210	0
355	197	0
356	198	0
357	177	0
358	191	0
359	195	0
360	195	0
361	179	0
362	214	0
363	188	0
364	176	0
365	187	0
366	177	0
367	184	0
368	230	0
369	197	0
370	199	0
371	207	0
372	179	0
373	183	0
374	224	0
375	215	0
376	191	0
377	209	0
378	182	0
379	225	0
380	177	0
381	179	0
382	202	0
383	194	0
384	178	0
385	226	0
386	182	0
387	203	0
388	189	0
389	202	0
390	225	0
391	189	0
392	190	0
393	196	0
394	192	0
395	203	0
396	204	0
397	196	0
398	213	0
399	219	0
400	178	0
401	217	0
402	207	0
403	213	0
404	197	0
405	203	0
406	195	0
407	204	0
408	209	0
409	195	0
410	185	0
411	182	0
412	219	0
413	169	0
414	189	0
415	198	0
416	208	0
417	211	0
418	184	0
419	204	0
420	187	0
421	173	0
422	173	0
423	206	0
424	189	0
425	221	0
426	194	0
427	223	0
428	198	0
429	204	0
430	217	0
431	190	0
432	193	0
433	209	0
434	203	0
435	236	0
436	190	0
437	200	0
438	230	0
439	195	0
440	224	0
441	211	0
442	179	0
443	187	0
444	196	0
445	190	0
446	220	0
447	202	0
448	194	0
449	205	0
450	225	0
451	207	0
452	211	0
453	196	0
454	183	0
455	209	0
456	192	0
457	206	0
458	194	0
459	249	0
460	208	0
461	198	0
462	190	0
463	216	0
464	196	0
465	187	0
466	197	0
467	203	0
468	221	0
469	196	0
470	184	0
471	192	0
472	213	0
473	191	0
474	200	0
475	225	0
476	198	0
477	213	0
478	172	0
479	217	0
480	191	0
481	199	0
482	196	0
483	204	0
484	175	0
485	195	0
486	175	0
487	205	0
488	232	0
489	216	0
490	210	0
491	197	0
492	172	0
493	185	0
494	211	0
495	199	0
496	189	0
497	224	0
498	202	0
499	229	0
500	208	0
501	189	0
502	199	0
503	200	0
504	173	0
505	224	0
506	168	0
507	186	0
508	224	0
509	233	0
510	194	0
511	164	0
512	181	0
513	203	0
514	222	0
515	183	0
516	204	0
517	184	0
518	200	0
519	203	0
520	187	0
521	197	0
522	188	0
523	196	0
524	200	0
525	214	0
526	208	0
527	198	0
528	209	0
529	177	0
530	208	0
531	195	0
532	201	0
533	212	0
534	202	0
535	237	0
536	192	0
537	182	0
538	208	0
539	208	0
540	178	0
541	202	0
542	171	0
543	204	0
544	212	0
545	222	0
546	209	0
547	211	0
548	164	0
549	194	0
550	202	0
551	191	0
552	189	0
553	213	0
554	198	0
555	189	0
556	185	0
557	194	0
558	183	0
559	184	0
560	184	0
561	210	0
562	213	0
563	187	0
564	189	0
565	212	0
566	214	0
567	182	0
568	202	0
569	216	0
570	201	0
571	180	0
572	215	0
573	206	0
574	212	0
575	219	0
576	222	0
577	173	0
578	184	0
579	206	0
580	224	0
581	201	0
582	174	0
583	179	0
584	206	0
585	209	0
586	200	0
587	198	0
588	182	0
589	204	0
590	186	0
591	200	0
592	198	0
593	187	0
594	177	0
595	187	0
596	168	0
597	210	0
598	199	0
599	210	0
600	190	0
601	213	0
602	216	0
603	183	0
604	191	0
605	207	0
606	217	0
607	200	0
608	161	0
609	214	0
610	195	0
611	188	0
612	203	0
613	227	0
614	181	0
615	216	0
616	198	0
617	194	0
618	204	0
619	207	0
620	189	0
621	190	0
622	226	0
623	210	0
624	216	0
625	216	0
626	190	0
627	199	0
628	206	0
629	196	0
630	195	0
631	174	0
632	193	0
633	203	0
634	198	0
635	208	0
636	189	0
637	222	0
638	179	0
639	177	0
640	201	0
641	179	0
642	210	0
643	230	0
644	209	0
645	209	0
646	203	0
647	211	0
648	202	0
649	190	0
650	234	0
651	172	0
652	193	0
653	207	0
654	189	0
655	187	0
656	182	0
657	204	0
658	235	0
659	194	0
660	209	0
661	183	0
662	216	0
663	197	0
664	191	0
665	200	0
666	200	0
667	212	0
668	213	0
669	206	0
670	190	0
671	203	0
672	178	0
673	190	0
674	200	0
675	181	0
676	220	0
677	213	0
678	224	0
679	207	0
680	191	0
681	186	0
682	209	0
683	196	0
684	195	0
685	220	0
686	217	0
687	197	0
688	206	0
689	182	0
690	192	0
691	198	0
692	199	0
693	193	0
694	181	0
695	195	0
696	173	0
697	229	0
698	204	0
699	168	0
700	218	0
701	185	0
702	205	0
703	221	0
704	212	0
705	197	0
706	183	0
707	196	0
708	184	0
709	208	0
710	213	0
711	225	0
712	208	0
713	196	0
714	212	0
715	202	0
716	204	0
717	226	0
718	164	0
719	185	0
720	200	0
721	200	0
722	177	0
723	176	0
724	197	0
725	191	0
726	189	0
727	212	0
728	207	0
729	192	0
730	197	0
731	188	0
732	191	0
733	194	0
734	214	0
735	205	0
736	212	0
737	177	0
738	204	0
739	211	0
740	199	0
741	224	0
742	198	0
743	181	0
744	176	0
745	197	0
746	219	0
747	190	0
748	203	0
749	202	0
750	191	0
751	191	0
752	183	0
753	202	0
754	192	0
755	160	0
756	191	0
757	206	0
758	186	0
759	202	0
760	221	0
761	210	0
762	213	0
763	218	0
764	194	0
765	206	0
766	186	0
767	169	0
768	218	0
769	222	0
770	200	0
771	215	0
772	163	0
773	205	0
774	204	0
775	219	0
776	219	0
777	224	0
778	214	0
779	194	0
780	186	0
781	176	0
782	183	0
783	190	0
784	185	0
785	204	0
786	216	0
787	215	0
788	245	0
789	188	0
790	198	0
791	196	0
792	183	0
793	187	0
794	218	0
795	199	0
796	208	0
797	229	0
798	210	0
799	204	0
800	219	0
801	182	0
802	188	0
803	199	0
804	230	0
805	198	0
806	206	0
807	200	0
808	164	0
809	191	0
810	212	0
811	191	0
812	207	0
813	204	0
814	209	0
815	196	0
816	195	0
817	169	0
818	182	0
819	213	0
820	218	0
821	192	0
822	203	0
823	183	0
824	200	0
825	198	0
826	191	0
827	219	0
828	186	0
829	204	0
830	193	0
831	207	0
832	222	0
833	211	0
834	208	0
835	191	0
836	195	0
837	213	0
838	204	0
839	188	0
840	209	0
841	229	0
842	184	0
843	183	0
844	206	0
845	180	0
846	213	0
847	195	0
848	190	0
849	205	0
850	199	0
851	207	0
852	210	0
853	165	0
854	212	0
855	170	0
856	198	0
857	209	0
858	193	0
859	233	0
860	210	0
861	215	0
862	210	0
863	196	0
864	206	0
865	202	0
866	183	0
867	190	0
868	231	0
869	190	0
870	210	0
871	203	0
872	174	0
873	182	0
874	199	0
875	192	0
876	190	0
877	178	0
878	201	0
879	189	0
880	201	0
881	236	0
882	198	0
883	183	0
884	192	0
885	201	0
886	212	0
887	184	0
888	191	0
889	202	0
890	182	0
891	175	0
892	200	0
893	214	0
894	210	0
895	206	0
896	179	0
897	217	0
898	183	0
899	205	0
900	173	0
901	179	0
902	173	0
903	212	0
904	222	0
905	180	0
906	202	0
907	201	0
908	216	0
909	198	0
910	189	0
911	212	0
912	187	0
913	244	0
914	219	0
915	188	0
916	197	0
917	223	0
918	215	0
919	224	0
920	198	0
921	223	0
922	216	0
923	195	0
924	210	0
925	206	0
926	181	0
927	202	0
928	197	0
929	209	0
930	172	0
931	188	0
932	211	0
933	196	0
934	201	0
935	194	0
936	188	0
937	209	0
938	183	0
939	193	0
940	196	0
941	209	0
942	212	0
943	197	0
944	226	0
945	204	0
946	214	0
947	207	0
948	197	0
949	182	0
950	199	0
951	210	0
952	183	0
953	197	0
954	191	0
955	220	0
956	212	0
957	223	0
958	213	0
959	200	0
960	148	0
961	185	0
962	182	0
963	226	0
964	192	0
965	201	0
966	186	0
967	177	0
968	192	0
969	196	0
970	224	0
971	188	0
972	223	0
973	208	0
974	195	0
975	214	0
976	200	0
977	157	0
978	200	0
979	177	0
980	184	0
981	201	0
982	211	0
983	179	0
984	192	0
985	195	0
986	200	0
987	203	0
988	195	0
989	189	0
990	179	0
991	207	0
992	201	0
993	221	0
994	179	0
995	199	0
996	210	0
997	175	0
998	191	0
999	208	0
1000	195	0
1001	215	0
1002	174	0
1003	223	0
1004	206	0
1005	204	0
1006	196	0
1007	194	0
1008	185	0
1009	201	0
1010	179	0
1011	180	0
1012	194	0
1013	234	0
1014	210	0
1015	202	0
1016	189	0
1017	188	0
1018	201	0
1019	214	0
1020	202	0
1021	204	0
1022	190	0
1023	230	0
1024	213	0
1025	213	0
1026	199	0
1027	215	0
1028	206	0
1029	227	0
1030	201	0
1031	189	0
1032	195	0
1033	203	0
1034	190	0
1035	186	0
1036	181	0
1037	196	0
1038	203	0
1039	202	0
1040	198	0
1041	208	0
1042	203	0
1043	191	0
1044	208	0
1045	205	0
1046	185	0
1047	215	0
1048	188	0
1049	216	0
1050	210	0
1051	176	0
1052	170	0
1053	203	0
1054	211	0
1055	187	0
1056	196	0
1057	205	0
1058	243	0
1059	199	0
1060	197	0
1061	181	0
1062	212	0
1063	203	0
1064	177	0
1065	200	0
1066	202	0
1067	183	0
1068	187	0
1069	196	0
1070	183	0
1071	199	0
1072	197	0
1073	207	0
1074	191	0
1075	207	0
1076	202	0
1077	198	0
1078	194	0
1079	190	0
1080	170	0
1081	173	0
1082	197	0
1083	186	0
1084	195	0
1085	190	0
1086	193	0
1087	178	0
1088	177	0
1089	227	0
1090	229	0
1091	191	0
1092	205	0
1093	181	0
1094	197	0
1095	207	0
1096	205	0
1097	216	0
1098	201	0
1099	190	0
1100	215	0
1101	216	0
1102	196	0
1103	180	0
1104	195	0
1105	213	0
1106	180	0
1107	195	0
1108	204	0
1109	197	0
1110	177	0
1111	191	0
1112	219	0
1113	194	0
1114	189	0
1115	201	0
1116	189	0
1117	201	0
1118	188	0
1119	203	0
1120	202	0
1121	191	0
1122	192	0
1123	227	0
1124	182	0
1125	196	0
1126	200	0
1127	230	0
1128	212	0
1129	193	0
1130	174	0
1131	191	0
1132	197	0
1133	219	0
1134	190	0
1135	191	0
1136	189	0
1137	177	0
1138	171	0
1139	176	0
1140	198	0
1141	184	0
1142	199	0
1143	189	0
1144	185	0
1145	215	0
1146	198	0
1147	190	0
1148	224	0
1149	201	0
1150	196	0
1151	207	0
1152	177	0
1153	188	0
1154	189	0
1155	192	0
1156	217	0
1157	169	0
1158	193	0
1159	191	0
1160	203	0
1161	206	0
1162	180	0
1163	185	0
1164	218	0
1165	186	0
1166	201	0
1167	211	0
1168	188	0
1169	198	0
1170	210	0
1171	207	0
1172	180	0
1173	203	0
1174	198	0
1175	208	0
1176	203	0
1177	215	0
1178	205	0
1179	188	0
1180	212	0
1181	219	0
1182	205	0
1183	197	0
1184	197	0
1185	221	0
1186	214	0
1187	206	0
1188	197	0
1189	201	0
1190	211	0
1191	214	0
1192	178	0
1193	194	0
1194	214	0
1195	191	0
1196	232	0
1197	209	0
1198	166	0
1199	230	0
1200	204	0
1201	208	0
1202	207	0
1203	217	0
1204	187	0
1205	203	0
1206	179	0
1207	205	0
1208	210	0
1209	202	0
1210	188	0
1211	198	0
1212	187	0
1213	175	0
1214	187	0
1215	224	0
1216	187	0
1217	174	0
1218	189	0
1219	193	0
1220	225	0
1221	192	0
1222	202	0
1223	195	0
1224	194	0
1225	196	0
1226	203	0
1227	193	0
1228	192	0
1229	220	0
1230	192	0
1231	194	0
1232	198	0
1233	212	0
1234	186	0
1235	191	0
1236	212	0
1237	196	0
1238	197	0
1239	213	0
1240	180	0
1241	220	0
1242	186	0
1243	215	0
1244	199	0
1245	197	0
1246	202	0
1247	196	0
1248	172	0
1249	212	0
1250	194	0
1251	197	0
1252	228	0
1253	197	0
1254	192	0
1255	208	0
1256	221	0
1257	218	0
1258	212	0
1259	190	0
1260	216	0
1261	176	0
1262	212	0
1263	209	0
1264	222	0
1265	212	0
1266	218	0
1267	168	0
1268	213	0
1269	211	0
1270	205	0
1271	206	0
1272	194	0
1273	203	0
1274	195	0
1275	210	0
1276	163	0
1277	177	0
1278	202	0
1279	212	0
1280	206	0
1281	191	0
1282	183	0
1283	203	0
1284	223	0
1285	203	0
1286	205	0
1287	217	0
1288	214	0
1289	189	0
1290	197	0
1291	177	0
1292	213	0
1293	193	0
1294	181	0
1295	208	0
1296	208	0
1297	198	0
1298	173	0
1299	206	0
1300	195	0
1301	202	0
1302	212	0
1303	211	0
1304	212	0
1305	196	0
1306	213	0
1307	194	0
1308	211	0
1309	193	0
1310	195	0
1311	186	0
1312	195	0
1313	194	0
1314	195	0
1315	196	0
1316	196	0
1317	216	0
1318	206	0
1319	201	0
1320	214	0
1321	203	0
1322	182	0
1323	186	0
1324	184	0
1325	177	0
1326	206	0
1327	187	0
1328	198	0
1329	191	0
1330	177	0
1331	206	0
1332	211	0
1333	186	0
1334	202	0
1335	187	0
1336	199	0
1337	221	0
1338	201	0
1339	182	0
1340	203	0
1341	216	0
1342	200	0
1343	194	0
1344	230	0
1345	221	0
1346	208	0
1347	205	0
1348	173	0
1349	190	0
1350	223	0
1351	183	0
1352	191	0
1353	211	0
1354	210	0
1355	186	0
1356	212	0
1357	203	0
1358	210	0
1359	182	0
1360	210	0
1361	211	0
1362	197	0
1363	211	0
1364	178	0
1365	187	0
1366	201	0
1367	200	0
1368	208	0
1369	201	0
1370	201	0
1371	208	0
1372	201	0
1373	185	0
1374	213	0
1375	168	0
1376	187	0
1377	198	0
1378	179	0
1379	220	0
1380	212	0
1381	203	0
1382	194	0
1383	171	0
1384	201	0
1385	208	0
1386	193	0
1387	220	0
1388	189	0
1389	192	0
1390	202	0
1391	173	0
1392	199	0
1393	200	0
1394	214	0
1395	192	0
1396	203	0
1397	196	0
1398	196	0
1399	179	0
1400	191	0
1401	199	0
1402	204	0
1403	193	0
1404	208	0
1405	189	0
1406	214	0
1407	177	0
1408	208	0
1409	153	0
1410	186	0
1411	181	0
1412	191	0
1413	193	0
1414	190	0
1415	203	0
1416	184	0
1417	217	0
1418	171	0
1419	202	0
1420	201	0
1421	229	0
1422	228	0
1423	206	0
1424	192	0
1425	206	0
1426	213	0
1427	187	0
1428	191	0
1429	194	0
1430	199	0
1431	207	0
1432	193	0
1433	212	0
1434	179	0
1435	185	0
1436	180	0
1437	221	0
1438	178	0
1439	195	0
1440	214	0
1441	217	0
1442	206	0
1443	218	0
1444	189	0
1445	195	0
1446	205	0
1447	212	0
1448	221	0
1449	187	0
1450	196	0
1451	186	0
1452	185	0
1453	198	0
1454	207	0
1455	189	0
1456	191	0
1457	205	0
1458	190	0
1459	191	0
1460	206	0
1461	204	0
1462	185	0
1463	212	0
1464	187	0
1465	181	0
1466	215	0
1467	211	0
1468	191	0
1469	226	0
1470	199	0
1471	181	0
1472	200	0
1473	200	0
1474	214	0
1475	188	0
1476	186	0
1477	164	0
1478	190	0
1479	210	0
1480	203	0
1481	196	0
1482	187	0
1483	180	0
1484	197	0
1485	187	0
1486	230	0
1487	191	0
1488	180	0
1489	197	0
1490	191	0
1491	216	0
1492	168	0
1493	155	0
1494	178	0
1495	193	0
1496	212	0
1497	184	0
1498	211	0
1499	178	0
1500	186	0
1501	195	0
1502	206	0
1503	197	0
1504	187	0
1505	197	0
1506	236	0
1507	250	0
1508	169	0
1509	199	0
1510	196	0
1511	206	0
1512	185	0
1513	216	0
1514	190	0
1515	183	0
1516	202	0
1517	215	0
1518	205	0
1519	205	0
1520	168	0
1521	176	0
1522	183	0
1523	201	0
1524	199	0
1525	198	0
1526	198	0
1527	214	0
1528	213	0
1529	188	0
1530	193	0
1531	204	0
1532	188	0
1533	208	0
1534	189	0
1535	188	0
1536	183	0
1537	170	0
1538	177	0
1539	200	0
1540	188	0
1541	206	0
1542	213	0
1543	188	0
1544	186	0
1545	192	0
1546	192	0
1547	185	0
1548	228	0
1549	200	0
1550	186	0
1551	206	0
1552	207	0
1553	217	0
1554	185	0
1555	189	0
1556	216	0
1557	195	0
1558	197	0
1559	198	0
1560	191	0
1561	186	0
1562	213	0
1563	193	0
1564	207	0
1565	200	0
1566	198	0
1567	222	0
1568	221	0
1569	219	0
1570	195	0
1571	198	0
1572	218	0
1573	195	0
1574	228	0
1575	186	0
1576	217	0
1577	192	0
1578	195	0
1579	198	0
1580	202	0
1581	196	0
1582	202	0
1583	166	0
1584	196	0
1585	199	0
1586	205	0
1587	216	0
1588	226	0
1589	225	0
1590	182	0
1591	195	0
1592	226	0
1593	217	0
1594	216	0
1595	235	0
1596	199	0
1597	188	0
1598	226	0
1599	204	0
1600	171	0
1601	175	0
1602	205	0
1603	179	0
1604	213	0
1605	185	0
1606	188	0
1607	197	0
1608	204	0
1609	214	0
1610	200	0
1611	186	0
1612	180	0
1613	191	0
1614	182	0
1615	190	0
1616	189	0
1617	186	0
1618	204	0
1619	192	0
1620	208	0
1621	175	0
1622	192	0
1623	199	0
1624	178	0
1625	184	0
1626	187	0
1627	205	0
1628	184	0
1629	173	0
1630	202	0
1631	210	0
1632	169	0
1633	223	0
1634	192	0
1635	205	0
1636	222	0
1637	193	0
1638	178	0
1639	200	0
1640	186	0
1641	193	0
1642	200	0
1643	191	0
1644	193	0
1645	183	0
1646	210	0
1647	208	0
1648	213	0
1649	218	0
1650	203	0
1651	207	0
1652	181	0
1653	210	0
1654	205	0
1655	212	0
1656	184	0
1657	193	0
1658	183	0
1659	178	0
1660	202	0
1661	201	0
1662	204	0
1663	180	0
1664	202	0
1665	200	0
1666	177	0
1667	207	0
1668	170	0
1669	208	0
1670	244	0
1671	186	0
1672	182	0
1673	191	0
1674	206	0
1675	204	0
1676	197	0
1677	190	0
1678	192	0
1679	221	0
1680	186	0
1681	187	0
1682	174	0
1683	193	0
1684	215	0
1685	200	0
1686	216	0
1687	204	0
1688	182	0
1689	201	0
1690	201	0
1691	187	0
1692	199	0
1693	209	0
1694	198	0
1695	215	0
1696	193	0
1697	197	0
1698	202	0
1699	237	0
1700	181	0
1701	197	0
1702	177	0
1703	195	0
1704	193	0
1705	203	0
1706	197	0
1707	190	0
1708	175	0
1709	196	0
1710	181	0
1711	195	0
1712	189	0
1713	201	0
1714	228	0
1715	204	0
1716	191	0
1717	184	0
1718	195	0
1719	199	0
1720	176	0
1721	174	0
1722	194	0
1723	216	0
1724	195	0
1725	195	0
1726	200	0
1727	190	0
1728	200	0
1729	202	0
1730	211	0
1731	183	0
1732	191	0
1733	205	0
1734	191	0
1735	191	0
1736	200	0
1737	168	0
1738	207	0
1739	189	0
1740	205	0
1741	182	0
1742	180	0
1743	218	0
1744	209	0
1745	190	0
1746	204	0
1747	197	0
1748	206	0
1749	205	0
1750	211	0
1751	180	0
1752	199	0
1753	198	0
1754	202	0
1755	192	0
1756	197	0
1757	171	0
1758	209	0
1759	190	0
1760	167	0
1761	177	0
1762	167	0
1763	208	0
1764	191	0
1765	199	0
1766	188	0
1767	186	0
1768	187	0
1769	192	0
1770	184	0
1771	174	0
1772	191	0
1773	201	0
1774	194	0
1775	194	0
1776	187	0
1777	217	0
1778	205	0
1779	204	0
1780	224	0
1781	192	0
1782	191	0
1783	187	0
1784	197	0
1785	202	0
1786	194	0
1787	216	0
1788	222	0
1789	197	0
1790	198	0
1791	216	0
1792	183	0
1793	197	0
1794	193	0
1795	202	0
1796	215	0
1797	199	0
1798	218	0
1799	190	0
1800	203	0
1801	198	0
1802	175	0
1803	186	0
1804	194	0
1805	192	0
1806	188	0
1807	195	0
1808	186	0
1809	186	0
1810	187	0
1811	183	0
1812	192	0
1813	182	0
1814	164	0
1815	193	0
1816	216	0
1817	233	0
1818	183	0
1819	195	0
1820	171	0
1821	195	0
1822	195	0
1823	201	0
1824	193	0
1825	197	0
1826	197	0
1827	221	0
1828	171	0
1829	205	0
1830	187	0
1831	192	0
1832	215	0
1833	200	0
1834	174	0
1835	188	0
1836	193	0
1837	223	0
1838	185	0
1839	200	0
1840	194	0
1841	200	0
1842	236	0
1843	192	0
1844	230	0
1845	198	0
1846	214	0
1847	174	0
1848	196	0
1849	187	0
1850	209	0
1851	198	0
1852	214	0
1853	198	0
1854	186	0
1855	186	0
1856	191	0
1857	212	0
1858	195	0
1859	186	0
1860	181	0
1861	206	0
1862	200	0
1863	216	0
1864	212	0
1865	221	0
1866	197	0
1867	209	0
1868	202	0
1869	206	0
1870	189	0
1871	190	0
1872	181	0
1873	206	0
1874	189	0
1875	195	0
1876	209	0
1877	177	0
1878	197	0
1879	197	0
1880	196	0
1881	177	0
1882	188	0
1883	186	0
1884	197	0
1885	200	0
1886	210	0
1887	211	0
1888	178	0
1889	201	0
1890	211	0
1891	209	0
1892	180	0
1893	222	0
1894	173	0
1895	214	0
1896	205	0
1897	188	0
1898	189	0
1899	200	0
1900	218	0
1901	202	0
1902	212	0
1903	197	0
1904	185	0
1905	204	0
1906	183	0
1907	203	0
1908	185	0
1909	170	0
1910	180	0
1911	191	0
1912	205	0
1913	203	0
1914	194	0
1915	204	0
1916	199	0
1917	198	0
1918	196	0
1919	195	0
1920	202	0
1921	183	0
1922	216	0
1923	228	0
1924	189	0
1925	234	0
1926	208	0
1927	182	0
1928	220	0
1929	178	0
1930	196	0
1931	195	0
1932	202	0
1933	211	0
1934	211	0
1935	211	0
1936	195	0
1937	167	0
1938	189	0
1939	198	0
1940	201	0
1941	215	0
1942	212	0
1943	180	0
1944	226	0
1945	221	0
1946	194	0
1947	212	0
1948	194	0
1949	211	0
1950	210	0
1951	183	0
1952	210	0
1953	201	0
1954	177	0
1955	201	0
1956	185	0
1957	183	0
1958	198	0
1959	211	0
1960	198	0
1961	202	0
1962	191	0
1963	205	0
1964	202	0
1965	206	0
1966	170	0
1967	199	0
1968	191	0
1969	212	0
1970	200	0
1971	203	0
1972	201	0
1973	212	0
1974	171	0
1975	217	0
1976	207	0
1977	209	0
1978	202	0
1979	221	0
1980	177	0
1981	217	0
1982	181	0
1983	176	0
1984	185	0
1985	202	0
1986	197	0
1987	206	0
1988	184	0
1989	208	0
1990	174	0
1991	211	0
1992	205	0
1993	199	0
1994	205	0
1995	187	0
1996	200	0
1997	188	0
1998	203	0
1999	195	0
2000	192	0
2001	203	0
2002	212	0
2003	193	0
2004	187	0
2005	185	0
2006	185	0
2007	181	0
2008	187	0
2009	196	0
2010	190	0
2011	195	0
2012	227	0
2013	213	0
2014	187	0
2015	173	0
2016	218	0
2017	203	0
2018	217	0
2019	206	0
2020	227	0
2021	201	0
2022	189	0
2023	188	0
2024	214	0
2025	198	0
2026	180	0
2027	202	0
2028	183	0
2029	176	0
2030	207	0
2031	205	0
2032	204	0
2033	185	0
2034	208	0
2035	203	0
2036	184	0
2037	187	0
2038	202	0
2039	194	0
2040	223	0
2041	184	0
2042	188	0
2043	195	0
2044	187	0
2045	169	0
2046	198	0
2047	220	0
2048	181	0
2049	182	0
2050	209	0
2051	209	0
2052	204	0
2053	192	0
2054	220	0
2055	223	0
2056	206	0
2057	191	0
2058	219	0
2059	192	0
2060	214	0
2061	227	0
2062	170	0
2063	208	0
2064	222	0
2065	187	0
2066	184	0
2067	200	0
2068	198	0
2069	202	0
2070	209	0
2071	202	0
2072	188	0
2073	224	0
2074	205	0
2075	205	0
2076	211	0
2077	204	0
2078	188	0
2079	170	0
2080	203	0
2081	206	0
2082	183	0
2083	184	0
2084	191	0
2085	178	0
2086	186	0
2087	206	0
2088	213	0
2089	195	0
2090	217	0
2091	184	0
2092	225	0
2093	179	0
2094	184	0
2095	206	0
2096	202	0
2097	216	0
2098	202	0
2099	216	0
2100	168	0
2101	188	0
2102	201	0
2103	175	0
2104	207	0
2105	187	0
2106	199	0
2107	201	0
2108	185	0
2109	179	0
2110	190	0
2111	185	0
2112	204	0
2113	200	0
2114	227	0
2115	174	0
2116	206	0
2117	219	0
2118	196	0
2119	198	0
2120	191	0
2121	177	0
2122	184	0
2123	210	0
2124	203	0
2125	190	0
2126	211	0
2127	189	0
2128	209	0
2129	195	0
2130	189	0
2131	187	0
2132	184	0
2133	199	0
2134	188	0
2135	182	0
2136	202	0
2137	202	0
2138	198	0
2139	210	0
2140	205	0
2141	227	0
2142	186	0
2143	194	0
2144	190	0
2145	196	0
2146	226	0
2147	224	0
2148	193	0
2149	209	0
2150	198	0
2151	219	0
2152	202	0
2153	198	0
2154	224	0
2155	193	0
2156	188	0
2157	209	0
2158	205	0
2159	212	0
2160	191	0
2161	190	0
2162	199	0
2163	207	0
2164	192	0
2165	201	0
2166	214	0
2167	222	0
2168	190	0
2169	187	0
2170	180	0
2171	194	0
2172	198	0
2173	212	0
2174	200	0
2175	185	0
2176	192	0
2177	209	0
2178	210	0
2179	192	0
2180	175	0
2181	194	0
2182	199	0
2183	227	0
2184	194	0
2185	190	0
2186	165	0
2187	181	0
2188	216	0
2189	169	0
2190	183	0
2191	210	0
2192	188	0
2193	191	0
2194	209	0
2195	206	0
2196	181	0
2197	205	0
2198	179	0
2199	202	0
2200	205	0
2201	186	0
2202	205	0
2203	210	0
2204	183	0
2205	189	0
2206	194	0
2207	196	0
2208	194	0
2209	176	0
2210	185	0
2211	200	0
2212	206	0
2213	165	0
2214	179	0
2215	197	0
2216	213	0
2217	198	0
2218	187	0
2219	199	0
2220	198	0
2221	168	0
2222	193	0
2223	203	0
2224	185	0
2225	203	0
2226	197	0
2227	171	0
2228	223	0
2229	206	0
2230	212	0
2231	200	0
2232	206	0
2233	193	0
2234	207	0
2235	191	0
2236	202	0
2237	201	0
2238	189	0
2239	199	0
2240	182	0
2241	210	0
2242	180	0
2243	183	0
2244	215	0
2245	179	0
2246	184	0
2247	209	0
2248	198	0
2249	207	0
2250	201	0
2251	191	0
2252	192	0
2253	205	0
2254	202	0
2255	203	0
2256	189	0
2257	180	0
2258	166	0
2259	181	0
2260	188	0
2261	196	0
2262	208	0
2263	172	0
2264	225	0
2265	223	0
2266	227	0
2267	183	0
2268	202	0
2269	195	0
2270	208	0
2271	183	0
2272	180	0
2273	204	0
2274	195	0
2275	195	0
2276	191	0
2277	204	0
2278	196	0
2279	207	0
2280	201	0
2281	214	0
2282	199	0
2283	231	0
2284	198	0
2285	210	0
2286	177	0
2287	213	0
2288	213	0
2289	215	0
2290	189	0
2291	189	0
2292	215	0
2293	188	0
2294	189	0
2295	213	0
2296	212	0
2297	203	0
2298	184	0
2299	228	0
2300	188	0
2301	193	0
2302	212	0
2303	205	0
2304	204	0
2305	173	0
2306	179	0
2307	207	0
2308	191	0
2309	209	0
2310	205	0
2311	200	0
2312	202	0
2313	176	0
2314	200	0
2315	209	0
2316	186	0
2317	199	0
2318	235	0
2319	161	0
2320	189	0
2321	203	0
2322	178	0
2323	205	0
2324	188	0
2325	190	0
2326	198	0
2327	187	0
2328	223	0
2329	190	0
2330	221	0
2331	227	0
2332	212	0
2333	178	0
2334	179	0
2335	222	0
2336	176	0
2337	201	0
2338	193	0
2339	184	0
2340	213	0
2341	204	0
2342	223	0
2343	217	0
2344	185	0
2345	195	0
2346	193	0
2347	199	0
2348	199	0
2349	191	0
2350	195	0
2351	169	0
2352	215	0
2353	184	0
2354	216	0
2355	173	0
2356	190	0
2357	208	0
2358	191	0
2359	188	0
2360	207	0
2361	192	0
2362	226	0
2363	187	0
2364	183	0
2365	210	0
2366	216	0
2367	183	0
2368	195	0
2369	212	0
2370	211	0
2371	209	0
2372	204	0
2373	211	0
2374	209	0
2375	195	0
2376	210	0
2377	176	0
2378	190	0
2379	205	0
2380	192	0
2381	185	0
2382	198	0
2383	177	0
2384	202	0
2385	209	0
2386	176	0
2387	203	0
2388	216	0
2389	194	0
2390	183	0
2391	235	0
2392	197	0
2393	185	0
2394	182	0
2395	202	0
2396	173	0
2397	195	0
2398	191	0
2399	170	0
2400	192	0
2401	219	0
2402	205	0
2403	211	0
2404	208	0
2405	204	0
2406	186	0
2407	213	0
2408	202	0
2409	203	0
2410	199	0
2411	195	0
2412	181	0
2413	192	0
2414	185	0
2415	166	0
2416	182	0
2417	194	0
2418	190	0
2419	183	0
2420	187	0
2421	181	0
2422	206	0
2423	217	0
2424	205	0
2425	218	0
2426	212	0
2427	211	0
2428	184	0
2429	186	0
2430	162	0
2431	204	0
2432	208	0
2433	209	0
2434	210	0
2435	194	0
2436	181	0
2437	191	0
2438	192	0
2439	190	0
2440	184	0
2441	215	0
2442	195	0
2443	218	0
2444	194	0
2445	205	0
2446	180	0
2447	203	0
2448	192	0
2449	201	0
2450	223	0
2451	207	0
2452	184	0
2453	204	0
2454	218	0
2455	201	0
2456	206	0
2457	197	0
2458	191	0
2459	181	0
2460	203	0
2461	213	0
2462	186	0
2463	214	0
2464	165	0
2465	216	0
2466	196	0
2467	169	0
2468	193	0
2469	177	0
2470	189	0
2471	196	0
2472	209	0
2473	197	0
2474	191	0
2475	199	0
2476	179	0
2477	193	0
2478	201	0
2479	200	0
2480	214	0
2481	214	0
2482	212	0
2483	212	0
2484	197	0
2485	228	0
2486	206	0
2487	207	0
2488	194	0
2489	189	0
2490	210	0
2491	169	0
2492	202	0
2493	216	0
2494	205	0
2495	195	0
2496	203	0
2497	188	0
2498	224	0
2499	194	0
2500	194	0
2501	181	0
2502	218	0
2503	191	0
2504	190	0
2505	189	0
2506	223	0
2507	223	0
2508	198	0
2509	193	0
2510	185	0
2511	223	0
2512	196	0
2513	199	0
2514	217	0
2515	194	0
2516	174	0
2517	184	0
2518	212	0
2519	192	0
2520	217	0
2521	194	0
2522	198	0
2523	193	0
2524	213	0
2525	192	0
2526	241	0
2527	193	0
2528	202	0
2529	208	0
2530	211	0
2531	204	0
2532	193	0
2533	206	0
2534	207	0
2535	193	0
2536	227	0
2537	202	0
2538	190	0
2539	176	0
2540	217	0
2541	233	0
2542	200	0
2543	205	0
2544	166	0
2545	195	0
2546	211	0
2547	203	0
2548	189	0
2549	194	0
2550	176	0
2551	181	0
2552	205	0
2553	217	0
2554	200	0
2555	214	0
2556	193	0
2557	202	0
2558	189	0
2559	212	0
2560	184	0
2561	189	0
2562	191	0
2563	204	0
2564	183	0
2565	179	0
2566	205	0
2567	189	0
2568	195	0
2569	202	0
2570	195	0
2571	201	0
2572	185	0
2573	184	0
2574	207	0
2575	198	0
2576	197	0
2577	183	0
2578	220	0
2579	208	0
2580	202	0
2581	184	0
2582	193	0
2583	207	0
2584	204	0
2585	203	0
2586	185	0
2587	200	0
2588	229	0
2589	175	0
2590	174	0
2591	163	0
2592	213	0
2593	183	0
2594	208	0
2595	189	0
2596	173	0
2597	185	0
2598	199	0
2599	199	0
2600	180	0
2601	219	0
2602	190	0
2603	181	0
2604	185	0
2605	201	0
2606	213	0
2607	212	0
2608	212	0
2609	201	0
2610	237	0
2611	199	0
2612	219	0
2613	190	0
2614	193	0
2615	205	0
2616	207	0
2617	206	0
2618	193	0
2619	199	0
2620	186	0
2621	184	0
2622	199	0
2623	206	0
2624	201	0
2625	204	0
2626	200	0
2627	211	0
2628	204	0
2629	196	0
2630	204	0
2631	203	0
2632	186	0
2633	187	0
2634	207	0
2635	193	0
2636	203	0
2637	204	0
2638	188	0
2639	229	0
2640	200	0
2641	187	0
2642	168	0
2643	192	0
2644	198	0
2645	194	0
2646	214	0
2647	192	0
2648	210	0
2649	185	0
2650	215	0
2651	193	0
2652	213	0
2653	206	0
2654	208	0
2655	202	0
2656	196	0
2657	196	0
2658	191	0
2659	203	0
2660	196	0
2661	243	0
2662	199	0
2663	222	0
2664	181	0
2665	217	0
2666	207	0
2667	182	0
2668	212	0
2669	214	0
2670	205	0
2671	191	0
2672	199	0
2673	205	0
2674	208	0
2675	193	0
2676	207	0
2677	185	0
2678	193	0
2679	201	0
2680	214	0
2681	193	0
2682	204	0
2683	207	0
2684	184	0
2685	193	0
2686	218	0
2687	207	0
2688	203	0
2689	216	0
2690	205	0
2691	224	0
2692	194	0
2693	190	0
2694	171	0
2695	200	0
2696	216	0
2697	185	0
2698	216	0
2699	179	0
2700	207	0
2701	168	0
2702	182	0
2703	219	0
2704	190	0
2705	197	0
2706	207	0
2707	211	0
2708	168	0
2709	194	0
2710	187	0
2711	217	0
2712	206	0
2713	200	0
2714	197	0
2715	229	0
2716	174	0
2717	203	0
2718	195	0
2719	197	0
2720	239	0
2721	187	0
2722	195	0
2723	201	0
2724	195	0
2725	180	0
2726	200	0
2727	222	0
2728	228	0
2729	188	0
2730	198	0
2731	183	0
2732	203	0
2733	186	0
2734	197	0
2735	223	0
2736	200	0
2737	209	0
2738	184	0
2739	194	0
2740	208	0
2741	203	0
2742	204	0
2743	190	0
2744	201	0
2745	188	0
2746	209	0
2747	196	0
2748	193	0
2749	192	0
2750	218	0
2751	180	0
2752	200	0
2753	191	0
2754	193	0
2755	195	0
2756	225	0
2757	177	0
2758	189	0
2759	227	0
2760	216	0
2761	201	0
2762	201	0
2763	194	0
2764	190	0
2765	194	0
2766	152	0
2767	187	0
2768	184	0
2769	218	0
2770	199	0
2771	227	0
2772	206	0
2773	198	0
2774	194	0
2775	201	0
2776	206	0
2777	189	0
2778	203	0
2779	219	0
2780	176	0
2781	208	0
2782	208	0
2783	197	0
2784	213	0
2785	192	0
2786	210	0
2787	196	0
2788	169	0
2789	182	0
2790	205	0
2791	203	0
2792	212	0
2793	202	0
2794	183	0
2795	213	0
2796	179	0
2797	202	0
2798	196	0
2799	215	0
2800	193	0
2801	188	0
2802	193	0
2803	204	0
2804	155	0
2805	194	0
2806	172	0
2807	205	0
2808	173	0
2809	221	0
2810	179	0
2811	218	0
2812	204	0
2813	209	0
2814	188	0
2815	180	0
2816	205	0
2817	180	0
2818	210	0
2819	216	0
2820	201	0
2821	196	0
2822	184	0
2823	203	0
2824	203	0
2825	177	0
2826	228	0
2827	208	0
2828	187	0
2829	210	0
2830	220	0
2831	192	0
2832	196	0
2833	212	0
2834	190	0
2835	208	0
2836	197	0
2837	206	0
2838	212	0
2839	198	0
2840	174	0
2841	182	0
2842	191	0
2843	224	0
2844	213	0
2845	193	0
2846	217	0
2847	201	0
2848	187	0
2849	213	0
2850	172	0
2851	222	0
2852	176	0
2853	212	0
2854	188	0
2855	193	0
2856	177	0
2857	193	0
2858	204	0
2859	206	0
2860	185	0
2861	221	0
2862	195	0
2863	192	0
2864	182	0
2865	185	0
2866	215	0
2867	207	0
2868	207	0
2869	200	0
2870	197	0
2871	202	0
2872	177	0
2873	218	0
2874	193	0
2875	193	0
2876	190	0
2877	220	0
2878	205	0
2879	197	0
2880	203	0
2881	199	0
2882	199	0
2883	199	0
2884	208	0
2885	225	0
2886	208	0
2887	203	0
2888	199	0
2889	215	0
2890	181	0
2891	234	0
2892	189	0
2893	197	0
2894	203	0
2895	200	0
2896	187	0
2897	211	0
2898	203	0
2899	198	0
2900	221	0
2901	200	0
2902	191	0
2903	221	0
2904	183	0
2905	175	0
2906	213	0
2907	222	0
2908	171	0
2909	187	0
2910	192	0
2911	160	0
2912	204	0
2913	226	0
2914	209	0
2915	198	0
2916	193	0
2917	204	0
2918	199	0
2919	213	0
2920	211	0
2921	206	0
2922	190	0
2923	186	0
2924	200	0
2925	200	0
2926	228	0
2927	215	0
2928	218	0
2929	197	0
2930	191	0
2931	188	0
2932	181	0
2933	190	0
2934	214	0
2935	188	0
2936	175	0
2937	217	0
2938	198	0
2939	187	0
2940	221	0
2941	204	0
2942	207	0
2943	180	0
2944	195	0
2945	210	0
2946	251	0
2947	221	0
2948	178	0
2949	216	0
2950	211	0
2951	194	0
2952	192	0
2953	175	0
2954	203	0
2955	201	0
2956	190	0
2957	187	0
2958	191	0
2959	195	0
2960	192	0
2961	187	0
2962	204	0
2963	181	0
2964	198	0
2965	195	0
2966	191	0
2967	200	0
2968	217	0
2969	202	0
2970	225	0
2971	177	0
2972	195	0
2973	219	0
2974	205	0
2975	214	0
2976	196	0
2977	212	0
2978	203	0
2979	202	0
2980	194	0
2981	200	0
2982	207	0
2983	189	0
2984	197	0
2985	192	0
2986	189	0
2987	195	0
2988	198	0
2989	210	0
2990	197	0
2991	164	0
2992	182	0
2993	207	0
2994	233	0
2995	199	0
2996	217	0
2997	199	0
2998	219	0
2999	192	0
3000	199	0
