1	190	0
2	202	0
3	194	0
4	193	0
5	219	0
6	191	0
7	191	0
8	196	0
9	192	0
10	188	0
11	185	0
12	212	0
13	198	0
14	207	0
15	192	0
16	192	0
17	200	0
18	155	0
19	194	0
20	190	0
21	161	0
22	200	0
23	207	0
24	208	0
25	206	0
26	192	0
27	203	0
28	197	0
29	221	0
30	193	0
31	186	0
32	208	0
33	193	0
34	200	0
35	201	0
36	170	0
37	222	0
38	218	0
39	179	0
40	213	0
41	185	0
42	221	0
43	203	0
44	197	0
45	196	0
46	215	0
47	187	0
48	198	0
49	200	0
50	189	0
51	174	0
52	189	0
53	194	0
54	195	0
55	197	0
56	187	0
57	201	0
58	212	0
59	184	0
60	194	0
61	200	0
62	172	0
63	202	0
64	192	0
65	200	0
66	207	0
67	212	0
68	201	0
69	211	0
70	193	0
71	197	0
72	186	0
73	207	0
74	202	0
75	187	0
76	206	0
77	200	0
78	212	0
79	185	0
80	197	0
81	191	0
82	219	0
83	202	0
84	187	0
85	177	0
86	204	0
87	183	0
88	214	0
89	219	0
90	190	0
91	186	0
92	208	0
93	206	0
94	187	0
95	217	0
96	209	0
97	198	0
98	197	0
99	199	0
100	199	0
101	207	0
102	215	0
103	166	0
104	176	0
105	186	0
106	207	0
107	205	0
108	220	0
109	188	0
110	188	0
111	191	0
112	191	0
113	162	0
114	181	0
115	216	0
116	204	0
117	222	0
118	192	0
119	214	0
120	188	0
121	197	0
122	211	0
123	202	0
124	190	0
125	232	0
126	194	0
127	178	0
128	166	0
129	190	0
130	216	0
131	222	0
132	185	0
133	200	0
134	187	0
135	200	0
136	220	0
137	200	0
138	203	0
139	202	0
140	198	0
141	172	0
142	207	0
143	185	0
144	223	0
145	196	0
146	197	0
147	196	0
148	216	0
149	238	0
150	194	0
151	182	0
152	206	0
153	229	0
154	212	0
155	210	0
156	193	0
157	191	0
158	212	0
159	198	0
160	187	0
161	202	0
162	217	0
163	219	0
164	203	0
165	204	0
166	183	0
167	216	0
168	183	0
169	210	0
170	214	0
171	192	0
172	204	0
173	212	0
174	190	0
175	208	0
176	193	0
177	179	0
178	223	0
179	170	0
180	206	0
181	195	0
182	210	0
183	209	0
184	203	0
185	194	0
186	201	0
187	185	0
188	211	0
189	194	0
190	207	0
191	195	0
192	183	0
193	189	0
194	193	0
195	204	0
196	178	0
197	212	0
198	169	0
199	188	0
200	169	0
201	170	0
202	192	0
203	185	0
204	190	0
205	203	0
206	179	0
207	181	0
208	225	0
209	215	0
210	171	0
211	180	0
212	175	0
213	202	0
214	194	0
215	222	0
216	194	0
217	187	0
218	213	0
219	175	0
220	204	0
221	221	0
222	202	0
223	188	0
224	218	0
225	205	0
226	184	0
227	180	0
228	208	0
229	209	0
230	179	0
231	190	0
232	198	0
233	197	0
234	204	0
235	189	0
236	206	0
237	207	0
238	221	0
239	196	0
240	171	0
241	181	0
242	208	0
243	213	0
244	218	0
245	195	0
246	221	0
247	221	0
248	191	0
249	214	0
250	177	0
251	198	0
252	189	0
253	208	0
254	212	0
255	211	0
256	218	0
257	181	0
258	226	0
259	225	0
260	176	0
261	212	0
262	201	0
263	205	0
264	199	0
265	202	0
266	211	0
267	199	0
268	183	0
269	201	0
270	211	0
271	190	0
272	215	0
273	213	0
274	176	0
275	193	0
276	212	0
277	184	0
278	209	0
279	198	0
280	198	0
281	211	0
282	195	0
283	216	0
284	189	0
285	190	0
286	182	0
287	201	0
288	220	0
289	177	0
290	188	0
291	188	0
292	206	0
293	191	0
294	210	0
295	201	0
296	189	0
297	231	0
298	197	0
299	203	0
300	184	0
301	223	0
302	164	0
303	209	0
304	197	0
305	193	0
306	218	0
307	190	0
308	192	0
309	191	0
310	202	0
311	190	0
312	205	0
313	172	0
314	194	0
315	183	0
316	187	0
317	221	0
318	184	0
319	205	0
320	195	0
321	213	0
322	176	0
323	206	0
324	191	0
325	177	0
326	192	0
327	210	0
328	185	0
329	210	0
330	162	0
331	211	0
332	176	0
333	192	0
334	184	0
335	182	0
336	196	0
337	213	0
338	167	0
339	194	0
340	169	0
341	185	0
342	188	0
343	193	0
344	191	0
345	202	0
346	209	0
347	160	0
348	210	0
349	199	0
350	194	0
351	215	0
352	197	0
353	227	0
354	191	0
355	190	0
356	215	0
357	200	0
358	170	0
359	185	0
360	174	0
361	193	0
362	219	0
363	182	0
364	216	0
365	198	0
366	207	0
367	197	0
368	193	0
369	180	0
370	204	0
371	175	0
372	226	0
373	190	0
374	190	0
375	166	0
376	208	0
377	209	0
378	194	0
379	193	0
380	230	0
381	206	0
382	194	0
383	225	0
384	194	0
385	181	0
386	204	0
387	189	0
388	217	0
389	190	0
390	190	0
391	192	0
392	201	0
393	230	0
394	184	0
395	176	0
396	202	0
397	201	0
398	182	0
399	181	0
400	181	0
401	189	0
402	205	0
403	193	0
404	189	0
405	214	0
406	214	0
407	190	0
408	205	0
409	218	0
410	190	0
411	197	0
412	190	0
413	171	0
414	206	0
415	199	0
416	184	0
417	173	0
418	195	0
419	194	0
420	184	0
421	180	0
422	212	0
423	210	0
424	186	0
425	204	0
426	214	0
427	203	0
428	189	0
429	184	0
430	211	0
431	196	0
432	207	0
433	181	0
434	196	0
435	205	0
436	189	0
437	184	0
438	217	0
439	199	0
440	200	0
441	180	0
442	189	0
443	210	0
444	184	0
445	207	0
446	186	0
447	183	0
448	197	0
449	196	0
450	192	0
451	184	0
452	217	0
453	164	0
454	202	0
455	187	0
456	180	0
457	210	0
458	187	0
459	182	0
460	203	0
461	185	0
462	202	0
463	180	0
464	200	0
465	205	0
466	192	0
467	217	0
468	193	0
469	193	0
470	196	0
471	200	0
472	195	0
473	207	0
474	222	0
475	194	0
476	199	0
477	189	0
478	204	0
479	200	0
480	183	0
481	192	0
482	180	0
483	204	0
484	196	0
485	186	0
486	222	0
487	193	0
488	175	0
489	195	0
490	166	0
491	200	0
492	190	0
493	192	0
494	231	0
495	208	0
496	186	0
497	190	0
498	215	0
499	176	0
500	177	0
501	205	0
502	228	0
503	207	0
504	208	0
505	205	0
506	196	0
507	204	0
508	154	0
509	208	0
510	184	0
511	205	0
512	200	0
513	209	0
514	190	0
515	198	0
516	215	0
517	193	0
518	190	0
519	185	0
520	189	0
521	187	0
522	167	0
523	192	0
524	178	0
525	199	0
526	202	0
527	199	0
528	211	0
529	168	0
530	156	0
531	193	0
532	188	0
533	175	0
534	179	0
535	185	0
536	202	0
537	214	0
538	212	0
539	200	0
540	207	0
541	199	0
542	200	0
543	213	0
544	190	0
545	210	0
546	173	0
547	181	0
548	157	0
549	208	0
550	149	0
551	212	0
552	201	0
553	220	0
554	195	0
555	201	0
556	176	0
557	194	0
558	180	0
559	200	0
560	232	0
561	205	0
562	221	0
563	211	0
564	175	0
565	192	0
566	171	0
567	206	0
568	179	0
569	211	0
570	213	0
571	197	0
572	221	0
573	210	0
574	205	0
575	188	0
576	219	0
577	179	0
578	187	0
579	209	0
580	215	0
581	195	0
582	183	0
583	207	0
584	208	0
585	191	0
586	208	0
587	197	0
588	194	0
589	196	0
590	208	0
591	207	0
592	196	0
593	193	0
594	189	0
595	201	0
596	173	0
597	203	0
598	189	0
599	187	0
600	187	0
601	169	0
602	207	0
603	211	0
604	185	0
605	214	0
606	191	0
607	210	0
608	187	0
609	191	0
610	201	0
611	202	0
612	194	0
613	210	0
614	180	0
615	200	0
616	211	0
617	198	0
618	183	0
619	208	0
620	201	0
621	200	0
622	157	0
623	217	0
624	179	0
625	223	0
626	183	0
627	181	0
628	167	0
629	191	0
630	216	0
631	211	0
632	190	0
633	184	0
634	220	0
635	215	0
636	191	0
637	210	0
638	204	0
639	195	0
640	209	0
641	184	0
642	218	0
643	165	0
644	171	0
645	206	0
646	215	0
647	206	0
648	187	0
649	191	0
650	206	0
651	220	0
652	190	0
653	207	0
654	178	0
655	194	0
656	175	0
657	201	0
658	199	0
659	219	0
660	213	0
661	197	0
662	204	0
663	195	0
664	173	0
665	195	0
666	196	0
667	162	0
668	176	0
669	200	0
670	173	0
671	182	0
672	215	0
673	208	0
674	193	0
675	187	0
676	192	0
677	191	0
678	226	0
679	213	0
680	207	0
681	203	0
682	203	0
683	178	0
684	211	0
685	182	0
686	239	0
687	192	0
688	189	0
689	171	0
690	217	0
691	192	0
692	203	0
693	185	0
694	220	0
695	193	0
696	192	0
697	188	0
698	225	0
699	212	0
700	185	0
701	219	0
702	197	0
703	227	0
704	186	0
705	204	0
706	215	0
707	214	0
708	197	0
709	192	0
710	162	0
711	207	0
712	210	0
713	186	0
714	193	0
715	207	0
716	199	0
717	225	0
718	240	0
719	183	0
720	213	0
721	188	0
722	187	0
723	213	0
724	188	0
725	190	0
726	188	0
727	191	0
728	194	0
729	205	0
730	189	0
731	202	0
732	208	0
733	212	0
734	186	0
735	193	0
736	175	0
737	206	0
738	218	0
739	178	0
740	203	0
741	201	0
742	195	0
743	224	0
744	214	0
745	223	0
746	225	0
747	202	0
748	175	0
749	186	0
750	202	0
751	198	0
752	214	0
753	192	0
754	207	0
755	203	0
756	207	0
757	186	0
758	173	0
759	168	0
760	210	0
761	187	0
762	213	0
763	175	0
764	194	0
765	195	0
766	203	0
767	201	0
768	189	0
769	201	0
770	201	0
771	180	0
772	174	0
773	204	0
774	190	0
775	186	0
776	185	0
777	172	0
778	203	0
779	206	0
780	180	0
781	222	0
782	219	0
783	216	0
784	183	0
785	204	0
786	217	0
787	191	0
788	210	0
789	230	0
790	172	0
791	213	0
792	207	0
793	208	0
794	193	0
795	190	0
796	182	0
797	188	0
798	222	0
799	213	0
800	213	0
801	204	0
802	187	0
803	242	0
804	214	0
805	213	0
806	209	0
807	195	0
808	204	0
809	197	0
810	224	0
811	197	0
812	206	0
813	216	0
814	221	0
815	188	0
816	196	0
817	171	0
818	225	0
819	207	0
820	179	0
821	201	0
822	188	0
823	205	0
824	202	0
825	203	0
826	198	0
827	195	0
828	216	0
829	206	0
830	227	0
831	192	0
832	212	0
833	208	0
834	177	0
835	220	0
836	193	0
837	169	0
838	198	0
839	215	0
840	215	0
841	208	0
842	188	0
843	200	0
844	190	0
845	189	0
846	192	0
847	178	0
848	210	0
849	210	0
850	210	0
851	190	0
852	196	0
853	194	0
854	195	0
855	214	0
856	196	0
857	178	0
858	176	0
859	209	0
860	210	0
861	171	0
862	186	0
863	196	0
864	207	0
865	184	0
866	174	0
867	208	0
868	183	0
869	206	0
870	202	0
871	186	0
872	199	0
873	208	0
874	176	0
875	211	0
876	199	0
877	220	0
878	182	0
879	209	0
880	206	0
881	173	0
882	209	0
883	228	0
884	212	0
885	201	0
886	208	0
887	219	0
888	206	0
889	209	0
890	180	0
891	188	0
892	201	0
893	192	0
894	197	0
895	189	0
896	215	0
897	203	0
898	217	0
899	170	0
900	174	0
901	190	0
902	163	0
903	193	0
904	211	0
905	197	0
906	212	0
907	185	0
908	195	0
909	209	0
910	189	0
911	216	0
912	197	0
913	211	0
914	189	0
915	216	0
916	198	0
917	185	0
918	211	0
919	193	0
920	186	0
921	211	0
922	219	0
923	202	0
924	170	0
925	167	0
926	211	0
927	199	0
928	214	0
929	181	0
930	195	0
931	206	0
932	191	0
933	196	0
934	183	0
935	205	0
936	213	0
937	193	0
938	193	0
939	184	0
940	176	0
941	203	0
942	198	0
943	191	0
944	193	0
945	189	0
946	179	0
947	178	0
948	203	0
949	218	0
950	208	0
951	217	0
952	177	0
953	200	0
954	197	0
955	205	0
956	205	0
957	210	0
958	189	0
959	213	0
960	167	0
961	213	0
962	169	0
963	177	0
964	206	0
965	190	0
966	196	0
967	211	0
968	200	0
969	214	0
970	216	0
971	189	0
972	211	0
973	193	0
974	189	0
975	203	0
976	189	0
977	221	0
978	212	0
979	194	0
980	186	0
981	186	0
982	195	0
983	198	0
984	194	0
985	182	0
986	168	0
987	217	0
988	204	0
989	212	0
990	224	0
991	225	0
992	214	0
993	203	0
994	199	0
995	212	0
996	200	0
997	180	0
998	202	0
999	228	0
1000	189	0
1001	193	0
1002	167	0
1003	207	0
1004	214	0
1005	183	0
1006	193	0
1007	207	0
1008	214	0
1009	203	0
1010	203	0
1011	196	0
1012	189	0
1013	193	0
1014	194	0
1015	232	0
1016	187	0
1017	202	0
1018	190	0
1019	212	0
1020	202	0
1021	212	0
1022	209	0
1023	201	0
1024	190	0
1025	200	0
1026	183	0
1027	224	0
1028	180	0
1029	201	0
1030	215	0
1031	208	0
1032	161	0
1033	200	0
1034	192	0
1035	214	0
1036	188	0
1037	193	0
1038	223	0
1039	215	0
1040	207	0
1041	190	0
1042	182	0
1043	193	0
1044	219	0
1045	197	0
1046	193	0
1047	194	0
1048	194	0
1049	217	0
1050	206	0
1051	208	0
1052	177	0
1053	199	0
1054	188	0
1055	189	0
1056	199	0
1057	202	0
1058	203	0
1059	189	0
1060	223	0
1061	197	0
1062	174	0
1063	204	0
1064	175	0
1065	217	0
1066	187	0
1067	187	0
1068	198	0
1069	189	0
1070	191	0
1071	193	0
1072	168	0
1073	198	0
1074	203	0
1075	213	0
1076	209	0
1077	186	0
1078	215	0
1079	203	0
1080	222	0
1081	202	0
1082	230	0
1083	200	0
1084	189	0
1085	195	0
1086	181	0
1087	205	0
1088	207	0
1089	182	0
1090	176	0
1091	194	0
1092	176	0
1093	183	0
1094	179	0
1095	194	0
1096	197	0
1097	182	0
1098	164	0
1099	215	0
1100	199	0
1101	220	0
1102	166	0
1103	168	0
1104	215	0
1105	208	0
1106	186	0
1107	213	0
1108	176	0
1109	191	0
1110	189	0
1111	197	0
1112	176	0
1113	207	0
1114	199	0
1115	204	0
1116	207	0
1117	195	0
1118	196	0
1119	182	0
1120	198	0
1121	200	0
1122	192	0
1123	195	0
1124	204	0
1125	217	0
1126	206	0
1127	212	0
1128	192	0
1129	200	0
1130	195	0
1131	214	0
1132	189	0
1133	212	0
1134	184	0
1135	177	0
1136	167	0
1137	212	0
1138	162	0
1139	188	0
1140	174	0
1141	214	0
1142	211	0
1143	206	0
1144	194	0
1145	218	0
1146	200	0
1147	179	0
1148	182	0
1149	179	0
1150	201	0
1151	197	0
1152	200	0
1153	209	0
1154	214	0
1155	164	0
1156	193	0
1157	206	0
1158	212	0
1159	197	0
1160	196	0
1161	204	0
1162	187	0
1163	208	0
1164	216	0
1165	204	0
1166	209	0
1167	222	0
1168	203	0
1169	202	0
1170	230	0
1171	201	0
1172	169	0
1173	187	0
1174	198	0
1175	212	0
1176	201	0
1177	203	0
1178	228	0
1179	190	0
1180	199	0
1181	204	0
1182	177	0
1183	152	0
1184	184	0
1185	168	0
1186	224	0
1187	201	0
1188	186	0
1189	194	0
1190	214	0
1191	208	0
1192	189	0
1193	194	0
1194	180	0
1195	188	0
1196	197	0
1197	168	0
1198	186	0
1199	182	0
1200	194	0
1201	207	0
1202	165	0
1203	176	0
1204	203	0
1205	205	0
1206	223	0
1207	173	0
1208	180	0
1209	191	0
1210	176	0
1211	194	0
1212	184	0
1213	212	0
1214	205	0
1215	221	0
1216	207	0
1217	188	0
1218	203	0
1219	197	0
1220	209	0
1221	205	0
1222	194	0
1223	170	0
1224	186	0
1225	179	0
1226	194	0
1227	186	0
1228	185	0
1229	221	0
1230	203	0
1231	182	0
1232	187	0
1233	221	0
1234	200	0
1235	205	0
1236	203	0
1237	187	0
1238	204	0
1239	188	0
1240	211	0
1241	189	0
1242	180	0
1243	202	0
1244	193	0
1245	197	0
1246	201	0
1247	201	0
1248	214	0
1249	182	0
1250	208	0
1251	231	0
1252	221	0
1253	180	0
1254	181	0
1255	197	0
1256	211	0
1257	203	0
1258	207	0
1259	193	0
1260	217	0
1261	193	0
1262	180	0
1263	195	0
1264	188	0
1265	182	0
1266	177	0
1267	210	0
1268	195	0
1269	184	0
1270	195	0
1271	210	0
1272	222	0
1273	212	0
1274	198	0
1275	209	0
1276	190	0
1277	185	0
1278	207	0
1279	190	0
1280	208	0
1281	193	0
1282	160	0
1283	190	0
1284	182	0
1285	202	0
1286	176	0
1287	221	0
1288	230	0
1289	206	0
1290	211	0
1291	208	0
1292	196	0
1293	180	0
1294	189	0
1295	202	0
1296	201	0
1297	200	0
1298	209	0
1299	199	0
1300	174	0
1301	204	0
1302	176	0
1303	220	0
1304	202	0
1305	195	0
1306	205	0
1307	210	0
1308	198	0
1309	184	0
1310	195	0
1311	211	0
1312	206	0
1313	216	0
1314	173	0
1315	195	0
1316	181	0
1317	191	0
1318	204	0
1319	195	0
1320	179	0
1321	211	0
1322	209	0
1323	200	0
1324	168	0
1325	209	0
1326	206	0
1327	203	0
1328	202	0
1329	228	0
1330	198	0
1331	229	0
1332	190	0
1333	206	0
1334	190	0
1335	186	0
1336	206	0
1337	189	0
1338	189	0
1339	207	0
1340	215	0
1341	204	0
1342	181	0
1343	200	0
1344	215	0
1345	221	0
1346	207	0
1347	221	0
1348	189	0
1349	190	0
1350	225	0
1351	192	0
1352	205	0
1353	204	0
1354	196	0
1355	213	0
1356	223	0
1357	195	0
1358	193	0
1359	184	0
1360	212	0
1361	214	0
1362	190	0
1363	180	0
1364	185	0
1365	210	0
1366	186	0
1367	186	0
1368	203	0
1369	173	0
1370	186	0
1371	186	0
1372	172	0
1373	211	0
1374	191	0
1375	214	0
1376	184	0
1377	209	0
1378	199	0
1379	225	0
1380	200	0
1381	197	0
1382	183	0
1383	178	0
1384	212	0
1385	221	0
1386	183	0
1387	211	0
1388	212	0
1389	193	0
1390	186	0
1391	208	0
1392	202	0
1393	206	0
1394	183	0
1395	208	0
1396	191	0
1397	219	0
1398	194	0
1399	218	0
1400	175	0
1401	183	0
1402	199	0
1403	213	0
1404	192	0
1405	224	0
1406	193	0
1407	202	0
1408	202	0
1409	181	0
1410	197	0
1411	213	0
1412	202	0
1413	213	0
1414	189	0
1415	190	0
1416	206	0
1417	195	0
1418	224	0
1419	227	0
1420	189	0
1421	187	0
1422	179	0
1423	176	0
1424	185	0
1425	191	0
1426	172	0
1427	207	0
1428	198	0
1429	209	0
1430	191	0
1431	206	0
1432	209	0
1433	225	0
1434	180	0
1435	205	0
1436	177	0
1437	180	0
1438	209	0
1439	194	0
1440	202	0
1441	224	0
1442	174	0
1443	158	0
1444	199	0
1445	176	0
1446	191	0
1447	186	0
1448	169	0
1449	183	0
1450	195	0
1451	193	0
1452	219	0
1453	203	0
1454	206	0
1455	185	0
1456	169	0
1457	173	0
1458	220	0
1459	197	0
1460	201	0
1461	202	0
1462	176	0
1463	200	0
1464	186	0
1465	193	0
1466	192	0
1467	217	0
1468	196	0
1469	190	0
1470	207	0
1471	184	0
1472	215	0
1473	206	0
1474	189	0
1475	190	0
1476	183	0
1477	219	0
1478	210	0
1479	194	0
1480	198	0
1481	208	0
1482	199	0
1483	226	0
1484	193	0
1485	196	0
1486	183	0
1487	205	0
1488	235	0
1489	216	0
1490	216	0
1491	174	0
1492	209	0
1493	215	0
1494	193	0
1495	212	0
1496	178	0
1497	191	0
1498	176	0
1499	195	0
1500	217	0
1501	207	0
1502	180	0
1503	200	0
1504	204	0
1505	213	0
1506	203	0
1507	178	0
1508	220	0
1509	202	0
1510	170	0
1511	210	0
1512	206	0
1513	208	0
1514	202	0
1515	195	0
1516	180	0
1517	202	0
1518	194	0
1519	192	0
1520	201	0
1521	189	0
1522	192	0
1523	209	0
1524	230	0
1525	198	0
1526	185	0
1527	202	0
1528	190	0
1529	206	0
1530	199	0
1531	188	0
1532	179	0
1533	200	0
1534	198	0
1535	185	0
1536	181	0
1537	229	0
1538	198	0
1539	177	0
1540	223	0
1541	202	0
1542	182	0
1543	186	0
1544	182	0
1545	196	0
1546	226	0
1547	223	0
1548	232	0
1549	193	0
1550	193	0
1551	205	0
1552	185	0
1553	231	0
1554	182	0
1555	212	0
1556	207	0
1557	200	0
1558	194	0
1559	201	0
1560	198	0
1561	183	0
1562	195	0
1563	186	0
1564	205	0
1565	205	0
1566	180	0
1567	207	0
1568	195	0
1569	186	0
1570	188	0
1571	220	0
1572	188	0
1573	167	0
1574	186	0
1575	196	0
1576	167	0
1577	172	0
1578	189	0
1579	182	0
1580	201	0
1581	200	0
1582	205	0
1583	177	0
1584	196	0
1585	211	0
1586	213	0
1587	199	0
1588	177	0
1589	211	0
1590	170	0
1591	177	0
1592	219	0
1593	204	0
1594	195	0
1595	204	0
1596	178	0
1597	208	0
1598	189	0
1599	173	0
1600	180	0
1601	189	0
1602	200	0
1603	188	0
1604	212	0
1605	197	0
1606	203	0
1607	179	0
1608	223	0
1609	193	0
1610	215	0
1611	193	0
1612	218	0
1613	199	0
1614	174	0
1615	188	0
1616	217	0
1617	206	0
1618	178	0
1619	215	0
1620	194	0
1621	211	0
1622	214	0
1623	188	0
1624	180	0
1625	198	0
1626	209	0
1627	199	0
1628	184	0
1629	210	0
1630	209	0
1631	202	0
1632	157	0
1633	184	0
1634	197	0
1635	211	0
1636	190	0
1637	193	0
1638	217	0
1639	187	0
1640	200	0
1641	197	0
1642	200	0
1643	185	0
1644	206	0
1645	181	0
1646	189	0
1647	183	0
1648	201	0
1649	164	0
1650	197	0
1651	195	0
1652	190	0
1653	202	0
1654	208	0
1655	188	0
1656	202	0
1657	196	0
1658	216	0
1659	225	0
1660	155	0
1661	195	0
1662	180	0
1663	200	0
1664	191	0
1665	168	0
1666	191	0
1667	205	0
1668	194	0
1669	176	0
1670	234	0
1671	198	0
1672	208	0
1673	216	0
1674	179	0
1675	203	0
1676	182	0
1677	211	0
1678	197	0
1679	182	0
1680	210	0
1681	207	0
1682	210	0
1683	178	0
1684	209	0
1685	210	0
1686	207	0
1687	194	0
1688	184	0
1689	219	0
1690	202	0
1691	200	0
1692	193	0
1693	199	0
1694	215	0
1695	220	0
1696	197	0
1697	196	0
1698	199	0
1699	225	0
1700	179	0
1701	195	0
1702	209	0
1703	205	0
1704	204	0
1705	199	0
1706	205	0
1707	187	0
1708	195	0
1709	184	0
1710	198	0
1711	185	0
1712	184	0
1713	184	0
1714	194	0
1715	211	0
1716	199	0
1717	224	0
1718	200	0
1719	196	0
1720	214	0
1721	181	0
1722	199	0
1723	184	0
1724	196	0
1725	206	0
1726	211	0
1727	190	0
1728	178	0
1729	197	0
1730	222	0
1731	197	0
1732	199	0
1733	203	0
1734	212	0
1735	191	0
1736	207	0
1737	222	0
1738	188	0
1739	216	0
1740	179	0
1741	216	0
1742	212	0
1743	211	0
1744	199	0
1745	200	0
1746	207	0
1747	169	0
1748	192	0
1749	210	0
1750	161	0
1751	169	0
1752	190	0
1753	168	0
1754	200	0
1755	207	0
1756	166	0
1757	202	0
1758	206	0
1759	191	0
1760	201	0
1761	200	0
1762	199	0
1763	184	0
1764	196	0
1765	191	0
1766	191	0
1767	158	0
1768	174	0
1769	188	0
1770	171	0
1771	196	0
1772	203	0
1773	190	0
1774	182	0
1775	179	0
1776	199	0
1777	225	0
1778	210	0
1779	194	0
1780	216	0
1781	205	0
1782	186	0
1783	185	0
1784	198	0
1785	216	0
1786	197	0
1787	204	0
1788	203	0
1789	208	0
1790	213	0
1791	223	0
1792	179	0
1793	194	0
1794	176	0
1795	197	0
1796	214	0
1797	176	0
1798	204	0
1799	190	0
1800	195	0
1801	185	0
1802	192	0
1803	205	0
1804	194	0
1805	205	0
1806	197	0
1807	192	0
1808	211	0
1809	217	0
1810	194	0
1811	200	0
1812	182	0
1813	187	0
1814	223	0
1815	199	0
1816	191	0
1817	209	0
1818	239	0
1819	186	0
1820	192	0
1821	176	0
1822	195	0
1823	229	0
1824	192	0
1825	214	0
1826	187	0
1827	176	0
1828	183	0
1829	211	0
1830	181	0
1831	201	0
1832	207	0
1833	178	0
1834	210	0
1835	202	0
1836	205	0
1837	187	0
1838	169	0
1839	194	0
1840	199	0
1841	199	0
1842	202	0
1843	204	0
1844	195	0
1845	189	0
1846	198	0
1847	198	0
1848	205	0
1849	212	0
1850	206	0
1851	179	0
1852	194	0
1853	192	0
1854	179	0
1855	189	0
1856	180	0
1857	214	0
1858	185	0
1859	222	0
1860	215	0
1861	190	0
1862	201	0
1863	199	0
1864	164	0
1865	172	0
1866	195	0
1867	209	0
1868	204	0
1869	193	0
1870	206	0
1871	213	0
1872	207	0
1873	184	0
1874	186	0
1875	185	0
1876	192	0
1877	187	0
1878	231	0
1879	204	0
1880	203	0
1881	199	0
1882	186	0
1883	205	0
1884	207	0
1885	208	0
1886	184	0
1887	197	0
1888	187	0
1889	206	0
1890	198	0
1891	199	0
1892	205	0
1893	211	0
1894	210	0
1895	187	0
1896	177	0
1897	187	0
1898	175	0
1899	190	0
1900	187	0
1901	211	0
1902	195	0
1903	198	0
1904	205	0
1905	184	0
1906	199	0
1907	221	0
1908	217	0
1909	193	0
1910	169	0
1911	217	0
1912	192	0
1913	186	0
1914	176	0
1915	216	0
1916	213	0
1917	195	0
1918	195	0
1919	197	0
1920	177	0
1921	191	0
1922	206	0
1923	167	0
1924	194	0
1925	188	0
1926	205	0
1927	184	0
1928	181	0
1929	195	0
1930	220	0
1931	188	0
1932	170	0
1933	220	0
1934	213	0
1935	216	0
1936	228	0
1937	203	0
1938	178	0
1939	220	0
1940	185	0
1941	181	0
1942	185	0
1943	189	0
1944	177	0
1945	192	0
1946	229	0
1947	179	0
1948	194	0
1949	198	0
1950	173	0
1951	176	0
1952	195	0
1953	197	0
1954	175	0
1955	203	0
1956	201	0
1957	192	0
1958	211	0
1959	201	0
1960	194	0
1961	217	0
1962	195	0
1963	193	0
1964	232	0
1965	222	0
1966	188	0
1967	214	0
1968	211	0
1969	183	0
1970	194	0
1971	217	0
1972	200	0
1973	201	0
1974	193	0
1975	201	0
1976	213	0
1977	203	0
1978	211	0
1979	183	0
1980	193	0
1981	198	0
1982	199	0
1983	206	0
1984	171	0
1985	209	0
1986	192	0
1987	196	0
1988	186	0
1989	192	0
1990	194	0
1991	207	0
1992	196	0
1993	207	0
1994	211	0
1995	204	0
1996	176	0
1997	208	0
1998	211	0
1999	197	0
2000	173	0
2001	182	0
2002	206	0
2003	182	0
2004	225	0
2005	179	0
2006	207	0
2007	230	0
2008	181	0
2009	197	0
2010	199	0
2011	201	0
2012	189	0
2013	189	0
2014	189	0
2015	207	0
2016	197	0
2017	209	0
2018	219	0
2019	207	0
2020	209	0
2021	222	0
2022	192	0
2023	209	0
2024	209	0
2025	198	0
2026	232	0
2027	194	0
2028	191	0
2029	185	0
2030	202	0
2031	175	0
2032	193	0
2033	173	0
2034	205	0
2035	181	0
2036	203	0
2037	202	0
2038	201	0
2039	185	0
2040	189	0
2041	214	0
2042	191	0
2043	202	0
2044	201	0
2045	205	0
2046	184	0
2047	228	0
2048	187	0
2049	203	0
2050	233	0
2051	210	0
2052	207	0
2053	211	0
2054	217	0
2055	178	0
2056	202	0
2057	190	0
2058	174	0
2059	230	0
2060	210	0
2061	179	0
2062	217	0
2063	226	0
2064	181	0
2065	215	0
2066	195	0
2067	198	0
2068	211	0
2069	193	0
2070	181	0
2071	203	0
2072	186	0
2073	211	0
2074	200	0
2075	211	0
2076	203	0
2077	186	0
2078	238	0
2079	189	0
2080	217	0
2081	211	0
2082	187	0
2083	194	0
2084	231	0
2085	239	0
2086	203	0
2087	197	0
2088	220	0
2089	213	0
2090	198	0
2091	195	0
2092	221	0
2093	188	0
2094	200	0
2095	197	0
2096	171	0
2097	200	0
2098	204	0
2099	188	0
2100	201	0
2101	204	0
2102	205	0
2103	195	0
2104	185	0
2105	221	0
2106	202	0
2107	188	0
2108	190	0
2109	185	0
2110	212	0
2111	202	0
2112	208	0
2113	186	0
2114	192	0
2115	197	0
2116	195	0
2117	195	0
2118	188	0
2119	187	0
2120	201	0
2121	190	0
2122	217	0
2123	209	0
2124	189	0
2125	189	0
2126	184	0
2127	203	0
2128	204	0
2129	171	0
2130	196	0
2131	186	0
2132	203	0
2133	176	0
2134	212	0
2135	184	0
2136	204	0
2137	166	0
2138	203	0
2139	186	0
2140	189	0
2141	174	0
2142	230	0
2143	205	0
2144	176	0
2145	177	0
2146	207	0
2147	193	0
2148	177	0
2149	188	0
2150	188	0
2151	185	0
2152	153	0
2153	192	0
2154	202	0
2155	202	0
2156	203	0
2157	175	0
2158	214	0
2159	197	0
2160	221	0
2161	169	0
2162	180	0
2163	199	0
2164	194	0
2165	179	0
2166	186	0
2167	177	0
2168	194	0
2169	202	0
2170	175	0
2171	182	0
2172	215	0
2173	190	0
2174	182	0
2175	206	0
2176	202	0
2177	188	0
2178	197	0
2179	185	0
2180	199	0
2181	197	0
2182	193	0
2183	200	0
2184	195	0
2185	213	0
2186	204	0
2187	192	0
2188	202	0
2189	183	0
2190	178	0
2191	205	0
2192	179	0
2193	214	0
2194	177	0
2195	186	0
2196	220	0
2197	199	0
2198	211	0
2199	202	0
2200	214	0
2201	201	0
2202	165	0
2203	200	0
2204	209	0
2205	187	0
2206	214	0
2207	186	0
2208	181	0
2209	202	0
2210	211	0
2211	220	0
2212	196	0
2213	177	0
2214	200	0
2215	171	0
2216	211	0
2217	217	0
2218	201	0
2219	225	0
2220	200	0
2221	202	0
2222	209	0
2223	175	0
2224	213	0
2225	218	0
2226	191	0
2227	210	0
2228	201	0
2229	207	0
2230	174	0
2231	202	0
2232	210	0
2233	202	0
2234	210	0
2235	207	0
2236	212	0
2237	212	0
2238	191	0
2239	190	0
2240	196	0
2241	226	0
2242	214	0
2243	172	0
2244	198	0
2245	173	0
2246	216	0
2247	195	0
2248	186	0
2249	183	0
2250	198	0
2251	184	0
2252	210	0
2253	199	0
2254	225	0
2255	184	0
2256	219	0
2257	180	0
2258	190	0
2259	217	0
2260	186	0
2261	188	0
2262	182	0
2263	195	0
2264	200	0
2265	207	0
2266	188	0
2267	200	0
2268	195	0
2269	191	0
2270	205	0
2271	217	0
2272	185	0
2273	182	0
2274	213	0
2275	175	0
2276	212	0
2277	188	0
2278	177	0
2279	216	0
2280	172	0
2281	185	0
2282	212	0
2283	179	0
2284	204	0
2285	188	0
2286	199	0
2287	182	0
2288	205	0
2289	193	0
2290	183	0
2291	194	0
2292	218	0
2293	184	0
2294	204	0
2295	221	0
2296	220	0
2297	192	0
2298	189	0
2299	199	0
2300	204	0
2301	184	0
2302	191	0
2303	215	0
2304	217	0
2305	218	0
2306	184	0
2307	199	0
2308	210	0
2309	186	0
2310	179	0
2311	189	0
2312	196	0
2313	191	0
2314	194	0
2315	206	0
2316	199	0
2317	191	0
2318	205	0
2319	170	0
2320	194	0
2321	170	0
2322	177	0
2323	191	0
2324	168	0
2325	199	0
2326	207	0
2327	187	0
2328	190	0
2329	211	0
2330	184	0
2331	167	0
2332	211	0
2333	199	0
2334	208	0
2335	192	0
2336	198	0
2337	210	0
2338	200	0
2339	156	0
2340	195	0
2341	197	0
2342	200	0
2343	179	0
2344	213	0
2345	223	0
2346	177	0
2347	200	0
2348	197	0
2349	206	0
2350	203	0
2351	182	0
2352	237	0
2353	212	0
2354	203	0
2355	177	0
2356	203	0
2357	199	0
2358	228	0
2359	185	0
2360	209	0
2361	204	0
2362	207	0
2363	215	0
2364	220	0
2365	181	0
2366	205	0
2367	202	0
2368	199	0
2369	207	0
2370	179	0
2371	182	0
2372	217	0
2373	222	0
2374	234	0
2375	191	0
2376	192	0
2377	193	0
2378	184	0
2379	203	0
2380	194	0
2381	193	0
2382	208	0
2383	201	0
2384	194	0
2385	205	0
2386	197	0
2387	187	0
2388	173	0
2389	206	0
2390	203	0
2391	178	0
2392	195	0
2393	177	0
2394	206	0
2395	227	0
2396	197	0
2397	222	0
2398	203	0
2399	209	0
2400	186	0
2401	190	0
2402	195	0
2403	190	0
2404	213	0
2405	216	0
2406	219	0
2407	212	0
2408	177	0
2409	198	0
2410	203	0
2411	203	0
2412	193	0
2413	198	0
2414	201	0
2415	223	0
2416	174	0
2417	179	0
2418	178	0
2419	191	0
2420	178	0
2421	196	0
2422	213	0
2423	176	0
2424	203	0
2425	192	0
2426	187	0
2427	211	0
2428	209	0
2429	200	0
2430	227	0
2431	195	0
2432	170	0
2433	230	0
2434	213	0
2435	203	0
2436	203	0
2437	196	0
2438	200	0
2439	187	0
2440	181	0
2441	226	0
2442	204	0
2443	189	0
2444	219	0
2445	179	0
2446	194	0
2447	215	0
2448	200	0
2449	196	0
2450	200	0
2451	204	0
2452	203	0
2453	199	0
2454	201	0
2455	195	0
2456	227	0
2457	210	0
2458	191	0
2459	209	0
2460	208	0
2461	203	0
2462	181	0
2463	194	0
2464	201	0
2465	206	0
2466	207	0
2467	151	0
2468	195	0
2469	225	0
2470	193	0
2471	206	0
2472	216	0
2473	198	0
2474	201	0
2475	188	0
2476	206	0
2477	197	0
2478	195	0
2479	229	0
2480	208	0
2481	196	0
2482	182	0
2483	192	0
2484	223	0
2485	197	0
2486	203	0
2487	205	0
2488	198	0
2489	204	0
2490	235	0
2491	194	0
2492	202	0
2493	197	0
2494	185	0
2495	178	0
2496	164	0
2497	185	0
2498	188	0
2499	188	0
2500	166	0
2501	175	0
2502	187	0
2503	207	0
2504	184	0
2505	204	0
2506	197	0
2507	192	0
2508	204	0
2509	202	0
2510	208	0
2511	203	0
2512	213	0
2513	179	0
2514	202	0
2515	180	0
2516	205	0
2517	200	0
2518	213	0
2519	192	0
2520	185	0
2521	197	0
2522	196	0
2523	171	0
2524	225	0
2525	216	0
2526	212	0
2527	206	0
2528	188	0
2529	210	0
2530	187	0
2531	179	0
2532	207	0
2533	194	0
2534	204	0
2535	201	0
2536	184	0
2537	178	0
2538	187	0
2539	181	0
2540	185	0
2541	196	0
2542	185	0
2543	173	0
2544	214	0
2545	191	0
2546	193	0
2547	205	0
2548	209	0
2549	199	0
2550	203	0
2551	186	0
2552	182	0
2553	207	0
2554	201	0
2555	212	0
2556	179	0
2557	171	0
2558	194	0
2559	197	0
2560	225	0
2561	213	0
2562	201	0
2563	204	0
2564	188	0
2565	202	0
2566	194	0
2567	185	0
2568	210	0
2569	211	0
2570	209	0
2571	205	0
2572	198	0
2573	213	0
2574	209	0
2575	210	0
2576	220	0
2577	212	0
2578	196	0
2579	191	0
2580	206	0
2581	204	0
2582	190	0
2583	201	0
2584	185	0
2585	191	0
2586	204	0
2587	215	0
2588	195	0
2589	190	0
2590	221	0
2591	222	0
2592	190	0
2593	209	0
2594	198	0
2595	206	0
2596	204	0
2597	207	0
2598	197	0
2599	195	0
2600	171	0
2601	183	0
2602	239	0
2603	201	0
2604	202	0
2605	212	0
2606	179	0
2607	201	0
2608	200	0
2609	195	0
2610	187	0
2611	193	0
2612	207	0
2613	200	0
2614	192	0
2615	193	0
2616	182	0
2617	205	0
2618	203	0
2619	202	0
2620	207	0
2621	190	0
2622	168	0
2623	203	0
2624	185	0
2625	187	0
2626	195	0
2627	184	0
2628	220	0
2629	222	0
2630	210	0
2631	190	0
2632	207	0
2633	198	0
2634	194	0
2635	188	0
2636	196	0
2637	201	0
2638	199	0
2639	220	0
2640	193	0
2641	202	0
2642	203	0
2643	226	0
2644	196	0
2645	198	0
2646	214	0
2647	202	0
2648	178	0
2649	200	0
2650	193	0
2651	197	0
2652	188	0
2653	190	0
2654	175	0
2655	212	0
2656	183	0
2657	187	0
2658	192	0
2659	193	0
2660	187	0
2661	198	0
2662	203	0
2663	198	0
2664	215	0
2665	191	0
2666	232	0
2667	212	0
2668	214	0
2669	191	0
2670	177	0
2671	234	0
2672	192	0
2673	177	0
2674	200	0
2675	176	0
2676	201	0
2677	226	0
2678	178	0
2679	199	0
2680	201	0
2681	201	0
2682	193	0
2683	181	0
2684	196	0
2685	189	0
2686	219	0
2687	221	0
2688	189	0
2689	202	0
2690	183	0
2691	186	0
2692	187	0
2693	203	0
2694	192	0
2695	201	0
2696	213	0
2697	199	0
2698	212	0
2699	213	0
2700	199	0
2701	182	0
2702	208	0
2703	213	0
2704	187	0
2705	194	0
2706	205	0
2707	210	0
2708	232	0
2709	200	0
2710	207	0
2711	179	0
2712	179	0
2713	209	0
2714	194	0
2715	184	0
2716	226	0
2717	197	0
2718	195	0
2719	209	0
2720	203	0
2721	182	0
2722	237	0
2723	208	0
2724	194	0
2725	203	0
2726	182	0
2727	201	0
2728	207	0
2729	190	0
2730	180	0
2731	202	0
2732	191	0
2733	180	0
2734	185	0
2735	212	0
2736	218	0
2737	238	0
2738	197	0
2739	181	0
2740	204	0
2741	192	0
2742	199	0
2743	215	0
2744	204	0
2745	213	0
2746	208	0
2747	207	0
2748	206	0
2749	213	0
2750	208	0
2751	189	0
2752	190	0
2753	193	0
2754	195	0
2755	176	0
2756	190	0
2757	191	0
2758	219	0
2759	188	0
2760	226	0
2761	202	0
2762	215	0
2763	196	0
2764	202	0
2765	207	0
2766	168	0
2767	207	0
2768	210	0
2769	181	0
2770	193	0
2771	190	0
2772	224	0
2773	220	0
2774	210	0
2775	198	0
2776	216	0
2777	214	0
2778	211	0
2779	208	0
2780	202	0
2781	212	0
2782	197	0
2783	198	0
2784	199	0
2785	204	0
2786	203	0
2787	208	0
2788	185	0
2789	197	0
2790	202	0
2791	179	0
2792	203	0
2793	201	0
2794	194	0
2795	211	0
2796	196	0
2797	190	0
2798	221	0
2799	203	0
2800	221	0
2801	197	0
2802	182	0
2803	177	0
2804	168	0
2805	186	0
2806	197	0
2807	198	0
2808	214	0
2809	210	0
2810	195	0
2811	220	0
2812	181	0
2813	192	0
2814	184	0
2815	201	0
2816	183	0
2817	189	0
2818	200	0
2819	191	0
2820	187	0
2821	198	0
2822	196	0
2823	191	0
2824	183	0
2825	200	0
2826	181	0
2827	183	0
2828	185	0
2829	191	0
2830	208	0
2831	224	0
2832	196	0
2833	189	0
2834	211	0
2835	194	0
2836	189	0
2837	201	0
2838	210	0
2839	205	0
2840	214	0
2841	193	0
2842	195	0
2843	183	0
2844	195	0
2845	202	0
2846	239	0
2847	197	0
2848	206	0
2849	182	0
2850	193	0
2851	197	0
2852	191	0
2853	191	0
2854	211	0
2855	197	0
2856	190	0
2857	210	0
2858	190	0
2859	228	0
2860	211	0
2861	208	0
2862	205	0
2863	190	0
2864	202	0
2865	198	0
2866	197	0
2867	189	0
2868	210	0
2869	183	0
2870	196	0
2871	194	0
2872	213	0
2873	222	0
2874	196	0
2875	201	0
2876	176	0
2877	200	0
2878	170	0
2879	195	0
2880	226	0
2881	178	0
2882	213	0
2883	197	0
2884	212	0
2885	210	0
2886	190	0
2887	172	0
2888	197	0
2889	191	0
2890	201	0
2891	220	0
2892	203	0
2893	211	0
2894	202	0
2895	215	0
2896	209	0
2897	185	0
2898	237	0
2899	231	0
2900	188	0
2901	187	0
2902	202	0
2903	197	0
2904	231	0
2905	179	0
2906	187	0
2907	216	0
2908	182	0
2909	196	0
2910	191	0
2911	189	0
2912	197	0
2913	207	0
2914	199	0
2915	176	0
2916	212	0
2917	188	0
2918	207	0
2919	218	0
2920	197	0
2921	212	0
2922	238	0
2923	198	0
2924	197	0
2925	193	0
2926	204	0
2927	202	0
2928	210	0
2929	206	0
2930	216	0
2931	191	0
2932	178	0
2933	224	0
2934	183	0
2935	193	0
2936	214	0
2937	218	0
2938	208	0
2939	202	0
2940	180	0
2941	175	0
2942	200	0
2943	171	0
2944	161	0
2945	177	0
2946	204	0
2947	186	0
2948	210	0
2949	192	0
2950	209	0
2951	188	0
2952	196	0
2953	184	0
2954	189	0
2955	218	0
2956	204	0
2957	184	0
2958	215	0
2959	208	0
2960	237	0
2961	202	0
2962	217	0
2963	197	0
2964	200	0
2965	201	0
2966	207	0
2967	205	0
2968	206	0
2969	181	0
2970	180	0
2971	178	0
2972	190	0
2973	169	0
2974	217	0
2975	189	0
2976	196	0
2977	196	0
2978	208	0
2979	195	0
2980	185	0
2981	171	0
2982	219	0
2983	199	0
2984	188	0
2985	175	0
2986	188	0
2987	195	0
2988	187	0
2989	222	0
2990	199	0
2991	177	0
2992	197	0
2993	208	0
2994	161	0
2995	193	0
2996	189	0
2997	188	0
2998	182	0
2999	198	0
3000	213	0
