1	200	0
2	198	0
3	210	0
4	213	0
5	204	0
6	191	0
7	177	0
8	194	0
9	175	0
10	213	0
11	183	0
12	203	0
13	174	0
14	183	0
15	200	0
16	196	0
17	219	0
18	196	0
19	210	0
20	206	0
21	187	0
22	184	0
23	191	0
24	207	0
25	176	0
26	177	0
27	202	0
28	189	0
29	199	0
30	209	0
31	194	0
32	214	0
33	187	0
34	216	0
35	211	0
36	179	0
37	181	0
38	221	0
39	196	0
40	192	0
41	169	0
42	208	0
43	185	0
44	186	0
45	201	0
46	187	0
47	189	0
48	194	0
49	178	0
50	177	0
51	189	0
52	201	0
53	200	0
54	181	0
55	214	0
56	181	0
57	184	0
58	201	0
59	185	0
60	186	0
61	192	0
62	187	0
63	188	0
64	196	0
65	197	0
66	228	0
67	208	0
68	187	0
69	218	0
70	238	0
71	215	0
72	223	0
73	200	0
74	230	0
75	218	0
76	204	0
77	220	0
78	173	0
79	203	0
80	224	0
81	193	0
82	189	0
83	204	0
84	200	0
85	209	0
86	186	0
87	167	0
88	200	0
89	190	0
90	195	0
91	179	0
92	212	0
93	161	0
94	191	0
95	203	0
96	192	0
97	212	0
98	207	0
99	205	0
100	192	0
101	182	0
102	190	0
103	184	0
104	205	0
105	205	0
106	208	0
107	198	0
108	212	0
109	179	0
110	192	0
111	205	0
112	174	0
113	177	0
114	196	0
115	233	0
116	181	0
117	211	0
118	196	0
119	207	0
120	213	0
121	198	0
122	223	0
123	208	0
124	200	0
125	186	0
126	225	0
127	182	0
128	189	0
129	241	0
130	187	0
131	179	0
132	172	0
133	222	0
134	192	0
135	193	0
136	199	0
137	216	0
138	224	0
139	188	0
140	206	0
141	183	0
142	187	0
143	184	0
144	154	0
145	196	0
146	204	0
147	216	0
148	199	0
149	199	0
150	188	0
151	223	0
152	186	0
153	202	0
154	178	0
155	190	0
156	208	0
157	195	0
158	194	0
159	211	0
160	198	0
161	170	0
162	175	0
163	198	0
164	220	0
165	196	0
166	182	0
167	192	0
168	183	0
169	197	0
170	191	0
171	212	0
172	195	0
173	198	0
174	196	0
175	198	0
176	202	0
177	183	0
178	174	0
179	193	0
180	181	0
181	190	0
182	181	0
183	201	0
184	198	0
185	165	0
186	210	0
187	182	0
188	212	0
189	175	0
190	214	0
191	188	0
192	190	0
193	203	0
194	167	0
195	169	0
196	178	0
197	212	0
198	210	0
199	174	0
200	179	0
201	206	0
202	220	0
203	202	0
204	210	0
205	207	0
206	210	0
207	181	0
208	190	0
209	189	0
210	217	0
211	194	0
212	171	0
213	208	0
214	222	0
215	214	0
216	199	0
217	163	0
218	173	0
219	196	0
220	176	0
221	206	0
222	193	0
223	181	0
224	185	0
225	176	0
226	194	0
227	208	0
228	189	0
229	186	0
230	172	0
231	174	0
232	207	0
233	195	0
234	218	0
235	181	0
236	230	0
237	195	0
238	184	0
239	184	0
240	191	0
241	185	0
242	190	0
243	185	0
244	186	0
245	236	0
246	217	0
247	206	0
248	193	0
249	196	0
250	169	0
251	197	0
252	200	0
253	201	0
254	190	0
255	203	0
256	191	0
257	199	0
258	201	0
259	211	0
260	185	0
261	206	0
262	191	0
263	194	0
264	201	0
265	195	0
266	205	0
267	194	0
268	218	0
269	194	0
270	175	0
271	206	0
272	218	0
273	212	0
274	201	0
275	199	0
276	197	0
277	192	0
278	173	0
279	217	0
280	221	0
281	189	0
282	195	0
283	211	0
284	198	0
285	167	0
286	185	0
287	176	0
288	192	0
289	192	0
290	174	0
291	203	0
292	194	0
293	215	0
294	186	0
295	182	0
296	196	0
297	203	0
298	206	0
299	195	0
300	198	0
301	199	0
302	200	0
303	201	0
304	205	0
305	219	0
306	194	0
307	203	0
308	211	0
309	222	0
310	214	0
311	229	0
312	196	0
313	179	0
314	216	0
315	180	0
316	198	0
317	196	0
318	195	0
319	194	0
320	220	0
321	163	0
322	212	0
323	203	0
324	197	0
325	205	0
326	203	0
327	178	0
328	207	0
329	179	0
330	197	0
331	194	0
332	210	0
333	212	0
334	175	0
335	208	0
336	201	0
337	177	0
338	186	0
339	189	0
340	225	0
341	186	0
342	214	0
343	199	0
344	197	0
345	194	0
346	177	0
347	221	0
348	214	0
349	199	0
350	190	0
351	184	0
352	190	0
353	193	0
354	201	0
355	210	0
356	242	0
357	184	0
358	216	0
359	200	0
360	185	0
361	218	0
362	193	0
363	195	0
364	208	0
365	188	0
366	194	0
367	197	0
368	185	0
369	208	0
370	190	0
371	188	0
372	182	0
373	201	0
374	216	0
375	200	0
376	220	0
377	217	0
378	181	0
379	206	0
380	184	0
381	181	0
382	194	0
383	190	0
384	177	0
385	195	0
386	201	0
387	200	0
388	173	0
389	205	0
390	202	0
391	192	0
392	203	0
393	181	0
394	188	0
395	209	0
396	185	0
397	193	0
398	175	0
399	178	0
400	199	0
401	198	0
402	202	0
403	185	0
404	178	0
405	195	0
406	211	0
407	189	0
408	187	0
409	216	0
410	191	0
411	196	0
412	185	0
413	179	0
414	197	0
415	212	0
416	189	0
417	201	0
418	214	0
419	202	0
420	200	0
421	175	0
422	205	0
423	200	0
424	208	0
425	178	0
426	169	0
427	208	0
428	193	0
429	194	0
430	200	0
431	171	0
432	188	0
433	194	0
434	196	0
435	184	0
436	201	0
437	209	0
438	197	0
439	185	0
440	217	0
441	185	0
442	193	0
443	212	0
444	189	0
445	199	0
446	175	0
447	191	0
448	190	0
449	193	0
450	207	0
451	199	0
452	191	0
453	209	0
454	200	0
455	204	0
456	201	0
457	217	0
458	173	0
459	190	0
460	213	0
461	179	0
462	189	0
463	209	0
464	206	0
465	209	0
466	164	0
467	218	0
468	204	0
469	188	0
470	188	0
471	169	0
472	225	0
473	171	0
474	196	0
475	196	0
476	204	0
477	184	0
478	214	0
479	170	0
480	203	0
481	184	0
482	214	0
483	187	0
484	183	0
485	208	0
486	188	0
487	231	0
488	192	0
489	199	0
490	189	0
491	186	0
492	170	0
493	214	0
494	175	0
495	185	0
496	209	0
497	187	0
498	220	0
499	212	0
500	172	0
501	203	0
502	183	0
503	199	0
504	183	0
505	201	0
506	206	0
507	184	0
508	159	0
509	188	0
510	196	0
511	180	0
512	205	0
513	199	0
514	190	0
515	194	0
516	217	0
517	182	0
518	175	0
519	191	0
520	211	0
521	234	0
522	186	0
523	190	0
524	192	0
525	190	0
526	246	0
527	201	0
528	193	0
529	181	0
530	185	0
531	195	0
532	176	0
533	200	0
534	197	0
535	215	0
536	179	0
537	202	0
538	196	0
539	193	0
540	213	0
541	187	0
542	191	0
543	199	0
544	219	0
545	221	0
546	202	0
547	193	0
548	206	0
549	230	0
550	183	0
551	211	0
552	211	0
553	183	0
554	184	0
555	216	0
556	208	0
557	186	0
558	199	0
559	179	0
560	187	0
561	178	0
562	227	0
563	208	0
564	171	0
565	194	0
566	213	0
567	174	0
568	182	0
569	214	0
570	195	0
571	224	0
572	197	0
573	196	0
574	225	0
575	197	0
576	189	0
577	208	0
578	198	0
579	196	0
580	202	0
581	212	0
582	199	0
583	184	0
584	222	0
585	197	0
586	184	0
587	184	0
588	223	0
589	205	0
590	217	0
591	179	0
592	209	0
593	213	0
594	209	0
595	186	0
596	172	0
597	216	0
598	203	0
599	185	0
600	222	0
601	190	0
602	195	0
603	182	0
604	211	0
605	209	0
606	165	0
607	170	0
608	210	0
609	197	0
610	212	0
611	245	0
612	234	0
613	198	0
614	202	0
615	185	0
616	197	0
617	186	0
618	187	0
619	193	0
620	204	0
621	195	0
622	217	0
623	198	0
624	200	0
625	183	0
626	163	0
627	215	0
628	168	0
629	200	0
630	186	0
631	205	0
632	213	0
633	181	0
634	208	0
635	194	0
636	195	0
637	173	0
638	199	0
639	200	0
640	172	0
641	197	0
642	200	0
643	193	0
644	202	0
645	174	0
646	183	0
647	201	0
648	209	0
649	199	0
650	211	0
651	212	0
652	213	0
653	181	0
654	182	0
655	213	0
656	176	0
657	173	0
658	223	0
659	218	0
660	191	0
661	177	0
662	186	0
663	198	0
664	192	0
665	186	0
666	187	0
667	215	0
668	196	0
669	189	0
670	191	0
671	189	0
672	208	0
673	185	0
674	204	0
675	181	0
676	213	0
677	182	0
678	183	0
679	190	0
680	198	0
681	188	0
682	217	0
683	202	0
684	192	0
685	214	0
686	185	0
687	182	0
688	173	0
689	249	0
690	203	0
691	195	0
692	212	0
693	184	0
694	194	0
695	193	0
696	187	0
697	194	0
698	205	0
699	178	0
700	196	0
701	200	0
702	192	0
703	183	0
704	198	0
705	209	0
706	181	0
707	218	0
708	186	0
709	174	0
710	204	0
711	190	0
712	192	0
713	196	0
714	221	0
715	223	0
716	202	0
717	196	0
718	187	0
719	204	0
720	213	0
721	174	0
722	193	0
723	202	0
724	216	0
725	200	0
726	174	0
727	190	0
728	219	0
729	199	0
730	173	0
731	184	0
732	203	0
733	181	0
734	185	0
735	191	0
736	208	0
737	203	0
738	172	0
739	196	0
740	223	0
741	189	0
742	186	0
743	207	0
744	217	0
745	207	0
746	194	0
747	194	0
748	208	0
749	203	0
750	192	0
751	189	0
752	198	0
753	198	0
754	198	0
755	181	0
756	204	0
757	182	0
758	189	0
759	189	0
760	189	0
761	188	0
762	176	0
763	179	0
764	207	0
765	213	0
766	209	0
767	213	0
768	170	0
769	196	0
770	198	0
771	190	0
772	187	0
773	198	0
774	217	0
775	219	0
776	202	0
777	150	0
778	168	0
779	181	0
780	222	0
781	206	0
782	199	0
783	167	0
784	178	0
785	214	0
786	175	0
787	210	0
788	196	0
789	201	0
790	215	0
791	203	0
792	190	0
793	184	0
794	209	0
795	221	0
796	207	0
797	187	0
798	215	0
799	203	0
800	200	0
801	163	0
802	179	0
803	205	0
804	183	0
805	191	0
806	189	0
807	208	0
808	217	0
809	184	0
810	176	0
811	203	0
812	204	0
813	168	0
814	191	0
815	193	0
816	202	0
817	205	0
818	194	0
819	199	0
820	192	0
821	201	0
822	200	0
823	196	0
824	222	0
825	207	0
826	203	0
827	205	0
828	228	0
829	204	0
830	202	0
831	194	0
832	198	0
833	201	0
834	244	0
835	209	0
836	193	0
837	187	0
838	182	0
839	197	0
840	221	0
841	193	0
842	210	0
843	205	0
844	182	0
845	197	0
846	194	0
847	196	0
848	192	0
849	230	0
850	194	0
851	195	0
852	203	0
853	208	0
854	189	0
855	169	0
856	204	0
857	177	0
858	180	0
859	193	0
860	189	0
861	194	0
862	216	0
863	189	0
864	202	0
865	195	0
866	188	0
867	222	0
868	187	0
869	186	0
870	210	0
871	175	0
872	197	0
873	213	0
874	222	0
875	193	0
876	222	0
877	202	0
878	221	0
879	190	0
880	196	0
881	192	0
882	186	0
883	223	0
884	180	0
885	196	0
886	199	0
887	183	0
888	191	0
889	183	0
890	173	0
891	207	0
892	204	0
893	200	0
894	188	0
895	207	0
896	206	0
897	182	0
898	183	0
899	198	0
900	198	0
901	188	0
902	184	0
903	190	0
904	198	0
905	182	0
906	207	0
907	188	0
908	205	0
909	182	0
910	187	0
911	208	0
912	186	0
913	191	0
914	185	0
915	187	0
916	193	0
917	199	0
918	181	0
919	219	0
920	197	0
921	216	0
922	230	0
923	178	0
924	210	0
925	229	0
926	198	0
927	193	0
928	226	0
929	193	0
930	190	0
931	185	0
932	180	0
933	181	0
934	191	0
935	194	0
936	186	0
937	210	0
938	193	0
939	194	0
940	182	0
941	181	0
942	202	0
943	189	0
944	198	0
945	218	0
946	192	0
947	229	0
948	203	0
949	198	0
950	218	0
951	175	0
952	177	0
953	210	0
954	189	0
955	218	0
956	207	0
957	243	0
958	178	0
959	176	0
960	192	0
961	197	0
962	215	0
963	199	0
964	214	0
965	185	0
966	199	0
967	194	0
968	196	0
969	186	0
970	211	0
971	206	0
972	216	0
973	213	0
974	190	0
975	206	0
976	210	0
977	196	0
978	192	0
979	216	0
980	212	0
981	203	0
982	204	0
983	187	0
984	208	0
985	185	0
986	159	0
987	209	0
988	193	0
989	194	0
990	191	0
991	203	0
992	174	0
993	205	0
994	231	0
995	182	0
996	212	0
997	208	0
998	207	0
999	188	0
1000	189	0
1001	202	0
1002	200	0
1003	181	0
1004	206	0
1005	211	0
1006	201	0
1007	220	0
1008	195	0
1009	197	0
1010	200	0
1011	196	0
1012	183	0
1013	223	0
1014	194	0
1015	207	0
1016	197	0
1017	216	0
1018	178	0
1019	204	0
1020	200	0
1021	180	0
1022	203	0
1023	173	0
1024	205	0
1025	177	0
1026	187	0
1027	208	0
1028	200	0
1029	194	0
1030	193	0
1031	225	0
1032	229	0
1033	170	0
1034	201	0
1035	197	0
1036	197	0
1037	192	0
1038	208	0
1039	186	0
1040	193	0
1041	221	0
1042	200	0
1043	200	0
1044	187	0
1045	214	0
1046	199	0
1047	197	0
1048	202	0
1049	196	0
1050	190	0
1051	172	0
1052	181	0
1053	177	0
1054	187	0
1055	166	0
1056	201	0
1057	206	0
1058	179	0
1059	208	0
1060	212	0
1061	200	0
1062	169	0
1063	175	0
1064	178	0
1065	198	0
1066	191	0
1067	191	0
1068	216	0
1069	198	0
1070	197	0
1071	188	0
1072	212	0
1073	213	0
1074	191	0
1075	200	0
1076	191	0
1077	209	0
1078	183	0
1079	185	0
1080	201	0
1081	186	0
1082	192	0
1083	180	0
1084	203	0
1085	200	0
1086	222	0
1087	210	0
1088	187	0
1089	219	0
1090	191	0
1091	236	0
1092	210	0
1093	184	0
1094	197	0
1095	193	0
1096	200	0
1097	205	0
1098	179	0
1099	196	0
1100	183	0
1101	187	0
1102	180	0
1103	193	0
1104	199	0
1105	180	0
1106	170	0
1107	211	0
1108	189	0
1109	178	0
1110	188	0
1111	232	0
1112	200	0
1113	214	0
1114	177	0
1115	201	0
1116	193	0
1117	222	0
1118	208	0
1119	186	0
1120	209	0
1121	188	0
1122	205	0
1123	209	0
1124	193	0
1125	221	0
1126	199	0
1127	208	0
1128	207	0
1129	191	0
1130	187	0
1131	190	0
1132	203	0
1133	198	0
1134	215	0
1135	205	0
1136	207	0
1137	215	0
1138	193	0
1139	189	0
1140	209	0
1141	207	0
1142	219	0
1143	181	0
1144	208	0
1145	200	0
1146	215	0
1147	178	0
1148	208	0
1149	183	0
1150	211	0
1151	176	0
1152	210	0
1153	232	0
1154	226	0
1155	177	0
1156	201	0
1157	193	0
1158	213	0
1159	192	0
1160	188	0
1161	186	0
1162	167	0
1163	200	0
1164	162	0
1165	213	0
1166	179	0
1167	203	0
1168	198	0
1169	184	0
1170	216	0
1171	214	0
1172	186	0
1173	217	0
1174	206	0
1175	195	0
1176	226	0
1177	196	0
1178	192	0
1179	209	0
1180	207	0
1181	195	0
1182	203	0
1183	182	0
1184	205	0
1185	194	0
1186	209	0
1187	192	0
1188	168	0
1189	194	0
1190	202	0
1191	200	0
1192	228	0
1193	184	0
1194	200	0
1195	202	0
1196	191	0
1197	192	0
1198	215	0
1199	205	0
1200	201	0
1201	234	0
1202	197	0
1203	143	0
1204	199	0
1205	196	0
1206	196	0
1207	200	0
1208	193	0
1209	190	0
1210	240	0
1211	186	0
1212	184	0
1213	199	0
1214	199	0
1215	231	0
1216	209	0
1217	169	0
1218	210	0
1219	196	0
1220	202	0
1221	189	0
1222	211	0
1223	218	0
1224	202	0
1225	192	0
1226	189	0
1227	190	0
1228	205	0
1229	179	0
1230	167	0
1231	210	0
1232	182	0
1233	191	0
1234	186	0
1235	175	0
1236	185	0
1237	185	0
1238	174	0
1239	244	0
1240	201	0
1241	213	0
1242	206	0
1243	188	0
1244	177	0
1245	210	0
1246	177	0
1247	196	0
1248	198	0
1249	220	0
1250	198	0
1251	203	0
1252	195	0
1253	233	0
1254	199	0
1255	211	0
1256	230	0
1257	198	0
1258	162	0
1259	220	0
1260	212	0
1261	224	0
1262	187	0
1263	208	0
1264	170	0
1265	207	0
1266	213	0
1267	163	0
1268	182	0
1269	207	0
1270	195	0
1271	197	0
1272	182	0
1273	195	0
1274	173	0
1275	192	0
1276	196	0
1277	219	0
1278	184	0
1279	201	0
1280	201	0
1281	181	0
1282	183	0
1283	183	0
1284	211	0
1285	236	0
1286	189	0
1287	190	0
1288	195	0
1289	236	0
1290	173	0
1291	181	0
1292	193	0
1293	182	0
1294	205	0
1295	211	0
1296	182	0
1297	203	0
1298	212	0
1299	179	0
1300	223	0
1301	210	0
1302	215	0
1303	180	0
1304	200	0
1305	201	0
1306	201	0
1307	207	0
1308	204	0
1309	212	0
1310	175	0
1311	202	0
1312	180	0
1313	204	0
1314	178	0
1315	216	0
1316	176	0
1317	229	0
1318	166	0
1319	184	0
1320	169	0
1321	196	0
1322	201	0
1323	192	0
1324	221	0
1325	206	0
1326	197	0
1327	220	0
1328	190	0
1329	182	0
1330	201	0
1331	200	0
1332	213	0
1333	195	0
1334	194	0
1335	200	0
1336	210	0
1337	205	0
1338	207	0
1339	210	0
1340	193	0
1341	215	0
1342	206	0
1343	198	0
1344	202	0
1345	190	0
1346	203	0
1347	199	0
1348	189	0
1349	185	0
1350	201	0
1351	222	0
1352	178	0
1353	195	0
1354	195	0
1355	167	0
1356	195	0
1357	186	0
1358	232	0
1359	202	0
1360	177	0
1361	197	0
1362	187	0
1363	198	0
1364	182	0
1365	201	0
1366	198	0
1367	184	0
1368	194	0
1369	200	0
1370	184	0
1371	200	0
1372	211	0
1373	173	0
1374	185	0
1375	200	0
1376	181	0
1377	171	0
1378	198	0
1379	181	0
1380	183	0
1381	190	0
1382	205	0
1383	235	0
1384	185	0
1385	185	0
1386	185	0
1387	228	0
1388	206	0
1389	205	0
1390	197	0
1391	206	0
1392	211	0
1393	191	0
1394	208	0
1395	190	0
1396	215	0
1397	199	0
1398	204	0
1399	205	0
1400	178	0
1401	189	0
1402	200	0
1403	210	0
1404	205	0
1405	213	0
1406	177	0
1407	194	0
1408	182	0
1409	202	0
1410	199	0
1411	195	0
1412	217	0
1413	218	0
1414	186	0
1415	197	0
1416	190	0
1417	228	0
1418	179	0
1419	199	0
1420	206	0
1421	183	0
1422	225	0
1423	207	0
1424	188	0
1425	177	0
1426	203	0
1427	203	0
1428	177	0
1429	170	0
1430	202	0
1431	200	0
1432	189	0
1433	196	0
1434	190	0
1435	206	0
1436	209	0
1437	187	0
1438	197	0
1439	213	0
1440	214	0
1441	197	0
1442	216	0
1443	214	0
1444	188	0
1445	190	0
1446	200	0
1447	191	0
1448	204	0
1449	188	0
1450	189	0
1451	197	0
1452	195	0
1453	199	0
1454	194	0
1455	194	0
1456	192	0
1457	193	0
1458	213	0
1459	197	0
1460	175	0
1461	188	0
1462	215	0
1463	223	0
1464	204	0
1465	183	0
1466	171	0
1467	213	0
1468	178	0
1469	203	0
1470	193	0
1471	200	0
1472	180	0
1473	221	0
1474	182	0
1475	201	0
1476	206	0
1477	190	0
1478	186	0
1479	206	0
1480	203	0
1481	203	0
1482	213	0
1483	183	0
1484	185	0
1485	188	0
1486	192	0
1487	204	0
1488	201	0
1489	175	0
1490	189	0
1491	186	0
1492	222	0
1493	184	0
1494	190	0
1495	195	0
1496	195	0
1497	178	0
1498	185	0
1499	194	0
1500	225	0
1501	185	0
1502	199	0
1503	187	0
1504	203	0
1505	177	0
1506	194	0
1507	212	0
1508	216	0
1509	194	0
1510	208	0
1511	179	0
1512	228	0
1513	185	0
1514	188	0
1515	188	0
1516	212	0
1517	210	0
1518	202	0
1519	210	0
1520	188	0
1521	207	0
1522	207	0
1523	201	0
1524	210	0
1525	204	0
1526	188	0
1527	199	0
1528	192	0
1529	211	0
1530	197	0
1531	194	0
1532	195	0
1533	184	0
1534	207	0
1535	189	0
1536	184	0
1537	183	0
1538	187	0
1539	165	0
1540	203	0
1541	192	0
1542	199	0
1543	201	0
1544	191	0
1545	198	0
1546	203	0
1547	158	0
1548	198	0
1549	218	0
1550	203	0
1551	201	0
1552	205	0
1553	199	0
1554	200	0
1555	232	0
1556	187	0
1557	208	0
1558	206	0
1559	195	0
1560	203	0
1561	190	0
1562	160	0
1563	188	0
1564	200	0
1565	183	0
1566	202	0
1567	198	0
1568	214	0
1569	194	0
1570	185	0
1571	184	0
1572	182	0
1573	185	0
1574	202	0
1575	203	0
1576	186	0
1577	210	0
1578	191	0
1579	194	0
1580	227	0
1581	170	0
1582	221	0
1583	182	0
1584	195	0
1585	190	0
1586	189	0
1587	215	0
1588	203	0
1589	208	0
1590	202	0
1591	171	0
1592	178	0
1593	203	0
1594	208	0
1595	208	0
1596	182	0
1597	229	0
1598	217	0
1599	190	0
1600	169	0
1601	211	0
1602	173	0
1603	220	0
1604	195	0
1605	203	0
1606	206	0
1607	198	0
1608	170	0
1609	208	0
1610	202	0
1611	193	0
1612	210	0
1613	202	0
1614	207	0
1615	201	0
1616	181	0
1617	216	0
1618	197	0
1619	169	0
1620	204	0
1621	190	0
1622	224	0
1623	181	0
1624	212	0
1625	193	0
1626	189	0
1627	166	0
1628	191	0
1629	194	0
1630	208	0
1631	226	0
1632	194	0
1633	202	0
1634	199	0
1635	203	0
1636	210	0
1637	194	0
1638	223	0
1639	203	0
1640	176	0
1641	209	0
1642	209	0
1643	173	0
1644	182	0
1645	193	0
1646	187	0
1647	209	0
1648	179	0
1649	232	0
1650	191	0
1651	200	0
1652	185	0
1653	213	0
1654	203	0
1655	202	0
1656	197	0
1657	213	0
1658	199	0
1659	198	0
1660	189	0
1661	209	0
1662	184	0
1663	207	0
1664	187	0
1665	176	0
1666	185	0
1667	206	0
1668	207	0
1669	219	0
1670	197	0
1671	208	0
1672	199	0
1673	207	0
1674	181	0
1675	186	0
1676	200	0
1677	223	0
1678	169	0
1679	214	0
1680	187	0
1681	193	0
1682	193	0
1683	172	0
1684	212	0
1685	198	0
1686	188	0
1687	192	0
1688	201	0
1689	212	0
1690	181	0
1691	199	0
1692	208	0
1693	214	0
1694	198	0
1695	203	0
1696	206	0
1697	229	0
1698	181	0
1699	187	0
1700	201	0
1701	195	0
1702	198	0
1703	201	0
1704	170	0
1705	173	0
1706	203	0
1707	209	0
1708	191	0
1709	184	0
1710	204	0
1711	184	0
1712	203	0
1713	187	0
1714	175	0
1715	213	0
1716	175	0
1717	201	0
1718	203	0
1719	226	0
1720	209	0
1721	215	0
1722	193	0
1723	185	0
1724	195	0
1725	184	0
1726	193	0
1727	205	0
1728	192	0
1729	169	0
1730	223	0
1731	193	0
1732	187	0
1733	217	0
1734	196	0
1735	229	0
1736	190	0
1737	207	0
1738	191	0
1739	192	0
1740	203	0
1741	206	0
1742	182	0
1743	216	0
1744	206	0
1745	183	0
1746	185	0
1747	223	0
1748	210	0
1749	217	0
1750	196	0
1751	199	0
1752	226	0
1753	195	0
1754	218	0
1755	202	0
1756	224	0
1757	190	0
1758	184	0
1759	185	0
1760	195	0
1761	196	0
1762	230	0
1763	186	0
1764	195	0
1765	191	0
1766	184	0
1767	194	0
1768	198	0
1769	211	0
1770	167	0
1771	226	0
1772	188	0
1773	199	0
1774	210	0
1775	210	0
1776	154	0
1777	180	0
1778	211	0
1779	186	0
1780	190	0
1781	162	0
1782	215	0
1783	203	0
1784	194	0
1785	206	0
1786	164	0
1787	176	0
1788	198	0
1789	198	0
1790	223	0
1791	201	0
1792	197	0
1793	195	0
1794	191	0
1795	178	0
1796	204	0
1797	199	0
1798	199	0
1799	218	0
1800	206	0
1801	201	0
1802	209	0
1803	175	0
1804	204	0
1805	208	0
1806	199	0
1807	201	0
1808	193	0
1809	177	0
1810	195	0
1811	205	0
1812	204	0
1813	190	0
1814	196	0
1815	199	0
1816	179	0
1817	195	0
1818	200	0
1819	196	0
1820	190	0
1821	198	0
1822	218	0
1823	198	0
1824	200	0
1825	179	0
1826	203	0
1827	195	0
1828	175	0
1829	192	0
1830	212	0
1831	217	0
1832	182	0
1833	198	0
1834	184	0
1835	201	0
1836	194	0
1837	193	0
1838	194	0
1839	196	0
1840	165	0
1841	176	0
1842	185	0
1843	209	0
1844	213	0
1845	223	0
1846	195	0
1847	221	0
1848	193	0
1849	187	0
1850	206	0
1851	191	0
1852	216	0
1853	195	0
1854	192	0
1855	195	0
1856	223	0
1857	205	0
1858	199	0
1859	204	0
1860	181	0
1861	196	0
1862	186	0
1863	204	0
1864	185	0
1865	190	0
1866	219	0
1867	193	0
1868	187	0
1869	200	0
1870	182	0
1871	181	0
1872	192	0
1873	183	0
1874	153	0
1875	191	0
1876	185	0
1877	194	0
1878	185	0
1879	216	0
1880	194	0
1881	220	0
1882	209	0
1883	206	0
1884	237	0
1885	185	0
1886	199	0
1887	208	0
1888	199	0
1889	210	0
1890	172	0
1891	197	0
1892	216	0
1893	195	0
1894	200	0
1895	204	0
1896	190	0
1897	206	0
1898	175	0
1899	186	0
1900	201	0
1901	200	0
1902	208	0
1903	192	0
1904	189	0
1905	206	0
1906	210	0
1907	192	0
1908	190	0
1909	203	0
1910	192	0
1911	199	0
1912	186	0
1913	190	0
1914	197	0
1915	210	0
1916	226	0
1917	239	0
1918	186	0
1919	198	0
1920	192	0
1921	186	0
1922	202	0
1923	197	0
1924	189	0
1925	200	0
1926	193	0
1927	214	0
1928	198	0
1929	193	0
1930	205	0
1931	210	0
1932	203	0
1933	209	0
1934	191	0
1935	182	0
1936	206	0
1937	197	0
1938	185	0
1939	190	0
1940	210	0
1941	209	0
1942	190	0
1943	193	0
1944	180	0
1945	228	0
1946	178	0
1947	180	0
1948	170	0
1949	202	0
1950	202	0
1951	193	0
1952	202	0
1953	178	0
1954	191	0
1955	196	0
1956	167	0
1957	190	0
1958	200	0
1959	183	0
1960	221	0
1961	218	0
1962	213	0
1963	169	0
1964	200	0
1965	179	0
1966	163	0
1967	180	0
1968	197	0
1969	205	0
1970	188	0
1971	218	0
1972	212	0
1973	218	0
1974	228	0
1975	189	0
1976	217	0
1977	182	0
1978	200	0
1979	192	0
1980	206	0
1981	233	0
1982	191	0
1983	194	0
1984	201	0
1985	220	0
1986	231	0
1987	186	0
1988	214	0
1989	183	0
1990	195	0
1991	194	0
1992	193	0
1993	176	0
1994	191	0
1995	191	0
1996	195	0
1997	215	0
1998	200	0
1999	218	0
2000	196	0
2001	193	0
2002	185	0
2003	172	0
2004	179	0
2005	193	0
2006	199	0
2007	206	0
2008	185	0
2009	202	0
2010	206	0
2011	222	0
2012	206	0
2013	193	0
2014	194	0
2015	209	0
2016	221	0
2017	200	0
2018	199	0
2019	204	0
2020	185	0
2021	176	0
2022	177	0
2023	213	0
2024	196	0
2025	204	0
2026	201	0
2027	221	0
2028	227	0
2029	174	0
2030	184	0
2031	183	0
2032	199	0
2033	223	0
2034	188	0
2035	186	0
2036	207	0
2037	156	0
2038	176	0
2039	166	0
2040	202	0
2041	202	0
2042	193	0
2043	198	0
2044	215	0
2045	176	0
2046	209	0
2047	207	0
2048	212	0
2049	181	0
2050	175	0
2051	215	0
2052	181	0
2053	173	0
2054	196	0
2055	210	0
2056	189	0
2057	188	0
2058	200	0
2059	191	0
2060	206	0
2061	207	0
2062	184	0
2063	168	0
2064	178	0
2065	186	0
2066	197	0
2067	211	0
2068	220	0
2069	205	0
2070	191	0
2071	192	0
2072	188	0
2073	193	0
2074	208	0
2075	197	0
2076	208	0
2077	210	0
2078	179	0
2079	168	0
2080	222	0
2081	203	0
2082	214	0
2083	195	0
2084	188	0
2085	199	0
2086	198	0
2087	193	0
2088	184	0
2089	209	0
2090	190	0
2091	180	0
2092	195	0
2093	193	0
2094	207	0
2095	217	0
2096	206	0
2097	198	0
2098	185	0
2099	200	0
2100	222	0
2101	204	0
2102	199	0
2103	182	0
2104	216	0
2105	211	0
2106	181	0
2107	201	0
2108	195	0
2109	198	0
2110	241	0
2111	196	0
2112	216	0
2113	216	0
2114	194	0
2115	186	0
2116	209	0
2117	182	0
2118	188	0
2119	203	0
2120	201	0
2121	204	0
2122	150	0
2123	214	0
2124	199	0
2125	179	0
2126	198	0
2127	184	0
2128	192	0
2129	190	0
2130	219	0
2131	178	0
2132	199	0
2133	181	0
2134	166	0
2135	187	0
2136	211	0
2137	200	0
2138	199	0
2139	189	0
2140	194	0
2141	181	0
2142	181	0
2143	194	0
2144	222	0
2145	184	0
2146	214	0
2147	209	0
2148	215	0
2149	186	0
2150	195	0
2151	191	0
2152	178	0
2153	194	0
2154	182	0
2155	202	0
2156	185	0
2157	196	0
2158	193	0
2159	190	0
2160	197	0
2161	216	0
2162	174	0
2163	197	0
2164	200	0
2165	202	0
2166	173	0
2167	215	0
2168	200	0
2169	204	0
2170	228	0
2171	164	0
2172	200	0
2173	181	0
2174	201	0
2175	197	0
2176	198	0
2177	199	0
2178	206	0
2179	202	0
2180	194	0
2181	192	0
2182	189	0
2183	213	0
2184	196	0
2185	196	0
2186	212	0
2187	173	0
2188	206	0
2189	185	0
2190	191	0
2191	214	0
2192	196	0
2193	208	0
2194	177	0
2195	187	0
2196	196	0
2197	186	0
2198	211	0
2199	220	0
2200	201	0
2201	176	0
2202	197	0
2203	206	0
2204	200	0
2205	185	0
2206	185	0
2207	220	0
2208	200	0
2209	211	0
2210	181	0
2211	198	0
2212	204	0
2213	175	0
2214	188	0
2215	179	0
2216	188	0
2217	195	0
2218	172	0
2219	220	0
2220	225	0
2221	192	0
2222	221	0
2223	196	0
2224	194	0
2225	180	0
2226	184	0
2227	178	0
2228	208	0
2229	202	0
2230	190	0
2231	221	0
2232	185	0
2233	206	0
2234	197	0
2235	191	0
2236	211	0
2237	217	0
2238	218	0
2239	187	0
2240	176	0
2241	185	0
2242	216	0
2243	198	0
2244	209	0
2245	196	0
2246	187	0
2247	198	0
2248	179	0
2249	193	0
2250	205	0
2251	215	0
2252	215	0
2253	177	0
2254	204	0
2255	191	0
2256	202	0
2257	201	0
2258	193	0
2259	199	0
2260	183	0
2261	204	0
2262	190	0
2263	184	0
2264	196	0
2265	190	0
2266	194	0
2267	188	0
2268	193	0
2269	237	0
2270	165	0
2271	197	0
2272	189	0
2273	169	0
2274	200	0
2275	170	0
2276	212	0
2277	192	0
2278	211	0
2279	165	0
2280	178	0
2281	179	0
2282	202	0
2283	203	0
2284	207	0
2285	200	0
2286	158	0
2287	183	0
2288	193	0
2289	222	0
2290	220	0
2291	202	0
2292	201	0
2293	189	0
2294	201	0
2295	218	0
2296	199	0
2297	201	0
2298	212	0
2299	197	0
2300	186	0
2301	202	0
2302	217	0
2303	208	0
2304	198	0
2305	199	0
2306	211	0
2307	182	0
2308	214	0
2309	203	0
2310	179	0
2311	202	0
2312	184	0
2313	190	0
2314	193	0
2315	218	0
2316	178	0
2317	206	0
2318	187	0
2319	194	0
2320	176	0
2321	196	0
2322	188	0
2323	196	0
2324	179	0
2325	188	0
2326	203	0
2327	218	0
2328	194	0
2329	198	0
2330	212	0
2331	209	0
2332	207	0
2333	205	0
2334	201	0
2335	178	0
2336	170	0
2337	174	0
2338	190	0
2339	228	0
2340	210	0
2341	189	0
2342	212	0
2343	181	0
2344	198	0
2345	209	0
2346	192	0
2347	202	0
2348	198	0
2349	190	0
2350	202	0
2351	220	0
2352	218	0
2353	197	0
2354	200	0
2355	196	0
2356	214	0
2357	218	0
2358	189	0
2359	180	0
2360	198	0
2361	190	0
2362	211	0
2363	209	0
2364	199	0
2365	176	0
2366	157	0
2367	189	0
2368	185	0
2369	194	0
2370	181	0
2371	191	0
2372	201	0
2373	165	0
2374	188	0
2375	218	0
2376	164	0
2377	211	0
2378	200	0
2379	200	0
2380	198	0
2381	208	0
2382	168	0
2383	187	0
2384	172	0
2385	224	0
2386	187	0
2387	210	0
2388	182	0
2389	197	0
2390	191	0
2391	207	0
2392	208	0
2393	210	0
2394	195	0
2395	188	0
2396	170	0
2397	196	0
2398	199	0
2399	199	0
2400	209	0
2401	187	0
2402	193	0
2403	193	0
2404	166	0
2405	217	0
2406	214	0
2407	223	0
2408	174	0
2409	229	0
2410	201	0
2411	225	0
2412	180	0
2413	198	0
2414	172	0
2415	207	0
2416	201	0
2417	221	0
2418	201	0
2419	189	0
2420	174	0
2421	199	0
2422	210	0
2423	179	0
2424	219	0
2425	197	0
2426	172	0
2427	192	0
2428	194	0
2429	178	0
2430	166	0
2431	177	0
2432	189	0
2433	179	0
2434	184	0
2435	201	0
2436	190	0
2437	214	0
2438	218	0
2439	206	0
2440	211	0
2441	186	0
2442	207	0
2443	212	0
2444	207	0
2445	194	0
2446	205	0
2447	200	0
2448	196	0
2449	204	0
2450	206	0
2451	200	0
2452	182	0
2453	185	0
2454	194	0
2455	198	0
2456	208	0
2457	174	0
2458	186	0
2459	198	0
2460	189	0
2461	198	0
2462	176	0
2463	193	0
2464	192	0
2465	198	0
2466	196	0
2467	203	0
2468	199	0
2469	195	0
2470	204	0
2471	153	0
2472	194	0
2473	209	0
2474	210	0
2475	197	0
2476	232	0
2477	195	0
2478	184	0
2479	197	0
2480	185	0
2481	188	0
2482	192	0
2483	207	0
2484	211	0
2485	204	0
2486	189	0
2487	207	0
2488	199	0
2489	191	0
2490	191	0
2491	204	0
2492	195	0
2493	188	0
2494	182	0
2495	180	0
2496	204	0
2497	192	0
2498	194	0
2499	218	0
2500	211	0
2501	172	0
2502	208	0
2503	202	0
2504	197	0
2505	183	0
2506	180	0
2507	204	0
2508	185	0
2509	197	0
2510	177	0
2511	209	0
2512	190	0
2513	226	0
2514	199	0
2515	197	0
2516	200	0
2517	178	0
2518	179	0
2519	202	0
2520	215	0
2521	192	0
2522	221	0
2523	183	0
2524	186	0
2525	184	0
2526	194	0
2527	199	0
2528	203	0
2529	221	0
2530	172	0
2531	201	0
2532	201	0
2533	236	0
2534	216	0
2535	195	0
2536	213	0
2537	209	0
2538	206	0
2539	193	0
2540	218	0
2541	198	0
2542	175	0
2543	198	0
2544	173	0
2545	208	0
2546	193	0
2547	199	0
2548	194	0
2549	193	0
2550	211	0
2551	185	0
2552	197	0
2553	194	0
2554	195	0
2555	206	0
2556	193	0
2557	200	0
2558	210	0
2559	206	0
2560	197	0
2561	187	0
2562	172	0
2563	208	0
2564	188	0
2565	178	0
2566	225	0
2567	200	0
2568	196	0
2569	201	0
2570	181	0
2571	178	0
2572	210	0
2573	207	0
2574	195	0
2575	189	0
2576	202	0
2577	202	0
2578	196	0
2579	194	0
2580	202	0
2581	209	0
2582	197	0
2583	180	0
2584	174	0
2585	201	0
2586	192	0
2587	195	0
2588	210	0
2589	224	0
2590	211	0
2591	214	0
2592	200	0
2593	198	0
2594	177	0
2595	195	0
2596	181	0
2597	231	0
2598	198	0
2599	182	0
2600	205	0
2601	192	0
2602	157	0
2603	194	0
2604	195	0
2605	195	0
2606	204	0
2607	204	0
2608	199	0
2609	209	0
2610	209	0
2611	191	0
2612	215	0
2613	179	0
2614	163	0
2615	182	0
2616	199	0
2617	178	0
2618	208	0
2619	227	0
2620	181	0
2621	215	0
2622	193	0
2623	170	0
2624	207	0
2625	208	0
2626	210	0
2627	217	0
2628	193	0
2629	197	0
2630	205	0
2631	182	0
2632	216	0
2633	197	0
2634	190	0
2635	187	0
2636	205	0
2637	197	0
2638	199	0
2639	221	0
2640	181	0
2641	189	0
2642	203	0
2643	210	0
2644	199	0
2645	189	0
2646	219	0
2647	201	0
2648	217	0
2649	205	0
2650	212	0
2651	216	0
2652	189	0
2653	210	0
2654	197	0
2655	167	0
2656	184	0
2657	188	0
2658	187	0
2659	186	0
2660	195	0
2661	210	0
2662	200	0
2663	191	0
2664	202	0
2665	216	0
2666	207	0
2667	197	0
2668	203	0
2669	218	0
2670	195	0
2671	220	0
2672	215	0
2673	208	0
2674	215	0
2675	189	0
2676	204	0
2677	206	0
2678	191	0
2679	198	0
2680	176	0
2681	195	0
2682	188	0
2683	211	0
2684	183	0
2685	206	0
2686	191	0
2687	186	0
2688	204	0
2689	189	0
2690	199	0
2691	200	0
2692	200	0
2693	195	0
2694	175	0
2695	195	0
2696	195	0
2697	205	0
2698	215	0
2699	190	0
2700	224	0
2701	176	0
2702	173	0
2703	180	0
2704	195	0
2705	199	0
2706	186	0
2707	211	0
2708	199	0
2709	250	0
2710	194	0
2711	206	0
2712	167	0
2713	198	0
2714	212	0
2715	208	0
2716	186	0
2717	206	0
2718	193	0
2719	178	0
2720	168	0
2721	211	0
2722	184	0
2723	184	0
2724	183	0
2725	191	0
2726	223	0
2727	201	0
2728	220	0
2729	206	0
2730	200	0
2731	217	0
2732	199	0
2733	199	0
2734	209	0
2735	234	0
2736	191	0
2737	214	0
2738	208	0
2739	214	0
2740	232	0
2741	191	0
2742	177	0
2743	196	0
2744	202	0
2745	191	0
2746	203	0
2747	178	0
2748	211	0
2749	189	0
2750	188	0
2751	213	0
2752	201	0
2753	186	0
2754	181	0
2755	200	0
2756	194	0
2757	202	0
2758	191	0
2759	182	0
2760	211	0
2761	192	0
2762	198	0
2763	180	0
2764	213	0
2765	213	0
2766	185	0
2767	176	0
2768	210	0
2769	196	0
2770	204	0
2771	190	0
2772	206	0
2773	182	0
2774	168	0
2775	212	0
2776	194	0
2777	211	0
2778	185	0
2779	207	0
2780	185	0
2781	209	0
2782	194	0
2783	212	0
2784	179	0
2785	189	0
2786	206	0
2787	193	0
2788	194	0
2789	180	0
2790	212	0
2791	190	0
2792	202	0
2793	201	0
2794	195	0
2795	179	0
2796	185	0
2797	199	0
2798	205	0
2799	194	0
2800	181	0
2801	214	0
2802	187	0
2803	205	0
2804	192	0
2805	188	0
2806	194	0
2807	196	0
2808	214	0
2809	185	0
2810	229	0
2811	191	0
2812	217	0
2813	187	0
2814	183	0
2815	188	0
2816	210	0
2817	191	0
2818	198	0
2819	177	0
2820	198	0
2821	219	0
2822	182	0
2823	225	0
2824	183	0
2825	205	0
2826	219	0
2827	210	0
2828	202	0
2829	209	0
2830	219	0
2831	214	0
2832	198	0
2833	213	0
2834	225	0
2835	186	0
2836	188	0
2837	181	0
2838	200	0
2839	186	0
2840	195	0
2841	210	0
2842	193	0
2843	187	0
2844	181	0
2845	195	0
2846	215	0
2847	177	0
2848	216	0
2849	184	0
2850	202	0
2851	182	0
2852	207	0
2853	213	0
2854	215	0
2855	198	0
2856	198	0
2857	191	0
2858	186	0
2859	170	0
2860	205	0
2861	209	0
2862	207	0
2863	201	0
2864	182	0
2865	183	0
2866	199	0
2867	196	0
2868	197	0
2869	182	0
2870	197	0
2871	214	0
2872	191	0
2873	196	0
2874	202	0
2875	205	0
2876	196	0
2877	209	0
2878	200	0
2879	204	0
2880	198	0
2881	225	0
2882	181	0
2883	192	0
2884	179	0
2885	209	0
2886	216	0
2887	207	0
2888	203	0
2889	235	0
2890	158	0
2891	203	0
2892	204	0
2893	215	0
2894	195	0
2895	208	0
2896	206	0
2897	182	0
2898	193	0
2899	218	0
2900	216	0
2901	190	0
2902	189	0
2903	183	0
2904	215	0
2905	188	0
2906	194	0
2907	212	0
2908	190	0
2909	194	0
2910	182	0
2911	199	0
2912	190	0
2913	207	0
2914	192	0
2915	226	0
2916	198	0
2917	162	0
2918	186	0
2919	198	0
2920	196	0
2921	162	0
2922	224	0
2923	220	0
2924	197	0
2925	212	0
2926	192	0
2927	208	0
2928	184	0
2929	208	0
2930	172	0
2931	203	0
2932	209	0
2933	190	0
2934	197	0
2935	205	0
2936	205	0
2937	197	0
2938	190	0
2939	180	0
2940	176	0
2941	190	0
2942	206	0
2943	216	0
2944	196	0
2945	213	0
2946	195	0
2947	212	0
2948	191	0
2949	224	0
2950	201	0
2951	194	0
2952	209	0
2953	215	0
2954	168	0
2955	197	0
2956	204	0
2957	196	0
2958	192	0
2959	209	0
2960	206	0
2961	172	0
2962	186	0
2963	220	0
2964	208	0
2965	230	0
2966	214	0
2967	193	0
2968	182	0
2969	188	0
2970	205	0
2971	215	0
2972	197	0
2973	217	0
2974	207	0
2975	206	0
2976	218	0
2977	203	0
2978	182	0
2979	209	0
2980	190	0
2981	180	0
2982	191	0
2983	200	0
2984	221	0
2985	195	0
2986	172	0
2987	199	0
2988	212	0
2989	202	0
2990	199	0
2991	226	0
2992	202	0
2993	173	0
2994	202	0
2995	193	0
2996	164	0
2997	187	0
2998	176	0
2999	196	0
3000	201	0
