1	194	0
2	185	0
3	182	0
4	208	0
5	188	0
6	199	0
7	205	0
8	186	0
9	225	0
10	217	0
11	167	0
12	190	0
13	203	0
14	189	0
15	182	0
16	208	0
17	198	0
18	191	0
19	208	0
20	212	0
21	228	0
22	220	0
23	217	0
24	217	0
25	210	0
26	183	0
27	204	0
28	209	0
29	196	0
30	201	0
31	192	0
32	204	0
33	197	0
34	236	0
35	198	0
36	187	0
37	213	0
38	207	0
39	205	0
40	221	0
41	169	0
42	178	0
43	198	0
44	198	0
45	190	0
46	187	0
47	220	0
48	211	0
49	205	0
50	203	0
51	209	0
52	186	0
53	230	0
54	211	0
55	203	0
56	211	0
57	209	0
58	185	0
59	195	0
60	212	0
61	182	0
62	183	0
63	205	0
64	161	0
65	210	0
66	198	0
67	196	0
68	202	0
69	192	0
70	179	0
71	174	0
72	187	0
73	222	0
74	223	0
75	193	0
76	164	0
77	199	0
78	225	0
79	197	0
80	218	0
81	186	0
82	194	0
83	202	0
84	173	0
85	204	0
86	204	0
87	187	0
88	206	0
89	197	0
90	224	0
91	213	0
92	229	0
93	207	0
94	175	0
95	174	0
96	206	0
97	179	0
98	207	0
99	183	0
100	218	0
101	176	0
102	196	0
103	192	0
104	204	0
105	178	0
106	221	0
107	171	0
108	200	0
109	216	0
110	208	0
111	193	0
112	221	0
113	211	0
114	194	0
115	238	0
116	190	0
117	210	0
118	211	0
119	177	0
120	225	0
121	212	0
122	205	0
123	177	0
124	211	0
125	212	0
126	196	0
127	186	0
128	185	0
129	183	0
130	187	0
131	201	0
132	210	0
133	191	0
134	191	0
135	204	0
136	222	0
137	194	0
138	207	0
139	219	0
140	185	0
141	198	0
142	237	0
143	210	0
144	192	0
145	178	0
146	209	0
147	221	0
148	180	0
149	207	0
150	206	0
151	184	0
152	210	0
153	199	0
154	212	0
155	210	0
156	210	0
157	208	0
158	207	0
159	206	0
160	197	0
161	213	0
162	215	0
163	211	0
164	198	0
165	182	0
166	182	0
167	220	0
168	209	0
169	179	0
170	165	0
171	196	0
172	209	0
173	191	0
174	196	0
175	169	0
176	195	0
177	175	0
178	211	0
179	212	0
180	184	0
181	198	0
182	208	0
183	196	0
184	206	0
185	229	0
186	198	0
187	201	0
188	216	0
189	197	0
190	206	0
191	192	0
192	200	0
193	194	0
194	180	0
195	180	0
196	196	0
197	185	0
198	185	0
199	173	0
200	201	0
201	215	0
202	207	0
203	199	0
204	184	0
205	194	0
206	211	0
207	201	0
208	217	0
209	186	0
210	199	0
211	222	0
212	206	0
213	183	0
214	213	0
215	182	0
216	181	0
217	182	0
218	197	0
219	178	0
220	158	0
221	218	0
222	207	0
223	220	0
224	151	0
225	191	0
226	204	0
227	213	0
228	236	0
229	223	0
230	192	0
231	188	0
232	194	0
233	204	0
234	197	0
235	201	0
236	189	0
237	189	0
238	175	0
239	203	0
240	193	0
241	182	0
242	192	0
243	188	0
244	214	0
245	198	0
246	187	0
247	179	0
248	184	0
249	203	0
250	196	0
251	214	0
252	208	0
253	188	0
254	173	0
255	186	0
256	207	0
257	208	0
258	222	0
259	209	0
260	219	0
261	183	0
262	192	0
263	191	0
264	200	0
265	226	0
266	195	0
267	196	0
268	181	0
269	207	0
270	190	0
271	209	0
272	189	0
273	186	0
274	209	0
275	224	0
276	194	0
277	210	0
278	175	0
279	201	0
280	214	0
281	196	0
282	195	0
283	210	0
284	205	0
285	228	0
286	184	0
287	191	0
288	184	0
289	171	0
290	212	0
291	188	0
292	183	0
293	193	0
294	226	0
295	177	0
296	220	0
297	206	0
298	200	0
299	195	0
300	196	0
301	214	0
302	187	0
303	199	0
304	183	0
305	175	0
306	238	0
307	207	0
308	211	0
309	199	0
310	217	0
311	220	0
312	213	0
313	212	0
314	195	0
315	189	0
316	188	0
317	195	0
318	210	0
319	206	0
320	169	0
321	197	0
322	211	0
323	204	0
324	210	0
325	188	0
326	174	0
327	191	0
328	231	0
329	197	0
330	206	0
331	221	0
332	195	0
333	189	0
334	200	0
335	162	0
336	202	0
337	192	0
338	199	0
339	199	0
340	184	0
341	199	0
342	210	0
343	194	0
344	204	0
345	187	0
346	223	0
347	212	0
348	189	0
349	183	0
350	172	0
351	167	0
352	213	0
353	208	0
354	191	0
355	193	0
356	180	0
357	184	0
358	193	0
359	190	0
360	182	0
361	185	0
362	196	0
363	207	0
364	195	0
365	203	0
366	210	0
367	189	0
368	195	0
369	201	0
370	199	0
371	199	0
372	196	0
373	237	0
374	193	0
375	199	0
376	218	0
377	203	0
378	218	0
379	191	0
380	180	0
381	193	0
382	204	0
383	206	0
384	223	0
385	183	0
386	179	0
387	179	0
388	200	0
389	183	0
390	187	0
391	226	0
392	183	0
393	212	0
394	228	0
395	188	0
396	216	0
397	209	0
398	198	0
399	192	0
400	178	0
401	181	0
402	215	0
403	187	0
404	204	0
405	219	0
406	219	0
407	214	0
408	204	0
409	210	0
410	203	0
411	197	0
412	197	0
413	174	0
414	193	0
415	209	0
416	195	0
417	184	0
418	185	0
419	198	0
420	207	0
421	183	0
422	184	0
423	210	0
424	199	0
425	177	0
426	216	0
427	190	0
428	196	0
429	196	0
430	179	0
431	195	0
432	190	0
433	207	0
434	218	0
435	176	0
436	195	0
437	208	0
438	213	0
439	215	0
440	230	0
441	214	0
442	166	0
443	207	0
444	190	0
445	190	0
446	194	0
447	196	0
448	189	0
449	210	0
450	189	0
451	184	0
452	187	0
453	170	0
454	195	0
455	206	0
456	203	0
457	225	0
458	217	0
459	191	0
460	201	0
461	168	0
462	182	0
463	186	0
464	215	0
465	213	0
466	201	0
467	202	0
468	190	0
469	186	0
470	204	0
471	182	0
472	190	0
473	209	0
474	192	0
475	207	0
476	211	0
477	181	0
478	208	0
479	206	0
480	208	0
481	187	0
482	214	0
483	181	0
484	211	0
485	188	0
486	212	0
487	217	0
488	217	0
489	216	0
490	225	0
491	179	0
492	187	0
493	214	0
494	186	0
495	196	0
496	207	0
497	231	0
498	177	0
499	217	0
500	168	0
501	190	0
502	179	0
503	206	0
504	206	0
505	202	0
506	218	0
507	198	0
508	201	0
509	181	0
510	229	0
511	236	0
512	204	0
513	224	0
514	192	0
515	211	0
516	208	0
517	218	0
518	214	0
519	184	0
520	180	0
521	211	0
522	191	0
523	180	0
524	200	0
525	192	0
526	212	0
527	213	0
528	198	0
529	182	0
530	181	0
531	204	0
532	190	0
533	188	0
534	180	0
535	192	0
536	182	0
537	188	0
538	195	0
539	170	0
540	178	0
541	194	0
542	168	0
543	218	0
544	209	0
545	193	0
546	189	0
547	200	0
548	210	0
549	190	0
550	208	0
551	207	0
552	195	0
553	172	0
554	212	0
555	187	0
556	212	0
557	223	0
558	217	0
559	195	0
560	223	0
561	199	0
562	209	0
563	184	0
564	188	0
565	207	0
566	190	0
567	178	0
568	196	0
569	210	0
570	184	0
571	207	0
572	178	0
573	194	0
574	179	0
575	199	0
576	192	0
577	182	0
578	209	0
579	198	0
580	205	0
581	195	0
582	197	0
583	173	0
584	197	0
585	198	0
586	204	0
587	202	0
588	192	0
589	209	0
590	197	0
591	202	0
592	200	0
593	204	0
594	200	0
595	191	0
596	187	0
597	185	0
598	191	0
599	197	0
600	219	0
601	209	0
602	237	0
603	209	0
604	200	0
605	217	0
606	180	0
607	206	0
608	183	0
609	163	0
610	184	0
611	214	0
612	203	0
613	193	0
614	220	0
615	209	0
616	207	0
617	213	0
618	222	0
619	212	0
620	188	0
621	198	0
622	237	0
623	198	0
624	215	0
625	193	0
626	184	0
627	191	0
628	198	0
629	209	0
630	218	0
631	196	0
632	198	0
633	190	0
634	192	0
635	225	0
636	189	0
637	187	0
638	229	0
639	169	0
640	214	0
641	189	0
642	200	0
643	167	0
644	195	0
645	196	0
646	216	0
647	197	0
648	201	0
649	203	0
650	187	0
651	204	0
652	185	0
653	198	0
654	210	0
655	197	0
656	194	0
657	205	0
658	232	0
659	202	0
660	203	0
661	187	0
662	206	0
663	189	0
664	229	0
665	175	0
666	199	0
667	192	0
668	174	0
669	202	0
670	179	0
671	211	0
672	205	0
673	190	0
674	218	0
675	202	0
676	180	0
677	203	0
678	210	0
679	197	0
680	214	0
681	189	0
682	174	0
683	164	0
684	217	0
685	190	0
686	206	0
687	199	0
688	171	0
689	190	0
690	206	0
691	194	0
692	207	0
693	186	0
694	209	0
695	192	0
696	240	0
697	179	0
698	177	0
699	199	0
700	199	0
701	193	0
702	207	0
703	172	0
704	190	0
705	182	0
706	198	0
707	197	0
708	215	0
709	186	0
710	195	0
711	197	0
712	193	0
713	197	0
714	206	0
715	206	0
716	215	0
717	195	0
718	211	0
719	188	0
720	178	0
721	187	0
722	196	0
723	177	0
724	217	0
725	226	0
726	193	0
727	190	0
728	187	0
729	187	0
730	191	0
731	216	0
732	190	0
733	180	0
734	214	0
735	190	0
736	208	0
737	186	0
738	190	0
739	186	0
740	212	0
741	217	0
742	221	0
743	192	0
744	210	0
745	192	0
746	212	0
747	220	0
748	179	0
749	191	0
750	185	0
751	195	0
752	178	0
753	206	0
754	209	0
755	185	0
756	203	0
757	174	0
758	195	0
759	201	0
760	221	0
761	183	0
762	210	0
763	203	0
764	204	0
765	195	0
766	185	0
767	191	0
768	196	0
769	229	0
770	199	0
771	206	0
772	191	0
773	169	0
774	213	0
775	178	0
776	184	0
777	203	0
778	211	0
779	177	0
780	197	0
781	187	0
782	195	0
783	173	0
784	204	0
785	207	0
786	206	0
787	217	0
788	194	0
789	201	0
790	208	0
791	218	0
792	199	0
793	176	0
794	195	0
795	217	0
796	195	0
797	182	0
798	224	0
799	208	0
800	180	0
801	228	0
802	214	0
803	218	0
804	206	0
805	205	0
806	197	0
807	198	0
808	213	0
809	199	0
810	203	0
811	164	0
812	217	0
813	210	0
814	221	0
815	201	0
816	181	0
817	189	0
818	198	0
819	199	0
820	186	0
821	176	0
822	204	0
823	208	0
824	211	0
825	205	0
826	200	0
827	222	0
828	213	0
829	188	0
830	199	0
831	214	0
832	220	0
833	190	0
834	213	0
835	187	0
836	220	0
837	187	0
838	192	0
839	195	0
840	225	0
841	203	0
842	211	0
843	210	0
844	200	0
845	194	0
846	187	0
847	192	0
848	193	0
849	215	0
850	191	0
851	192	0
852	233	0
853	206	0
854	185	0
855	192	0
856	209	0
857	193	0
858	209	0
859	192	0
860	222	0
861	213	0
862	203	0
863	190	0
864	203	0
865	204	0
866	209	0
867	206	0
868	177	0
869	213	0
870	210	0
871	190	0
872	174	0
873	217	0
874	203	0
875	219	0
876	204	0
877	200	0
878	182	0
879	219	0
880	210	0
881	180	0
882	180	0
883	189	0
884	200	0
885	192	0
886	222	0
887	184	0
888	203	0
889	169	0
890	203	0
891	211	0
892	189	0
893	187	0
894	203	0
895	194	0
896	235	0
897	182	0
898	180	0
899	197	0
900	206	0
901	201	0
902	163	0
903	215	0
904	204	0
905	220	0
906	167	0
907	205	0
908	211	0
909	230	0
910	195	0
911	192	0
912	172	0
913	181	0
914	196	0
915	210	0
916	201	0
917	180	0
918	201	0
919	176	0
920	208	0
921	214	0
922	192	0
923	194	0
924	210	0
925	179	0
926	196	0
927	196	0
928	203	0
929	179	0
930	194	0
931	187	0
932	191	0
933	194	0
934	210	0
935	207	0
936	198	0
937	217	0
938	216	0
939	196	0
940	215	0
941	166	0
942	213	0
943	179	0
944	188	0
945	195	0
946	178	0
947	220	0
948	219	0
949	221	0
950	208	0
951	189	0
952	199	0
953	197	0
954	215	0
955	207	0
956	201	0
957	193	0
958	198	0
959	190	0
960	182	0
961	203	0
962	214	0
963	192	0
964	218	0
965	201	0
966	205	0
967	203	0
968	185	0
969	224	0
970	201	0
971	198	0
972	211	0
973	182	0
974	218	0
975	199	0
976	214	0
977	206	0
978	230	0
979	202	0
980	180	0
981	217	0
982	200	0
983	189	0
984	224	0
985	209	0
986	218	0
987	200	0
988	206	0
989	223	0
990	202	0
991	193	0
992	191	0
993	187	0
994	197	0
995	207	0
996	189	0
997	213	0
998	202	0
999	199	0
1000	187	0
1001	183	0
1002	200	0
1003	190	0
1004	218	0
1005	214	0
1006	198	0
1007	206	0
1008	200	0
1009	196	0
1010	212	0
1011	188	0
1012	192	0
1013	204	0
1014	202	0
1015	183	0
1016	191	0
1017	195	0
1018	234	0
1019	167	0
1020	209	0
1021	237	0
1022	214	0
1023	210	0
1024	188	0
1025	203	0
1026	201	0
1027	198	0
1028	187	0
1029	175	0
1030	195	0
1031	222	0
1032	195	0
1033	201	0
1034	198	0
1035	202	0
1036	231	0
1037	192	0
1038	187	0
1039	215	0
1040	173	0
1041	213	0
1042	187	0
1043	201	0
1044	202	0
1045	190	0
1046	216	0
1047	167	0
1048	203	0
1049	188	0
1050	180	0
1051	229	0
1052	190	0
1053	198	0
1054	189	0
1055	197	0
1056	213	0
1057	193	0
1058	194	0
1059	179	0
1060	191	0
1061	184	0
1062	215	0
1063	193	0
1064	205	0
1065	183	0
1066	194	0
1067	208	0
1068	209	0
1069	181	0
1070	222	0
1071	225	0
1072	190	0
1073	200	0
1074	220	0
1075	198	0
1076	183	0
1077	180	0
1078	207	0
1079	205	0
1080	204	0
1081	190	0
1082	238	0
1083	189	0
1084	200	0
1085	206	0
1086	218	0
1087	203	0
1088	188	0
1089	196	0
1090	217	0
1091	168	0
1092	176	0
1093	179	0
1094	213	0
1095	169	0
1096	199	0
1097	192	0
1098	214	0
1099	199	0
1100	203	0
1101	193	0
1102	203	0
1103	193	0
1104	211	0
1105	191	0
1106	198	0
1107	210	0
1108	209	0
1109	212	0
1110	216	0
1111	203	0
1112	195	0
1113	189	0
1114	204	0
1115	215	0
1116	215	0
1117	209	0
1118	200	0
1119	216	0
1120	196	0
1121	222	0
1122	195	0
1123	207	0
1124	182	0
1125	208	0
1126	211	0
1127	173	0
1128	206	0
1129	164	0
1130	181	0
1131	200	0
1132	198	0
1133	202	0
1134	191	0
1135	186	0
1136	213	0
1137	195	0
1138	179	0
1139	198	0
1140	211	0
1141	199	0
1142	210	0
1143	205	0
1144	177	0
1145	197	0
1146	201	0
1147	190	0
1148	200	0
1149	233	0
1150	215	0
1151	180	0
1152	222	0
1153	221	0
1154	215	0
1155	194	0
1156	192	0
1157	194	0
1158	186	0
1159	215	0
1160	200	0
1161	202	0
1162	182	0
1163	204	0
1164	198	0
1165	182	0
1166	202	0
1167	186	0
1168	166	0
1169	206	0
1170	213	0
1171	200	0
1172	216	0
1173	213	0
1174	209	0
1175	221	0
1176	222	0
1177	169	0
1178	192	0
1179	213	0
1180	218	0
1181	201	0
1182	197	0
1183	204	0
1184	182	0
1185	206	0
1186	208	0
1187	226	0
1188	184	0
1189	216	0
1190	249	0
1191	201	0
1192	204	0
1193	237	0
1194	197	0
1195	159	0
1196	200	0
1197	214	0
1198	195	0
1199	193	0
1200	220	0
1201	192	0
1202	201	0
1203	184	0
1204	214	0
1205	199	0
1206	195	0
1207	209	0
1208	200	0
1209	177	0
1210	216	0
1211	188	0
1212	198	0
1213	195	0
1214	195	0
1215	177	0
1216	206	0
1217	207	0
1218	171	0
1219	213	0
1220	225	0
1221	203	0
1222	220	0
1223	209	0
1224	198	0
1225	229	0
1226	220	0
1227	176	0
1228	212	0
1229	195	0
1230	192	0
1231	204	0
1232	220	0
1233	207	0
1234	194	0
1235	192	0
1236	192	0
1237	197	0
1238	201	0
1239	223	0
1240	196	0
1241	198	0
1242	228	0
1243	215	0
1244	208	0
1245	189	0
1246	210	0
1247	204	0
1248	214	0
1249	179	0
1250	202	0
1251	201	0
1252	201	0
1253	195	0
1254	189	0
1255	210	0
1256	190	0
1257	195	0
1258	218	0
1259	200	0
1260	203	0
1261	200	0
1262	222	0
1263	193	0
1264	220	0
1265	218	0
1266	190	0
1267	190	0
1268	201	0
1269	189	0
1270	208	0
1271	188	0
1272	200	0
1273	198	0
1274	201	0
1275	192	0
1276	215	0
1277	199	0
1278	199	0
1279	235	0
1280	218	0
1281	193	0
1282	205	0
1283	180	0
1284	203	0
1285	204	0
1286	211	0
1287	191	0
1288	208	0
1289	180	0
1290	195	0
1291	244	0
1292	196	0
1293	200	0
1294	193	0
1295	187	0
1296	183	0
1297	200	0
1298	172	0
1299	184	0
1300	192	0
1301	198	0
1302	200	0
1303	192	0
1304	199	0
1305	188	0
1306	221	0
1307	207	0
1308	199	0
1309	194	0
1310	175	0
1311	175	0
1312	195	0
1313	203	0
1314	185	0
1315	207	0
1316	182	0
1317	196	0
1318	211	0
1319	173	0
1320	202	0
1321	171	0
1322	210	0
1323	197	0
1324	201	0
1325	194	0
1326	217	0
1327	181	0
1328	202	0
1329	190	0
1330	204	0
1331	209	0
1332	191	0
1333	218	0
1334	200	0
1335	200	0
1336	199	0
1337	211	0
1338	194	0
1339	188	0
1340	195	0
1341	207	0
1342	230	0
1343	234	0
1344	190	0
1345	204	0
1346	200	0
1347	196	0
1348	193	0
1349	201	0
1350	215	0
1351	179	0
1352	177	0
1353	204	0
1354	189	0
1355	190	0
1356	189	0
1357	221	0
1358	183	0
1359	200	0
1360	193	0
1361	225	0
1362	202	0
1363	217	0
1364	211	0
1365	188	0
1366	193	0
1367	183	0
1368	215	0
1369	160	0
1370	190	0
1371	208	0
1372	188	0
1373	185	0
1374	214	0
1375	185	0
1376	233	0
1377	207	0
1378	199	0
1379	199	0
1380	219	0
1381	188	0
1382	194	0
1383	198	0
1384	209	0
1385	214	0
1386	207	0
1387	193	0
1388	208	0
1389	184	0
1390	205	0
1391	203	0
1392	199	0
1393	190	0
1394	199	0
1395	185	0
1396	205	0
1397	200	0
1398	189	0
1399	161	0
1400	206	0
1401	188	0
1402	205	0
1403	199	0
1404	199	0
1405	203	0
1406	208	0
1407	186	0
1408	218	0
1409	198	0
1410	170	0
1411	210	0
1412	201	0
1413	240	0
1414	215	0
1415	220	0
1416	174	0
1417	201	0
1418	201	0
1419	198	0
1420	178	0
1421	191	0
1422	217	0
1423	197	0
1424	177	0
1425	200	0
1426	204	0
1427	210	0
1428	199	0
1429	207	0
1430	228	0
1431	201	0
1432	187	0
1433	187	0
1434	233	0
1435	180	0
1436	223	0
1437	218	0
1438	184	0
1439	199	0
1440	198	0
1441	227	0
1442	185	0
1443	193	0
1444	231	0
1445	171	0
1446	178	0
1447	225	0
1448	205	0
1449	185	0
1450	207	0
1451	189	0
1452	214	0
1453	178	0
1454	214	0
1455	179	0
1456	213	0
1457	212	0
1458	200	0
1459	204	0
1460	195	0
1461	208	0
1462	187	0
1463	183	0
1464	213	0
1465	186	0
1466	208	0
1467	178	0
1468	203	0
1469	186	0
1470	194	0
1471	190	0
1472	177	0
1473	207	0
1474	185	0
1475	203	0
1476	185	0
1477	214	0
1478	201	0
1479	207	0
1480	204	0
1481	210	0
1482	210	0
1483	233	0
1484	205	0
1485	177	0
1486	209	0
1487	179	0
1488	193	0
1489	196	0
1490	210	0
1491	247	0
1492	192	0
1493	197	0
1494	212	0
1495	218	0
1496	206	0
1497	183	0
1498	186	0
1499	212	0
1500	193	0
1501	213	0
1502	215	0
1503	184	0
1504	162	0
1505	201	0
1506	183	0
1507	207	0
1508	177	0
1509	178	0
1510	210	0
1511	202	0
1512	216	0
1513	201	0
1514	200	0
1515	187	0
1516	205	0
1517	188	0
1518	182	0
1519	193	0
1520	213	0
1521	236	0
1522	223	0
1523	186	0
1524	188	0
1525	217	0
1526	196	0
1527	205	0
1528	203	0
1529	198	0
1530	197	0
1531	180	0
1532	195	0
1533	219	0
1534	182	0
1535	177	0
1536	212	0
1537	186	0
1538	186	0
1539	212	0
1540	198	0
1541	215	0
1542	201	0
1543	186	0
1544	192	0
1545	216	0
1546	191	0
1547	197	0
1548	178	0
1549	202	0
1550	201	0
1551	191	0
1552	199	0
1553	212	0
1554	222	0
1555	216	0
1556	186	0
1557	202	0
1558	193	0
1559	210	0
1560	210	0
1561	189	0
1562	203	0
1563	190	0
1564	185	0
1565	221	0
1566	220	0
1567	204	0
1568	202	0
1569	205	0
1570	191	0
1571	201	0
1572	191	0
1573	207	0
1574	198	0
1575	169	0
1576	209	0
1577	219	0
1578	193	0
1579	191	0
1580	197	0
1581	208	0
1582	210	0
1583	199	0
1584	199	0
1585	197	0
1586	241	0
1587	202	0
1588	167	0
1589	205	0
1590	201	0
1591	195	0
1592	194	0
1593	216	0
1594	214	0
1595	218	0
1596	199	0
1597	174	0
1598	214	0
1599	201	0
1600	187	0
1601	221	0
1602	186	0
1603	209	0
1604	174	0
1605	206	0
1606	189	0
1607	184	0
1608	183	0
1609	163	0
1610	196	0
1611	191	0
1612	184	0
1613	182	0
1614	199	0
1615	178	0
1616	211	0
1617	198	0
1618	221	0
1619	201	0
1620	196	0
1621	210	0
1622	175	0
1623	194	0
1624	200	0
1625	207	0
1626	166	0
1627	202	0
1628	208	0
1629	216	0
1630	203	0
1631	219	0
1632	213	0
1633	196	0
1634	190	0
1635	201	0
1636	196	0
1637	210	0
1638	222	0
1639	243	0
1640	231	0
1641	222	0
1642	188	0
1643	182	0
1644	210	0
1645	211	0
1646	190	0
1647	217	0
1648	197	0
1649	195	0
1650	209	0
1651	177	0
1652	204	0
1653	199	0
1654	184	0
1655	186	0
1656	195	0
1657	219	0
1658	233	0
1659	177	0
1660	176	0
1661	188	0
1662	187	0
1663	193	0
1664	201	0
1665	190	0
1666	202	0
1667	216	0
1668	206	0
1669	212	0
1670	219	0
1671	231	0
1672	213	0
1673	223	0
1674	197	0
1675	217	0
1676	197	0
1677	189	0
1678	230	0
1679	201	0
1680	223	0
1681	179	0
1682	199	0
1683	190	0
1684	204	0
1685	191	0
1686	216	0
1687	196	0
1688	208	0
1689	202	0
1690	218	0
1691	214	0
1692	196	0
1693	230	0
1694	168	0
1695	196	0
1696	182	0
1697	192	0
1698	181	0
1699	190	0
1700	203	0
1701	193	0
1702	212	0
1703	211	0
1704	196	0
1705	195	0
1706	215	0
1707	174	0
1708	196	0
1709	200	0
1710	184	0
1711	211	0
1712	199	0
1713	206	0
1714	196	0
1715	177	0
1716	207	0
1717	212	0
1718	206	0
1719	178	0
1720	200	0
1721	188	0
1722	181	0
1723	203	0
1724	212	0
1725	192	0
1726	208	0
1727	204	0
1728	216	0
1729	211	0
1730	194	0
1731	201	0
1732	213	0
1733	228	0
1734	184	0
1735	185	0
1736	210	0
1737	194	0
1738	212	0
1739	195	0
1740	216	0
1741	228	0
1742	190	0
1743	191	0
1744	218	0
1745	209	0
1746	214	0
1747	187	0
1748	178	0
1749	189	0
1750	189	0
1751	206	0
1752	209	0
1753	175	0
1754	196	0
1755	208	0
1756	195	0
1757	209	0
1758	211	0
1759	195	0
1760	207	0
1761	188	0
1762	195	0
1763	199	0
1764	202	0
1765	216	0
1766	190	0
1767	195	0
1768	193	0
1769	168	0
1770	190	0
1771	201	0
1772	213	0
1773	209	0
1774	219	0
1775	205	0
1776	203	0
1777	199	0
1778	206	0
1779	201	0
1780	207	0
1781	213	0
1782	217	0
1783	217	0
1784	193	0
1785	194	0
1786	206	0
1787	185	0
1788	193	0
1789	219	0
1790	212	0
1791	214	0
1792	206	0
1793	225	0
1794	215	0
1795	171	0
1796	201	0
1797	186	0
1798	180	0
1799	168	0
1800	197	0
1801	222	0
1802	203	0
1803	216	0
1804	197	0
1805	198	0
1806	201	0
1807	217	0
1808	213	0
1809	203	0
1810	224	0
1811	167	0
1812	170	0
1813	186	0
1814	210	0
1815	198	0
1816	188	0
1817	190	0
1818	205	0
1819	206	0
1820	182	0
1821	203	0
1822	191	0
1823	170	0
1824	206	0
1825	192	0
1826	170	0
1827	205	0
1828	199	0
1829	193	0
1830	209	0
1831	205	0
1832	177	0
1833	204	0
1834	211	0
1835	202	0
1836	199	0
1837	180	0
1838	203	0
1839	215	0
1840	200	0
1841	215	0
1842	207	0
1843	209	0
1844	198	0
1845	172	0
1846	229	0
1847	211	0
1848	185	0
1849	210	0
1850	210	0
1851	191	0
1852	161	0
1853	179	0
1854	188	0
1855	199	0
1856	195	0
1857	203	0
1858	193	0
1859	214	0
1860	201	0
1861	231	0
1862	217	0
1863	183	0
1864	200	0
1865	200	0
1866	203	0
1867	174	0
1868	191	0
1869	190	0
1870	205	0
1871	185	0
1872	205	0
1873	217	0
1874	173	0
1875	180	0
1876	203	0
1877	203	0
1878	193	0
1879	188	0
1880	183	0
1881	200	0
1882	209	0
1883	195	0
1884	199	0
1885	193	0
1886	209	0
1887	208	0
1888	178	0
1889	190	0
1890	190	0
1891	198	0
1892	189	0
1893	200	0
1894	195	0
1895	221	0
1896	213	0
1897	215	0
1898	199	0
1899	209	0
1900	215	0
1901	198	0
1902	209	0
1903	230	0
1904	193	0
1905	203	0
1906	194	0
1907	183	0
1908	218	0
1909	222	0
1910	184	0
1911	202	0
1912	211	0
1913	221	0
1914	204	0
1915	219	0
1916	205	0
1917	184	0
1918	208	0
1919	194	0
1920	184	0
1921	182	0
1922	220	0
1923	206	0
1924	175	0
1925	188	0
1926	192	0
1927	210	0
1928	209	0
1929	183	0
1930	192	0
1931	186	0
1932	203	0
1933	215	0
1934	183	0
1935	183	0
1936	212	0
1937	184	0
1938	220	0
1939	199	0
1940	214	0
1941	201	0
1942	210	0
1943	187	0
1944	196	0
1945	194	0
1946	210	0
1947	196	0
1948	187	0
1949	207	0
1950	195	0
1951	204	0
1952	197	0
1953	204	0
1954	198	0
1955	192	0
1956	215	0
1957	232	0
1958	160	0
1959	227	0
1960	191	0
1961	216	0
1962	203	0
1963	198	0
1964	211	0
1965	196	0
1966	204	0
1967	203	0
1968	212	0
1969	199	0
1970	185	0
1971	215	0
1972	182	0
1973	208	0
1974	220	0
1975	194	0
1976	203	0
1977	213	0
1978	197	0
1979	202	0
1980	209	0
1981	184	0
1982	200	0
1983	219	0
1984	197	0
1985	186	0
1986	201	0
1987	210	0
1988	200	0
1989	193	0
1990	194	0
1991	191	0
1992	191	0
1993	175	0
1994	190	0
1995	197	0
1996	150	0
1997	198	0
1998	218	0
1999	191	0
2000	222	0
2001	195	0
2002	207	0
2003	189	0
2004	206	0
2005	211	0
2006	179	0
2007	226	0
2008	213	0
2009	216	0
2010	191	0
2011	189	0
2012	179	0
2013	216	0
2014	203	0
2015	210	0
2016	172	0
2017	185	0
2018	198	0
2019	188	0
2020	199	0
2021	196	0
2022	220	0
2023	211	0
2024	173	0
2025	194	0
2026	212	0
2027	188	0
2028	201	0
2029	210	0
2030	178	0
2031	195	0
2032	185	0
2033	182	0
2034	186	0
2035	212	0
2036	192	0
2037	182	0
2038	200	0
2039	199	0
2040	176	0
2041	205	0
2042	211	0
2043	204	0
2044	193	0
2045	219	0
2046	190	0
2047	202	0
2048	206	0
2049	213	0
2050	202	0
2051	212	0
2052	201	0
2053	191	0
2054	201	0
2055	161	0
2056	205	0
2057	193	0
2058	191	0
2059	224	0
2060	192	0
2061	190	0
2062	198	0
2063	186	0
2064	192	0
2065	198	0
2066	209	0
2067	172	0
2068	172	0
2069	200	0
2070	200	0
2071	199	0
2072	213	0
2073	189	0
2074	193	0
2075	190	0
2076	193	0
2077	197	0
2078	199	0
2079	194	0
2080	219	0
2081	181	0
2082	202	0
2083	208	0
2084	193	0
2085	179	0
2086	201	0
2087	204	0
2088	215	0
2089	199	0
2090	187	0
2091	218	0
2092	210	0
2093	199	0
2094	194	0
2095	214	0
2096	193	0
2097	208	0
2098	182	0
2099	216	0
2100	200	0
2101	212	0
2102	179	0
2103	216	0
2104	190	0
2105	215	0
2106	199	0
2107	215	0
2108	205	0
2109	225	0
2110	201	0
2111	183	0
2112	213	0
2113	195	0
2114	168	0
2115	220	0
2116	224	0
2117	195	0
2118	197	0
2119	194	0
2120	214	0
2121	212	0
2122	196	0
2123	206	0
2124	215	0
2125	188	0
2126	205	0
2127	190	0
2128	203	0
2129	207	0
2130	179	0
2131	197	0
2132	186	0
2133	183	0
2134	211	0
2135	205	0
2136	216	0
2137	235	0
2138	192	0
2139	223	0
2140	221	0
2141	192	0
2142	183	0
2143	202	0
2144	222	0
2145	214	0
2146	182	0
2147	191	0
2148	194	0
2149	207	0
2150	192	0
2151	207	0
2152	196	0
2153	171	0
2154	195	0
2155	195	0
2156	209	0
2157	182	0
2158	192	0
2159	201	0
2160	189	0
2161	211	0
2162	199	0
2163	205	0
2164	198	0
2165	204	0
2166	231	0
2167	194	0
2168	191	0
2169	213	0
2170	177	0
2171	215	0
2172	190	0
2173	196	0
2174	191	0
2175	191	0
2176	205	0
2177	203	0
2178	212	0
2179	221	0
2180	203	0
2181	200	0
2182	202	0
2183	188	0
2184	175	0
2185	215	0
2186	213	0
2187	193	0
2188	208	0
2189	206	0
2190	189	0
2191	185	0
2192	214	0
2193	187	0
2194	196	0
2195	208	0
2196	224	0
2197	180	0
2198	199	0
2199	202	0
2200	169	0
2201	189	0
2202	197	0
2203	202	0
2204	189	0
2205	211	0
2206	201	0
2207	181	0
2208	200	0
2209	210	0
2210	199	0
2211	185	0
2212	156	0
2213	198	0
2214	229	0
2215	164	0
2216	184	0
2217	220	0
2218	203	0
2219	219	0
2220	215	0
2221	210	0
2222	220	0
2223	187	0
2224	217	0
2225	207	0
2226	213	0
2227	186	0
2228	206	0
2229	209	0
2230	204	0
2231	192	0
2232	203	0
2233	220	0
2234	185	0
2235	205	0
2236	227	0
2237	214	0
2238	187	0
2239	199	0
2240	215	0
2241	214	0
2242	211	0
2243	190	0
2244	204	0
2245	201	0
2246	202	0
2247	180	0
2248	192	0
2249	205	0
2250	191	0
2251	179	0
2252	200	0
2253	208	0
2254	212	0
2255	193	0
2256	212	0
2257	202	0
2258	241	0
2259	195	0
2260	211	0
2261	198	0
2262	216	0
2263	213	0
2264	191	0
2265	208	0
2266	191	0
2267	166	0
2268	219	0
2269	193	0
2270	186	0
2271	218	0
2272	192	0
2273	216	0
2274	197	0
2275	207	0
2276	188	0
2277	211	0
2278	213	0
2279	194	0
2280	194	0
2281	193	0
2282	201	0
2283	223	0
2284	211	0
2285	230	0
2286	196	0
2287	186	0
2288	196	0
2289	207	0
2290	222	0
2291	177	0
2292	208	0
2293	217	0
2294	200	0
2295	178	0
2296	158	0
2297	220	0
2298	212	0
2299	184	0
2300	212	0
2301	201	0
2302	206	0
2303	202	0
2304	201	0
2305	211	0
2306	214	0
2307	204	0
2308	184	0
2309	196	0
2310	205	0
2311	219	0
2312	182	0
2313	197	0
2314	186	0
2315	194	0
2316	190	0
2317	204	0
2318	214	0
2319	208	0
2320	199	0
2321	167	0
2322	207	0
2323	199	0
2324	193	0
2325	187	0
2326	198	0
2327	198	0
2328	192	0
2329	200	0
2330	192	0
2331	180	0
2332	198	0
2333	201	0
2334	227	0
2335	197	0
2336	177	0
2337	208	0
2338	211	0
2339	216	0
2340	221	0
2341	183	0
2342	215	0
2343	194	0
2344	186	0
2345	191	0
2346	200	0
2347	205	0
2348	191	0
2349	177	0
2350	189	0
2351	198	0
2352	197	0
2353	210	0
2354	215	0
2355	198	0
2356	172	0
2357	181	0
2358	182	0
2359	203	0
2360	207	0
2361	181	0
2362	208	0
2363	191	0
2364	213	0
2365	182	0
2366	197	0
2367	207	0
2368	176	0
2369	192	0
2370	212	0
2371	209	0
2372	222	0
2373	198	0
2374	232	0
2375	201	0
2376	201	0
2377	204	0
2378	188	0
2379	197	0
2380	190	0
2381	215	0
2382	207	0
2383	218	0
2384	201	0
2385	198	0
2386	174	0
2387	232	0
2388	207	0
2389	214	0
2390	186	0
2391	174	0
2392	187	0
2393	185	0
2394	200	0
2395	180	0
2396	176	0
2397	184	0
2398	205	0
2399	193	0
2400	226	0
2401	183	0
2402	220	0
2403	225	0
2404	198	0
2405	205	0
2406	177	0
2407	194	0
2408	176	0
2409	206	0
2410	192	0
2411	183	0
2412	190	0
2413	190	0
2414	214	0
2415	194	0
2416	202	0
2417	207	0
2418	198	0
2419	189	0
2420	185	0
2421	206	0
2422	195	0
2423	202	0
2424	218	0
2425	219	0
2426	176	0
2427	184	0
2428	198	0
2429	219	0
2430	210	0
2431	213	0
2432	194	0
2433	191	0
2434	189	0
2435	217	0
2436	215	0
2437	184	0
2438	185	0
2439	208	0
2440	175	0
2441	220	0
2442	206	0
2443	183	0
2444	203	0
2445	181	0
2446	210	0
2447	195	0
2448	210	0
2449	202	0
2450	194	0
2451	241	0
2452	220	0
2453	209	0
2454	175	0
2455	223	0
2456	168	0
2457	205	0
2458	206	0
2459	200	0
2460	194	0
2461	224	0
2462	224	0
2463	206	0
2464	172	0
2465	186	0
2466	202	0
2467	197	0
2468	213	0
2469	196	0
2470	191	0
2471	207	0
2472	210	0
2473	190	0
2474	194	0
2475	202	0
2476	181	0
2477	194	0
2478	203	0
2479	190	0
2480	198	0
2481	183	0
2482	178	0
2483	180	0
2484	176	0
2485	189	0
2486	210	0
2487	185	0
2488	171	0
2489	193	0
2490	206	0
2491	207	0
2492	202	0
2493	207	0
2494	206	0
2495	178	0
2496	239	0
2497	210	0
2498	189	0
2499	205	0
2500	195	0
2501	230	0
2502	200	0
2503	215	0
2504	199	0
2505	192	0
2506	195	0
2507	207	0
2508	215	0
2509	205	0
2510	198	0
2511	179	0
2512	187	0
2513	207	0
2514	199	0
2515	190	0
2516	183	0
2517	208	0
2518	193	0
2519	173	0
2520	200	0
2521	188	0
2522	199	0
2523	219	0
2524	169	0
2525	209	0
2526	198	0
2527	174	0
2528	220	0
2529	182	0
2530	200	0
2531	180	0
2532	187	0
2533	212	0
2534	195	0
2535	189	0
2536	212	0
2537	200	0
2538	194	0
2539	192	0
2540	202	0
2541	194	0
2542	180	0
2543	204	0
2544	183	0
2545	204	0
2546	194	0
2547	201	0
2548	204	0
2549	185	0
2550	203	0
2551	181	0
2552	194	0
2553	207	0
2554	215	0
2555	205	0
2556	226	0
2557	230	0
2558	219	0
2559	170	0
2560	197	0
2561	196	0
2562	205	0
2563	194	0
2564	226	0
2565	184	0
2566	221	0
2567	189	0
2568	197	0
2569	190	0
2570	198	0
2571	241	0
2572	181	0
2573	207	0
2574	208	0
2575	193	0
2576	190	0
2577	176	0
2578	196	0
2579	212	0
2580	183	0
2581	204	0
2582	201	0
2583	196	0
2584	203	0
2585	203	0
2586	181	0
2587	189	0
2588	205	0
2589	217	0
2590	207	0
2591	192	0
2592	223	0
2593	249	0
2594	190	0
2595	209	0
2596	198	0
2597	198	0
2598	202	0
2599	177	0
2600	204	0
2601	200	0
2602	218	0
2603	209	0
2604	208	0
2605	204	0
2606	194	0
2607	190	0
2608	191	0
2609	225	0
2610	180	0
2611	211	0
2612	190	0
2613	181	0
2614	196	0
2615	206	0
2616	215	0
2617	186	0
2618	219	0
2619	194	0
2620	197	0
2621	204	0
2622	192	0
2623	205	0
2624	235	0
2625	201	0
2626	210	0
2627	215	0
2628	200	0
2629	235	0
2630	191	0
2631	198	0
2632	218	0
2633	185	0
2634	207	0
2635	201	0
2636	218	0
2637	187	0
2638	210	0
2639	192	0
2640	200	0
2641	203	0
2642	191	0
2643	226	0
2644	239	0
2645	214	0
2646	197	0
2647	199	0
2648	185	0
2649	185	0
2650	222	0
2651	198	0
2652	208	0
2653	191	0
2654	209	0
2655	193	0
2656	205	0
2657	197	0
2658	227	0
2659	206	0
2660	186	0
2661	164	0
2662	207	0
2663	207	0
2664	187	0
2665	188	0
2666	233	0
2667	198	0
2668	198	0
2669	218	0
2670	185	0
2671	199	0
2672	226	0
2673	211	0
2674	205	0
2675	201	0
2676	185	0
2677	192	0
2678	192	0
2679	206	0
2680	187	0
2681	179	0
2682	217	0
2683	215	0
2684	193	0
2685	197	0
2686	210	0
2687	187	0
2688	176	0
2689	193	0
2690	160	0
2691	212	0
2692	198	0
2693	205	0
2694	193	0
2695	215	0
2696	218	0
2697	189	0
2698	198	0
2699	203	0
2700	217	0
2701	183	0
2702	221	0
2703	218	0
2704	197	0
2705	216	0
2706	194	0
2707	179	0
2708	207	0
2709	171	0
2710	205	0
2711	193	0
2712	210	0
2713	186	0
2714	205	0
2715	195	0
2716	200	0
2717	202	0
2718	224	0
2719	211	0
2720	187	0
2721	204	0
2722	185	0
2723	201	0
2724	177	0
2725	210	0
2726	205	0
2727	238	0
2728	228	0
2729	193	0
2730	207	0
2731	201	0
2732	205	0
2733	191	0
2734	196	0
2735	162	0
2736	205	0
2737	190	0
2738	178	0
2739	201	0
2740	174	0
2741	228	0
2742	181	0
2743	193	0
2744	214	0
2745	212	0
2746	196	0
2747	208	0
2748	216	0
2749	203	0
2750	220	0
2751	190	0
2752	201	0
2753	199	0
2754	214	0
2755	194	0
2756	186	0
2757	221	0
2758	199	0
2759	198	0
2760	195	0
2761	224	0
2762	195	0
2763	199	0
2764	192	0
2765	193	0
2766	201	0
2767	187	0
2768	194	0
2769	202	0
2770	181	0
2771	183	0
2772	177	0
2773	208	0
2774	202	0
2775	203	0
2776	201	0
2777	183	0
2778	208	0
2779	205	0
2780	205	0
2781	207	0
2782	195	0
2783	200	0
2784	216	0
2785	186	0
2786	207	0
2787	235	0
2788	186	0
2789	191	0
2790	211	0
2791	210	0
2792	210	0
2793	201	0
2794	195	0
2795	197	0
2796	208	0
2797	186	0
2798	194	0
2799	179	0
2800	196	0
2801	194	0
2802	180	0
2803	205	0
2804	193	0
2805	201	0
2806	195	0
2807	197	0
2808	177	0
2809	228	0
2810	190	0
2811	217	0
2812	173	0
2813	200	0
2814	179	0
2815	197	0
2816	187	0
2817	204	0
2818	207	0
2819	221	0
2820	183	0
2821	192	0
2822	202	0
2823	200	0
2824	198	0
2825	209	0
2826	178	0
2827	207	0
2828	199	0
2829	201	0
2830	195	0
2831	188	0
2832	185	0
2833	214	0
2834	203	0
2835	195	0
2836	190	0
2837	212	0
2838	187	0
2839	194	0
2840	193	0
2841	176	0
2842	187	0
2843	202	0
2844	194	0
2845	189	0
2846	169	0
2847	219	0
2848	211	0
2849	193	0
2850	199	0
2851	186	0
2852	227	0
2853	183	0
2854	222	0
2855	183	0
2856	191	0
2857	177	0
2858	231	0
2859	217	0
2860	204	0
2861	212	0
2862	234	0
2863	205	0
2864	185	0
2865	213	0
2866	181	0
2867	177	0
2868	208	0
2869	191	0
2870	211	0
2871	183	0
2872	211	0
2873	184	0
2874	206	0
2875	227	0
2876	190	0
2877	211	0
2878	204	0
2879	206	0
2880	195	0
2881	200	0
2882	187	0
2883	209	0
2884	196	0
2885	204	0
2886	183	0
2887	206	0
2888	211	0
2889	206	0
2890	178	0
2891	197	0
2892	209	0
2893	189	0
2894	227	0
2895	190	0
2896	200	0
2897	224	0
2898	199	0
2899	204	0
2900	220	0
2901	216	0
2902	198	0
2903	201	0
2904	208	0
2905	198	0
2906	182	0
2907	223	0
2908	187	0
2909	178	0
2910	175	0
2911	194	0
2912	177	0
2913	193	0
2914	201	0
2915	195	0
2916	208	0
2917	207	0
2918	216	0
2919	185	0
2920	203	0
2921	182	0
2922	222	0
2923	205	0
2924	206	0
2925	217	0
2926	179	0
2927	181	0
2928	184	0
2929	179	0
2930	209	0
2931	201	0
2932	208	0
2933	213	0
2934	186	0
2935	198	0
2936	214	0
2937	193	0
2938	215	0
2939	189	0
2940	196	0
2941	168	0
2942	198	0
2943	209	0
2944	189	0
2945	205	0
2946	212	0
2947	192	0
2948	181	0
2949	223	0
2950	166	0
2951	179	0
2952	213	0
2953	219	0
2954	197	0
2955	209	0
2956	176	0
2957	186	0
2958	223	0
2959	189	0
2960	201	0
2961	197	0
2962	207	0
2963	179	0
2964	209	0
2965	201	0
2966	188	0
2967	198	0
2968	210	0
2969	196	0
2970	193	0
2971	207	0
2972	218	0
2973	184	0
2974	196	0
2975	196	0
2976	187	0
2977	214	0
2978	173	0
2979	174	0
2980	215	0
2981	186	0
2982	209	0
2983	205	0
2984	207	0
2985	186	0
2986	197	0
2987	171	0
2988	189	0
2989	219	0
2990	213	0
2991	192	0
2992	199	0
2993	195	0
2994	211	0
2995	196	0
2996	178	0
2997	169	0
2998	214	0
2999	223	0
3000	196	0
