1	207	0
2	193	0
3	222	0
4	192	0
5	228	0
6	202	0
7	184	0
8	197	0
9	202	0
10	218	0
11	192	0
12	183	0
13	190	0
14	198	0
15	180	0
16	183	0
17	196	0
18	182	0
19	172	0
20	204	0
21	199	0
22	195	0
23	190	0
24	196	0
25	198	0
26	205	0
27	197	0
28	197	0
29	187	0
30	194	0
31	210	0
32	211	0
33	183	0
34	180	0
35	200	0
36	212	0
37	201	0
38	225	0
39	190	0
40	181	0
41	211	0
42	204	0
43	178	0
44	214	0
45	182	0
46	213	0
47	235	0
48	196	0
49	217	0
50	188	0
51	186	0
52	204	0
53	190	0
54	204	0
55	194	0
56	204	0
57	181	0
58	200	0
59	184	0
60	196	0
61	199	0
62	166	0
63	192	0
64	205	0
65	205	0
66	224	0
67	206	0
68	198	0
69	204	0
70	193	0
71	179	0
72	173	0
73	201	0
74	176	0
75	195	0
76	185	0
77	199	0
78	177	0
79	199	0
80	206	0
81	181	0
82	180	0
83	187	0
84	183	0
85	203	0
86	198	0
87	182	0
88	203	0
89	177	0
90	198	0
91	195	0
92	192	0
93	175	0
94	164	0
95	197	0
96	206	0
97	208	0
98	203	0
99	217	0
100	185	0
101	190	0
102	212	0
103	166	0
104	206	0
105	194	0
106	194	0
107	200	0
108	195	0
109	185	0
110	182	0
111	200	0
112	215	0
113	207	0
114	184	0
115	206	0
116	223	0
117	212	0
118	205	0
119	201	0
120	191	0
121	214	0
122	197	0
123	196	0
124	197	0
125	190	0
126	215	0
127	205	0
128	188	0
129	208	0
130	188	0
131	185	0
132	222	0
133	230	0
134	182	0
135	201	0
136	188	0
137	166	0
138	214	0
139	208	0
140	196	0
141	184	0
142	218	0
143	188	0
144	182	0
145	192	0
146	191	0
147	176	0
148	199	0
149	226	0
150	193	0
151	197	0
152	181	0
153	217	0
154	211	0
155	180	0
156	207	0
157	184	0
158	211	0
159	224	0
160	201	0
161	199	0
162	174	0
163	199	0
164	211	0
165	208	0
166	210	0
167	192	0
168	208	0
169	205	0
170	236	0
171	207	0
172	202	0
173	198	0
174	197	0
175	198	0
176	217	0
177	196	0
178	192	0
179	200	0
180	200	0
181	190	0
182	201	0
183	168	0
184	185	0
185	178	0
186	199	0
187	196	0
188	216	0
189	192	0
190	206	0
191	198	0
192	203	0
193	187	0
194	213	0
195	199	0
196	198	0
197	180	0
198	190	0
199	215	0
200	190	0
201	204	0
202	216	0
203	204	0
204	164	0
205	220	0
206	208	0
207	206	0
208	196	0
209	233	0
210	206	0
211	207	0
212	183	0
213	216	0
214	198	0
215	190	0
216	191	0
217	190	0
218	204	0
219	194	0
220	195	0
221	196	0
222	198	0
223	188	0
224	217	0
225	198	0
226	167	0
227	206	0
228	222	0
229	190	0
230	196	0
231	200	0
232	215	0
233	203	0
234	195	0
235	220	0
236	198	0
237	188	0
238	187	0
239	214	0
240	203	0
241	210	0
242	189	0
243	170	0
244	208	0
245	225	0
246	194	0
247	202	0
248	200	0
249	205	0
250	197	0
251	189	0
252	203	0
253	198	0
254	222	0
255	206	0
256	213	0
257	221	0
258	206	0
259	194	0
260	206	0
261	195	0
262	189	0
263	217	0
264	172	0
265	192	0
266	184	0
267	195	0
268	207	0
269	204	0
270	202	0
271	190	0
272	187	0
273	220	0
274	203	0
275	191	0
276	224	0
277	208	0
278	213	0
279	172	0
280	189	0
281	193	0
282	212	0
283	206	0
284	184	0
285	178	0
286	235	0
287	189	0
288	224	0
289	201	0
290	230	0
291	188	0
292	207	0
293	202	0
294	192	0
295	193	0
296	191	0
297	202	0
298	199	0
299	181	0
300	211	0
301	201	0
302	184	0
303	216	0
304	188	0
305	197	0
306	205	0
307	214	0
308	211	0
309	160	0
310	190	0
311	217	0
312	198	0
313	195	0
314	203	0
315	193	0
316	195	0
317	191	0
318	194	0
319	195	0
320	183	0
321	186	0
322	209	0
323	201	0
324	191	0
325	208	0
326	204	0
327	204	0
328	199	0
329	213	0
330	209	0
331	185	0
332	194	0
333	191	0
334	193	0
335	198	0
336	181	0
337	196	0
338	192	0
339	172	0
340	183	0
341	182	0
342	189	0
343	195	0
344	203	0
345	192	0
346	201	0
347	194	0
348	167	0
349	186	0
350	167	0
351	183	0
352	211	0
353	217	0
354	186	0
355	194	0
356	201	0
357	203	0
358	224	0
359	206	0
360	201	0
361	242	0
362	184	0
363	179	0
364	214	0
365	207	0
366	202	0
367	203	0
368	176	0
369	173	0
370	202	0
371	196	0
372	201	0
373	199	0
374	181	0
375	193	0
376	184	0
377	190	0
378	197	0
379	180	0
380	193	0
381	185	0
382	211	0
383	205	0
384	219	0
385	187	0
386	192	0
387	197	0
388	196	0
389	184	0
390	204	0
391	206	0
392	197	0
393	233	0
394	222	0
395	198	0
396	171	0
397	220	0
398	210	0
399	190	0
400	197	0
401	193	0
402	195	0
403	187	0
404	189	0
405	195	0
406	204	0
407	209	0
408	199	0
409	188	0
410	176	0
411	186	0
412	199	0
413	197	0
414	193	0
415	193	0
416	206	0
417	223	0
418	196	0
419	212	0
420	211	0
421	174	0
422	183	0
423	182	0
424	187	0
425	200	0
426	216	0
427	175	0
428	196	0
429	193	0
430	193	0
431	229	0
432	206	0
433	190	0
434	222	0
435	204	0
436	186	0
437	213	0
438	200	0
439	201	0
440	179	0
441	208	0
442	193	0
443	200	0
444	206	0
445	173	0
446	216	0
447	203	0
448	221	0
449	208	0
450	187	0
451	187	0
452	184	0
453	206	0
454	208	0
455	177	0
456	199	0
457	213	0
458	180	0
459	197	0
460	208	0
461	208	0
462	187	0
463	213	0
464	176	0
465	190	0
466	196	0
467	177	0
468	188	0
469	196	0
470	196	0
471	184	0
472	200	0
473	218	0
474	208	0
475	195	0
476	179	0
477	186	0
478	208	0
479	232	0
480	187	0
481	174	0
482	231	0
483	192	0
484	197	0
485	202	0
486	194	0
487	202	0
488	177	0
489	196	0
490	223	0
491	187	0
492	189	0
493	201	0
494	190	0
495	202	0
496	196	0
497	190	0
498	215	0
499	219	0
500	188	0
501	195	0
502	198	0
503	190	0
504	206	0
505	196	0
506	238	0
507	200	0
508	200	0
509	237	0
510	215	0
511	187	0
512	207	0
513	201	0
514	172	0
515	187	0
516	181	0
517	200	0
518	193	0
519	200	0
520	202	0
521	211	0
522	212	0
523	201	0
524	184	0
525	201	0
526	210	0
527	201	0
528	190	0
529	205	0
530	212	0
531	200	0
532	180	0
533	181	0
534	192	0
535	218	0
536	183	0
537	196	0
538	221	0
539	215	0
540	205	0
541	187	0
542	190	0
543	191	0
544	164	0
545	192	0
546	185	0
547	207	0
548	182	0
549	184	0
550	208	0
551	176	0
552	223	0
553	193	0
554	216	0
555	213	0
556	193	0
557	185	0
558	179	0
559	217	0
560	198	0
561	167	0
562	187	0
563	205	0
564	216	0
565	204	0
566	220	0
567	181	0
568	187	0
569	190	0
570	203	0
571	183	0
572	183	0
573	184	0
574	214	0
575	193	0
576	210	0
577	184	0
578	205	0
579	213	0
580	205	0
581	216	0
582	192	0
583	191	0
584	209	0
585	175	0
586	234	0
587	181	0
588	210	0
589	213	0
590	235	0
591	184	0
592	203	0
593	220	0
594	195	0
595	205	0
596	217	0
597	179	0
598	177	0
599	180	0
600	201	0
601	198	0
602	203	0
603	184	0
604	203	0
605	185	0
606	207	0
607	210	0
608	182	0
609	199	0
610	202	0
611	204	0
612	204	0
613	193	0
614	205	0
615	204	0
616	208	0
617	212	0
618	195	0
619	186	0
620	190	0
621	195	0
622	205	0
623	199	0
624	178	0
625	197	0
626	191	0
627	213	0
628	200	0
629	188	0
630	198	0
631	200	0
632	208	0
633	203	0
634	186	0
635	219	0
636	202	0
637	186	0
638	176	0
639	190	0
640	187	0
641	183	0
642	221	0
643	187	0
644	188	0
645	211	0
646	178	0
647	175	0
648	187	0
649	211	0
650	213	0
651	204	0
652	206	0
653	181	0
654	175	0
655	216	0
656	181	0
657	218	0
658	187	0
659	196	0
660	218	0
661	218	0
662	181	0
663	170	0
664	207	0
665	173	0
666	210	0
667	199	0
668	194	0
669	195	0
670	198	0
671	181	0
672	198	0
673	184	0
674	195	0
675	204	0
676	193	0
677	230	0
678	184	0
679	198	0
680	175	0
681	229	0
682	198	0
683	212	0
684	218	0
685	188	0
686	189	0
687	235	0
688	226	0
689	186	0
690	228	0
691	198	0
692	217	0
693	224	0
694	202	0
695	189	0
696	187	0
697	194	0
698	193	0
699	224	0
700	203	0
701	222	0
702	213	0
703	214	0
704	193	0
705	184	0
706	198	0
707	190	0
708	201	0
709	198	0
710	213	0
711	192	0
712	192	0
713	182	0
714	183	0
715	214	0
716	224	0
717	221	0
718	215	0
719	201	0
720	205	0
721	208	0
722	196	0
723	189	0
724	214	0
725	220	0
726	208	0
727	219	0
728	202	0
729	170	0
730	199	0
731	200	0
732	197	0
733	186	0
734	192	0
735	176	0
736	192	0
737	216	0
738	190	0
739	216	0
740	223	0
741	176	0
742	197	0
743	196	0
744	202	0
745	196	0
746	200	0
747	185	0
748	225	0
749	186	0
750	208	0
751	192	0
752	216	0
753	182	0
754	213	0
755	215	0
756	176	0
757	187	0
758	192	0
759	200	0
760	214	0
761	214	0
762	180	0
763	206	0
764	213	0
765	197	0
766	191	0
767	214	0
768	209	0
769	185	0
770	176	0
771	202	0
772	214	0
773	205	0
774	208	0
775	204	0
776	194	0
777	204	0
778	220	0
779	193	0
780	185	0
781	156	0
782	189	0
783	210	0
784	200	0
785	194	0
786	210	0
787	197	0
788	228	0
789	194	0
790	189	0
791	206	0
792	212	0
793	202	0
794	197	0
795	218	0
796	199	0
797	181	0
798	185	0
799	200	0
800	209	0
801	200	0
802	222	0
803	190	0
804	224	0
805	193	0
806	178	0
807	190	0
808	196	0
809	193	0
810	191	0
811	195	0
812	219	0
813	178	0
814	203	0
815	213	0
816	205	0
817	195	0
818	220	0
819	188	0
820	185	0
821	195	0
822	200	0
823	201	0
824	208	0
825	207	0
826	195	0
827	164	0
828	210	0
829	209	0
830	217	0
831	230	0
832	187	0
833	211	0
834	185	0
835	186	0
836	206	0
837	180	0
838	208	0
839	195	0
840	177	0
841	186	0
842	200	0
843	215	0
844	218	0
845	210	0
846	186	0
847	188	0
848	188	0
849	237	0
850	179	0
851	179	0
852	207	0
853	176	0
854	196	0
855	168	0
856	196	0
857	193	0
858	203	0
859	193	0
860	207	0
861	172	0
862	195	0
863	187	0
864	179	0
865	203	0
866	196	0
867	199	0
868	218	0
869	208	0
870	187	0
871	192	0
872	193	0
873	190	0
874	212	0
875	207	0
876	157	0
877	181	0
878	206	0
879	207	0
880	209	0
881	186	0
882	206	0
883	199	0
884	175	0
885	188	0
886	218	0
887	194	0
888	211	0
889	164	0
890	221	0
891	178	0
892	210	0
893	197	0
894	196	0
895	173	0
896	203	0
897	199	0
898	196	0
899	189	0
900	194	0
901	204	0
902	203	0
903	231	0
904	204	0
905	189	0
906	217	0
907	184	0
908	169	0
909	209	0
910	188	0
911	191	0
912	190	0
913	204	0
914	215	0
915	190	0
916	182	0
917	189	0
918	199	0
919	221	0
920	209	0
921	198	0
922	195	0
923	213	0
924	199	0
925	209	0
926	195	0
927	211	0
928	199	0
929	184	0
930	188	0
931	177	0
932	171	0
933	185	0
934	185	0
935	205	0
936	181	0
937	204	0
938	212	0
939	189	0
940	201	0
941	202	0
942	180	0
943	197	0
944	212	0
945	211	0
946	205	0
947	191	0
948	204	0
949	214	0
950	211	0
951	191	0
952	201	0
953	189	0
954	203	0
955	207	0
956	194	0
957	179	0
958	203	0
959	209	0
960	187	0
961	192	0
962	228	0
963	204	0
964	211	0
965	201	0
966	206	0
967	207	0
968	190	0
969	195	0
970	196	0
971	189	0
972	187	0
973	163	0
974	198	0
975	186	0
976	249	0
977	171	0
978	201	0
979	190	0
980	174	0
981	171	0
982	193	0
983	201	0
984	215	0
985	198	0
986	198	0
987	199	0
988	210	0
989	197	0
990	189	0
991	217	0
992	187	0
993	204	0
994	185	0
995	221	0
996	217	0
997	201	0
998	203	0
999	186	0
1000	204	0
1001	202	0
1002	198	0
1003	198	0
1004	203	0
1005	225	0
1006	208	0
1007	201	0
1008	201	0
1009	193	0
1010	193	0
1011	189	0
1012	214	0
1013	198	0
1014	202	0
1015	202	0
1016	223	0
1017	159	0
1018	181	0
1019	215	0
1020	199	0
1021	167	0
1022	204	0
1023	202	0
1024	181	0
1025	206	0
1026	222	0
1027	199	0
1028	207	0
1029	215	0
1030	208	0
1031	193	0
1032	212	0
1033	183	0
1034	162	0
1035	187	0
1036	192	0
1037	165	0
1038	195	0
1039	208	0
1040	201	0
1041	202	0
1042	185	0
1043	179	0
1044	178	0
1045	184	0
1046	214	0
1047	195	0
1048	186	0
1049	187	0
1050	197	0
1051	221	0
1052	205	0
1053	206	0
1054	185	0
1055	198	0
1056	209	0
1057	179	0
1058	202	0
1059	198	0
1060	188	0
1061	204	0
1062	209	0
1063	205	0
1064	188	0
1065	202	0
1066	197	0
1067	201	0
1068	200	0
1069	190	0
1070	182	0
1071	176	0
1072	220	0
1073	200	0
1074	205	0
1075	215	0
1076	175	0
1077	239	0
1078	207	0
1079	195	0
1080	186	0
1081	205	0
1082	189	0
1083	170	0
1084	199	0
1085	226	0
1086	207	0
1087	203	0
1088	171	0
1089	178	0
1090	201	0
1091	172	0
1092	205	0
1093	183	0
1094	212	0
1095	188	0
1096	201	0
1097	168	0
1098	185	0
1099	225	0
1100	187	0
1101	209	0
1102	202	0
1103	209	0
1104	197	0
1105	194	0
1106	177	0
1107	178	0
1108	203	0
1109	206	0
1110	188	0
1111	199	0
1112	196	0
1113	215	0
1114	216	0
1115	189	0
1116	223	0
1117	211	0
1118	216	0
1119	206	0
1120	205	0
1121	204	0
1122	215	0
1123	161	0
1124	224	0
1125	207	0
1126	195	0
1127	207	0
1128	204	0
1129	214	0
1130	196	0
1131	189	0
1132	179	0
1133	191	0
1134	204	0
1135	192	0
1136	169	0
1137	181	0
1138	200	0
1139	221	0
1140	187	0
1141	179	0
1142	217	0
1143	194	0
1144	187	0
1145	207	0
1146	182	0
1147	205	0
1148	199	0
1149	176	0
1150	185	0
1151	197	0
1152	177	0
1153	199	0
1154	200	0
1155	217	0
1156	211	0
1157	196	0
1158	200	0
1159	205	0
1160	189	0
1161	204	0
1162	210	0
1163	212	0
1164	209	0
1165	201	0
1166	210	0
1167	215	0
1168	183	0
1169	194	0
1170	152	0
1171	182	0
1172	191	0
1173	204	0
1174	207	0
1175	212	0
1176	207	0
1177	173	0
1178	203	0
1179	216	0
1180	215	0
1181	215	0
1182	193	0
1183	205	0
1184	213	0
1185	217	0
1186	184	0
1187	187	0
1188	193	0
1189	190	0
1190	198	0
1191	197	0
1192	177	0
1193	186	0
1194	190	0
1195	179	0
1196	202	0
1197	189	0
1198	220	0
1199	186	0
1200	206	0
1201	210	0
1202	194	0
1203	186	0
1204	210	0
1205	175	0
1206	207	0
1207	189	0
1208	177	0
1209	211	0
1210	182	0
1211	205	0
1212	200	0
1213	168	0
1214	193	0
1215	201	0
1216	216	0
1217	196	0
1218	171	0
1219	182	0
1220	202	0
1221	205	0
1222	215	0
1223	216	0
1224	174	0
1225	207	0
1226	170	0
1227	210	0
1228	204	0
1229	196	0
1230	202	0
1231	221	0
1232	207	0
1233	183	0
1234	182	0
1235	188	0
1236	213	0
1237	191	0
1238	212	0
1239	189	0
1240	225	0
1241	189	0
1242	207	0
1243	198	0
1244	208	0
1245	227	0
1246	205	0
1247	200	0
1248	206	0
1249	218	0
1250	176	0
1251	186	0
1252	182	0
1253	198	0
1254	194	0
1255	198	0
1256	198	0
1257	171	0
1258	200	0
1259	200	0
1260	217	0
1261	175	0
1262	196	0
1263	195	0
1264	192	0
1265	200	0
1266	209	0
1267	181	0
1268	227	0
1269	203	0
1270	212	0
1271	182	0
1272	193	0
1273	208	0
1274	185	0
1275	193	0
1276	202	0
1277	196	0
1278	218	0
1279	211	0
1280	191	0
1281	206	0
1282	177	0
1283	190	0
1284	212	0
1285	202	0
1286	208	0
1287	211	0
1288	198	0
1289	204	0
1290	226	0
1291	198	0
1292	210	0
1293	176	0
1294	199	0
1295	209	0
1296	207	0
1297	205	0
1298	219	0
1299	222	0
1300	191	0
1301	201	0
1302	209	0
1303	213	0
1304	199	0
1305	186	0
1306	205	0
1307	204	0
1308	204	0
1309	206	0
1310	196	0
1311	193	0
1312	197	0
1313	204	0
1314	172	0
1315	186	0
1316	178	0
1317	200	0
1318	218	0
1319	223	0
1320	205	0
1321	192	0
1322	224	0
1323	213	0
1324	207	0
1325	211	0
1326	172	0
1327	199	0
1328	193	0
1329	217	0
1330	207	0
1331	219	0
1332	224	0
1333	195	0
1334	206	0
1335	192	0
1336	200	0
1337	207	0
1338	212	0
1339	171	0
1340	201	0
1341	199	0
1342	197	0
1343	216	0
1344	195	0
1345	193	0
1346	235	0
1347	177	0
1348	185	0
1349	168	0
1350	185	0
1351	179	0
1352	194	0
1353	156	0
1354	208	0
1355	215	0
1356	182	0
1357	197	0
1358	205	0
1359	204	0
1360	170	0
1361	184	0
1362	236	0
1363	189	0
1364	196	0
1365	202	0
1366	204	0
1367	190	0
1368	186	0
1369	181	0
1370	192	0
1371	203	0
1372	193	0
1373	222	0
1374	207	0
1375	216	0
1376	186	0
1377	174	0
1378	183	0
1379	191	0
1380	186	0
1381	197	0
1382	203	0
1383	197	0
1384	205	0
1385	199	0
1386	222	0
1387	189	0
1388	174	0
1389	205	0
1390	188	0
1391	194	0
1392	204	0
1393	172	0
1394	216	0
1395	183	0
1396	205	0
1397	208	0
1398	208	0
1399	216	0
1400	172	0
1401	207	0
1402	205	0
1403	211	0
1404	216	0
1405	191	0
1406	199	0
1407	220	0
1408	193	0
1409	185	0
1410	205	0
1411	196	0
1412	190	0
1413	197	0
1414	192	0
1415	200	0
1416	226	0
1417	192	0
1418	168	0
1419	200	0
1420	184	0
1421	173	0
1422	211	0
1423	212	0
1424	215	0
1425	194	0
1426	202	0
1427	198	0
1428	204	0
1429	195	0
1430	191	0
1431	217	0
1432	194	0
1433	199	0
1434	190	0
1435	181	0
1436	181	0
1437	195	0
1438	187	0
1439	215	0
1440	187	0
1441	202	0
1442	185	0
1443	184	0
1444	196	0
1445	207	0
1446	198	0
1447	222	0
1448	223	0
1449	218	0
1450	216	0
1451	175	0
1452	215	0
1453	218	0
1454	202	0
1455	208	0
1456	176	0
1457	216	0
1458	209	0
1459	200	0
1460	198	0
1461	183	0
1462	201	0
1463	202	0
1464	200	0
1465	192	0
1466	169	0
1467	199	0
1468	224	0
1469	209	0
1470	199	0
1471	186	0
1472	210	0
1473	206	0
1474	199	0
1475	210	0
1476	213	0
1477	200	0
1478	200	0
1479	193	0
1480	186	0
1481	196	0
1482	211	0
1483	208	0
1484	188	0
1485	203	0
1486	208	0
1487	202	0
1488	205	0
1489	169	0
1490	194	0
1491	220	0
1492	206	0
1493	177	0
1494	220	0
1495	181	0
1496	213	0
1497	196	0
1498	182	0
1499	220	0
1500	209	0
1501	206	0
1502	191	0
1503	197	0
1504	216	0
1505	205	0
1506	185	0
1507	215	0
1508	194	0
1509	185	0
1510	182	0
1511	195	0
1512	175	0
1513	217	0
1514	196	0
1515	186	0
1516	194	0
1517	196	0
1518	216	0
1519	231	0
1520	191	0
1521	189	0
1522	209	0
1523	199	0
1524	191	0
1525	180	0
1526	192	0
1527	231	0
1528	160	0
1529	192	0
1530	212	0
1531	184	0
1532	208	0
1533	204	0
1534	198	0
1535	210	0
1536	203	0
1537	208	0
1538	216	0
1539	197	0
1540	182	0
1541	220	0
1542	219	0
1543	185	0
1544	208	0
1545	176	0
1546	203	0
1547	217	0
1548	200	0
1549	167	0
1550	209	0
1551	168	0
1552	193	0
1553	205	0
1554	212	0
1555	205	0
1556	193	0
1557	212	0
1558	195	0
1559	191	0
1560	214	0
1561	176	0
1562	207	0
1563	174	0
1564	177	0
1565	188	0
1566	188	0
1567	192	0
1568	202	0
1569	216	0
1570	176	0
1571	196	0
1572	216	0
1573	183	0
1574	205	0
1575	197	0
1576	218	0
1577	191	0
1578	191	0
1579	203	0
1580	198	0
1581	207	0
1582	187	0
1583	201	0
1584	207	0
1585	204	0
1586	170	0
1587	191	0
1588	190	0
1589	207	0
1590	195	0
1591	179	0
1592	204	0
1593	181	0
1594	208	0
1595	186	0
1596	199	0
1597	207	0
1598	200	0
1599	210	0
1600	178	0
1601	212	0
1602	210	0
1603	197	0
1604	212	0
1605	198	0
1606	194	0
1607	182	0
1608	162	0
1609	209	0
1610	220	0
1611	193	0
1612	195	0
1613	183	0
1614	201	0
1615	189	0
1616	214	0
1617	189	0
1618	197	0
1619	211	0
1620	185	0
1621	185	0
1622	222	0
1623	212	0
1624	207	0
1625	202	0
1626	182	0
1627	175	0
1628	183	0
1629	202	0
1630	216	0
1631	201	0
1632	207	0
1633	191	0
1634	200	0
1635	190	0
1636	215	0
1637	198	0
1638	176	0
1639	193	0
1640	188	0
1641	223	0
1642	203	0
1643	185	0
1644	188	0
1645	209	0
1646	198	0
1647	205	0
1648	198	0
1649	190	0
1650	216	0
1651	229	0
1652	189	0
1653	208	0
1654	180	0
1655	202	0
1656	183	0
1657	195	0
1658	205	0
1659	208	0
1660	195	0
1661	200	0
1662	193	0
1663	195	0
1664	205	0
1665	202	0
1666	215	0
1667	214	0
1668	194	0
1669	172	0
1670	211	0
1671	216	0
1672	235	0
1673	223	0
1674	230	0
1675	186	0
1676	210	0
1677	220	0
1678	215	0
1679	210	0
1680	189	0
1681	189	0
1682	215	0
1683	215	0
1684	202	0
1685	182	0
1686	208	0
1687	230	0
1688	191	0
1689	191	0
1690	187	0
1691	202	0
1692	215	0
1693	183	0
1694	198	0
1695	201	0
1696	205	0
1697	202	0
1698	213	0
1699	175	0
1700	200	0
1701	231	0
1702	211	0
1703	187	0
1704	204	0
1705	175	0
1706	199	0
1707	210	0
1708	202	0
1709	182	0
1710	220	0
1711	205	0
1712	203	0
1713	210	0
1714	187	0
1715	183	0
1716	191	0
1717	193	0
1718	212	0
1719	173	0
1720	187	0
1721	185	0
1722	218	0
1723	209	0
1724	184	0
1725	186	0
1726	192	0
1727	202	0
1728	197	0
1729	200	0
1730	182	0
1731	194	0
1732	177	0
1733	183	0
1734	204	0
1735	212	0
1736	196	0
1737	206	0
1738	197	0
1739	205	0
1740	212	0
1741	204	0
1742	211	0
1743	202	0
1744	216	0
1745	193	0
1746	209	0
1747	206	0
1748	197	0
1749	197	0
1750	199	0
1751	188	0
1752	199	0
1753	208	0
1754	216	0
1755	249	0
1756	214	0
1757	206	0
1758	197	0
1759	193	0
1760	205	0
1761	165	0
1762	182	0
1763	231	0
1764	212	0
1765	207	0
1766	205	0
1767	213	0
1768	193	0
1769	200	0
1770	212	0
1771	196	0
1772	188	0
1773	203	0
1774	187	0
1775	192	0
1776	199	0
1777	175	0
1778	190	0
1779	171	0
1780	220	0
1781	186	0
1782	185	0
1783	215	0
1784	190	0
1785	220	0
1786	181	0
1787	210	0
1788	196	0
1789	215	0
1790	182	0
1791	181	0
1792	225	0
1793	173	0
1794	201	0
1795	201	0
1796	176	0
1797	212	0
1798	189	0
1799	209	0
1800	213	0
1801	187	0
1802	223	0
1803	186	0
1804	196	0
1805	198	0
1806	201	0
1807	198	0
1808	204	0
1809	221	0
1810	180	0
1811	173	0
1812	203	0
1813	194	0
1814	188	0
1815	222	0
1816	193	0
1817	186	0
1818	194	0
1819	200	0
1820	172	0
1821	185	0
1822	184	0
1823	184	0
1824	188	0
1825	204	0
1826	199	0
1827	209	0
1828	208	0
1829	211	0
1830	215	0
1831	218	0
1832	196	0
1833	196	0
1834	201	0
1835	185	0
1836	200	0
1837	196	0
1838	188	0
1839	217	0
1840	192	0
1841	183	0
1842	211	0
1843	214	0
1844	218	0
1845	208	0
1846	190	0
1847	232	0
1848	182	0
1849	199	0
1850	190	0
1851	196	0
1852	185	0
1853	199	0
1854	196	0
1855	185	0
1856	174	0
1857	205	0
1858	176	0
1859	177	0
1860	198	0
1861	183	0
1862	223	0
1863	219	0
1864	182	0
1865	196	0
1866	193	0
1867	197	0
1868	187	0
1869	201	0
1870	213	0
1871	178	0
1872	194	0
1873	194	0
1874	220	0
1875	191	0
1876	202	0
1877	198	0
1878	204	0
1879	205	0
1880	192	0
1881	224	0
1882	191	0
1883	214	0
1884	186	0
1885	175	0
1886	192	0
1887	185	0
1888	224	0
1889	204	0
1890	189	0
1891	184	0
1892	194	0
1893	198	0
1894	191	0
1895	209	0
1896	199	0
1897	194	0
1898	187	0
1899	183	0
1900	206	0
1901	238	0
1902	229	0
1903	199	0
1904	208	0
1905	193	0
1906	187	0
1907	185	0
1908	184	0
1909	194	0
1910	193	0
1911	181	0
1912	181	0
1913	214	0
1914	190	0
1915	190	0
1916	204	0
1917	181	0
1918	203	0
1919	197	0
1920	173	0
1921	189	0
1922	189	0
1923	208	0
1924	205	0
1925	212	0
1926	191	0
1927	215	0
1928	193	0
1929	196	0
1930	186	0
1931	198	0
1932	177	0
1933	212	0
1934	223	0
1935	212	0
1936	200	0
1937	199	0
1938	181	0
1939	192	0
1940	172	0
1941	176	0
1942	186	0
1943	180	0
1944	202	0
1945	202	0
1946	176	0
1947	216	0
1948	202	0
1949	213	0
1950	187	0
1951	191	0
1952	191	0
1953	185	0
1954	189	0
1955	192	0
1956	201	0
1957	214	0
1958	201	0
1959	197	0
1960	225	0
1961	173	0
1962	211	0
1963	189	0
1964	196	0
1965	175	0
1966	175	0
1967	190	0
1968	236	0
1969	212	0
1970	201	0
1971	183	0
1972	181	0
1973	206	0
1974	214	0
1975	191	0
1976	210	0
1977	176	0
1978	204	0
1979	219	0
1980	186	0
1981	198	0
1982	205	0
1983	214	0
1984	185	0
1985	190	0
1986	193	0
1987	193	0
1988	207	0
1989	204	0
1990	183	0
1991	197	0
1992	202	0
1993	209	0
1994	203	0
1995	203	0
1996	207	0
1997	214	0
1998	223	0
1999	202	0
2000	218	0
2001	201	0
2002	204	0
2003	181	0
2004	213	0
2005	216	0
2006	211	0
2007	223	0
2008	195	0
2009	185	0
2010	212	0
2011	197	0
2012	192	0
2013	202	0
2014	182	0
2015	200	0
2016	186	0
2017	232	0
2018	193	0
2019	172	0
2020	193	0
2021	179	0
2022	159	0
2023	188	0
2024	215	0
2025	204	0
2026	202	0
2027	177	0
2028	198	0
2029	208	0
2030	213	0
2031	217	0
2032	237	0
2033	219	0
2034	215	0
2035	202	0
2036	199	0
2037	190	0
2038	218	0
2039	216	0
2040	190	0
2041	178	0
2042	210	0
2043	200	0
2044	200	0
2045	181	0
2046	193	0
2047	188	0
2048	216	0
2049	202	0
2050	180	0
2051	190	0
2052	186	0
2053	219	0
2054	218	0
2055	196	0
2056	192	0
2057	176	0
2058	200	0
2059	222	0
2060	199	0
2061	203	0
2062	208	0
2063	209	0
2064	200	0
2065	229	0
2066	205	0
2067	177	0
2068	208	0
2069	201	0
2070	203	0
2071	214	0
2072	217	0
2073	194	0
2074	195	0
2075	212	0
2076	214	0
2077	187	0
2078	214	0
2079	198	0
2080	192	0
2081	221	0
2082	211	0
2083	205	0
2084	212	0
2085	196	0
2086	195	0
2087	202	0
2088	213	0
2089	196	0
2090	199	0
2091	232	0
2092	214	0
2093	198	0
2094	180	0
2095	202	0
2096	211	0
2097	182	0
2098	213	0
2099	173	0
2100	215	0
2101	196	0
2102	199	0
2103	197	0
2104	181	0
2105	198	0
2106	219	0
2107	196	0
2108	202	0
2109	165	0
2110	190	0
2111	197	0
2112	200	0
2113	197	0
2114	164	0
2115	216	0
2116	219	0
2117	187	0
2118	190	0
2119	193	0
2120	214	0
2121	197	0
2122	186	0
2123	182	0
2124	217	0
2125	205	0
2126	211	0
2127	216	0
2128	219	0
2129	223	0
2130	198	0
2131	197	0
2132	188	0
2133	179	0
2134	186	0
2135	175	0
2136	192	0
2137	188	0
2138	208	0
2139	206	0
2140	204	0
2141	217	0
2142	199	0
2143	191	0
2144	186	0
2145	211	0
2146	211	0
2147	206	0
2148	180	0
2149	214	0
2150	196	0
2151	198	0
2152	218	0
2153	203	0
2154	220	0
2155	194	0
2156	195	0
2157	226	0
2158	207	0
2159	193	0
2160	185	0
2161	183	0
2162	207	0
2163	188	0
2164	186	0
2165	198	0
2166	202	0
2167	226	0
2168	202	0
2169	219	0
2170	188	0
2171	235	0
2172	182	0
2173	199	0
2174	197	0
2175	218	0
2176	220	0
2177	217	0
2178	211	0
2179	218	0
2180	209	0
2181	217	0
2182	196	0
2183	184	0
2184	222	0
2185	209	0
2186	204	0
2187	209	0
2188	216	0
2189	209	0
2190	199	0
2191	222	0
2192	192	0
2193	204	0
2194	219	0
2195	192	0
2196	206	0
2197	204	0
2198	187	0
2199	172	0
2200	202	0
2201	204	0
2202	184	0
2203	224	0
2204	206	0
2205	217	0
2206	192	0
2207	213	0
2208	196	0
2209	207	0
2210	200	0
2211	167	0
2212	181	0
2213	218	0
2214	203	0
2215	201	0
2216	228	0
2217	200	0
2218	208	0
2219	194	0
2220	202	0
2221	206	0
2222	202	0
2223	200	0
2224	199	0
2225	195	0
2226	195	0
2227	208	0
2228	223	0
2229	201	0
2230	194	0
2231	186	0
2232	199	0
2233	181	0
2234	202	0
2235	226	0
2236	186	0
2237	187	0
2238	206	0
2239	196	0
2240	198	0
2241	202	0
2242	221	0
2243	181	0
2244	164	0
2245	200	0
2246	185	0
2247	207	0
2248	224	0
2249	201	0
2250	191	0
2251	198	0
2252	209	0
2253	204	0
2254	204	0
2255	200	0
2256	179	0
2257	208	0
2258	203	0
2259	200	0
2260	188	0
2261	201	0
2262	213	0
2263	196	0
2264	188	0
2265	185	0
2266	178	0
2267	210	0
2268	204	0
2269	203	0
2270	217	0
2271	210	0
2272	194	0
2273	222	0
2274	193	0
2275	189	0
2276	202	0
2277	206	0
2278	208	0
2279	189	0
2280	192	0
2281	173	0
2282	174	0
2283	191	0
2284	202	0
2285	212	0
2286	210	0
2287	204	0
2288	196	0
2289	191	0
2290	195	0
2291	199	0
2292	202	0
2293	184	0
2294	190	0
2295	198	0
2296	197	0
2297	194	0
2298	186	0
2299	177	0
2300	203	0
2301	201	0
2302	201	0
2303	198	0
2304	193	0
2305	195	0
2306	193	0
2307	237	0
2308	185	0
2309	187	0
2310	187	0
2311	205	0
2312	194	0
2313	190	0
2314	200	0
2315	195	0
2316	209	0
2317	200	0
2318	197	0
2319	181	0
2320	204	0
2321	216	0
2322	222	0
2323	212	0
2324	192	0
2325	230	0
2326	183	0
2327	185	0
2328	206	0
2329	188	0
2330	196	0
2331	205	0
2332	190	0
2333	193	0
2334	214	0
2335	218	0
2336	190	0
2337	185	0
2338	221	0
2339	183	0
2340	182	0
2341	210	0
2342	187	0
2343	147	0
2344	200	0
2345	195	0
2346	197	0
2347	198	0
2348	212	0
2349	191	0
2350	187	0
2351	183	0
2352	202	0
2353	208	0
2354	212	0
2355	189	0
2356	179	0
2357	190	0
2358	218	0
2359	226	0
2360	198	0
2361	196	0
2362	196	0
2363	195	0
2364	177	0
2365	195	0
2366	183	0
2367	205	0
2368	211	0
2369	176	0
2370	194	0
2371	231	0
2372	197	0
2373	205	0
2374	209	0
2375	215	0
2376	209	0
2377	210	0
2378	214	0
2379	212	0
2380	206	0
2381	193	0
2382	206	0
2383	202	0
2384	207	0
2385	220	0
2386	193	0
2387	197	0
2388	205	0
2389	241	0
2390	210	0
2391	198	0
2392	195	0
2393	211	0
2394	209	0
2395	203	0
2396	197	0
2397	212	0
2398	221	0
2399	228	0
2400	197	0
2401	185	0
2402	198	0
2403	181	0
2404	178	0
2405	185	0
2406	232	0
2407	198	0
2408	196	0
2409	210	0
2410	181	0
2411	184	0
2412	199	0
2413	186	0
2414	181	0
2415	194	0
2416	186	0
2417	230	0
2418	201	0
2419	173	0
2420	196	0
2421	206	0
2422	209	0
2423	188	0
2424	227	0
2425	190	0
2426	202	0
2427	225	0
2428	203	0
2429	205	0
2430	206	0
2431	208	0
2432	191	0
2433	226	0
2434	210	0
2435	198	0
2436	207	0
2437	200	0
2438	222	0
2439	197	0
2440	180	0
2441	191	0
2442	199	0
2443	215	0
2444	217	0
2445	223	0
2446	183	0
2447	195	0
2448	187	0
2449	192	0
2450	220	0
2451	213	0
2452	184	0
2453	193	0
2454	206	0
2455	183	0
2456	224	0
2457	206	0
2458	199	0
2459	200	0
2460	171	0
2461	170	0
2462	206	0
2463	184	0
2464	207	0
2465	190	0
2466	221	0
2467	211	0
2468	217	0
2469	200	0
2470	206	0
2471	203	0
2472	191	0
2473	197	0
2474	182	0
2475	201	0
2476	202	0
2477	206	0
2478	195	0
2479	186	0
2480	208	0
2481	182	0
2482	197	0
2483	213	0
2484	193	0
2485	213	0
2486	190	0
2487	191	0
2488	203	0
2489	184	0
2490	202	0
2491	189	0
2492	202	0
2493	200	0
2494	198	0
2495	215	0
2496	190	0
2497	181	0
2498	212	0
2499	204	0
2500	187	0
2501	198	0
2502	190	0
2503	202	0
2504	195	0
2505	194	0
2506	215	0
2507	187	0
2508	197	0
2509	204	0
2510	174	0
2511	222	0
2512	201	0
2513	198	0
2514	180	0
2515	182	0
2516	188	0
2517	189	0
2518	188	0
2519	198	0
2520	208	0
2521	178	0
2522	192	0
2523	219	0
2524	211	0
2525	202	0
2526	193	0
2527	211	0
2528	189	0
2529	196	0
2530	171	0
2531	191	0
2532	177	0
2533	191	0
2534	210	0
2535	178	0
2536	165	0
2537	192	0
2538	212	0
2539	187	0
2540	204	0
2541	194	0
2542	179	0
2543	178	0
2544	176	0
2545	204	0
2546	167	0
2547	220	0
2548	189	0
2549	182	0
2550	194	0
2551	184	0
2552	186	0
2553	199	0
2554	202	0
2555	190	0
2556	211	0
2557	181	0
2558	175	0
2559	177	0
2560	212	0
2561	183	0
2562	218	0
2563	205	0
2564	193	0
2565	196	0
2566	203	0
2567	198	0
2568	195	0
2569	220	0
2570	211	0
2571	199	0
2572	199	0
2573	209	0
2574	195	0
2575	209	0
2576	201	0
2577	230	0
2578	207	0
2579	211	0
2580	185	0
2581	189	0
2582	227	0
2583	188	0
2584	192	0
2585	198	0
2586	183	0
2587	196	0
2588	220	0
2589	216	0
2590	202	0
2591	205	0
2592	222	0
2593	210	0
2594	203	0
2595	209	0
2596	188	0
2597	203	0
2598	194	0
2599	222	0
2600	216	0
2601	211	0
2602	201	0
2603	176	0
2604	211	0
2605	169	0
2606	215	0
2607	197	0
2608	194	0
2609	197	0
2610	180	0
2611	189	0
2612	172	0
2613	185	0
2614	178	0
2615	194	0
2616	215	0
2617	204	0
2618	205	0
2619	184	0
2620	200	0
2621	211	0
2622	200	0
2623	205	0
2624	197	0
2625	229	0
2626	199	0
2627	221	0
2628	185	0
2629	187	0
2630	200	0
2631	210	0
2632	231	0
2633	194	0
2634	200	0
2635	195	0
2636	207	0
2637	198	0
2638	203	0
2639	211	0
2640	178	0
2641	200	0
2642	166	0
2643	188	0
2644	210	0
2645	198	0
2646	183	0
2647	214	0
2648	209	0
2649	198	0
2650	184	0
2651	198	0
2652	183	0
2653	198	0
2654	176	0
2655	181	0
2656	199	0
2657	205	0
2658	224	0
2659	198	0
2660	199	0
2661	185	0
2662	184	0
2663	177	0
2664	215	0
2665	202	0
2666	182	0
2667	223	0
2668	165	0
2669	193	0
2670	220	0
2671	206	0
2672	212	0
2673	169	0
2674	191	0
2675	206	0
2676	182	0
2677	202	0
2678	177	0
2679	190	0
2680	206	0
2681	182	0
2682	175	0
2683	193	0
2684	195	0
2685	200	0
2686	191	0
2687	217	0
2688	199	0
2689	193	0
2690	191	0
2691	190	0
2692	202	0
2693	182	0
2694	188	0
2695	198	0
2696	186	0
2697	165	0
2698	204	0
2699	193	0
2700	191	0
2701	210	0
2702	191	0
2703	197	0
2704	182	0
2705	185	0
2706	207	0
2707	191	0
2708	222	0
2709	212	0
2710	194	0
2711	203	0
2712	178	0
2713	218	0
2714	187	0
2715	217	0
2716	205	0
2717	211	0
2718	207	0
2719	194	0
2720	220	0
2721	210	0
2722	214	0
2723	218	0
2724	220	0
2725	187	0
2726	188	0
2727	188	0
2728	204	0
2729	191	0
2730	209	0
2731	211	0
2732	175	0
2733	179	0
2734	196	0
2735	197	0
2736	197	0
2737	182	0
2738	195	0
2739	218	0
2740	210	0
2741	187	0
2742	192	0
2743	173	0
2744	198	0
2745	235	0
2746	201	0
2747	200	0
2748	204	0
2749	194	0
2750	181	0
2751	200	0
2752	174	0
2753	222	0
2754	192	0
2755	179	0
2756	182	0
2757	211	0
2758	210	0
2759	173	0
2760	178	0
2761	202	0
2762	219	0
2763	182	0
2764	224	0
2765	195	0
2766	203	0
2767	188	0
2768	168	0
2769	214	0
2770	180	0
2771	162	0
2772	217	0
2773	202	0
2774	212	0
2775	196	0
2776	198	0
2777	182	0
2778	191	0
2779	187	0
2780	235	0
2781	191	0
2782	214	0
2783	238	0
2784	211	0
2785	227	0
2786	218	0
2787	189	0
2788	196	0
2789	210	0
2790	201	0
2791	187	0
2792	211	0
2793	203	0
2794	188	0
2795	203	0
2796	184	0
2797	198	0
2798	202	0
2799	213	0
2800	197	0
2801	197	0
2802	211	0
2803	194	0
2804	204	0
2805	207	0
2806	186	0
2807	201	0
2808	202	0
2809	187	0
2810	199	0
2811	190	0
2812	204	0
2813	192	0
2814	204	0
2815	208	0
2816	196	0
2817	205	0
2818	198	0
2819	216	0
2820	204	0
2821	218	0
2822	202	0
2823	177	0
2824	227	0
2825	223	0
2826	196	0
2827	182	0
2828	198	0
2829	210	0
2830	200	0
2831	195	0
2832	202	0
2833	219	0
2834	203	0
2835	208	0
2836	191	0
2837	197	0
2838	228	0
2839	198	0
2840	207	0
2841	227	0
2842	194	0
2843	192	0
2844	233	0
2845	196	0
2846	203	0
2847	198	0
2848	201	0
2849	184	0
2850	182	0
2851	178	0
2852	184	0
2853	198	0
2854	201	0
2855	232	0
2856	190	0
2857	212	0
2858	222	0
2859	229	0
2860	168	0
2861	183	0
2862	194	0
2863	204	0
2864	215	0
2865	221	0
2866	196	0
2867	236	0
2868	200	0
2869	156	0
2870	182	0
2871	165	0
2872	209	0
2873	180	0
2874	182	0
2875	204	0
2876	200	0
2877	186	0
2878	193	0
2879	205	0
2880	214	0
2881	208	0
2882	179	0
2883	200	0
2884	185	0
2885	188	0
2886	197	0
2887	216	0
2888	203	0
2889	195	0
2890	203	0
2891	213	0
2892	197	0
2893	189	0
2894	206	0
2895	197	0
2896	197	0
2897	217	0
2898	191	0
2899	223	0
2900	210	0
2901	166	0
2902	184	0
2903	224	0
2904	204	0
2905	218	0
2906	218	0
2907	167	0
2908	187	0
2909	204	0
2910	211	0
2911	206	0
2912	181	0
2913	226	0
2914	185	0
2915	208	0
2916	194	0
2917	201	0
2918	220	0
2919	179	0
2920	210	0
2921	193	0
2922	211	0
2923	200	0
2924	185	0
2925	183	0
2926	197	0
2927	220	0
2928	187	0
2929	204	0
2930	197	0
2931	209	0
2932	188	0
2933	178	0
2934	203	0
2935	198	0
2936	204	0
2937	192	0
2938	207	0
2939	174	0
2940	194	0
2941	195	0
2942	196	0
2943	183	0
2944	178	0
2945	194	0
2946	170	0
2947	183	0
2948	188	0
2949	202	0
2950	222	0
2951	194	0
2952	208	0
2953	181	0
2954	203	0
2955	228	0
2956	195	0
2957	211	0
2958	208	0
2959	186	0
2960	198	0
2961	212	0
2962	220	0
2963	192	0
2964	200	0
2965	202	0
2966	190	0
2967	207	0
2968	225	0
2969	186	0
2970	181	0
2971	206	0
2972	187	0
2973	185	0
2974	171	0
2975	200	0
2976	206	0
2977	190	0
2978	215	0
2979	186	0
2980	204	0
2981	214	0
2982	191	0
2983	213	0
2984	195	0
2985	190	0
2986	214	0
2987	194	0
2988	197	0
2989	213	0
2990	196	0
2991	218	0
2992	206	0
2993	200	0
2994	191	0
2995	215	0
2996	176	0
2997	197	0
2998	194	0
2999	191	0
3000	187	0
