1	204	0
2	216	0
3	190	0
4	195	0
5	180	0
6	179	0
7	190	0
8	235	0
9	208	0
10	193	0
11	187	0
12	196	0
13	230	0
14	188	0
15	190	0
16	212	0
17	189	0
18	198	0
19	202	0
20	197	0
21	196	0
22	185	0
23	198	0
24	195	0
25	192	0
26	185	0
27	186	0
28	195	0
29	199	0
30	179	0
31	188	0
32	219	0
33	162	0
34	186	0
35	221	0
36	221	0
37	177	0
38	215	0
39	189	0
40	225	0
41	201	0
42	209	0
43	188	0
44	170	0
45	194	0
46	216	0
47	184	0
48	190	0
49	200	0
50	189	0
51	205	0
52	201	0
53	200	0
54	193	0
55	186	0
56	176	0
57	188	0
58	182	0
59	192	0
60	204	0
61	195	0
62	200	0
63	183	0
64	171	0
65	227	0
66	232	0
67	192	0
68	202	0
69	177	0
70	204	0
71	166	0
72	219	0
73	191	0
74	202	0
75	208	0
76	160	0
77	213	0
78	212	0
79	204	0
80	170	0
81	212	0
82	205	0
83	182	0
84	183	0
85	196	0
86	183	0
87	190	0
88	189	0
89	191	0
90	190	0
91	195	0
92	185	0
93	215	0
94	210	0
95	213	0
96	188	0
97	215	0
98	175	0
99	215	0
100	187	0
101	202	0
102	182	0
103	211	0
104	195	0
105	192	0
106	209	0
107	162	0
108	223	0
109	179	0
110	173	0
111	217	0
112	184	0
113	217	0
114	190	0
115	181	0
116	184	0
117	179	0
118	187	0
119	208	0
120	197	0
121	211	0
122	186	0
123	237	0
124	165	0
125	189	0
126	211	0
127	208	0
128	191	0
129	199	0
130	186	0
131	192	0
132	178	0
133	171	0
134	188	0
135	186	0
136	198	0
137	194	0
138	208	0
139	206	0
140	187	0
141	191	0
142	196	0
143	178	0
144	223	0
145	212	0
146	181	0
147	204	0
148	178	0
149	185	0
150	212	0
151	197	0
152	191	0
153	199	0
154	196	0
155	189	0
156	186	0
157	183	0
158	197	0
159	203	0
160	216	0
161	187	0
162	206	0
163	203	0
164	198	0
165	195	0
166	180	0
167	203	0
168	195	0
169	185	0
170	182	0
171	181	0
172	177	0
173	203	0
174	180	0
175	174	0
176	223	0
177	199	0
178	200	0
179	182	0
180	207	0
181	205	0
182	198	0
183	201	0
184	200	0
185	190	0
186	179	0
187	183	0
188	204	0
189	203	0
190	175	0
191	204	0
192	175	0
193	204	0
194	207	0
195	219	0
196	204	0
197	195	0
198	172	0
199	188	0
200	206	0
201	220	0
202	216	0
203	200	0
204	219	0
205	186	0
206	210	0
207	204	0
208	196	0
209	208	0
210	212	0
211	194	0
212	202	0
213	201	0
214	200	0
215	211	0
216	196	0
217	218	0
218	194	0
219	232	0
220	177	0
221	221	0
222	218	0
223	183	0
224	169	0
225	214	0
226	183	0
227	224	0
228	200	0
229	190	0
230	184	0
231	178	0
232	218	0
233	198	0
234	202	0
235	197	0
236	209	0
237	201	0
238	195	0
239	188	0
240	183	0
241	202	0
242	184	0
243	193	0
244	241	0
245	202	0
246	195	0
247	209	0
248	200	0
249	183	0
250	235	0
251	186	0
252	206	0
253	214	0
254	200	0
255	213	0
256	172	0
257	213	0
258	196	0
259	195	0
260	214	0
261	199	0
262	185	0
263	200	0
264	209	0
265	172	0
266	154	0
267	208	0
268	190	0
269	204	0
270	182	0
271	161	0
272	206	0
273	175	0
274	176	0
275	191	0
276	186	0
277	213	0
278	190	0
279	201	0
280	218	0
281	183	0
282	195	0
283	205	0
284	219	0
285	211	0
286	188	0
287	207	0
288	220	0
289	201	0
290	209	0
291	218	0
292	218	0
293	224	0
294	197	0
295	191	0
296	175	0
297	220	0
298	184	0
299	199	0
300	176	0
301	190	0
302	200	0
303	188	0
304	214	0
305	176	0
306	173	0
307	182	0
308	197	0
309	186	0
310	194	0
311	212	0
312	198	0
313	174	0
314	195	0
315	177	0
316	194	0
317	196	0
318	176	0
319	200	0
320	222	0
321	204	0
322	172	0
323	223	0
324	189	0
325	213	0
326	190	0
327	211	0
328	196	0
329	192	0
330	198	0
331	200	0
332	200	0
333	202	0
334	207	0
335	218	0
336	189	0
337	202	0
338	191	0
339	196	0
340	193	0
341	208	0
342	190	0
343	191	0
344	205	0
345	205	0
346	200	0
347	187	0
348	194	0
349	202	0
350	202	0
351	207	0
352	221	0
353	189	0
354	212	0
355	176	0
356	170	0
357	239	0
358	199	0
359	187	0
360	193	0
361	195	0
362	179	0
363	196	0
364	202	0
365	188	0
366	189	0
367	175	0
368	179	0
369	199	0
370	176	0
371	206	0
372	176	0
373	208	0
374	184	0
375	200	0
376	201	0
377	183	0
378	192	0
379	187	0
380	206	0
381	199	0
382	175	0
383	197	0
384	213	0
385	183	0
386	195	0
387	211	0
388	215	0
389	190	0
390	209	0
391	210	0
392	195	0
393	205	0
394	218	0
395	193	0
396	195	0
397	184	0
398	197	0
399	177	0
400	203	0
401	169	0
402	186	0
403	231	0
404	191	0
405	208	0
406	206	0
407	218	0
408	195	0
409	201	0
410	214	0
411	204	0
412	199	0
413	203	0
414	213	0
415	218	0
416	199	0
417	185	0
418	188	0
419	183	0
420	188	0
421	189	0
422	206	0
423	177	0
424	192	0
425	197	0
426	228	0
427	200	0
428	196	0
429	206	0
430	181	0
431	220	0
432	196	0
433	201	0
434	205	0
435	192	0
436	211	0
437	197	0
438	208	0
439	210	0
440	182	0
441	191	0
442	190	0
443	184	0
444	194	0
445	189	0
446	184	0
447	211	0
448	177	0
449	200	0
450	210	0
451	206	0
452	210	0
453	178	0
454	200	0
455	192	0
456	198	0
457	185	0
458	196	0
459	222	0
460	187	0
461	201	0
462	188	0
463	199	0
464	198	0
465	173	0
466	185	0
467	206	0
468	184	0
469	211	0
470	187	0
471	205	0
472	206	0
473	184	0
474	177	0
475	189	0
476	203	0
477	192	0
478	209	0
479	226	0
480	198	0
481	220	0
482	181	0
483	221	0
484	199	0
485	183	0
486	178	0
487	168	0
488	183	0
489	196	0
490	197	0
491	172	0
492	171	0
493	218	0
494	212	0
495	213	0
496	208	0
497	219	0
498	185	0
499	167	0
500	214	0
501	190	0
502	233	0
503	179	0
504	193	0
505	208	0
506	197	0
507	198	0
508	185	0
509	230	0
510	200	0
511	222	0
512	197	0
513	205	0
514	209	0
515	199	0
516	183	0
517	195	0
518	182	0
519	167	0
520	197	0
521	162	0
522	217	0
523	199	0
524	180	0
525	205	0
526	201	0
527	199	0
528	232	0
529	202	0
530	188	0
531	188	0
532	177	0
533	218	0
534	171	0
535	213	0
536	192	0
537	186	0
538	184	0
539	218	0
540	199	0
541	177	0
542	219	0
543	195	0
544	189	0
545	203	0
546	187	0
547	187	0
548	225	0
549	198	0
550	203	0
551	202	0
552	199	0
553	187	0
554	186	0
555	176	0
556	203	0
557	200	0
558	197	0
559	199	0
560	199	0
561	187	0
562	200	0
563	216	0
564	196	0
565	196	0
566	176	0
567	225	0
568	193	0
569	202	0
570	190	0
571	189	0
572	215	0
573	228	0
574	211	0
575	198	0
576	179	0
577	201	0
578	188	0
579	181	0
580	186	0
581	205	0
582	199	0
583	191	0
584	196	0
585	193	0
586	224	0
587	205	0
588	199	0
589	215	0
590	190	0
591	211	0
592	194	0
593	221	0
594	194	0
595	187	0
596	188	0
597	201	0
598	196	0
599	209	0
600	194	0
601	204	0
602	204	0
603	164	0
604	197	0
605	187	0
606	206	0
607	199	0
608	211	0
609	172	0
610	210	0
611	199	0
612	195	0
613	199	0
614	188	0
615	215	0
616	198	0
617	190	0
618	199	0
619	209	0
620	185	0
621	206	0
622	198	0
623	213	0
624	221	0
625	229	0
626	194	0
627	199	0
628	181	0
629	178	0
630	180	0
631	193	0
632	193	0
633	184	0
634	205	0
635	202	0
636	211	0
637	211	0
638	218	0
639	181	0
640	184	0
641	201	0
642	212	0
643	212	0
644	166	0
645	198	0
646	200	0
647	189	0
648	199	0
649	191	0
650	188	0
651	198	0
652	198	0
653	198	0
654	189	0
655	208	0
656	211	0
657	202	0
658	174	0
659	173	0
660	207	0
661	185	0
662	186	0
663	195	0
664	195	0
665	198	0
666	178	0
667	201	0
668	200	0
669	175	0
670	196	0
671	236	0
672	211	0
673	185	0
674	218	0
675	176	0
676	201	0
677	197	0
678	215	0
679	205	0
680	214	0
681	170	0
682	214	0
683	196	0
684	168	0
685	200	0
686	196	0
687	196	0
688	198	0
689	187	0
690	188	0
691	209	0
692	205	0
693	183	0
694	188	0
695	189	0
696	199	0
697	195	0
698	191	0
699	218	0
700	187	0
701	198	0
702	171	0
703	179	0
704	193	0
705	216	0
706	195	0
707	194	0
708	198	0
709	198	0
710	193	0
711	224	0
712	208	0
713	200	0
714	172	0
715	190	0
716	143	0
717	193	0
718	202	0
719	195	0
720	207	0
721	211	0
722	189	0
723	164	0
724	203	0
725	213	0
726	201	0
727	192	0
728	194	0
729	180	0
730	193	0
731	193	0
732	190	0
733	180	0
734	176	0
735	175	0
736	185	0
737	203	0
738	210	0
739	201	0
740	207	0
741	194	0
742	204	0
743	193	0
744	186	0
745	191	0
746	188	0
747	187	0
748	205	0
749	205	0
750	198	0
751	193	0
752	211	0
753	185	0
754	182	0
755	172	0
756	189	0
757	196	0
758	196	0
759	190	0
760	189	0
761	174	0
762	183	0
763	167	0
764	212	0
765	211	0
766	211	0
767	171	0
768	191	0
769	196	0
770	184	0
771	186	0
772	192	0
773	203	0
774	179	0
775	181	0
776	201	0
777	205	0
778	192	0
779	201	0
780	207	0
781	194	0
782	153	0
783	230	0
784	216	0
785	173	0
786	195	0
787	199	0
788	185	0
789	207	0
790	200	0
791	205	0
792	193	0
793	167	0
794	190	0
795	214	0
796	171	0
797	195	0
798	185	0
799	200	0
800	200	0
801	197	0
802	192	0
803	204	0
804	199	0
805	213	0
806	192	0
807	192	0
808	220	0
809	196	0
810	188	0
811	225	0
812	217	0
813	196	0
814	185	0
815	211	0
816	195	0
817	182	0
818	198	0
819	192	0
820	194	0
821	186	0
822	216	0
823	183	0
824	194	0
825	209	0
826	187	0
827	197	0
828	224	0
829	225	0
830	205	0
831	225	0
832	191	0
833	184	0
834	227	0
835	205	0
836	191	0
837	209	0
838	186	0
839	191	0
840	196	0
841	196	0
842	185	0
843	202	0
844	224	0
845	197	0
846	217	0
847	183	0
848	196	0
849	156	0
850	185	0
851	205	0
852	188	0
853	209	0
854	203	0
855	210	0
856	202	0
857	205	0
858	215	0
859	190	0
860	230	0
861	213	0
862	197	0
863	201	0
864	189	0
865	191	0
866	210	0
867	169	0
868	180	0
869	182	0
870	160	0
871	198	0
872	187	0
873	224	0
874	196	0
875	210	0
876	229	0
877	188	0
878	189	0
879	183	0
880	195	0
881	186	0
882	214	0
883	203	0
884	203	0
885	186	0
886	208	0
887	211	0
888	212	0
889	199	0
890	185	0
891	188	0
892	187	0
893	193	0
894	203	0
895	203	0
896	209	0
897	192	0
898	188	0
899	179	0
900	192	0
901	201	0
902	203	0
903	193	0
904	178	0
905	198	0
906	166	0
907	212	0
908	235	0
909	205	0
910	195	0
911	189	0
912	199	0
913	188	0
914	214	0
915	183	0
916	216	0
917	213	0
918	198	0
919	190	0
920	200	0
921	184	0
922	207	0
923	183	0
924	208	0
925	196	0
926	195	0
927	186	0
928	198	0
929	191	0
930	202	0
931	206	0
932	188	0
933	204	0
934	183	0
935	209	0
936	194	0
937	200	0
938	210	0
939	194	0
940	186	0
941	188	0
942	181	0
943	215	0
944	200	0
945	198	0
946	194	0
947	180	0
948	188	0
949	184	0
950	181	0
951	227	0
952	186	0
953	195	0
954	209	0
955	176	0
956	168	0
957	178	0
958	221	0
959	199	0
960	201	0
961	207	0
962	187	0
963	180	0
964	181	0
965	190	0
966	185	0
967	207	0
968	200	0
969	206	0
970	199	0
971	202	0
972	194	0
973	223	0
974	187	0
975	196	0
976	212	0
977	193	0
978	212	0
979	182	0
980	199	0
981	208	0
982	206	0
983	192	0
984	198	0
985	198	0
986	175	0
987	171	0
988	196	0
989	197	0
990	168	0
991	206	0
992	184	0
993	203	0
994	188	0
995	211	0
996	208	0
997	193	0
998	210	0
999	192	0
1000	204	0
1001	223	0
1002	203	0
1003	203	0
1004	191	0
1005	181	0
1006	195	0
1007	193	0
1008	206	0
1009	212	0
1010	223	0
1011	216	0
1012	167	0
1013	194	0
1014	200	0
1015	197	0
1016	209	0
1017	235	0
1018	184	0
1019	192	0
1020	191	0
1021	195	0
1022	201	0
1023	191	0
1024	186	0
1025	208	0
1026	211	0
1027	207	0
1028	219	0
1029	217	0
1030	212	0
1031	228	0
1032	194	0
1033	212	0
1034	201	0
1035	188	0
1036	193	0
1037	190	0
1038	196	0
1039	187	0
1040	198	0
1041	192	0
1042	186	0
1043	194	0
1044	216	0
1045	166	0
1046	191	0
1047	190	0
1048	191	0
1049	185	0
1050	188	0
1051	220	0
1052	214	0
1053	201	0
1054	198	0
1055	180	0
1056	184	0
1057	204	0
1058	213	0
1059	197	0
1060	179	0
1061	184	0
1062	199	0
1063	190	0
1064	197	0
1065	208	0
1066	205	0
1067	192	0
1068	216	0
1069	184	0
1070	191	0
1071	204	0
1072	192	0
1073	205	0
1074	186	0
1075	206	0
1076	199	0
1077	191	0
1078	197	0
1079	182	0
1080	203	0
1081	203	0
1082	200	0
1083	206	0
1084	190	0
1085	232	0
1086	213	0
1087	183	0
1088	195	0
1089	173	0
1090	205	0
1091	188	0
1092	209	0
1093	180	0
1094	221	0
1095	208	0
1096	232	0
1097	183	0
1098	175	0
1099	209	0
1100	220	0
1101	197	0
1102	178	0
1103	200	0
1104	194	0
1105	209	0
1106	205	0
1107	214	0
1108	185	0
1109	177	0
1110	214	0
1111	198	0
1112	174	0
1113	171	0
1114	194	0
1115	183	0
1116	184	0
1117	199	0
1118	194	0
1119	225	0
1120	193	0
1121	190	0
1122	203	0
1123	198	0
1124	215	0
1125	182	0
1126	205	0
1127	167	0
1128	197	0
1129	195	0
1130	177	0
1131	220	0
1132	212	0
1133	200	0
1134	179	0
1135	201	0
1136	181	0
1137	190	0
1138	188	0
1139	204	0
1140	197	0
1141	205	0
1142	224	0
1143	188	0
1144	198	0
1145	210	0
1146	231	0
1147	191	0
1148	185	0
1149	188	0
1150	187	0
1151	216	0
1152	198	0
1153	210	0
1154	184	0
1155	201	0
1156	197	0
1157	217	0
1158	217	0
1159	213	0
1160	207	0
1161	186	0
1162	183	0
1163	190	0
1164	195	0
1165	187	0
1166	213	0
1167	202	0
1168	193	0
1169	198	0
1170	206	0
1171	206	0
1172	179	0
1173	198	0
1174	182	0
1175	197	0
1176	195	0
1177	201	0
1178	201	0
1179	200	0
1180	195	0
1181	200	0
1182	172	0
1183	202	0
1184	178	0
1185	199	0
1186	205	0
1187	226	0
1188	210	0
1189	189	0
1190	198	0
1191	218	0
1192	211	0
1193	212	0
1194	201	0
1195	205	0
1196	181	0
1197	210	0
1198	187	0
1199	213	0
1200	182	0
1201	193	0
1202	192	0
1203	179	0
1204	187	0
1205	194	0
1206	209	0
1207	225	0
1208	208	0
1209	174	0
1210	197	0
1211	188	0
1212	193	0
1213	185	0
1214	170	0
1215	183	0
1216	188	0
1217	217	0
1218	205	0
1219	192	0
1220	178	0
1221	199	0
1222	175	0
1223	211	0
1224	200	0
1225	186	0
1226	183	0
1227	203	0
1228	192	0
1229	182	0
1230	179	0
1231	220	0
1232	183	0
1233	194	0
1234	189	0
1235	228	0
1236	174	0
1237	194	0
1238	203	0
1239	188	0
1240	172	0
1241	205	0
1242	205	0
1243	222	0
1244	190	0
1245	193	0
1246	194	0
1247	178	0
1248	181	0
1249	197	0
1250	181	0
1251	191	0
1252	214	0
1253	188	0
1254	218	0
1255	187	0
1256	203	0
1257	202	0
1258	181	0
1259	208	0
1260	204	0
1261	191	0
1262	170	0
1263	202	0
1264	203	0
1265	218	0
1266	196	0
1267	216	0
1268	193	0
1269	205	0
1270	217	0
1271	202	0
1272	197	0
1273	217	0
1274	183	0
1275	192	0
1276	190	0
1277	195	0
1278	185	0
1279	174	0
1280	205	0
1281	184	0
1282	221	0
1283	173	0
1284	189	0
1285	207	0
1286	173	0
1287	175	0
1288	203	0
1289	204	0
1290	194	0
1291	195	0
1292	199	0
1293	209	0
1294	171	0
1295	193	0
1296	208	0
1297	186	0
1298	189	0
1299	171	0
1300	204	0
1301	186	0
1302	205	0
1303	181	0
1304	231	0
1305	210	0
1306	198	0
1307	176	0
1308	204	0
1309	201	0
1310	185	0
1311	220	0
1312	200	0
1313	178	0
1314	176	0
1315	205	0
1316	164	0
1317	199	0
1318	200	0
1319	192	0
1320	179	0
1321	197	0
1322	202	0
1323	208	0
1324	219	0
1325	195	0
1326	179	0
1327	191	0
1328	172	0
1329	196	0
1330	204	0
1331	178	0
1332	200	0
1333	209	0
1334	194	0
1335	183	0
1336	203	0
1337	181	0
1338	178	0
1339	216	0
1340	190	0
1341	184	0
1342	221	0
1343	202	0
1344	200	0
1345	196	0
1346	186	0
1347	160	0
1348	200	0
1349	187	0
1350	196	0
1351	189	0
1352	203	0
1353	216	0
1354	190	0
1355	202	0
1356	191	0
1357	221	0
1358	183	0
1359	208	0
1360	194	0
1361	213	0
1362	209	0
1363	188	0
1364	197	0
1365	249	0
1366	182	0
1367	200	0
1368	180	0
1369	190	0
1370	183	0
1371	202	0
1372	197	0
1373	199	0
1374	203	0
1375	213	0
1376	150	0
1377	205	0
1378	223	0
1379	205	0
1380	208	0
1381	207	0
1382	196	0
1383	188	0
1384	211	0
1385	213	0
1386	186	0
1387	198	0
1388	206	0
1389	183	0
1390	154	0
1391	179	0
1392	214	0
1393	211	0
1394	210	0
1395	208	0
1396	210	0
1397	211	0
1398	199	0
1399	201	0
1400	219	0
1401	203	0
1402	191	0
1403	187	0
1404	221	0
1405	196	0
1406	183	0
1407	181	0
1408	162	0
1409	197	0
1410	213	0
1411	216	0
1412	174	0
1413	192	0
1414	191	0
1415	181	0
1416	198	0
1417	215	0
1418	191	0
1419	199	0
1420	207	0
1421	210	0
1422	207	0
1423	175	0
1424	195	0
1425	182	0
1426	197	0
1427	193	0
1428	187	0
1429	193	0
1430	203	0
1431	202	0
1432	174	0
1433	205	0
1434	185	0
1435	197	0
1436	177	0
1437	224	0
1438	189	0
1439	208	0
1440	191	0
1441	212	0
1442	190	0
1443	201	0
1444	197	0
1445	181	0
1446	200	0
1447	229	0
1448	190	0
1449	175	0
1450	182	0
1451	196	0
1452	207	0
1453	205	0
1454	188	0
1455	194	0
1456	214	0
1457	215	0
1458	174	0
1459	177	0
1460	203	0
1461	188	0
1462	183	0
1463	184	0
1464	211	0
1465	168	0
1466	196	0
1467	187	0
1468	192	0
1469	173	0
1470	207	0
1471	193	0
1472	202	0
1473	182	0
1474	184	0
1475	206	0
1476	216	0
1477	201	0
1478	213	0
1479	200	0
1480	186	0
1481	208	0
1482	172	0
1483	201	0
1484	215	0
1485	220	0
1486	191	0
1487	192	0
1488	201	0
1489	201	0
1490	216	0
1491	189	0
1492	210	0
1493	183	0
1494	223	0
1495	220	0
1496	190	0
1497	211	0
1498	216	0
1499	209	0
1500	174	0
1501	194	0
1502	211	0
1503	183	0
1504	173	0
1505	226	0
1506	180	0
1507	188	0
1508	167	0
1509	217	0
1510	167	0
1511	196	0
1512	192	0
1513	194	0
1514	188	0
1515	219	0
1516	228	0
1517	215	0
1518	194	0
1519	193	0
1520	195	0
1521	200	0
1522	214	0
1523	214	0
1524	203	0
1525	185	0
1526	212	0
1527	209	0
1528	203	0
1529	187	0
1530	198	0
1531	174	0
1532	197	0
1533	191	0
1534	197	0
1535	168	0
1536	169	0
1537	204	0
1538	187	0
1539	190	0
1540	206	0
1541	199	0
1542	187	0
1543	178	0
1544	194	0
1545	195	0
1546	207	0
1547	218	0
1548	194	0
1549	206	0
1550	193	0
1551	195	0
1552	203	0
1553	221	0
1554	201	0
1555	161	0
1556	214	0
1557	194	0
1558	196	0
1559	213	0
1560	205	0
1561	186	0
1562	191	0
1563	206	0
1564	202	0
1565	186	0
1566	189	0
1567	209	0
1568	209	0
1569	197	0
1570	192	0
1571	231	0
1572	192	0
1573	197	0
1574	216	0
1575	197	0
1576	181	0
1577	194	0
1578	186	0
1579	158	0
1580	187	0
1581	193	0
1582	189	0
1583	193	0
1584	216	0
1585	206	0
1586	184	0
1587	193	0
1588	199	0
1589	212	0
1590	195	0
1591	205	0
1592	199	0
1593	192	0
1594	159	0
1595	210	0
1596	177	0
1597	209	0
1598	191	0
1599	197	0
1600	190	0
1601	179	0
1602	208	0
1603	198	0
1604	205	0
1605	210	0
1606	213	0
1607	201	0
1608	181	0
1609	183	0
1610	201	0
1611	190	0
1612	207	0
1613	188	0
1614	207	0
1615	193	0
1616	204	0
1617	189	0
1618	195	0
1619	193	0
1620	222	0
1621	201	0
1622	218	0
1623	185	0
1624	206	0
1625	218	0
1626	209	0
1627	207	0
1628	206	0
1629	177	0
1630	196	0
1631	191	0
1632	201	0
1633	219	0
1634	199	0
1635	202	0
1636	207	0
1637	198	0
1638	195	0
1639	184	0
1640	211	0
1641	178	0
1642	183	0
1643	203	0
1644	197	0
1645	209	0
1646	207	0
1647	202	0
1648	228	0
1649	203	0
1650	180	0
1651	178	0
1652	201	0
1653	188	0
1654	207	0
1655	222	0
1656	213	0
1657	182	0
1658	192	0
1659	172	0
1660	195	0
1661	209	0
1662	190	0
1663	203	0
1664	187	0
1665	200	0
1666	197	0
1667	213	0
1668	193	0
1669	208	0
1670	207	0
1671	184	0
1672	189	0
1673	178	0
1674	187	0
1675	207	0
1676	207	0
1677	216	0
1678	207	0
1679	192	0
1680	206	0
1681	187	0
1682	231	0
1683	192	0
1684	184	0
1685	214	0
1686	196	0
1687	176	0
1688	188	0
1689	194	0
1690	215	0
1691	214	0
1692	203	0
1693	210	0
1694	220	0
1695	190	0
1696	173	0
1697	202	0
1698	195	0
1699	198	0
1700	206	0
1701	191	0
1702	210	0
1703	186	0
1704	200	0
1705	191	0
1706	182	0
1707	212	0
1708	204	0
1709	172	0
1710	205	0
1711	195	0
1712	198	0
1713	171	0
1714	199	0
1715	212	0
1716	187	0
1717	199	0
1718	211	0
1719	171	0
1720	218	0
1721	185	0
1722	201	0
1723	210	0
1724	178	0
1725	178	0
1726	183	0
1727	218	0
1728	218	0
1729	199	0
1730	203	0
1731	199	0
1732	200	0
1733	213	0
1734	191	0
1735	196	0
1736	195	0
1737	179	0
1738	208	0
1739	185	0
1740	182	0
1741	194	0
1742	173	0
1743	191	0
1744	179	0
1745	202	0
1746	202	0
1747	208	0
1748	193	0
1749	209	0
1750	211	0
1751	182	0
1752	200	0
1753	205	0
1754	179	0
1755	191	0
1756	184	0
1757	232	0
1758	175	0
1759	193	0
1760	197	0
1761	181	0
1762	190	0
1763	194	0
1764	199	0
1765	192	0
1766	196	0
1767	198	0
1768	196	0
1769	205	0
1770	177	0
1771	209	0
1772	195	0
1773	198	0
1774	197	0
1775	194	0
1776	206	0
1777	206	0
1778	183	0
1779	177	0
1780	192	0
1781	190	0
1782	191	0
1783	175	0
1784	194	0
1785	197	0
1786	178	0
1787	171	0
1788	205	0
1789	190	0
1790	192	0
1791	177	0
1792	200	0
1793	211	0
1794	160	0
1795	196	0
1796	197	0
1797	195	0
1798	207	0
1799	218	0
1800	191	0
1801	178	0
1802	180	0
1803	209	0
1804	215	0
1805	169	0
1806	220	0
1807	185	0
1808	198	0
1809	187	0
1810	205	0
1811	198	0
1812	205	0
1813	217	0
1814	187	0
1815	216	0
1816	158	0
1817	198	0
1818	193	0
1819	169	0
1820	214	0
1821	207	0
1822	194	0
1823	189	0
1824	198	0
1825	206	0
1826	200	0
1827	196	0
1828	209	0
1829	199	0
1830	209	0
1831	205	0
1832	196	0
1833	178	0
1834	189	0
1835	200	0
1836	192	0
1837	194	0
1838	211	0
1839	191	0
1840	211	0
1841	219	0
1842	205	0
1843	184	0
1844	168	0
1845	182	0
1846	200	0
1847	186	0
1848	212	0
1849	196	0
1850	191	0
1851	191	0
1852	220	0
1853	200	0
1854	168	0
1855	181	0
1856	195	0
1857	189	0
1858	204	0
1859	197	0
1860	180	0
1861	173	0
1862	214	0
1863	199	0
1864	183	0
1865	209	0
1866	200	0
1867	184	0
1868	188	0
1869	198	0
1870	182	0
1871	218	0
1872	196	0
1873	235	0
1874	205	0
1875	199	0
1876	190	0
1877	185	0
1878	193	0
1879	201	0
1880	167	0
1881	208	0
1882	203	0
1883	201	0
1884	200	0
1885	217	0
1886	214	0
1887	197	0
1888	201	0
1889	191	0
1890	204	0
1891	219	0
1892	193	0
1893	171	0
1894	177	0
1895	202	0
1896	200	0
1897	197	0
1898	188	0
1899	179	0
1900	173	0
1901	214	0
1902	173	0
1903	172	0
1904	219	0
1905	172	0
1906	207	0
1907	199	0
1908	180	0
1909	203	0
1910	208	0
1911	198	0
1912	198	0
1913	199	0
1914	212	0
1915	192	0
1916	199	0
1917	201	0
1918	198	0
1919	224	0
1920	188	0
1921	196	0
1922	203	0
1923	210	0
1924	189	0
1925	188	0
1926	170	0
1927	202	0
1928	174	0
1929	204	0
1930	226	0
1931	178	0
1932	185	0
1933	205	0
1934	194	0
1935	208	0
1936	191	0
1937	169	0
1938	205	0
1939	185	0
1940	186	0
1941	214	0
1942	198	0
1943	188	0
1944	200	0
1945	193	0
1946	200	0
1947	201	0
1948	195	0
1949	204	0
1950	188	0
1951	183	0
1952	209	0
1953	183	0
1954	205	0
1955	198	0
1956	204	0
1957	203	0
1958	199	0
1959	199	0
1960	222	0
1961	219	0
1962	177	0
1963	182	0
1964	215	0
1965	207	0
1966	206	0
1967	212	0
1968	201	0
1969	193	0
1970	208	0
1971	176	0
1972	199	0
1973	188	0
1974	230	0
1975	213	0
1976	195	0
1977	225	0
1978	224	0
1979	172	0
1980	211	0
1981	183	0
1982	202	0
1983	196	0
1984	217	0
1985	207	0
1986	184	0
1987	180	0
1988	189	0
1989	185	0
1990	207	0
1991	176	0
1992	199	0
1993	225	0
1994	168	0
1995	239	0
1996	194	0
1997	199	0
1998	198	0
1999	210	0
2000	229	0
2001	204	0
2002	208	0
2003	192	0
2004	177	0
2005	166	0
2006	231	0
2007	201	0
2008	196	0
2009	228	0
2010	186	0
2011	230	0
2012	193	0
2013	206	0
2014	194	0
2015	211	0
2016	199	0
2017	211	0
2018	195	0
2019	167	0
2020	205	0
2021	188	0
2022	211	0
2023	195	0
2024	194	0
2025	176	0
2026	206	0
2027	216	0
2028	215	0
2029	222	0
2030	224	0
2031	186	0
2032	202	0
2033	207	0
2034	209	0
2035	190	0
2036	205	0
2037	203	0
2038	191	0
2039	199	0
2040	179	0
2041	187	0
2042	185	0
2043	205	0
2044	207	0
2045	194	0
2046	174	0
2047	185	0
2048	208	0
2049	170	0
2050	170	0
2051	173	0
2052	219	0
2053	210	0
2054	169	0
2055	185	0
2056	176	0
2057	240	0
2058	198	0
2059	191	0
2060	213	0
2061	202	0
2062	198	0
2063	207	0
2064	213	0
2065	193	0
2066	193	0
2067	218	0
2068	195	0
2069	181	0
2070	214	0
2071	203	0
2072	196	0
2073	199	0
2074	157	0
2075	177	0
2076	198	0
2077	191	0
2078	184	0
2079	178	0
2080	210	0
2081	183	0
2082	200	0
2083	197	0
2084	220	0
2085	202	0
2086	170	0
2087	180	0
2088	199	0
2089	173	0
2090	192	0
2091	218	0
2092	201	0
2093	194	0
2094	198	0
2095	186	0
2096	195	0
2097	204	0
2098	187	0
2099	184	0
2100	190	0
2101	186	0
2102	190	0
2103	185	0
2104	191	0
2105	192	0
2106	179	0
2107	179	0
2108	197	0
2109	218	0
2110	231	0
2111	204	0
2112	218	0
2113	194	0
2114	219	0
2115	191	0
2116	193	0
2117	204	0
2118	193	0
2119	193	0
2120	200	0
2121	225	0
2122	201	0
2123	184	0
2124	200	0
2125	216	0
2126	233	0
2127	195	0
2128	191	0
2129	191	0
2130	176	0
2131	205	0
2132	197	0
2133	189	0
2134	206	0
2135	208	0
2136	204	0
2137	184	0
2138	190	0
2139	209	0
2140	213	0
2141	197	0
2142	186	0
2143	193	0
2144	187	0
2145	220	0
2146	190	0
2147	203	0
2148	208	0
2149	173	0
2150	207	0
2151	173	0
2152	187	0
2153	216	0
2154	203	0
2155	193	0
2156	215	0
2157	224	0
2158	230	0
2159	218	0
2160	192	0
2161	199	0
2162	196	0
2163	170	0
2164	205	0
2165	183	0
2166	224	0
2167	167	0
2168	227	0
2169	161	0
2170	218	0
2171	178	0
2172	194	0
2173	167	0
2174	182	0
2175	205	0
2176	215	0
2177	210	0
2178	208	0
2179	195	0
2180	194	0
2181	200	0
2182	181	0
2183	221	0
2184	199	0
2185	189	0
2186	213	0
2187	196	0
2188	219	0
2189	188	0
2190	195	0
2191	193	0
2192	191	0
2193	199	0
2194	225	0
2195	168	0
2196	229	0
2197	197	0
2198	193	0
2199	188	0
2200	213	0
2201	189	0
2202	187	0
2203	227	0
2204	203	0
2205	190	0
2206	209	0
2207	207	0
2208	194	0
2209	200	0
2210	169	0
2211	191	0
2212	204	0
2213	196	0
2214	174	0
2215	203	0
2216	184	0
2217	196	0
2218	204	0
2219	215	0
2220	190	0
2221	181	0
2222	199	0
2223	186	0
2224	223	0
2225	194	0
2226	192	0
2227	200	0
2228	193	0
2229	216	0
2230	209	0
2231	203	0
2232	170	0
2233	167	0
2234	237	0
2235	164	0
2236	198	0
2237	203	0
2238	190	0
2239	210	0
2240	206	0
2241	189	0
2242	176	0
2243	205	0
2244	216	0
2245	211	0
2246	197	0
2247	202	0
2248	209	0
2249	211	0
2250	187	0
2251	204	0
2252	174	0
2253	187	0
2254	189	0
2255	207	0
2256	179	0
2257	192	0
2258	199	0
2259	208	0
2260	170	0
2261	180	0
2262	182	0
2263	201	0
2264	198	0
2265	211	0
2266	211	0
2267	198	0
2268	182	0
2269	181	0
2270	201	0
2271	190	0
2272	200	0
2273	181	0
2274	218	0
2275	226	0
2276	193	0
2277	186	0
2278	190	0
2279	174	0
2280	166	0
2281	184	0
2282	183	0
2283	208	0
2284	226	0
2285	198	0
2286	199	0
2287	198	0
2288	240	0
2289	198	0
2290	176	0
2291	195	0
2292	199	0
2293	178	0
2294	195	0
2295	185	0
2296	196	0
2297	201	0
2298	215	0
2299	176	0
2300	188	0
2301	193	0
2302	212	0
2303	200	0
2304	201	0
2305	179	0
2306	201	0
2307	188	0
2308	205	0
2309	200	0
2310	191	0
2311	176	0
2312	200	0
2313	169	0
2314	214	0
2315	189	0
2316	217	0
2317	206	0
2318	171	0
2319	203	0
2320	188	0
2321	195	0
2322	183	0
2323	200	0
2324	183	0
2325	207	0
2326	191	0
2327	181	0
2328	202	0
2329	204	0
2330	211	0
2331	197	0
2332	184	0
2333	189	0
2334	186	0
2335	171	0
2336	175	0
2337	193	0
2338	209	0
2339	178	0
2340	194	0
2341	180	0
2342	195	0
2343	196	0
2344	187	0
2345	218	0
2346	214	0
2347	206	0
2348	234	0
2349	201	0
2350	210	0
2351	208	0
2352	210	0
2353	207	0
2354	225	0
2355	215	0
2356	194	0
2357	207	0
2358	208	0
2359	197	0
2360	154	0
2361	215	0
2362	189	0
2363	191	0
2364	200	0
2365	198	0
2366	189	0
2367	222	0
2368	229	0
2369	172	0
2370	199	0
2371	196	0
2372	177	0
2373	204	0
2374	224	0
2375	202	0
2376	188	0
2377	214	0
2378	212	0
2379	213	0
2380	207	0
2381	196	0
2382	202	0
2383	167	0
2384	200	0
2385	212	0
2386	203	0
2387	195	0
2388	200	0
2389	210	0
2390	214	0
2391	189	0
2392	197	0
2393	206	0
2394	181	0
2395	211	0
2396	198	0
2397	197	0
2398	186	0
2399	199	0
2400	207	0
2401	200	0
2402	189	0
2403	198	0
2404	202	0
2405	216	0
2406	204	0
2407	182	0
2408	203	0
2409	192	0
2410	179	0
2411	190	0
2412	179	0
2413	181	0
2414	227	0
2415	218	0
2416	174	0
2417	208	0
2418	204	0
2419	187	0
2420	191	0
2421	197	0
2422	200	0
2423	167	0
2424	187	0
2425	216	0
2426	198	0
2427	198	0
2428	206	0
2429	191	0
2430	201	0
2431	211	0
2432	200	0
2433	204	0
2434	215	0
2435	186	0
2436	201	0
2437	201	0
2438	207	0
2439	178	0
2440	188	0
2441	174	0
2442	170	0
2443	191	0
2444	188	0
2445	210	0
2446	201	0
2447	187	0
2448	163	0
2449	220	0
2450	188	0
2451	205	0
2452	210	0
2453	206	0
2454	176	0
2455	195	0
2456	178	0
2457	180	0
2458	199	0
2459	178	0
2460	229	0
2461	210	0
2462	175	0
2463	189	0
2464	169	0
2465	207	0
2466	180	0
2467	201	0
2468	230	0
2469	184	0
2470	205	0
2471	213	0
2472	195	0
2473	170	0
2474	219	0
2475	208	0
2476	195	0
2477	214	0
2478	181	0
2479	211	0
2480	175	0
2481	189	0
2482	197	0
2483	203	0
2484	209	0
2485	187	0
2486	231	0
2487	197	0
2488	193	0
2489	179	0
2490	187	0
2491	184	0
2492	194	0
2493	223	0
2494	218	0
2495	193	0
2496	180	0
2497	217	0
2498	198	0
2499	201	0
2500	180	0
2501	220	0
2502	196	0
2503	204	0
2504	187	0
2505	204	0
2506	185	0
2507	233	0
2508	194	0
2509	190	0
2510	195	0
2511	202	0
2512	185	0
2513	202	0
2514	195	0
2515	209	0
2516	207	0
2517	162	0
2518	194	0
2519	195	0
2520	209	0
2521	199	0
2522	216	0
2523	195	0
2524	200	0
2525	209	0
2526	190	0
2527	214	0
2528	192	0
2529	187	0
2530	166	0
2531	181	0
2532	192	0
2533	197	0
2534	212	0
2535	186	0
2536	193	0
2537	180	0
2538	188	0
2539	219	0
2540	200	0
2541	196	0
2542	194	0
2543	190	0
2544	222	0
2545	202	0
2546	186	0
2547	165	0
2548	194	0
2549	188	0
2550	181	0
2551	197	0
2552	188	0
2553	205	0
2554	227	0
2555	214	0
2556	221	0
2557	186	0
2558	233	0
2559	196	0
2560	210	0
2561	170	0
2562	189	0
2563	179	0
2564	189	0
2565	199	0
2566	193	0
2567	204	0
2568	188	0
2569	204	0
2570	200	0
2571	194	0
2572	186	0
2573	193	0
2574	191	0
2575	193	0
2576	180	0
2577	208	0
2578	183	0
2579	188	0
2580	200	0
2581	194	0
2582	180	0
2583	200	0
2584	237	0
2585	186	0
2586	176	0
2587	182	0
2588	206	0
2589	199	0
2590	228	0
2591	183	0
2592	204	0
2593	212	0
2594	208	0
2595	206	0
2596	221	0
2597	205	0
2598	185	0
2599	195	0
2600	172	0
2601	206	0
2602	182	0
2603	188	0
2604	189	0
2605	200	0
2606	195	0
2607	213	0
2608	192	0
2609	192	0
2610	159	0
2611	180	0
2612	183	0
2613	206	0
2614	200	0
2615	180	0
2616	201	0
2617	183	0
2618	208	0
2619	212	0
2620	182	0
2621	208	0
2622	181	0
2623	190	0
2624	199	0
2625	196	0
2626	197	0
2627	179	0
2628	217	0
2629	194	0
2630	190	0
2631	198	0
2632	208	0
2633	196	0
2634	206	0
2635	173	0
2636	188	0
2637	170	0
2638	183	0
2639	206	0
2640	220	0
2641	194	0
2642	173	0
2643	196	0
2644	207	0
2645	197	0
2646	181	0
2647	193	0
2648	207	0
2649	203	0
2650	192	0
2651	189	0
2652	189	0
2653	214	0
2654	204	0
2655	219	0
2656	218	0
2657	225	0
2658	227	0
2659	192	0
2660	183	0
2661	180	0
2662	199	0
2663	206	0
2664	199	0
2665	220	0
2666	204	0
2667	174	0
2668	195	0
2669	192	0
2670	174	0
2671	184	0
2672	210	0
2673	178	0
2674	202	0
2675	200	0
2676	197	0
2677	192	0
2678	226	0
2679	193	0
2680	213	0
2681	189	0
2682	191	0
2683	219	0
2684	187	0
2685	191	0
2686	188	0
2687	171	0
2688	199	0
2689	169	0
2690	210	0
2691	210	0
2692	200	0
2693	209	0
2694	206	0
2695	212	0
2696	198	0
2697	195	0
2698	208	0
2699	209	0
2700	208	0
2701	208	0
2702	207	0
2703	182	0
2704	199	0
2705	209	0
2706	208	0
2707	232	0
2708	189	0
2709	211	0
2710	199	0
2711	198	0
2712	196	0
2713	173	0
2714	172	0
2715	224	0
2716	182	0
2717	214	0
2718	230	0
2719	196	0
2720	202	0
2721	188	0
2722	183	0
2723	218	0
2724	208	0
2725	212	0
2726	208	0
2727	208	0
2728	185	0
2729	206	0
2730	182	0
2731	198	0
2732	190	0
2733	186	0
2734	190	0
2735	209	0
2736	188	0
2737	203	0
2738	187	0
2739	178	0
2740	204	0
2741	193	0
2742	182	0
2743	192	0
2744	193	0
2745	205	0
2746	184	0
2747	203	0
2748	185	0
2749	207	0
2750	198	0
2751	188	0
2752	213	0
2753	209	0
2754	241	0
2755	218	0
2756	208	0
2757	195	0
2758	203	0
2759	182	0
2760	199	0
2761	192	0
2762	187	0
2763	171	0
2764	206	0
2765	219	0
2766	200	0
2767	197	0
2768	159	0
2769	212	0
2770	201	0
2771	206	0
2772	187	0
2773	206	0
2774	203	0
2775	191	0
2776	184	0
2777	166	0
2778	176	0
2779	190	0
2780	185	0
2781	186	0
2782	210	0
2783	188	0
2784	175	0
2785	175	0
2786	181	0
2787	199	0
2788	207	0
2789	177	0
2790	206	0
2791	189	0
2792	189	0
2793	195	0
2794	235	0
2795	177	0
2796	211	0
2797	200	0
2798	206	0
2799	189	0
2800	178	0
2801	214	0
2802	190	0
2803	187	0
2804	189	0
2805	196	0
2806	203	0
2807	207	0
2808	203	0
2809	191	0
2810	204	0
2811	168	0
2812	208	0
2813	209	0
2814	196	0
2815	200	0
2816	203	0
2817	190	0
2818	210	0
2819	176	0
2820	228	0
2821	183	0
2822	176	0
2823	201	0
2824	197	0
2825	228	0
2826	189	0
2827	180	0
2828	199	0
2829	210	0
2830	183	0
2831	172	0
2832	194	0
2833	208	0
2834	173	0
2835	173	0
2836	199	0
2837	199	0
2838	171	0
2839	199	0
2840	198	0
2841	215	0
2842	194	0
2843	216	0
2844	186	0
2845	173	0
2846	191	0
2847	182	0
2848	204	0
2849	171	0
2850	199	0
2851	202	0
2852	192	0
2853	193	0
2854	188	0
2855	204	0
2856	183	0
2857	215	0
2858	191	0
2859	196	0
2860	229	0
2861	208	0
2862	197	0
2863	182	0
2864	205	0
2865	193	0
2866	242	0
2867	201	0
2868	189	0
2869	192	0
2870	171	0
2871	208	0
2872	208	0
2873	189	0
2874	220	0
2875	197	0
2876	208	0
2877	199	0
2878	188	0
2879	187	0
2880	212	0
2881	208	0
2882	192	0
2883	195	0
2884	182	0
2885	181	0
2886	189	0
2887	217	0
2888	170	0
2889	192	0
2890	177	0
2891	210	0
2892	174	0
2893	211	0
2894	196	0
2895	216	0
2896	184	0
2897	190	0
2898	179	0
2899	216	0
2900	202	0
2901	188	0
2902	219	0
2903	211	0
2904	206	0
2905	202	0
2906	193	0
2907	229	0
2908	196	0
2909	193	0
2910	226	0
2911	192	0
2912	178	0
2913	197	0
2914	203	0
2915	204	0
2916	200	0
2917	193	0
2918	210	0
2919	189	0
2920	174	0
2921	207	0
2922	190	0
2923	196	0
2924	212	0
2925	178	0
2926	201	0
2927	198	0
2928	200	0
2929	189	0
2930	181	0
2931	203	0
2932	205	0
2933	181	0
2934	216	0
2935	209	0
2936	213	0
2937	213	0
2938	184	0
2939	206	0
2940	169	0
2941	176	0
2942	176	0
2943	192	0
2944	189	0
2945	183	0
2946	195	0
2947	200	0
2948	182	0
2949	189	0
2950	166	0
2951	186	0
2952	226	0
2953	185	0
2954	188	0
2955	223	0
2956	196	0
2957	210	0
2958	206	0
2959	196	0
2960	196	0
2961	191	0
2962	213	0
2963	183	0
2964	167	0
2965	216	0
2966	184	0
2967	162	0
2968	183	0
2969	174	0
2970	200	0
2971	202	0
2972	194	0
2973	170	0
2974	192	0
2975	201	0
2976	220	0
2977	207	0
2978	184	0
2979	201	0
2980	177	0
2981	229	0
2982	201	0
2983	199	0
2984	192	0
2985	206	0
2986	196	0
2987	191	0
2988	181	0
2989	211	0
2990	211	0
2991	192	0
2992	207	0
2993	195	0
2994	180	0
2995	208	0
2996	188	0
2997	185	0
2998	215	0
2999	211	0
3000	185	0
