1	195	0
2	218	0
3	189	0
4	208	0
5	213	0
6	190	0
7	199	0
8	202	0
9	234	0
10	194	0
11	214	0
12	205	0
13	191	0
14	177	0
15	200	0
16	218	0
17	231	0
18	220	0
19	192	0
20	168	0
21	221	0
22	190	0
23	175	0
24	201	0
25	202	0
26	183	0
27	190	0
28	199	0
29	203	0
30	192	0
31	185	0
32	189	0
33	220	0
34	199	0
35	192	0
36	165	0
37	193	0
38	197	0
39	201	0
40	183	0
41	168	0
42	227	0
43	219	0
44	169	0
45	180	0
46	204	0
47	231	0
48	206	0
49	189	0
50	199	0
51	181	0
52	197	0
53	190	0
54	192	0
55	206	0
56	199	0
57	195	0
58	195	0
59	178	0
60	182	0
61	188	0
62	183	0
63	183	0
64	193	0
65	229	0
66	204	0
67	177	0
68	178	0
69	217	0
70	183	0
71	178	0
72	183	0
73	209	0
74	197	0
75	194	0
76	187	0
77	190	0
78	189	0
79	207	0
80	191	0
81	198	0
82	221	0
83	184	0
84	195	0
85	211	0
86	185	0
87	212	0
88	191	0
89	203	0
90	184	0
91	178	0
92	178	0
93	186	0
94	215	0
95	223	0
96	184	0
97	184	0
98	182	0
99	222	0
100	193	0
101	205	0
102	187	0
103	195	0
104	172	0
105	196	0
106	172	0
107	199	0
108	207	0
109	214	0
110	197	0
111	193	0
112	206	0
113	182	0
114	194	0
115	186	0
116	215	0
117	207	0
118	170	0
119	212	0
120	205	0
121	228	0
122	203	0
123	202	0
124	194	0
125	160	0
126	190	0
127	197	0
128	226	0
129	192	0
130	168	0
131	209	0
132	192	0
133	222	0
134	198	0
135	194	0
136	199	0
137	204	0
138	198	0
139	220	0
140	190	0
141	168	0
142	180	0
143	215	0
144	198	0
145	226	0
146	173	0
147	192	0
148	179	0
149	228	0
150	201	0
151	189	0
152	199	0
153	215	0
154	179	0
155	219	0
156	209	0
157	171	0
158	201	0
159	214	0
160	195	0
161	189	0
162	186	0
163	209	0
164	210	0
165	195	0
166	196	0
167	184	0
168	238	0
169	204	0
170	223	0
171	203	0
172	208	0
173	186	0
174	227	0
175	198	0
176	189	0
177	194	0
178	192	0
179	201	0
180	206	0
181	202	0
182	211	0
183	170	0
184	180	0
185	194	0
186	193	0
187	217	0
188	193	0
189	209	0
190	197	0
191	198	0
192	198	0
193	200	0
194	193	0
195	193	0
196	209	0
197	199	0
198	184	0
199	182	0
200	199	0
201	209	0
202	185	0
203	220	0
204	186	0
205	183	0
206	204	0
207	189	0
208	180	0
209	227	0
210	214	0
211	198	0
212	208	0
213	209	0
214	192	0
215	202	0
216	168	0
217	200	0
218	175	0
219	190	0
220	193	0
221	175	0
222	194	0
223	187	0
224	195	0
225	181	0
226	210	0
227	178	0
228	205	0
229	186	0
230	205	0
231	194	0
232	222	0
233	211	0
234	187	0
235	216	0
236	177	0
237	183	0
238	197	0
239	166	0
240	204	0
241	208	0
242	179	0
243	187	0
244	188	0
245	192	0
246	195	0
247	220	0
248	193	0
249	203	0
250	202	0
251	189	0
252	178	0
253	184	0
254	193	0
255	176	0
256	190	0
257	189	0
258	167	0
259	191	0
260	187	0
261	180	0
262	200	0
263	223	0
264	160	0
265	198	0
266	194	0
267	196	0
268	203	0
269	190	0
270	194	0
271	191	0
272	190	0
273	206	0
274	191	0
275	198	0
276	180	0
277	188	0
278	214	0
279	213	0
280	188	0
281	196	0
282	201	0
283	196	0
284	174	0
285	201	0
286	200	0
287	197	0
288	195	0
289	226	0
290	207	0
291	205	0
292	207	0
293	178	0
294	200	0
295	184	0
296	220	0
297	191	0
298	202	0
299	198	0
300	202	0
301	212	0
302	224	0
303	201	0
304	202	0
305	200	0
306	198	0
307	176	0
308	190	0
309	187	0
310	188	0
311	185	0
312	171	0
313	217	0
314	172	0
315	198	0
316	225	0
317	188	0
318	216	0
319	216	0
320	197	0
321	218	0
322	179	0
323	230	0
324	200	0
325	176	0
326	197	0
327	186	0
328	182	0
329	226	0
330	176	0
331	184	0
332	219	0
333	195	0
334	181	0
335	191	0
336	208	0
337	197	0
338	218	0
339	214	0
340	196	0
341	191	0
342	190	0
343	180	0
344	184	0
345	242	0
346	192	0
347	179	0
348	162	0
349	206	0
350	193	0
351	219	0
352	212	0
353	196	0
354	222	0
355	220	0
356	205	0
357	224	0
358	185	0
359	182	0
360	219	0
361	205	0
362	186	0
363	183	0
364	218	0
365	188	0
366	183	0
367	195	0
368	178	0
369	213	0
370	194	0
371	184	0
372	204	0
373	195	0
374	199	0
375	202	0
376	191	0
377	204	0
378	198	0
379	197	0
380	171	0
381	185	0
382	182	0
383	197	0
384	182	0
385	193	0
386	185	0
387	190	0
388	218	0
389	168	0
390	189	0
391	199	0
392	198	0
393	188	0
394	200	0
395	184	0
396	197	0
397	204	0
398	179	0
399	216	0
400	172	0
401	195	0
402	202	0
403	183	0
404	194	0
405	192	0
406	174	0
407	201	0
408	193	0
409	199	0
410	194	0
411	216	0
412	216	0
413	196	0
414	186	0
415	204	0
416	217	0
417	217	0
418	193	0
419	186	0
420	174	0
421	223	0
422	227	0
423	202	0
424	189	0
425	206	0
426	202	0
427	198	0
428	205	0
429	195	0
430	183	0
431	191	0
432	195	0
433	197	0
434	208	0
435	181	0
436	193	0
437	190	0
438	204	0
439	182	0
440	195	0
441	183	0
442	186	0
443	200	0
444	178	0
445	185	0
446	193	0
447	171	0
448	215	0
449	209	0
450	208	0
451	192	0
452	215	0
453	167	0
454	222	0
455	199	0
456	182	0
457	209	0
458	182	0
459	201	0
460	196	0
461	188	0
462	191	0
463	200	0
464	198	0
465	185	0
466	209	0
467	197	0
468	214	0
469	218	0
470	202	0
471	232	0
472	210	0
473	198	0
474	179	0
475	198	0
476	176	0
477	190	0
478	226	0
479	209	0
480	200	0
481	207	0
482	178	0
483	174	0
484	213	0
485	164	0
486	184	0
487	213	0
488	209	0
489	211	0
490	220	0
491	215	0
492	215	0
493	194	0
494	213	0
495	214	0
496	212	0
497	221	0
498	195	0
499	205	0
500	177	0
501	218	0
502	233	0
503	211	0
504	193	0
505	213	0
506	181	0
507	215	0
508	208	0
509	203	0
510	181	0
511	193	0
512	202	0
513	197	0
514	198	0
515	206	0
516	208	0
517	205	0
518	206	0
519	167	0
520	189	0
521	213	0
522	190	0
523	197	0
524	219	0
525	200	0
526	206	0
527	224	0
528	198	0
529	195	0
530	181	0
531	198	0
532	174	0
533	213	0
534	190	0
535	164	0
536	172	0
537	200	0
538	191	0
539	215	0
540	211	0
541	198	0
542	211	0
543	185	0
544	213	0
545	187	0
546	197	0
547	224	0
548	178	0
549	198	0
550	194	0
551	188	0
552	230	0
553	204	0
554	188	0
555	209	0
556	192	0
557	176	0
558	221	0
559	184	0
560	194	0
561	198	0
562	180	0
563	193	0
564	195	0
565	209	0
566	213	0
567	172	0
568	184	0
569	189	0
570	213	0
571	209	0
572	183	0
573	200	0
574	199	0
575	228	0
576	214	0
577	231	0
578	175	0
579	199	0
580	188	0
581	179	0
582	186	0
583	196	0
584	168	0
585	193	0
586	202	0
587	204	0
588	170	0
589	210	0
590	185	0
591	193	0
592	195	0
593	190	0
594	200	0
595	186	0
596	181	0
597	192	0
598	215	0
599	163	0
600	201	0
601	196	0
602	220	0
603	188	0
604	202	0
605	188	0
606	196	0
607	197	0
608	201	0
609	186	0
610	207	0
611	181	0
612	206	0
613	202	0
614	212	0
615	216	0
616	184	0
617	181	0
618	197	0
619	208	0
620	198	0
621	213	0
622	202	0
623	194	0
624	193	0
625	199	0
626	193	0
627	190	0
628	160	0
629	219	0
630	175	0
631	205	0
632	197	0
633	195	0
634	202	0
635	207	0
636	242	0
637	182	0
638	195	0
639	223	0
640	190	0
641	205	0
642	201	0
643	189	0
644	184	0
645	196	0
646	205	0
647	189	0
648	202	0
649	190	0
650	195	0
651	191	0
652	208	0
653	214	0
654	199	0
655	186	0
656	197	0
657	180	0
658	188	0
659	168	0
660	187	0
661	191	0
662	221	0
663	188	0
664	203	0
665	200	0
666	210	0
667	205	0
668	180	0
669	202	0
670	193	0
671	195	0
672	192	0
673	186	0
674	232	0
675	191	0
676	198	0
677	192	0
678	184	0
679	205	0
680	211	0
681	193	0
682	191	0
683	224	0
684	177	0
685	202	0
686	185	0
687	184	0
688	157	0
689	203	0
690	179	0
691	213	0
692	203	0
693	176	0
694	203	0
695	173	0
696	185	0
697	225	0
698	173	0
699	169	0
700	178	0
701	203	0
702	196	0
703	197	0
704	172	0
705	212	0
706	185	0
707	196	0
708	180	0
709	188	0
710	195	0
711	193	0
712	195	0
713	180	0
714	226	0
715	200	0
716	192	0
717	176	0
718	176	0
719	213	0
720	201	0
721	188	0
722	210	0
723	214	0
724	188	0
725	192	0
726	172	0
727	212	0
728	192	0
729	183	0
730	211	0
731	179	0
732	175	0
733	185	0
734	188	0
735	190	0
736	205	0
737	212	0
738	189	0
739	185	0
740	202	0
741	181	0
742	188	0
743	192	0
744	193	0
745	205	0
746	197	0
747	215	0
748	185	0
749	189	0
750	185	0
751	201	0
752	184	0
753	180	0
754	223	0
755	203	0
756	186	0
757	198	0
758	183	0
759	199	0
760	187	0
761	185	0
762	195	0
763	180	0
764	183	0
765	186	0
766	184	0
767	189	0
768	178	0
769	199	0
770	207	0
771	213	0
772	235	0
773	198	0
774	176	0
775	190	0
776	197	0
777	196	0
778	187	0
779	202	0
780	174	0
781	211	0
782	192	0
783	198	0
784	177	0
785	194	0
786	202	0
787	187	0
788	186	0
789	193	0
790	172	0
791	202	0
792	211	0
793	189	0
794	179	0
795	194	0
796	167	0
797	192	0
798	194	0
799	177	0
800	201	0
801	201	0
802	198	0
803	202	0
804	167	0
805	171	0
806	172	0
807	211	0
808	199	0
809	194	0
810	175	0
811	182	0
812	208	0
813	188	0
814	176	0
815	187	0
816	176	0
817	196	0
818	203	0
819	193	0
820	165	0
821	198	0
822	178	0
823	206	0
824	202	0
825	215	0
826	198	0
827	193	0
828	171	0
829	209	0
830	193	0
831	204	0
832	178	0
833	187	0
834	173	0
835	201	0
836	165	0
837	169	0
838	185	0
839	191	0
840	234	0
841	201	0
842	216	0
843	182	0
844	210	0
845	210	0
846	201	0
847	208	0
848	199	0
849	194	0
850	207	0
851	182	0
852	218	0
853	175	0
854	214	0
855	209	0
856	168	0
857	217	0
858	202	0
859	199	0
860	178	0
861	208	0
862	193	0
863	200	0
864	182	0
865	196	0
866	200	0
867	194	0
868	187	0
869	204	0
870	190	0
871	196	0
872	239	0
873	166	0
874	204	0
875	182	0
876	182	0
877	186	0
878	184	0
879	165	0
880	184	0
881	207	0
882	195	0
883	193	0
884	182	0
885	189	0
886	159	0
887	199	0
888	217	0
889	182	0
890	206	0
891	189	0
892	186	0
893	204	0
894	191	0
895	212	0
896	218	0
897	183	0
898	184	0
899	185	0
900	214	0
901	187	0
902	208	0
903	201	0
904	192	0
905	212	0
906	188	0
907	204	0
908	215	0
909	196	0
910	197	0
911	202	0
912	185	0
913	176	0
914	226	0
915	200	0
916	214	0
917	194	0
918	208	0
919	202	0
920	199	0
921	199	0
922	207	0
923	178	0
924	193	0
925	193	0
926	160	0
927	188	0
928	180	0
929	201	0
930	167	0
931	199	0
932	192	0
933	218	0
934	220	0
935	182	0
936	191	0
937	199	0
938	224	0
939	180	0
940	205	0
941	189	0
942	172	0
943	163	0
944	177	0
945	200	0
946	186	0
947	192	0
948	186	0
949	180	0
950	204	0
951	187	0
952	169	0
953	235	0
954	206	0
955	197	0
956	169	0
957	200	0
958	209	0
959	197	0
960	212	0
961	176	0
962	198	0
963	234	0
964	175	0
965	222	0
966	187	0
967	183	0
968	213	0
969	170	0
970	177	0
971	202	0
972	216	0
973	202	0
974	193	0
975	185	0
976	198	0
977	217	0
978	181	0
979	164	0
980	190	0
981	184	0
982	198	0
983	187	0
984	171	0
985	212	0
986	220	0
987	180	0
988	199	0
989	200	0
990	206	0
991	241	0
992	194	0
993	205	0
994	214	0
995	203	0
996	205	0
997	193	0
998	194	0
999	193	0
1000	200	0
1001	214	0
1002	193	0
1003	198	0
1004	201	0
1005	200	0
1006	229	0
1007	213	0
1008	202	0
1009	194	0
1010	211	0
1011	183	0
1012	196	0
1013	194	0
1014	211	0
1015	209	0
1016	205	0
1017	176	0
1018	204	0
1019	185	0
1020	181	0
1021	188	0
1022	201	0
1023	213	0
1024	171	0
1025	174	0
1026	199	0
1027	198	0
1028	192	0
1029	194	0
1030	212	0
1031	202	0
1032	180	0
1033	162	0
1034	194	0
1035	197	0
1036	203	0
1037	208	0
1038	195	0
1039	185	0
1040	184	0
1041	175	0
1042	198	0
1043	203	0
1044	220	0
1045	175	0
1046	210	0
1047	225	0
1048	188	0
1049	202	0
1050	192	0
1051	198	0
1052	176	0
1053	195	0
1054	172	0
1055	188	0
1056	188	0
1057	182	0
1058	214	0
1059	190	0
1060	201	0
1061	191	0
1062	197	0
1063	205	0
1064	174	0
1065	176	0
1066	203	0
1067	178	0
1068	186	0
1069	181	0
1070	197	0
1071	170	0
1072	197	0
1073	189	0
1074	208	0
1075	194	0
1076	210	0
1077	187	0
1078	220	0
1079	190	0
1080	167	0
1081	174	0
1082	202	0
1083	192	0
1084	205	0
1085	205	0
1086	187	0
1087	212	0
1088	201	0
1089	213	0
1090	195	0
1091	223	0
1092	198	0
1093	206	0
1094	214	0
1095	185	0
1096	189	0
1097	192	0
1098	195	0
1099	205	0
1100	227	0
1101	198	0
1102	184	0
1103	193	0
1104	187	0
1105	205	0
1106	182	0
1107	179	0
1108	194	0
1109	183	0
1110	215	0
1111	178	0
1112	198	0
1113	219	0
1114	197	0
1115	203	0
1116	219	0
1117	213	0
1118	183	0
1119	204	0
1120	184	0
1121	199	0
1122	167	0
1123	193	0
1124	211	0
1125	210	0
1126	202	0
1127	206	0
1128	195	0
1129	196	0
1130	208	0
1131	173	0
1132	177	0
1133	227	0
1134	203	0
1135	190	0
1136	218	0
1137	182	0
1138	206	0
1139	181	0
1140	189	0
1141	203	0
1142	209	0
1143	186	0
1144	194	0
1145	203	0
1146	182	0
1147	185	0
1148	198	0
1149	192	0
1150	200	0
1151	192	0
1152	179	0
1153	196	0
1154	184	0
1155	181	0
1156	200	0
1157	187	0
1158	170	0
1159	196	0
1160	183	0
1161	199	0
1162	209	0
1163	222	0
1164	193	0
1165	199	0
1166	190	0
1167	203	0
1168	201	0
1169	195	0
1170	186	0
1171	179	0
1172	179	0
1173	201	0
1174	191	0
1175	205	0
1176	179	0
1177	199	0
1178	220	0
1179	192	0
1180	190	0
1181	213	0
1182	202	0
1183	211	0
1184	172	0
1185	192	0
1186	195	0
1187	209	0
1188	169	0
1189	184	0
1190	184	0
1191	187	0
1192	185	0
1193	187	0
1194	202	0
1195	170	0
1196	196	0
1197	201	0
1198	197	0
1199	198	0
1200	173	0
1201	189	0
1202	202	0
1203	166	0
1204	223	0
1205	202	0
1206	199	0
1207	190	0
1208	198	0
1209	212	0
1210	184	0
1211	171	0
1212	185	0
1213	188	0
1214	193	0
1215	181	0
1216	205	0
1217	176	0
1218	176	0
1219	207	0
1220	205	0
1221	199	0
1222	196	0
1223	191	0
1224	172	0
1225	199	0
1226	193	0
1227	194	0
1228	189	0
1229	199	0
1230	192	0
1231	185	0
1232	183	0
1233	201	0
1234	215	0
1235	178	0
1236	197	0
1237	205	0
1238	183	0
1239	177	0
1240	187	0
1241	191	0
1242	188	0
1243	177	0
1244	186	0
1245	194	0
1246	184	0
1247	197	0
1248	189	0
1249	201	0
1250	214	0
1251	185	0
1252	200	0
1253	187	0
1254	196	0
1255	175	0
1256	209	0
1257	167	0
1258	165	0
1259	188	0
1260	215	0
1261	204	0
1262	213	0
1263	198	0
1264	187	0
1265	189	0
1266	166	0
1267	213	0
1268	210	0
1269	196	0
1270	206	0
1271	182	0
1272	212	0
1273	216	0
1274	211	0
1275	199	0
1276	203	0
1277	185	0
1278	215	0
1279	190	0
1280	192	0
1281	192	0
1282	215	0
1283	208	0
1284	215	0
1285	195	0
1286	198	0
1287	184	0
1288	196	0
1289	186	0
1290	202	0
1291	201	0
1292	204	0
1293	165	0
1294	217	0
1295	180	0
1296	150	0
1297	211	0
1298	194	0
1299	203	0
1300	212	0
1301	202	0
1302	201	0
1303	187	0
1304	195	0
1305	213	0
1306	191	0
1307	171	0
1308	219	0
1309	183	0
1310	199	0
1311	224	0
1312	218	0
1313	189	0
1314	194	0
1315	177	0
1316	197	0
1317	198	0
1318	204	0
1319	215	0
1320	205	0
1321	215	0
1322	230	0
1323	196	0
1324	191	0
1325	182	0
1326	187	0
1327	191	0
1328	181	0
1329	183	0
1330	214	0
1331	188	0
1332	206	0
1333	166	0
1334	202	0
1335	208	0
1336	187	0
1337	215	0
1338	194	0
1339	190	0
1340	214	0
1341	175	0
1342	195	0
1343	197	0
1344	189	0
1345	180	0
1346	173	0
1347	201	0
1348	185	0
1349	226	0
1350	187	0
1351	212	0
1352	181	0
1353	179	0
1354	185	0
1355	194	0
1356	183	0
1357	180	0
1358	202	0
1359	198	0
1360	190	0
1361	210	0
1362	195	0
1363	197	0
1364	202	0
1365	166	0
1366	208	0
1367	204	0
1368	194	0
1369	156	0
1370	191	0
1371	182	0
1372	205	0
1373	180	0
1374	210	0
1375	193	0
1376	184	0
1377	198	0
1378	217	0
1379	207	0
1380	197	0
1381	191	0
1382	202	0
1383	211	0
1384	205	0
1385	177	0
1386	187	0
1387	173	0
1388	202	0
1389	192	0
1390	191	0
1391	196	0
1392	205	0
1393	194	0
1394	205	0
1395	178	0
1396	193	0
1397	194	0
1398	189	0
1399	186	0
1400	201	0
1401	186	0
1402	173	0
1403	197	0
1404	195	0
1405	182	0
1406	222	0
1407	218	0
1408	182	0
1409	212	0
1410	226	0
1411	208	0
1412	199	0
1413	193	0
1414	228	0
1415	202	0
1416	205	0
1417	177	0
1418	180	0
1419	197	0
1420	189	0
1421	235	0
1422	172	0
1423	202	0
1424	222	0
1425	209	0
1426	199	0
1427	195	0
1428	190	0
1429	194	0
1430	196	0
1431	169	0
1432	197	0
1433	195	0
1434	203	0
1435	207	0
1436	194	0
1437	217	0
1438	167	0
1439	199	0
1440	186	0
1441	213	0
1442	204	0
1443	199	0
1444	184	0
1445	189	0
1446	191	0
1447	209	0
1448	217	0
1449	176	0
1450	173	0
1451	204	0
1452	191	0
1453	163	0
1454	210	0
1455	214	0
1456	174	0
1457	194	0
1458	192	0
1459	238	0
1460	212	0
1461	183	0
1462	190	0
1463	205	0
1464	202	0
1465	204	0
1466	169	0
1467	189	0
1468	203	0
1469	190	0
1470	195	0
1471	179	0
1472	190	0
1473	218	0
1474	189	0
1475	192	0
1476	179	0
1477	177	0
1478	183	0
1479	167	0
1480	210	0
1481	191	0
1482	192	0
1483	187	0
1484	192	0
1485	214	0
1486	180	0
1487	215	0
1488	221	0
1489	188	0
1490	195	0
1491	187	0
1492	197	0
1493	167	0
1494	192	0
1495	197	0
1496	192	0
1497	203	0
1498	192	0
1499	199	0
1500	209	0
1501	184	0
1502	185	0
1503	189	0
1504	217	0
1505	193	0
1506	221	0
1507	181	0
1508	182	0
1509	197	0
1510	203	0
1511	207	0
1512	217	0
1513	225	0
1514	193	0
1515	220	0
1516	198	0
1517	191	0
1518	200	0
1519	191	0
1520	182	0
1521	208	0
1522	179	0
1523	213	0
1524	180	0
1525	191	0
1526	188	0
1527	177	0
1528	202	0
1529	191	0
1530	197	0
1531	199	0
1532	202	0
1533	193	0
1534	195	0
1535	229	0
1536	172	0
1537	200	0
1538	205	0
1539	220	0
1540	189	0
1541	194	0
1542	221	0
1543	197	0
1544	199	0
1545	230	0
1546	204	0
1547	210	0
1548	167	0
1549	189	0
1550	206	0
1551	194	0
1552	190	0
1553	199	0
1554	203	0
1555	186	0
1556	214	0
1557	198	0
1558	206	0
1559	222	0
1560	191	0
1561	197	0
1562	189	0
1563	218	0
1564	186	0
1565	217	0
1566	171	0
1567	200	0
1568	212	0
1569	187	0
1570	201	0
1571	210	0
1572	186	0
1573	203	0
1574	195	0
1575	193	0
1576	205	0
1577	159	0
1578	168	0
1579	194	0
1580	176	0
1581	170	0
1582	171	0
1583	193	0
1584	160	0
1585	205	0
1586	208	0
1587	206	0
1588	175	0
1589	217	0
1590	205	0
1591	186	0
1592	223	0
1593	212	0
1594	191	0
1595	200	0
1596	194	0
1597	193	0
1598	200	0
1599	213	0
1600	178	0
1601	177	0
1602	195	0
1603	194	0
1604	185	0
1605	191	0
1606	198	0
1607	200	0
1608	188	0
1609	179	0
1610	177	0
1611	183	0
1612	181	0
1613	196	0
1614	188	0
1615	170	0
1616	215	0
1617	176	0
1618	192	0
1619	180	0
1620	191	0
1621	223	0
1622	190	0
1623	196	0
1624	179	0
1625	223	0
1626	188	0
1627	208	0
1628	183	0
1629	182	0
1630	207	0
1631	197	0
1632	187	0
1633	185	0
1634	208	0
1635	190	0
1636	229	0
1637	201	0
1638	208	0
1639	211	0
1640	192	0
1641	185	0
1642	216	0
1643	199	0
1644	183	0
1645	201	0
1646	174	0
1647	205	0
1648	179	0
1649	183	0
1650	209	0
1651	171	0
1652	195	0
1653	202	0
1654	214	0
1655	215	0
1656	196	0
1657	170	0
1658	192	0
1659	199	0
1660	187	0
1661	218	0
1662	196	0
1663	205	0
1664	221	0
1665	175	0
1666	184	0
1667	204	0
1668	178	0
1669	191	0
1670	194	0
1671	211	0
1672	176	0
1673	194	0
1674	197	0
1675	247	0
1676	192	0
1677	181	0
1678	224	0
1679	190	0
1680	173	0
1681	203	0
1682	210	0
1683	220	0
1684	208	0
1685	193	0
1686	188	0
1687	180	0
1688	217	0
1689	195	0
1690	201	0
1691	191	0
1692	164	0
1693	204	0
1694	202	0
1695	178	0
1696	195	0
1697	215	0
1698	214	0
1699	172	0
1700	196	0
1701	217	0
1702	204	0
1703	192	0
1704	190	0
1705	186	0
1706	202	0
1707	180	0
1708	203	0
1709	181	0
1710	203	0
1711	210	0
1712	183	0
1713	230	0
1714	210	0
1715	192	0
1716	197	0
1717	193	0
1718	186	0
1719	198	0
1720	197	0
1721	208	0
1722	220	0
1723	213	0
1724	205	0
1725	181	0
1726	198	0
1727	199	0
1728	211	0
1729	186	0
1730	194	0
1731	211	0
1732	207	0
1733	211	0
1734	208	0
1735	184	0
1736	210	0
1737	226	0
1738	200	0
1739	200	0
1740	164	0
1741	192	0
1742	196	0
1743	197	0
1744	189	0
1745	202	0
1746	206	0
1747	189	0
1748	208	0
1749	207	0
1750	202	0
1751	186	0
1752	171	0
1753	177	0
1754	208	0
1755	185	0
1756	183	0
1757	193	0
1758	182	0
1759	179	0
1760	190	0
1761	209	0
1762	206	0
1763	222	0
1764	212	0
1765	181	0
1766	212	0
1767	211	0
1768	180	0
1769	202	0
1770	186	0
1771	188	0
1772	208	0
1773	183	0
1774	205	0
1775	204	0
1776	216	0
1777	181	0
1778	187	0
1779	186	0
1780	192	0
1781	208	0
1782	185	0
1783	192	0
1784	202	0
1785	212	0
1786	176	0
1787	170	0
1788	173	0
1789	204	0
1790	211	0
1791	216	0
1792	204	0
1793	187	0
1794	207	0
1795	183	0
1796	178	0
1797	201	0
1798	216	0
1799	185	0
1800	185	0
1801	190	0
1802	184	0
1803	187	0
1804	216	0
1805	207	0
1806	198	0
1807	208	0
1808	208	0
1809	175	0
1810	202	0
1811	203	0
1812	183	0
1813	158	0
1814	159	0
1815	222	0
1816	217	0
1817	187	0
1818	186	0
1819	203	0
1820	189	0
1821	205	0
1822	220	0
1823	166	0
1824	202	0
1825	201	0
1826	198	0
1827	187	0
1828	184	0
1829	185	0
1830	207	0
1831	198	0
1832	174	0
1833	203	0
1834	178	0
1835	181	0
1836	215	0
1837	206	0
1838	168	0
1839	202	0
1840	207	0
1841	224	0
1842	185	0
1843	185	0
1844	219	0
1845	212	0
1846	186	0
1847	190	0
1848	190	0
1849	190	0
1850	178	0
1851	208	0
1852	181	0
1853	206	0
1854	171	0
1855	187	0
1856	207	0
1857	176	0
1858	180	0
1859	185	0
1860	197	0
1861	190	0
1862	205	0
1863	173	0
1864	201	0
1865	198	0
1866	181	0
1867	187	0
1868	212	0
1869	212	0
1870	189	0
1871	189	0
1872	206	0
1873	200	0
1874	176	0
1875	184	0
1876	203	0
1877	185	0
1878	178	0
1879	205	0
1880	217	0
1881	205	0
1882	198	0
1883	177	0
1884	201	0
1885	215	0
1886	216	0
1887	237	0
1888	195	0
1889	207	0
1890	218	0
1891	194	0
1892	225	0
1893	181	0
1894	198	0
1895	208	0
1896	218	0
1897	197	0
1898	213	0
1899	224	0
1900	232	0
1901	195	0
1902	174	0
1903	187	0
1904	184	0
1905	192	0
1906	178	0
1907	209	0
1908	191	0
1909	205	0
1910	210	0
1911	198	0
1912	187	0
1913	195	0
1914	201	0
1915	196	0
1916	172	0
1917	200	0
1918	218	0
1919	197	0
1920	185	0
1921	169	0
1922	221	0
1923	203	0
1924	167	0
1925	167	0
1926	205	0
1927	210	0
1928	189	0
1929	183	0
1930	197	0
1931	211	0
1932	211	0
1933	186	0
1934	230	0
1935	224	0
1936	204	0
1937	207	0
1938	201	0
1939	202	0
1940	201	0
1941	205	0
1942	208	0
1943	184	0
1944	178	0
1945	197	0
1946	199	0
1947	201	0
1948	212	0
1949	195	0
1950	198	0
1951	181	0
1952	207	0
1953	202	0
1954	183	0
1955	153	0
1956	196	0
1957	176	0
1958	215	0
1959	172	0
1960	209	0
1961	209	0
1962	202	0
1963	201	0
1964	211	0
1965	195	0
1966	196	0
1967	172	0
1968	204	0
1969	207	0
1970	198	0
1971	193	0
1972	164	0
1973	185	0
1974	191	0
1975	201	0
1976	188	0
1977	203	0
1978	216	0
1979	167	0
1980	214	0
1981	196	0
1982	198	0
1983	212	0
1984	196	0
1985	179	0
1986	172	0
1987	204	0
1988	190	0
1989	193	0
1990	203	0
1991	195	0
1992	196	0
1993	218	0
1994	184	0
1995	165	0
1996	215	0
1997	194	0
1998	234	0
1999	178	0
2000	212	0
2001	189	0
2002	171	0
2003	193	0
2004	211	0
2005	195	0
2006	188	0
2007	187	0
2008	184	0
2009	201	0
2010	179	0
2011	206	0
2012	202	0
2013	182	0
2014	183	0
2015	210	0
2016	193	0
2017	191	0
2018	197	0
2019	191	0
2020	217	0
2021	186	0
2022	180	0
2023	172	0
2024	209	0
2025	220	0
2026	182	0
2027	216	0
2028	193	0
2029	181	0
2030	177	0
2031	183	0
2032	203	0
2033	186	0
2034	211	0
2035	206	0
2036	192	0
2037	187	0
2038	211	0
2039	199	0
2040	169	0
2041	188	0
2042	194	0
2043	188	0
2044	192	0
2045	190	0
2046	189	0
2047	185	0
2048	189	0
2049	198	0
2050	178	0
2051	208	0
2052	195	0
2053	202	0
2054	188	0
2055	199	0
2056	200	0
2057	185	0
2058	201	0
2059	196	0
2060	190	0
2061	178	0
2062	200	0
2063	199	0
2064	218	0
2065	184	0
2066	188	0
2067	189	0
2068	206	0
2069	187	0
2070	207	0
2071	179	0
2072	198	0
2073	189	0
2074	177	0
2075	199	0
2076	192	0
2077	178	0
2078	187	0
2079	216	0
2080	193	0
2081	200	0
2082	174	0
2083	171	0
2084	199	0
2085	233	0
2086	195	0
2087	202	0
2088	216	0
2089	178	0
2090	222	0
2091	178	0
2092	206	0
2093	177	0
2094	170	0
2095	181	0
2096	218	0
2097	206	0
2098	198	0
2099	184	0
2100	225	0
2101	183	0
2102	196	0
2103	190	0
2104	189	0
2105	187	0
2106	220	0
2107	199	0
2108	204	0
2109	209	0
2110	202	0
2111	212	0
2112	195	0
2113	199	0
2114	192	0
2115	196	0
2116	200	0
2117	180	0
2118	195	0
2119	227	0
2120	214	0
2121	208	0
2122	171	0
2123	179	0
2124	183	0
2125	200	0
2126	187	0
2127	209	0
2128	195	0
2129	198	0
2130	189	0
2131	185	0
2132	195	0
2133	224	0
2134	208	0
2135	210	0
2136	200	0
2137	199	0
2138	201	0
2139	187	0
2140	191	0
2141	208	0
2142	191	0
2143	197	0
2144	216	0
2145	215	0
2146	182	0
2147	206	0
2148	194	0
2149	198	0
2150	200	0
2151	164	0
2152	201	0
2153	191	0
2154	187	0
2155	192	0
2156	196	0
2157	161	0
2158	168	0
2159	202	0
2160	215	0
2161	204	0
2162	184	0
2163	204	0
2164	185	0
2165	215	0
2166	191	0
2167	171	0
2168	181	0
2169	213	0
2170	190	0
2171	187	0
2172	205	0
2173	214	0
2174	193	0
2175	200	0
2176	181	0
2177	202	0
2178	183	0
2179	202	0
2180	198	0
2181	214	0
2182	210	0
2183	210	0
2184	189	0
2185	209	0
2186	189	0
2187	199	0
2188	211	0
2189	202	0
2190	214	0
2191	201	0
2192	200	0
2193	222	0
2194	208	0
2195	196	0
2196	196	0
2197	197	0
2198	199	0
2199	229	0
2200	205	0
2201	204	0
2202	193	0
2203	194	0
2204	208	0
2205	186	0
2206	223	0
2207	170	0
2208	216	0
2209	199	0
2210	190	0
2211	199	0
2212	190	0
2213	196	0
2214	212	0
2215	208	0
2216	223	0
2217	198	0
2218	182	0
2219	223	0
2220	191	0
2221	190	0
2222	208	0
2223	191	0
2224	213	0
2225	192	0
2226	195	0
2227	187	0
2228	202	0
2229	225	0
2230	173	0
2231	204	0
2232	206	0
2233	192	0
2234	183	0
2235	179	0
2236	171	0
2237	186	0
2238	188	0
2239	197	0
2240	188	0
2241	193	0
2242	187	0
2243	235	0
2244	209	0
2245	183	0
2246	215	0
2247	218	0
2248	192	0
2249	179	0
2250	202	0
2251	190	0
2252	180	0
2253	194	0
2254	198	0
2255	195	0
2256	203	0
2257	196	0
2258	196	0
2259	161	0
2260	187	0
2261	224	0
2262	182	0
2263	181	0
2264	219	0
2265	210	0
2266	219	0
2267	221	0
2268	195	0
2269	192	0
2270	194	0
2271	203	0
2272	191	0
2273	192	0
2274	208	0
2275	197	0
2276	169	0
2277	198	0
2278	179	0
2279	198	0
2280	186	0
2281	188	0
2282	199	0
2283	191	0
2284	199	0
2285	208	0
2286	192	0
2287	192	0
2288	187	0
2289	180	0
2290	217	0
2291	194	0
2292	209	0
2293	170	0
2294	199	0
2295	191	0
2296	177	0
2297	200	0
2298	199	0
2299	200	0
2300	206	0
2301	188	0
2302	198	0
2303	201	0
2304	195	0
2305	166	0
2306	179	0
2307	186	0
2308	192	0
2309	183	0
2310	173	0
2311	152	0
2312	215	0
2313	218	0
2314	206	0
2315	201	0
2316	222	0
2317	198	0
2318	167	0
2319	186	0
2320	187	0
2321	191	0
2322	200	0
2323	200	0
2324	195	0
2325	211	0
2326	190	0
2327	204	0
2328	202	0
2329	208	0
2330	196	0
2331	181	0
2332	194	0
2333	193	0
2334	203	0
2335	177	0
2336	188	0
2337	184	0
2338	206	0
2339	215	0
2340	190	0
2341	186	0
2342	198	0
2343	180	0
2344	197	0
2345	203	0
2346	200	0
2347	189	0
2348	196	0
2349	197	0
2350	214	0
2351	203	0
2352	190	0
2353	228	0
2354	209	0
2355	200	0
2356	192	0
2357	204	0
2358	195	0
2359	184	0
2360	170	0
2361	205	0
2362	203	0
2363	195	0
2364	205	0
2365	166	0
2366	190	0
2367	201	0
2368	204	0
2369	179	0
2370	181	0
2371	176	0
2372	195	0
2373	195	0
2374	197	0
2375	197	0
2376	184	0
2377	191	0
2378	207	0
2379	231	0
2380	196	0
2381	207	0
2382	210	0
2383	190	0
2384	180	0
2385	177	0
2386	209	0
2387	199	0
2388	207	0
2389	201	0
2390	188	0
2391	217	0
2392	197	0
2393	189	0
2394	185	0
2395	206	0
2396	194	0
2397	190	0
2398	228	0
2399	182	0
2400	218	0
2401	172	0
2402	210	0
2403	222	0
2404	227	0
2405	190	0
2406	207	0
2407	226	0
2408	174	0
2409	229	0
2410	175	0
2411	215	0
2412	195	0
2413	195	0
2414	221	0
2415	208	0
2416	187	0
2417	203	0
2418	192	0
2419	196	0
2420	217	0
2421	192	0
2422	200	0
2423	185	0
2424	187	0
2425	194	0
2426	192	0
2427	210	0
2428	218	0
2429	190	0
2430	202	0
2431	182	0
2432	197	0
2433	179	0
2434	168	0
2435	208	0
2436	193	0
2437	211	0
2438	196	0
2439	205	0
2440	204	0
2441	205	0
2442	180	0
2443	214	0
2444	185	0
2445	186	0
2446	217	0
2447	207	0
2448	218	0
2449	188	0
2450	210	0
2451	192	0
2452	218	0
2453	210	0
2454	194	0
2455	222	0
2456	191	0
2457	207	0
2458	201	0
2459	182	0
2460	175	0
2461	206	0
2462	196	0
2463	217	0
2464	196	0
2465	203	0
2466	187	0
2467	242	0
2468	203	0
2469	201	0
2470	201	0
2471	215	0
2472	201	0
2473	184	0
2474	208	0
2475	198	0
2476	204	0
2477	196	0
2478	205	0
2479	206	0
2480	184	0
2481	211	0
2482	227	0
2483	175	0
2484	197	0
2485	183	0
2486	211	0
2487	223	0
2488	207	0
2489	181	0
2490	198	0
2491	173	0
2492	194	0
2493	197	0
2494	228	0
2495	203	0
2496	178	0
2497	200	0
2498	204	0
2499	189	0
2500	185	0
2501	191	0
2502	201	0
2503	210	0
2504	202	0
2505	224	0
2506	190	0
2507	199	0
2508	194	0
2509	210	0
2510	184	0
2511	177	0
2512	171	0
2513	219	0
2514	210	0
2515	193	0
2516	199	0
2517	197	0
2518	212	0
2519	201	0
2520	201	0
2521	197	0
2522	200	0
2523	202	0
2524	176	0
2525	180	0
2526	232	0
2527	217	0
2528	213	0
2529	193	0
2530	182	0
2531	173	0
2532	180	0
2533	227	0
2534	207	0
2535	217	0
2536	191	0
2537	173	0
2538	217	0
2539	180	0
2540	206	0
2541	176	0
2542	199	0
2543	179	0
2544	188	0
2545	185	0
2546	209	0
2547	220	0
2548	203	0
2549	186	0
2550	196	0
2551	220	0
2552	204	0
2553	207	0
2554	185	0
2555	213	0
2556	186	0
2557	187	0
2558	198	0
2559	189	0
2560	161	0
2561	208	0
2562	176	0
2563	203	0
2564	192	0
2565	172	0
2566	195	0
2567	199	0
2568	206	0
2569	215	0
2570	207	0
2571	191	0
2572	151	0
2573	195	0
2574	188	0
2575	218	0
2576	212	0
2577	191	0
2578	227	0
2579	191	0
2580	187	0
2581	211	0
2582	217	0
2583	207	0
2584	223	0
2585	187	0
2586	207	0
2587	200	0
2588	190	0
2589	187	0
2590	196	0
2591	195	0
2592	183	0
2593	205	0
2594	219	0
2595	194	0
2596	209	0
2597	194	0
2598	184	0
2599	233	0
2600	184	0
2601	185	0
2602	192	0
2603	201	0
2604	191	0
2605	213	0
2606	198	0
2607	181	0
2608	201	0
2609	189	0
2610	192	0
2611	212	0
2612	161	0
2613	194	0
2614	183	0
2615	203	0
2616	185	0
2617	192	0
2618	199	0
2619	194	0
2620	194	0
2621	178	0
2622	211	0
2623	195	0
2624	189	0
2625	181	0
2626	206	0
2627	211	0
2628	208	0
2629	188	0
2630	206	0
2631	196	0
2632	174	0
2633	207	0
2634	200	0
2635	186	0
2636	202	0
2637	171	0
2638	180	0
2639	171	0
2640	189	0
2641	196	0
2642	166	0
2643	179	0
2644	186	0
2645	233	0
2646	184	0
2647	195	0
2648	174	0
2649	172	0
2650	194	0
2651	187	0
2652	198	0
2653	180	0
2654	183	0
2655	214	0
2656	199	0
2657	208	0
2658	182	0
2659	192	0
2660	202	0
2661	214	0
2662	174	0
2663	193	0
2664	201	0
2665	177	0
2666	204	0
2667	207	0
2668	178	0
2669	211	0
2670	211	0
2671	201	0
2672	187	0
2673	179	0
2674	219	0
2675	202	0
2676	164	0
2677	202	0
2678	168	0
2679	173	0
2680	195	0
2681	199	0
2682	196	0
2683	201	0
2684	193	0
2685	183	0
2686	214	0
2687	203	0
2688	200	0
2689	177	0
2690	209	0
2691	204	0
2692	228	0
2693	210	0
2694	195	0
2695	196	0
2696	191	0
2697	180	0
2698	198	0
2699	200	0
2700	203	0
2701	194	0
2702	196	0
2703	188	0
2704	207	0
2705	186	0
2706	207	0
2707	210	0
2708	195	0
2709	204	0
2710	207	0
2711	199	0
2712	198	0
2713	192	0
2714	208	0
2715	199	0
2716	186	0
2717	197	0
2718	201	0
2719	192	0
2720	193	0
2721	195	0
2722	198	0
2723	206	0
2724	187	0
2725	198	0
2726	235	0
2727	175	0
2728	164	0
2729	218	0
2730	193	0
2731	201	0
2732	197	0
2733	199	0
2734	189	0
2735	198	0
2736	212	0
2737	199	0
2738	188	0
2739	213	0
2740	206	0
2741	198	0
2742	196	0
2743	194	0
2744	187	0
2745	184	0
2746	196	0
2747	181	0
2748	196	0
2749	172	0
2750	202	0
2751	158	0
2752	189	0
2753	214	0
2754	187	0
2755	198	0
2756	183	0
2757	197	0
2758	187	0
2759	190	0
2760	201	0
2761	202	0
2762	202	0
2763	194	0
2764	185	0
2765	162	0
2766	199	0
2767	194	0
2768	219	0
2769	213	0
2770	189	0
2771	177	0
2772	168	0
2773	186	0
2774	178	0
2775	204	0
2776	193	0
2777	194	0
2778	179	0
2779	183	0
2780	186	0
2781	192	0
2782	207	0
2783	216	0
2784	178	0
2785	206	0
2786	225	0
2787	181	0
2788	206	0
2789	211	0
2790	198	0
2791	198	0
2792	186	0
2793	215	0
2794	180	0
2795	171	0
2796	221	0
2797	215	0
2798	193	0
2799	195	0
2800	202	0
2801	202	0
2802	206	0
2803	184	0
2804	174	0
2805	201	0
2806	200	0
2807	200	0
2808	181	0
2809	193	0
2810	202	0
2811	214	0
2812	193	0
2813	207	0
2814	212	0
2815	194	0
2816	196	0
2817	212	0
2818	180	0
2819	218	0
2820	198	0
2821	167	0
2822	163	0
2823	197	0
2824	194	0
2825	206	0
2826	194	0
2827	209	0
2828	216	0
2829	195	0
2830	179	0
2831	197	0
2832	186	0
2833	165	0
2834	199	0
2835	182	0
2836	228	0
2837	189	0
2838	194	0
2839	217	0
2840	185	0
2841	183	0
2842	186	0
2843	200	0
2844	178	0
2845	206	0
2846	214	0
2847	184	0
2848	192	0
2849	201	0
2850	187	0
2851	201	0
2852	166	0
2853	205	0
2854	213	0
2855	195	0
2856	195	0
2857	193	0
2858	187	0
2859	181	0
2860	206	0
2861	192	0
2862	164	0
2863	178	0
2864	198	0
2865	196	0
2866	207	0
2867	177	0
2868	222	0
2869	191	0
2870	212	0
2871	184	0
2872	190	0
2873	192	0
2874	183	0
2875	228	0
2876	164	0
2877	188	0
2878	212	0
2879	185	0
2880	193	0
2881	223	0
2882	184	0
2883	183	0
2884	214	0
2885	172	0
2886	217	0
2887	174	0
2888	206	0
2889	197	0
2890	190	0
2891	198	0
2892	203	0
2893	202	0
2894	205	0
2895	233	0
2896	220	0
2897	188	0
2898	203	0
2899	207	0
2900	183	0
2901	201	0
2902	182	0
2903	187	0
2904	197	0
2905	219	0
2906	208	0
2907	199	0
2908	189	0
2909	177	0
2910	180	0
2911	197	0
2912	207	0
2913	188	0
2914	182	0
2915	196	0
2916	202	0
2917	211	0
2918	192	0
2919	213	0
2920	193	0
2921	194	0
2922	210	0
2923	186	0
2924	224	0
2925	223	0
2926	207	0
2927	190	0
2928	206	0
2929	217	0
2930	194	0
2931	204	0
2932	191	0
2933	182	0
2934	226	0
2935	176	0
2936	193	0
2937	198	0
2938	193	0
2939	188	0
2940	190	0
2941	202	0
2942	175	0
2943	188	0
2944	212	0
2945	188	0
2946	178	0
2947	224	0
2948	191	0
2949	183	0
2950	179	0
2951	181	0
2952	208	0
2953	207	0
2954	217	0
2955	162	0
2956	190	0
2957	183	0
2958	203	0
2959	198	0
2960	193	0
2961	179	0
2962	205	0
2963	176	0
2964	186	0
2965	178	0
2966	201	0
2967	182	0
2968	204	0
2969	187	0
2970	208	0
2971	190	0
2972	197	0
2973	192	0
2974	198	0
2975	200	0
2976	183	0
2977	182	0
2978	199	0
2979	217	0
2980	180	0
2981	210	0
2982	190	0
2983	197	0
2984	193	0
2985	180	0
2986	183	0
2987	208	0
2988	193	0
2989	201	0
2990	206	0
2991	204	0
2992	197	0
2993	208	0
2994	185	0
2995	186	0
2996	185	0
2997	179	0
2998	184	0
2999	192	0
3000	190	0
