1	177	0
2	211	0
3	177	0
4	208	0
5	236	0
6	216	0
7	207	0
8	192	0
9	211	0
10	207	0
11	191	0
12	188	0
13	220	0
14	196	0
15	159	0
16	193	0
17	217	0
18	217	0
19	193	0
20	167	0
21	187	0
22	193	0
23	189	0
24	213	0
25	192	0
26	192	0
27	211	0
28	222	0
29	206	0
30	183	0
31	186	0
32	210	0
33	181	0
34	186	0
35	201	0
36	219	0
37	199	0
38	178	0
39	200	0
40	211	0
41	191	0
42	200	0
43	206	0
44	192	0
45	200	0
46	209	0
47	197	0
48	189	0
49	206	0
50	185	0
51	180	0
52	207	0
53	187	0
54	213	0
55	180	0
56	166	0
57	206	0
58	191	0
59	191	0
60	221	0
61	184	0
62	199	0
63	199	0
64	214	0
65	197	0
66	189	0
67	188	0
68	220	0
69	215	0
70	188	0
71	183	0
72	200	0
73	201	0
74	171	0
75	199	0
76	165	0
77	193	0
78	224	0
79	199	0
80	202	0
81	194	0
82	192	0
83	188	0
84	191	0
85	217	0
86	186	0
87	195	0
88	214	0
89	211	0
90	204	0
91	208	0
92	235	0
93	232	0
94	198	0
95	209	0
96	166	0
97	200	0
98	197	0
99	212	0
100	200	0
101	175	0
102	198	0
103	198	0
104	194	0
105	224	0
106	202	0
107	203	0
108	226	0
109	186	0
110	250	0
111	183	0
112	203	0
113	173	0
114	196	0
115	189	0
116	199	0
117	193	0
118	239	0
119	223	0
120	208	0
121	199	0
122	182	0
123	214	0
124	189	0
125	180	0
126	203	0
127	194	0
128	203	0
129	192	0
130	207	0
131	202	0
132	202	0
133	223	0
134	205	0
135	210	0
136	206	0
137	196	0
138	200	0
139	205	0
140	195	0
141	199	0
142	196	0
143	196	0
144	212	0
145	199	0
146	196	0
147	190	0
148	162	0
149	218	0
150	181	0
151	193	0
152	197	0
153	208	0
154	170	0
155	205	0
156	189	0
157	192	0
158	178	0
159	219	0
160	205	0
161	218	0
162	187	0
163	209	0
164	198	0
165	210	0
166	203	0
167	199	0
168	189	0
169	199	0
170	196	0
171	211	0
172	195	0
173	184	0
174	224	0
175	194	0
176	179	0
177	184	0
178	185	0
179	214	0
180	200	0
181	228	0
182	183	0
183	219	0
184	205	0
185	205	0
186	198	0
187	195	0
188	200	0
189	181	0
190	183	0
191	215	0
192	186	0
193	202	0
194	214	0
195	204	0
196	206	0
197	203	0
198	215	0
199	195	0
200	232	0
201	209	0
202	197	0
203	198	0
204	208	0
205	195	0
206	201	0
207	194	0
208	215	0
209	188	0
210	181	0
211	196	0
212	198	0
213	193	0
214	212	0
215	214	0
216	203	0
217	178	0
218	200	0
219	202	0
220	172	0
221	208	0
222	197	0
223	218	0
224	180	0
225	195	0
226	185	0
227	218	0
228	179	0
229	188	0
230	202	0
231	183	0
232	204	0
233	190	0
234	180	0
235	185	0
236	194	0
237	204	0
238	176	0
239	202	0
240	190	0
241	178	0
242	188	0
243	223	0
244	197	0
245	208	0
246	195	0
247	189	0
248	180	0
249	171	0
250	196	0
251	205	0
252	191	0
253	200	0
254	177	0
255	213	0
256	199	0
257	165	0
258	220	0
259	203	0
260	204	0
261	218	0
262	207	0
263	220	0
264	170	0
265	191	0
266	192	0
267	211	0
268	183	0
269	185	0
270	183	0
271	207	0
272	195	0
273	190	0
274	225	0
275	198	0
276	193	0
277	197	0
278	196	0
279	171	0
280	204	0
281	210	0
282	190	0
283	204	0
284	215	0
285	189	0
286	208	0
287	211	0
288	193	0
289	187	0
290	189	0
291	217	0
292	217	0
293	214	0
294	198	0
295	206	0
296	198	0
297	190	0
298	198	0
299	222	0
300	187	0
301	210	0
302	181	0
303	187	0
304	170	0
305	193	0
306	185	0
307	202	0
308	199	0
309	188	0
310	202	0
311	198	0
312	178	0
313	195	0
314	165	0
315	196	0
316	215	0
317	190	0
318	214	0
319	189	0
320	196	0
321	198	0
322	197	0
323	186	0
324	182	0
325	169	0
326	198	0
327	219	0
328	232	0
329	197	0
330	208	0
331	218	0
332	166	0
333	196	0
334	195	0
335	202	0
336	215	0
337	206	0
338	212	0
339	208	0
340	222	0
341	205	0
342	217	0
343	192	0
344	242	0
345	198	0
346	182	0
347	212	0
348	219	0
349	175	0
350	182	0
351	188	0
352	209	0
353	188	0
354	201	0
355	189	0
356	192	0
357	188	0
358	181	0
359	195	0
360	204	0
361	222	0
362	217	0
363	196	0
364	168	0
365	202	0
366	228	0
367	187	0
368	219	0
369	198	0
370	176	0
371	220	0
372	196	0
373	200	0
374	196	0
375	212	0
376	183	0
377	207	0
378	210	0
379	207	0
380	197	0
381	226	0
382	172	0
383	190	0
384	213	0
385	206	0
386	185	0
387	225	0
388	196	0
389	189	0
390	204	0
391	190	0
392	196	0
393	193	0
394	188	0
395	181	0
396	193	0
397	209	0
398	199	0
399	218	0
400	191	0
401	190	0
402	204	0
403	190	0
404	209	0
405	200	0
406	172	0
407	198	0
408	198	0
409	217	0
410	209	0
411	197	0
412	190	0
413	201	0
414	203	0
415	206	0
416	190	0
417	190	0
418	219	0
419	191	0
420	196	0
421	204	0
422	215	0
423	210	0
424	222	0
425	205	0
426	208	0
427	177	0
428	239	0
429	200	0
430	201	0
431	177	0
432	193	0
433	200	0
434	201	0
435	177	0
436	229	0
437	196	0
438	190	0
439	189	0
440	212	0
441	201	0
442	183	0
443	182	0
444	217	0
445	203	0
446	200	0
447	200	0
448	199	0
449	210	0
450	174	0
451	197	0
452	201	0
453	177	0
454	189	0
455	220	0
456	216	0
457	164	0
458	193	0
459	180	0
460	222	0
461	191	0
462	186	0
463	198	0
464	209	0
465	204	0
466	227	0
467	208	0
468	218	0
469	192	0
470	198	0
471	215	0
472	196	0
473	205	0
474	201	0
475	179	0
476	183	0
477	170	0
478	207	0
479	215	0
480	199	0
481	193	0
482	210	0
483	187	0
484	196	0
485	200	0
486	208	0
487	228	0
488	227	0
489	209	0
490	199	0
491	219	0
492	208	0
493	204	0
494	197	0
495	203	0
496	199	0
497	214	0
498	188	0
499	195	0
500	208	0
501	178	0
502	188	0
503	206	0
504	196	0
505	209	0
506	185	0
507	213	0
508	213	0
509	192	0
510	188	0
511	209	0
512	175	0
513	213	0
514	208	0
515	190	0
516	204	0
517	177	0
518	172	0
519	200	0
520	195	0
521	203	0
522	202	0
523	219	0
524	200	0
525	184	0
526	193	0
527	193	0
528	202	0
529	177	0
530	201	0
531	174	0
532	232	0
533	214	0
534	195	0
535	196	0
536	208	0
537	194	0
538	193	0
539	193	0
540	187	0
541	189	0
542	206	0
543	175	0
544	211	0
545	186	0
546	213	0
547	214	0
548	205	0
549	167	0
550	195	0
551	192	0
552	179	0
553	169	0
554	211	0
555	212	0
556	213	0
557	221	0
558	177	0
559	200	0
560	189	0
561	194	0
562	207	0
563	176	0
564	214	0
565	186	0
566	205	0
567	215	0
568	199	0
569	202	0
570	203	0
571	225	0
572	198	0
573	198	0
574	200	0
575	197	0
576	191	0
577	215	0
578	193	0
579	171	0
580	166	0
581	205	0
582	198	0
583	218	0
584	206	0
585	189	0
586	180	0
587	222	0
588	185	0
589	188	0
590	184	0
591	174	0
592	177	0
593	192	0
594	211	0
595	198	0
596	234	0
597	200	0
598	212	0
599	171	0
600	189	0
601	194	0
602	181	0
603	194	0
604	215	0
605	186	0
606	187	0
607	215	0
608	225	0
609	178	0
610	211	0
611	183	0
612	190	0
613	197	0
614	205	0
615	205	0
616	182	0
617	200	0
618	208	0
619	187	0
620	209	0
621	198	0
622	237	0
623	198	0
624	193	0
625	211	0
626	162	0
627	205	0
628	190	0
629	203	0
630	187	0
631	202	0
632	188	0
633	210	0
634	200	0
635	186	0
636	221	0
637	211	0
638	189	0
639	210	0
640	209	0
641	194	0
642	192	0
643	215	0
644	197	0
645	194	0
646	226	0
647	192	0
648	191	0
649	189	0
650	189	0
651	184	0
652	185	0
653	217	0
654	197	0
655	206	0
656	201	0
657	220	0
658	206	0
659	192	0
660	204	0
661	182	0
662	199	0
663	189	0
664	196	0
665	203	0
666	214	0
667	198	0
668	179	0
669	179	0
670	201	0
671	181	0
672	216	0
673	190	0
674	204	0
675	226	0
676	221	0
677	180	0
678	202	0
679	165	0
680	207	0
681	193	0
682	202	0
683	198	0
684	189	0
685	204	0
686	185	0
687	187	0
688	216	0
689	218	0
690	204	0
691	199	0
692	215	0
693	207	0
694	226	0
695	187	0
696	196	0
697	189	0
698	204	0
699	208	0
700	179	0
701	188	0
702	217	0
703	197	0
704	195	0
705	195	0
706	195	0
707	187	0
708	199	0
709	204	0
710	223	0
711	212	0
712	208	0
713	203	0
714	174	0
715	209	0
716	197	0
717	199	0
718	186	0
719	188	0
720	189	0
721	214	0
722	212	0
723	196	0
724	232	0
725	195	0
726	197	0
727	209	0
728	210	0
729	197	0
730	187	0
731	206	0
732	199	0
733	210	0
734	213	0
735	198	0
736	195	0
737	218	0
738	220	0
739	181	0
740	210	0
741	204	0
742	203	0
743	200	0
744	191	0
745	210	0
746	202	0
747	201	0
748	188	0
749	208	0
750	202	0
751	197	0
752	186	0
753	193	0
754	180	0
755	191	0
756	184	0
757	222	0
758	198	0
759	202	0
760	210	0
761	192	0
762	188	0
763	202	0
764	186	0
765	173	0
766	191	0
767	202	0
768	214	0
769	175	0
770	182	0
771	207	0
772	172	0
773	190	0
774	207	0
775	173	0
776	183	0
777	192	0
778	186	0
779	205	0
780	189	0
781	177	0
782	212	0
783	225	0
784	211	0
785	193	0
786	214	0
787	219	0
788	192	0
789	197	0
790	188	0
791	222	0
792	190	0
793	175	0
794	210	0
795	181	0
796	211	0
797	181	0
798	192	0
799	203	0
800	203	0
801	214	0
802	222	0
803	196	0
804	193	0
805	203	0
806	218	0
807	188	0
808	203	0
809	220	0
810	182	0
811	193	0
812	205	0
813	207	0
814	201	0
815	184	0
816	186	0
817	206	0
818	212	0
819	221	0
820	198	0
821	194	0
822	203	0
823	204	0
824	190	0
825	190	0
826	195	0
827	203	0
828	172	0
829	208	0
830	198	0
831	184	0
832	208	0
833	184	0
834	218	0
835	190	0
836	200	0
837	198	0
838	211	0
839	228	0
840	211	0
841	215	0
842	188	0
843	211	0
844	194	0
845	192	0
846	211	0
847	175	0
848	186	0
849	187	0
850	211	0
851	199	0
852	208	0
853	203	0
854	201	0
855	184	0
856	191	0
857	200	0
858	190	0
859	189	0
860	199	0
861	206	0
862	209	0
863	222	0
864	202	0
865	191	0
866	212	0
867	227	0
868	212	0
869	198	0
870	220	0
871	202	0
872	195	0
873	202	0
874	180	0
875	172	0
876	199	0
877	207	0
878	198	0
879	222	0
880	212	0
881	181	0
882	185	0
883	200	0
884	203	0
885	203	0
886	215	0
887	210	0
888	224	0
889	198	0
890	186	0
891	212	0
892	216	0
893	222	0
894	194	0
895	182	0
896	238	0
897	228	0
898	208	0
899	170	0
900	195	0
901	189	0
902	198	0
903	202	0
904	205	0
905	208	0
906	163	0
907	192	0
908	174	0
909	182	0
910	226	0
911	198	0
912	190	0
913	213	0
914	190	0
915	180	0
916	212	0
917	223	0
918	189	0
919	211	0
920	181	0
921	167	0
922	208	0
923	195	0
924	221	0
925	222	0
926	200	0
927	225	0
928	206	0
929	189	0
930	189	0
931	216	0
932	202	0
933	178	0
934	213	0
935	198	0
936	196	0
937	173	0
938	206	0
939	189	0
940	214	0
941	206	0
942	208	0
943	193	0
944	201	0
945	176	0
946	193	0
947	221	0
948	190	0
949	194	0
950	197	0
951	188	0
952	207	0
953	193	0
954	165	0
955	187	0
956	210	0
957	191	0
958	179	0
959	189	0
960	212	0
961	187	0
962	198	0
963	162	0
964	202	0
965	177	0
966	195	0
967	205	0
968	206	0
969	187	0
970	195	0
971	197	0
972	207	0
973	216	0
974	204	0
975	206	0
976	220	0
977	207	0
978	208	0
979	201	0
980	197	0
981	192	0
982	195	0
983	202	0
984	230	0
985	181	0
986	216	0
987	224	0
988	182	0
989	216	0
990	175	0
991	190	0
992	187	0
993	180	0
994	228	0
995	205	0
996	191	0
997	211	0
998	211	0
999	183	0
1000	207	0
1001	202	0
1002	218	0
1003	182	0
1004	219	0
1005	205	0
1006	198	0
1007	199	0
1008	211	0
1009	202	0
1010	208	0
1011	162	0
1012	231	0
1013	182	0
1014	187	0
1015	186	0
1016	210	0
1017	207	0
1018	200	0
1019	179	0
1020	206	0
1021	176	0
1022	185	0
1023	188	0
1024	209	0
1025	195	0
1026	169	0
1027	190	0
1028	189	0
1029	202	0
1030	218	0
1031	224	0
1032	192	0
1033	195	0
1034	193	0
1035	208	0
1036	195	0
1037	183	0
1038	219	0
1039	221	0
1040	219	0
1041	192	0
1042	180	0
1043	203	0
1044	165	0
1045	184	0
1046	198	0
1047	198	0
1048	196	0
1049	186	0
1050	222	0
1051	187	0
1052	207	0
1053	212	0
1054	209	0
1055	181	0
1056	185	0
1057	181	0
1058	172	0
1059	215	0
1060	185	0
1061	213	0
1062	185	0
1063	202	0
1064	195	0
1065	167	0
1066	223	0
1067	198	0
1068	196	0
1069	181	0
1070	183	0
1071	189	0
1072	215	0
1073	194	0
1074	182	0
1075	176	0
1076	213	0
1077	208	0
1078	197	0
1079	169	0
1080	201	0
1081	168	0
1082	229	0
1083	194	0
1084	197	0
1085	185	0
1086	199	0
1087	218	0
1088	234	0
1089	176	0
1090	206	0
1091	205	0
1092	189	0
1093	179	0
1094	194	0
1095	197	0
1096	192	0
1097	200	0
1098	207	0
1099	198	0
1100	192	0
1101	214	0
1102	197	0
1103	209	0
1104	222	0
1105	209	0
1106	194	0
1107	195	0
1108	208	0
1109	196	0
1110	192	0
1111	183	0
1112	192	0
1113	185	0
1114	191	0
1115	211	0
1116	211	0
1117	212	0
1118	187	0
1119	177	0
1120	191	0
1121	226	0
1122	164	0
1123	180	0
1124	199	0
1125	196	0
1126	197	0
1127	204	0
1128	199	0
1129	201	0
1130	210	0
1131	205	0
1132	210	0
1133	211	0
1134	208	0
1135	194	0
1136	202	0
1137	204	0
1138	188	0
1139	171	0
1140	209	0
1141	194	0
1142	207	0
1143	212	0
1144	183	0
1145	202	0
1146	186	0
1147	182	0
1148	199	0
1149	202	0
1150	202	0
1151	207	0
1152	227	0
1153	208	0
1154	218	0
1155	188	0
1156	193	0
1157	204	0
1158	207	0
1159	211	0
1160	194	0
1161	207	0
1162	197	0
1163	176	0
1164	193	0
1165	186	0
1166	189	0
1167	178	0
1168	170	0
1169	206	0
1170	193	0
1171	195	0
1172	161	0
1173	177	0
1174	203	0
1175	192	0
1176	177	0
1177	187	0
1178	190	0
1179	210	0
1180	166	0
1181	214	0
1182	190	0
1183	165	0
1184	219	0
1185	208	0
1186	208	0
1187	186	0
1188	185	0
1189	192	0
1190	202	0
1191	226	0
1192	178	0
1193	180	0
1194	213	0
1195	198	0
1196	196	0
1197	182	0
1198	185	0
1199	178	0
1200	200	0
1201	210	0
1202	189	0
1203	214	0
1204	210	0
1205	195	0
1206	207	0
1207	187	0
1208	193	0
1209	212	0
1210	179	0
1211	182	0
1212	159	0
1213	202	0
1214	199	0
1215	194	0
1216	205	0
1217	200	0
1218	200	0
1219	221	0
1220	207	0
1221	229	0
1222	209	0
1223	207	0
1224	216	0
1225	165	0
1226	184	0
1227	213	0
1228	208	0
1229	195	0
1230	211	0
1231	185	0
1232	194	0
1233	182	0
1234	177	0
1235	198	0
1236	196	0
1237	212	0
1238	176	0
1239	201	0
1240	189	0
1241	203	0
1242	199	0
1243	177	0
1244	186	0
1245	196	0
1246	187	0
1247	213	0
1248	187	0
1249	227	0
1250	194	0
1251	190	0
1252	225	0
1253	194	0
1254	187	0
1255	169	0
1256	215	0
1257	197	0
1258	178	0
1259	193	0
1260	184	0
1261	196	0
1262	195	0
1263	196	0
1264	230	0
1265	194	0
1266	207	0
1267	170	0
1268	207	0
1269	209	0
1270	196	0
1271	183	0
1272	185	0
1273	192	0
1274	194	0
1275	186	0
1276	223	0
1277	173	0
1278	184	0
1279	201	0
1280	197	0
1281	208	0
1282	177	0
1283	202	0
1284	184	0
1285	182	0
1286	234	0
1287	188	0
1288	211	0
1289	206	0
1290	208	0
1291	214	0
1292	222	0
1293	212	0
1294	184	0
1295	223	0
1296	195	0
1297	203	0
1298	186	0
1299	227	0
1300	162	0
1301	162	0
1302	197	0
1303	192	0
1304	204	0
1305	213	0
1306	183	0
1307	188	0
1308	190	0
1309	199	0
1310	213	0
1311	190	0
1312	204	0
1313	212	0
1314	214	0
1315	194	0
1316	183	0
1317	197	0
1318	223	0
1319	209	0
1320	203	0
1321	190	0
1322	237	0
1323	193	0
1324	180	0
1325	186	0
1326	182	0
1327	183	0
1328	159	0
1329	209	0
1330	215	0
1331	194	0
1332	202	0
1333	193	0
1334	216	0
1335	181	0
1336	211	0
1337	200	0
1338	198	0
1339	180	0
1340	189	0
1341	229	0
1342	203	0
1343	215	0
1344	178	0
1345	199	0
1346	206	0
1347	168	0
1348	218	0
1349	181	0
1350	196	0
1351	195	0
1352	214	0
1353	201	0
1354	199	0
1355	211	0
1356	202	0
1357	211	0
1358	186	0
1359	227	0
1360	208	0
1361	209	0
1362	197	0
1363	172	0
1364	204	0
1365	210	0
1366	195	0
1367	201	0
1368	172	0
1369	199	0
1370	210	0
1371	204	0
1372	184	0
1373	198	0
1374	182	0
1375	224	0
1376	210	0
1377	220	0
1378	215	0
1379	216	0
1380	196	0
1381	198	0
1382	205	0
1383	189	0
1384	207	0
1385	186	0
1386	219	0
1387	247	0
1388	195	0
1389	210	0
1390	198	0
1391	197	0
1392	188	0
1393	186	0
1394	229	0
1395	221	0
1396	180	0
1397	188	0
1398	204	0
1399	209	0
1400	191	0
1401	199	0
1402	224	0
1403	219	0
1404	211	0
1405	193	0
1406	197	0
1407	201	0
1408	202	0
1409	202	0
1410	197	0
1411	178	0
1412	206	0
1413	167	0
1414	199	0
1415	181	0
1416	180	0
1417	225	0
1418	201	0
1419	201	0
1420	188	0
1421	191	0
1422	203	0
1423	171	0
1424	209	0
1425	214	0
1426	208	0
1427	178	0
1428	194	0
1429	188	0
1430	197	0
1431	205	0
1432	192	0
1433	199	0
1434	219	0
1435	215	0
1436	190	0
1437	188	0
1438	190	0
1439	204	0
1440	199	0
1441	200	0
1442	176	0
1443	205	0
1444	199	0
1445	210	0
1446	190	0
1447	179	0
1448	178	0
1449	210	0
1450	218	0
1451	215	0
1452	193	0
1453	242	0
1454	197	0
1455	167	0
1456	194	0
1457	207	0
1458	198	0
1459	210	0
1460	180	0
1461	179	0
1462	221	0
1463	197	0
1464	185	0
1465	224	0
1466	177	0
1467	203	0
1468	205	0
1469	195	0
1470	235	0
1471	176	0
1472	164	0
1473	214	0
1474	199	0
1475	234	0
1476	214	0
1477	188	0
1478	214	0
1479	212	0
1480	190	0
1481	180	0
1482	223	0
1483	193	0
1484	187	0
1485	229	0
1486	214	0
1487	202	0
1488	210	0
1489	190	0
1490	193	0
1491	204	0
1492	191	0
1493	188	0
1494	190	0
1495	201	0
1496	192	0
1497	187	0
1498	193	0
1499	185	0
1500	197	0
1501	194	0
1502	183	0
1503	228	0
1504	197	0
1505	190	0
1506	205	0
1507	182	0
1508	211	0
1509	205	0
1510	206	0
1511	229	0
1512	205	0
1513	185	0
1514	186	0
1515	178	0
1516	169	0
1517	201	0
1518	193	0
1519	209	0
1520	207	0
1521	181	0
1522	224	0
1523	208	0
1524	198	0
1525	219	0
1526	198	0
1527	192	0
1528	200	0
1529	209	0
1530	183	0
1531	183	0
1532	206	0
1533	199	0
1534	207	0
1535	207	0
1536	209	0
1537	203	0
1538	197	0
1539	182	0
1540	205	0
1541	220	0
1542	199	0
1543	188	0
1544	183	0
1545	206	0
1546	223	0
1547	187	0
1548	200	0
1549	194	0
1550	195	0
1551	198	0
1552	210	0
1553	214	0
1554	182	0
1555	194	0
1556	209	0
1557	191	0
1558	215	0
1559	196	0
1560	199	0
1561	183	0
1562	191	0
1563	189	0
1564	205	0
1565	172	0
1566	190	0
1567	229	0
1568	209	0
1569	214	0
1570	192	0
1571	222	0
1572	168	0
1573	224	0
1574	188	0
1575	201	0
1576	162	0
1577	197	0
1578	222	0
1579	199	0
1580	185	0
1581	188	0
1582	203	0
1583	196	0
1584	204	0
1585	195	0
1586	198	0
1587	178	0
1588	199	0
1589	164	0
1590	197	0
1591	190	0
1592	209	0
1593	190	0
1594	232	0
1595	169	0
1596	174	0
1597	189	0
1598	167	0
1599	188	0
1600	194	0
1601	200	0
1602	197	0
1603	193	0
1604	220	0
1605	190	0
1606	200	0
1607	191	0
1608	163	0
1609	202	0
1610	177	0
1611	196	0
1612	175	0
1613	205	0
1614	200	0
1615	181	0
1616	197	0
1617	188	0
1618	196	0
1619	211	0
1620	200	0
1621	204	0
1622	195	0
1623	210	0
1624	194	0
1625	195	0
1626	178	0
1627	191	0
1628	189	0
1629	182	0
1630	187	0
1631	200	0
1632	194	0
1633	201	0
1634	209	0
1635	231	0
1636	180	0
1637	204	0
1638	194	0
1639	196	0
1640	192	0
1641	183	0
1642	187	0
1643	209	0
1644	173	0
1645	184	0
1646	204	0
1647	196	0
1648	213	0
1649	174	0
1650	197	0
1651	192	0
1652	211	0
1653	200	0
1654	176	0
1655	184	0
1656	188	0
1657	240	0
1658	208	0
1659	208	0
1660	169	0
1661	201	0
1662	203	0
1663	192	0
1664	207	0
1665	210	0
1666	187	0
1667	199	0
1668	195	0
1669	192	0
1670	202	0
1671	224	0
1672	184	0
1673	184	0
1674	202	0
1675	180	0
1676	182	0
1677	208	0
1678	199	0
1679	200	0
1680	198	0
1681	200	0
1682	215	0
1683	195	0
1684	195	0
1685	185	0
1686	207	0
1687	211	0
1688	199	0
1689	212	0
1690	190	0
1691	193	0
1692	203	0
1693	191	0
1694	229	0
1695	186	0
1696	213	0
1697	201	0
1698	194	0
1699	217	0
1700	200	0
1701	216	0
1702	205	0
1703	215	0
1704	208	0
1705	191	0
1706	208	0
1707	179	0
1708	210	0
1709	213	0
1710	220	0
1711	194	0
1712	215	0
1713	207	0
1714	154	0
1715	191	0
1716	193	0
1717	208	0
1718	176	0
1719	203	0
1720	183	0
1721	179	0
1722	195	0
1723	190	0
1724	209	0
1725	215	0
1726	209	0
1727	204	0
1728	215	0
1729	206	0
1730	215	0
1731	218	0
1732	203	0
1733	200	0
1734	187	0
1735	169	0
1736	196	0
1737	196	0
1738	183	0
1739	197	0
1740	189	0
1741	208	0
1742	203	0
1743	215	0
1744	206	0
1745	200	0
1746	183	0
1747	195	0
1748	201	0
1749	203	0
1750	194	0
1751	194	0
1752	214	0
1753	203	0
1754	200	0
1755	188	0
1756	215	0
1757	181	0
1758	183	0
1759	220	0
1760	192	0
1761	196	0
1762	214	0
1763	186	0
1764	176	0
1765	212	0
1766	205	0
1767	215	0
1768	193	0
1769	200	0
1770	201	0
1771	185	0
1772	157	0
1773	185	0
1774	211	0
1775	202	0
1776	176	0
1777	193	0
1778	204	0
1779	171	0
1780	192	0
1781	193	0
1782	205	0
1783	214	0
1784	185	0
1785	190	0
1786	188	0
1787	194	0
1788	200	0
1789	214	0
1790	197	0
1791	184	0
1792	199	0
1793	177	0
1794	192	0
1795	228	0
1796	190	0
1797	215	0
1798	197	0
1799	182	0
1800	197	0
1801	196	0
1802	196	0
1803	224	0
1804	183	0
1805	198	0
1806	201	0
1807	186	0
1808	186	0
1809	224	0
1810	189	0
1811	192	0
1812	211	0
1813	193	0
1814	180	0
1815	163	0
1816	193	0
1817	191	0
1818	184	0
1819	189	0
1820	221	0
1821	222	0
1822	189	0
1823	218	0
1824	196	0
1825	190	0
1826	214	0
1827	194	0
1828	192	0
1829	214	0
1830	179	0
1831	216	0
1832	208	0
1833	208	0
1834	190	0
1835	209	0
1836	207	0
1837	202	0
1838	205	0
1839	232	0
1840	196	0
1841	196	0
1842	213	0
1843	183	0
1844	179	0
1845	208	0
1846	186	0
1847	215	0
1848	174	0
1849	216	0
1850	196	0
1851	194	0
1852	201	0
1853	241	0
1854	198	0
1855	200	0
1856	207	0
1857	219	0
1858	202	0
1859	189	0
1860	205	0
1861	180	0
1862	188	0
1863	224	0
1864	198	0
1865	179	0
1866	185	0
1867	212	0
1868	209	0
1869	198	0
1870	193	0
1871	196	0
1872	197	0
1873	195	0
1874	161	0
1875	184	0
1876	182	0
1877	200	0
1878	188	0
1879	216	0
1880	205	0
1881	205	0
1882	190	0
1883	160	0
1884	201	0
1885	192	0
1886	219	0
1887	188	0
1888	204	0
1889	218	0
1890	204	0
1891	184	0
1892	207	0
1893	195	0
1894	203	0
1895	162	0
1896	218	0
1897	160	0
1898	212	0
1899	205	0
1900	193	0
1901	201	0
1902	213	0
1903	204	0
1904	222	0
1905	195	0
1906	193	0
1907	210	0
1908	229	0
1909	206	0
1910	190	0
1911	221	0
1912	220	0
1913	163	0
1914	200	0
1915	201	0
1916	197	0
1917	227	0
1918	186	0
1919	210	0
1920	190	0
1921	216	0
1922	202	0
1923	199	0
1924	198	0
1925	196	0
1926	201	0
1927	197	0
1928	173	0
1929	193	0
1930	193	0
1931	194	0
1932	176	0
1933	225	0
1934	202	0
1935	215	0
1936	199	0
1937	190	0
1938	207	0
1939	190	0
1940	167	0
1941	212	0
1942	198	0
1943	187	0
1944	217	0
1945	195	0
1946	228	0
1947	178	0
1948	209	0
1949	207	0
1950	199	0
1951	186	0
1952	207	0
1953	205	0
1954	197	0
1955	192	0
1956	210	0
1957	198	0
1958	198	0
1959	191	0
1960	187	0
1961	195	0
1962	221	0
1963	199	0
1964	175	0
1965	200	0
1966	179	0
1967	209	0
1968	200	0
1969	206	0
1970	207	0
1971	182	0
1972	208	0
1973	219	0
1974	221	0
1975	187	0
1976	193	0
1977	212	0
1978	208	0
1979	172	0
1980	187	0
1981	182	0
1982	144	0
1983	209	0
1984	194	0
1985	216	0
1986	212	0
1987	187	0
1988	226	0
1989	207	0
1990	217	0
1991	174	0
1992	208	0
1993	194	0
1994	234	0
1995	211	0
1996	191	0
1997	198	0
1998	192	0
1999	230	0
2000	193	0
2001	212	0
2002	213	0
2003	200	0
2004	190	0
2005	209	0
2006	160	0
2007	195	0
2008	190	0
2009	203	0
2010	193	0
2011	217	0
2012	198	0
2013	187	0
2014	208	0
2015	190	0
2016	194	0
2017	216	0
2018	179	0
2019	209	0
2020	196	0
2021	193	0
2022	204	0
2023	210	0
2024	188	0
2025	182	0
2026	206	0
2027	203	0
2028	211	0
2029	195	0
2030	207	0
2031	196	0
2032	178	0
2033	222	0
2034	216	0
2035	210	0
2036	176	0
2037	209	0
2038	195	0
2039	219	0
2040	222	0
2041	212	0
2042	200	0
2043	217	0
2044	210	0
2045	168	0
2046	197	0
2047	217	0
2048	213	0
2049	195	0
2050	191	0
2051	192	0
2052	216	0
2053	230	0
2054	209	0
2055	204	0
2056	198	0
2057	215	0
2058	203	0
2059	198	0
2060	174	0
2061	184	0
2062	186	0
2063	216	0
2064	204	0
2065	183	0
2066	196	0
2067	198	0
2068	217	0
2069	194	0
2070	179	0
2071	184	0
2072	193	0
2073	215	0
2074	180	0
2075	186	0
2076	201	0
2077	211	0
2078	180	0
2079	187	0
2080	204	0
2081	182	0
2082	212	0
2083	212	0
2084	180	0
2085	210	0
2086	210	0
2087	190	0
2088	236	0
2089	208	0
2090	192	0
2091	213	0
2092	212	0
2093	194	0
2094	219	0
2095	211	0
2096	200	0
2097	215	0
2098	244	0
2099	188	0
2100	200	0
2101	188	0
2102	212	0
2103	203	0
2104	183	0
2105	198	0
2106	168	0
2107	182	0
2108	192	0
2109	177	0
2110	188	0
2111	212	0
2112	206	0
2113	217	0
2114	191	0
2115	194	0
2116	213	0
2117	192	0
2118	197	0
2119	225	0
2120	203	0
2121	204	0
2122	189	0
2123	219	0
2124	192	0
2125	211	0
2126	189	0
2127	179	0
2128	204	0
2129	197	0
2130	206	0
2131	188	0
2132	193	0
2133	202	0
2134	206	0
2135	197	0
2136	201	0
2137	213	0
2138	213	0
2139	185	0
2140	189	0
2141	204	0
2142	213	0
2143	202	0
2144	239	0
2145	184	0
2146	213	0
2147	203	0
2148	212	0
2149	212	0
2150	206	0
2151	189	0
2152	208	0
2153	203	0
2154	185	0
2155	191	0
2156	202	0
2157	208	0
2158	223	0
2159	187	0
2160	239	0
2161	189	0
2162	186	0
2163	201	0
2164	183	0
2165	186	0
2166	200	0
2167	203	0
2168	221	0
2169	174	0
2170	215	0
2171	192	0
2172	203	0
2173	201	0
2174	209	0
2175	179	0
2176	200	0
2177	182	0
2178	194	0
2179	191	0
2180	198	0
2181	198	0
2182	195	0
2183	201	0
2184	174	0
2185	205	0
2186	202	0
2187	219	0
2188	199	0
2189	196	0
2190	191	0
2191	228	0
2192	234	0
2193	196	0
2194	189	0
2195	205	0
2196	185	0
2197	177	0
2198	204	0
2199	188	0
2200	198	0
2201	211	0
2202	206	0
2203	208	0
2204	184	0
2205	221	0
2206	226	0
2207	201	0
2208	194	0
2209	176	0
2210	205	0
2211	210	0
2212	207	0
2213	190	0
2214	213	0
2215	206	0
2216	199	0
2217	214	0
2218	167	0
2219	207	0
2220	189	0
2221	195	0
2222	186	0
2223	210	0
2224	189	0
2225	194	0
2226	198	0
2227	211	0
2228	208	0
2229	182	0
2230	217	0
2231	193	0
2232	207	0
2233	192	0
2234	184	0
2235	208	0
2236	203	0
2237	198	0
2238	204	0
2239	211	0
2240	201	0
2241	198	0
2242	232	0
2243	215	0
2244	187	0
2245	199	0
2246	212	0
2247	187	0
2248	210	0
2249	194	0
2250	200	0
2251	212	0
2252	204	0
2253	207	0
2254	199	0
2255	190	0
2256	184	0
2257	196	0
2258	207	0
2259	193	0
2260	218	0
2261	189	0
2262	186	0
2263	191	0
2264	190	0
2265	183	0
2266	211	0
2267	191	0
2268	204	0
2269	193	0
2270	214	0
2271	197	0
2272	175	0
2273	202	0
2274	184	0
2275	180	0
2276	193	0
2277	198	0
2278	217	0
2279	193	0
2280	198	0
2281	188	0
2282	188	0
2283	208	0
2284	213	0
2285	189	0
2286	184	0
2287	205	0
2288	212	0
2289	199	0
2290	183	0
2291	206	0
2292	234	0
2293	193	0
2294	184	0
2295	200	0
2296	187	0
2297	224	0
2298	193	0
2299	182	0
2300	222	0
2301	220	0
2302	198	0
2303	205	0
2304	206	0
2305	173	0
2306	191	0
2307	225	0
2308	211	0
2309	176	0
2310	207	0
2311	193	0
2312	213	0
2313	184	0
2314	158	0
2315	217	0
2316	221	0
2317	194	0
2318	185	0
2319	199	0
2320	216	0
2321	176	0
2322	168	0
2323	212	0
2324	202	0
2325	216	0
2326	195	0
2327	203	0
2328	199	0
2329	220	0
2330	194	0
2331	191	0
2332	190	0
2333	182	0
2334	211	0
2335	193	0
2336	194	0
2337	194	0
2338	173	0
2339	225	0
2340	186	0
2341	193	0
2342	207	0
2343	194	0
2344	204	0
2345	207	0
2346	208	0
2347	211	0
2348	205	0
2349	234	0
2350	214	0
2351	188	0
2352	187	0
2353	188	0
2354	198	0
2355	209	0
2356	183	0
2357	172	0
2358	183	0
2359	194	0
2360	232	0
2361	227	0
2362	186	0
2363	214	0
2364	188	0
2365	199	0
2366	187	0
2367	239	0
2368	184	0
2369	216	0
2370	224	0
2371	214	0
2372	217	0
2373	203	0
2374	232	0
2375	178	0
2376	194	0
2377	208	0
2378	180	0
2379	193	0
2380	243	0
2381	206	0
2382	210	0
2383	169	0
2384	207	0
2385	218	0
2386	194	0
2387	198	0
2388	211	0
2389	200	0
2390	216	0
2391	205	0
2392	189	0
2393	193	0
2394	211	0
2395	196	0
2396	190	0
2397	206	0
2398	198	0
2399	215	0
2400	185	0
2401	203	0
2402	218	0
2403	193	0
2404	193	0
2405	158	0
2406	200	0
2407	241	0
2408	220	0
2409	204	0
2410	183	0
2411	194	0
2412	188	0
2413	209	0
2414	188	0
2415	190	0
2416	195	0
2417	188	0
2418	207	0
2419	213	0
2420	216	0
2421	212	0
2422	205	0
2423	207	0
2424	198	0
2425	217	0
2426	171	0
2427	216	0
2428	180	0
2429	184	0
2430	198	0
2431	182	0
2432	216	0
2433	193	0
2434	205	0
2435	189	0
2436	195	0
2437	204	0
2438	184	0
2439	192	0
2440	210	0
2441	195	0
2442	180	0
2443	198	0
2444	194	0
2445	218	0
2446	178	0
2447	210	0
2448	202	0
2449	187	0
2450	230	0
2451	205	0
2452	229	0
2453	180	0
2454	192	0
2455	190	0
2456	203	0
2457	203	0
2458	217	0
2459	200	0
2460	175	0
2461	203	0
2462	202	0
2463	189	0
2464	188	0
2465	188	0
2466	212	0
2467	224	0
2468	203	0
2469	199	0
2470	183	0
2471	204	0
2472	210	0
2473	229	0
2474	183	0
2475	178	0
2476	200	0
2477	211	0
2478	200	0
2479	216	0
2480	186	0
2481	194	0
2482	198	0
2483	213	0
2484	219	0
2485	189	0
2486	194	0
2487	213	0
2488	199	0
2489	191	0
2490	178	0
2491	178	0
2492	191	0
2493	180	0
2494	223	0
2495	171	0
2496	210	0
2497	186	0
2498	204	0
2499	198	0
2500	199	0
2501	183	0
2502	201	0
2503	206	0
2504	194	0
2505	209	0
2506	190	0
2507	194	0
2508	206	0
2509	199	0
2510	208	0
2511	209	0
2512	221	0
2513	205	0
2514	193	0
2515	226	0
2516	179	0
2517	189	0
2518	194	0
2519	191	0
2520	222	0
2521	192	0
2522	190	0
2523	209	0
2524	196	0
2525	225	0
2526	212	0
2527	206	0
2528	191	0
2529	203	0
2530	175	0
2531	202	0
2532	215	0
2533	207	0
2534	204	0
2535	166	0
2536	189	0
2537	207	0
2538	198	0
2539	225	0
2540	186	0
2541	217	0
2542	225	0
2543	199	0
2544	192	0
2545	219	0
2546	196	0
2547	184	0
2548	196	0
2549	205	0
2550	193	0
2551	198	0
2552	203	0
2553	209	0
2554	197	0
2555	177	0
2556	207	0
2557	199	0
2558	218	0
2559	235	0
2560	214	0
2561	207	0
2562	203	0
2563	200	0
2564	212	0
2565	207	0
2566	223	0
2567	214	0
2568	205	0
2569	175	0
2570	212	0
2571	207	0
2572	197	0
2573	209	0
2574	201	0
2575	202	0
2576	211	0
2577	222	0
2578	205	0
2579	205	0
2580	184	0
2581	210	0
2582	213	0
2583	194	0
2584	190	0
2585	229	0
2586	211	0
2587	219	0
2588	186	0
2589	181	0
2590	198	0
2591	205	0
2592	201	0
2593	215	0
2594	212	0
2595	196	0
2596	197	0
2597	200	0
2598	171	0
2599	191	0
2600	195	0
2601	197	0
2602	185	0
2603	184	0
2604	207	0
2605	201	0
2606	206	0
2607	187	0
2608	197	0
2609	186	0
2610	213	0
2611	211	0
2612	174	0
2613	199	0
2614	184	0
2615	186	0
2616	218	0
2617	211	0
2618	174	0
2619	204	0
2620	187	0
2621	196	0
2622	203	0
2623	184	0
2624	211	0
2625	182	0
2626	211	0
2627	180	0
2628	213	0
2629	191	0
2630	182	0
2631	208	0
2632	192	0
2633	202	0
2634	187	0
2635	207	0
2636	222	0
2637	192	0
2638	216	0
2639	178	0
2640	196	0
2641	192	0
2642	184	0
2643	205	0
2644	196	0
2645	212	0
2646	194	0
2647	189	0
2648	191	0
2649	205	0
2650	207	0
2651	194	0
2652	182	0
2653	202	0
2654	194	0
2655	194	0
2656	191	0
2657	179	0
2658	179	0
2659	181	0
2660	212	0
2661	220	0
2662	210	0
2663	209	0
2664	207	0
2665	177	0
2666	203	0
2667	213	0
2668	201	0
2669	206	0
2670	192	0
2671	191	0
2672	215	0
2673	193	0
2674	218	0
2675	203	0
2676	206	0
2677	185	0
2678	178	0
2679	226	0
2680	196	0
2681	189	0
2682	196	0
2683	194	0
2684	175	0
2685	203	0
2686	198	0
2687	188	0
2688	187	0
2689	208	0
2690	194	0
2691	194	0
2692	200	0
2693	199	0
2694	186	0
2695	202	0
2696	225	0
2697	176	0
2698	184	0
2699	204	0
2700	202	0
2701	192	0
2702	199	0
2703	217	0
2704	185	0
2705	195	0
2706	231	0
2707	218	0
2708	173	0
2709	212	0
2710	190	0
2711	200	0
2712	199	0
2713	221	0
2714	207	0
2715	190	0
2716	187	0
2717	199	0
2718	205	0
2719	171	0
2720	191	0
2721	204	0
2722	210	0
2723	194	0
2724	212	0
2725	190	0
2726	213	0
2727	230	0
2728	171	0
2729	178	0
2730	191	0
2731	192	0
2732	197	0
2733	202	0
2734	222	0
2735	202	0
2736	207	0
2737	216	0
2738	167	0
2739	186	0
2740	194	0
2741	184	0
2742	212	0
2743	204	0
2744	215	0
2745	209	0
2746	208	0
2747	167	0
2748	184	0
2749	209	0
2750	202	0
2751	196	0
2752	218	0
2753	189	0
2754	217	0
2755	198	0
2756	204	0
2757	207	0
2758	191	0
2759	203	0
2760	166	0
2761	175	0
2762	217	0
2763	237	0
2764	190	0
2765	219	0
2766	181	0
2767	198	0
2768	210	0
2769	188	0
2770	201	0
2771	196	0
2772	199	0
2773	213	0
2774	154	0
2775	184	0
2776	187	0
2777	217	0
2778	215	0
2779	190	0
2780	213	0
2781	180	0
2782	191	0
2783	179	0
2784	184	0
2785	224	0
2786	185	0
2787	191	0
2788	203	0
2789	209	0
2790	190	0
2791	210	0
2792	195	0
2793	208	0
2794	210	0
2795	200	0
2796	231	0
2797	185	0
2798	181	0
2799	196	0
2800	210	0
2801	205	0
2802	209	0
2803	191	0
2804	193	0
2805	214	0
2806	208	0
2807	184	0
2808	183	0
2809	175	0
2810	197	0
2811	190	0
2812	199	0
2813	193	0
2814	192	0
2815	207	0
2816	173	0
2817	219	0
2818	199	0
2819	198	0
2820	204	0
2821	183	0
2822	178	0
2823	198	0
2824	168	0
2825	198	0
2826	196	0
2827	196	0
2828	205	0
2829	200	0
2830	215	0
2831	195	0
2832	216	0
2833	182	0
2834	186	0
2835	218	0
2836	170	0
2837	230	0
2838	199	0
2839	195	0
2840	182	0
2841	209	0
2842	197	0
2843	188	0
2844	204	0
2845	191	0
2846	205	0
2847	197	0
2848	197	0
2849	201	0
2850	202	0
2851	220	0
2852	190	0
2853	203	0
2854	183	0
2855	198	0
2856	195	0
2857	192	0
2858	192	0
2859	233	0
2860	192	0
2861	160	0
2862	197	0
2863	207	0
2864	214	0
2865	213	0
2866	197	0
2867	203	0
2868	192	0
2869	185	0
2870	216	0
2871	204	0
2872	214	0
2873	193	0
2874	200	0
2875	231	0
2876	193	0
2877	210	0
2878	197	0
2879	211	0
2880	201	0
2881	200	0
2882	192	0
2883	191	0
2884	181	0
2885	192	0
2886	202	0
2887	228	0
2888	200	0
2889	184	0
2890	192	0
2891	203	0
2892	229	0
2893	215	0
2894	200	0
2895	202	0
2896	193	0
2897	210	0
2898	222	0
2899	162	0
2900	204	0
2901	184	0
2902	200	0
2903	177	0
2904	236	0
2905	217	0
2906	202	0
2907	165	0
2908	194	0
2909	210	0
2910	202	0
2911	215	0
2912	195	0
2913	217	0
2914	186	0
2915	183	0
2916	201	0
2917	183	0
2918	183	0
2919	187	0
2920	166	0
2921	195	0
2922	184	0
2923	226	0
2924	206	0
2925	201	0
2926	188	0
2927	207	0
2928	191	0
2929	217	0
2930	189	0
2931	198	0
2932	217	0
2933	203	0
2934	204	0
2935	205	0
2936	195	0
2937	202	0
2938	233	0
2939	192	0
2940	195	0
2941	193	0
2942	185	0
2943	193	0
2944	220	0
2945	172	0
2946	190	0
2947	215	0
2948	217	0
2949	189	0
2950	207	0
2951	210	0
2952	204	0
2953	186	0
2954	204	0
2955	201	0
2956	179	0
2957	205	0
2958	208	0
2959	214	0
2960	204	0
2961	185	0
2962	202	0
2963	235	0
2964	192	0
2965	193	0
2966	182	0
2967	199	0
2968	192	0
2969	193	0
2970	224	0
2971	208	0
2972	211	0
2973	194	0
2974	171	0
2975	214	0
2976	232	0
2977	220	0
2978	193	0
2979	213	0
2980	203	0
2981	207	0
2982	191	0
2983	190	0
2984	171	0
2985	208	0
2986	173	0
2987	212	0
2988	218	0
2989	207	0
2990	168	0
2991	196	0
2992	169	0
2993	215	0
2994	217	0
2995	203	0
2996	197	0
2997	191	0
2998	191	0
2999	182	0
3000	205	0
