1	194	0
2	192	0
3	215	0
4	175	0
5	195	0
6	188	0
7	200	0
8	198	0
9	205	0
10	186	0
11	223	0
12	193	0
13	176	0
14	196	0
15	189	0
16	176	0
17	198	0
18	206	0
19	217	0
20	216	0
21	190	0
22	199	0
23	194	0
24	193	0
25	196	0
26	218	0
27	210	0
28	208	0
29	213	0
30	192	0
31	229	0
32	197	0
33	199	0
34	196	0
35	175	0
36	221	0
37	195	0
38	209	0
39	207	0
40	183	0
41	198	0
42	190	0
43	188	0
44	187	0
45	193	0
46	177	0
47	202	0
48	195	0
49	207	0
50	185	0
51	206	0
52	199	0
53	224	0
54	169	0
55	214	0
56	191	0
57	192	0
58	188	0
59	205	0
60	221	0
61	209	0
62	211	0
63	184	0
64	199	0
65	175	0
66	224	0
67	215	0
68	213	0
69	170	0
70	202	0
71	221	0
72	215	0
73	199	0
74	199	0
75	202	0
76	179	0
77	203	0
78	201	0
79	172	0
80	219	0
81	220	0
82	190	0
83	156	0
84	181	0
85	193	0
86	201	0
87	184	0
88	222	0
89	208	0
90	201	0
91	199	0
92	209	0
93	196	0
94	183	0
95	192	0
96	177	0
97	189	0
98	208	0
99	200	0
100	182	0
101	227	0
102	208	0
103	174	0
104	193	0
105	215	0
106	201	0
107	209	0
108	203	0
109	189	0
110	180	0
111	203	0
112	203	0
113	205	0
114	235	0
115	213	0
116	202	0
117	201	0
118	172	0
119	201	0
120	205	0
121	210	0
122	201	0
123	222	0
124	172	0
125	219	0
126	205	0
127	177	0
128	207	0
129	227	0
130	182	0
131	218	0
132	208	0
133	211	0
134	181	0
135	221	0
136	156	0
137	205	0
138	205	0
139	191	0
140	159	0
141	211	0
142	228	0
143	206	0
144	194	0
145	217	0
146	168	0
147	196	0
148	194	0
149	209	0
150	193	0
151	186	0
152	198	0
153	201	0
154	163	0
155	169	0
156	205	0
157	207	0
158	180	0
159	201	0
160	212	0
161	201	0
162	190	0
163	188	0
164	214	0
165	179	0
166	194	0
167	196	0
168	180	0
169	212	0
170	201	0
171	204	0
172	215	0
173	192	0
174	183	0
175	176	0
176	203	0
177	207	0
178	199	0
179	232	0
180	187	0
181	204	0
182	172	0
183	181	0
184	203	0
185	179	0
186	197	0
187	186	0
188	202	0
189	215	0
190	210	0
191	203	0
192	198	0
193	213	0
194	206	0
195	210	0
196	177	0
197	175	0
198	182	0
199	180	0
200	214	0
201	195	0
202	204	0
203	206	0
204	214	0
205	179	0
206	180	0
207	205	0
208	197	0
209	187	0
210	205	0
211	212	0
212	181	0
213	219	0
214	224	0
215	187	0
216	191	0
217	202	0
218	187	0
219	163	0
220	206	0
221	212	0
222	177	0
223	216	0
224	180	0
225	176	0
226	199	0
227	210	0
228	180	0
229	185	0
230	224	0
231	184	0
232	185	0
233	190	0
234	186	0
235	208	0
236	247	0
237	219	0
238	185	0
239	192	0
240	194	0
241	203	0
242	210	0
243	204	0
244	182	0
245	186	0
246	201	0
247	180	0
248	177	0
249	217	0
250	194	0
251	218	0
252	175	0
253	185	0
254	194	0
255	212	0
256	200	0
257	213	0
258	198	0
259	181	0
260	190	0
261	210	0
262	179	0
263	192	0
264	185	0
265	195	0
266	205	0
267	188	0
268	202	0
269	181	0
270	197	0
271	201	0
272	188	0
273	198	0
274	185	0
275	221	0
276	227	0
277	174	0
278	184	0
279	149	0
280	187	0
281	204	0
282	208	0
283	183	0
284	183	0
285	185	0
286	201	0
287	185	0
288	203	0
289	221	0
290	214	0
291	220	0
292	226	0
293	177	0
294	177	0
295	220	0
296	215	0
297	200	0
298	169	0
299	186	0
300	204	0
301	210	0
302	215	0
303	210	0
304	212	0
305	193	0
306	186	0
307	203	0
308	215	0
309	163	0
310	201	0
311	198	0
312	185	0
313	202	0
314	199	0
315	180	0
316	200	0
317	229	0
318	197	0
319	192	0
320	199	0
321	186	0
322	216	0
323	198	0
324	194	0
325	187	0
326	171	0
327	191	0
328	228	0
329	194	0
330	189	0
331	220	0
332	176	0
333	186	0
334	189	0
335	205	0
336	184	0
337	205	0
338	215	0
339	198	0
340	197	0
341	211	0
342	200	0
343	200	0
344	198	0
345	204	0
346	216	0
347	186	0
348	213	0
349	210	0
350	218	0
351	215	0
352	158	0
353	213	0
354	191	0
355	168	0
356	207	0
357	183	0
358	205	0
359	195	0
360	200	0
361	194	0
362	206	0
363	197	0
364	188	0
365	202	0
366	204	0
367	201	0
368	197	0
369	200	0
370	197	0
371	211	0
372	212	0
373	186	0
374	187	0
375	193	0
376	187	0
377	231	0
378	205	0
379	211	0
380	208	0
381	198	0
382	204	0
383	214	0
384	214	0
385	204	0
386	201	0
387	211	0
388	202	0
389	218	0
390	201	0
391	200	0
392	202	0
393	183	0
394	184	0
395	185	0
396	209	0
397	218	0
398	218	0
399	185	0
400	174	0
401	196	0
402	208	0
403	213	0
404	183	0
405	173	0
406	195	0
407	218	0
408	196	0
409	166	0
410	195	0
411	195	0
412	206	0
413	189	0
414	188	0
415	201	0
416	197	0
417	194	0
418	210	0
419	216	0
420	195	0
421	199	0
422	222	0
423	181	0
424	180	0
425	204	0
426	179	0
427	195	0
428	207	0
429	213	0
430	181	0
431	182	0
432	206	0
433	192	0
434	205	0
435	195	0
436	192	0
437	180	0
438	170	0
439	220	0
440	217	0
441	196	0
442	229	0
443	195	0
444	182	0
445	180	0
446	197	0
447	206	0
448	183	0
449	220	0
450	185	0
451	208	0
452	220	0
453	179	0
454	174	0
455	211	0
456	174	0
457	196	0
458	171	0
459	177	0
460	227	0
461	187	0
462	203	0
463	184	0
464	218	0
465	198	0
466	212	0
467	217	0
468	180	0
469	196	0
470	175	0
471	186	0
472	177	0
473	187	0
474	191	0
475	207	0
476	186	0
477	175	0
478	182	0
479	216	0
480	195	0
481	223	0
482	200	0
483	220	0
484	199	0
485	198	0
486	194	0
487	204	0
488	212	0
489	188	0
490	212	0
491	199	0
492	197	0
493	176	0
494	199	0
495	202	0
496	182	0
497	189	0
498	223	0
499	176	0
500	230	0
501	212	0
502	194	0
503	182	0
504	201	0
505	182	0
506	192	0
507	196	0
508	225	0
509	189	0
510	215	0
511	195	0
512	206	0
513	200	0
514	212	0
515	195	0
516	180	0
517	189	0
518	179	0
519	198	0
520	206	0
521	201	0
522	209	0
523	174	0
524	196	0
525	224	0
526	185	0
527	208	0
528	201	0
529	222	0
530	218	0
531	191	0
532	202	0
533	193	0
534	172	0
535	203	0
536	204	0
537	185	0
538	198	0
539	192	0
540	212	0
541	226	0
542	214	0
543	208	0
544	183	0
545	195	0
546	191	0
547	204	0
548	196	0
549	186	0
550	186	0
551	171	0
552	166	0
553	221	0
554	171	0
555	177	0
556	207	0
557	190	0
558	197	0
559	199	0
560	185	0
561	206	0
562	197	0
563	206	0
564	222	0
565	191	0
566	200	0
567	185	0
568	196	0
569	201	0
570	198	0
571	193	0
572	213	0
573	204	0
574	194	0
575	243	0
576	189	0
577	187	0
578	180	0
579	210	0
580	195	0
581	214	0
582	195	0
583	206	0
584	178	0
585	222	0
586	215	0
587	189	0
588	202	0
589	223	0
590	208	0
591	199	0
592	177	0
593	192	0
594	185	0
595	186	0
596	202	0
597	207	0
598	232	0
599	202	0
600	172	0
601	178	0
602	220	0
603	197	0
604	187	0
605	203	0
606	195	0
607	171	0
608	220	0
609	190	0
610	183	0
611	196	0
612	180	0
613	199	0
614	213	0
615	197	0
616	190	0
617	201	0
618	190	0
619	221	0
620	194	0
621	170	0
622	204	0
623	217	0
624	185	0
625	190	0
626	203	0
627	202	0
628	204	0
629	199	0
630	212	0
631	191	0
632	181	0
633	199	0
634	189	0
635	190	0
636	195	0
637	176	0
638	202	0
639	198	0
640	203	0
641	229	0
642	208	0
643	198	0
644	202	0
645	198	0
646	194	0
647	220	0
648	183	0
649	196	0
650	200	0
651	208	0
652	189	0
653	177	0
654	189	0
655	216	0
656	192	0
657	211	0
658	199	0
659	195	0
660	182	0
661	184	0
662	224	0
663	210	0
664	228	0
665	182	0
666	188	0
667	198	0
668	200	0
669	208	0
670	214	0
671	190	0
672	240	0
673	200	0
674	202	0
675	215	0
676	208	0
677	205	0
678	186	0
679	200	0
680	214	0
681	199	0
682	203	0
683	211	0
684	221	0
685	199	0
686	222	0
687	202	0
688	198	0
689	190	0
690	223	0
691	181	0
692	190	0
693	205	0
694	187	0
695	204	0
696	188	0
697	213	0
698	187	0
699	191	0
700	193	0
701	173	0
702	203	0
703	201	0
704	195	0
705	193	0
706	207	0
707	203	0
708	183	0
709	174	0
710	182	0
711	192	0
712	189	0
713	184	0
714	191	0
715	199	0
716	222	0
717	207	0
718	193	0
719	203	0
720	212	0
721	196	0
722	212	0
723	168	0
724	193	0
725	219	0
726	205	0
727	188	0
728	200	0
729	202	0
730	196	0
731	218	0
732	216	0
733	220	0
734	186	0
735	196	0
736	211	0
737	217	0
738	172	0
739	227	0
740	207	0
741	185	0
742	179	0
743	170	0
744	208	0
745	201	0
746	180	0
747	213	0
748	216	0
749	178	0
750	197	0
751	193	0
752	194	0
753	207	0
754	227	0
755	186	0
756	194	0
757	210	0
758	182	0
759	205	0
760	201	0
761	221	0
762	217	0
763	203	0
764	173	0
765	204	0
766	187	0
767	202	0
768	188	0
769	205	0
770	180	0
771	189	0
772	226	0
773	177	0
774	203	0
775	209	0
776	206	0
777	227	0
778	174	0
779	210	0
780	184	0
781	201	0
782	200	0
783	180	0
784	208	0
785	200	0
786	171	0
787	204	0
788	223	0
789	205	0
790	172	0
791	187	0
792	208	0
793	209	0
794	179	0
795	194	0
796	195	0
797	224	0
798	194	0
799	211	0
800	216	0
801	189	0
802	200	0
803	194	0
804	181	0
805	202	0
806	177	0
807	203	0
808	207	0
809	229	0
810	185	0
811	207	0
812	210	0
813	199	0
814	237	0
815	216	0
816	193	0
817	208	0
818	200	0
819	177	0
820	191	0
821	203	0
822	201	0
823	202	0
824	203	0
825	195	0
826	228	0
827	183	0
828	213	0
829	190	0
830	207	0
831	233	0
832	175	0
833	183	0
834	195	0
835	229	0
836	190	0
837	202	0
838	199	0
839	211	0
840	207	0
841	195	0
842	205	0
843	186	0
844	212	0
845	204	0
846	195	0
847	195	0
848	219	0
849	178	0
850	182	0
851	226	0
852	218	0
853	175	0
854	203	0
855	197	0
856	199	0
857	201	0
858	182	0
859	202	0
860	196	0
861	205	0
862	201	0
863	191	0
864	198	0
865	189	0
866	210	0
867	193	0
868	210	0
869	187	0
870	202	0
871	171	0
872	191	0
873	206	0
874	184	0
875	200	0
876	214	0
877	202	0
878	164	0
879	197	0
880	190	0
881	228	0
882	190	0
883	209	0
884	203	0
885	206	0
886	177	0
887	183	0
888	175	0
889	195	0
890	202	0
891	179	0
892	197	0
893	208	0
894	190	0
895	208	0
896	174	0
897	235	0
898	193	0
899	217	0
900	182	0
901	186	0
902	183	0
903	184	0
904	193	0
905	175	0
906	181	0
907	190	0
908	221	0
909	201	0
910	204	0
911	191	0
912	218	0
913	217	0
914	195	0
915	209	0
916	175	0
917	196	0
918	222	0
919	179	0
920	198	0
921	227	0
922	195	0
923	186	0
924	217	0
925	199	0
926	178	0
927	196	0
928	211	0
929	204	0
930	192	0
931	186	0
932	199	0
933	185	0
934	206	0
935	184	0
936	185	0
937	209	0
938	208	0
939	217	0
940	182	0
941	198	0
942	194	0
943	185	0
944	205	0
945	206	0
946	205	0
947	194	0
948	207	0
949	198	0
950	202	0
951	210	0
952	206	0
953	207	0
954	192	0
955	181	0
956	212	0
957	186	0
958	199	0
959	202	0
960	199	0
961	189	0
962	185	0
963	223	0
964	203	0
965	218	0
966	206	0
967	222	0
968	179	0
969	199	0
970	194	0
971	172	0
972	171	0
973	191	0
974	210	0
975	196	0
976	190	0
977	212	0
978	194	0
979	207	0
980	205	0
981	201	0
982	201	0
983	203	0
984	210	0
985	182	0
986	212	0
987	208	0
988	218	0
989	210	0
990	221	0
991	192	0
992	204	0
993	215	0
994	210	0
995	192	0
996	185	0
997	198	0
998	218	0
999	203	0
1000	202	0
1001	219	0
1002	192	0
1003	198	0
1004	196	0
1005	209	0
1006	198	0
1007	195	0
1008	192	0
1009	212	0
1010	176	0
1011	177	0
1012	205	0
1013	202	0
1014	204	0
1015	201	0
1016	161	0
1017	194	0
1018	209	0
1019	207	0
1020	209	0
1021	221	0
1022	180	0
1023	200	0
1024	183	0
1025	208	0
1026	220	0
1027	184	0
1028	214	0
1029	199	0
1030	190	0
1031	191	0
1032	171	0
1033	170	0
1034	198	0
1035	203	0
1036	214	0
1037	195	0
1038	190	0
1039	202	0
1040	217	0
1041	191	0
1042	176	0
1043	188	0
1044	211	0
1045	200	0
1046	182	0
1047	218	0
1048	187	0
1049	222	0
1050	196	0
1051	180	0
1052	209	0
1053	214	0
1054	160	0
1055	195	0
1056	177	0
1057	199	0
1058	214	0
1059	209	0
1060	173	0
1061	195	0
1062	191	0
1063	208	0
1064	178	0
1065	207	0
1066	208	0
1067	196	0
1068	205	0
1069	228	0
1070	206	0
1071	202	0
1072	199	0
1073	195	0
1074	200	0
1075	216	0
1076	197	0
1077	186	0
1078	167	0
1079	176	0
1080	190	0
1081	209	0
1082	217	0
1083	206	0
1084	193	0
1085	168	0
1086	182	0
1087	212	0
1088	201	0
1089	205	0
1090	206	0
1091	196	0
1092	195	0
1093	194	0
1094	221	0
1095	177	0
1096	192	0
1097	184	0
1098	214	0
1099	198	0
1100	186	0
1101	160	0
1102	201	0
1103	205	0
1104	197	0
1105	199	0
1106	181	0
1107	183	0
1108	201	0
1109	211	0
1110	214	0
1111	197	0
1112	179	0
1113	192	0
1114	225	0
1115	197	0
1116	214	0
1117	207	0
1118	180	0
1119	231	0
1120	178	0
1121	224	0
1122	202	0
1123	208	0
1124	203	0
1125	200	0
1126	196	0
1127	184	0
1128	201	0
1129	196	0
1130	196	0
1131	196	0
1132	224	0
1133	209	0
1134	192	0
1135	230	0
1136	220	0
1137	199	0
1138	200	0
1139	192	0
1140	187	0
1141	218	0
1142	219	0
1143	193	0
1144	207	0
1145	188	0
1146	203	0
1147	207	0
1148	198	0
1149	189	0
1150	197	0
1151	202	0
1152	193	0
1153	200	0
1154	182	0
1155	206	0
1156	181	0
1157	186	0
1158	186	0
1159	198	0
1160	214	0
1161	212	0
1162	192	0
1163	205	0
1164	227	0
1165	200	0
1166	198	0
1167	244	0
1168	176	0
1169	196	0
1170	186	0
1171	187	0
1172	209	0
1173	182	0
1174	206	0
1175	200	0
1176	198	0
1177	190	0
1178	170	0
1179	185	0
1180	180	0
1181	202	0
1182	223	0
1183	170	0
1184	205	0
1185	183	0
1186	199	0
1187	189	0
1188	190	0
1189	192	0
1190	205	0
1191	214	0
1192	209	0
1193	196	0
1194	206	0
1195	213	0
1196	180	0
1197	178	0
1198	163	0
1199	199	0
1200	207	0
1201	165	0
1202	219	0
1203	209	0
1204	182	0
1205	208	0
1206	224	0
1207	192	0
1208	183	0
1209	195	0
1210	207	0
1211	187	0
1212	195	0
1213	197	0
1214	220	0
1215	197	0
1216	215	0
1217	203	0
1218	218	0
1219	220	0
1220	195	0
1221	217	0
1222	224	0
1223	185	0
1224	218	0
1225	176	0
1226	208	0
1227	188	0
1228	217	0
1229	191	0
1230	175	0
1231	206	0
1232	203	0
1233	191	0
1234	177	0
1235	177	0
1236	211	0
1237	207	0
1238	199	0
1239	201	0
1240	207	0
1241	205	0
1242	201	0
1243	180	0
1244	227	0
1245	201	0
1246	222	0
1247	188	0
1248	169	0
1249	174	0
1250	201	0
1251	194	0
1252	202	0
1253	213	0
1254	188	0
1255	192	0
1256	203	0
1257	206	0
1258	218	0
1259	188	0
1260	211	0
1261	177	0
1262	196	0
1263	213	0
1264	187	0
1265	206	0
1266	192	0
1267	194	0
1268	168	0
1269	193	0
1270	208	0
1271	179	0
1272	207	0
1273	196	0
1274	187	0
1275	222	0
1276	218	0
1277	202	0
1278	194	0
1279	190	0
1280	183	0
1281	215	0
1282	195	0
1283	194	0
1284	178	0
1285	211	0
1286	200	0
1287	173	0
1288	220	0
1289	177	0
1290	213	0
1291	185	0
1292	228	0
1293	180	0
1294	233	0
1295	196	0
1296	207	0
1297	174	0
1298	221	0
1299	204	0
1300	194	0
1301	177	0
1302	157	0
1303	187	0
1304	224	0
1305	214	0
1306	189	0
1307	217	0
1308	205	0
1309	183	0
1310	192	0
1311	227	0
1312	211	0
1313	210	0
1314	226	0
1315	200	0
1316	195	0
1317	196	0
1318	215	0
1319	191	0
1320	188	0
1321	217	0
1322	168	0
1323	188	0
1324	212	0
1325	202	0
1326	188	0
1327	201	0
1328	193	0
1329	189	0
1330	186	0
1331	202	0
1332	196	0
1333	194	0
1334	199	0
1335	207	0
1336	209	0
1337	220	0
1338	203	0
1339	202	0
1340	194	0
1341	208	0
1342	178	0
1343	204	0
1344	196	0
1345	174	0
1346	223	0
1347	204	0
1348	200	0
1349	212	0
1350	174	0
1351	174	0
1352	208	0
1353	194	0
1354	184	0
1355	207	0
1356	217	0
1357	195	0
1358	204	0
1359	212	0
1360	228	0
1361	179	0
1362	168	0
1363	193	0
1364	192	0
1365	186	0
1366	196	0
1367	170	0
1368	224	0
1369	218	0
1370	183	0
1371	209	0
1372	182	0
1373	188	0
1374	194	0
1375	202	0
1376	188	0
1377	188	0
1378	195	0
1379	226	0
1380	183	0
1381	194	0
1382	184	0
1383	202	0
1384	203	0
1385	218	0
1386	198	0
1387	212	0
1388	209	0
1389	203	0
1390	182	0
1391	201	0
1392	234	0
1393	186	0
1394	199	0
1395	184	0
1396	192	0
1397	200	0
1398	188	0
1399	216	0
1400	204	0
1401	202	0
1402	190	0
1403	182	0
1404	229	0
1405	211	0
1406	198	0
1407	192	0
1408	201	0
1409	158	0
1410	181	0
1411	187	0
1412	202	0
1413	203	0
1414	201	0
1415	204	0
1416	190	0
1417	207	0
1418	181	0
1419	204	0
1420	159	0
1421	188	0
1422	190	0
1423	195	0
1424	189	0
1425	223	0
1426	185	0
1427	211	0
1428	182	0
1429	209	0
1430	199	0
1431	206	0
1432	183	0
1433	195	0
1434	167	0
1435	201	0
1436	194	0
1437	215	0
1438	226	0
1439	186	0
1440	206	0
1441	200	0
1442	201	0
1443	220	0
1444	214	0
1445	190	0
1446	201	0
1447	186	0
1448	201	0
1449	202	0
1450	178	0
1451	196	0
1452	202	0
1453	225	0
1454	196	0
1455	199	0
1456	192	0
1457	210	0
1458	225	0
1459	191	0
1460	206	0
1461	167	0
1462	202	0
1463	182	0
1464	186	0
1465	198	0
1466	196	0
1467	184	0
1468	188	0
1469	223	0
1470	217	0
1471	199	0
1472	179	0
1473	196	0
1474	192	0
1475	190	0
1476	197	0
1477	211	0
1478	204	0
1479	197	0
1480	209	0
1481	204	0
1482	223	0
1483	194	0
1484	193	0
1485	175	0
1486	174	0
1487	186	0
1488	193	0
1489	204	0
1490	199	0
1491	194	0
1492	203	0
1493	184	0
1494	192	0
1495	188	0
1496	178	0
1497	193	0
1498	213	0
1499	187	0
1500	205	0
1501	195	0
1502	192	0
1503	211	0
1504	205	0
1505	205	0
1506	191	0
1507	182	0
1508	236	0
1509	197	0
1510	202	0
1511	214	0
1512	185	0
1513	185	0
1514	213	0
1515	218	0
1516	202	0
1517	216	0
1518	196	0
1519	193	0
1520	179	0
1521	208	0
1522	239	0
1523	190	0
1524	193	0
1525	188	0
1526	204	0
1527	220	0
1528	195	0
1529	193	0
1530	197	0
1531	203	0
1532	175	0
1533	191	0
1534	208	0
1535	187	0
1536	197	0
1537	199	0
1538	217	0
1539	203	0
1540	185	0
1541	192	0
1542	195	0
1543	193	0
1544	194	0
1545	226	0
1546	200	0
1547	202	0
1548	207	0
1549	209	0
1550	195	0
1551	185	0
1552	183	0
1553	189	0
1554	214	0
1555	198	0
1556	194	0
1557	199	0
1558	231	0
1559	192	0
1560	216	0
1561	201	0
1562	193	0
1563	204	0
1564	208	0
1565	203	0
1566	190	0
1567	207	0
1568	186	0
1569	195	0
1570	243	0
1571	193	0
1572	212	0
1573	201	0
1574	210	0
1575	206	0
1576	209	0
1577	186	0
1578	192	0
1579	185	0
1580	209	0
1581	208	0
1582	191	0
1583	203	0
1584	183	0
1585	190	0
1586	193	0
1587	226	0
1588	198	0
1589	192	0
1590	200	0
1591	178	0
1592	210	0
1593	182	0
1594	194	0
1595	224	0
1596	189	0
1597	211	0
1598	181	0
1599	201	0
1600	200	0
1601	186	0
1602	173	0
1603	184	0
1604	170	0
1605	209	0
1606	196	0
1607	178	0
1608	208	0
1609	193	0
1610	179	0
1611	177	0
1612	173	0
1613	181	0
1614	186	0
1615	210	0
1616	204	0
1617	203	0
1618	185	0
1619	196	0
1620	192	0
1621	203	0
1622	220	0
1623	195	0
1624	191	0
1625	193	0
1626	198	0
1627	203	0
1628	201	0
1629	202	0
1630	185	0
1631	192	0
1632	210	0
1633	205	0
1634	188	0
1635	189	0
1636	200	0
1637	219	0
1638	185	0
1639	187	0
1640	209	0
1641	217	0
1642	214	0
1643	191	0
1644	208	0
1645	170	0
1646	212	0
1647	176	0
1648	227	0
1649	211	0
1650	203	0
1651	204	0
1652	229	0
1653	217	0
1654	211	0
1655	199	0
1656	176	0
1657	191	0
1658	221	0
1659	192	0
1660	200	0
1661	208	0
1662	164	0
1663	189	0
1664	180	0
1665	205	0
1666	200	0
1667	202	0
1668	233	0
1669	184	0
1670	196	0
1671	203	0
1672	199	0
1673	203	0
1674	180	0
1675	178	0
1676	202	0
1677	188	0
1678	196	0
1679	208	0
1680	176	0
1681	196	0
1682	203	0
1683	181	0
1684	204	0
1685	216	0
1686	225	0
1687	181	0
1688	206	0
1689	214	0
1690	179	0
1691	200	0
1692	193	0
1693	221	0
1694	163	0
1695	203	0
1696	190	0
1697	189	0
1698	173	0
1699	201	0
1700	201	0
1701	200	0
1702	185	0
1703	179	0
1704	186	0
1705	208	0
1706	207	0
1707	193	0
1708	213	0
1709	199	0
1710	202	0
1711	211	0
1712	213	0
1713	231	0
1714	209	0
1715	171	0
1716	197	0
1717	201	0
1718	197	0
1719	184	0
1720	198	0
1721	206	0
1722	215	0
1723	170	0
1724	184	0
1725	213	0
1726	209	0
1727	204	0
1728	193	0
1729	203	0
1730	200	0
1731	211	0
1732	205	0
1733	208	0
1734	213	0
1735	202	0
1736	202	0
1737	213	0
1738	176	0
1739	190	0
1740	194	0
1741	201	0
1742	178	0
1743	198	0
1744	199	0
1745	205	0
1746	182	0
1747	215	0
1748	193	0
1749	183	0
1750	193	0
1751	198	0
1752	203	0
1753	206	0
1754	203	0
1755	180	0
1756	223	0
1757	186	0
1758	193	0
1759	200	0
1760	197	0
1761	190	0
1762	195	0
1763	179	0
1764	172	0
1765	184	0
1766	185	0
1767	190	0
1768	197	0
1769	213	0
1770	212	0
1771	222	0
1772	207	0
1773	206	0
1774	221	0
1775	214	0
1776	209	0
1777	183	0
1778	188	0
1779	213	0
1780	194	0
1781	215	0
1782	205	0
1783	201	0
1784	211	0
1785	194	0
1786	216	0
1787	205	0
1788	182	0
1789	197	0
1790	170	0
1791	199	0
1792	231	0
1793	216	0
1794	203	0
1795	191	0
1796	189	0
1797	193	0
1798	208	0
1799	204	0
1800	230	0
1801	187	0
1802	206	0
1803	214	0
1804	195	0
1805	199	0
1806	199	0
1807	217	0
1808	193	0
1809	189	0
1810	184	0
1811	226	0
1812	175	0
1813	221	0
1814	181	0
1815	193	0
1816	213	0
1817	192	0
1818	206	0
1819	204	0
1820	213	0
1821	176	0
1822	224	0
1823	188	0
1824	203	0
1825	210	0
1826	206	0
1827	202	0
1828	185	0
1829	200	0
1830	173	0
1831	207	0
1832	194	0
1833	194	0
1834	218	0
1835	197	0
1836	201	0
1837	188	0
1838	184	0
1839	192	0
1840	191	0
1841	194	0
1842	188	0
1843	211	0
1844	223	0
1845	204	0
1846	205	0
1847	212	0
1848	188	0
1849	196	0
1850	191	0
1851	184	0
1852	201	0
1853	219	0
1854	210	0
1855	201	0
1856	182	0
1857	185	0
1858	192	0
1859	177	0
1860	209	0
1861	204	0
1862	198	0
1863	195	0
1864	212	0
1865	207	0
1866	214	0
1867	190	0
1868	177	0
1869	199	0
1870	186	0
1871	165	0
1872	218	0
1873	179	0
1874	198	0
1875	178	0
1876	171	0
1877	213	0
1878	209	0
1879	178	0
1880	227	0
1881	196	0
1882	233	0
1883	200	0
1884	183	0
1885	225	0
1886	214	0
1887	200	0
1888	208	0
1889	175	0
1890	165	0
1891	205	0
1892	201	0
1893	194	0
1894	213	0
1895	220	0
1896	181	0
1897	201	0
1898	195	0
1899	194	0
1900	188	0
1901	178	0
1902	176	0
1903	201	0
1904	188	0
1905	179	0
1906	216	0
1907	211	0
1908	192	0
1909	193	0
1910	212	0
1911	208	0
1912	195	0
1913	198	0
1914	207	0
1915	195	0
1916	187	0
1917	172	0
1918	207	0
1919	195	0
1920	196	0
1921	203	0
1922	210	0
1923	196	0
1924	195	0
1925	199	0
1926	186	0
1927	208	0
1928	192	0
1929	183	0
1930	204	0
1931	221	0
1932	192	0
1933	215	0
1934	209	0
1935	183	0
1936	196	0
1937	193	0
1938	205	0
1939	199	0
1940	216	0
1941	199	0
1942	184	0
1943	198	0
1944	195	0
1945	199	0
1946	177	0
1947	174	0
1948	202	0
1949	187	0
1950	193	0
1951	211	0
1952	222	0
1953	217	0
1954	223	0
1955	191	0
1956	181	0
1957	194	0
1958	213	0
1959	201	0
1960	200	0
1961	209	0
1962	211	0
1963	190	0
1964	214	0
1965	225	0
1966	215	0
1967	189	0
1968	201	0
1969	192	0
1970	192	0
1971	176	0
1972	189	0
1973	217	0
1974	185	0
1975	212	0
1976	215	0
1977	195	0
1978	205	0
1979	197	0
1980	219	0
1981	200	0
1982	210	0
1983	179	0
1984	196	0
1985	208	0
1986	187	0
1987	209	0
1988	180	0
1989	211	0
1990	189	0
1991	195	0
1992	197	0
1993	202	0
1994	176	0
1995	163	0
1996	198	0
1997	201	0
1998	184	0
1999	210	0
2000	200	0
2001	223	0
2002	211	0
2003	180	0
2004	225	0
2005	181	0
2006	181	0
2007	208	0
2008	224	0
2009	213	0
2010	184	0
2011	216	0
2012	205	0
2013	192	0
2014	216	0
2015	219	0
2016	210	0
2017	204	0
2018	205	0
2019	198	0
2020	193	0
2021	228	0
2022	221	0
2023	166	0
2024	206	0
2025	209	0
2026	205	0
2027	209	0
2028	173	0
2029	206	0
2030	194	0
2031	195	0
2032	228	0
2033	207	0
2034	182	0
2035	209	0
2036	185	0
2037	181	0
2038	190	0
2039	194	0
2040	180	0
2041	200	0
2042	191	0
2043	195	0
2044	194	0
2045	222	0
2046	210	0
2047	219	0
2048	172	0
2049	199	0
2050	176	0
2051	213	0
2052	198	0
2053	178	0
2054	198	0
2055	208	0
2056	216	0
2057	213	0
2058	193	0
2059	216	0
2060	211	0
2061	206	0
2062	192	0
2063	215	0
2064	203	0
2065	232	0
2066	218	0
2067	185	0
2068	196	0
2069	184	0
2070	225	0
2071	241	0
2072	201	0
2073	215	0
2074	168	0
2075	183	0
2076	225	0
2077	205	0
2078	182	0
2079	204	0
2080	217	0
2081	236	0
2082	212	0
2083	208	0
2084	206	0
2085	208	0
2086	202	0
2087	195	0
2088	200	0
2089	171	0
2090	198	0
2091	230	0
2092	191	0
2093	249	0
2094	206	0
2095	196	0
2096	218	0
2097	216	0
2098	182	0
2099	202	0
2100	195	0
2101	192	0
2102	187	0
2103	186	0
2104	178	0
2105	217	0
2106	207	0
2107	185	0
2108	164	0
2109	208	0
2110	213	0
2111	224	0
2112	194	0
2113	210	0
2114	194	0
2115	223	0
2116	187	0
2117	205	0
2118	220	0
2119	196	0
2120	205	0
2121	218	0
2122	198	0
2123	205	0
2124	191	0
2125	198	0
2126	181	0
2127	195	0
2128	208	0
2129	170	0
2130	210	0
2131	189	0
2132	205	0
2133	191	0
2134	197	0
2135	240	0
2136	185	0
2137	207	0
2138	197	0
2139	188	0
2140	195	0
2141	217	0
2142	196	0
2143	201	0
2144	212	0
2145	173	0
2146	197	0
2147	211	0
2148	211	0
2149	209	0
2150	208	0
2151	193	0
2152	188	0
2153	184	0
2154	188	0
2155	210	0
2156	217	0
2157	211	0
2158	186	0
2159	190	0
2160	200	0
2161	231	0
2162	204	0
2163	196	0
2164	193	0
2165	210	0
2166	224	0
2167	208	0
2168	192	0
2169	226	0
2170	200	0
2171	188	0
2172	173	0
2173	176	0
2174	235	0
2175	205	0
2176	221	0
2177	191	0
2178	191	0
2179	219	0
2180	177	0
2181	209	0
2182	188	0
2183	194	0
2184	207	0
2185	243	0
2186	183	0
2187	199	0
2188	185	0
2189	201	0
2190	210	0
2191	207	0
2192	177	0
2193	170	0
2194	176	0
2195	193	0
2196	166	0
2197	185	0
2198	197	0
2199	227	0
2200	203	0
2201	189	0
2202	210	0
2203	203	0
2204	217	0
2205	212	0
2206	173	0
2207	208	0
2208	199	0
2209	208	0
2210	197	0
2211	195	0
2212	201	0
2213	190	0
2214	201	0
2215	198	0
2216	212	0
2217	190	0
2218	190	0
2219	233	0
2220	191	0
2221	204	0
2222	216	0
2223	199	0
2224	201	0
2225	199	0
2226	185	0
2227	204	0
2228	196	0
2229	192	0
2230	209	0
2231	195	0
2232	190	0
2233	219	0
2234	194	0
2235	187	0
2236	168	0
2237	183	0
2238	189	0
2239	163	0
2240	194	0
2241	199	0
2242	189	0
2243	187	0
2244	202	0
2245	228	0
2246	238	0
2247	179	0
2248	190	0
2249	205	0
2250	188	0
2251	172	0
2252	200	0
2253	182	0
2254	210	0
2255	194	0
2256	190	0
2257	202	0
2258	191	0
2259	185	0
2260	225	0
2261	204	0
2262	200	0
2263	195	0
2264	211	0
2265	179	0
2266	190	0
2267	202	0
2268	214	0
2269	221	0
2270	193	0
2271	190	0
2272	181	0
2273	206	0
2274	222	0
2275	189	0
2276	188	0
2277	217	0
2278	175	0
2279	217	0
2280	182	0
2281	191	0
2282	189	0
2283	215	0
2284	183	0
2285	193	0
2286	215	0
2287	199	0
2288	190	0
2289	226	0
2290	190	0
2291	219	0
2292	212	0
2293	184	0
2294	198	0
2295	222	0
2296	202	0
2297	191	0
2298	169	0
2299	187	0
2300	206	0
2301	200	0
2302	186	0
2303	214	0
2304	189	0
2305	217	0
2306	205	0
2307	211	0
2308	198	0
2309	234	0
2310	176	0
2311	220	0
2312	200	0
2313	216	0
2314	194	0
2315	209	0
2316	200	0
2317	198	0
2318	184	0
2319	207	0
2320	221	0
2321	213	0
2322	208	0
2323	180	0
2324	210	0
2325	181	0
2326	220	0
2327	206	0
2328	189	0
2329	197	0
2330	222	0
2331	193	0
2332	162	0
2333	182	0
2334	193	0
2335	187	0
2336	213	0
2337	189	0
2338	184	0
2339	206	0
2340	211	0
2341	227	0
2342	215	0
2343	181	0
2344	181	0
2345	182	0
2346	191	0
2347	213	0
2348	196	0
2349	208	0
2350	200	0
2351	192	0
2352	186	0
2353	179	0
2354	210	0
2355	214	0
2356	203	0
2357	229	0
2358	189	0
2359	202	0
2360	195	0
2361	210	0
2362	239	0
2363	207	0
2364	202	0
2365	190	0
2366	192	0
2367	182	0
2368	244	0
2369	201	0
2370	208	0
2371	212	0
2372	210	0
2373	188	0
2374	184	0
2375	199	0
2376	205	0
2377	173	0
2378	194	0
2379	181	0
2380	204	0
2381	194	0
2382	200	0
2383	171	0
2384	191	0
2385	197	0
2386	184	0
2387	213	0
2388	179	0
2389	174	0
2390	196	0
2391	202	0
2392	208	0
2393	196	0
2394	192	0
2395	211	0
2396	223	0
2397	166	0
2398	177	0
2399	217	0
2400	193	0
2401	186	0
2402	203	0
2403	186	0
2404	210	0
2405	189	0
2406	223	0
2407	222	0
2408	195	0
2409	195	0
2410	183	0
2411	203	0
2412	215	0
2413	199	0
2414	224	0
2415	215	0
2416	215	0
2417	216	0
2418	199	0
2419	196	0
2420	220	0
2421	212	0
2422	195	0
2423	207	0
2424	206	0
2425	230	0
2426	171	0
2427	191	0
2428	218	0
2429	208	0
2430	199	0
2431	173	0
2432	190	0
2433	217	0
2434	196	0
2435	173	0
2436	193	0
2437	178	0
2438	209	0
2439	208	0
2440	221	0
2441	166	0
2442	187	0
2443	192	0
2444	202	0
2445	207	0
2446	214	0
2447	188	0
2448	209	0
2449	177	0
2450	196	0
2451	177	0
2452	237	0
2453	163	0
2454	221	0
2455	205	0
2456	217	0
2457	203	0
2458	217	0
2459	208	0
2460	224	0
2461	183	0
2462	173	0
2463	196	0
2464	200	0
2465	200	0
2466	181	0
2467	199	0
2468	191	0
2469	211	0
2470	208	0
2471	181	0
2472	196	0
2473	222	0
2474	191	0
2475	209	0
2476	178	0
2477	193	0
2478	172	0
2479	194	0
2480	185	0
2481	199	0
2482	192	0
2483	205	0
2484	208	0
2485	182	0
2486	187	0
2487	206	0
2488	216	0
2489	202	0
2490	212	0
2491	191	0
2492	187	0
2493	189	0
2494	206	0
2495	178	0
2496	187	0
2497	206	0
2498	204	0
2499	177	0
2500	219	0
2501	209	0
2502	218	0
2503	203	0
2504	172	0
2505	197	0
2506	197	0
2507	191	0
2508	202	0
2509	196	0
2510	209	0
2511	183	0
2512	226	0
2513	184	0
2514	208	0
2515	213	0
2516	198	0
2517	212	0
2518	188	0
2519	207	0
2520	224	0
2521	202	0
2522	193	0
2523	231	0
2524	201	0
2525	194	0
2526	166	0
2527	192	0
2528	210	0
2529	186	0
2530	190	0
2531	186	0
2532	207	0
2533	201	0
2534	197	0
2535	188	0
2536	202	0
2537	198	0
2538	195	0
2539	222	0
2540	192	0
2541	174	0
2542	200	0
2543	174	0
2544	181	0
2545	172	0
2546	211	0
2547	174	0
2548	196	0
2549	151	0
2550	191	0
2551	199	0
2552	203	0
2553	203	0
2554	194	0
2555	188	0
2556	215	0
2557	216	0
2558	218	0
2559	177	0
2560	204	0
2561	217	0
2562	186	0
2563	200	0
2564	201	0
2565	189	0
2566	190	0
2567	188	0
2568	187	0
2569	224	0
2570	211	0
2571	223	0
2572	190	0
2573	195	0
2574	197	0
2575	190	0
2576	175	0
2577	172	0
2578	195	0
2579	191	0
2580	205	0
2581	196	0
2582	213	0
2583	208	0
2584	198	0
2585	191	0
2586	172	0
2587	200	0
2588	200	0
2589	183	0
2590	171	0
2591	223	0
2592	196	0
2593	207	0
2594	224	0
2595	198	0
2596	206	0
2597	193	0
2598	198	0
2599	216	0
2600	181	0
2601	157	0
2602	211	0
2603	215	0
2604	213	0
2605	217	0
2606	202	0
2607	212	0
2608	198	0
2609	191	0
2610	200	0
2611	187	0
2612	174	0
2613	191	0
2614	208	0
2615	187	0
2616	202	0
2617	210	0
2618	183	0
2619	187	0
2620	232	0
2621	202	0
2622	195	0
2623	195	0
2624	195	0
2625	190	0
2626	236	0
2627	204	0
2628	218	0
2629	231	0
2630	217	0
2631	212	0
2632	183	0
2633	175	0
2634	191	0
2635	169	0
2636	224	0
2637	187	0
2638	193	0
2639	213	0
2640	187	0
2641	220	0
2642	191	0
2643	196	0
2644	214	0
2645	190	0
2646	193	0
2647	171	0
2648	203	0
2649	193	0
2650	181	0
2651	213	0
2652	187	0
2653	210	0
2654	200	0
2655	188	0
2656	182	0
2657	198	0
2658	194	0
2659	206	0
2660	235	0
2661	204	0
2662	196	0
2663	190	0
2664	203	0
2665	185	0
2666	185	0
2667	229	0
2668	193	0
2669	203	0
2670	241	0
2671	180	0
2672	208	0
2673	193	0
2674	155	0
2675	195	0
2676	210	0
2677	179	0
2678	210	0
2679	204	0
2680	184	0
2681	191	0
2682	194	0
2683	201	0
2684	191	0
2685	180	0
2686	212	0
2687	195	0
2688	204	0
2689	217	0
2690	185	0
2691	207	0
2692	220	0
2693	180	0
2694	219	0
2695	199	0
2696	196	0
2697	210	0
2698	201	0
2699	183	0
2700	196	0
2701	185	0
2702	225	0
2703	170	0
2704	204	0
2705	213	0
2706	212	0
2707	199	0
2708	175	0
2709	199	0
2710	198	0
2711	213	0
2712	187	0
2713	175	0
2714	202	0
2715	195	0
2716	217	0
2717	183	0
2718	215	0
2719	183	0
2720	214	0
2721	204	0
2722	188	0
2723	197	0
2724	192	0
2725	184	0
2726	190	0
2727	206	0
2728	173	0
2729	213	0
2730	222	0
2731	216	0
2732	228	0
2733	195	0
2734	203	0
2735	176	0
2736	187	0
2737	186	0
2738	221	0
2739	190	0
2740	198	0
2741	198	0
2742	204	0
2743	185	0
2744	181	0
2745	191	0
2746	222	0
2747	195	0
2748	188	0
2749	201	0
2750	210	0
2751	208	0
2752	188	0
2753	226	0
2754	227	0
2755	191	0
2756	212	0
2757	209	0
2758	196	0
2759	214	0
2760	202	0
2761	217	0
2762	209	0
2763	191	0
2764	184	0
2765	168	0
2766	226	0
2767	200	0
2768	193	0
2769	219	0
2770	201	0
2771	205	0
2772	216	0
2773	191	0
2774	206	0
2775	190	0
2776	222	0
2777	189	0
2778	189	0
2779	167	0
2780	193	0
2781	181	0
2782	189	0
2783	207	0
2784	202	0
2785	180	0
2786	200	0
2787	188	0
2788	201	0
2789	202	0
2790	196	0
2791	206	0
2792	184	0
2793	203	0
2794	203	0
2795	182	0
2796	227	0
2797	179	0
2798	237	0
2799	182	0
2800	205	0
2801	205	0
2802	187	0
2803	202	0
2804	212	0
2805	228	0
2806	176	0
2807	202	0
2808	188	0
2809	193	0
2810	221	0
2811	192	0
2812	207	0
2813	172	0
2814	211	0
2815	182	0
2816	195	0
2817	168	0
2818	177	0
2819	205	0
2820	188	0
2821	197	0
2822	173	0
2823	207	0
2824	198	0
2825	217	0
2826	190	0
2827	207	0
2828	203	0
2829	197	0
2830	210	0
2831	229	0
2832	207	0
2833	186	0
2834	192	0
2835	184	0
2836	201	0
2837	206	0
2838	161	0
2839	195	0
2840	227	0
2841	184	0
2842	197	0
2843	189	0
2844	198	0
2845	193	0
2846	204	0
2847	184	0
2848	194	0
2849	195	0
2850	216	0
2851	214	0
2852	212	0
2853	199	0
2854	216	0
2855	205	0
2856	188	0
2857	181	0
2858	217	0
2859	187	0
2860	210	0
2861	202	0
2862	200	0
2863	233	0
2864	191	0
2865	203	0
2866	201	0
2867	213	0
2868	189	0
2869	216	0
2870	201	0
2871	193	0
2872	199	0
2873	203	0
2874	199	0
2875	202	0
2876	199	0
2877	204	0
2878	193	0
2879	209	0
2880	213	0
2881	174	0
2882	194	0
2883	194	0
2884	196	0
2885	221	0
2886	182	0
2887	231	0
2888	210	0
2889	188	0
2890	181	0
2891	199	0
2892	194	0
2893	194	0
2894	220	0
2895	211	0
2896	192	0
2897	203	0
2898	205	0
2899	198	0
2900	215	0
2901	217	0
2902	204	0
2903	172	0
2904	195	0
2905	175	0
2906	203	0
2907	183	0
2908	224	0
2909	208	0
2910	185	0
2911	188	0
2912	194	0
2913	199	0
2914	202	0
2915	226	0
2916	194	0
2917	186	0
2918	196	0
2919	198	0
2920	216	0
2921	198	0
2922	185	0
2923	207	0
2924	188	0
2925	201	0
2926	205	0
2927	225	0
2928	217	0
2929	207	0
2930	216	0
2931	184	0
2932	223	0
2933	203	0
2934	194	0
2935	193	0
2936	216	0
2937	200	0
2938	192	0
2939	203	0
2940	200	0
2941	200	0
2942	201	0
2943	207	0
2944	192	0
2945	199	0
2946	182	0
2947	214	0
2948	188	0
2949	213	0
2950	205	0
2951	231	0
2952	225	0
2953	204	0
2954	213	0
2955	194	0
2956	223	0
2957	174	0
2958	197	0
2959	186	0
2960	196	0
2961	195	0
2962	211	0
2963	199	0
2964	205	0
2965	197	0
2966	219	0
2967	207	0
2968	185	0
2969	201	0
2970	190	0
2971	184	0
2972	198	0
2973	187	0
2974	201	0
2975	200	0
2976	178	0
2977	212	0
2978	195	0
2979	214	0
2980	189	0
2981	208	0
2982	210	0
2983	210	0
2984	226	0
2985	201	0
2986	188	0
2987	207	0
2988	202	0
2989	220	0
2990	200	0
2991	190	0
2992	201	0
2993	175	0
2994	193	0
2995	201	0
2996	197	0
2997	209	0
2998	217	0
2999	189	0
3000	185	0
