1	225	0
2	179	0
3	168	0
4	224	0
5	188	0
6	213	0
7	198	0
8	168	0
9	209	0
10	188	0
11	216	0
12	208	0
13	205	0
14	190	0
15	195	0
16	207	0
17	213	0
18	184	0
19	198	0
20	166	0
21	209	0
22	195	0
23	212	0
24	193	0
25	196	0
26	185	0
27	185	0
28	183	0
29	190	0
30	216	0
31	178	0
32	204	0
33	200	0
34	213	0
35	217	0
36	189	0
37	208	0
38	179	0
39	205	0
40	186	0
41	199	0
42	189	0
43	211	0
44	208	0
45	199	0
46	182	0
47	198	0
48	203	0
49	202	0
50	207	0
51	195	0
52	209	0
53	205	0
54	190	0
55	197	0
56	201	0
57	218	0
58	211	0
59	197	0
60	175	0
61	190	0
62	192	0
63	189	0
64	218	0
65	211	0
66	183	0
67	208	0
68	160	0
69	194	0
70	222	0
71	192	0
72	192	0
73	208	0
74	217	0
75	198	0
76	211	0
77	191	0
78	221	0
79	203	0
80	196	0
81	210	0
82	192	0
83	177	0
84	196	0
85	207	0
86	201	0
87	228	0
88	203	0
89	188	0
90	161	0
91	197	0
92	207	0
93	167	0
94	187	0
95	194	0
96	177	0
97	187	0
98	187	0
99	183	0
100	173	0
101	188	0
102	186	0
103	207	0
104	189	0
105	182	0
106	193	0
107	211	0
108	198	0
109	187	0
110	199	0
111	193	0
112	218	0
113	210	0
114	208	0
115	186	0
116	213	0
117	203	0
118	218	0
119	191	0
120	215	0
121	216	0
122	191	0
123	204	0
124	209	0
125	188	0
126	218	0
127	193	0
128	223	0
129	202	0
130	216	0
131	220	0
132	203	0
133	194	0
134	205	0
135	191	0
136	200	0
137	179	0
138	196	0
139	229	0
140	200	0
141	206	0
142	193	0
143	190	0
144	206	0
145	199	0
146	190	0
147	209	0
148	199	0
149	193	0
150	204	0
151	204	0
152	219	0
153	177	0
154	229	0
155	190	0
156	227	0
157	191	0
158	205	0
159	202	0
160	168	0
161	190	0
162	208	0
163	220	0
164	194	0
165	187	0
166	199	0
167	188	0
168	204	0
169	212	0
170	192	0
171	192	0
172	202	0
173	165	0
174	224	0
175	197	0
176	198	0
177	196	0
178	210	0
179	218	0
180	193	0
181	192	0
182	201	0
183	180	0
184	210	0
185	220	0
186	167	0
187	207	0
188	198	0
189	217	0
190	187	0
191	204	0
192	195	0
193	172	0
194	216	0
195	196	0
196	210	0
197	210	0
198	184	0
199	151	0
200	182	0
201	235	0
202	212	0
203	203	0
204	204	0
205	232	0
206	208	0
207	212	0
208	197	0
209	194	0
210	187	0
211	213	0
212	196	0
213	198	0
214	190	0
215	187	0
216	181	0
217	206	0
218	185	0
219	216	0
220	199	0
221	194	0
222	195	0
223	187	0
224	200	0
225	205	0
226	189	0
227	235	0
228	207	0
229	168	0
230	198	0
231	206	0
232	186	0
233	172	0
234	185	0
235	182	0
236	232	0
237	232	0
238	181	0
239	194	0
240	204	0
241	204	0
242	196	0
243	202	0
244	205	0
245	196	0
246	192	0
247	188	0
248	201	0
249	201	0
250	184	0
251	198	0
252	202	0
253	195	0
254	171	0
255	192	0
256	196	0
257	193	0
258	201	0
259	190	0
260	193	0
261	202	0
262	211	0
263	196	0
264	193	0
265	176	0
266	177	0
267	160	0
268	183	0
269	207	0
270	190	0
271	180	0
272	176	0
273	178	0
274	222	0
275	189	0
276	183	0
277	204	0
278	193	0
279	201	0
280	217	0
281	201	0
282	206	0
283	206	0
284	209	0
285	220	0
286	190	0
287	205	0
288	198	0
289	199	0
290	189	0
291	207	0
292	197	0
293	195	0
294	197	0
295	195	0
296	199	0
297	179	0
298	204	0
299	183	0
300	197	0
301	189	0
302	188	0
303	204	0
304	194	0
305	193	0
306	191	0
307	179	0
308	208	0
309	186	0
310	207	0
311	218	0
312	183	0
313	196	0
314	221	0
315	186	0
316	172	0
317	221	0
318	193	0
319	191	0
320	210	0
321	210	0
322	197	0
323	230	0
324	233	0
325	199	0
326	188	0
327	193	0
328	207	0
329	192	0
330	183	0
331	204	0
332	183	0
333	207	0
334	182	0
335	194	0
336	181	0
337	200	0
338	208	0
339	212	0
340	190	0
341	236	0
342	233	0
343	186	0
344	197	0
345	208	0
346	202	0
347	195	0
348	201	0
349	209	0
350	209	0
351	200	0
352	186	0
353	196	0
354	203	0
355	195	0
356	192	0
357	203	0
358	189	0
359	194	0
360	189	0
361	238	0
362	199	0
363	201	0
364	185	0
365	187	0
366	201	0
367	189	0
368	181	0
369	188	0
370	196	0
371	214	0
372	206	0
373	207	0
374	211	0
375	221	0
376	206	0
377	206	0
378	187	0
379	196	0
380	228	0
381	193	0
382	178	0
383	203	0
384	188	0
385	192	0
386	199	0
387	207	0
388	187	0
389	202	0
390	205	0
391	210	0
392	170	0
393	200	0
394	175	0
395	193	0
396	237	0
397	195	0
398	190	0
399	222	0
400	207	0
401	199	0
402	185	0
403	179	0
404	203	0
405	201	0
406	202	0
407	198	0
408	206	0
409	194	0
410	188	0
411	198	0
412	196	0
413	196	0
414	193	0
415	196	0
416	195	0
417	214	0
418	199	0
419	198	0
420	210	0
421	216	0
422	197	0
423	215	0
424	216	0
425	211	0
426	172	0
427	201	0
428	190	0
429	215	0
430	190	0
431	201	0
432	197	0
433	209	0
434	184	0
435	211	0
436	198	0
437	220	0
438	215	0
439	222	0
440	207	0
441	202	0
442	179	0
443	189	0
444	181	0
445	171	0
446	195	0
447	174	0
448	171	0
449	217	0
450	196	0
451	216	0
452	189	0
453	194	0
454	209	0
455	180	0
456	173	0
457	206	0
458	204	0
459	208	0
460	197	0
461	186	0
462	216	0
463	188	0
464	207	0
465	186	0
466	192	0
467	205	0
468	213	0
469	202	0
470	193	0
471	213	0
472	203	0
473	178	0
474	208	0
475	211	0
476	197	0
477	202	0
478	180	0
479	216	0
480	193	0
481	195	0
482	207	0
483	199	0
484	192	0
485	176	0
486	212	0
487	195	0
488	212	0
489	187	0
490	206	0
491	202	0
492	204	0
493	217	0
494	189	0
495	200	0
496	224	0
497	214	0
498	176	0
499	172	0
500	188	0
501	189	0
502	221	0
503	204	0
504	178	0
505	185	0
506	202	0
507	219	0
508	169	0
509	187	0
510	191	0
511	216	0
512	214	0
513	205	0
514	182	0
515	215	0
516	198	0
517	202	0
518	201	0
519	225	0
520	201	0
521	216	0
522	216	0
523	203	0
524	180	0
525	196	0
526	190	0
527	175	0
528	224	0
529	207	0
530	165	0
531	202	0
532	211	0
533	187	0
534	211	0
535	189	0
536	190	0
537	204	0
538	200	0
539	200	0
540	202	0
541	185	0
542	185	0
543	205	0
544	205	0
545	190	0
546	190	0
547	184	0
548	202	0
549	184	0
550	189	0
551	188	0
552	203	0
553	228	0
554	213	0
555	180	0
556	222	0
557	222	0
558	200	0
559	191	0
560	204	0
561	184	0
562	252	0
563	213	0
564	197	0
565	202	0
566	213	0
567	201	0
568	187	0
569	179	0
570	231	0
571	220	0
572	226	0
573	177	0
574	196	0
575	221	0
576	217	0
577	218	0
578	198	0
579	205	0
580	225	0
581	205	0
582	212	0
583	168	0
584	198	0
585	211	0
586	198	0
587	196	0
588	212	0
589	205	0
590	194	0
591	208	0
592	217	0
593	183	0
594	225	0
595	188	0
596	190	0
597	202	0
598	200	0
599	214	0
600	190	0
601	181	0
602	204	0
603	159	0
604	194	0
605	212	0
606	206	0
607	197	0
608	196	0
609	218	0
610	195	0
611	194	0
612	202	0
613	191	0
614	191	0
615	192	0
616	207	0
617	221	0
618	222	0
619	178	0
620	204	0
621	196	0
622	178	0
623	209	0
624	198	0
625	202	0
626	185	0
627	224	0
628	192	0
629	181	0
630	216	0
631	198	0
632	204	0
633	203	0
634	208	0
635	182	0
636	203	0
637	187	0
638	211	0
639	221	0
640	187	0
641	199	0
642	202	0
643	192	0
644	193	0
645	190	0
646	210	0
647	210	0
648	186	0
649	190	0
650	199	0
651	232	0
652	161	0
653	215	0
654	202	0
655	219	0
656	208	0
657	197	0
658	181	0
659	217	0
660	195	0
661	189	0
662	173	0
663	182	0
664	221	0
665	228	0
666	213	0
667	190	0
668	194	0
669	220	0
670	210	0
671	211	0
672	204	0
673	227	0
674	204	0
675	207	0
676	202	0
677	190	0
678	175	0
679	213	0
680	202	0
681	163	0
682	208	0
683	179	0
684	192	0
685	207	0
686	204	0
687	190	0
688	166	0
689	197	0
690	180	0
691	192	0
692	212	0
693	205	0
694	190	0
695	215	0
696	178	0
697	204	0
698	184	0
699	201	0
700	181	0
701	208	0
702	181	0
703	196	0
704	205	0
705	211	0
706	209	0
707	181	0
708	209	0
709	194	0
710	206	0
711	223	0
712	216	0
713	181	0
714	179	0
715	227	0
716	180	0
717	218	0
718	186	0
719	200	0
720	196	0
721	206	0
722	197	0
723	214	0
724	191	0
725	205	0
726	212	0
727	215	0
728	206	0
729	208	0
730	213	0
731	225	0
732	212	0
733	202	0
734	203	0
735	197	0
736	181	0
737	194	0
738	205	0
739	211	0
740	188	0
741	201	0
742	211	0
743	203	0
744	204	0
745	198	0
746	216	0
747	224	0
748	202	0
749	184	0
750	200	0
751	216	0
752	199	0
753	177	0
754	192	0
755	207	0
756	215	0
757	184	0
758	201	0
759	191	0
760	191	0
761	192	0
762	206	0
763	189	0
764	207	0
765	198	0
766	193	0
767	200	0
768	204	0
769	204	0
770	198	0
771	210	0
772	193	0
773	191	0
774	180	0
775	210	0
776	200	0
777	211	0
778	206	0
779	200	0
780	227	0
781	189	0
782	205	0
783	230	0
784	195	0
785	176	0
786	217	0
787	208	0
788	215	0
789	190	0
790	177	0
791	198	0
792	181	0
793	210	0
794	207	0
795	194	0
796	256	0
797	229	0
798	201	0
799	194	0
800	209	0
801	186	0
802	168	0
803	210	0
804	208	0
805	198	0
806	198	0
807	181	0
808	194	0
809	188	0
810	181	0
811	213	0
812	219	0
813	188	0
814	209	0
815	207	0
816	190	0
817	174	0
818	201	0
819	192	0
820	158	0
821	195	0
822	196	0
823	198	0
824	183	0
825	193	0
826	194	0
827	193	0
828	218	0
829	195	0
830	175	0
831	195	0
832	209	0
833	194	0
834	202	0
835	178	0
836	240	0
837	205	0
838	225	0
839	177	0
840	209	0
841	165	0
842	190	0
843	195	0
844	183	0
845	211	0
846	181	0
847	196	0
848	193	0
849	202	0
850	221	0
851	205	0
852	187	0
853	225	0
854	206	0
855	219	0
856	178	0
857	221	0
858	201	0
859	203	0
860	205	0
861	210	0
862	184	0
863	192	0
864	195	0
865	213	0
866	201	0
867	194	0
868	210	0
869	209	0
870	200	0
871	172	0
872	193	0
873	181	0
874	205	0
875	207	0
876	205	0
877	196	0
878	184	0
879	180	0
880	195	0
881	180	0
882	191	0
883	200	0
884	186	0
885	196	0
886	184	0
887	190	0
888	206	0
889	201	0
890	189	0
891	210	0
892	194	0
893	190	0
894	192	0
895	187	0
896	179	0
897	182	0
898	214	0
899	201	0
900	205	0
901	177	0
902	205	0
903	182	0
904	200	0
905	200	0
906	177	0
907	200	0
908	194	0
909	180	0
910	179	0
911	202	0
912	187	0
913	180	0
914	191	0
915	192	0
916	194	0
917	179	0
918	209	0
919	210	0
920	196	0
921	167	0
922	200	0
923	216	0
924	208	0
925	215	0
926	195	0
927	170	0
928	204	0
929	183	0
930	205	0
931	203	0
932	215	0
933	209	0
934	209	0
935	199	0
936	196	0
937	190	0
938	189	0
939	194	0
940	214	0
941	209	0
942	194	0
943	194	0
944	187	0
945	174	0
946	204	0
947	177	0
948	219	0
949	216	0
950	193	0
951	208	0
952	180	0
953	207	0
954	177	0
955	209	0
956	199	0
957	191	0
958	196	0
959	208	0
960	179	0
961	215	0
962	183	0
963	210	0
964	184	0
965	218	0
966	185	0
967	202	0
968	191	0
969	222	0
970	171	0
971	172	0
972	196	0
973	201	0
974	210	0
975	197	0
976	223	0
977	183	0
978	207	0
979	219	0
980	193	0
981	218	0
982	190	0
983	171	0
984	192	0
985	205	0
986	207	0
987	186	0
988	220	0
989	191	0
990	208	0
991	206	0
992	200	0
993	167	0
994	194	0
995	184	0
996	190	0
997	164	0
998	183	0
999	201	0
1000	199	0
1001	198	0
1002	221	0
1003	210	0
1004	196	0
1005	199	0
1006	206	0
1007	196	0
1008	203	0
1009	192	0
1010	171	0
1011	215	0
1012	209	0
1013	197	0
1014	187	0
1015	201	0
1016	179	0
1017	216	0
1018	211	0
1019	187	0
1020	203	0
1021	203	0
1022	202	0
1023	204	0
1024	207	0
1025	215	0
1026	207	0
1027	215	0
1028	207	0
1029	203	0
1030	186	0
1031	197	0
1032	218	0
1033	202	0
1034	200	0
1035	195	0
1036	203	0
1037	204	0
1038	203	0
1039	189	0
1040	190	0
1041	207	0
1042	193	0
1043	199	0
1044	203	0
1045	200	0
1046	230	0
1047	210	0
1048	223	0
1049	210	0
1050	214	0
1051	203	0
1052	193	0
1053	186	0
1054	194	0
1055	185	0
1056	182	0
1057	210	0
1058	189	0
1059	187	0
1060	182	0
1061	201	0
1062	205	0
1063	223	0
1064	196	0
1065	181	0
1066	200	0
1067	206	0
1068	203	0
1069	179	0
1070	215	0
1071	231	0
1072	221	0
1073	212	0
1074	238	0
1075	215	0
1076	210	0
1077	176	0
1078	213	0
1079	191	0
1080	199	0
1081	210	0
1082	194	0
1083	198	0
1084	177	0
1085	216	0
1086	191	0
1087	195	0
1088	205	0
1089	199	0
1090	193	0
1091	185	0
1092	203	0
1093	205	0
1094	204	0
1095	208	0
1096	185	0
1097	219	0
1098	236	0
1099	224	0
1100	203	0
1101	203	0
1102	210	0
1103	233	0
1104	188	0
1105	186	0
1106	180	0
1107	236	0
1108	219	0
1109	217	0
1110	192	0
1111	208	0
1112	244	0
1113	225	0
1114	196	0
1115	234	0
1116	200	0
1117	205	0
1118	205	0
1119	177	0
1120	217	0
1121	208	0
1122	176	0
1123	188	0
1124	186	0
1125	192	0
1126	193	0
1127	193	0
1128	208	0
1129	195	0
1130	227	0
1131	234	0
1132	195	0
1133	175	0
1134	203	0
1135	236	0
1136	188	0
1137	172	0
1138	202	0
1139	184	0
1140	192	0
1141	189	0
1142	180	0
1143	195	0
1144	195	0
1145	212	0
1146	187	0
1147	195	0
1148	196	0
1149	177	0
1150	207	0
1151	170	0
1152	178	0
1153	186	0
1154	199	0
1155	206	0
1156	210	0
1157	184	0
1158	217	0
1159	158	0
1160	228	0
1161	220	0
1162	185	0
1163	200	0
1164	184	0
1165	192	0
1166	195	0
1167	185	0
1168	220	0
1169	194	0
1170	166	0
1171	197	0
1172	176	0
1173	210	0
1174	183	0
1175	184	0
1176	197	0
1177	190	0
1178	213	0
1179	225	0
1180	232	0
1181	221	0
1182	197	0
1183	205	0
1184	182	0
1185	207	0
1186	166	0
1187	211	0
1188	209	0
1189	202	0
1190	197	0
1191	182	0
1192	191	0
1193	197	0
1194	191	0
1195	199	0
1196	213	0
1197	181	0
1198	213	0
1199	241	0
1200	204	0
1201	194	0
1202	180	0
1203	183	0
1204	212	0
1205	218	0
1206	203	0
1207	196	0
1208	206	0
1209	206	0
1210	216	0
1211	187	0
1212	187	0
1213	197	0
1214	203	0
1215	215	0
1216	182	0
1217	216	0
1218	208	0
1219	191	0
1220	190	0
1221	181	0
1222	201	0
1223	205	0
1224	211	0
1225	196	0
1226	196	0
1227	198	0
1228	191	0
1229	208	0
1230	200	0
1231	179	0
1232	202	0
1233	211	0
1234	187	0
1235	199	0
1236	171	0
1237	186	0
1238	222	0
1239	184	0
1240	195	0
1241	184	0
1242	195	0
1243	212	0
1244	220	0
1245	207	0
1246	206	0
1247	192	0
1248	188	0
1249	206	0
1250	220	0
1251	182	0
1252	197	0
1253	193	0
1254	166	0
1255	198	0
1256	194	0
1257	206	0
1258	189	0
1259	218	0
1260	183	0
1261	190	0
1262	173	0
1263	198	0
1264	211	0
1265	189	0
1266	217	0
1267	221	0
1268	179	0
1269	203	0
1270	202	0
1271	198	0
1272	223	0
1273	201	0
1274	219	0
1275	187	0
1276	194	0
1277	181	0
1278	205	0
1279	182	0
1280	197	0
1281	200	0
1282	185	0
1283	208	0
1284	190	0
1285	213	0
1286	213	0
1287	184	0
1288	168	0
1289	215	0
1290	185	0
1291	195	0
1292	192	0
1293	187	0
1294	222	0
1295	207	0
1296	184	0
1297	203	0
1298	202	0
1299	191	0
1300	205	0
1301	193	0
1302	201	0
1303	196	0
1304	211	0
1305	204	0
1306	211	0
1307	170	0
1308	226	0
1309	240	0
1310	173	0
1311	194	0
1312	196	0
1313	205	0
1314	196	0
1315	198	0
1316	203	0
1317	196	0
1318	180	0
1319	215	0
1320	211	0
1321	169	0
1322	179	0
1323	183	0
1324	181	0
1325	217	0
1326	194	0
1327	194	0
1328	188	0
1329	211	0
1330	164	0
1331	198	0
1332	208	0
1333	172	0
1334	197	0
1335	204	0
1336	181	0
1337	191	0
1338	203	0
1339	196	0
1340	194	0
1341	209	0
1342	212	0
1343	176	0
1344	189	0
1345	221	0
1346	184	0
1347	228	0
1348	192	0
1349	206	0
1350	212	0
1351	196	0
1352	195	0
1353	212	0
1354	222	0
1355	219	0
1356	207	0
1357	206	0
1358	186	0
1359	202	0
1360	188	0
1361	203	0
1362	201	0
1363	216	0
1364	226	0
1365	205	0
1366	192	0
1367	187	0
1368	206	0
1369	189	0
1370	176	0
1371	193	0
1372	185	0
1373	215	0
1374	194	0
1375	212	0
1376	204	0
1377	187	0
1378	203	0
1379	202	0
1380	208	0
1381	207	0
1382	218	0
1383	202	0
1384	212	0
1385	209	0
1386	186	0
1387	207	0
1388	234	0
1389	203	0
1390	177	0
1391	189	0
1392	210	0
1393	197	0
1394	202	0
1395	200	0
1396	193	0
1397	185	0
1398	216	0
1399	207	0
1400	199	0
1401	209	0
1402	190	0
1403	216	0
1404	201	0
1405	184	0
1406	220	0
1407	194	0
1408	169	0
1409	180	0
1410	181	0
1411	203	0
1412	189	0
1413	194	0
1414	194	0
1415	170	0
1416	224	0
1417	162	0
1418	186	0
1419	188	0
1420	186	0
1421	192	0
1422	186	0
1423	201	0
1424	211	0
1425	206	0
1426	180	0
1427	183	0
1428	206	0
1429	197	0
1430	206	0
1431	183	0
1432	186	0
1433	195	0
1434	185	0
1435	176	0
1436	191	0
1437	200	0
1438	230	0
1439	209	0
1440	205	0
1441	196	0
1442	206	0
1443	193	0
1444	216	0
1445	203	0
1446	215	0
1447	190	0
1448	201	0
1449	223	0
1450	193	0
1451	182	0
1452	180	0
1453	219	0
1454	202	0
1455	186	0
1456	196	0
1457	208	0
1458	214	0
1459	192	0
1460	198	0
1461	209	0
1462	198	0
1463	176	0
1464	200	0
1465	192	0
1466	203	0
1467	194	0
1468	227	0
1469	203	0
1470	185	0
1471	214	0
1472	210	0
1473	192	0
1474	241	0
1475	194	0
1476	195	0
1477	196	0
1478	197	0
1479	220	0
1480	188	0
1481	207	0
1482	220	0
1483	206	0
1484	198	0
1485	189	0
1486	232	0
1487	192	0
1488	202	0
1489	193	0
1490	199	0
1491	175	0
1492	216	0
1493	200	0
1494	193	0
1495	215	0
1496	206	0
1497	206	0
1498	206	0
1499	186	0
1500	179	0
1501	204	0
1502	203	0
1503	224	0
1504	198	0
1505	220	0
1506	227	0
1507	192	0
1508	205	0
1509	212	0
1510	191	0
1511	204	0
1512	203	0
1513	208	0
1514	215	0
1515	218	0
1516	216	0
1517	220	0
1518	201	0
1519	219	0
1520	203	0
1521	208	0
1522	199	0
1523	217	0
1524	177	0
1525	211	0
1526	176	0
1527	217	0
1528	231	0
1529	190	0
1530	203	0
1531	190	0
1532	229	0
1533	199	0
1534	208	0
1535	188	0
1536	203	0
1537	193	0
1538	204	0
1539	221	0
1540	186	0
1541	182	0
1542	184	0
1543	201	0
1544	176	0
1545	188	0
1546	217	0
1547	187	0
1548	189	0
1549	224	0
1550	190	0
1551	217	0
1552	192	0
1553	195	0
1554	218	0
1555	169	0
1556	167	0
1557	190	0
1558	198	0
1559	196	0
1560	227	0
1561	212	0
1562	157	0
1563	203	0
1564	214	0
1565	200	0
1566	197	0
1567	189	0
1568	195	0
1569	228	0
1570	190	0
1571	183	0
1572	210	0
1573	189	0
1574	201	0
1575	232	0
1576	178	0
1577	172	0
1578	199	0
1579	215	0
1580	203	0
1581	179	0
1582	203	0
1583	187	0
1584	186	0
1585	181	0
1586	207	0
1587	187	0
1588	189	0
1589	224	0
1590	189	0
1591	194	0
1592	193	0
1593	192	0
1594	194	0
1595	194	0
1596	210	0
1597	172	0
1598	196	0
1599	203	0
1600	205	0
1601	206	0
1602	202	0
1603	195	0
1604	211	0
1605	219	0
1606	186	0
1607	190	0
1608	205	0
1609	217	0
1610	212	0
1611	201	0
1612	198	0
1613	199	0
1614	196	0
1615	165	0
1616	199	0
1617	188	0
1618	209	0
1619	222	0
1620	170	0
1621	235	0
1622	175	0
1623	192	0
1624	199	0
1625	201	0
1626	197	0
1627	213	0
1628	188	0
1629	196	0
1630	177	0
1631	190	0
1632	189	0
1633	198	0
1634	228	0
1635	163	0
1636	202	0
1637	208	0
1638	175	0
1639	209	0
1640	171	0
1641	195	0
1642	223	0
1643	180	0
1644	214	0
1645	189	0
1646	186	0
1647	188	0
1648	202	0
1649	171	0
1650	172	0
1651	194	0
1652	183	0
1653	208	0
1654	202	0
1655	195	0
1656	205	0
1657	188	0
1658	168	0
1659	189	0
1660	193	0
1661	192	0
1662	208	0
1663	182	0
1664	207	0
1665	219	0
1666	243	0
1667	211	0
1668	202	0
1669	178	0
1670	205	0
1671	178	0
1672	198	0
1673	173	0
1674	182	0
1675	197	0
1676	207	0
1677	193	0
1678	177	0
1679	211	0
1680	230	0
1681	190	0
1682	202	0
1683	207	0
1684	171	0
1685	212	0
1686	198	0
1687	198	0
1688	189	0
1689	212	0
1690	195	0
1691	208	0
1692	188	0
1693	199	0
1694	213	0
1695	192	0
1696	203	0
1697	204	0
1698	178	0
1699	204	0
1700	192	0
1701	200	0
1702	196	0
1703	211	0
1704	185	0
1705	197	0
1706	193	0
1707	189	0
1708	201	0
1709	200	0
1710	205	0
1711	198	0
1712	182	0
1713	172	0
1714	227	0
1715	216	0
1716	209	0
1717	182	0
1718	203	0
1719	205	0
1720	192	0
1721	160	0
1722	207	0
1723	209	0
1724	208	0
1725	219	0
1726	201	0
1727	194	0
1728	213	0
1729	182	0
1730	211	0
1731	203	0
1732	191	0
1733	210	0
1734	173	0
1735	189	0
1736	219	0
1737	189	0
1738	200	0
1739	191	0
1740	184	0
1741	196	0
1742	168	0
1743	206	0
1744	208	0
1745	206	0
1746	198	0
1747	179	0
1748	233	0
1749	199	0
1750	216	0
1751	204	0
1752	202	0
1753	206	0
1754	180	0
1755	200	0
1756	200	0
1757	221	0
1758	201	0
1759	218	0
1760	212	0
1761	181	0
1762	231	0
1763	189	0
1764	183	0
1765	180	0
1766	235	0
1767	202	0
1768	207	0
1769	188	0
1770	193	0
1771	198	0
1772	185	0
1773	203	0
1774	193	0
1775	216	0
1776	201	0
1777	193	0
1778	184	0
1779	191	0
1780	209	0
1781	178	0
1782	214	0
1783	199	0
1784	213	0
1785	202	0
1786	202	0
1787	204	0
1788	211	0
1789	206	0
1790	199	0
1791	202	0
1792	217	0
1793	191	0
1794	192	0
1795	158	0
1796	214	0
1797	193	0
1798	195	0
1799	189	0
1800	194	0
1801	193	0
1802	217	0
1803	201	0
1804	224	0
1805	216	0
1806	195	0
1807	213	0
1808	236	0
1809	196	0
1810	217	0
1811	200	0
1812	197	0
1813	204	0
1814	215	0
1815	193	0
1816	213	0
1817	183	0
1818	196	0
1819	175	0
1820	211	0
1821	204	0
1822	198	0
1823	212	0
1824	215	0
1825	194	0
1826	197	0
1827	174	0
1828	210	0
1829	208	0
1830	191	0
1831	192	0
1832	200	0
1833	211	0
1834	195	0
1835	187	0
1836	190	0
1837	179	0
1838	222	0
1839	194	0
1840	219	0
1841	176	0
1842	197	0
1843	199	0
1844	185	0
1845	229	0
1846	213	0
1847	224	0
1848	206	0
1849	209	0
1850	212	0
1851	196	0
1852	190	0
1853	204	0
1854	223	0
1855	173	0
1856	195	0
1857	220	0
1858	179	0
1859	200	0
1860	204	0
1861	194	0
1862	186	0
1863	198	0
1864	204	0
1865	207	0
1866	199	0
1867	186	0
1868	182	0
1869	197	0
1870	216	0
1871	193	0
1872	207	0
1873	184	0
1874	196	0
1875	178	0
1876	190	0
1877	218	0
1878	186	0
1879	194	0
1880	197	0
1881	198	0
1882	173	0
1883	192	0
1884	185	0
1885	193	0
1886	206	0
1887	202	0
1888	212	0
1889	194	0
1890	197	0
1891	209	0
1892	208	0
1893	185	0
1894	192	0
1895	212	0
1896	201	0
1897	202	0
1898	208	0
1899	216	0
1900	204	0
1901	202	0
1902	219	0
1903	187	0
1904	188	0
1905	193	0
1906	203	0
1907	203	0
1908	171	0
1909	217	0
1910	205	0
1911	199	0
1912	226	0
1913	186	0
1914	210	0
1915	195	0
1916	216	0
1917	226	0
1918	193	0
1919	203	0
1920	177	0
1921	200	0
1922	197	0
1923	182	0
1924	195	0
1925	209	0
1926	208	0
1927	190	0
1928	211	0
1929	209	0
1930	185	0
1931	194	0
1932	180	0
1933	204	0
1934	206	0
1935	193	0
1936	194	0
1937	212	0
1938	211	0
1939	201	0
1940	207	0
1941	211	0
1942	187	0
1943	207	0
1944	201	0
1945	192	0
1946	203	0
1947	202	0
1948	181	0
1949	193	0
1950	194	0
1951	202	0
1952	211	0
1953	203	0
1954	197	0
1955	217	0
1956	204	0
1957	197	0
1958	194	0
1959	186	0
1960	191	0
1961	185	0
1962	176	0
1963	215	0
1964	208	0
1965	184	0
1966	194	0
1967	209	0
1968	211	0
1969	196	0
1970	191	0
1971	225	0
1972	214	0
1973	193	0
1974	218	0
1975	201	0
1976	176	0
1977	191	0
1978	196	0
1979	183	0
1980	206	0
1981	206	0
1982	187	0
1983	192	0
1984	171	0
1985	200	0
1986	201	0
1987	187	0
1988	169	0
1989	185	0
1990	214	0
1991	208	0
1992	184	0
1993	217	0
1994	199	0
1995	180	0
1996	193	0
1997	199	0
1998	209	0
1999	213	0
2000	209	0
2001	191	0
2002	181	0
2003	186	0
2004	204	0
2005	201	0
2006	215	0
2007	228	0
2008	189	0
2009	174	0
2010	194	0
2011	221	0
2012	190	0
2013	199	0
2014	195	0
2015	193	0
2016	197	0
2017	199	0
2018	190	0
2019	196	0
2020	229	0
2021	170	0
2022	190	0
2023	206	0
2024	204	0
2025	212	0
2026	184	0
2027	208	0
2028	207	0
2029	185	0
2030	203	0
2031	202	0
2032	180	0
2033	184	0
2034	199	0
2035	211	0
2036	188	0
2037	204	0
2038	197	0
2039	184	0
2040	193	0
2041	217	0
2042	206	0
2043	192	0
2044	203	0
2045	192	0
2046	192	0
2047	204	0
2048	204	0
2049	189	0
2050	206	0
2051	211	0
2052	187	0
2053	187	0
2054	205	0
2055	192	0
2056	192	0
2057	183	0
2058	209	0
2059	188	0
2060	210	0
2061	214	0
2062	180	0
2063	213	0
2064	189	0
2065	184	0
2066	202	0
2067	220	0
2068	194	0
2069	209	0
2070	211	0
2071	228	0
2072	204	0
2073	168	0
2074	199	0
2075	188	0
2076	171	0
2077	194	0
2078	191	0
2079	214	0
2080	164	0
2081	180	0
2082	178	0
2083	200	0
2084	216	0
2085	190	0
2086	217	0
2087	194	0
2088	214	0
2089	218	0
2090	171	0
2091	193	0
2092	193	0
2093	217	0
2094	224	0
2095	196	0
2096	191	0
2097	200	0
2098	185	0
2099	237	0
2100	210	0
2101	205	0
2102	202	0
2103	197	0
2104	194	0
2105	205	0
2106	208	0
2107	187	0
2108	216	0
2109	189	0
2110	190	0
2111	223	0
2112	213	0
2113	179	0
2114	191	0
2115	191	0
2116	208	0
2117	180	0
2118	189	0
2119	177	0
2120	196	0
2121	185	0
2122	197	0
2123	193	0
2124	204	0
2125	178	0
2126	194	0
2127	201	0
2128	215	0
2129	216	0
2130	213	0
2131	205	0
2132	202	0
2133	185	0
2134	209	0
2135	212	0
2136	199	0
2137	205	0
2138	190	0
2139	209	0
2140	201	0
2141	221	0
2142	194	0
2143	190	0
2144	229	0
2145	209	0
2146	193	0
2147	197	0
2148	191	0
2149	208	0
2150	203	0
2151	221	0
2152	212	0
2153	227	0
2154	220	0
2155	197	0
2156	163	0
2157	198	0
2158	204	0
2159	216	0
2160	235	0
2161	218	0
2162	197	0
2163	186	0
2164	178	0
2165	183	0
2166	160	0
2167	211	0
2168	187	0
2169	226	0
2170	198	0
2171	209	0
2172	189	0
2173	219	0
2174	201	0
2175	218	0
2176	190	0
2177	208	0
2178	175	0
2179	207	0
2180	206	0
2181	176	0
2182	172	0
2183	193	0
2184	196	0
2185	186	0
2186	232	0
2187	207	0
2188	196	0
2189	192	0
2190	187	0
2191	195	0
2192	218	0
2193	187	0
2194	196	0
2195	222	0
2196	203	0
2197	218	0
2198	206	0
2199	200	0
2200	208	0
2201	180	0
2202	194	0
2203	208	0
2204	210	0
2205	214	0
2206	216	0
2207	167	0
2208	201	0
2209	238	0
2210	183	0
2211	214	0
2212	201	0
2213	196	0
2214	207	0
2215	189	0
2216	194	0
2217	191	0
2218	191	0
2219	191	0
2220	203	0
2221	199	0
2222	207	0
2223	204	0
2224	225	0
2225	195	0
2226	213	0
2227	184	0
2228	193	0
2229	189	0
2230	199	0
2231	189	0
2232	222	0
2233	215	0
2234	162	0
2235	183	0
2236	218	0
2237	164	0
2238	179	0
2239	194	0
2240	213	0
2241	243	0
2242	184	0
2243	214	0
2244	206	0
2245	233	0
2246	208	0
2247	216	0
2248	225	0
2249	207	0
2250	199	0
2251	228	0
2252	180	0
2253	192	0
2254	209	0
2255	188	0
2256	203	0
2257	199	0
2258	193	0
2259	173	0
2260	210	0
2261	216	0
2262	204	0
2263	173	0
2264	201	0
2265	211	0
2266	181	0
2267	189	0
2268	210	0
2269	201	0
2270	190	0
2271	201	0
2272	201	0
2273	179	0
2274	166	0
2275	213	0
2276	215	0
2277	192	0
2278	202	0
2279	227	0
2280	222	0
2281	194	0
2282	195	0
2283	216	0
2284	183	0
2285	199	0
2286	198	0
2287	191	0
2288	201	0
2289	192	0
2290	203	0
2291	195	0
2292	160	0
2293	205	0
2294	180	0
2295	188	0
2296	210	0
2297	200	0
2298	209	0
2299	199	0
2300	225	0
2301	169	0
2302	213	0
2303	214	0
2304	218	0
2305	202	0
2306	184	0
2307	184	0
2308	194	0
2309	192	0
2310	215	0
2311	202	0
2312	199	0
2313	226	0
2314	195	0
2315	212	0
2316	189	0
2317	209	0
2318	199	0
2319	219	0
2320	211	0
2321	190	0
2322	208	0
2323	195	0
2324	186	0
2325	200	0
2326	187	0
2327	196	0
2328	163	0
2329	176	0
2330	201	0
2331	192	0
2332	202	0
2333	189	0
2334	215	0
2335	206	0
2336	219	0
2337	196	0
2338	189	0
2339	201	0
2340	198	0
2341	203	0
2342	209	0
2343	189	0
2344	218	0
2345	207	0
2346	209	0
2347	186	0
2348	191	0
2349	204	0
2350	182	0
2351	228	0
2352	241	0
2353	197	0
2354	188	0
2355	165	0
2356	205	0
2357	199	0
2358	200	0
2359	217	0
2360	180	0
2361	213	0
2362	164	0
2363	180	0
2364	220	0
2365	177	0
2366	171	0
2367	201	0
2368	209	0
2369	186	0
2370	199	0
2371	188	0
2372	191	0
2373	184	0
2374	210	0
2375	186	0
2376	217	0
2377	196	0
2378	221	0
2379	203	0
2380	207	0
2381	217	0
2382	201	0
2383	190	0
2384	210	0
2385	185	0
2386	203	0
2387	183	0
2388	223	0
2389	202	0
2390	223	0
2391	189	0
2392	190	0
2393	214	0
2394	193	0
2395	197	0
2396	192	0
2397	200	0
2398	171	0
2399	171	0
2400	224	0
2401	193	0
2402	201	0
2403	204	0
2404	177	0
2405	187	0
2406	195	0
2407	185	0
2408	185	0
2409	198	0
2410	221	0
2411	187	0
2412	199	0
2413	215	0
2414	180	0
2415	188	0
2416	197	0
2417	191	0
2418	201	0
2419	205	0
2420	202	0
2421	206	0
2422	222	0
2423	211	0
2424	181	0
2425	189	0
2426	182	0
2427	190	0
2428	194	0
2429	205	0
2430	202	0
2431	186	0
2432	203	0
2433	207	0
2434	187	0
2435	232	0
2436	233	0
2437	208	0
2438	202	0
2439	200	0
2440	188	0
2441	191	0
2442	188	0
2443	214	0
2444	178	0
2445	198	0
2446	190	0
2447	209	0
2448	189	0
2449	212	0
2450	210	0
2451	193	0
2452	204	0
2453	191	0
2454	224	0
2455	222	0
2456	197	0
2457	200	0
2458	230	0
2459	216	0
2460	179	0
2461	179	0
2462	212	0
2463	214	0
2464	200	0
2465	194	0
2466	232	0
2467	172	0
2468	216	0
2469	215	0
2470	184	0
2471	202	0
2472	195	0
2473	188	0
2474	187	0
2475	222	0
2476	183	0
2477	180	0
2478	181	0
2479	211	0
2480	191	0
2481	184	0
2482	205	0
2483	201	0
2484	214	0
2485	204	0
2486	198	0
2487	225	0
2488	174	0
2489	203	0
2490	237	0
2491	221	0
2492	173	0
2493	196	0
2494	181	0
2495	209	0
2496	192	0
2497	191	0
2498	186	0
2499	183	0
2500	186	0
2501	196	0
2502	195	0
2503	202	0
2504	222	0
2505	224	0
2506	212	0
2507	207	0
2508	217	0
2509	170	0
2510	204	0
2511	211	0
2512	193	0
2513	194	0
2514	198	0
2515	220	0
2516	197	0
2517	199	0
2518	194	0
2519	213	0
2520	212	0
2521	192	0
2522	196	0
2523	166	0
2524	176	0
2525	226	0
2526	192	0
2527	205	0
2528	187	0
2529	168	0
2530	190	0
2531	192	0
2532	213	0
2533	188	0
2534	216	0
2535	207	0
2536	201	0
2537	184	0
2538	189	0
2539	199	0
2540	198	0
2541	195	0
2542	202	0
2543	188	0
2544	199	0
2545	182	0
2546	210	0
2547	246	0
2548	184	0
2549	189	0
2550	215	0
2551	194	0
2552	211	0
2553	193	0
2554	195	0
2555	203	0
2556	195	0
2557	202	0
2558	209	0
2559	204	0
2560	169	0
2561	202	0
2562	208	0
2563	205	0
2564	198	0
2565	209	0
2566	231	0
2567	226	0
2568	230	0
2569	221	0
2570	208	0
2571	193	0
2572	180	0
2573	216	0
2574	214	0
2575	195	0
2576	220	0
2577	212	0
2578	213	0
2579	216	0
2580	201	0
2581	208	0
2582	172	0
2583	217	0
2584	196	0
2585	209	0
2586	208	0
2587	221	0
2588	199	0
2589	164	0
2590	227	0
2591	208	0
2592	190	0
2593	212	0
2594	201	0
2595	224	0
2596	197	0
2597	180	0
2598	195	0
2599	217	0
2600	207	0
2601	234	0
2602	211	0
2603	194	0
2604	216	0
2605	204	0
2606	208	0
2607	182	0
2608	170	0
2609	206	0
2610	221	0
2611	186	0
2612	208	0
2613	224	0
2614	224	0
2615	203	0
2616	196	0
2617	204	0
2618	196	0
2619	184	0
2620	192	0
2621	202	0
2622	188	0
2623	202	0
2624	220	0
2625	201	0
2626	240	0
2627	209	0
2628	210	0
2629	211	0
2630	177	0
2631	207	0
2632	186	0
2633	179	0
2634	204	0
2635	213	0
2636	210	0
2637	213	0
2638	188	0
2639	218	0
2640	221	0
2641	228	0
2642	198	0
2643	195	0
2644	157	0
2645	192	0
2646	212	0
2647	203	0
2648	191	0
2649	199	0
2650	176	0
2651	190	0
2652	210	0
2653	211	0
2654	196	0
2655	175	0
2656	222	0
2657	220	0
2658	209	0
2659	215	0
2660	204	0
2661	214	0
2662	196	0
2663	206	0
2664	200	0
2665	199	0
2666	207	0
2667	189	0
2668	180	0
2669	189	0
2670	180	0
2671	202	0
2672	196	0
2673	238	0
2674	200	0
2675	179	0
2676	205	0
2677	204	0
2678	198	0
2679	215	0
2680	192	0
2681	198	0
2682	197	0
2683	183	0
2684	195	0
2685	206	0
2686	177	0
2687	187	0
2688	200	0
2689	207	0
2690	192	0
2691	186	0
2692	197	0
2693	179	0
2694	187	0
2695	189	0
2696	205	0
2697	190	0
2698	213	0
2699	226	0
2700	227	0
2701	193	0
2702	181	0
2703	205	0
2704	183	0
2705	205	0
2706	220	0
2707	200	0
2708	211	0
2709	204	0
2710	199	0
2711	219	0
2712	195	0
2713	196	0
2714	185	0
2715	186	0
2716	239	0
2717	181	0
2718	187	0
2719	193	0
2720	195	0
2721	210	0
2722	202	0
2723	194	0
2724	213	0
2725	200	0
2726	211	0
2727	189	0
2728	215	0
2729	208	0
2730	194	0
2731	199	0
2732	187	0
2733	197	0
2734	234	0
2735	204	0
2736	198	0
2737	189	0
2738	160	0
2739	203	0
2740	227	0
2741	214	0
2742	172	0
2743	203	0
2744	178	0
2745	186	0
2746	195	0
2747	181	0
2748	222	0
2749	189	0
2750	200	0
2751	207	0
2752	209	0
2753	208	0
2754	186	0
2755	207	0
2756	209	0
2757	187	0
2758	190	0
2759	184	0
2760	222	0
2761	170	0
2762	212	0
2763	224	0
2764	210	0
2765	198	0
2766	215	0
2767	217	0
2768	197	0
2769	214	0
2770	183	0
2771	222	0
2772	211	0
2773	195	0
2774	180	0
2775	213	0
2776	199	0
2777	176	0
2778	200	0
2779	193	0
2780	186	0
2781	196	0
2782	216	0
2783	178	0
2784	184	0
2785	185	0
2786	199	0
2787	196	0
2788	198	0
2789	206	0
2790	199	0
2791	187	0
2792	195	0
2793	196	0
2794	197	0
2795	196	0
2796	201	0
2797	211	0
2798	215	0
2799	199	0
2800	215	0
2801	214	0
2802	193	0
2803	220	0
2804	200	0
2805	210	0
2806	177	0
2807	181	0
2808	205	0
2809	189	0
2810	187	0
2811	200	0
2812	209	0
2813	231	0
2814	201	0
2815	190	0
2816	203	0
2817	161	0
2818	200	0
2819	205	0
2820	211	0
2821	193	0
2822	209	0
2823	193	0
2824	176	0
2825	213	0
2826	197	0
2827	197	0
2828	198	0
2829	191	0
2830	212	0
2831	184	0
2832	210	0
2833	184	0
2834	195	0
2835	170	0
2836	179	0
2837	198	0
2838	183	0
2839	198	0
2840	195	0
2841	183	0
2842	179	0
2843	219	0
2844	188	0
2845	194	0
2846	204	0
2847	198	0
2848	211	0
2849	212	0
2850	189	0
2851	229	0
2852	183	0
2853	206	0
2854	222	0
2855	185	0
2856	218	0
2857	215	0
2858	222	0
2859	198	0
2860	198	0
2861	172	0
2862	180	0
2863	198	0
2864	211	0
2865	213	0
2866	202	0
2867	188	0
2868	197	0
2869	179	0
2870	221	0
2871	193	0
2872	176	0
2873	225	0
2874	198	0
2875	192	0
2876	210	0
2877	175	0
2878	187	0
2879	194	0
2880	215	0
2881	205	0
2882	221	0
2883	204	0
2884	206	0
2885	183	0
2886	186	0
2887	205	0
2888	182	0
2889	178	0
2890	205	0
2891	192	0
2892	226	0
2893	217	0
2894	221	0
2895	174	0
2896	184	0
2897	205	0
2898	203	0
2899	198	0
2900	209	0
2901	184	0
2902	185	0
2903	180	0
2904	227	0
2905	198	0
2906	210	0
2907	213	0
2908	194	0
2909	217	0
2910	207	0
2911	210	0
2912	193	0
2913	198	0
2914	201	0
2915	196	0
2916	187	0
2917	204	0
2918	192	0
2919	179	0
2920	197	0
2921	174	0
2922	190	0
2923	211	0
2924	184	0
2925	181	0
2926	191	0
2927	193	0
2928	199	0
2929	202	0
2930	232	0
2931	215	0
2932	175	0
2933	182	0
2934	210	0
2935	178	0
2936	202	0
2937	187	0
2938	208	0
2939	202	0
2940	201	0
2941	197	0
2942	215	0
2943	216	0
2944	160	0
2945	183	0
2946	188	0
2947	168	0
2948	213	0
2949	205	0
2950	216	0
2951	188	0
2952	202	0
2953	201	0
2954	192	0
2955	208	0
2956	208	0
2957	190	0
2958	222	0
2959	202	0
2960	193	0
2961	206	0
2962	187	0
2963	213	0
2964	197	0
2965	167	0
2966	193	0
2967	209	0
2968	182	0
2969	221	0
2970	201	0
2971	200	0
2972	203	0
2973	177	0
2974	208	0
2975	216	0
2976	173	0
2977	196	0
2978	198	0
2979	211	0
2980	170	0
2981	177	0
2982	186	0
2983	185	0
2984	196	0
2985	184	0
2986	198	0
2987	211	0
2988	179	0
2989	195	0
2990	191	0
2991	192	0
2992	195	0
2993	194	0
2994	214	0
2995	175	0
2996	215	0
2997	192	0
2998	195	0
2999	213	0
3000	200	0
