1	174	0
2	186	0
3	219	0
4	206	0
5	194	0
6	188	0
7	200	0
8	193	0
9	202	0
10	190	0
11	174	0
12	198	0
13	232	0
14	166	0
15	178	0
16	219	0
17	206	0
18	211	0
19	189	0
20	187	0
21	209	0
22	225	0
23	204	0
24	174	0
25	203	0
26	216	0
27	198	0
28	201	0
29	195	0
30	205	0
31	235	0
32	185	0
33	205	0
34	218	0
35	215	0
36	172	0
37	196	0
38	191	0
39	203	0
40	206	0
41	202	0
42	182	0
43	183	0
44	197	0
45	186	0
46	200	0
47	197	0
48	211	0
49	188	0
50	217	0
51	203	0
52	192	0
53	224	0
54	208	0
55	208	0
56	229	0
57	206	0
58	199	0
59	196	0
60	204	0
61	199	0
62	179	0
63	207	0
64	208	0
65	203	0
66	204	0
67	198	0
68	195	0
69	217	0
70	194	0
71	210	0
72	215	0
73	183	0
74	217	0
75	198	0
76	209	0
77	186	0
78	211	0
79	212	0
80	193	0
81	185	0
82	211	0
83	215	0
84	189	0
85	197	0
86	192	0
87	187	0
88	195	0
89	215	0
90	212	0
91	204	0
92	214	0
93	204	0
94	204	0
95	184	0
96	214	0
97	170	0
98	209	0
99	200	0
100	189	0
101	210	0
102	200	0
103	188	0
104	167	0
105	197	0
106	189	0
107	220	0
108	232	0
109	179	0
110	196	0
111	170	0
112	217	0
113	205	0
114	219	0
115	187	0
116	181	0
117	184	0
118	164	0
119	203	0
120	185	0
121	204	0
122	182	0
123	195	0
124	214	0
125	191	0
126	207	0
127	207	0
128	189	0
129	189	0
130	216	0
131	197	0
132	169	0
133	191	0
134	208	0
135	186	0
136	208	0
137	241	0
138	197	0
139	199	0
140	190	0
141	210	0
142	200	0
143	204	0
144	219	0
145	172	0
146	182	0
147	197	0
148	192	0
149	221	0
150	203	0
151	207	0
152	209	0
153	189	0
154	190	0
155	202	0
156	187	0
157	211	0
158	185	0
159	211	0
160	191	0
161	179	0
162	181	0
163	201	0
164	213	0
165	191	0
166	221	0
167	175	0
168	179	0
169	176	0
170	186	0
171	209	0
172	208	0
173	229	0
174	201	0
175	180	0
176	205	0
177	199	0
178	202	0
179	205	0
180	205	0
181	207	0
182	192	0
183	163	0
184	207	0
185	192	0
186	210	0
187	205	0
188	192	0
189	186	0
190	211	0
191	176	0
192	198	0
193	199	0
194	193	0
195	201	0
196	218	0
197	186	0
198	205	0
199	213	0
200	174	0
201	204	0
202	193	0
203	204	0
204	189	0
205	206	0
206	185	0
207	210	0
208	192	0
209	205	0
210	181	0
211	206	0
212	201	0
213	194	0
214	208	0
215	202	0
216	229	0
217	211	0
218	200	0
219	182	0
220	204	0
221	177	0
222	181	0
223	197	0
224	205	0
225	210	0
226	199	0
227	195	0
228	203	0
229	174	0
230	170	0
231	185	0
232	222	0
233	186	0
234	208	0
235	194	0
236	208	0
237	215	0
238	231	0
239	176	0
240	197	0
241	199	0
242	183	0
243	205	0
244	197	0
245	201	0
246	199	0
247	198	0
248	166	0
249	200	0
250	177	0
251	200	0
252	206	0
253	208	0
254	198	0
255	195	0
256	210	0
257	200	0
258	206	0
259	191	0
260	173	0
261	204	0
262	200	0
263	198	0
264	208	0
265	190	0
266	190	0
267	209	0
268	182	0
269	172	0
270	220	0
271	227	0
272	183	0
273	217	0
274	203	0
275	201	0
276	230	0
277	177	0
278	193	0
279	192	0
280	212	0
281	195	0
282	172	0
283	215	0
284	191	0
285	189	0
286	201	0
287	194	0
288	187	0
289	212	0
290	185	0
291	184	0
292	196	0
293	179	0
294	186	0
295	202	0
296	213	0
297	212	0
298	212	0
299	189	0
300	197	0
301	199	0
302	207	0
303	191	0
304	187	0
305	176	0
306	197	0
307	204	0
308	182	0
309	199	0
310	194	0
311	196	0
312	174	0
313	184	0
314	174	0
315	185	0
316	189	0
317	195	0
318	211	0
319	196	0
320	218	0
321	176	0
322	204	0
323	208	0
324	207	0
325	211	0
326	206	0
327	208	0
328	218	0
329	207	0
330	213	0
331	210	0
332	178	0
333	189	0
334	183	0
335	191	0
336	207	0
337	200	0
338	201	0
339	203	0
340	177	0
341	215	0
342	203	0
343	205	0
344	182	0
345	217	0
346	183	0
347	175	0
348	212	0
349	201	0
350	196	0
351	198	0
352	190	0
353	206	0
354	189	0
355	187	0
356	189	0
357	216	0
358	218	0
359	198	0
360	212	0
361	202	0
362	195	0
363	193	0
364	216	0
365	208	0
366	213	0
367	216	0
368	215	0
369	183	0
370	168	0
371	166	0
372	211	0
373	204	0
374	196	0
375	168	0
376	181	0
377	207	0
378	195	0
379	202	0
380	203	0
381	206	0
382	199	0
383	191	0
384	204	0
385	202	0
386	201	0
387	198	0
388	206	0
389	175	0
390	189	0
391	201	0
392	197	0
393	203	0
394	191	0
395	171	0
396	192	0
397	188	0
398	207	0
399	211	0
400	193	0
401	190	0
402	197	0
403	207	0
404	181	0
405	202	0
406	192	0
407	184	0
408	223	0
409	195	0
410	191	0
411	195	0
412	180	0
413	189	0
414	208	0
415	193	0
416	238	0
417	205	0
418	192	0
419	190	0
420	168	0
421	225	0
422	201	0
423	209	0
424	199	0
425	202	0
426	205	0
427	202	0
428	200	0
429	230	0
430	209	0
431	213	0
432	192	0
433	224	0
434	201	0
435	165	0
436	227	0
437	223	0
438	185	0
439	202	0
440	217	0
441	200	0
442	195	0
443	233	0
444	200	0
445	173	0
446	199	0
447	203	0
448	192	0
449	209	0
450	188	0
451	197	0
452	191	0
453	222	0
454	220	0
455	228	0
456	206	0
457	189	0
458	192	0
459	198	0
460	221	0
461	216	0
462	208	0
463	218	0
464	232	0
465	204	0
466	177	0
467	195	0
468	201	0
469	198	0
470	220	0
471	194	0
472	188	0
473	188	0
474	209	0
475	213	0
476	192	0
477	176	0
478	195	0
479	224	0
480	187	0
481	205	0
482	177	0
483	195	0
484	177	0
485	205	0
486	211	0
487	199	0
488	185	0
489	187	0
490	205	0
491	203	0
492	198	0
493	201	0
494	222	0
495	199	0
496	189	0
497	186	0
498	187	0
499	208	0
500	194	0
501	203	0
502	190	0
503	180	0
504	209	0
505	163	0
506	197	0
507	207	0
508	195	0
509	196	0
510	206	0
511	202	0
512	220	0
513	202	0
514	192	0
515	195	0
516	168	0
517	213	0
518	199	0
519	202	0
520	202	0
521	218	0
522	212	0
523	230	0
524	197	0
525	193	0
526	186	0
527	182	0
528	194	0
529	206	0
530	219	0
531	206	0
532	176	0
533	204	0
534	196	0
535	191	0
536	217	0
537	191	0
538	174	0
539	214	0
540	177	0
541	195	0
542	178	0
543	212	0
544	199	0
545	184	0
546	210	0
547	180	0
548	201	0
549	197	0
550	211	0
551	187	0
552	192	0
553	195	0
554	188	0
555	194	0
556	201	0
557	211	0
558	206	0
559	199	0
560	174	0
561	207	0
562	213	0
563	195	0
564	185	0
565	210	0
566	209	0
567	180	0
568	172	0
569	178	0
570	181	0
571	196	0
572	193	0
573	214	0
574	175	0
575	189	0
576	183	0
577	182	0
578	180	0
579	193	0
580	212	0
581	222	0
582	187	0
583	180	0
584	194	0
585	204	0
586	206	0
587	201	0
588	216	0
589	193	0
590	189	0
591	212	0
592	199	0
593	211	0
594	209	0
595	216	0
596	188	0
597	196	0
598	189	0
599	175	0
600	179	0
601	199	0
602	197	0
603	199	0
604	169	0
605	201	0
606	219	0
607	179	0
608	189	0
609	195	0
610	214	0
611	216	0
612	204	0
613	210	0
614	188	0
615	194	0
616	238	0
617	214	0
618	201	0
619	184	0
620	179	0
621	208	0
622	191	0
623	225	0
624	214	0
625	195	0
626	209	0
627	220	0
628	204	0
629	192	0
630	196	0
631	201	0
632	185	0
633	205	0
634	188	0
635	203	0
636	168	0
637	199	0
638	198	0
639	197	0
640	221	0
641	215	0
642	183	0
643	223	0
644	184	0
645	188	0
646	207	0
647	228	0
648	191	0
649	218	0
650	211	0
651	189	0
652	195	0
653	144	0
654	202	0
655	194	0
656	212	0
657	192	0
658	209	0
659	211	0
660	200	0
661	188	0
662	209	0
663	195	0
664	231	0
665	193	0
666	193	0
667	210	0
668	212	0
669	190	0
670	193	0
671	203	0
672	197	0
673	191	0
674	186	0
675	175	0
676	195	0
677	192	0
678	195	0
679	189	0
680	204	0
681	206	0
682	221	0
683	192	0
684	210	0
685	178	0
686	214	0
687	206	0
688	197	0
689	190	0
690	252	0
691	204	0
692	193	0
693	212	0
694	194	0
695	181	0
696	208	0
697	217	0
698	193	0
699	202	0
700	188	0
701	184	0
702	190	0
703	208	0
704	183	0
705	251	0
706	206	0
707	210	0
708	198	0
709	200	0
710	185	0
711	202	0
712	207	0
713	199	0
714	189	0
715	210	0
716	216	0
717	211	0
718	187	0
719	184	0
720	196	0
721	223	0
722	213	0
723	216	0
724	175	0
725	196	0
726	221	0
727	196	0
728	202	0
729	192	0
730	180	0
731	200	0
732	188	0
733	185	0
734	195	0
735	215	0
736	164	0
737	221	0
738	206	0
739	172	0
740	229	0
741	215	0
742	186	0
743	203	0
744	199	0
745	205	0
746	216	0
747	204	0
748	195	0
749	184	0
750	195	0
751	204	0
752	213	0
753	193	0
754	205	0
755	169	0
756	188	0
757	201	0
758	213	0
759	216	0
760	213	0
761	205	0
762	197	0
763	201	0
764	205	0
765	192	0
766	183	0
767	210	0
768	186	0
769	197	0
770	181	0
771	198	0
772	198	0
773	190	0
774	171	0
775	177	0
776	215	0
777	190	0
778	225	0
779	192	0
780	202	0
781	175	0
782	193	0
783	208	0
784	196	0
785	210	0
786	215	0
787	201	0
788	203	0
789	204	0
790	172	0
791	218	0
792	217	0
793	192	0
794	202	0
795	205	0
796	206	0
797	216	0
798	225	0
799	198	0
800	195	0
801	220	0
802	204	0
803	178	0
804	214	0
805	194	0
806	230	0
807	211	0
808	180	0
809	191	0
810	222	0
811	213	0
812	211	0
813	204	0
814	179	0
815	209	0
816	182	0
817	187	0
818	184	0
819	189	0
820	173	0
821	199	0
822	178	0
823	199	0
824	205	0
825	209	0
826	196	0
827	206	0
828	191	0
829	189	0
830	183	0
831	190	0
832	187	0
833	198	0
834	189	0
835	187	0
836	223	0
837	209	0
838	196	0
839	191	0
840	204	0
841	184	0
842	209	0
843	182	0
844	210	0
845	204	0
846	170	0
847	187	0
848	169	0
849	183	0
850	193	0
851	212	0
852	230	0
853	203	0
854	189	0
855	212	0
856	218	0
857	207	0
858	203	0
859	199	0
860	203	0
861	207	0
862	221	0
863	192	0
864	219	0
865	212	0
866	218	0
867	189	0
868	209	0
869	187	0
870	181	0
871	195	0
872	203	0
873	188	0
874	217	0
875	171	0
876	200	0
877	184	0
878	241	0
879	207	0
880	201	0
881	193	0
882	192	0
883	195	0
884	209	0
885	187	0
886	191	0
887	220	0
888	227	0
889	225	0
890	205	0
891	220	0
892	188	0
893	234	0
894	184	0
895	206	0
896	200	0
897	204	0
898	200	0
899	215	0
900	196	0
901	223	0
902	208	0
903	211	0
904	205	0
905	202	0
906	183	0
907	196	0
908	188	0
909	190	0
910	219	0
911	214	0
912	204	0
913	188	0
914	197	0
915	188	0
916	199	0
917	207	0
918	211	0
919	218	0
920	230	0
921	187	0
922	230	0
923	212	0
924	187	0
925	220	0
926	186	0
927	215	0
928	212	0
929	186	0
930	198	0
931	207	0
932	193	0
933	201	0
934	186	0
935	197	0
936	201	0
937	203	0
938	179	0
939	213	0
940	201	0
941	186	0
942	183	0
943	209	0
944	202	0
945	202	0
946	158	0
947	175	0
948	195	0
949	198	0
950	205	0
951	216	0
952	179	0
953	217	0
954	177	0
955	177	0
956	205	0
957	208	0
958	194	0
959	212	0
960	206	0
961	186	0
962	199	0
963	197	0
964	206	0
965	196	0
966	189	0
967	193	0
968	196	0
969	180	0
970	183	0
971	209	0
972	185	0
973	223	0
974	182	0
975	206	0
976	223	0
977	221	0
978	206	0
979	199	0
980	199	0
981	189	0
982	209	0
983	204	0
984	198	0
985	189	0
986	208	0
987	185	0
988	208	0
989	204	0
990	203	0
991	220	0
992	190	0
993	211	0
994	224	0
995	213	0
996	233	0
997	209	0
998	179	0
999	200	0
1000	202	0
1001	191	0
1002	172	0
1003	192	0
1004	206	0
1005	213	0
1006	186	0
1007	172	0
1008	199	0
1009	194	0
1010	186	0
1011	167	0
1012	221	0
1013	188	0
1014	206	0
1015	203	0
1016	205	0
1017	173	0
1018	196	0
1019	191	0
1020	192	0
1021	205	0
1022	206	0
1023	210	0
1024	227	0
1025	189	0
1026	163	0
1027	194	0
1028	210	0
1029	185	0
1030	172	0
1031	229	0
1032	199	0
1033	227	0
1034	194	0
1035	199	0
1036	180	0
1037	193	0
1038	189	0
1039	179	0
1040	201	0
1041	207	0
1042	203	0
1043	184	0
1044	184	0
1045	218	0
1046	190	0
1047	190	0
1048	226	0
1049	184	0
1050	210	0
1051	188	0
1052	204	0
1053	212	0
1054	212	0
1055	213	0
1056	196	0
1057	199	0
1058	195	0
1059	200	0
1060	211	0
1061	220	0
1062	203	0
1063	205	0
1064	202	0
1065	194	0
1066	181	0
1067	208	0
1068	210	0
1069	183	0
1070	243	0
1071	189	0
1072	195	0
1073	179	0
1074	194	0
1075	216	0
1076	208	0
1077	195	0
1078	196	0
1079	205	0
1080	194	0
1081	166	0
1082	191	0
1083	184	0
1084	216	0
1085	200	0
1086	193	0
1087	197	0
1088	184	0
1089	203	0
1090	206	0
1091	191	0
1092	184	0
1093	183	0
1094	194	0
1095	195	0
1096	188	0
1097	202	0
1098	195	0
1099	205	0
1100	196	0
1101	200	0
1102	186	0
1103	205	0
1104	227	0
1105	189	0
1106	186	0
1107	182	0
1108	219	0
1109	195	0
1110	221	0
1111	198	0
1112	194	0
1113	221	0
1114	198	0
1115	190	0
1116	173	0
1117	213	0
1118	194	0
1119	184	0
1120	205	0
1121	182	0
1122	195	0
1123	191	0
1124	187	0
1125	178	0
1126	183	0
1127	203	0
1128	203	0
1129	204	0
1130	198	0
1131	212	0
1132	198	0
1133	202	0
1134	201	0
1135	191	0
1136	188	0
1137	200	0
1138	193	0
1139	195	0
1140	189	0
1141	195	0
1142	217	0
1143	216	0
1144	188	0
1145	207	0
1146	194	0
1147	222	0
1148	187	0
1149	199	0
1150	216	0
1151	233	0
1152	200	0
1153	185	0
1154	205	0
1155	185	0
1156	189	0
1157	198	0
1158	212	0
1159	190	0
1160	210	0
1161	200	0
1162	211	0
1163	203	0
1164	195	0
1165	219	0
1166	222	0
1167	180	0
1168	197	0
1169	191	0
1170	195	0
1171	206	0
1172	193	0
1173	206	0
1174	184	0
1175	232	0
1176	200	0
1177	212	0
1178	213	0
1179	188	0
1180	198	0
1181	210	0
1182	186	0
1183	195	0
1184	200	0
1185	181	0
1186	211	0
1187	179	0
1188	199	0
1189	206	0
1190	181	0
1191	191	0
1192	203	0
1193	224	0
1194	190	0
1195	168	0
1196	204	0
1197	201	0
1198	195	0
1199	192	0
1200	171	0
1201	169	0
1202	195	0
1203	178	0
1204	179	0
1205	199	0
1206	194	0
1207	181	0
1208	214	0
1209	197	0
1210	201	0
1211	215	0
1212	209	0
1213	202	0
1214	176	0
1215	210	0
1216	204	0
1217	183	0
1218	177	0
1219	182	0
1220	191	0
1221	195	0
1222	187	0
1223	197	0
1224	198	0
1225	200	0
1226	201	0
1227	197	0
1228	202	0
1229	202	0
1230	201	0
1231	189	0
1232	192	0
1233	208	0
1234	220	0
1235	200	0
1236	222	0
1237	192	0
1238	198	0
1239	166	0
1240	207	0
1241	215	0
1242	221	0
1243	209	0
1244	205	0
1245	196	0
1246	222	0
1247	213	0
1248	202	0
1249	203	0
1250	217	0
1251	208	0
1252	194	0
1253	194	0
1254	240	0
1255	213	0
1256	197	0
1257	175	0
1258	208	0
1259	186	0
1260	193	0
1261	218	0
1262	206	0
1263	204	0
1264	224	0
1265	177	0
1266	207	0
1267	223	0
1268	201	0
1269	184	0
1270	211	0
1271	204	0
1272	199	0
1273	178	0
1274	190	0
1275	232	0
1276	198	0
1277	185	0
1278	216	0
1279	215	0
1280	191	0
1281	198	0
1282	228	0
1283	213	0
1284	193	0
1285	187	0
1286	206	0
1287	208	0
1288	171	0
1289	195	0
1290	215	0
1291	218	0
1292	203	0
1293	202	0
1294	199	0
1295	207	0
1296	199	0
1297	187	0
1298	171	0
1299	195	0
1300	192	0
1301	169	0
1302	203	0
1303	217	0
1304	224	0
1305	201	0
1306	168	0
1307	185	0
1308	188	0
1309	199	0
1310	211	0
1311	203	0
1312	167	0
1313	168	0
1314	188	0
1315	192	0
1316	197	0
1317	187	0
1318	204	0
1319	204	0
1320	200	0
1321	215	0
1322	184	0
1323	208	0
1324	204	0
1325	218	0
1326	203	0
1327	196	0
1328	214	0
1329	178	0
1330	202	0
1331	188	0
1332	185	0
1333	203	0
1334	193	0
1335	177	0
1336	215	0
1337	186	0
1338	205	0
1339	202	0
1340	197	0
1341	195	0
1342	213	0
1343	192	0
1344	202	0
1345	196	0
1346	191	0
1347	158	0
1348	207	0
1349	191	0
1350	175	0
1351	192	0
1352	184	0
1353	217	0
1354	204	0
1355	209	0
1356	184	0
1357	194	0
1358	191	0
1359	192	0
1360	181	0
1361	212	0
1362	198	0
1363	230	0
1364	198	0
1365	212	0
1366	208	0
1367	179	0
1368	182	0
1369	199	0
1370	176	0
1371	196	0
1372	223	0
1373	213	0
1374	201	0
1375	176	0
1376	175	0
1377	202	0
1378	216	0
1379	217	0
1380	198	0
1381	196	0
1382	191	0
1383	181	0
1384	191	0
1385	201	0
1386	182	0
1387	183	0
1388	190	0
1389	185	0
1390	200	0
1391	198	0
1392	206	0
1393	206	0
1394	194	0
1395	182	0
1396	203	0
1397	174	0
1398	210	0
1399	188	0
1400	198	0
1401	192	0
1402	175	0
1403	242	0
1404	201	0
1405	194	0
1406	211	0
1407	160	0
1408	199	0
1409	192	0
1410	193	0
1411	189	0
1412	187	0
1413	211	0
1414	184	0
1415	178	0
1416	199	0
1417	189	0
1418	191	0
1419	215	0
1420	188	0
1421	169	0
1422	193	0
1423	187	0
1424	216	0
1425	176	0
1426	190	0
1427	176	0
1428	184	0
1429	197	0
1430	214	0
1431	184	0
1432	193	0
1433	192	0
1434	207	0
1435	172	0
1436	190	0
1437	199	0
1438	180	0
1439	188	0
1440	178	0
1441	199	0
1442	217	0
1443	207	0
1444	211	0
1445	190	0
1446	230	0
1447	200	0
1448	226	0
1449	203	0
1450	198	0
1451	199	0
1452	204	0
1453	208	0
1454	166	0
1455	191	0
1456	187	0
1457	192	0
1458	221	0
1459	172	0
1460	205	0
1461	196	0
1462	221	0
1463	197	0
1464	187	0
1465	176	0
1466	182	0
1467	214	0
1468	200	0
1469	222	0
1470	193	0
1471	207	0
1472	205	0
1473	196	0
1474	194	0
1475	210	0
1476	185	0
1477	229	0
1478	204	0
1479	192	0
1480	195	0
1481	183	0
1482	189	0
1483	206	0
1484	184	0
1485	204	0
1486	189	0
1487	205	0
1488	195	0
1489	212	0
1490	207	0
1491	204	0
1492	201	0
1493	184	0
1494	213	0
1495	201	0
1496	198	0
1497	179	0
1498	200	0
1499	199	0
1500	215	0
1501	196	0
1502	221	0
1503	202	0
1504	209	0
1505	252	0
1506	218	0
1507	206	0
1508	194	0
1509	194	0
1510	201	0
1511	186	0
1512	188	0
1513	190	0
1514	201	0
1515	221	0
1516	189	0
1517	213	0
1518	192	0
1519	167	0
1520	195	0
1521	209	0
1522	204	0
1523	189	0
1524	203	0
1525	204	0
1526	206	0
1527	195	0
1528	201	0
1529	180	0
1530	208	0
1531	192	0
1532	190	0
1533	199	0
1534	223	0
1535	217	0
1536	205	0
1537	194	0
1538	211	0
1539	207	0
1540	208	0
1541	188	0
1542	183	0
1543	172	0
1544	189	0
1545	179	0
1546	197	0
1547	195	0
1548	205	0
1549	229	0
1550	205	0
1551	192	0
1552	213	0
1553	213	0
1554	205	0
1555	190	0
1556	193	0
1557	207	0
1558	181	0
1559	190	0
1560	201	0
1561	211	0
1562	200	0
1563	192	0
1564	208	0
1565	201	0
1566	209	0
1567	203	0
1568	187	0
1569	211	0
1570	217	0
1571	193	0
1572	192	0
1573	196	0
1574	185	0
1575	184	0
1576	199	0
1577	207	0
1578	190	0
1579	201	0
1580	196	0
1581	222	0
1582	220	0
1583	199	0
1584	226	0
1585	194	0
1586	215	0
1587	208	0
1588	187	0
1589	199	0
1590	207	0
1591	247	0
1592	187	0
1593	173	0
1594	205	0
1595	190	0
1596	180	0
1597	171	0
1598	192	0
1599	196	0
1600	186	0
1601	209	0
1602	177	0
1603	195	0
1604	181	0
1605	200	0
1606	185	0
1607	213	0
1608	192	0
1609	204	0
1610	201	0
1611	185	0
1612	194	0
1613	168	0
1614	168	0
1615	197	0
1616	205	0
1617	174	0
1618	177	0
1619	201	0
1620	237	0
1621	210	0
1622	171	0
1623	175	0
1624	189	0
1625	184	0
1626	202	0
1627	203	0
1628	177	0
1629	217	0
1630	203	0
1631	216	0
1632	224	0
1633	195	0
1634	219	0
1635	189	0
1636	199	0
1637	193	0
1638	193	0
1639	181	0
1640	184	0
1641	202	0
1642	203	0
1643	184	0
1644	193	0
1645	182	0
1646	198	0
1647	214	0
1648	191	0
1649	182	0
1650	189	0
1651	211	0
1652	177	0
1653	182	0
1654	207	0
1655	196	0
1656	218	0
1657	207	0
1658	204	0
1659	214	0
1660	202	0
1661	188	0
1662	227	0
1663	190	0
1664	176	0
1665	231	0
1666	209	0
1667	196	0
1668	200	0
1669	198	0
1670	198	0
1671	199	0
1672	220	0
1673	206	0
1674	153	0
1675	180	0
1676	215	0
1677	182	0
1678	193	0
1679	205	0
1680	190	0
1681	191	0
1682	173	0
1683	195	0
1684	183	0
1685	201	0
1686	212	0
1687	209	0
1688	215	0
1689	229	0
1690	185	0
1691	183	0
1692	200	0
1693	212	0
1694	221	0
1695	173	0
1696	176	0
1697	186	0
1698	171	0
1699	210	0
1700	193	0
1701	179	0
1702	184	0
1703	197	0
1704	223	0
1705	183	0
1706	204	0
1707	180	0
1708	205	0
1709	189	0
1710	213	0
1711	204	0
1712	234	0
1713	218	0
1714	208	0
1715	202	0
1716	196	0
1717	222	0
1718	177	0
1719	205	0
1720	228	0
1721	206	0
1722	205	0
1723	193	0
1724	185	0
1725	189	0
1726	178	0
1727	217	0
1728	201	0
1729	178	0
1730	215	0
1731	167	0
1732	162	0
1733	218	0
1734	193	0
1735	192	0
1736	176	0
1737	184	0
1738	209	0
1739	203	0
1740	202	0
1741	205	0
1742	184	0
1743	241	0
1744	209	0
1745	193	0
1746	193	0
1747	195	0
1748	194	0
1749	211	0
1750	215	0
1751	193	0
1752	182	0
1753	203	0
1754	184	0
1755	177	0
1756	208	0
1757	194	0
1758	238	0
1759	198	0
1760	188	0
1761	177	0
1762	190	0
1763	222	0
1764	201	0
1765	221	0
1766	220	0
1767	201	0
1768	178	0
1769	195	0
1770	206	0
1771	186	0
1772	198	0
1773	195	0
1774	209	0
1775	207	0
1776	195	0
1777	191	0
1778	195	0
1779	191	0
1780	195	0
1781	200	0
1782	168	0
1783	213	0
1784	185	0
1785	207	0
1786	200	0
1787	216	0
1788	203	0
1789	200	0
1790	219	0
1791	229	0
1792	192	0
1793	212	0
1794	234	0
1795	216	0
1796	189	0
1797	221	0
1798	200	0
1799	221	0
1800	219	0
1801	211	0
1802	202	0
1803	212	0
1804	174	0
1805	239	0
1806	218	0
1807	195	0
1808	224	0
1809	207	0
1810	194	0
1811	218	0
1812	193	0
1813	169	0
1814	189	0
1815	184	0
1816	217	0
1817	178	0
1818	171	0
1819	170	0
1820	183	0
1821	201	0
1822	177	0
1823	204	0
1824	179	0
1825	204	0
1826	173	0
1827	167	0
1828	206	0
1829	184	0
1830	192	0
1831	185	0
1832	193	0
1833	207	0
1834	223	0
1835	184	0
1836	190	0
1837	209	0
1838	204	0
1839	203	0
1840	191	0
1841	206	0
1842	184	0
1843	193	0
1844	202	0
1845	204	0
1846	191	0
1847	213	0
1848	206	0
1849	208	0
1850	195	0
1851	187	0
1852	196	0
1853	193	0
1854	195	0
1855	199	0
1856	192	0
1857	218	0
1858	217	0
1859	185	0
1860	236	0
1861	196	0
1862	202	0
1863	200	0
1864	198	0
1865	222	0
1866	202	0
1867	184	0
1868	182	0
1869	211	0
1870	197	0
1871	198	0
1872	212	0
1873	217	0
1874	182	0
1875	188	0
1876	184	0
1877	202	0
1878	201	0
1879	203	0
1880	190	0
1881	188	0
1882	191	0
1883	202	0
1884	226	0
1885	200	0
1886	195	0
1887	189	0
1888	177	0
1889	208	0
1890	185	0
1891	200	0
1892	203	0
1893	172	0
1894	206	0
1895	206	0
1896	205	0
1897	173	0
1898	189	0
1899	213	0
1900	212	0
1901	192	0
1902	183	0
1903	204	0
1904	224	0
1905	208	0
1906	202	0
1907	203	0
1908	189	0
1909	201	0
1910	184	0
1911	206	0
1912	192	0
1913	200	0
1914	181	0
1915	201	0
1916	182	0
1917	168	0
1918	186	0
1919	196	0
1920	175	0
1921	198	0
1922	185	0
1923	183	0
1924	214	0
1925	209	0
1926	184	0
1927	196	0
1928	191	0
1929	199	0
1930	217	0
1931	192	0
1932	192	0
1933	207	0
1934	182	0
1935	183	0
1936	210	0
1937	198	0
1938	188	0
1939	195	0
1940	191	0
1941	217	0
1942	193	0
1943	200	0
1944	191	0
1945	184	0
1946	180	0
1947	200	0
1948	201	0
1949	208	0
1950	207	0
1951	204	0
1952	193	0
1953	191	0
1954	217	0
1955	224	0
1956	170	0
1957	183	0
1958	219	0
1959	187	0
1960	216	0
1961	207	0
1962	220	0
1963	180	0
1964	205	0
1965	206	0
1966	191	0
1967	212	0
1968	225	0
1969	208	0
1970	218	0
1971	205	0
1972	195	0
1973	189	0
1974	189	0
1975	196	0
1976	198	0
1977	169	0
1978	210	0
1979	196	0
1980	192	0
1981	208	0
1982	174	0
1983	198	0
1984	188	0
1985	204	0
1986	207	0
1987	195	0
1988	193	0
1989	186	0
1990	182	0
1991	215	0
1992	205	0
1993	205	0
1994	207	0
1995	185	0
1996	197	0
1997	197	0
1998	175	0
1999	203	0
2000	218	0
2001	202	0
2002	207	0
2003	193	0
2004	179	0
2005	204	0
2006	213	0
2007	177	0
2008	177	0
2009	189	0
2010	207	0
2011	204	0
2012	198	0
2013	215	0
2014	195	0
2015	199	0
2016	190	0
2017	207	0
2018	202	0
2019	225	0
2020	201	0
2021	199	0
2022	179	0
2023	201	0
2024	175	0
2025	208	0
2026	179	0
2027	219	0
2028	175	0
2029	165	0
2030	167	0
2031	173	0
2032	182	0
2033	210	0
2034	213	0
2035	211	0
2036	184	0
2037	195	0
2038	205	0
2039	199	0
2040	220	0
2041	207	0
2042	197	0
2043	207	0
2044	208	0
2045	221	0
2046	197	0
2047	194	0
2048	188	0
2049	172	0
2050	199	0
2051	190	0
2052	185	0
2053	181	0
2054	227	0
2055	209	0
2056	214	0
2057	186	0
2058	210	0
2059	196	0
2060	226	0
2061	201	0
2062	202	0
2063	189	0
2064	208	0
2065	195	0
2066	204	0
2067	188	0
2068	178	0
2069	186	0
2070	175	0
2071	197	0
2072	209	0
2073	177	0
2074	225	0
2075	190	0
2076	180	0
2077	184	0
2078	229	0
2079	195	0
2080	227	0
2081	195	0
2082	211	0
2083	210	0
2084	232	0
2085	187	0
2086	182	0
2087	202	0
2088	210	0
2089	162	0
2090	216	0
2091	202	0
2092	188	0
2093	184	0
2094	209	0
2095	201	0
2096	212	0
2097	182	0
2098	190	0
2099	189	0
2100	186	0
2101	199	0
2102	221	0
2103	195	0
2104	200	0
2105	218	0
2106	193	0
2107	200	0
2108	206	0
2109	200	0
2110	217	0
2111	202	0
2112	213	0
2113	215	0
2114	254	0
2115	183	0
2116	172	0
2117	193	0
2118	195	0
2119	170	0
2120	203	0
2121	193	0
2122	211	0
2123	181	0
2124	195	0
2125	184	0
2126	202	0
2127	178	0
2128	214	0
2129	213	0
2130	215	0
2131	197	0
2132	183	0
2133	214	0
2134	177	0
2135	211	0
2136	219	0
2137	226	0
2138	199	0
2139	180	0
2140	196	0
2141	194	0
2142	212	0
2143	205	0
2144	202	0
2145	199	0
2146	176	0
2147	149	0
2148	200	0
2149	182	0
2150	185	0
2151	208	0
2152	215	0
2153	207	0
2154	212	0
2155	201	0
2156	218	0
2157	188	0
2158	202	0
2159	190	0
2160	232	0
2161	221	0
2162	187	0
2163	179	0
2164	195	0
2165	180	0
2166	224	0
2167	201	0
2168	205	0
2169	174	0
2170	199	0
2171	216	0
2172	203	0
2173	223	0
2174	185	0
2175	204	0
2176	225	0
2177	177	0
2178	221	0
2179	200	0
2180	235	0
2181	180	0
2182	192	0
2183	201	0
2184	225	0
2185	174	0
2186	216	0
2187	204	0
2188	216	0
2189	229	0
2190	191	0
2191	218	0
2192	179	0
2193	199	0
2194	232	0
2195	201	0
2196	210	0
2197	201	0
2198	198	0
2199	224	0
2200	210	0
2201	218	0
2202	215	0
2203	220	0
2204	192	0
2205	180	0
2206	221	0
2207	180	0
2208	180	0
2209	206	0
2210	206	0
2211	179	0
2212	207	0
2213	196	0
2214	189	0
2215	181	0
2216	212	0
2217	186	0
2218	225	0
2219	207	0
2220	180	0
2221	161	0
2222	216	0
2223	211	0
2224	203	0
2225	188	0
2226	193	0
2227	187	0
2228	205	0
2229	179	0
2230	189	0
2231	218	0
2232	229	0
2233	212	0
2234	204	0
2235	200	0
2236	169	0
2237	228	0
2238	192	0
2239	203	0
2240	208	0
2241	199	0
2242	196	0
2243	205	0
2244	186	0
2245	214	0
2246	205	0
2247	164	0
2248	222	0
2249	176	0
2250	220	0
2251	211	0
2252	177	0
2253	178	0
2254	191	0
2255	238	0
2256	221	0
2257	212	0
2258	173	0
2259	210	0
2260	203	0
2261	200	0
2262	188	0
2263	183	0
2264	186	0
2265	190	0
2266	190	0
2267	169	0
2268	196	0
2269	201	0
2270	196	0
2271	189	0
2272	206	0
2273	188	0
2274	182	0
2275	204	0
2276	189	0
2277	209	0
2278	204	0
2279	183	0
2280	188	0
2281	226	0
2282	203	0
2283	205	0
2284	194	0
2285	184	0
2286	229	0
2287	205	0
2288	182	0
2289	191	0
2290	203	0
2291	220	0
2292	210	0
2293	204	0
2294	225	0
2295	184	0
2296	188	0
2297	198	0
2298	224	0
2299	195	0
2300	220	0
2301	185	0
2302	191	0
2303	210	0
2304	217	0
2305	210	0
2306	191	0
2307	172	0
2308	186	0
2309	222	0
2310	201	0
2311	207	0
2312	221	0
2313	188	0
2314	216	0
2315	206	0
2316	198	0
2317	200	0
2318	195	0
2319	191	0
2320	206	0
2321	176	0
2322	206	0
2323	194	0
2324	200	0
2325	166	0
2326	185	0
2327	193	0
2328	241	0
2329	196	0
2330	237	0
2331	182	0
2332	216	0
2333	224	0
2334	190	0
2335	210	0
2336	184	0
2337	190	0
2338	209	0
2339	204	0
2340	187	0
2341	178	0
2342	206	0
2343	211	0
2344	221	0
2345	219	0
2346	176	0
2347	189	0
2348	200	0
2349	215	0
2350	189	0
2351	207	0
2352	209	0
2353	215	0
2354	203	0
2355	180	0
2356	227	0
2357	218	0
2358	191	0
2359	177	0
2360	172	0
2361	208	0
2362	183	0
2363	179	0
2364	191	0
2365	186	0
2366	204	0
2367	212	0
2368	205	0
2369	186	0
2370	205	0
2371	198	0
2372	171	0
2373	206	0
2374	183	0
2375	190	0
2376	209	0
2377	204	0
2378	198	0
2379	193	0
2380	200	0
2381	215	0
2382	196	0
2383	204	0
2384	191	0
2385	195	0
2386	175	0
2387	209	0
2388	188	0
2389	205	0
2390	217	0
2391	199	0
2392	195	0
2393	215	0
2394	211	0
2395	195	0
2396	179	0
2397	182	0
2398	208	0
2399	188	0
2400	210	0
2401	191	0
2402	173	0
2403	209	0
2404	186	0
2405	177	0
2406	198	0
2407	190	0
2408	217	0
2409	218	0
2410	202	0
2411	187	0
2412	195	0
2413	174	0
2414	187	0
2415	206	0
2416	205	0
2417	177	0
2418	190	0
2419	183	0
2420	196	0
2421	193	0
2422	186	0
2423	200	0
2424	190	0
2425	180	0
2426	189	0
2427	224	0
2428	187	0
2429	189	0
2430	177	0
2431	207	0
2432	205	0
2433	202	0
2434	189	0
2435	214	0
2436	195	0
2437	210	0
2438	198	0
2439	210	0
2440	223	0
2441	235	0
2442	221	0
2443	218	0
2444	207	0
2445	163	0
2446	207	0
2447	202	0
2448	191	0
2449	191	0
2450	196	0
2451	189	0
2452	220	0
2453	188	0
2454	217	0
2455	177	0
2456	204	0
2457	206	0
2458	186	0
2459	195	0
2460	201	0
2461	212	0
2462	202	0
2463	183	0
2464	204	0
2465	175	0
2466	210	0
2467	195	0
2468	205	0
2469	198	0
2470	212	0
2471	194	0
2472	221	0
2473	198	0
2474	207	0
2475	194	0
2476	211	0
2477	174	0
2478	195	0
2479	204	0
2480	185	0
2481	177	0
2482	198	0
2483	205	0
2484	190	0
2485	210	0
2486	190	0
2487	230	0
2488	205	0
2489	197	0
2490	166	0
2491	191	0
2492	183	0
2493	193	0
2494	185	0
2495	202	0
2496	162	0
2497	188	0
2498	217	0
2499	187	0
2500	207	0
2501	183	0
2502	181	0
2503	169	0
2504	191	0
2505	178	0
2506	216	0
2507	182	0
2508	204	0
2509	207	0
2510	189	0
2511	193	0
2512	208	0
2513	207	0
2514	193	0
2515	191	0
2516	208	0
2517	194	0
2518	201	0
2519	198	0
2520	188	0
2521	181	0
2522	204	0
2523	197	0
2524	188	0
2525	203	0
2526	218	0
2527	202	0
2528	223	0
2529	203	0
2530	176	0
2531	199	0
2532	190	0
2533	193	0
2534	214	0
2535	199	0
2536	214	0
2537	179	0
2538	202	0
2539	187	0
2540	212	0
2541	195	0
2542	223	0
2543	216	0
2544	198	0
2545	222	0
2546	196	0
2547	209	0
2548	232	0
2549	179	0
2550	193	0
2551	192	0
2552	227	0
2553	204	0
2554	238	0
2555	216	0
2556	184	0
2557	218	0
2558	205	0
2559	207	0
2560	176	0
2561	213	0
2562	201	0
2563	183	0
2564	202	0
2565	201	0
2566	203	0
2567	189	0
2568	204	0
2569	215	0
2570	188	0
2571	185	0
2572	227	0
2573	176	0
2574	187	0
2575	202	0
2576	198	0
2577	179	0
2578	221	0
2579	187	0
2580	202	0
2581	200	0
2582	170	0
2583	204	0
2584	183	0
2585	205	0
2586	201	0
2587	196	0
2588	183	0
2589	146	0
2590	200	0
2591	213	0
2592	194	0
2593	205	0
2594	195	0
2595	201	0
2596	182	0
2597	188	0
2598	203	0
2599	176	0
2600	191	0
2601	206	0
2602	207	0
2603	182	0
2604	164	0
2605	190	0
2606	186	0
2607	192	0
2608	213	0
2609	225	0
2610	207	0
2611	204	0
2612	228	0
2613	168	0
2614	204	0
2615	190	0
2616	192	0
2617	193	0
2618	208	0
2619	195	0
2620	187	0
2621	182	0
2622	197	0
2623	179	0
2624	206	0
2625	215	0
2626	214	0
2627	205	0
2628	194	0
2629	181	0
2630	184	0
2631	209	0
2632	207	0
2633	201	0
2634	194	0
2635	199	0
2636	195	0
2637	166	0
2638	182	0
2639	203	0
2640	198	0
2641	184	0
2642	205	0
2643	194	0
2644	169	0
2645	205	0
2646	196	0
2647	206	0
2648	209	0
2649	205	0
2650	198	0
2651	200	0
2652	187	0
2653	178	0
2654	182	0
2655	183	0
2656	202	0
2657	170	0
2658	206	0
2659	171	0
2660	197	0
2661	187	0
2662	195	0
2663	197	0
2664	213	0
2665	199	0
2666	200	0
2667	216	0
2668	187	0
2669	202	0
2670	192	0
2671	195	0
2672	204	0
2673	213	0
2674	188	0
2675	181	0
2676	210	0
2677	189	0
2678	205	0
2679	180	0
2680	163	0
2681	206	0
2682	225	0
2683	214	0
2684	191	0
2685	199	0
2686	205	0
2687	200	0
2688	210	0
2689	204	0
2690	211	0
2691	175	0
2692	198	0
2693	196	0
2694	194	0
2695	201	0
2696	211	0
2697	187	0
2698	192	0
2699	198	0
2700	214	0
2701	197	0
2702	186	0
2703	217	0
2704	196	0
2705	201	0
2706	175	0
2707	206	0
2708	204	0
2709	206	0
2710	205	0
2711	169	0
2712	193	0
2713	206	0
2714	180	0
2715	185	0
2716	195	0
2717	200	0
2718	192	0
2719	192	0
2720	193	0
2721	229	0
2722	195	0
2723	193	0
2724	208	0
2725	189	0
2726	186	0
2727	202	0
2728	176	0
2729	175	0
2730	230	0
2731	204	0
2732	174	0
2733	202	0
2734	190	0
2735	210	0
2736	202	0
2737	204	0
2738	202	0
2739	196	0
2740	215	0
2741	213	0
2742	191	0
2743	186	0
2744	217	0
2745	229	0
2746	182	0
2747	205	0
2748	173	0
2749	176	0
2750	222	0
2751	212	0
2752	190	0
2753	215	0
2754	220	0
2755	187	0
2756	183	0
2757	208	0
2758	215	0
2759	194	0
2760	188	0
2761	184	0
2762	197	0
2763	197	0
2764	196	0
2765	229	0
2766	191	0
2767	184	0
2768	174	0
2769	217	0
2770	189	0
2771	184	0
2772	216	0
2773	205	0
2774	197	0
2775	198	0
2776	184	0
2777	197	0
2778	202	0
2779	208	0
2780	184	0
2781	222	0
2782	201	0
2783	186	0
2784	218	0
2785	210	0
2786	196	0
2787	198	0
2788	204	0
2789	208	0
2790	218	0
2791	226	0
2792	216	0
2793	219	0
2794	207	0
2795	189	0
2796	207	0
2797	188	0
2798	254	0
2799	195	0
2800	198	0
2801	212	0
2802	211	0
2803	189	0
2804	202	0
2805	192	0
2806	204	0
2807	190	0
2808	190	0
2809	217	0
2810	167	0
2811	195	0
2812	168	0
2813	182	0
2814	207	0
2815	183	0
2816	195	0
2817	198	0
2818	193	0
2819	191	0
2820	190	0
2821	194	0
2822	201	0
2823	165	0
2824	213	0
2825	176	0
2826	222	0
2827	197	0
2828	219	0
2829	214	0
2830	207	0
2831	210	0
2832	177	0
2833	183	0
2834	202	0
2835	217	0
2836	198	0
2837	205	0
2838	216	0
2839	220	0
2840	217	0
2841	212	0
2842	186	0
2843	200	0
2844	205	0
2845	183	0
2846	212	0
2847	191	0
2848	213	0
2849	188	0
2850	197	0
2851	212	0
2852	190	0
2853	182	0
2854	199	0
2855	205	0
2856	197	0
2857	191	0
2858	208	0
2859	204	0
2860	194	0
2861	218	0
2862	192	0
2863	190	0
2864	177	0
2865	177	0
2866	177	0
2867	188	0
2868	201	0
2869	187	0
2870	194	0
2871	200	0
2872	191	0
2873	187	0
2874	206	0
2875	196	0
2876	216	0
2877	219	0
2878	201	0
2879	168	0
2880	213	0
2881	192	0
2882	202	0
2883	195	0
2884	208	0
2885	202	0
2886	205	0
2887	211	0
2888	219	0
2889	190	0
2890	201	0
2891	209	0
2892	204	0
2893	212	0
2894	175	0
2895	189	0
2896	186	0
2897	192	0
2898	201	0
2899	188	0
2900	199	0
2901	184	0
2902	204	0
2903	217	0
2904	187	0
2905	190	0
2906	217	0
2907	188	0
2908	203	0
2909	203	0
2910	196	0
2911	184	0
2912	210	0
2913	156	0
2914	199	0
2915	198	0
2916	196	0
2917	190	0
2918	175	0
2919	186	0
2920	193	0
2921	214	0
2922	208	0
2923	215	0
2924	195	0
2925	205	0
2926	197	0
2927	208	0
2928	213	0
2929	188	0
2930	207	0
2931	211	0
2932	196	0
2933	180	0
2934	211	0
2935	214	0
2936	205	0
2937	176	0
2938	233	0
2939	188	0
2940	190	0
2941	219	0
2942	181	0
2943	203	0
2944	199	0
2945	178	0
2946	200	0
2947	191	0
2948	216	0
2949	184	0
2950	172	0
2951	169	0
2952	214	0
2953	181	0
2954	197	0
2955	209	0
2956	185	0
2957	193	0
2958	172	0
2959	184	0
2960	204	0
2961	186	0
2962	211	0
2963	190	0
2964	215	0
2965	218	0
2966	220	0
2967	201	0
2968	217	0
2969	205	0
2970	194	0
2971	209	0
2972	223	0
2973	218	0
2974	201	0
2975	186	0
2976	183	0
2977	202	0
2978	189	0
2979	189	0
2980	221	0
2981	206	0
2982	215	0
2983	186	0
2984	226	0
2985	190	0
2986	173	0
2987	206	0
2988	164	0
2989	195	0
2990	217	0
2991	181	0
2992	206	0
2993	207	0
2994	195	0
2995	203	0
2996	177	0
2997	202	0
2998	202	0
2999	194	0
3000	202	0
