1	186	0
2	237	0
3	211	0
4	196	0
5	169	0
6	205	0
7	195	0
8	190	0
9	212	0
10	196	0
11	189	0
12	189	0
13	178	0
14	208	0
15	222	0
16	184	0
17	172	0
18	178	0
19	219	0
20	194	0
21	189	0
22	216	0
23	199	0
24	196	0
25	219	0
26	203	0
27	183	0
28	205	0
29	238	0
30	206	0
31	202	0
32	218	0
33	180	0
34	228	0
35	206	0
36	206	0
37	187	0
38	190	0
39	209	0
40	191	0
41	194	0
42	219	0
43	207	0
44	183	0
45	215	0
46	199	0
47	215	0
48	191	0
49	208	0
50	198	0
51	158	0
52	200	0
53	177	0
54	196	0
55	190	0
56	220	0
57	225	0
58	197	0
59	195	0
60	168	0
61	182	0
62	194	0
63	189	0
64	213	0
65	184	0
66	211	0
67	196	0
68	218	0
69	155	0
70	195	0
71	195	0
72	198	0
73	197	0
74	200	0
75	204	0
76	208	0
77	174	0
78	190	0
79	208	0
80	199	0
81	197	0
82	209	0
83	217	0
84	185	0
85	195	0
86	201	0
87	185	0
88	222	0
89	215	0
90	182	0
91	175	0
92	197	0
93	181	0
94	180	0
95	190	0
96	225	0
97	215	0
98	189	0
99	183	0
100	185	0
101	203	0
102	209	0
103	177	0
104	178	0
105	194	0
106	192	0
107	178	0
108	180	0
109	212	0
110	203	0
111	202	0
112	187	0
113	194	0
114	178	0
115	207	0
116	197	0
117	198	0
118	181	0
119	183	0
120	192	0
121	173	0
122	211	0
123	208	0
124	178	0
125	174	0
126	202	0
127	190	0
128	191	0
129	197	0
130	204	0
131	195	0
132	198	0
133	218	0
134	193	0
135	192	0
136	200	0
137	211	0
138	205	0
139	191	0
140	225	0
141	214	0
142	212	0
143	222	0
144	187	0
145	183	0
146	186	0
147	177	0
148	205	0
149	169	0
150	181	0
151	193	0
152	201	0
153	180	0
154	157	0
155	185	0
156	207	0
157	171	0
158	203	0
159	194	0
160	208	0
161	206	0
162	203	0
163	215	0
164	197	0
165	206	0
166	191	0
167	196	0
168	198	0
169	179	0
170	186	0
171	211	0
172	207	0
173	183	0
174	198	0
175	202	0
176	191	0
177	176	0
178	186	0
179	197	0
180	192	0
181	193	0
182	218	0
183	203	0
184	179	0
185	212	0
186	202	0
187	220	0
188	185	0
189	217	0
190	173	0
191	177	0
192	197	0
193	190	0
194	172	0
195	193	0
196	205	0
197	212	0
198	200	0
199	214	0
200	208	0
201	197	0
202	188	0
203	197	0
204	188	0
205	186	0
206	196	0
207	199	0
208	208	0
209	212	0
210	170	0
211	174	0
212	199	0
213	211	0
214	193	0
215	205	0
216	209	0
217	195	0
218	204	0
219	197	0
220	182	0
221	214	0
222	173	0
223	184	0
224	193	0
225	201	0
226	177	0
227	213	0
228	212	0
229	190	0
230	201	0
231	173	0
232	201	0
233	188	0
234	197	0
235	202	0
236	217	0
237	193	0
238	221	0
239	207	0
240	212	0
241	184	0
242	178	0
243	203	0
244	178	0
245	202	0
246	206	0
247	176	0
248	185	0
249	202	0
250	220	0
251	203	0
252	205	0
253	203	0
254	186	0
255	186	0
256	189	0
257	213	0
258	200	0
259	197	0
260	213	0
261	197	0
262	175	0
263	196	0
264	204	0
265	196	0
266	181	0
267	190	0
268	215	0
269	181	0
270	188	0
271	196	0
272	198	0
273	200	0
274	185	0
275	211	0
276	186	0
277	214	0
278	213	0
279	192	0
280	210	0
281	196	0
282	194	0
283	227	0
284	199	0
285	175	0
286	169	0
287	205	0
288	228	0
289	202	0
290	207	0
291	191	0
292	206	0
293	191	0
294	185	0
295	197	0
296	213	0
297	197	0
298	180	0
299	199	0
300	199	0
301	176	0
302	183	0
303	187	0
304	206	0
305	197	0
306	187	0
307	196	0
308	188	0
309	198	0
310	187	0
311	174	0
312	222	0
313	189	0
314	194	0
315	199	0
316	173	0
317	181	0
318	219	0
319	185	0
320	179	0
321	205	0
322	200	0
323	183	0
324	179	0
325	180	0
326	190	0
327	207	0
328	210	0
329	180	0
330	230	0
331	189	0
332	202	0
333	186	0
334	190	0
335	201	0
336	194	0
337	194	0
338	203	0
339	201	0
340	226	0
341	220	0
342	187	0
343	215	0
344	189	0
345	179	0
346	221	0
347	218	0
348	183	0
349	207	0
350	201	0
351	188	0
352	193	0
353	208	0
354	199	0
355	199	0
356	190	0
357	185	0
358	196	0
359	199	0
360	193	0
361	175	0
362	186	0
363	194	0
364	210	0
365	204	0
366	204	0
367	224	0
368	192	0
369	202	0
370	209	0
371	199	0
372	204	0
373	183	0
374	206	0
375	212	0
376	177	0
377	208	0
378	195	0
379	199	0
380	174	0
381	212	0
382	194	0
383	185	0
384	204	0
385	183	0
386	190	0
387	202	0
388	205	0
389	196	0
390	193	0
391	174	0
392	209	0
393	191	0
394	211	0
395	193	0
396	206	0
397	183	0
398	181	0
399	194	0
400	193	0
401	174	0
402	188	0
403	190	0
404	201	0
405	184	0
406	196	0
407	192	0
408	219	0
409	198	0
410	203	0
411	190	0
412	199	0
413	219	0
414	191	0
415	225	0
416	199	0
417	194	0
418	215	0
419	180	0
420	230	0
421	206	0
422	177	0
423	197	0
424	183	0
425	227	0
426	202	0
427	226	0
428	178	0
429	209	0
430	199	0
431	198	0
432	195	0
433	203	0
434	221	0
435	187	0
436	194	0
437	183	0
438	200	0
439	215	0
440	205	0
441	196	0
442	215	0
443	179	0
444	201	0
445	192	0
446	193	0
447	187	0
448	207	0
449	200	0
450	202	0
451	186	0
452	206	0
453	223	0
454	192	0
455	193	0
456	183	0
457	201	0
458	199	0
459	194	0
460	223	0
461	182	0
462	177	0
463	203	0
464	212	0
465	195	0
466	206	0
467	200	0
468	216	0
469	221	0
470	195	0
471	196	0
472	203	0
473	212	0
474	221	0
475	230	0
476	175	0
477	203	0
478	181	0
479	184	0
480	206	0
481	213	0
482	178	0
483	178	0
484	199	0
485	202	0
486	195	0
487	202	0
488	216	0
489	194	0
490	193	0
491	198	0
492	199	0
493	214	0
494	209	0
495	203	0
496	194	0
497	187	0
498	200	0
499	201	0
500	212	0
501	201	0
502	217	0
503	208	0
504	192	0
505	193	0
506	195	0
507	203	0
508	209	0
509	179	0
510	218	0
511	210	0
512	202	0
513	181	0
514	194	0
515	209	0
516	202	0
517	206	0
518	185	0
519	200	0
520	198	0
521	210	0
522	186	0
523	208	0
524	202	0
525	202	0
526	194	0
527	190	0
528	207	0
529	213	0
530	197	0
531	203	0
532	196	0
533	202	0
534	202	0
535	233	0
536	191	0
537	189	0
538	208	0
539	177	0
540	178	0
541	186	0
542	200	0
543	208	0
544	158	0
545	194	0
546	190	0
547	196	0
548	203	0
549	176	0
550	213	0
551	191	0
552	203	0
553	196	0
554	197	0
555	171	0
556	203	0
557	208	0
558	198	0
559	193	0
560	194	0
561	186	0
562	223	0
563	173	0
564	198	0
565	199	0
566	174	0
567	198	0
568	194	0
569	190	0
570	197	0
571	196	0
572	180	0
573	163	0
574	204	0
575	208	0
576	180	0
577	178	0
578	198	0
579	187	0
580	196	0
581	181	0
582	205	0
583	202	0
584	204	0
585	182	0
586	178	0
587	190	0
588	186	0
589	177	0
590	188	0
591	186	0
592	175	0
593	208	0
594	210	0
595	205	0
596	216	0
597	190	0
598	189	0
599	207	0
600	187	0
601	193	0
602	204	0
603	207	0
604	184	0
605	179	0
606	189	0
607	204	0
608	211	0
609	195	0
610	213	0
611	199	0
612	230	0
613	187	0
614	189	0
615	180	0
616	213	0
617	185	0
618	195	0
619	214	0
620	206	0
621	200	0
622	202	0
623	235	0
624	197	0
625	201	0
626	196	0
627	215	0
628	199	0
629	176	0
630	213	0
631	197	0
632	206	0
633	191	0
634	197	0
635	198	0
636	207	0
637	207	0
638	205	0
639	177	0
640	188	0
641	178	0
642	203	0
643	189	0
644	185	0
645	187	0
646	210	0
647	191	0
648	192	0
649	180	0
650	209	0
651	174	0
652	175	0
653	207	0
654	211	0
655	197	0
656	218	0
657	203	0
658	211	0
659	209	0
660	208	0
661	174	0
662	219	0
663	187	0
664	201	0
665	193	0
666	189	0
667	206	0
668	184	0
669	190	0
670	171	0
671	180	0
672	185	0
673	206	0
674	205	0
675	198	0
676	177	0
677	217	0
678	178	0
679	203	0
680	184	0
681	154	0
682	196	0
683	211	0
684	173	0
685	202	0
686	190	0
687	193	0
688	214	0
689	196	0
690	195	0
691	199	0
692	194	0
693	213	0
694	167	0
695	199	0
696	207	0
697	193	0
698	181	0
699	172	0
700	227	0
701	208	0
702	196	0
703	208	0
704	219	0
705	175	0
706	193	0
707	180	0
708	195	0
709	229	0
710	200	0
711	213	0
712	224	0
713	184	0
714	192	0
715	207	0
716	182	0
717	171	0
718	202	0
719	191	0
720	202	0
721	174	0
722	207	0
723	186	0
724	188	0
725	217	0
726	191	0
727	174	0
728	174	0
729	197	0
730	189	0
731	174	0
732	220	0
733	211	0
734	190	0
735	183	0
736	182	0
737	196	0
738	222	0
739	192	0
740	172	0
741	200	0
742	194	0
743	208	0
744	183	0
745	204	0
746	240	0
747	199	0
748	206	0
749	185	0
750	192	0
751	200	0
752	208	0
753	191	0
754	213	0
755	190	0
756	195	0
757	199	0
758	202	0
759	203	0
760	183	0
761	204	0
762	200	0
763	193	0
764	217	0
765	218	0
766	230	0
767	219	0
768	196	0
769	193	0
770	173	0
771	190	0
772	198	0
773	205	0
774	193	0
775	191	0
776	199	0
777	211	0
778	187	0
779	190	0
780	197	0
781	228	0
782	201	0
783	189	0
784	194	0
785	205	0
786	186	0
787	178	0
788	217	0
789	187	0
790	207	0
791	176	0
792	206	0
793	199	0
794	204	0
795	196	0
796	213	0
797	188	0
798	190	0
799	197	0
800	197	0
801	215	0
802	221	0
803	180	0
804	194	0
805	217	0
806	205	0
807	176	0
808	200	0
809	180	0
810	189	0
811	177	0
812	209	0
813	210	0
814	177	0
815	195	0
816	199	0
817	195	0
818	190	0
819	192	0
820	187	0
821	195	0
822	184	0
823	197	0
824	169	0
825	181	0
826	194	0
827	234	0
828	192	0
829	173	0
830	188	0
831	209	0
832	190	0
833	191	0
834	195	0
835	204	0
836	189	0
837	182	0
838	174	0
839	196	0
840	219	0
841	214	0
842	201	0
843	196	0
844	178	0
845	191	0
846	209	0
847	217	0
848	200	0
849	222	0
850	204	0
851	179	0
852	197	0
853	193	0
854	199	0
855	215	0
856	169	0
857	186	0
858	186	0
859	195	0
860	180	0
861	220	0
862	202	0
863	208	0
864	182	0
865	195	0
866	206	0
867	194	0
868	195	0
869	178	0
870	167	0
871	199	0
872	215	0
873	190	0
874	157	0
875	206	0
876	202	0
877	187	0
878	201	0
879	198	0
880	196	0
881	196	0
882	213	0
883	221	0
884	194	0
885	202	0
886	195	0
887	193	0
888	167	0
889	192	0
890	182	0
891	174	0
892	195	0
893	228	0
894	197	0
895	197	0
896	209	0
897	202	0
898	188	0
899	176	0
900	195	0
901	207	0
902	191	0
903	209	0
904	211	0
905	176	0
906	189	0
907	189	0
908	208	0
909	174	0
910	196	0
911	209	0
912	200	0
913	190	0
914	202	0
915	174	0
916	189	0
917	207	0
918	193	0
919	188	0
920	194	0
921	186	0
922	175	0
923	199	0
924	186	0
925	199	0
926	171	0
927	204	0
928	192	0
929	175	0
930	182	0
931	229	0
932	197	0
933	181	0
934	210	0
935	206	0
936	210	0
937	197	0
938	188	0
939	194	0
940	202	0
941	200	0
942	203	0
943	225	0
944	231	0
945	193	0
946	200	0
947	194	0
948	187	0
949	180	0
950	202	0
951	174	0
952	187	0
953	174	0
954	226	0
955	205	0
956	180	0
957	213	0
958	191	0
959	212	0
960	192	0
961	201	0
962	207	0
963	212	0
964	200	0
965	168	0
966	194	0
967	190	0
968	198	0
969	202	0
970	199	0
971	201	0
972	190	0
973	208	0
974	193	0
975	211	0
976	202	0
977	219	0
978	201	0
979	208	0
980	192	0
981	204	0
982	218	0
983	195	0
984	199	0
985	194	0
986	206	0
987	171	0
988	198	0
989	203	0
990	205	0
991	202	0
992	201	0
993	195	0
994	191	0
995	225	0
996	196	0
997	192	0
998	202	0
999	170	0
1000	219	0
1001	224	0
1002	191	0
1003	194	0
1004	201	0
1005	179	0
1006	233	0
1007	173	0
1008	198	0
1009	188	0
1010	213	0
1011	201	0
1012	226	0
1013	189	0
1014	194	0
1015	185	0
1016	198	0
1017	212	0
1018	189	0
1019	178	0
1020	182	0
1021	182	0
1022	198	0
1023	209	0
1024	192	0
1025	177	0
1026	222	0
1027	189	0
1028	189	0
1029	199	0
1030	198	0
1031	206	0
1032	199	0
1033	185	0
1034	185	0
1035	185	0
1036	180	0
1037	201	0
1038	191	0
1039	192	0
1040	184	0
1041	207	0
1042	185	0
1043	214	0
1044	201	0
1045	197	0
1046	199	0
1047	212	0
1048	228	0
1049	202	0
1050	198	0
1051	192	0
1052	194	0
1053	211	0
1054	197	0
1055	174	0
1056	180	0
1057	196	0
1058	219	0
1059	180	0
1060	197	0
1061	218	0
1062	191	0
1063	215	0
1064	191	0
1065	203	0
1066	191	0
1067	198	0
1068	187	0
1069	197	0
1070	187	0
1071	219	0
1072	201	0
1073	204	0
1074	198	0
1075	188	0
1076	208	0
1077	197	0
1078	194	0
1079	178	0
1080	200	0
1081	229	0
1082	200	0
1083	183	0
1084	212	0
1085	227	0
1086	197	0
1087	201	0
1088	225	0
1089	212	0
1090	181	0
1091	193	0
1092	223	0
1093	188	0
1094	186	0
1095	196	0
1096	191	0
1097	200	0
1098	166	0
1099	213	0
1100	184	0
1101	191	0
1102	226	0
1103	214	0
1104	219	0
1105	210	0
1106	206	0
1107	183	0
1108	186	0
1109	201	0
1110	210	0
1111	209	0
1112	205	0
1113	179	0
1114	234	0
1115	220	0
1116	203	0
1117	204	0
1118	213	0
1119	208	0
1120	196	0
1121	202	0
1122	215	0
1123	199	0
1124	202	0
1125	184	0
1126	234	0
1127	217	0
1128	166	0
1129	186	0
1130	222	0
1131	193	0
1132	224	0
1133	207	0
1134	216	0
1135	192	0
1136	186	0
1137	222	0
1138	189	0
1139	170	0
1140	177	0
1141	183	0
1142	206	0
1143	203	0
1144	184	0
1145	199	0
1146	203	0
1147	192	0
1148	211	0
1149	180	0
1150	190	0
1151	207	0
1152	207	0
1153	177	0
1154	211	0
1155	207	0
1156	189	0
1157	197	0
1158	196	0
1159	205	0
1160	197	0
1161	189	0
1162	192	0
1163	177	0
1164	189	0
1165	176	0
1166	193	0
1167	183	0
1168	187	0
1169	198	0
1170	171	0
1171	167	0
1172	197	0
1173	206	0
1174	190	0
1175	231	0
1176	200	0
1177	179	0
1178	190	0
1179	216	0
1180	217	0
1181	188	0
1182	175	0
1183	192	0
1184	167	0
1185	191	0
1186	192	0
1187	199	0
1188	176	0
1189	188	0
1190	201	0
1191	180	0
1192	198	0
1193	183	0
1194	197	0
1195	187	0
1196	188	0
1197	220	0
1198	197	0
1199	204	0
1200	213	0
1201	189	0
1202	187	0
1203	209	0
1204	189	0
1205	181	0
1206	202	0
1207	164	0
1208	193	0
1209	219	0
1210	201	0
1211	190	0
1212	228	0
1213	182	0
1214	204	0
1215	200	0
1216	209	0
1217	209	0
1218	174	0
1219	202	0
1220	182	0
1221	183	0
1222	207	0
1223	178	0
1224	168	0
1225	200	0
1226	174	0
1227	236	0
1228	216	0
1229	190	0
1230	206	0
1231	184	0
1232	199	0
1233	192	0
1234	172	0
1235	221	0
1236	202	0
1237	221	0
1238	214	0
1239	200	0
1240	179	0
1241	183	0
1242	201	0
1243	207	0
1244	201	0
1245	188	0
1246	168	0
1247	197	0
1248	180	0
1249	217	0
1250	192	0
1251	201	0
1252	189	0
1253	192	0
1254	193	0
1255	197	0
1256	207	0
1257	194	0
1258	183	0
1259	206	0
1260	198	0
1261	188	0
1262	202	0
1263	169	0
1264	208	0
1265	163	0
1266	187	0
1267	211	0
1268	173	0
1269	229	0
1270	209	0
1271	235	0
1272	221	0
1273	192	0
1274	204	0
1275	207	0
1276	197	0
1277	196	0
1278	206	0
1279	204	0
1280	176	0
1281	170	0
1282	202	0
1283	192	0
1284	219	0
1285	202	0
1286	193	0
1287	220	0
1288	215	0
1289	180	0
1290	203	0
1291	200	0
1292	191	0
1293	194	0
1294	206	0
1295	175	0
1296	193	0
1297	180	0
1298	196	0
1299	194	0
1300	192	0
1301	179	0
1302	207	0
1303	217	0
1304	215	0
1305	192	0
1306	176	0
1307	203	0
1308	183	0
1309	222	0
1310	197	0
1311	216	0
1312	195	0
1313	192	0
1314	177	0
1315	199	0
1316	192	0
1317	201	0
1318	190	0
1319	184	0
1320	195	0
1321	199	0
1322	184	0
1323	208	0
1324	215	0
1325	161	0
1326	187	0
1327	180	0
1328	208	0
1329	203	0
1330	217	0
1331	203	0
1332	201	0
1333	201	0
1334	194	0
1335	191	0
1336	186	0
1337	189	0
1338	197	0
1339	208	0
1340	204	0
1341	219	0
1342	176	0
1343	186	0
1344	173	0
1345	172	0
1346	215	0
1347	201	0
1348	199	0
1349	192	0
1350	199	0
1351	193	0
1352	215	0
1353	180	0
1354	196	0
1355	207	0
1356	208	0
1357	228	0
1358	215	0
1359	173	0
1360	201	0
1361	181	0
1362	209	0
1363	171	0
1364	196	0
1365	180	0
1366	201	0
1367	178	0
1368	185	0
1369	195	0
1370	205	0
1371	186	0
1372	196	0
1373	186	0
1374	212	0
1375	193	0
1376	229	0
1377	197	0
1378	212	0
1379	207	0
1380	175	0
1381	183	0
1382	194	0
1383	199	0
1384	181	0
1385	180	0
1386	175	0
1387	178	0
1388	215	0
1389	202	0
1390	201	0
1391	190	0
1392	173	0
1393	195	0
1394	183	0
1395	208	0
1396	212	0
1397	202	0
1398	180	0
1399	179	0
1400	211	0
1401	228	0
1402	186	0
1403	195	0
1404	211	0
1405	193	0
1406	201	0
1407	182	0
1408	194	0
1409	177	0
1410	185	0
1411	174	0
1412	186	0
1413	199	0
1414	178	0
1415	188	0
1416	176	0
1417	246	0
1418	217	0
1419	204	0
1420	202	0
1421	207	0
1422	189	0
1423	203	0
1424	196	0
1425	205	0
1426	205	0
1427	210	0
1428	213	0
1429	188	0
1430	172	0
1431	195	0
1432	221	0
1433	198	0
1434	200	0
1435	206	0
1436	199	0
1437	205	0
1438	178	0
1439	190	0
1440	191	0
1441	197	0
1442	195	0
1443	212	0
1444	218	0
1445	198	0
1446	206	0
1447	179	0
1448	201	0
1449	175	0
1450	177	0
1451	193	0
1452	209	0
1453	211	0
1454	189	0
1455	188	0
1456	202	0
1457	173	0
1458	202	0
1459	196	0
1460	196	0
1461	186	0
1462	203	0
1463	200	0
1464	183	0
1465	209	0
1466	181	0
1467	180	0
1468	224	0
1469	193	0
1470	190	0
1471	182	0
1472	189	0
1473	192	0
1474	193	0
1475	205	0
1476	175	0
1477	201	0
1478	176	0
1479	172	0
1480	195	0
1481	185	0
1482	208	0
1483	198	0
1484	203	0
1485	213	0
1486	189	0
1487	185	0
1488	222	0
1489	192	0
1490	193	0
1491	177	0
1492	219	0
1493	184	0
1494	193	0
1495	192	0
1496	187	0
1497	176	0
1498	213	0
1499	206	0
1500	177	0
1501	235	0
1502	186	0
1503	188	0
1504	169	0
1505	196	0
1506	191	0
1507	215	0
1508	165	0
1509	183	0
1510	184	0
1511	217	0
1512	164	0
1513	178	0
1514	202	0
1515	206	0
1516	175	0
1517	183	0
1518	199	0
1519	196	0
1520	197	0
1521	199	0
1522	167	0
1523	194	0
1524	209	0
1525	216	0
1526	198	0
1527	178	0
1528	207	0
1529	210	0
1530	202	0
1531	192	0
1532	191	0
1533	184	0
1534	175	0
1535	196	0
1536	216	0
1537	214	0
1538	188	0
1539	223	0
1540	183	0
1541	194	0
1542	195	0
1543	200	0
1544	212	0
1545	189	0
1546	192	0
1547	196	0
1548	197	0
1549	198	0
1550	174	0
1551	222	0
1552	185	0
1553	192	0
1554	195	0
1555	201	0
1556	190	0
1557	192	0
1558	186	0
1559	197	0
1560	203	0
1561	165	0
1562	204	0
1563	216	0
1564	172	0
1565	172	0
1566	194	0
1567	208	0
1568	199	0
1569	187	0
1570	169	0
1571	222	0
1572	193	0
1573	186	0
1574	199	0
1575	191	0
1576	181	0
1577	197	0
1578	210	0
1579	192	0
1580	216	0
1581	198	0
1582	172	0
1583	180	0
1584	236	0
1585	180	0
1586	216	0
1587	187	0
1588	193	0
1589	186	0
1590	201	0
1591	195	0
1592	189	0
1593	208	0
1594	190	0
1595	203	0
1596	180	0
1597	184	0
1598	177	0
1599	211	0
1600	198	0
1601	185	0
1602	196	0
1603	193	0
1604	166	0
1605	191	0
1606	189	0
1607	215	0
1608	197	0
1609	205	0
1610	213	0
1611	211	0
1612	200	0
1613	201	0
1614	181	0
1615	204	0
1616	212	0
1617	182	0
1618	197	0
1619	214	0
1620	201	0
1621	178	0
1622	168	0
1623	217	0
1624	182	0
1625	188	0
1626	213	0
1627	220	0
1628	208	0
1629	215	0
1630	205	0
1631	195	0
1632	202	0
1633	162	0
1634	190	0
1635	191	0
1636	193	0
1637	178	0
1638	208	0
1639	218	0
1640	207	0
1641	168	0
1642	197	0
1643	168	0
1644	204	0
1645	202	0
1646	186	0
1647	191	0
1648	184	0
1649	181	0
1650	209	0
1651	203	0
1652	199	0
1653	216	0
1654	194	0
1655	211	0
1656	184	0
1657	181	0
1658	184	0
1659	236	0
1660	189	0
1661	164	0
1662	188	0
1663	199	0
1664	202	0
1665	198	0
1666	187	0
1667	181	0
1668	219	0
1669	182	0
1670	208	0
1671	189	0
1672	186	0
1673	186	0
1674	204	0
1675	192	0
1676	190	0
1677	211	0
1678	190	0
1679	193	0
1680	178	0
1681	221	0
1682	213	0
1683	184	0
1684	240	0
1685	184	0
1686	179	0
1687	181	0
1688	208	0
1689	194	0
1690	182	0
1691	183	0
1692	211	0
1693	174	0
1694	191	0
1695	205	0
1696	214	0
1697	194	0
1698	198	0
1699	219	0
1700	169	0
1701	204	0
1702	203	0
1703	205	0
1704	185	0
1705	193	0
1706	206	0
1707	190	0
1708	168	0
1709	199	0
1710	164	0
1711	214	0
1712	177	0
1713	220	0
1714	206	0
1715	193	0
1716	169	0
1717	177	0
1718	188	0
1719	194	0
1720	217	0
1721	210	0
1722	203	0
1723	196	0
1724	182	0
1725	168	0
1726	201	0
1727	208	0
1728	197	0
1729	199	0
1730	211	0
1731	187	0
1732	214	0
1733	185	0
1734	193	0
1735	187	0
1736	210	0
1737	197	0
1738	213	0
1739	209	0
1740	201	0
1741	201	0
1742	198	0
1743	191	0
1744	206	0
1745	197	0
1746	212	0
1747	201	0
1748	190	0
1749	209	0
1750	187	0
1751	186	0
1752	207	0
1753	201	0
1754	196	0
1755	178	0
1756	210	0
1757	187	0
1758	189	0
1759	203	0
1760	189	0
1761	217	0
1762	202	0
1763	180	0
1764	209	0
1765	180	0
1766	196	0
1767	202	0
1768	204	0
1769	187	0
1770	185	0
1771	191	0
1772	185	0
1773	203	0
1774	208	0
1775	200	0
1776	180	0
1777	192	0
1778	204	0
1779	188	0
1780	186	0
1781	209	0
1782	195	0
1783	207	0
1784	199	0
1785	202	0
1786	179	0
1787	193	0
1788	220	0
1789	221	0
1790	164	0
1791	179	0
1792	190	0
1793	190	0
1794	187	0
1795	203	0
1796	215	0
1797	212	0
1798	200	0
1799	210	0
1800	200	0
1801	205	0
1802	188	0
1803	207	0
1804	189	0
1805	198	0
1806	207	0
1807	225	0
1808	169	0
1809	204	0
1810	169	0
1811	235	0
1812	222	0
1813	169	0
1814	220	0
1815	186	0
1816	191	0
1817	184	0
1818	193	0
1819	199	0
1820	226	0
1821	173	0
1822	173	0
1823	188	0
1824	228	0
1825	193	0
1826	191	0
1827	171	0
1828	202	0
1829	189	0
1830	166	0
1831	165	0
1832	197	0
1833	182	0
1834	171	0
1835	194	0
1836	213	0
1837	189	0
1838	193	0
1839	219	0
1840	187	0
1841	216	0
1842	205	0
1843	184	0
1844	199	0
1845	204	0
1846	194	0
1847	195	0
1848	212	0
1849	211	0
1850	177	0
1851	189	0
1852	197	0
1853	210	0
1854	206	0
1855	210	0
1856	222	0
1857	208	0
1858	213	0
1859	190	0
1860	217	0
1861	199	0
1862	220	0
1863	195	0
1864	175	0
1865	211	0
1866	177	0
1867	183	0
1868	200	0
1869	197	0
1870	203	0
1871	190	0
1872	212	0
1873	194	0
1874	183	0
1875	202	0
1876	208	0
1877	190	0
1878	204	0
1879	204	0
1880	191	0
1881	203	0
1882	172	0
1883	203	0
1884	200	0
1885	210	0
1886	208	0
1887	207	0
1888	186	0
1889	160	0
1890	195	0
1891	211	0
1892	203	0
1893	208	0
1894	212	0
1895	197	0
1896	200	0
1897	216	0
1898	193	0
1899	207	0
1900	175	0
1901	177	0
1902	214	0
1903	205	0
1904	206	0
1905	177	0
1906	213	0
1907	217	0
1908	193	0
1909	185	0
1910	211	0
1911	219	0
1912	207	0
1913	207	0
1914	203	0
1915	176	0
1916	218	0
1917	217	0
1918	189	0
1919	186	0
1920	157	0
1921	214	0
1922	177	0
1923	195	0
1924	192	0
1925	211	0
1926	195	0
1927	163	0
1928	190	0
1929	172	0
1930	197	0
1931	167	0
1932	186	0
1933	192	0
1934	192	0
1935	186	0
1936	191	0
1937	202	0
1938	223	0
1939	198	0
1940	175	0
1941	228	0
1942	215	0
1943	217	0
1944	218	0
1945	202	0
1946	219	0
1947	210	0
1948	173	0
1949	197	0
1950	203	0
1951	211	0
1952	199	0
1953	194	0
1954	213	0
1955	194	0
1956	192	0
1957	206	0
1958	212	0
1959	183	0
1960	223	0
1961	196	0
1962	189	0
1963	198	0
1964	186	0
1965	212	0
1966	193	0
1967	205	0
1968	223	0
1969	178	0
1970	191	0
1971	196	0
1972	190	0
1973	191	0
1974	209	0
1975	209	0
1976	193	0
1977	217	0
1978	200	0
1979	186	0
1980	178	0
1981	191	0
1982	211	0
1983	197	0
1984	192	0
1985	201	0
1986	190	0
1987	191	0
1988	199	0
1989	207	0
1990	226	0
1991	177	0
1992	213	0
1993	203	0
1994	202	0
1995	175	0
1996	208	0
1997	226	0
1998	217	0
1999	215	0
2000	179	0
2001	197	0
2002	185	0
2003	193	0
2004	196	0
2005	188	0
2006	213	0
2007	213	0
2008	203	0
2009	203	0
2010	223	0
2011	203	0
2012	184	0
2013	188	0
2014	214	0
2015	204	0
2016	193	0
2017	202	0
2018	175	0
2019	206	0
2020	186	0
2021	193	0
2022	218	0
2023	196	0
2024	209	0
2025	171	0
2026	199	0
2027	211	0
2028	173	0
2029	199	0
2030	188	0
2031	205	0
2032	183	0
2033	206	0
2034	191	0
2035	206	0
2036	192	0
2037	188	0
2038	202	0
2039	204	0
2040	181	0
2041	202	0
2042	217	0
2043	201	0
2044	206	0
2045	224	0
2046	173	0
2047	186	0
2048	230	0
2049	195	0
2050	193	0
2051	200	0
2052	185	0
2053	198	0
2054	193	0
2055	167	0
2056	185	0
2057	203	0
2058	182	0
2059	194	0
2060	198	0
2061	203	0
2062	172	0
2063	232	0
2064	188	0
2065	198	0
2066	187	0
2067	186	0
2068	198	0
2069	186	0
2070	186	0
2071	204	0
2072	191	0
2073	191	0
2074	167	0
2075	185	0
2076	187	0
2077	186	0
2078	198	0
2079	197	0
2080	213	0
2081	211	0
2082	196	0
2083	195	0
2084	174	0
2085	211	0
2086	180	0
2087	213	0
2088	180	0
2089	211	0
2090	191	0
2091	189	0
2092	212	0
2093	193	0
2094	171	0
2095	212	0
2096	188	0
2097	187	0
2098	195	0
2099	188	0
2100	197	0
2101	205	0
2102	194	0
2103	186	0
2104	169	0
2105	170	0
2106	206	0
2107	196	0
2108	191	0
2109	204	0
2110	227	0
2111	189	0
2112	174	0
2113	192	0
2114	198	0
2115	209	0
2116	180	0
2117	198	0
2118	209	0
2119	179	0
2120	229	0
2121	201	0
2122	205	0
2123	212	0
2124	188	0
2125	193	0
2126	201	0
2127	181	0
2128	215	0
2129	204	0
2130	187	0
2131	177	0
2132	171	0
2133	185	0
2134	166	0
2135	180	0
2136	206	0
2137	215	0
2138	195	0
2139	179	0
2140	207	0
2141	175	0
2142	246	0
2143	191	0
2144	184	0
2145	227	0
2146	198	0
2147	182	0
2148	193	0
2149	187	0
2150	172	0
2151	192	0
2152	204	0
2153	189	0
2154	192	0
2155	207	0
2156	189	0
2157	176	0
2158	190	0
2159	194	0
2160	196	0
2161	199	0
2162	200	0
2163	215	0
2164	204	0
2165	186	0
2166	214	0
2167	204	0
2168	183	0
2169	210	0
2170	191	0
2171	184	0
2172	232	0
2173	174	0
2174	197	0
2175	206	0
2176	196	0
2177	209	0
2178	196	0
2179	205	0
2180	197	0
2181	201	0
2182	232	0
2183	203	0
2184	206	0
2185	208	0
2186	208	0
2187	186	0
2188	192	0
2189	188	0
2190	215	0
2191	184	0
2192	188	0
2193	188	0
2194	207	0
2195	203	0
2196	181	0
2197	218	0
2198	198	0
2199	214	0
2200	196	0
2201	247	0
2202	203	0
2203	181	0
2204	193	0
2205	206	0
2206	188	0
2207	224	0
2208	188	0
2209	209	0
2210	209	0
2211	202	0
2212	216	0
2213	190	0
2214	196	0
2215	192	0
2216	198	0
2217	204	0
2218	178	0
2219	193	0
2220	165	0
2221	186	0
2222	194	0
2223	188	0
2224	195	0
2225	177	0
2226	169	0
2227	188	0
2228	208	0
2229	185	0
2230	196	0
2231	209	0
2232	207	0
2233	191	0
2234	192	0
2235	196	0
2236	176	0
2237	178	0
2238	207	0
2239	198	0
2240	190	0
2241	186	0
2242	225	0
2243	223	0
2244	211	0
2245	177	0
2246	176	0
2247	191	0
2248	204	0
2249	183	0
2250	205	0
2251	210	0
2252	227	0
2253	207	0
2254	182	0
2255	195	0
2256	209	0
2257	205	0
2258	210	0
2259	208	0
2260	205	0
2261	192	0
2262	195	0
2263	213	0
2264	207	0
2265	212	0
2266	187	0
2267	192	0
2268	183	0
2269	192	0
2270	192	0
2271	192	0
2272	175	0
2273	185	0
2274	192	0
2275	172	0
2276	232	0
2277	203	0
2278	211	0
2279	200	0
2280	183	0
2281	215	0
2282	193	0
2283	194	0
2284	186	0
2285	206	0
2286	203	0
2287	182	0
2288	208	0
2289	220	0
2290	208	0
2291	179	0
2292	183	0
2293	187	0
2294	204	0
2295	184	0
2296	191	0
2297	211	0
2298	195	0
2299	199	0
2300	186	0
2301	210	0
2302	202	0
2303	181	0
2304	191	0
2305	199	0
2306	227	0
2307	195	0
2308	198	0
2309	203	0
2310	234	0
2311	211	0
2312	191	0
2313	199	0
2314	209	0
2315	204	0
2316	200	0
2317	176	0
2318	215	0
2319	208	0
2320	210	0
2321	204	0
2322	197	0
2323	239	0
2324	214	0
2325	206	0
2326	196	0
2327	199	0
2328	223	0
2329	216	0
2330	222	0
2331	196	0
2332	206	0
2333	206	0
2334	223	0
2335	169	0
2336	185	0
2337	169	0
2338	191	0
2339	219	0
2340	189	0
2341	157	0
2342	201	0
2343	213	0
2344	193	0
2345	218	0
2346	212	0
2347	202	0
2348	207	0
2349	211	0
2350	190	0
2351	176	0
2352	232	0
2353	207	0
2354	212	0
2355	187	0
2356	220	0
2357	196	0
2358	184	0
2359	200	0
2360	194	0
2361	187	0
2362	207	0
2363	187	0
2364	195	0
2365	198	0
2366	214	0
2367	173	0
2368	180	0
2369	217	0
2370	172	0
2371	188	0
2372	209	0
2373	210	0
2374	226	0
2375	216	0
2376	204	0
2377	196	0
2378	221	0
2379	204	0
2380	209	0
2381	216	0
2382	207	0
2383	200	0
2384	182	0
2385	198	0
2386	192	0
2387	193	0
2388	201	0
2389	188	0
2390	184	0
2391	203	0
2392	200	0
2393	219	0
2394	187	0
2395	181	0
2396	190	0
2397	198	0
2398	217	0
2399	192	0
2400	186	0
2401	186	0
2402	195	0
2403	193	0
2404	202	0
2405	173	0
2406	193	0
2407	211	0
2408	201	0
2409	172	0
2410	188	0
2411	209	0
2412	192	0
2413	198	0
2414	210	0
2415	179	0
2416	216	0
2417	201	0
2418	206	0
2419	190	0
2420	180	0
2421	179	0
2422	204	0
2423	224	0
2424	200	0
2425	202	0
2426	211	0
2427	203	0
2428	155	0
2429	181	0
2430	177	0
2431	175	0
2432	248	0
2433	180	0
2434	173	0
2435	199	0
2436	211	0
2437	209	0
2438	187	0
2439	185	0
2440	203	0
2441	201	0
2442	200	0
2443	211	0
2444	180	0
2445	193	0
2446	213	0
2447	200	0
2448	209	0
2449	186	0
2450	187	0
2451	190	0
2452	198	0
2453	195	0
2454	222	0
2455	212	0
2456	195	0
2457	212	0
2458	209	0
2459	207	0
2460	189	0
2461	221	0
2462	189	0
2463	203	0
2464	175	0
2465	197	0
2466	190	0
2467	189	0
2468	177	0
2469	192	0
2470	194	0
2471	186	0
2472	176	0
2473	185	0
2474	191	0
2475	184	0
2476	170	0
2477	202	0
2478	190	0
2479	202	0
2480	195	0
2481	205	0
2482	195	0
2483	181	0
2484	192	0
2485	199	0
2486	189	0
2487	165	0
2488	185	0
2489	196	0
2490	196	0
2491	207	0
2492	196	0
2493	219	0
2494	190	0
2495	200	0
2496	197	0
2497	196	0
2498	182	0
2499	183	0
2500	175	0
2501	222	0
2502	179	0
2503	164	0
2504	188	0
2505	221	0
2506	200	0
2507	194	0
2508	198	0
2509	200	0
2510	174	0
2511	193	0
2512	190	0
2513	195	0
2514	197	0
2515	178	0
2516	196	0
2517	202	0
2518	221	0
2519	203	0
2520	218	0
2521	209	0
2522	197	0
2523	175	0
2524	221	0
2525	188	0
2526	199	0
2527	212	0
2528	213	0
2529	194	0
2530	188	0
2531	197	0
2532	187	0
2533	190	0
2534	219	0
2535	204	0
2536	219	0
2537	168	0
2538	213	0
2539	185	0
2540	210	0
2541	208	0
2542	190	0
2543	183	0
2544	186	0
2545	198	0
2546	238	0
2547	193	0
2548	184	0
2549	193	0
2550	174	0
2551	216	0
2552	194	0
2553	172	0
2554	181	0
2555	198	0
2556	184	0
2557	191	0
2558	209	0
2559	212	0
2560	185	0
2561	172	0
2562	187	0
2563	206	0
2564	188	0
2565	219	0
2566	203	0
2567	211	0
2568	192	0
2569	194	0
2570	172	0
2571	181	0
2572	194	0
2573	191	0
2574	179	0
2575	177	0
2576	205	0
2577	189	0
2578	218	0
2579	164	0
2580	196	0
2581	191	0
2582	211	0
2583	191	0
2584	205	0
2585	207	0
2586	189	0
2587	174	0
2588	190	0
2589	185	0
2590	170	0
2591	225	0
2592	186	0
2593	203	0
2594	184	0
2595	195	0
2596	201	0
2597	198	0
2598	172	0
2599	216	0
2600	179	0
2601	218	0
2602	202	0
2603	222	0
2604	200	0
2605	201	0
2606	190	0
2607	209	0
2608	217	0
2609	171	0
2610	211	0
2611	188	0
2612	212	0
2613	175	0
2614	202	0
2615	208	0
2616	178	0
2617	202	0
2618	185	0
2619	225	0
2620	183	0
2621	196	0
2622	223	0
2623	169	0
2624	218	0
2625	199	0
2626	202	0
2627	168	0
2628	208	0
2629	181	0
2630	209	0
2631	194	0
2632	188	0
2633	208	0
2634	197	0
2635	178	0
2636	206	0
2637	201	0
2638	192	0
2639	205	0
2640	195	0
2641	193	0
2642	194	0
2643	200	0
2644	186	0
2645	200	0
2646	185	0
2647	191	0
2648	204	0
2649	197	0
2650	209	0
2651	180	0
2652	209	0
2653	191	0
2654	196	0
2655	213	0
2656	194	0
2657	181	0
2658	189	0
2659	193	0
2660	185	0
2661	183	0
2662	185	0
2663	187	0
2664	188	0
2665	207	0
2666	182	0
2667	187	0
2668	205	0
2669	193	0
2670	194	0
2671	202	0
2672	189	0
2673	202	0
2674	218	0
2675	190	0
2676	204	0
2677	165	0
2678	199	0
2679	198	0
2680	194	0
2681	208	0
2682	198	0
2683	212	0
2684	192	0
2685	188	0
2686	192	0
2687	219	0
2688	195	0
2689	192	0
2690	190	0
2691	203	0
2692	192	0
2693	211	0
2694	213	0
2695	202	0
2696	214	0
2697	177	0
2698	200	0
2699	186	0
2700	199	0
2701	191	0
2702	195	0
2703	212	0
2704	204	0
2705	204	0
2706	232	0
2707	205	0
2708	205	0
2709	222	0
2710	209	0
2711	188	0
2712	175	0
2713	184	0
2714	189	0
2715	193	0
2716	223	0
2717	204	0
2718	195	0
2719	207	0
2720	202	0
2721	209	0
2722	182	0
2723	215	0
2724	209	0
2725	192	0
2726	184	0
2727	174	0
2728	189	0
2729	168	0
2730	186	0
2731	236	0
2732	221	0
2733	181	0
2734	189	0
2735	206	0
2736	209	0
2737	222	0
2738	218	0
2739	195	0
2740	211	0
2741	209	0
2742	210	0
2743	221	0
2744	183	0
2745	222	0
2746	199	0
2747	229	0
2748	184	0
2749	194	0
2750	216	0
2751	189	0
2752	180	0
2753	217	0
2754	213	0
2755	197	0
2756	174	0
2757	190	0
2758	189	0
2759	207	0
2760	203	0
2761	198	0
2762	194	0
2763	191	0
2764	193	0
2765	190	0
2766	177	0
2767	209	0
2768	222	0
2769	203	0
2770	204	0
2771	208	0
2772	185	0
2773	190	0
2774	186	0
2775	190	0
2776	197	0
2777	212	0
2778	217	0
2779	184	0
2780	191	0
2781	186	0
2782	198	0
2783	216	0
2784	207	0
2785	173	0
2786	180	0
2787	215	0
2788	208	0
2789	175	0
2790	215	0
2791	216	0
2792	224	0
2793	191	0
2794	207	0
2795	201	0
2796	196	0
2797	214	0
2798	191	0
2799	180	0
2800	206	0
2801	204	0
2802	183	0
2803	196	0
2804	210	0
2805	203	0
2806	180	0
2807	213	0
2808	196	0
2809	198	0
2810	213	0
2811	186	0
2812	178	0
2813	194	0
2814	193	0
2815	207	0
2816	196	0
2817	175	0
2818	203	0
2819	180	0
2820	189	0
2821	186	0
2822	204	0
2823	211	0
2824	176	0
2825	200	0
2826	202	0
2827	221	0
2828	198	0
2829	203	0
2830	182	0
2831	176	0
2832	190	0
2833	194	0
2834	225	0
2835	208	0
2836	201	0
2837	213	0
2838	211	0
2839	204	0
2840	205	0
2841	186	0
2842	208	0
2843	208	0
2844	187	0
2845	201	0
2846	192	0
2847	243	0
2848	182	0
2849	188	0
2850	193	0
2851	207	0
2852	202	0
2853	189	0
2854	215	0
2855	207	0
2856	190	0
2857	193	0
2858	184	0
2859	210	0
2860	157	0
2861	187	0
2862	165	0
2863	200	0
2864	219	0
2865	210	0
2866	182	0
2867	232	0
2868	198	0
2869	190	0
2870	187	0
2871	193	0
2872	199	0
2873	198	0
2874	204	0
2875	201	0
2876	181	0
2877	193	0
2878	179	0
2879	190	0
2880	222	0
2881	211	0
2882	210	0
2883	185	0
2884	196	0
2885	203	0
2886	191	0
2887	183	0
2888	154	0
2889	196	0
2890	225	0
2891	205	0
2892	171	0
2893	204	0
2894	203	0
2895	183	0
2896	199	0
2897	197	0
2898	204	0
2899	200	0
2900	221	0
2901	203	0
2902	192	0
2903	208	0
2904	175	0
2905	197	0
2906	188	0
2907	221	0
2908	231	0
2909	191	0
2910	223	0
2911	192	0
2912	195	0
2913	183	0
2914	171	0
2915	180	0
2916	197	0
2917	227	0
2918	199	0
2919	202	0
2920	223	0
2921	197	0
2922	209	0
2923	215	0
2924	208	0
2925	235	0
2926	196	0
2927	186	0
2928	214	0
2929	191	0
2930	188	0
2931	215	0
2932	198	0
2933	210	0
2934	187	0
2935	177	0
2936	194	0
2937	218	0
2938	174	0
2939	216	0
2940	194	0
2941	190	0
2942	201	0
2943	183	0
2944	198	0
2945	205	0
2946	207	0
2947	186	0
2948	189	0
2949	186	0
2950	196	0
2951	219	0
2952	208	0
2953	183	0
2954	193	0
2955	177	0
2956	191	0
2957	188	0
2958	207	0
2959	193	0
2960	205	0
2961	193	0
2962	189	0
2963	187	0
2964	160	0
2965	194	0
2966	200	0
2967	199	0
2968	193	0
2969	185	0
2970	199	0
2971	185	0
2972	195	0
2973	193	0
2974	203	0
2975	197	0
2976	203	0
2977	233	0
2978	190	0
2979	191	0
2980	207	0
2981	203	0
2982	223	0
2983	215	0
2984	193	0
2985	204	0
2986	200	0
2987	185	0
2988	194	0
2989	182	0
2990	218	0
2991	183	0
2992	208	0
2993	204	0
2994	219	0
2995	201	0
2996	189	0
2997	196	0
2998	199	0
2999	186	0
3000	181	0
