1	198	0
2	173	0
3	174	0
4	198	0
5	196	0
6	187	0
7	190	0
8	196	0
9	188	0
10	182	0
11	196	0
12	212	0
13	201	0
14	188	0
15	214	0
16	192	0
17	175	0
18	162	0
19	199	0
20	178	0
21	196	0
22	196	0
23	179	0
24	219	0
25	181	0
26	196	0
27	200	0
28	221	0
29	175	0
30	204	0
31	179	0
32	220	0
33	198	0
34	200	0
35	215	0
36	220	0
37	202	0
38	169	0
39	225	0
40	212	0
41	218	0
42	189	0
43	205	0
44	198	0
45	182	0
46	197	0
47	191	0
48	172	0
49	197	0
50	227	0
51	174	0
52	189	0
53	175	0
54	223	0
55	217	0
56	167	0
57	186	0
58	210	0
59	180	0
60	185	0
61	197	0
62	198	0
63	219	0
64	170	0
65	176	0
66	191	0
67	196	0
68	197	0
69	205	0
70	233	0
71	203	0
72	187	0
73	179	0
74	191	0
75	185	0
76	200	0
77	204	0
78	201	0
79	191	0
80	204	0
81	186	0
82	216	0
83	194	0
84	180	0
85	207	0
86	189	0
87	195	0
88	213	0
89	198	0
90	196	0
91	191	0
92	205	0
93	200	0
94	193	0
95	192	0
96	184	0
97	196	0
98	222	0
99	174	0
100	177	0
101	206	0
102	170	0
103	175	0
104	193	0
105	207	0
106	181	0
107	202	0
108	167	0
109	186	0
110	204	0
111	197	0
112	215	0
113	188	0
114	198	0
115	191	0
116	204	0
117	180	0
118	186	0
119	200	0
120	205	0
121	210	0
122	204	0
123	193	0
124	202	0
125	179	0
126	182	0
127	204	0
128	175	0
129	153	0
130	180	0
131	205	0
132	190	0
133	211	0
134	211	0
135	203	0
136	223	0
137	206	0
138	197	0
139	205	0
140	184	0
141	205	0
142	200	0
143	199	0
144	173	0
145	191	0
146	206	0
147	207	0
148	186	0
149	185	0
150	206	0
151	193	0
152	190	0
153	206	0
154	197	0
155	230	0
156	206	0
157	191	0
158	191	0
159	183	0
160	189	0
161	189	0
162	192	0
163	191	0
164	180	0
165	221	0
166	238	0
167	184	0
168	196	0
169	190	0
170	203	0
171	186	0
172	215	0
173	189	0
174	212	0
175	214	0
176	231	0
177	181	0
178	211	0
179	239	0
180	173	0
181	184	0
182	205	0
183	182	0
184	204	0
185	192	0
186	221	0
187	191	0
188	200	0
189	175	0
190	207	0
191	195	0
192	187	0
193	203	0
194	206	0
195	187	0
196	213	0
197	193	0
198	189	0
199	183	0
200	154	0
201	223	0
202	210	0
203	200	0
204	196	0
205	223	0
206	183	0
207	211	0
208	206	0
209	214	0
210	191	0
211	206	0
212	189	0
213	181	0
214	194	0
215	172	0
216	204	0
217	189	0
218	180	0
219	178	0
220	189	0
221	174	0
222	203	0
223	228	0
224	194	0
225	165	0
226	165	0
227	209	0
228	194	0
229	208	0
230	190	0
231	205	0
232	190	0
233	206	0
234	210	0
235	222	0
236	211	0
237	204	0
238	210	0
239	196	0
240	209	0
241	203	0
242	208	0
243	212	0
244	215	0
245	208	0
246	191	0
247	207	0
248	190	0
249	197	0
250	195	0
251	219	0
252	179	0
253	185	0
254	188	0
255	193	0
256	182	0
257	192	0
258	181	0
259	175	0
260	199	0
261	186	0
262	187	0
263	210	0
264	192	0
265	216	0
266	223	0
267	180	0
268	210	0
269	176	0
270	205	0
271	206	0
272	203	0
273	179	0
274	189	0
275	191	0
276	208	0
277	217	0
278	210	0
279	175	0
280	168	0
281	229	0
282	208	0
283	203	0
284	197	0
285	203	0
286	190	0
287	200	0
288	206	0
289	189	0
290	185	0
291	222	0
292	211	0
293	199	0
294	202	0
295	212	0
296	187	0
297	210	0
298	178	0
299	194	0
300	212	0
301	185	0
302	196	0
303	183	0
304	179	0
305	216	0
306	202	0
307	206	0
308	227	0
309	214	0
310	189	0
311	203	0
312	178	0
313	209	0
314	188	0
315	195	0
316	186	0
317	207	0
318	196	0
319	188	0
320	194	0
321	189	0
322	194	0
323	229	0
324	204	0
325	210	0
326	221	0
327	210	0
328	173	0
329	193	0
330	230	0
331	195	0
332	191	0
333	221	0
334	177	0
335	189	0
336	224	0
337	208	0
338	161	0
339	207	0
340	219	0
341	171	0
342	190	0
343	198	0
344	180	0
345	177	0
346	181	0
347	170	0
348	193	0
349	178	0
350	192	0
351	171	0
352	185	0
353	177	0
354	185	0
355	176	0
356	173	0
357	211	0
358	201	0
359	190	0
360	202	0
361	187	0
362	187	0
363	243	0
364	228	0
365	182	0
366	201	0
367	201	0
368	189	0
369	177	0
370	188	0
371	170	0
372	188	0
373	189	0
374	188	0
375	188	0
376	230	0
377	197	0
378	173	0
379	194	0
380	209	0
381	193	0
382	186	0
383	200	0
384	189	0
385	193	0
386	200	0
387	203	0
388	175	0
389	205	0
390	193	0
391	183	0
392	197	0
393	195	0
394	179	0
395	195	0
396	197	0
397	153	0
398	184	0
399	172	0
400	223	0
401	189	0
402	204	0
403	181	0
404	198	0
405	202	0
406	205	0
407	200	0
408	192	0
409	180	0
410	199	0
411	221	0
412	200	0
413	182	0
414	188	0
415	182	0
416	193	0
417	186	0
418	196	0
419	203	0
420	206	0
421	184	0
422	188	0
423	194	0
424	202	0
425	206	0
426	212	0
427	187	0
428	182	0
429	216	0
430	195	0
431	215	0
432	197	0
433	206	0
434	190	0
435	216	0
436	198	0
437	204	0
438	218	0
439	218	0
440	189	0
441	188	0
442	196	0
443	228	0
444	185	0
445	194	0
446	201	0
447	178	0
448	210	0
449	199	0
450	190	0
451	193	0
452	173	0
453	194	0
454	191	0
455	226	0
456	215	0
457	180	0
458	198	0
459	210	0
460	173	0
461	221	0
462	193	0
463	217	0
464	180	0
465	184	0
466	195	0
467	200	0
468	174	0
469	208	0
470	206	0
471	206	0
472	190	0
473	179	0
474	170	0
475	213	0
476	198	0
477	187	0
478	193	0
479	189	0
480	200	0
481	171	0
482	183	0
483	205	0
484	195	0
485	177	0
486	189	0
487	196	0
488	187	0
489	215	0
490	201	0
491	171	0
492	210	0
493	190	0
494	195	0
495	185	0
496	192	0
497	206	0
498	217	0
499	197	0
500	206	0
501	205	0
502	205	0
503	205	0
504	194	0
505	185	0
506	185	0
507	196	0
508	227	0
509	182	0
510	172	0
511	186	0
512	214	0
513	173	0
514	179	0
515	205	0
516	198	0
517	188	0
518	199	0
519	191	0
520	207	0
521	201	0
522	199	0
523	211	0
524	174	0
525	220	0
526	192	0
527	205	0
528	211	0
529	197	0
530	180	0
531	178	0
532	196	0
533	181	0
534	191	0
535	180	0
536	219	0
537	197	0
538	198	0
539	170	0
540	199	0
541	200	0
542	172	0
543	200	0
544	198	0
545	174	0
546	203	0
547	196	0
548	192	0
549	190	0
550	189	0
551	203	0
552	190	0
553	177	0
554	189	0
555	192	0
556	196	0
557	207	0
558	197	0
559	167	0
560	198	0
561	221	0
562	169	0
563	188	0
564	189	0
565	193	0
566	188	0
567	183	0
568	194	0
569	188	0
570	193	0
571	200	0
572	196	0
573	172	0
574	216	0
575	208	0
576	196	0
577	192	0
578	180	0
579	204	0
580	203	0
581	204	0
582	193	0
583	193	0
584	212	0
585	177	0
586	199	0
587	182	0
588	172	0
589	223	0
590	172	0
591	180	0
592	166	0
593	192	0
594	196	0
595	194	0
596	187	0
597	193	0
598	187	0
599	213	0
600	183	0
601	179	0
602	179	0
603	196	0
604	182	0
605	189	0
606	183	0
607	173	0
608	180	0
609	207	0
610	190	0
611	211	0
612	212	0
613	194	0
614	199	0
615	190	0
616	193	0
617	188	0
618	208	0
619	177	0
620	234	0
621	192	0
622	199	0
623	165	0
624	187	0
625	198	0
626	199	0
627	210	0
628	211	0
629	221	0
630	178	0
631	219	0
632	175	0
633	192	0
634	152	0
635	209	0
636	175	0
637	192	0
638	231	0
639	181	0
640	166	0
641	175	0
642	203	0
643	205	0
644	203	0
645	183	0
646	176	0
647	197	0
648	202	0
649	215	0
650	209	0
651	184	0
652	194	0
653	178	0
654	180	0
655	212	0
656	198	0
657	187	0
658	192	0
659	180	0
660	207	0
661	204	0
662	209	0
663	224	0
664	189	0
665	184	0
666	223	0
667	202	0
668	195	0
669	214	0
670	185	0
671	182	0
672	197	0
673	198	0
674	222	0
675	191	0
676	173	0
677	195	0
678	230	0
679	167	0
680	207	0
681	213	0
682	187	0
683	195	0
684	186	0
685	194	0
686	201	0
687	203	0
688	194	0
689	195	0
690	189	0
691	170	0
692	213	0
693	213	0
694	195	0
695	214	0
696	198	0
697	212	0
698	209	0
699	191	0
700	224	0
701	214	0
702	216	0
703	213	0
704	214	0
705	195	0
706	198	0
707	199	0
708	192	0
709	203	0
710	213	0
711	182	0
712	188	0
713	185	0
714	214	0
715	185	0
716	184	0
717	172	0
718	194	0
719	194	0
720	190	0
721	198	0
722	203	0
723	208	0
724	196	0
725	205	0
726	182	0
727	184	0
728	205	0
729	185	0
730	200	0
731	185	0
732	187	0
733	214	0
734	172	0
735	194	0
736	191	0
737	215	0
738	183	0
739	187	0
740	190	0
741	184	0
742	208	0
743	221	0
744	207	0
745	197	0
746	211	0
747	222	0
748	228	0
749	198	0
750	191	0
751	192	0
752	185	0
753	238	0
754	188	0
755	202	0
756	208	0
757	195	0
758	220	0
759	211	0
760	193	0
761	196	0
762	195	0
763	202	0
764	210	0
765	176	0
766	172	0
767	213	0
768	191	0
769	188	0
770	193	0
771	191	0
772	187	0
773	221	0
774	180	0
775	177	0
776	184	0
777	177	0
778	179	0
779	239	0
780	213	0
781	195	0
782	185	0
783	212	0
784	215	0
785	207	0
786	200	0
787	197	0
788	204	0
789	165	0
790	183	0
791	222	0
792	209	0
793	212	0
794	217	0
795	257	0
796	192	0
797	185	0
798	168	0
799	166	0
800	200	0
801	218	0
802	205	0
803	221	0
804	212	0
805	176	0
806	206	0
807	192	0
808	185	0
809	211	0
810	222	0
811	189	0
812	204	0
813	181	0
814	199	0
815	203	0
816	183	0
817	180	0
818	189	0
819	184	0
820	201	0
821	215	0
822	218	0
823	177	0
824	230	0
825	196	0
826	212	0
827	187	0
828	177	0
829	208	0
830	203	0
831	201	0
832	194	0
833	200	0
834	174	0
835	194	0
836	194	0
837	186	0
838	188	0
839	210	0
840	186	0
841	167	0
842	174	0
843	192	0
844	207	0
845	187	0
846	189	0
847	196	0
848	204	0
849	188	0
850	206	0
851	197	0
852	202	0
853	179	0
854	193	0
855	212	0
856	182	0
857	211	0
858	190	0
859	199	0
860	175	0
861	204	0
862	190	0
863	196	0
864	200	0
865	200	0
866	175	0
867	183	0
868	185	0
869	187	0
870	198	0
871	195	0
872	209	0
873	175	0
874	234	0
875	199	0
876	203	0
877	195	0
878	203	0
879	224	0
880	209	0
881	212	0
882	207	0
883	209	0
884	197	0
885	171	0
886	184	0
887	184	0
888	198	0
889	213	0
890	192	0
891	205	0
892	206	0
893	194	0
894	209	0
895	190	0
896	185	0
897	191	0
898	206	0
899	197	0
900	193	0
901	170	0
902	177	0
903	200	0
904	184	0
905	197	0
906	201	0
907	208	0
908	198	0
909	213	0
910	204	0
911	206	0
912	207	0
913	188	0
914	219	0
915	194	0
916	187	0
917	173	0
918	188	0
919	186	0
920	189	0
921	197	0
922	203	0
923	207	0
924	217	0
925	225	0
926	205	0
927	200	0
928	226	0
929	187	0
930	196	0
931	190	0
932	183	0
933	186	0
934	188	0
935	192	0
936	215	0
937	194	0
938	169	0
939	205	0
940	173	0
941	189	0
942	204	0
943	191	0
944	194	0
945	177	0
946	193	0
947	215	0
948	207	0
949	190	0
950	180	0
951	216	0
952	206	0
953	211	0
954	203	0
955	187	0
956	193	0
957	179	0
958	190	0
959	190	0
960	214	0
961	201	0
962	195	0
963	188	0
964	182	0
965	190	0
966	215	0
967	208	0
968	197	0
969	213	0
970	188	0
971	197	0
972	185	0
973	218	0
974	190	0
975	198	0
976	175	0
977	198	0
978	201	0
979	161	0
980	179	0
981	184	0
982	208	0
983	193	0
984	168	0
985	192	0
986	225	0
987	209	0
988	213	0
989	204	0
990	186	0
991	187	0
992	212	0
993	186	0
994	189	0
995	193	0
996	212	0
997	195	0
998	191	0
999	183	0
1000	186	0
1001	175	0
1002	216	0
1003	182	0
1004	189	0
1005	199	0
1006	179	0
1007	199	0
1008	220	0
1009	205	0
1010	191	0
1011	206	0
1012	184	0
1013	203	0
1014	209	0
1015	169	0
1016	213	0
1017	178	0
1018	203	0
1019	217	0
1020	169	0
1021	178	0
1022	192	0
1023	196	0
1024	179	0
1025	234	0
1026	181	0
1027	190	0
1028	183	0
1029	212	0
1030	202	0
1031	197	0
1032	199	0
1033	201	0
1034	193	0
1035	193	0
1036	218	0
1037	206	0
1038	214	0
1039	208	0
1040	195	0
1041	219	0
1042	212	0
1043	210	0
1044	201	0
1045	194	0
1046	185	0
1047	219	0
1048	195	0
1049	184	0
1050	168	0
1051	177	0
1052	190	0
1053	181	0
1054	181	0
1055	161	0
1056	169	0
1057	202	0
1058	193	0
1059	205	0
1060	197	0
1061	206	0
1062	197	0
1063	197	0
1064	191	0
1065	211	0
1066	184	0
1067	207	0
1068	161	0
1069	190	0
1070	220	0
1071	204	0
1072	197	0
1073	217	0
1074	204	0
1075	195	0
1076	211	0
1077	210	0
1078	194	0
1079	194	0
1080	208	0
1081	215	0
1082	195	0
1083	198	0
1084	193	0
1085	191	0
1086	178	0
1087	203	0
1088	210	0
1089	199	0
1090	204	0
1091	208	0
1092	185	0
1093	202	0
1094	221	0
1095	214	0
1096	200	0
1097	197	0
1098	204	0
1099	197	0
1100	203	0
1101	197	0
1102	191	0
1103	174	0
1104	204	0
1105	206	0
1106	207	0
1107	180	0
1108	217	0
1109	188	0
1110	207	0
1111	191	0
1112	196	0
1113	210	0
1114	198	0
1115	161	0
1116	200	0
1117	165	0
1118	196	0
1119	184	0
1120	184	0
1121	183	0
1122	202	0
1123	183	0
1124	202	0
1125	169	0
1126	175	0
1127	196	0
1128	179	0
1129	180	0
1130	202	0
1131	182	0
1132	216	0
1133	189	0
1134	196	0
1135	202	0
1136	201	0
1137	187	0
1138	193	0
1139	171	0
1140	182	0
1141	177	0
1142	175	0
1143	217	0
1144	204	0
1145	176	0
1146	203	0
1147	170	0
1148	170	0
1149	201	0
1150	203	0
1151	183	0
1152	198	0
1153	216	0
1154	190	0
1155	175	0
1156	183	0
1157	175	0
1158	195	0
1159	209	0
1160	203	0
1161	214	0
1162	208	0
1163	191	0
1164	200	0
1165	174	0
1166	195	0
1167	196	0
1168	216	0
1169	203	0
1170	212	0
1171	220	0
1172	203	0
1173	200	0
1174	164	0
1175	205	0
1176	195	0
1177	205	0
1178	211	0
1179	207	0
1180	198	0
1181	195	0
1182	199	0
1183	173	0
1184	206	0
1185	211	0
1186	190	0
1187	198	0
1188	220	0
1189	204	0
1190	204	0
1191	196	0
1192	180	0
1193	214	0
1194	193	0
1195	169	0
1196	222	0
1197	184	0
1198	185	0
1199	198	0
1200	199	0
1201	208	0
1202	207	0
1203	195	0
1204	231	0
1205	197	0
1206	179	0
1207	222	0
1208	176	0
1209	200	0
1210	185	0
1211	230	0
1212	210	0
1213	195	0
1214	201	0
1215	189	0
1216	179	0
1217	194	0
1218	206	0
1219	193	0
1220	184	0
1221	221	0
1222	197	0
1223	196	0
1224	223	0
1225	207	0
1226	191	0
1227	219	0
1228	229	0
1229	206	0
1230	199	0
1231	199	0
1232	182	0
1233	205	0
1234	204	0
1235	210	0
1236	187	0
1237	173	0
1238	191	0
1239	181	0
1240	181	0
1241	179	0
1242	177	0
1243	206	0
1244	196	0
1245	185	0
1246	184	0
1247	187	0
1248	177	0
1249	187	0
1250	199	0
1251	206	0
1252	195	0
1253	195	0
1254	205	0
1255	180	0
1256	203	0
1257	186	0
1258	223	0
1259	211	0
1260	196	0
1261	193	0
1262	184	0
1263	164	0
1264	183	0
1265	181	0
1266	214	0
1267	209	0
1268	175	0
1269	190	0
1270	180	0
1271	185	0
1272	206	0
1273	212	0
1274	184	0
1275	198	0
1276	201	0
1277	208	0
1278	214	0
1279	217	0
1280	199	0
1281	179	0
1282	183	0
1283	214	0
1284	203	0
1285	227	0
1286	185	0
1287	198	0
1288	201	0
1289	214	0
1290	195	0
1291	194	0
1292	186	0
1293	172	0
1294	172	0
1295	226	0
1296	180	0
1297	214	0
1298	189	0
1299	186	0
1300	197	0
1301	198	0
1302	217	0
1303	192	0
1304	202	0
1305	193	0
1306	181	0
1307	193	0
1308	192	0
1309	202	0
1310	193	0
1311	205	0
1312	195	0
1313	212	0
1314	209	0
1315	187	0
1316	217	0
1317	193	0
1318	197	0
1319	178	0
1320	183	0
1321	177	0
1322	194	0
1323	215	0
1324	192	0
1325	203	0
1326	185	0
1327	166	0
1328	175	0
1329	185	0
1330	191	0
1331	221	0
1332	203	0
1333	194	0
1334	212	0
1335	196	0
1336	204	0
1337	195	0
1338	192	0
1339	181	0
1340	173	0
1341	187	0
1342	198	0
1343	202	0
1344	182	0
1345	193	0
1346	192	0
1347	191	0
1348	193	0
1349	189	0
1350	204	0
1351	218	0
1352	207	0
1353	216	0
1354	182	0
1355	168	0
1356	181	0
1357	216	0
1358	220	0
1359	188	0
1360	191	0
1361	172	0
1362	210	0
1363	171	0
1364	195	0
1365	206	0
1366	186	0
1367	180	0
1368	181	0
1369	210	0
1370	206	0
1371	185	0
1372	200	0
1373	152	0
1374	161	0
1375	205	0
1376	209	0
1377	199	0
1378	204	0
1379	204	0
1380	214	0
1381	187	0
1382	171	0
1383	184	0
1384	210	0
1385	205	0
1386	194	0
1387	189	0
1388	183	0
1389	211	0
1390	187	0
1391	199	0
1392	184	0
1393	193	0
1394	201	0
1395	183	0
1396	215	0
1397	169	0
1398	194	0
1399	202	0
1400	193	0
1401	207	0
1402	197	0
1403	203	0
1404	205	0
1405	162	0
1406	213	0
1407	188	0
1408	187	0
1409	189	0
1410	201	0
1411	198	0
1412	171	0
1413	198	0
1414	186	0
1415	226	0
1416	214	0
1417	210	0
1418	199	0
1419	208	0
1420	196	0
1421	207	0
1422	230	0
1423	202	0
1424	168	0
1425	180	0
1426	188	0
1427	184	0
1428	189	0
1429	186	0
1430	187	0
1431	206	0
1432	186	0
1433	178	0
1434	214	0
1435	182	0
1436	197	0
1437	165	0
1438	178	0
1439	182	0
1440	211	0
1441	208	0
1442	216	0
1443	190	0
1444	205	0
1445	190	0
1446	206	0
1447	179	0
1448	202	0
1449	180	0
1450	195	0
1451	215	0
1452	208	0
1453	178	0
1454	222	0
1455	216	0
1456	184	0
1457	213	0
1458	217	0
1459	204	0
1460	193	0
1461	213	0
1462	208	0
1463	202	0
1464	207	0
1465	190	0
1466	203	0
1467	183	0
1468	203	0
1469	215	0
1470	212	0
1471	208	0
1472	204	0
1473	205	0
1474	204	0
1475	239	0
1476	217	0
1477	203	0
1478	212	0
1479	207	0
1480	197	0
1481	186	0
1482	233	0
1483	210	0
1484	195	0
1485	179	0
1486	212	0
1487	214	0
1488	208	0
1489	173	0
1490	185	0
1491	191	0
1492	195	0
1493	193	0
1494	204	0
1495	211	0
1496	217	0
1497	209	0
1498	185	0
1499	191	0
1500	193	0
1501	201	0
1502	189	0
1503	207	0
1504	175	0
1505	194	0
1506	201	0
1507	196	0
1508	206	0
1509	210	0
1510	186	0
1511	162	0
1512	200	0
1513	195	0
1514	203	0
1515	207	0
1516	216	0
1517	166	0
1518	199	0
1519	196	0
1520	185	0
1521	214	0
1522	184	0
1523	172	0
1524	194	0
1525	207	0
1526	185	0
1527	201	0
1528	184	0
1529	202	0
1530	176	0
1531	208	0
1532	190	0
1533	218	0
1534	198	0
1535	172	0
1536	196	0
1537	238	0
1538	165	0
1539	189	0
1540	199	0
1541	200	0
1542	204	0
1543	187	0
1544	183	0
1545	209	0
1546	202	0
1547	197	0
1548	189	0
1549	166	0
1550	192	0
1551	198	0
1552	188	0
1553	181	0
1554	226	0
1555	206	0
1556	205	0
1557	226	0
1558	214	0
1559	187	0
1560	166	0
1561	218	0
1562	209	0
1563	216	0
1564	207	0
1565	190	0
1566	189	0
1567	199	0
1568	179	0
1569	201	0
1570	209	0
1571	184	0
1572	194	0
1573	190	0
1574	177	0
1575	175	0
1576	196	0
1577	194	0
1578	204	0
1579	185	0
1580	204	0
1581	210	0
1582	187	0
1583	193	0
1584	189	0
1585	215	0
1586	220	0
1587	207	0
1588	194	0
1589	218	0
1590	205	0
1591	191	0
1592	191	0
1593	178	0
1594	196	0
1595	197	0
1596	202	0
1597	203	0
1598	182	0
1599	181	0
1600	193	0
1601	202	0
1602	205	0
1603	194	0
1604	197	0
1605	184	0
1606	181	0
1607	208	0
1608	187	0
1609	205	0
1610	213	0
1611	196	0
1612	186	0
1613	186	0
1614	186	0
1615	202	0
1616	178	0
1617	183	0
1618	179	0
1619	190	0
1620	207	0
1621	199	0
1622	201	0
1623	204	0
1624	188	0
1625	179	0
1626	190	0
1627	187	0
1628	225	0
1629	170	0
1630	195	0
1631	195	0
1632	198	0
1633	195	0
1634	207	0
1635	191	0
1636	210	0
1637	175	0
1638	192	0
1639	193	0
1640	193	0
1641	199	0
1642	208	0
1643	206	0
1644	208	0
1645	198	0
1646	209	0
1647	177	0
1648	203	0
1649	217	0
1650	202	0
1651	216	0
1652	186	0
1653	206	0
1654	183	0
1655	199	0
1656	186	0
1657	196	0
1658	191	0
1659	185	0
1660	183	0
1661	186	0
1662	201	0
1663	186	0
1664	197	0
1665	204	0
1666	191	0
1667	204	0
1668	202	0
1669	184	0
1670	193	0
1671	200	0
1672	182	0
1673	178	0
1674	170	0
1675	191	0
1676	180	0
1677	169	0
1678	206	0
1679	225	0
1680	189	0
1681	197	0
1682	175	0
1683	193	0
1684	193	0
1685	214	0
1686	198	0
1687	213	0
1688	208	0
1689	194	0
1690	190	0
1691	201	0
1692	217	0
1693	173	0
1694	209	0
1695	203	0
1696	194	0
1697	190	0
1698	176	0
1699	195	0
1700	194	0
1701	201	0
1702	192	0
1703	203	0
1704	183	0
1705	216	0
1706	192	0
1707	204	0
1708	177	0
1709	212	0
1710	211	0
1711	207	0
1712	208	0
1713	176	0
1714	223	0
1715	219	0
1716	216	0
1717	190	0
1718	214	0
1719	201	0
1720	200	0
1721	169	0
1722	212	0
1723	208	0
1724	199	0
1725	181	0
1726	200	0
1727	182	0
1728	207	0
1729	184	0
1730	188	0
1731	174	0
1732	185	0
1733	200	0
1734	217	0
1735	197	0
1736	212	0
1737	208	0
1738	183	0
1739	203	0
1740	197	0
1741	198	0
1742	170	0
1743	211	0
1744	164	0
1745	166	0
1746	218	0
1747	217	0
1748	222	0
1749	196	0
1750	177	0
1751	211	0
1752	185	0
1753	208	0
1754	197	0
1755	193	0
1756	182	0
1757	201	0
1758	183	0
1759	174	0
1760	193	0
1761	207	0
1762	178	0
1763	201	0
1764	181	0
1765	218	0
1766	204	0
1767	211	0
1768	214	0
1769	189	0
1770	177	0
1771	215	0
1772	205	0
1773	200	0
1774	177	0
1775	197	0
1776	224	0
1777	171	0
1778	189	0
1779	206	0
1780	214	0
1781	191	0
1782	218	0
1783	201	0
1784	197	0
1785	178	0
1786	186	0
1787	209	0
1788	175	0
1789	182	0
1790	217	0
1791	189	0
1792	182	0
1793	193	0
1794	202	0
1795	202	0
1796	184	0
1797	185	0
1798	181	0
1799	201	0
1800	198	0
1801	203	0
1802	189	0
1803	198	0
1804	178	0
1805	177	0
1806	167	0
1807	201	0
1808	188	0
1809	206	0
1810	198	0
1811	184	0
1812	204	0
1813	192	0
1814	199	0
1815	206	0
1816	204	0
1817	185	0
1818	176	0
1819	181	0
1820	222	0
1821	177	0
1822	212	0
1823	166	0
1824	204	0
1825	193	0
1826	202	0
1827	208	0
1828	179	0
1829	170	0
1830	209	0
1831	210	0
1832	214	0
1833	187	0
1834	194	0
1835	207	0
1836	183	0
1837	206	0
1838	174	0
1839	205	0
1840	212	0
1841	192	0
1842	185	0
1843	190	0
1844	201	0
1845	206	0
1846	194	0
1847	173	0
1848	219	0
1849	192	0
1850	198	0
1851	201	0
1852	213	0
1853	210	0
1854	204	0
1855	192	0
1856	178	0
1857	191	0
1858	199	0
1859	186	0
1860	197	0
1861	171	0
1862	183	0
1863	189	0
1864	191	0
1865	194	0
1866	197	0
1867	206	0
1868	212	0
1869	201	0
1870	226	0
1871	195	0
1872	183	0
1873	199	0
1874	182	0
1875	206	0
1876	202	0
1877	195	0
1878	201	0
1879	213	0
1880	214	0
1881	198	0
1882	162	0
1883	201	0
1884	197	0
1885	197	0
1886	212	0
1887	193	0
1888	213	0
1889	209	0
1890	173	0
1891	209	0
1892	190	0
1893	198	0
1894	194	0
1895	216	0
1896	189	0
1897	174	0
1898	202	0
1899	186	0
1900	195	0
1901	198	0
1902	187	0
1903	221	0
1904	211	0
1905	217	0
1906	209	0
1907	192	0
1908	205	0
1909	198	0
1910	202	0
1911	202	0
1912	175	0
1913	195	0
1914	198	0
1915	192	0
1916	178	0
1917	209	0
1918	208	0
1919	198	0
1920	188	0
1921	199	0
1922	213	0
1923	191	0
1924	209	0
1925	191	0
1926	197	0
1927	207	0
1928	188	0
1929	176	0
1930	208	0
1931	178	0
1932	213	0
1933	206	0
1934	181	0
1935	208	0
1936	199	0
1937	212	0
1938	219	0
1939	188	0
1940	182	0
1941	191	0
1942	208	0
1943	207	0
1944	198	0
1945	176	0
1946	175	0
1947	181	0
1948	212	0
1949	202	0
1950	184	0
1951	186	0
1952	208	0
1953	210	0
1954	193	0
1955	202	0
1956	198	0
1957	188	0
1958	206	0
1959	192	0
1960	195	0
1961	216	0
1962	176	0
1963	169	0
1964	185	0
1965	196	0
1966	199	0
1967	218	0
1968	217	0
1969	192	0
1970	175	0
1971	210	0
1972	193	0
1973	189	0
1974	178	0
1975	192	0
1976	214	0
1977	217	0
1978	195	0
1979	196	0
1980	195	0
1981	221	0
1982	203	0
1983	219	0
1984	213	0
1985	181	0
1986	220	0
1987	202	0
1988	185	0
1989	170	0
1990	208	0
1991	177	0
1992	212	0
1993	188	0
1994	185	0
1995	205	0
1996	220	0
1997	214	0
1998	193	0
1999	217	0
2000	177	0
2001	189	0
2002	190	0
2003	191	0
2004	195	0
2005	199	0
2006	203	0
2007	216	0
2008	191	0
2009	232	0
2010	183	0
2011	195	0
2012	202	0
2013	226	0
2014	227	0
2015	180	0
2016	215	0
2017	204	0
2018	214	0
2019	157	0
2020	198	0
2021	193	0
2022	189	0
2023	196	0
2024	187	0
2025	184	0
2026	221	0
2027	208	0
2028	199	0
2029	205	0
2030	180	0
2031	217	0
2032	229	0
2033	181	0
2034	149	0
2035	194	0
2036	173	0
2037	167	0
2038	192	0
2039	189	0
2040	195	0
2041	204	0
2042	211	0
2043	197	0
2044	210	0
2045	176	0
2046	210	0
2047	197	0
2048	183	0
2049	194	0
2050	194	0
2051	177	0
2052	183	0
2053	172	0
2054	182	0
2055	181	0
2056	190	0
2057	177	0
2058	201	0
2059	200	0
2060	175	0
2061	187	0
2062	178	0
2063	194	0
2064	201	0
2065	186	0
2066	211	0
2067	193	0
2068	226	0
2069	173	0
2070	204	0
2071	178	0
2072	187	0
2073	186	0
2074	208	0
2075	220	0
2076	201	0
2077	196	0
2078	192	0
2079	183	0
2080	190	0
2081	176	0
2082	200	0
2083	195	0
2084	220	0
2085	181	0
2086	208	0
2087	197	0
2088	187	0
2089	188	0
2090	200	0
2091	202	0
2092	193	0
2093	198	0
2094	200	0
2095	170	0
2096	178	0
2097	206	0
2098	193	0
2099	167	0
2100	212	0
2101	199	0
2102	200	0
2103	201	0
2104	191	0
2105	199	0
2106	217	0
2107	203	0
2108	168	0
2109	219	0
2110	187	0
2111	187	0
2112	193	0
2113	219	0
2114	199	0
2115	206	0
2116	183	0
2117	212	0
2118	196	0
2119	208	0
2120	192	0
2121	199	0
2122	198	0
2123	198	0
2124	197	0
2125	210	0
2126	180	0
2127	195	0
2128	217	0
2129	195	0
2130	203	0
2131	195	0
2132	202	0
2133	210	0
2134	207	0
2135	221	0
2136	207	0
2137	216	0
2138	193	0
2139	189	0
2140	206	0
2141	178	0
2142	185	0
2143	178	0
2144	201	0
2145	187	0
2146	185	0
2147	200	0
2148	193	0
2149	178	0
2150	187	0
2151	181	0
2152	203	0
2153	213	0
2154	215	0
2155	200	0
2156	214	0
2157	185	0
2158	206	0
2159	190	0
2160	178	0
2161	199	0
2162	189	0
2163	196	0
2164	194	0
2165	175	0
2166	227	0
2167	195	0
2168	199	0
2169	188	0
2170	176	0
2171	184	0
2172	178	0
2173	176	0
2174	201	0
2175	215	0
2176	210	0
2177	194	0
2178	185	0
2179	202	0
2180	202	0
2181	184	0
2182	222	0
2183	205	0
2184	216	0
2185	172	0
2186	206	0
2187	207	0
2188	179	0
2189	201	0
2190	186	0
2191	180	0
2192	197	0
2193	199	0
2194	176	0
2195	202	0
2196	189	0
2197	211	0
2198	205	0
2199	186	0
2200	195	0
2201	156	0
2202	191	0
2203	201	0
2204	210	0
2205	222	0
2206	190	0
2207	213	0
2208	182	0
2209	203	0
2210	202	0
2211	211	0
2212	200	0
2213	194	0
2214	193	0
2215	195	0
2216	230	0
2217	207	0
2218	216	0
2219	207	0
2220	189	0
2221	192	0
2222	194	0
2223	207	0
2224	207	0
2225	205	0
2226	183	0
2227	183	0
2228	189	0
2229	163	0
2230	213	0
2231	197	0
2232	223	0
2233	198	0
2234	194	0
2235	195	0
2236	205	0
2237	195	0
2238	194	0
2239	214	0
2240	179	0
2241	183	0
2242	184	0
2243	188	0
2244	190	0
2245	196	0
2246	179	0
2247	218	0
2248	201	0
2249	226	0
2250	179	0
2251	213	0
2252	182	0
2253	187	0
2254	172	0
2255	189	0
2256	195	0
2257	224	0
2258	209	0
2259	195	0
2260	221	0
2261	195	0
2262	199	0
2263	191	0
2264	182	0
2265	204	0
2266	197	0
2267	171	0
2268	192	0
2269	209	0
2270	169	0
2271	198	0
2272	201	0
2273	184	0
2274	205	0
2275	208	0
2276	191	0
2277	205	0
2278	163	0
2279	176	0
2280	184	0
2281	213	0
2282	217	0
2283	195	0
2284	187	0
2285	198	0
2286	193	0
2287	189	0
2288	190	0
2289	193	0
2290	206	0
2291	213	0
2292	213	0
2293	153	0
2294	205	0
2295	190	0
2296	203	0
2297	211	0
2298	190	0
2299	204	0
2300	225	0
2301	206	0
2302	197	0
2303	204	0
2304	229	0
2305	174	0
2306	186	0
2307	205	0
2308	181	0
2309	212	0
2310	190	0
2311	189	0
2312	177	0
2313	189	0
2314	222	0
2315	213	0
2316	195	0
2317	182	0
2318	214	0
2319	199	0
2320	200	0
2321	179	0
2322	213	0
2323	196	0
2324	212	0
2325	189	0
2326	179	0
2327	212	0
2328	201	0
2329	213	0
2330	192	0
2331	186	0
2332	186	0
2333	215	0
2334	195	0
2335	193	0
2336	205	0
2337	211	0
2338	199	0
2339	211	0
2340	201	0
2341	213	0
2342	202	0
2343	201	0
2344	208	0
2345	220	0
2346	209	0
2347	187	0
2348	211	0
2349	195	0
2350	184	0
2351	188	0
2352	228	0
2353	194	0
2354	228	0
2355	189	0
2356	183	0
2357	189	0
2358	195	0
2359	191	0
2360	202	0
2361	178	0
2362	184	0
2363	203	0
2364	210	0
2365	204	0
2366	189	0
2367	216	0
2368	213	0
2369	196	0
2370	202	0
2371	183	0
2372	226	0
2373	207	0
2374	201	0
2375	201	0
2376	230	0
2377	176	0
2378	201	0
2379	185	0
2380	203	0
2381	187	0
2382	230	0
2383	202	0
2384	216	0
2385	200	0
2386	211	0
2387	193	0
2388	200	0
2389	176	0
2390	218	0
2391	190	0
2392	172	0
2393	198	0
2394	201	0
2395	208	0
2396	219	0
2397	187	0
2398	195	0
2399	184	0
2400	197	0
2401	194	0
2402	197	0
2403	209	0
2404	188	0
2405	215	0
2406	213	0
2407	204	0
2408	209	0
2409	188	0
2410	206	0
2411	188	0
2412	165	0
2413	207	0
2414	158	0
2415	192	0
2416	189	0
2417	198	0
2418	185	0
2419	207	0
2420	211	0
2421	204	0
2422	188	0
2423	207	0
2424	183	0
2425	185	0
2426	199	0
2427	162	0
2428	211	0
2429	211	0
2430	188	0
2431	200	0
2432	187	0
2433	182	0
2434	199	0
2435	214	0
2436	201	0
2437	184	0
2438	221	0
2439	199	0
2440	209	0
2441	211	0
2442	190	0
2443	212	0
2444	192	0
2445	195	0
2446	199	0
2447	211	0
2448	195	0
2449	198	0
2450	225	0
2451	220	0
2452	183	0
2453	204	0
2454	199	0
2455	205	0
2456	212	0
2457	208	0
2458	176	0
2459	202	0
2460	199	0
2461	183	0
2462	203	0
2463	198	0
2464	209	0
2465	201	0
2466	193	0
2467	192	0
2468	208	0
2469	203	0
2470	190	0
2471	204	0
2472	185	0
2473	195	0
2474	209	0
2475	193	0
2476	169	0
2477	217	0
2478	198	0
2479	188	0
2480	178	0
2481	219	0
2482	204	0
2483	199	0
2484	216	0
2485	201	0
2486	187	0
2487	188	0
2488	180	0
2489	207	0
2490	186	0
2491	187	0
2492	194	0
2493	178	0
2494	198	0
2495	214	0
2496	205	0
2497	205	0
2498	190	0
2499	158	0
2500	200	0
2501	188	0
2502	208	0
2503	173	0
2504	194	0
2505	205	0
2506	189	0
2507	212	0
2508	203	0
2509	195	0
2510	206	0
2511	185	0
2512	194	0
2513	181	0
2514	230	0
2515	216	0
2516	183	0
2517	227	0
2518	189	0
2519	178	0
2520	184	0
2521	189	0
2522	220	0
2523	211	0
2524	200	0
2525	201	0
2526	225	0
2527	186	0
2528	207	0
2529	205	0
2530	213	0
2531	164	0
2532	183	0
2533	202	0
2534	187	0
2535	197	0
2536	207	0
2537	211	0
2538	185	0
2539	203	0
2540	191	0
2541	169	0
2542	197	0
2543	178	0
2544	171	0
2545	197	0
2546	213	0
2547	194	0
2548	182	0
2549	188	0
2550	181	0
2551	190	0
2552	199	0
2553	182	0
2554	210	0
2555	210	0
2556	191	0
2557	216	0
2558	183	0
2559	197	0
2560	206	0
2561	208	0
2562	189	0
2563	173	0
2564	186	0
2565	186	0
2566	205	0
2567	179	0
2568	183	0
2569	180	0
2570	205	0
2571	204	0
2572	168	0
2573	217	0
2574	186	0
2575	177	0
2576	192	0
2577	209	0
2578	179	0
2579	190	0
2580	181	0
2581	211	0
2582	218	0
2583	196	0
2584	185	0
2585	209	0
2586	182	0
2587	228	0
2588	209	0
2589	212	0
2590	209	0
2591	189	0
2592	227	0
2593	189	0
2594	185	0
2595	199	0
2596	170	0
2597	218	0
2598	202	0
2599	189	0
2600	205	0
2601	193	0
2602	203	0
2603	185	0
2604	212	0
2605	181	0
2606	207	0
2607	175	0
2608	224	0
2609	190	0
2610	188	0
2611	205	0
2612	191	0
2613	202	0
2614	186	0
2615	191	0
2616	175	0
2617	210	0
2618	229	0
2619	189	0
2620	179	0
2621	210	0
2622	180	0
2623	204	0
2624	168	0
2625	203	0
2626	199	0
2627	193	0
2628	171	0
2629	204	0
2630	191	0
2631	214	0
2632	211	0
2633	173	0
2634	228	0
2635	162	0
2636	208	0
2637	211	0
2638	201	0
2639	219	0
2640	178	0
2641	169	0
2642	207	0
2643	193	0
2644	192	0
2645	233	0
2646	199	0
2647	197	0
2648	207	0
2649	176	0
2650	191	0
2651	185	0
2652	216	0
2653	174	0
2654	190	0
2655	202	0
2656	201	0
2657	211	0
2658	216	0
2659	206	0
2660	196	0
2661	189	0
2662	225	0
2663	177	0
2664	185	0
2665	199	0
2666	157	0
2667	192	0
2668	207	0
2669	218	0
2670	187	0
2671	199	0
2672	195	0
2673	233	0
2674	202	0
2675	189	0
2676	187	0
2677	193	0
2678	192	0
2679	190	0
2680	210	0
2681	197	0
2682	173	0
2683	208	0
2684	206	0
2685	244	0
2686	183	0
2687	183	0
2688	218	0
2689	221	0
2690	195	0
2691	182	0
2692	209	0
2693	203	0
2694	204	0
2695	179	0
2696	212	0
2697	190	0
2698	194	0
2699	207	0
2700	176	0
2701	228	0
2702	209	0
2703	181	0
2704	191	0
2705	216	0
2706	217	0
2707	189	0
2708	202	0
2709	200	0
2710	180	0
2711	205	0
2712	202	0
2713	185	0
2714	200	0
2715	205	0
2716	188	0
2717	226	0
2718	185	0
2719	195	0
2720	172	0
2721	168	0
2722	188	0
2723	183	0
2724	199	0
2725	195	0
2726	220	0
2727	222	0
2728	203	0
2729	210	0
2730	206	0
2731	207	0
2732	200	0
2733	157	0
2734	208	0
2735	194	0
2736	188	0
2737	209	0
2738	181	0
2739	199	0
2740	203	0
2741	204	0
2742	177	0
2743	197	0
2744	189	0
2745	178	0
2746	191	0
2747	202	0
2748	195	0
2749	183	0
2750	193	0
2751	208	0
2752	225	0
2753	186	0
2754	192	0
2755	212	0
2756	198	0
2757	182	0
2758	193	0
2759	189	0
2760	172	0
2761	188	0
2762	204	0
2763	199	0
2764	192	0
2765	189	0
2766	192	0
2767	196	0
2768	176	0
2769	169	0
2770	204	0
2771	199	0
2772	174	0
2773	198	0
2774	208	0
2775	208	0
2776	205	0
2777	220	0
2778	200	0
2779	189	0
2780	193	0
2781	201	0
2782	196	0
2783	193	0
2784	177	0
2785	214	0
2786	197	0
2787	185	0
2788	206	0
2789	210	0
2790	184	0
2791	170	0
2792	188	0
2793	189	0
2794	186	0
2795	189	0
2796	212	0
2797	192	0
2798	219	0
2799	201	0
2800	202	0
2801	180	0
2802	202	0
2803	212	0
2804	210	0
2805	206	0
2806	160	0
2807	194	0
2808	196	0
2809	200	0
2810	169	0
2811	199	0
2812	219	0
2813	185	0
2814	195	0
2815	215	0
2816	181	0
2817	205	0
2818	215	0
2819	185	0
2820	192	0
2821	207	0
2822	183	0
2823	181	0
2824	201	0
2825	200	0
2826	201	0
2827	202	0
2828	239	0
2829	229	0
2830	188	0
2831	200	0
2832	225	0
2833	212	0
2834	216	0
2835	209	0
2836	180	0
2837	202	0
2838	194	0
2839	219	0
2840	182	0
2841	175	0
2842	209	0
2843	208	0
2844	202	0
2845	183	0
2846	172	0
2847	210	0
2848	189	0
2849	178	0
2850	180	0
2851	187	0
2852	197	0
2853	181	0
2854	208	0
2855	187	0
2856	203	0
2857	196	0
2858	189	0
2859	210	0
2860	184	0
2861	219	0
2862	186	0
2863	171	0
2864	204	0
2865	202	0
2866	204	0
2867	200	0
2868	214	0
2869	201	0
2870	201	0
2871	201	0
2872	200	0
2873	217	0
2874	189	0
2875	168	0
2876	198	0
2877	187	0
2878	216	0
2879	186	0
2880	213	0
2881	190	0
2882	181	0
2883	208	0
2884	212	0
2885	221	0
2886	205	0
2887	209	0
2888	194	0
2889	211	0
2890	216	0
2891	187	0
2892	190	0
2893	210	0
2894	197	0
2895	202	0
2896	192	0
2897	210	0
2898	198	0
2899	187	0
2900	199	0
2901	196	0
2902	196	0
2903	174	0
2904	201	0
2905	209	0
2906	189	0
2907	215	0
2908	206	0
2909	196	0
2910	193	0
2911	235	0
2912	212	0
2913	196	0
2914	188	0
2915	207	0
2916	207	0
2917	203	0
2918	172	0
2919	190	0
2920	202	0
2921	197	0
2922	192	0
2923	176	0
2924	176	0
2925	219	0
2926	187	0
2927	188	0
2928	195	0
2929	209	0
2930	193	0
2931	218	0
2932	212	0
2933	205	0
2934	206	0
2935	185	0
2936	187	0
2937	215	0
2938	182	0
2939	194	0
2940	203	0
2941	196	0
2942	196	0
2943	187	0
2944	199	0
2945	174	0
2946	202	0
2947	193	0
2948	191	0
2949	187	0
2950	208	0
2951	200	0
2952	199	0
2953	205	0
2954	186	0
2955	203	0
2956	188	0
2957	189	0
2958	186	0
2959	194	0
2960	202	0
2961	217	0
2962	181	0
2963	215	0
2964	188	0
2965	221	0
2966	172	0
2967	217	0
2968	207	0
2969	192	0
2970	178	0
2971	229	0
2972	186	0
2973	185	0
2974	193	0
2975	206	0
2976	195	0
2977	210	0
2978	193	0
2979	170	0
2980	199	0
2981	193	0
2982	187	0
2983	199	0
2984	186	0
2985	181	0
2986	202	0
2987	213	0
2988	216	0
2989	185	0
2990	174	0
2991	206	0
2992	213	0
2993	199	0
2994	186	0
2995	182	0
2996	227	0
2997	206	0
2998	199	0
2999	172	0
3000	194	0
