1	229	0
2	204	0
3	206	0
4	188	0
5	200	0
6	201	0
7	177	0
8	207	0
9	202	0
10	218	0
11	195	0
12	205	0
13	205	0
14	218	0
15	202	0
16	210	0
17	170	0
18	219	0
19	195	0
20	218	0
21	198	0
22	195	0
23	166	0
24	205	0
25	197	0
26	202	0
27	211	0
28	200	0
29	190	0
30	182	0
31	196	0
32	212	0
33	186	0
34	173	0
35	191	0
36	201	0
37	202	0
38	198	0
39	195	0
40	162	0
41	202	0
42	227	0
43	193	0
44	205	0
45	185	0
46	187	0
47	196	0
48	184	0
49	191	0
50	212	0
51	188	0
52	219	0
53	195	0
54	174	0
55	214	0
56	199	0
57	205	0
58	175	0
59	190	0
60	195	0
61	186	0
62	201	0
63	178	0
64	188	0
65	204	0
66	175	0
67	189	0
68	213	0
69	232	0
70	171	0
71	190	0
72	213	0
73	205	0
74	177	0
75	205	0
76	189	0
77	201	0
78	199	0
79	185	0
80	205	0
81	195	0
82	194	0
83	196	0
84	201	0
85	207	0
86	193	0
87	183	0
88	175	0
89	186	0
90	179	0
91	185	0
92	228	0
93	197	0
94	196	0
95	167	0
96	203	0
97	193	0
98	212	0
99	214	0
100	231	0
101	190	0
102	186	0
103	228	0
104	205	0
105	204	0
106	202	0
107	198	0
108	226	0
109	205	0
110	182	0
111	215	0
112	195	0
113	200	0
114	201	0
115	224	0
116	219	0
117	227	0
118	185	0
119	195	0
120	199	0
121	193	0
122	185	0
123	179	0
124	206	0
125	214	0
126	222	0
127	198	0
128	203	0
129	198	0
130	206	0
131	211	0
132	187	0
133	195	0
134	219	0
135	203	0
136	198	0
137	186	0
138	227	0
139	192	0
140	177	0
141	198	0
142	189	0
143	190	0
144	171	0
145	217	0
146	182	0
147	219	0
148	197	0
149	208	0
150	192	0
151	180	0
152	179	0
153	200	0
154	208	0
155	205	0
156	200	0
157	214	0
158	205	0
159	194	0
160	201	0
161	200	0
162	183	0
163	204	0
164	191	0
165	187	0
166	210	0
167	200	0
168	221	0
169	208	0
170	205	0
171	197	0
172	180	0
173	217	0
174	203	0
175	204	0
176	199	0
177	196	0
178	197	0
179	186	0
180	195	0
181	199	0
182	206	0
183	229	0
184	202	0
185	177	0
186	206	0
187	179	0
188	208	0
189	190	0
190	185	0
191	203	0
192	174	0
193	190	0
194	177	0
195	187	0
196	206	0
197	184	0
198	179	0
199	191	0
200	194	0
201	196	0
202	227	0
203	208	0
204	197	0
205	223	0
206	206	0
207	204	0
208	208	0
209	196	0
210	204	0
211	194	0
212	198	0
213	184	0
214	199	0
215	183	0
216	196	0
217	201	0
218	181	0
219	171	0
220	225	0
221	192	0
222	191	0
223	192	0
224	211	0
225	180	0
226	176	0
227	202	0
228	175	0
229	210	0
230	188	0
231	200	0
232	173	0
233	173	0
234	195	0
235	192	0
236	196	0
237	203	0
238	200	0
239	216	0
240	190	0
241	188	0
242	219	0
243	200	0
244	195	0
245	189	0
246	205	0
247	192	0
248	221	0
249	197	0
250	193	0
251	185	0
252	219	0
253	178	0
254	217	0
255	205	0
256	197	0
257	187	0
258	181	0
259	209	0
260	196	0
261	222	0
262	172	0
263	215	0
264	203	0
265	182	0
266	186	0
267	199	0
268	195	0
269	189	0
270	166	0
271	194	0
272	174	0
273	185	0
274	182	0
275	208	0
276	171	0
277	192	0
278	186	0
279	208	0
280	186	0
281	220	0
282	200	0
283	200	0
284	204	0
285	189	0
286	185	0
287	197	0
288	193	0
289	192	0
290	201	0
291	182	0
292	207	0
293	228	0
294	204	0
295	233	0
296	203	0
297	193	0
298	202	0
299	172	0
300	196	0
301	176	0
302	193	0
303	208	0
304	163	0
305	191	0
306	201	0
307	193	0
308	171	0
309	191	0
310	211	0
311	207	0
312	191	0
313	182	0
314	197	0
315	199	0
316	199	0
317	199	0
318	201	0
319	199	0
320	204	0
321	191	0
322	212	0
323	157	0
324	198	0
325	191	0
326	202	0
327	200	0
328	229	0
329	207	0
330	201	0
331	209	0
332	198	0
333	212	0
334	223	0
335	191	0
336	199	0
337	201	0
338	182	0
339	205	0
340	211	0
341	210	0
342	190	0
343	197	0
344	185	0
345	213	0
346	187	0
347	188	0
348	202	0
349	218	0
350	189	0
351	212	0
352	177	0
353	183	0
354	207	0
355	160	0
356	179	0
357	217	0
358	187	0
359	197	0
360	191	0
361	202	0
362	212	0
363	176	0
364	220	0
365	194	0
366	205	0
367	200	0
368	182	0
369	198	0
370	197	0
371	187	0
372	204	0
373	170	0
374	175	0
375	195	0
376	178	0
377	188	0
378	208	0
379	198	0
380	211	0
381	207	0
382	200	0
383	198	0
384	192	0
385	185	0
386	209	0
387	144	0
388	186	0
389	199	0
390	207	0
391	218	0
392	199	0
393	179	0
394	216	0
395	233	0
396	195	0
397	179	0
398	190	0
399	207	0
400	185	0
401	183	0
402	191	0
403	169	0
404	184	0
405	202	0
406	213	0
407	190	0
408	202	0
409	195	0
410	209	0
411	177	0
412	172	0
413	185	0
414	192	0
415	196	0
416	210	0
417	193	0
418	199	0
419	185	0
420	189	0
421	219	0
422	194	0
423	196	0
424	206	0
425	177	0
426	200	0
427	206	0
428	188	0
429	182	0
430	196	0
431	185	0
432	223	0
433	227	0
434	196	0
435	199	0
436	170	0
437	191	0
438	183	0
439	206	0
440	184	0
441	193	0
442	211	0
443	196	0
444	193	0
445	190	0
446	176	0
447	193	0
448	196	0
449	185	0
450	197	0
451	191	0
452	197	0
453	171	0
454	187	0
455	203	0
456	216	0
457	209	0
458	169	0
459	194	0
460	205	0
461	203	0
462	192	0
463	215	0
464	167	0
465	194	0
466	209	0
467	190	0
468	181	0
469	214	0
470	182	0
471	179	0
472	211	0
473	187	0
474	185	0
475	193	0
476	172	0
477	192	0
478	184	0
479	224	0
480	207	0
481	178	0
482	203	0
483	181	0
484	196	0
485	171	0
486	163	0
487	201	0
488	210	0
489	187	0
490	216	0
491	197	0
492	222	0
493	193	0
494	192	0
495	200	0
496	196	0
497	177	0
498	206	0
499	206	0
500	205	0
501	206	0
502	184	0
503	206	0
504	184	0
505	219	0
506	179	0
507	211	0
508	189	0
509	192	0
510	220	0
511	234	0
512	203	0
513	191	0
514	227	0
515	195	0
516	180	0
517	229	0
518	194	0
519	191	0
520	182	0
521	202	0
522	196	0
523	209	0
524	190	0
525	203	0
526	215	0
527	213	0
528	176	0
529	192	0
530	211	0
531	207	0
532	206	0
533	190	0
534	200	0
535	201	0
536	188	0
537	199	0
538	181	0
539	180	0
540	201	0
541	194	0
542	180	0
543	184	0
544	189	0
545	183	0
546	209	0
547	186	0
548	188	0
549	221	0
550	189	0
551	191	0
552	174	0
553	196	0
554	191	0
555	207	0
556	213	0
557	188	0
558	204	0
559	194	0
560	217	0
561	192	0
562	197	0
563	229	0
564	192	0
565	189	0
566	176	0
567	190	0
568	205	0
569	209	0
570	214	0
571	202	0
572	174	0
573	177	0
574	168	0
575	191	0
576	182	0
577	198	0
578	198	0
579	188	0
580	195	0
581	176	0
582	193	0
583	203	0
584	198	0
585	194	0
586	189	0
587	208	0
588	204	0
589	205	0
590	206	0
591	181	0
592	192	0
593	201	0
594	185	0
595	194	0
596	207	0
597	205	0
598	187	0
599	181	0
600	209	0
601	209	0
602	194	0
603	198	0
604	178	0
605	176	0
606	190	0
607	198	0
608	184	0
609	199	0
610	206	0
611	201	0
612	181	0
613	204	0
614	174	0
615	203	0
616	174	0
617	194	0
618	216	0
619	199	0
620	193	0
621	199	0
622	188	0
623	179	0
624	239	0
625	192	0
626	204	0
627	185	0
628	183	0
629	202	0
630	226	0
631	189	0
632	217	0
633	195	0
634	235	0
635	191	0
636	203	0
637	211	0
638	182	0
639	208	0
640	201	0
641	199	0
642	182	0
643	185	0
644	205	0
645	216	0
646	193	0
647	191	0
648	195	0
649	175	0
650	188	0
651	182	0
652	216	0
653	184	0
654	217	0
655	191	0
656	204	0
657	177	0
658	189	0
659	183	0
660	209	0
661	206	0
662	211	0
663	178	0
664	198	0
665	199	0
666	200	0
667	201	0
668	188	0
669	174	0
670	197	0
671	188	0
672	190	0
673	205	0
674	208	0
675	202	0
676	194	0
677	186	0
678	187	0
679	194	0
680	200	0
681	191	0
682	186	0
683	238	0
684	185	0
685	184	0
686	186	0
687	197	0
688	219	0
689	197	0
690	201	0
691	164	0
692	213	0
693	177	0
694	170	0
695	166	0
696	175	0
697	179	0
698	168	0
699	202	0
700	211	0
701	177	0
702	195	0
703	187	0
704	193	0
705	223	0
706	201	0
707	185	0
708	172	0
709	184	0
710	179	0
711	196	0
712	213	0
713	195	0
714	197	0
715	164	0
716	190	0
717	196	0
718	192	0
719	195	0
720	176	0
721	198	0
722	233	0
723	218	0
724	196	0
725	192	0
726	208	0
727	194	0
728	193	0
729	206	0
730	194	0
731	177	0
732	222	0
733	206	0
734	211	0
735	187	0
736	200	0
737	188	0
738	189	0
739	209	0
740	220	0
741	199	0
742	199	0
743	198	0
744	187	0
745	186	0
746	210	0
747	162	0
748	193	0
749	191	0
750	205	0
751	196	0
752	184	0
753	204	0
754	187	0
755	198	0
756	182	0
757	173	0
758	202	0
759	209	0
760	195	0
761	189	0
762	196	0
763	201	0
764	191	0
765	187	0
766	203	0
767	214	0
768	201	0
769	194	0
770	196	0
771	198	0
772	194	0
773	192	0
774	197	0
775	207	0
776	180	0
777	192	0
778	184	0
779	222	0
780	192	0
781	175	0
782	182	0
783	170	0
784	183	0
785	191	0
786	202	0
787	218	0
788	196	0
789	210	0
790	189	0
791	221	0
792	191	0
793	183	0
794	189	0
795	181	0
796	199	0
797	219	0
798	199	0
799	162	0
800	221	0
801	201	0
802	201	0
803	186	0
804	191	0
805	206	0
806	205	0
807	183	0
808	204	0
809	209	0
810	167	0
811	191	0
812	183	0
813	216	0
814	194	0
815	193	0
816	205	0
817	183	0
818	189	0
819	215	0
820	193	0
821	204	0
822	212	0
823	196	0
824	206	0
825	201	0
826	187	0
827	195	0
828	216	0
829	195	0
830	195	0
831	186	0
832	185	0
833	172	0
834	196	0
835	174	0
836	165	0
837	208	0
838	189	0
839	196	0
840	190	0
841	199	0
842	226	0
843	195	0
844	199	0
845	208	0
846	187	0
847	194	0
848	189	0
849	193	0
850	175	0
851	203	0
852	183	0
853	214	0
854	170	0
855	206	0
856	208	0
857	204	0
858	208	0
859	199	0
860	196	0
861	208	0
862	192	0
863	186	0
864	219	0
865	192	0
866	205	0
867	172	0
868	205	0
869	190	0
870	198	0
871	214	0
872	224	0
873	168	0
874	207	0
875	201	0
876	191	0
877	225	0
878	193	0
879	180	0
880	205	0
881	187	0
882	192	0
883	195	0
884	159	0
885	206	0
886	229	0
887	213	0
888	185	0
889	180	0
890	179	0
891	189	0
892	222	0
893	190	0
894	203	0
895	196	0
896	201	0
897	223	0
898	196	0
899	198	0
900	187	0
901	196	0
902	205	0
903	204	0
904	191	0
905	202	0
906	173	0
907	184	0
908	193	0
909	187	0
910	187	0
911	175	0
912	196	0
913	219	0
914	180	0
915	187	0
916	200	0
917	197	0
918	203	0
919	209	0
920	209	0
921	206	0
922	182	0
923	192	0
924	181	0
925	192	0
926	185	0
927	184	0
928	178	0
929	191	0
930	222	0
931	186	0
932	188	0
933	190	0
934	194	0
935	196	0
936	197	0
937	200	0
938	199	0
939	205	0
940	190	0
941	199	0
942	180	0
943	229	0
944	190	0
945	202	0
946	209	0
947	192	0
948	197	0
949	201	0
950	166	0
951	197	0
952	194	0
953	211	0
954	205	0
955	190	0
956	217	0
957	186	0
958	190	0
959	179	0
960	180	0
961	192	0
962	231	0
963	170	0
964	204	0
965	229	0
966	160	0
967	183	0
968	207	0
969	220	0
970	189	0
971	175	0
972	189	0
973	216	0
974	210	0
975	190	0
976	204	0
977	221	0
978	183	0
979	202	0
980	195	0
981	222	0
982	186	0
983	184	0
984	194	0
985	187	0
986	195	0
987	184	0
988	223	0
989	179	0
990	204	0
991	199	0
992	181	0
993	207	0
994	191	0
995	194	0
996	188	0
997	186	0
998	190	0
999	191	0
1000	200	0
1001	208	0
1002	182	0
1003	191	0
1004	205	0
1005	182	0
1006	215	0
1007	171	0
1008	194	0
1009	205	0
1010	199	0
1011	178	0
1012	219	0
1013	204	0
1014	200	0
1015	190	0
1016	212	0
1017	221	0
1018	176	0
1019	199	0
1020	194	0
1021	192	0
1022	196	0
1023	174	0
1024	215	0
1025	199	0
1026	167	0
1027	197	0
1028	194	0
1029	213	0
1030	193	0
1031	196	0
1032	202	0
1033	214	0
1034	185	0
1035	194	0
1036	193	0
1037	198	0
1038	194	0
1039	200	0
1040	191	0
1041	190	0
1042	201	0
1043	184	0
1044	209	0
1045	169	0
1046	188	0
1047	209	0
1048	193	0
1049	198	0
1050	195	0
1051	200	0
1052	188	0
1053	191	0
1054	184	0
1055	197	0
1056	183	0
1057	185	0
1058	196	0
1059	206	0
1060	216	0
1061	198	0
1062	190	0
1063	180	0
1064	192	0
1065	205	0
1066	203	0
1067	198	0
1068	188	0
1069	171	0
1070	174	0
1071	175	0
1072	176	0
1073	190	0
1074	222	0
1075	209	0
1076	187	0
1077	194	0
1078	202	0
1079	202	0
1080	168	0
1081	185	0
1082	232	0
1083	212	0
1084	182	0
1085	199	0
1086	214	0
1087	181	0
1088	219	0
1089	183	0
1090	182	0
1091	210	0
1092	185	0
1093	190	0
1094	186	0
1095	181	0
1096	195	0
1097	221	0
1098	197	0
1099	202	0
1100	184	0
1101	187	0
1102	190	0
1103	200	0
1104	202	0
1105	208	0
1106	192	0
1107	211	0
1108	183	0
1109	206	0
1110	203	0
1111	220	0
1112	163	0
1113	188	0
1114	191	0
1115	190	0
1116	215	0
1117	203	0
1118	246	0
1119	209	0
1120	206	0
1121	224	0
1122	205	0
1123	191	0
1124	188	0
1125	198	0
1126	192	0
1127	189	0
1128	188	0
1129	170	0
1130	190	0
1131	199	0
1132	185	0
1133	188	0
1134	215	0
1135	187	0
1136	200	0
1137	194	0
1138	208	0
1139	182	0
1140	199	0
1141	195	0
1142	198	0
1143	195	0
1144	203	0
1145	176	0
1146	174	0
1147	189	0
1148	208	0
1149	208	0
1150	173	0
1151	214	0
1152	196	0
1153	215	0
1154	193	0
1155	222	0
1156	189	0
1157	202	0
1158	183	0
1159	184	0
1160	183	0
1161	205	0
1162	199	0
1163	196	0
1164	193	0
1165	173	0
1166	191	0
1167	206	0
1168	181	0
1169	195	0
1170	205	0
1171	199	0
1172	197	0
1173	217	0
1174	180	0
1175	208	0
1176	187	0
1177	184	0
1178	184	0
1179	193	0
1180	205	0
1181	196	0
1182	191	0
1183	201	0
1184	174	0
1185	217	0
1186	182	0
1187	197	0
1188	191	0
1189	185	0
1190	190	0
1191	201	0
1192	201	0
1193	194	0
1194	214	0
1195	201	0
1196	201	0
1197	188	0
1198	197	0
1199	217	0
1200	195	0
1201	202	0
1202	179	0
1203	169	0
1204	195	0
1205	182	0
1206	163	0
1207	190	0
1208	182	0
1209	208	0
1210	178	0
1211	181	0
1212	222	0
1213	209	0
1214	203	0
1215	201	0
1216	199	0
1217	181	0
1218	185	0
1219	189	0
1220	198	0
1221	195	0
1222	198	0
1223	181	0
1224	186	0
1225	211	0
1226	206	0
1227	190	0
1228	183	0
1229	186	0
1230	172	0
1231	193	0
1232	216	0
1233	204	0
1234	234	0
1235	213	0
1236	197	0
1237	200	0
1238	203	0
1239	198	0
1240	186	0
1241	155	0
1242	178	0
1243	196	0
1244	211	0
1245	186	0
1246	201	0
1247	214	0
1248	210	0
1249	211	0
1250	193	0
1251	190	0
1252	179	0
1253	204	0
1254	219	0
1255	230	0
1256	207	0
1257	208	0
1258	183	0
1259	175	0
1260	208	0
1261	188	0
1262	194	0
1263	187	0
1264	207	0
1265	181	0
1266	189	0
1267	193	0
1268	190	0
1269	188	0
1270	205	0
1271	182	0
1272	192	0
1273	204	0
1274	183	0
1275	199	0
1276	174	0
1277	181	0
1278	180	0
1279	189	0
1280	211	0
1281	210	0
1282	213	0
1283	213	0
1284	176	0
1285	189	0
1286	213	0
1287	184	0
1288	185	0
1289	198	0
1290	195	0
1291	198	0
1292	190	0
1293	218	0
1294	197	0
1295	186	0
1296	177	0
1297	190	0
1298	177	0
1299	200	0
1300	182	0
1301	198	0
1302	189	0
1303	189	0
1304	204	0
1305	224	0
1306	202	0
1307	189	0
1308	208	0
1309	202	0
1310	216	0
1311	196	0
1312	211	0
1313	164	0
1314	211	0
1315	203	0
1316	187	0
1317	179	0
1318	193	0
1319	208	0
1320	197	0
1321	212	0
1322	182	0
1323	168	0
1324	177	0
1325	201	0
1326	186	0
1327	194	0
1328	207	0
1329	206	0
1330	187	0
1331	172	0
1332	177	0
1333	197	0
1334	184	0
1335	200	0
1336	208	0
1337	199	0
1338	198	0
1339	212	0
1340	189	0
1341	177	0
1342	218	0
1343	193	0
1344	168	0
1345	201	0
1346	193	0
1347	180	0
1348	194	0
1349	174	0
1350	213	0
1351	190	0
1352	210	0
1353	207	0
1354	179	0
1355	195	0
1356	193	0
1357	211	0
1358	191	0
1359	197	0
1360	216	0
1361	217	0
1362	196	0
1363	197	0
1364	213	0
1365	206	0
1366	182	0
1367	208	0
1368	199	0
1369	220	0
1370	201	0
1371	181	0
1372	195	0
1373	198	0
1374	210	0
1375	216	0
1376	210	0
1377	200	0
1378	208	0
1379	177	0
1380	202	0
1381	182	0
1382	203	0
1383	186	0
1384	193	0
1385	178	0
1386	224	0
1387	217	0
1388	224	0
1389	214	0
1390	181	0
1391	206	0
1392	185	0
1393	196	0
1394	189	0
1395	201	0
1396	205	0
1397	199	0
1398	195	0
1399	213	0
1400	209	0
1401	193	0
1402	193	0
1403	196	0
1404	194	0
1405	192	0
1406	187	0
1407	197	0
1408	209	0
1409	189	0
1410	193	0
1411	187	0
1412	212	0
1413	156	0
1414	200	0
1415	183	0
1416	194	0
1417	208	0
1418	198	0
1419	201	0
1420	170	0
1421	179	0
1422	190	0
1423	196	0
1424	195	0
1425	196	0
1426	197	0
1427	185	0
1428	167	0
1429	180	0
1430	193	0
1431	197	0
1432	204	0
1433	194	0
1434	194	0
1435	211	0
1436	194	0
1437	203	0
1438	182	0
1439	208	0
1440	190	0
1441	204	0
1442	200	0
1443	186	0
1444	176	0
1445	225	0
1446	197	0
1447	177	0
1448	205	0
1449	222	0
1450	176	0
1451	202	0
1452	189	0
1453	178	0
1454	216	0
1455	200	0
1456	188	0
1457	194	0
1458	205	0
1459	212	0
1460	208	0
1461	205	0
1462	201	0
1463	167	0
1464	191	0
1465	186	0
1466	195	0
1467	192	0
1468	195	0
1469	218	0
1470	185	0
1471	220	0
1472	215	0
1473	157	0
1474	189	0
1475	189	0
1476	199	0
1477	199	0
1478	213	0
1479	193	0
1480	198	0
1481	211	0
1482	203	0
1483	225	0
1484	214	0
1485	230	0
1486	177	0
1487	210	0
1488	190	0
1489	180	0
1490	194	0
1491	196	0
1492	218	0
1493	201	0
1494	171	0
1495	202	0
1496	177	0
1497	209	0
1498	221	0
1499	179	0
1500	198	0
1501	199	0
1502	188	0
1503	180	0
1504	224	0
1505	197	0
1506	195	0
1507	176	0
1508	188	0
1509	197	0
1510	210	0
1511	190	0
1512	195	0
1513	194	0
1514	201	0
1515	195	0
1516	186	0
1517	197	0
1518	201	0
1519	218	0
1520	189	0
1521	201	0
1522	187	0
1523	170	0
1524	202	0
1525	186	0
1526	200	0
1527	191	0
1528	192	0
1529	186	0
1530	192	0
1531	184	0
1532	186	0
1533	205	0
1534	197	0
1535	192	0
1536	202	0
1537	185	0
1538	179	0
1539	198	0
1540	199	0
1541	230	0
1542	195	0
1543	212	0
1544	187	0
1545	216	0
1546	191	0
1547	206	0
1548	186	0
1549	184	0
1550	203	0
1551	199	0
1552	193	0
1553	196	0
1554	173	0
1555	210	0
1556	212	0
1557	208	0
1558	205	0
1559	200	0
1560	216	0
1561	197	0
1562	184	0
1563	203	0
1564	188	0
1565	193	0
1566	192	0
1567	193	0
1568	223	0
1569	192	0
1570	212	0
1571	220	0
1572	176	0
1573	194	0
1574	181	0
1575	201	0
1576	207	0
1577	192	0
1578	239	0
1579	214	0
1580	221	0
1581	191	0
1582	211	0
1583	219	0
1584	194	0
1585	208	0
1586	177	0
1587	209	0
1588	177	0
1589	196	0
1590	200	0
1591	176	0
1592	193	0
1593	228	0
1594	181	0
1595	212	0
1596	181	0
1597	194	0
1598	185	0
1599	181	0
1600	188	0
1601	197	0
1602	187	0
1603	196	0
1604	179	0
1605	181	0
1606	199	0
1607	210	0
1608	171	0
1609	200	0
1610	207	0
1611	186	0
1612	204	0
1613	192	0
1614	186	0
1615	189	0
1616	200	0
1617	208	0
1618	206	0
1619	191	0
1620	196	0
1621	235	0
1622	189	0
1623	201	0
1624	209	0
1625	188	0
1626	199	0
1627	209	0
1628	180	0
1629	203	0
1630	211	0
1631	192	0
1632	196	0
1633	223	0
1634	200	0
1635	205	0
1636	191	0
1637	176	0
1638	188	0
1639	234	0
1640	203	0
1641	160	0
1642	218	0
1643	182	0
1644	212	0
1645	203	0
1646	204	0
1647	206	0
1648	194	0
1649	198	0
1650	205	0
1651	207	0
1652	169	0
1653	219	0
1654	203	0
1655	179	0
1656	192	0
1657	204	0
1658	199	0
1659	187	0
1660	189	0
1661	208	0
1662	176	0
1663	203	0
1664	202	0
1665	166	0
1666	190	0
1667	197	0
1668	190	0
1669	198	0
1670	206	0
1671	183	0
1672	169	0
1673	169	0
1674	195	0
1675	191	0
1676	186	0
1677	161	0
1678	210	0
1679	207	0
1680	198	0
1681	206	0
1682	184	0
1683	155	0
1684	168	0
1685	189	0
1686	191	0
1687	186	0
1688	196	0
1689	200	0
1690	184	0
1691	179	0
1692	207	0
1693	179	0
1694	160	0
1695	191	0
1696	161	0
1697	206	0
1698	198	0
1699	224	0
1700	211	0
1701	157	0
1702	196	0
1703	177	0
1704	198	0
1705	209	0
1706	189	0
1707	196	0
1708	193	0
1709	209	0
1710	196	0
1711	221	0
1712	204	0
1713	195	0
1714	209	0
1715	172	0
1716	204	0
1717	199	0
1718	210	0
1719	197	0
1720	183	0
1721	200	0
1722	204	0
1723	196	0
1724	189	0
1725	210	0
1726	204	0
1727	200	0
1728	194	0
1729	187	0
1730	183	0
1731	183	0
1732	208	0
1733	196	0
1734	201	0
1735	188	0
1736	208	0
1737	202	0
1738	198	0
1739	200	0
1740	216	0
1741	176	0
1742	194	0
1743	197	0
1744	198	0
1745	219	0
1746	179	0
1747	184	0
1748	167	0
1749	213	0
1750	163	0
1751	195	0
1752	213	0
1753	206	0
1754	200	0
1755	183	0
1756	215	0
1757	190	0
1758	182	0
1759	186	0
1760	197	0
1761	198	0
1762	178	0
1763	184	0
1764	202	0
1765	188	0
1766	195	0
1767	167	0
1768	209	0
1769	197	0
1770	212	0
1771	200	0
1772	180	0
1773	198	0
1774	185	0
1775	206	0
1776	187	0
1777	192	0
1778	171	0
1779	203	0
1780	224	0
1781	197	0
1782	192	0
1783	187	0
1784	171	0
1785	198	0
1786	204	0
1787	201	0
1788	185	0
1789	171	0
1790	183	0
1791	192	0
1792	162	0
1793	200	0
1794	194	0
1795	193	0
1796	178	0
1797	210	0
1798	183	0
1799	191	0
1800	184	0
1801	195	0
1802	174	0
1803	203	0
1804	191	0
1805	178	0
1806	197	0
1807	209	0
1808	209	0
1809	179	0
1810	188	0
1811	235	0
1812	221	0
1813	207	0
1814	193	0
1815	223	0
1816	198	0
1817	194	0
1818	179	0
1819	213	0
1820	222	0
1821	211	0
1822	185	0
1823	189	0
1824	187	0
1825	184	0
1826	210	0
1827	195	0
1828	198	0
1829	226	0
1830	203	0
1831	196	0
1832	201	0
1833	220	0
1834	199	0
1835	189	0
1836	199	0
1837	208	0
1838	179	0
1839	191	0
1840	180	0
1841	208	0
1842	231	0
1843	205	0
1844	183	0
1845	196	0
1846	182	0
1847	162	0
1848	209	0
1849	188	0
1850	190	0
1851	208	0
1852	185	0
1853	208	0
1854	201	0
1855	205	0
1856	184	0
1857	184	0
1858	209	0
1859	194	0
1860	177	0
1861	212	0
1862	179	0
1863	202	0
1864	187	0
1865	213	0
1866	208	0
1867	188	0
1868	196	0
1869	200	0
1870	199	0
1871	179	0
1872	206	0
1873	173	0
1874	215	0
1875	204	0
1876	203	0
1877	207	0
1878	215	0
1879	193	0
1880	171	0
1881	209	0
1882	191	0
1883	189	0
1884	208	0
1885	197	0
1886	210	0
1887	207	0
1888	195	0
1889	204	0
1890	208	0
1891	169	0
1892	214	0
1893	211	0
1894	191	0
1895	180	0
1896	181	0
1897	187	0
1898	183	0
1899	190	0
1900	188	0
1901	209	0
1902	199	0
1903	213	0
1904	203	0
1905	169	0
1906	197	0
1907	193	0
1908	212	0
1909	213	0
1910	204	0
1911	178	0
1912	170	0
1913	185	0
1914	207	0
1915	171	0
1916	199	0
1917	186	0
1918	185	0
1919	193	0
1920	197	0
1921	194	0
1922	195	0
1923	182	0
1924	184	0
1925	183	0
1926	174	0
1927	193	0
1928	199	0
1929	206	0
1930	201	0
1931	210	0
1932	203	0
1933	187	0
1934	183	0
1935	206	0
1936	198	0
1937	185	0
1938	203	0
1939	199	0
1940	186	0
1941	195	0
1942	208	0
1943	179	0
1944	173	0
1945	183	0
1946	207	0
1947	201	0
1948	188	0
1949	174	0
1950	201	0
1951	189	0
1952	189	0
1953	200	0
1954	223	0
1955	222	0
1956	177	0
1957	206	0
1958	206	0
1959	214	0
1960	192	0
1961	191	0
1962	223	0
1963	191	0
1964	217	0
1965	192	0
1966	203	0
1967	218	0
1968	215	0
1969	200	0
1970	195	0
1971	173	0
1972	210	0
1973	203	0
1974	178	0
1975	228	0
1976	189	0
1977	208	0
1978	204	0
1979	191	0
1980	214	0
1981	171	0
1982	218	0
1983	168	0
1984	186	0
1985	224	0
1986	181	0
1987	203	0
1988	196	0
1989	186	0
1990	206	0
1991	158	0
1992	201	0
1993	187	0
1994	197	0
1995	173	0
1996	202	0
1997	192	0
1998	189	0
1999	185	0
2000	193	0
2001	194	0
2002	199	0
2003	195	0
2004	207	0
2005	187	0
2006	186	0
2007	184	0
2008	214	0
2009	180	0
2010	202	0
2011	204	0
2012	215	0
2013	199	0
2014	215	0
2015	187	0
2016	177	0
2017	189	0
2018	233	0
2019	209	0
2020	201	0
2021	173	0
2022	174	0
2023	193	0
2024	203	0
2025	190	0
2026	192	0
2027	191	0
2028	215	0
2029	193	0
2030	182	0
2031	166	0
2032	177	0
2033	180	0
2034	195	0
2035	215	0
2036	194	0
2037	195	0
2038	197	0
2039	211	0
2040	209	0
2041	183	0
2042	206	0
2043	224	0
2044	192	0
2045	204	0
2046	184	0
2047	206	0
2048	213	0
2049	205	0
2050	191	0
2051	196	0
2052	187	0
2053	199	0
2054	208	0
2055	184	0
2056	213	0
2057	198	0
2058	184	0
2059	196	0
2060	178	0
2061	183	0
2062	200	0
2063	228	0
2064	210	0
2065	219	0
2066	178	0
2067	193	0
2068	196	0
2069	186	0
2070	192	0
2071	176	0
2072	186	0
2073	202	0
2074	187	0
2075	178	0
2076	209	0
2077	181	0
2078	199	0
2079	203	0
2080	208	0
2081	184	0
2082	207	0
2083	178	0
2084	211	0
2085	191	0
2086	192	0
2087	179	0
2088	194	0
2089	227	0
2090	177	0
2091	147	0
2092	192	0
2093	172	0
2094	189	0
2095	194	0
2096	222	0
2097	177	0
2098	211	0
2099	215	0
2100	181	0
2101	193	0
2102	202	0
2103	222	0
2104	193	0
2105	196	0
2106	171	0
2107	184	0
2108	206	0
2109	211	0
2110	184	0
2111	201	0
2112	200	0
2113	198	0
2114	182	0
2115	202	0
2116	192	0
2117	205	0
2118	202	0
2119	190	0
2120	193	0
2121	201	0
2122	208	0
2123	187	0
2124	192	0
2125	202	0
2126	205	0
2127	202	0
2128	215	0
2129	175	0
2130	198	0
2131	180	0
2132	175	0
2133	195	0
2134	176	0
2135	199	0
2136	200	0
2137	182	0
2138	184	0
2139	207	0
2140	217	0
2141	205	0
2142	189	0
2143	211	0
2144	193	0
2145	205	0
2146	187	0
2147	222	0
2148	192	0
2149	194	0
2150	191	0
2151	180	0
2152	223	0
2153	217	0
2154	203	0
2155	195	0
2156	190	0
2157	202	0
2158	210	0
2159	188	0
2160	186	0
2161	216	0
2162	192	0
2163	218	0
2164	197	0
2165	212	0
2166	203	0
2167	219	0
2168	189	0
2169	203	0
2170	213	0
2171	193	0
2172	197	0
2173	181	0
2174	191	0
2175	184	0
2176	211	0
2177	217	0
2178	204	0
2179	185	0
2180	190	0
2181	199	0
2182	192	0
2183	235	0
2184	205	0
2185	200	0
2186	210	0
2187	225	0
2188	218	0
2189	196	0
2190	165	0
2191	189	0
2192	186	0
2193	172	0
2194	200	0
2195	210	0
2196	201	0
2197	203	0
2198	191	0
2199	183	0
2200	211	0
2201	175	0
2202	203	0
2203	223	0
2204	177	0
2205	213	0
2206	194	0
2207	202	0
2208	193	0
2209	193	0
2210	155	0
2211	181	0
2212	172	0
2213	195	0
2214	197	0
2215	201	0
2216	205	0
2217	210	0
2218	185	0
2219	187	0
2220	196	0
2221	197	0
2222	189	0
2223	207	0
2224	181	0
2225	190	0
2226	196	0
2227	183	0
2228	180	0
2229	213	0
2230	194	0
2231	188	0
2232	192	0
2233	179	0
2234	187	0
2235	215	0
2236	200	0
2237	207	0
2238	199	0
2239	171	0
2240	204	0
2241	212	0
2242	197	0
2243	186	0
2244	197	0
2245	189	0
2246	212	0
2247	184	0
2248	194	0
2249	199	0
2250	184	0
2251	164	0
2252	211	0
2253	184	0
2254	193	0
2255	188	0
2256	214	0
2257	223	0
2258	187	0
2259	219	0
2260	189	0
2261	161	0
2262	176	0
2263	177	0
2264	225	0
2265	180	0
2266	190	0
2267	199	0
2268	215	0
2269	198	0
2270	197	0
2271	191	0
2272	192	0
2273	199	0
2274	206	0
2275	227	0
2276	180	0
2277	222	0
2278	202	0
2279	205	0
2280	208	0
2281	198	0
2282	205	0
2283	214	0
2284	200	0
2285	160	0
2286	211	0
2287	185	0
2288	220	0
2289	205	0
2290	195	0
2291	194	0
2292	206	0
2293	183	0
2294	201	0
2295	156	0
2296	198	0
2297	211	0
2298	196	0
2299	184	0
2300	179	0
2301	174	0
2302	194	0
2303	169	0
2304	201	0
2305	208	0
2306	192	0
2307	224	0
2308	175	0
2309	206	0
2310	204	0
2311	213	0
2312	178	0
2313	170	0
2314	219	0
2315	181	0
2316	190	0
2317	189	0
2318	167	0
2319	211	0
2320	212	0
2321	175	0
2322	185	0
2323	204	0
2324	184	0
2325	203	0
2326	211	0
2327	192	0
2328	181	0
2329	214	0
2330	193	0
2331	185	0
2332	209	0
2333	189	0
2334	205	0
2335	188	0
2336	220	0
2337	196	0
2338	201	0
2339	196	0
2340	170	0
2341	200	0
2342	196	0
2343	202	0
2344	197	0
2345	171	0
2346	238	0
2347	203	0
2348	205	0
2349	184	0
2350	190	0
2351	182	0
2352	203	0
2353	178	0
2354	188	0
2355	202	0
2356	210	0
2357	166	0
2358	188	0
2359	188	0
2360	167	0
2361	188	0
2362	211	0
2363	173	0
2364	193	0
2365	181	0
2366	211	0
2367	201	0
2368	193	0
2369	178	0
2370	207	0
2371	196	0
2372	208	0
2373	198	0
2374	184	0
2375	173	0
2376	201	0
2377	167	0
2378	187	0
2379	179	0
2380	207	0
2381	198	0
2382	214	0
2383	223	0
2384	182	0
2385	198	0
2386	229	0
2387	182	0
2388	192	0
2389	184	0
2390	181	0
2391	214	0
2392	201	0
2393	182	0
2394	174	0
2395	208	0
2396	211	0
2397	206	0
2398	209	0
2399	209	0
2400	183	0
2401	185	0
2402	185	0
2403	210	0
2404	208	0
2405	207	0
2406	220	0
2407	178	0
2408	191	0
2409	186	0
2410	191	0
2411	197	0
2412	192	0
2413	202	0
2414	182	0
2415	187	0
2416	195	0
2417	191	0
2418	176	0
2419	223	0
2420	193	0
2421	209	0
2422	194	0
2423	207	0
2424	202	0
2425	212	0
2426	198	0
2427	200	0
2428	198	0
2429	185	0
2430	194	0
2431	170	0
2432	206	0
2433	191	0
2434	185	0
2435	187	0
2436	191	0
2437	226	0
2438	216	0
2439	185	0
2440	185	0
2441	213	0
2442	175	0
2443	180	0
2444	211	0
2445	190	0
2446	170	0
2447	172	0
2448	195	0
2449	192	0
2450	181	0
2451	205	0
2452	162	0
2453	190	0
2454	193	0
2455	194	0
2456	220	0
2457	212	0
2458	166	0
2459	199	0
2460	201	0
2461	182	0
2462	155	0
2463	203	0
2464	206	0
2465	191	0
2466	171	0
2467	173	0
2468	218	0
2469	208	0
2470	196	0
2471	158	0
2472	206	0
2473	201	0
2474	178	0
2475	214	0
2476	181	0
2477	201	0
2478	175	0
2479	189	0
2480	180	0
2481	205	0
2482	182	0
2483	225	0
2484	192	0
2485	212	0
2486	180	0
2487	215	0
2488	213	0
2489	179	0
2490	197	0
2491	191	0
2492	188	0
2493	175	0
2494	212	0
2495	211	0
2496	194	0
2497	208	0
2498	190	0
2499	210	0
2500	195	0
2501	206	0
2502	194	0
2503	212	0
2504	210	0
2505	213	0
2506	227	0
2507	177	0
2508	193	0
2509	194	0
2510	185	0
2511	215	0
2512	209	0
2513	190	0
2514	185	0
2515	199	0
2516	183	0
2517	210	0
2518	181	0
2519	167	0
2520	208	0
2521	200	0
2522	209	0
2523	219	0
2524	204	0
2525	190	0
2526	161	0
2527	195	0
2528	184	0
2529	195	0
2530	221	0
2531	190	0
2532	215	0
2533	151	0
2534	200	0
2535	204	0
2536	223	0
2537	189	0
2538	234	0
2539	175	0
2540	197	0
2541	195	0
2542	204	0
2543	199	0
2544	206	0
2545	164	0
2546	196	0
2547	188	0
2548	220	0
2549	201	0
2550	197	0
2551	180	0
2552	183	0
2553	209	0
2554	201	0
2555	195	0
2556	200	0
2557	194	0
2558	180	0
2559	210	0
2560	174	0
2561	210	0
2562	194	0
2563	200	0
2564	199	0
2565	167	0
2566	190	0
2567	177	0
2568	193	0
2569	212	0
2570	192	0
2571	206	0
2572	209	0
2573	202	0
2574	214	0
2575	202	0
2576	197	0
2577	188	0
2578	206	0
2579	217	0
2580	189	0
2581	217	0
2582	156	0
2583	197	0
2584	185	0
2585	215	0
2586	195	0
2587	194	0
2588	176	0
2589	199	0
2590	191	0
2591	178	0
2592	191	0
2593	197	0
2594	182	0
2595	151	0
2596	189	0
2597	207	0
2598	198	0
2599	194	0
2600	209	0
2601	180	0
2602	186	0
2603	205	0
2604	204	0
2605	200	0
2606	194	0
2607	190	0
2608	210	0
2609	191	0
2610	188	0
2611	181	0
2612	189	0
2613	187	0
2614	175	0
2615	201	0
2616	209	0
2617	193	0
2618	180	0
2619	187	0
2620	188	0
2621	201	0
2622	177	0
2623	238	0
2624	205	0
2625	164	0
2626	187	0
2627	198	0
2628	222	0
2629	211	0
2630	178	0
2631	193	0
2632	193	0
2633	212	0
2634	214	0
2635	211	0
2636	178	0
2637	182	0
2638	189	0
2639	192	0
2640	186	0
2641	172	0
2642	191	0
2643	219	0
2644	206	0
2645	205	0
2646	217	0
2647	199	0
2648	176	0
2649	183	0
2650	195	0
2651	198	0
2652	193	0
2653	164	0
2654	232	0
2655	201	0
2656	232	0
2657	203	0
2658	174	0
2659	192	0
2660	191	0
2661	206	0
2662	202	0
2663	217	0
2664	194	0
2665	192	0
2666	187	0
2667	212	0
2668	231	0
2669	187	0
2670	191	0
2671	188	0
2672	180	0
2673	198	0
2674	201	0
2675	213	0
2676	209	0
2677	202	0
2678	205	0
2679	204	0
2680	192	0
2681	196	0
2682	175	0
2683	202	0
2684	190	0
2685	181	0
2686	206	0
2687	212	0
2688	204	0
2689	200	0
2690	187	0
2691	203	0
2692	213	0
2693	197	0
2694	205	0
2695	187	0
2696	185	0
2697	182	0
2698	192	0
2699	183	0
2700	218	0
2701	194	0
2702	198	0
2703	181	0
2704	189	0
2705	169	0
2706	186	0
2707	203	0
2708	175	0
2709	198	0
2710	207	0
2711	180	0
2712	201	0
2713	206	0
2714	193	0
2715	198	0
2716	164	0
2717	203	0
2718	201	0
2719	180	0
2720	208	0
2721	197	0
2722	210	0
2723	215	0
2724	207	0
2725	204	0
2726	193	0
2727	169	0
2728	198	0
2729	214	0
2730	215	0
2731	175	0
2732	181	0
2733	224	0
2734	189	0
2735	207	0
2736	201	0
2737	207	0
2738	205	0
2739	186	0
2740	193	0
2741	177	0
2742	169	0
2743	194	0
2744	190	0
2745	193	0
2746	184	0
2747	203	0
2748	210	0
2749	206	0
2750	182	0
2751	210	0
2752	194	0
2753	219	0
2754	213	0
2755	189	0
2756	182	0
2757	187	0
2758	184	0
2759	184	0
2760	220	0
2761	188	0
2762	197	0
2763	191	0
2764	191	0
2765	168	0
2766	195	0
2767	198	0
2768	214	0
2769	198	0
2770	211	0
2771	202	0
2772	218	0
2773	214	0
2774	193	0
2775	202	0
2776	216	0
2777	191	0
2778	200	0
2779	221	0
2780	180	0
2781	209	0
2782	163	0
2783	193	0
2784	205	0
2785	171	0
2786	200	0
2787	194	0
2788	192	0
2789	209	0
2790	180	0
2791	196	0
2792	212	0
2793	208	0
2794	197	0
2795	206	0
2796	210	0
2797	187	0
2798	178	0
2799	172	0
2800	184	0
2801	201	0
2802	165	0
2803	196	0
2804	170	0
2805	206	0
2806	198	0
2807	196	0
2808	213	0
2809	188	0
2810	193	0
2811	186	0
2812	213	0
2813	212	0
2814	229	0
2815	194	0
2816	187	0
2817	186	0
2818	205	0
2819	209	0
2820	205	0
2821	180	0
2822	179	0
2823	186	0
2824	182	0
2825	189	0
2826	234	0
2827	197	0
2828	206	0
2829	214	0
2830	188	0
2831	194	0
2832	229	0
2833	216	0
2834	232	0
2835	179	0
2836	185	0
2837	194	0
2838	210	0
2839	228	0
2840	169	0
2841	212	0
2842	195	0
2843	183	0
2844	218	0
2845	205	0
2846	219	0
2847	200	0
2848	169	0
2849	235	0
2850	202	0
2851	179	0
2852	221	0
2853	184	0
2854	196	0
2855	185	0
2856	193	0
2857	167	0
2858	212	0
2859	197	0
2860	188	0
2861	195	0
2862	198	0
2863	212	0
2864	179	0
2865	202	0
2866	194	0
2867	177	0
2868	184	0
2869	200	0
2870	204	0
2871	181	0
2872	193	0
2873	182	0
2874	198	0
2875	201	0
2876	221	0
2877	190	0
2878	192	0
2879	196	0
2880	197	0
2881	167	0
2882	184	0
2883	183	0
2884	187	0
2885	190	0
2886	188	0
2887	198	0
2888	224	0
2889	194	0
2890	190	0
2891	187	0
2892	195	0
2893	211	0
2894	201	0
2895	194	0
2896	195	0
2897	194	0
2898	179	0
2899	186	0
2900	172	0
2901	197	0
2902	200	0
2903	184	0
2904	185	0
2905	193	0
2906	183	0
2907	211	0
2908	169	0
2909	212	0
2910	195	0
2911	193	0
2912	176	0
2913	190	0
2914	189	0
2915	191	0
2916	186	0
2917	189	0
2918	185	0
2919	183	0
2920	187	0
2921	197	0
2922	177	0
2923	196	0
2924	200	0
2925	202	0
2926	206	0
2927	191	0
2928	220	0
2929	185	0
2930	195	0
2931	193	0
2932	178	0
2933	182	0
2934	196	0
2935	179	0
2936	209	0
2937	235	0
2938	179	0
2939	211	0
2940	180	0
2941	210	0
2942	207	0
2943	214	0
2944	202	0
2945	196	0
2946	169	0
2947	175	0
2948	221	0
2949	211	0
2950	198	0
2951	191	0
2952	195	0
2953	212	0
2954	201	0
2955	199	0
2956	203	0
2957	214	0
2958	184	0
2959	196	0
2960	219	0
2961	178	0
2962	178	0
2963	181	0
2964	184	0
2965	220	0
2966	189	0
2967	199	0
2968	214	0
2969	199	0
2970	209	0
2971	184	0
2972	222	0
2973	197	0
2974	197	0
2975	211	0
2976	214	0
2977	213	0
2978	189	0
2979	178	0
2980	194	0
2981	178	0
2982	180	0
2983	197	0
2984	201	0
2985	222	0
2986	224	0
2987	191	0
2988	182	0
2989	213	0
2990	210	0
2991	189	0
2992	198	0
2993	183	0
2994	193	0
2995	200	0
2996	178	0
2997	203	0
2998	218	0
2999	225	0
3000	192	0
