1	208	0
2	191	0
3	171	0
4	215	0
5	219	0
6	203	0
7	208	0
8	210	0
9	214	0
10	188	0
11	212	0
12	207	0
13	204	0
14	195	0
15	199	0
16	210	0
17	201	0
18	197	0
19	173	0
20	201	0
21	198	0
22	208	0
23	206	0
24	164	0
25	183	0
26	202	0
27	202	0
28	216	0
29	207	0
30	209	0
31	199	0
32	223	0
33	198	0
34	182	0
35	192	0
36	192	0
37	195	0
38	183	0
39	175	0
40	220	0
41	203	0
42	201	0
43	216	0
44	191	0
45	212	0
46	191	0
47	213	0
48	205	0
49	218	0
50	229	0
51	190	0
52	200	0
53	194	0
54	208	0
55	195	0
56	220	0
57	209	0
58	204	0
59	207	0
60	209	0
61	197	0
62	196	0
63	207	0
64	195	0
65	216	0
66	189	0
67	181	0
68	212	0
69	220	0
70	211	0
71	200	0
72	215	0
73	218	0
74	200	0
75	201	0
76	226	0
77	216	0
78	223	0
79	181	0
80	189	0
81	198	0
82	206	0
83	184	0
84	193	0
85	200	0
86	194	0
87	214	0
88	219	0
89	236	0
90	200	0
91	204	0
92	192	0
93	184	0
94	174	0
95	195	0
96	221	0
97	209	0
98	205	0
99	196	0
100	204	0
101	232	0
102	211	0
103	207	0
104	204	0
105	220	0
106	204	0
107	202	0
108	197	0
109	203	0
110	216	0
111	184	0
112	201	0
113	225	0
114	204	0
115	228	0
116	230	0
117	171	0
118	201	0
119	197	0
120	222	0
121	178	0
122	199	0
123	193	0
124	187	0
125	189	0
126	221	0
127	207	0
128	198	0
129	200	0
130	216	0
131	189	0
132	213	0
133	214	0
134	197	0
135	220	0
136	223	0
137	232	0
138	192	0
139	217	0
140	185	0
141	206	0
142	209	0
143	209	0
144	180	0
145	201	0
146	179	0
147	213	0
148	209	0
149	206	0
150	192	0
151	187	0
152	222	0
153	203	0
154	214	0
155	202	0
156	213	0
157	213	0
158	196	0
159	198	0
160	203	0
161	187	0
162	174	0
163	207	0
164	218	0
165	224	0
166	177	0
167	195	0
168	189	0
169	208	0
170	214	0
171	215	0
172	193	0
173	199	0
174	214	0
175	238	0
176	194	0
177	190	0
178	192	0
179	199	0
180	202	0
181	189	0
182	215	0
183	199	0
184	215	0
185	200	0
186	210	0
187	185	0
188	227	0
189	220	0
190	179	0
191	201	0
192	213	0
193	227	0
194	195	0
195	223	0
196	187	0
197	211	0
198	177	0
199	206	0
200	201	0
201	188	0
202	202	0
203	192	0
204	213	0
205	206	0
206	227	0
207	217	0
208	197	0
209	216	0
210	236	0
211	219	0
212	181	0
213	206	0
214	212	0
215	211	0
216	193	0
217	224	0
218	225	0
219	216	0
220	226	0
221	193	0
222	191	0
223	216	0
224	200	0
225	180	0
226	198	0
227	229	0
228	203	0
229	206	0
230	184	0
231	182	0
232	168	0
233	195	0
234	176	0
235	210	0
236	214	0
237	222	0
238	180	0
239	182	0
240	196	0
241	192	0
242	193	0
243	195	0
244	219	0
245	221	0
246	212	0
247	221	0
248	231	0
249	195	0
250	183	0
251	207	0
252	162	0
253	199	0
254	230	0
255	193	0
256	183	0
257	206	0
258	190	0
259	186	0
260	198	0
261	214	0
262	206	0
263	181	0
264	178	0
265	192	0
266	197	0
267	205	0
268	213	0
269	203	0
270	186	0
271	221	0
272	205	0
273	218	0
274	191	0
275	213	0
276	214	0
277	187	0
278	223	0
279	207	0
280	183	0
281	187	0
282	197	0
283	201	0
284	196	0
285	199	0
286	211	0
287	213	0
288	197	0
289	196	0
290	172	0
291	192	0
292	194	0
293	229	0
294	222	0
295	215	0
296	203	0
297	210	0
298	210	0
299	194	0
300	199	0
301	220	0
302	185	0
303	189	0
304	201	0
305	215	0
306	188	0
307	228	0
308	193	0
309	184	0
310	194	0
311	214	0
312	192	0
313	204	0
314	206	0
315	182	0
316	179	0
317	215	0
318	196	0
319	201	0
320	215	0
321	203	0
322	196	0
323	209	0
324	199	0
325	208	0
326	213	0
327	209	0
328	212	0
329	190	0
330	215	0
331	194	0
332	209	0
333	199	0
334	180	0
335	198	0
336	219	0
337	205	0
338	214	0
339	168	0
340	212	0
341	183	0
342	194	0
343	184	0
344	190	0
345	210	0
346	215	0
347	205	0
348	184	0
349	205	0
350	204	0
351	200	0
352	197	0
353	177	0
354	177	0
355	205	0
356	175	0
357	201	0
358	206	0
359	208	0
360	198	0
361	207	0
362	215	0
363	187	0
364	221	0
365	226	0
366	226	0
367	195	0
368	198	0
369	191	0
370	205	0
371	209	0
372	183	0
373	212	0
374	213	0
375	197	0
376	216	0
377	200	0
378	196	0
379	198	0
380	229	0
381	209	0
382	185	0
383	191	0
384	204	0
385	229	0
386	203	0
387	200	0
388	209	0
389	195	0
390	197	0
391	213	0
392	201	0
393	191	0
394	183	0
395	189	0
396	179	0
397	217	0
398	202	0
399	191	0
400	193	0
401	187	0
402	207	0
403	205	0
404	202	0
405	195	0
406	184	0
407	196	0
408	211	0
409	220	0
410	202	0
411	200	0
412	197	0
413	205	0
414	214	0
415	174	0
416	233	0
417	196	0
418	197	0
419	214	0
420	201	0
421	200	0
422	180	0
423	179	0
424	190	0
425	207	0
426	198	0
427	205	0
428	182	0
429	203	0
430	199	0
431	208	0
432	180	0
433	213	0
434	186	0
435	205	0
436	177	0
437	212	0
438	190	0
439	223	0
440	216	0
441	225	0
442	202	0
443	189	0
444	217	0
445	196	0
446	209	0
447	208	0
448	191	0
449	205	0
450	228	0
451	196	0
452	192	0
453	207	0
454	216	0
455	196	0
456	190	0
457	211	0
458	203	0
459	198	0
460	188	0
461	219	0
462	222	0
463	209	0
464	193	0
465	206	0
466	195	0
467	205	0
468	219	0
469	212	0
470	231	0
471	201	0
472	187	0
473	208	0
474	193	0
475	205	0
476	184	0
477	222	0
478	211	0
479	243	0
480	192	0
481	210	0
482	208	0
483	197	0
484	190	0
485	222	0
486	190	0
487	206	0
488	201	0
489	212	0
490	204	0
491	218	0
492	206	0
493	237	0
494	208	0
495	222	0
496	190	0
497	189	0
498	199	0
499	177	0
500	206	0
501	201	0
502	205	0
503	194	0
504	213	0
505	169	0
506	197	0
507	188	0
508	217	0
509	207	0
510	203	0
511	233	0
512	230	0
513	211	0
514	195	0
515	211	0
516	187	0
517	193	0
518	223	0
519	226	0
520	202	0
521	211	0
522	180	0
523	200	0
524	202	0
525	195	0
526	199	0
527	201	0
528	232	0
529	181	0
530	206	0
531	234	0
532	203	0
533	193	0
534	185	0
535	186	0
536	205	0
537	219	0
538	200	0
539	192	0
540	204	0
541	193	0
542	192	0
543	201	0
544	211	0
545	215	0
546	241	0
547	201	0
548	213	0
549	212	0
550	193	0
551	193	0
552	167	0
553	221	0
554	197	0
555	194	0
556	202	0
557	192	0
558	202	0
559	185	0
560	202	0
561	212	0
562	213	0
563	202	0
564	193	0
565	228	0
566	224	0
567	196	0
568	186	0
569	198	0
570	215	0
571	234	0
572	188	0
573	212	0
574	183	0
575	202	0
576	182	0
577	217	0
578	231	0
579	199	0
580	203	0
581	205	0
582	221	0
583	195	0
584	210	0
585	195	0
586	194	0
587	196	0
588	195	0
589	195	0
590	217	0
591	197	0
592	165	0
593	235	0
594	198	0
595	213	0
596	209	0
597	215	0
598	192	0
599	178	0
600	205	0
601	198	0
602	187	0
603	220	0
604	187	0
605	190	0
606	207	0
607	187	0
608	186	0
609	213	0
610	230	0
611	190	0
612	195	0
613	179	0
614	199	0
615	208	0
616	218	0
617	200	0
618	192	0
619	203	0
620	202	0
621	185	0
622	208	0
623	201	0
624	209	0
625	199	0
626	211	0
627	211	0
628	187	0
629	223	0
630	215	0
631	177	0
632	197	0
633	204	0
634	212	0
635	245	0
636	218	0
637	177	0
638	220	0
639	203	0
640	184	0
641	189	0
642	210	0
643	191	0
644	215	0
645	224	0
646	197	0
647	203	0
648	178	0
649	188	0
650	205	0
651	234	0
652	217	0
653	194	0
654	191	0
655	192	0
656	170	0
657	196	0
658	179	0
659	204	0
660	186	0
661	207	0
662	214	0
663	201	0
664	215	0
665	211	0
666	198	0
667	217	0
668	226	0
669	212	0
670	176	0
671	191	0
672	189	0
673	206	0
674	206	0
675	194	0
676	197	0
677	205	0
678	220	0
679	190	0
680	197	0
681	229	0
682	191	0
683	204	0
684	222	0
685	204	0
686	201	0
687	204	0
688	204	0
689	226	0
690	193	0
691	178	0
692	202	0
693	211	0
694	167	0
695	205	0
696	203	0
697	205	0
698	198	0
699	223	0
700	197	0
701	226	0
702	184	0
703	203	0
704	209	0
705	198	0
706	191	0
707	200	0
708	180	0
709	219	0
710	191	0
711	203	0
712	199	0
713	182	0
714	229	0
715	209	0
716	197	0
717	208	0
718	186	0
719	200	0
720	215	0
721	223	0
722	225	0
723	200	0
724	202	0
725	214	0
726	200	0
727	192	0
728	218	0
729	206	0
730	193	0
731	196	0
732	188	0
733	223	0
734	181	0
735	203	0
736	203	0
737	198	0
738	204	0
739	201	0
740	183	0
741	172	0
742	201	0
743	174	0
744	214	0
745	227	0
746	184	0
747	178	0
748	195	0
749	196	0
750	184	0
751	194	0
752	196	0
753	198	0
754	175	0
755	203	0
756	199	0
757	221	0
758	188	0
759	235	0
760	201	0
761	209	0
762	216	0
763	203	0
764	189	0
765	232	0
766	170	0
767	195	0
768	213	0
769	195	0
770	193	0
771	188	0
772	213	0
773	237	0
774	202	0
775	183	0
776	185	0
777	196	0
778	204	0
779	196	0
780	207	0
781	206	0
782	181	0
783	230	0
784	177	0
785	195	0
786	219	0
787	177	0
788	174	0
789	189	0
790	238	0
791	203	0
792	221	0
793	192	0
794	210	0
795	197	0
796	232	0
797	194	0
798	196	0
799	221	0
800	218	0
801	210	0
802	210	0
803	198	0
804	213	0
805	203	0
806	199	0
807	210	0
808	183	0
809	215	0
810	228	0
811	218	0
812	186	0
813	194	0
814	180	0
815	210	0
816	197	0
817	208	0
818	224	0
819	217	0
820	204	0
821	203	0
822	199	0
823	203	0
824	198	0
825	199	0
826	179	0
827	183	0
828	190	0
829	205	0
830	166	0
831	221	0
832	220	0
833	212	0
834	161	0
835	202	0
836	195	0
837	201	0
838	208	0
839	212	0
840	208	0
841	199	0
842	226	0
843	193	0
844	205	0
845	197	0
846	200	0
847	231	0
848	206	0
849	207	0
850	196	0
851	222	0
852	208	0
853	187	0
854	216	0
855	212	0
856	201	0
857	194	0
858	221	0
859	229	0
860	195	0
861	170	0
862	214	0
863	185	0
864	223	0
865	195	0
866	204	0
867	201	0
868	193	0
869	219	0
870	187	0
871	211	0
872	206	0
873	193	0
874	202	0
875	196	0
876	183	0
877	186	0
878	185	0
879	230	0
880	220	0
881	188	0
882	210	0
883	197	0
884	220	0
885	217	0
886	193	0
887	217	0
888	211	0
889	226	0
890	187	0
891	228	0
892	213	0
893	187	0
894	194	0
895	200	0
896	193	0
897	207	0
898	182	0
899	199	0
900	216	0
901	207	0
902	199	0
903	225	0
904	186	0
905	220	0
906	221	0
907	171	0
908	192	0
909	211	0
910	175	0
911	196	0
912	186	0
913	187	0
914	196	0
915	196	0
916	188	0
917	173	0
918	203	0
919	200	0
920	195	0
921	208	0
922	205	0
923	150	0
924	196	0
925	177	0
926	204	0
927	219	0
928	232	0
929	198	0
930	199	0
931	189	0
932	209	0
933	213	0
934	189	0
935	195	0
936	204	0
937	196	0
938	200	0
939	184	0
940	178	0
941	208	0
942	200	0
943	205	0
944	191	0
945	205	0
946	192	0
947	206	0
948	220	0
949	211	0
950	218	0
951	218	0
952	201	0
953	181	0
954	222	0
955	178	0
956	204	0
957	207	0
958	212	0
959	196	0
960	173	0
961	187	0
962	186	0
963	193	0
964	185	0
965	205	0
966	187	0
967	217	0
968	183	0
969	205	0
970	199	0
971	208	0
972	225	0
973	201	0
974	192	0
975	219	0
976	191	0
977	215	0
978	188	0
979	217	0
980	211	0
981	213	0
982	201	0
983	199	0
984	238	0
985	213	0
986	214	0
987	211	0
988	207	0
989	200	0
990	203	0
991	228	0
992	216	0
993	209	0
994	205	0
995	210	0
996	197	0
997	184	0
998	202	0
999	190	0
1000	222	0
1001	185	0
1002	210	0
1003	195	0
1004	202	0
1005	198	0
1006	239	0
1007	200	0
1008	196	0
1009	194	0
1010	171	0
1011	216	0
1012	211	0
1013	213	0
1014	232	0
1015	185	0
1016	208	0
1017	173	0
1018	203	0
1019	216	0
1020	198	0
1021	201	0
1022	190	0
1023	188	0
1024	198	0
1025	212	0
1026	197	0
1027	192	0
1028	187	0
1029	185	0
1030	218	0
1031	198	0
1032	210	0
1033	184	0
1034	194	0
1035	213	0
1036	211	0
1037	203	0
1038	213	0
1039	221	0
1040	213	0
1041	189	0
1042	206	0
1043	189	0
1044	189	0
1045	225	0
1046	192	0
1047	202	0
1048	226	0
1049	205	0
1050	241	0
1051	214	0
1052	181	0
1053	186	0
1054	206	0
1055	224	0
1056	204	0
1057	198	0
1058	213	0
1059	183	0
1060	188	0
1061	173	0
1062	228	0
1063	207	0
1064	201	0
1065	212	0
1066	194	0
1067	213	0
1068	209	0
1069	180	0
1070	201	0
1071	202	0
1072	195	0
1073	199	0
1074	207	0
1075	210	0
1076	198	0
1077	193	0
1078	216	0
1079	186	0
1080	221	0
1081	219	0
1082	223	0
1083	217	0
1084	180	0
1085	198	0
1086	217	0
1087	206	0
1088	225	0
1089	216	0
1090	214	0
1091	177	0
1092	194	0
1093	196	0
1094	204	0
1095	220	0
1096	200	0
1097	210	0
1098	223	0
1099	219	0
1100	211	0
1101	212	0
1102	202	0
1103	211	0
1104	201	0
1105	197	0
1106	216	0
1107	175	0
1108	213	0
1109	240	0
1110	205	0
1111	205	0
1112	209	0
1113	230	0
1114	202	0
1115	221	0
1116	195	0
1117	230	0
1118	201	0
1119	198	0
1120	211	0
1121	211	0
1122	238	0
1123	200	0
1124	216	0
1125	168	0
1126	179	0
1127	205	0
1128	220	0
1129	220	0
1130	210	0
1131	180	0
1132	213	0
1133	220	0
1134	218	0
1135	194	0
1136	201	0
1137	193	0
1138	173	0
1139	207	0
1140	177	0
1141	178	0
1142	198	0
1143	191	0
1144	202	0
1145	202	0
1146	215	0
1147	205	0
1148	190	0
1149	219	0
1150	197	0
1151	198	0
1152	203	0
1153	207	0
1154	187	0
1155	205	0
1156	214	0
1157	183	0
1158	208	0
1159	212	0
1160	198	0
1161	223	0
1162	191	0
1163	208	0
1164	209	0
1165	191	0
1166	206	0
1167	211	0
1168	230	0
1169	189	0
1170	217	0
1171	194	0
1172	224	0
1173	221	0
1174	186	0
1175	196	0
1176	213	0
1177	185	0
1178	183	0
1179	229	0
1180	224	0
1181	219	0
1182	206	0
1183	170	0
1184	199	0
1185	195	0
1186	203	0
1187	196	0
1188	205	0
1189	229	0
1190	221	0
1191	192	0
1192	216	0
1193	217	0
1194	205	0
1195	228	0
1196	224	0
1197	195	0
1198	214	0
1199	222	0
1200	221	0
1201	211	0
1202	221	0
1203	199	0
1204	212	0
1205	210	0
1206	216	0
1207	188	0
1208	186	0
1209	205	0
1210	222	0
1211	221	0
1212	205	0
1213	208	0
1214	227	0
1215	197	0
1216	195	0
1217	202	0
1218	227	0
1219	182	0
1220	210	0
1221	217	0
1222	201	0
1223	190	0
1224	184	0
1225	214	0
1226	197	0
1227	182	0
1228	221	0
1229	163	0
1230	212	0
1231	179	0
1232	177	0
1233	214	0
1234	209	0
1235	194	0
1236	197	0
1237	182	0
1238	193	0
1239	214	0
1240	208	0
1241	180	0
1242	205	0
1243	198	0
1244	226	0
1245	195	0
1246	204	0
1247	231	0
1248	184	0
1249	183	0
1250	211	0
1251	204	0
1252	189	0
1253	191	0
1254	199	0
1255	204	0
1256	216	0
1257	207	0
1258	194	0
1259	221	0
1260	217	0
1261	181	0
1262	223	0
1263	205	0
1264	186	0
1265	193	0
1266	208	0
1267	222	0
1268	199	0
1269	203	0
1270	202	0
1271	192	0
1272	201	0
1273	218	0
1274	196	0
1275	186	0
1276	210	0
1277	191	0
1278	177	0
1279	203	0
1280	203	0
1281	199	0
1282	201	0
1283	210	0
1284	215	0
1285	203	0
1286	182	0
1287	204	0
1288	200	0
1289	187	0
1290	222	0
1291	181	0
1292	184	0
1293	225	0
1294	212	0
1295	224	0
1296	220	0
1297	213	0
1298	225	0
1299	189	0
1300	201	0
1301	213	0
1302	226	0
1303	192	0
1304	197	0
1305	186	0
1306	203	0
1307	210	0
1308	212	0
1309	195	0
1310	204	0
1311	211	0
1312	213	0
1313	186	0
1314	206	0
1315	210	0
1316	218	0
1317	202	0
1318	194	0
1319	188	0
1320	216	0
1321	217	0
1322	192	0
1323	215	0
1324	177	0
1325	205	0
1326	202	0
1327	208	0
1328	225	0
1329	224	0
1330	216	0
1331	192	0
1332	206	0
1333	187	0
1334	198	0
1335	197	0
1336	186	0
1337	206	0
1338	193	0
1339	228	0
1340	193	0
1341	203	0
1342	204	0
1343	181	0
1344	207	0
1345	183	0
1346	201	0
1347	189	0
1348	200	0
1349	197	0
1350	215	0
1351	197	0
1352	207	0
1353	199	0
1354	202	0
1355	201	0
1356	213	0
1357	195	0
1358	219	0
1359	211	0
1360	218	0
1361	188	0
1362	214	0
1363	189	0
1364	194	0
1365	202	0
1366	209	0
1367	168	0
1368	222	0
1369	206	0
1370	186	0
1371	192	0
1372	210	0
1373	214	0
1374	201	0
1375	192	0
1376	194	0
1377	211	0
1378	230	0
1379	189	0
1380	210	0
1381	205	0
1382	230	0
1383	177	0
1384	215	0
1385	207	0
1386	214	0
1387	204	0
1388	214	0
1389	181	0
1390	194	0
1391	190	0
1392	212	0
1393	195	0
1394	195	0
1395	180	0
1396	189	0
1397	202	0
1398	206	0
1399	189	0
1400	206	0
1401	203	0
1402	216	0
1403	197	0
1404	215	0
1405	195	0
1406	197	0
1407	188	0
1408	204	0
1409	219	0
1410	211	0
1411	228	0
1412	211	0
1413	193	0
1414	229	0
1415	186	0
1416	206	0
1417	208	0
1418	191	0
1419	217	0
1420	178	0
1421	184	0
1422	200	0
1423	202	0
1424	199	0
1425	199	0
1426	213	0
1427	184	0
1428	187	0
1429	210	0
1430	203	0
1431	194	0
1432	201	0
1433	242	0
1434	193	0
1435	207	0
1436	219	0
1437	202	0
1438	192	0
1439	210	0
1440	207	0
1441	193	0
1442	206	0
1443	168	0
1444	194	0
1445	218	0
1446	207	0
1447	215	0
1448	219	0
1449	205	0
1450	233	0
1451	208	0
1452	226	0
1453	194	0
1454	223	0
1455	176	0
1456	185	0
1457	185	0
1458	184	0
1459	218	0
1460	189	0
1461	211	0
1462	235	0
1463	199	0
1464	214	0
1465	226	0
1466	201	0
1467	211	0
1468	236	0
1469	209	0
1470	223	0
1471	207	0
1472	166	0
1473	188	0
1474	194	0
1475	212	0
1476	217	0
1477	213	0
1478	197	0
1479	186	0
1480	187	0
1481	174	0
1482	204	0
1483	213	0
1484	195	0
1485	191	0
1486	208	0
1487	193	0
1488	201	0
1489	201	0
1490	195	0
1491	184	0
1492	164	0
1493	200	0
1494	222	0
1495	223	0
1496	210	0
1497	198	0
1498	217	0
1499	199	0
1500	180	0
1501	220	0
1502	174	0
1503	215	0
1504	218	0
1505	210	0
1506	213	0
1507	187	0
1508	210	0
1509	198	0
1510	206	0
1511	212	0
1512	195	0
1513	198	0
1514	207	0
1515	191	0
1516	198	0
1517	222	0
1518	208	0
1519	202	0
1520	230	0
1521	193	0
1522	209	0
1523	213	0
1524	191	0
1525	191	0
1526	215	0
1527	207	0
1528	176	0
1529	194	0
1530	160	0
1531	208	0
1532	221	0
1533	195	0
1534	172	0
1535	194	0
1536	200	0
1537	206	0
1538	200	0
1539	181	0
1540	203	0
1541	200	0
1542	205	0
1543	194	0
1544	197	0
1545	203	0
1546	218	0
1547	208	0
1548	206	0
1549	207	0
1550	221	0
1551	216	0
1552	190	0
1553	218	0
1554	183	0
1555	197	0
1556	158	0
1557	217	0
1558	190	0
1559	210	0
1560	195	0
1561	211	0
1562	205	0
1563	205	0
1564	209	0
1565	186	0
1566	199	0
1567	216	0
1568	206	0
1569	206	0
1570	183	0
1571	217	0
1572	201	0
1573	195	0
1574	216	0
1575	213	0
1576	196	0
1577	184	0
1578	200	0
1579	205	0
1580	203	0
1581	198	0
1582	213	0
1583	232	0
1584	218	0
1585	208	0
1586	183	0
1587	225	0
1588	202	0
1589	192	0
1590	219	0
1591	222	0
1592	203	0
1593	221	0
1594	214	0
1595	191	0
1596	213	0
1597	210	0
1598	206	0
1599	226	0
1600	217	0
1601	204	0
1602	211	0
1603	186	0
1604	197	0
1605	181	0
1606	207	0
1607	186	0
1608	203	0
1609	206	0
1610	198	0
1611	201	0
1612	209	0
1613	177	0
1614	204	0
1615	226	0
1616	203	0
1617	178	0
1618	207	0
1619	174	0
1620	191	0
1621	177	0
1622	233	0
1623	201	0
1624	193	0
1625	210	0
1626	209	0
1627	177	0
1628	232	0
1629	209	0
1630	171	0
1631	216	0
1632	197	0
1633	212	0
1634	204	0
1635	197	0
1636	203	0
1637	199	0
1638	212	0
1639	229	0
1640	217	0
1641	201	0
1642	206	0
1643	213	0
1644	187	0
1645	202	0
1646	227	0
1647	177	0
1648	181	0
1649	204	0
1650	190	0
1651	234	0
1652	181	0
1653	224	0
1654	210	0
1655	222	0
1656	179	0
1657	204	0
1658	214	0
1659	199	0
1660	203	0
1661	211	0
1662	195	0
1663	226	0
1664	198	0
1665	192	0
1666	205	0
1667	210	0
1668	221	0
1669	177	0
1670	211	0
1671	178	0
1672	215	0
1673	178	0
1674	230	0
1675	213	0
1676	218	0
1677	218	0
1678	238	0
1679	197	0
1680	187	0
1681	208	0
1682	222	0
1683	177	0
1684	225	0
1685	215	0
1686	215	0
1687	187	0
1688	186	0
1689	212	0
1690	208	0
1691	192	0
1692	214	0
1693	201	0
1694	226	0
1695	200	0
1696	180	0
1697	189	0
1698	210	0
1699	212	0
1700	195	0
1701	211	0
1702	225	0
1703	222	0
1704	183	0
1705	197	0
1706	184	0
1707	171	0
1708	188	0
1709	201	0
1710	213	0
1711	191	0
1712	199	0
1713	189	0
1714	225	0
1715	189	0
1716	206	0
1717	201	0
1718	191	0
1719	164	0
1720	191	0
1721	230	0
1722	200	0
1723	213	0
1724	185	0
1725	217	0
1726	228	0
1727	185	0
1728	237	0
1729	205	0
1730	204	0
1731	231	0
1732	234	0
1733	214	0
1734	191	0
1735	203	0
1736	210	0
1737	194	0
1738	227	0
1739	194	0
1740	200	0
1741	204	0
1742	189	0
1743	190	0
1744	220	0
1745	206	0
1746	192	0
1747	239	0
1748	214	0
1749	185	0
1750	187	0
1751	204	0
1752	190	0
1753	201	0
1754	207	0
1755	214	0
1756	199	0
1757	187	0
1758	206	0
1759	198	0
1760	195	0
1761	182	0
1762	209	0
1763	203	0
1764	206	0
1765	222	0
1766	183	0
1767	188	0
1768	220	0
1769	214	0
1770	210	0
1771	201	0
1772	193	0
1773	183	0
1774	210	0
1775	196	0
1776	240	0
1777	215	0
1778	190	0
1779	201	0
1780	242	0
1781	187	0
1782	198	0
1783	201	0
1784	182	0
1785	184	0
1786	215	0
1787	220	0
1788	218	0
1789	192	0
1790	214	0
1791	220	0
1792	202	0
1793	207	0
1794	190	0
1795	191	0
1796	209	0
1797	207	0
1798	224	0
1799	218	0
1800	187	0
1801	219	0
1802	201	0
1803	200	0
1804	200	0
1805	202	0
1806	203	0
1807	200	0
1808	213	0
1809	203	0
1810	207	0
1811	206	0
1812	226	0
1813	203	0
1814	227	0
1815	177	0
1816	194	0
1817	216	0
1818	212	0
1819	206	0
1820	196	0
1821	207	0
1822	191	0
1823	192	0
1824	222	0
1825	202	0
1826	199	0
1827	211	0
1828	210	0
1829	196	0
1830	195	0
1831	202	0
1832	206	0
1833	185	0
1834	222	0
1835	212	0
1836	198	0
1837	207	0
1838	215	0
1839	175	0
1840	214	0
1841	200	0
1842	203	0
1843	216	0
1844	199	0
1845	207	0
1846	215	0
1847	202	0
1848	196	0
1849	199	0
1850	198	0
1851	213	0
1852	194	0
1853	171	0
1854	217	0
1855	225	0
1856	205	0
1857	207	0
1858	228	0
1859	193	0
1860	222	0
1861	203	0
1862	188	0
1863	195	0
1864	194	0
1865	193	0
1866	176	0
1867	190	0
1868	179	0
1869	198	0
1870	198	0
1871	198	0
1872	192	0
1873	227	0
1874	198	0
1875	208	0
1876	213	0
1877	216	0
1878	219	0
1879	215	0
1880	197	0
1881	211	0
1882	202	0
1883	211	0
1884	190	0
1885	184	0
1886	174	0
1887	204	0
1888	210	0
1889	208	0
1890	178	0
1891	194	0
1892	217	0
1893	199	0
1894	200	0
1895	214	0
1896	173	0
1897	224	0
1898	221	0
1899	212	0
1900	182	0
1901	203	0
1902	201	0
1903	190	0
1904	196	0
1905	193	0
1906	228	0
1907	224	0
1908	194	0
1909	219	0
1910	236	0
1911	187	0
1912	205	0
1913	183	0
1914	189	0
1915	193	0
1916	200	0
1917	215	0
1918	218	0
1919	186	0
1920	202	0
1921	206	0
1922	187	0
1923	201	0
1924	217	0
1925	186	0
1926	195	0
1927	183	0
1928	202	0
1929	180	0
1930	215	0
1931	191	0
1932	199	0
1933	176	0
1934	202	0
1935	217	0
1936	219	0
1937	213	0
1938	217	0
1939	214	0
1940	210	0
1941	186	0
1942	180	0
1943	216	0
1944	218	0
1945	224	0
1946	207	0
1947	215	0
1948	239	0
1949	206	0
1950	203	0
1951	221	0
1952	207	0
1953	212	0
1954	186	0
1955	236	0
1956	196	0
1957	202	0
1958	216	0
1959	189	0
1960	190	0
1961	224	0
1962	187	0
1963	197	0
1964	204	0
1965	229	0
1966	206	0
1967	193	0
1968	199	0
1969	195	0
1970	200	0
1971	187	0
1972	202	0
1973	212	0
1974	216	0
1975	204	0
1976	211	0
1977	209	0
1978	193	0
1979	208	0
1980	218	0
1981	213	0
1982	204	0
1983	223	0
1984	218	0
1985	193	0
1986	207	0
1987	184	0
1988	221	0
1989	188	0
1990	206	0
1991	202	0
1992	197	0
1993	195	0
1994	182	0
1995	205	0
1996	201	0
1997	205	0
1998	192	0
1999	202	0
2000	191	0
2001	192	0
2002	188	0
2003	195	0
2004	183	0
2005	183	0
2006	229	0
2007	238	0
2008	208	0
2009	226	0
2010	212	0
2011	178	0
2012	197	0
2013	208	0
2014	217	0
2015	185	0
2016	194	0
2017	216	0
2018	203	0
2019	197	0
2020	190	0
2021	215	0
2022	189	0
2023	194	0
2024	196	0
2025	185	0
2026	218	0
2027	191	0
2028	189	0
2029	186	0
2030	195	0
2031	206	0
2032	204	0
2033	223	0
2034	191	0
2035	184	0
2036	194	0
2037	215	0
2038	207	0
2039	207	0
2040	180	0
2041	246	0
2042	199	0
2043	184	0
2044	221	0
2045	205	0
2046	220	0
2047	183	0
2048	195	0
2049	219	0
2050	202	0
2051	174	0
2052	180	0
2053	220	0
2054	218	0
2055	189	0
2056	218	0
2057	225	0
2058	212	0
2059	213	0
2060	191	0
2061	213	0
2062	200	0
2063	191	0
2064	211	0
2065	199	0
2066	175	0
2067	195	0
2068	188	0
2069	195	0
2070	211	0
2071	197	0
2072	210	0
2073	188	0
2074	226	0
2075	204	0
2076	207	0
2077	182	0
2078	213	0
2079	201	0
2080	205	0
2081	176	0
2082	211	0
2083	192	0
2084	172	0
2085	199	0
2086	224	0
2087	215	0
2088	181	0
2089	201	0
2090	202	0
2091	209	0
2092	225	0
2093	191	0
2094	203	0
2095	208	0
2096	211	0
2097	213	0
2098	218	0
2099	192	0
2100	199	0
2101	193	0
2102	231	0
2103	208	0
2104	214	0
2105	190	0
2106	212	0
2107	205	0
2108	207	0
2109	201	0
2110	223	0
2111	198	0
2112	197	0
2113	185	0
2114	206	0
2115	181	0
2116	188	0
2117	220	0
2118	200	0
2119	196	0
2120	222	0
2121	210	0
2122	234	0
2123	191	0
2124	217	0
2125	205	0
2126	224	0
2127	207	0
2128	192	0
2129	217	0
2130	232	0
2131	195	0
2132	203	0
2133	209	0
2134	206	0
2135	220	0
2136	187	0
2137	206	0
2138	191	0
2139	194	0
2140	198	0
2141	199	0
2142	196	0
2143	212	0
2144	205	0
2145	195	0
2146	180	0
2147	204	0
2148	194	0
2149	229	0
2150	194	0
2151	185	0
2152	198	0
2153	207	0
2154	203	0
2155	203	0
2156	218	0
2157	197	0
2158	207	0
2159	209	0
2160	206	0
2161	194	0
2162	190	0
2163	210	0
2164	209	0
2165	231	0
2166	188	0
2167	195	0
2168	202	0
2169	222	0
2170	214	0
2171	212	0
2172	181	0
2173	184	0
2174	189	0
2175	178	0
2176	167	0
2177	185	0
2178	204	0
2179	194	0
2180	204	0
2181	196	0
2182	235	0
2183	227	0
2184	158	0
2185	209	0
2186	236	0
2187	192	0
2188	210	0
2189	239	0
2190	211	0
2191	227	0
2192	199	0
2193	193	0
2194	206	0
2195	196	0
2196	218	0
2197	176	0
2198	210	0
2199	182	0
2200	208	0
2201	194	0
2202	197	0
2203	190	0
2204	223	0
2205	183	0
2206	198	0
2207	251	0
2208	216	0
2209	205	0
2210	193	0
2211	185	0
2212	211	0
2213	211	0
2214	180	0
2215	197	0
2216	209	0
2217	237	0
2218	197	0
2219	195	0
2220	204	0
2221	203	0
2222	194	0
2223	179	0
2224	206	0
2225	186	0
2226	215	0
2227	206	0
2228	205	0
2229	195	0
2230	195	0
2231	206	0
2232	182	0
2233	182	0
2234	227	0
2235	222	0
2236	203	0
2237	192	0
2238	187	0
2239	216	0
2240	180	0
2241	182	0
2242	205	0
2243	210	0
2244	196	0
2245	229	0
2246	198	0
2247	172	0
2248	198	0
2249	214	0
2250	220	0
2251	213	0
2252	209	0
2253	219	0
2254	215	0
2255	196	0
2256	200	0
2257	221	0
2258	169	0
2259	211	0
2260	212	0
2261	218	0
2262	227	0
2263	185	0
2264	213	0
2265	200	0
2266	203	0
2267	218	0
2268	202	0
2269	212	0
2270	201	0
2271	213	0
2272	236	0
2273	165	0
2274	213	0
2275	179	0
2276	164	0
2277	218	0
2278	207	0
2279	200	0
2280	197	0
2281	218	0
2282	184	0
2283	187	0
2284	205	0
2285	210	0
2286	206	0
2287	198	0
2288	203	0
2289	215	0
2290	184	0
2291	193	0
2292	216	0
2293	205	0
2294	182	0
2295	189	0
2296	195	0
2297	217	0
2298	214	0
2299	225	0
2300	198	0
2301	212	0
2302	204	0
2303	210	0
2304	219	0
2305	200	0
2306	226	0
2307	209	0
2308	193	0
2309	180	0
2310	204	0
2311	185	0
2312	230	0
2313	176	0
2314	241	0
2315	194	0
2316	187	0
2317	212	0
2318	230	0
2319	188	0
2320	201	0
2321	205	0
2322	184	0
2323	203	0
2324	201	0
2325	190	0
2326	202	0
2327	213	0
2328	191	0
2329	204	0
2330	215	0
2331	197	0
2332	202	0
2333	193	0
2334	195	0
2335	216	0
2336	197	0
2337	213	0
2338	214	0
2339	200	0
2340	179	0
2341	197	0
2342	167	0
2343	200	0
2344	206	0
2345	158	0
2346	221	0
2347	212	0
2348	204	0
2349	214	0
2350	212	0
2351	182	0
2352	178	0
2353	194	0
2354	217	0
2355	200	0
2356	203	0
2357	195	0
2358	220	0
2359	207	0
2360	210	0
2361	197	0
2362	197	0
2363	166	0
2364	212	0
2365	224	0
2366	217	0
2367	265	0
2368	194	0
2369	202	0
2370	205	0
2371	203	0
2372	181	0
2373	215	0
2374	209	0
2375	186	0
2376	201	0
2377	176	0
2378	190	0
2379	204	0
2380	180	0
2381	191	0
2382	194	0
2383	218	0
2384	193	0
2385	199	0
2386	220	0
2387	187	0
2388	217	0
2389	203	0
2390	193	0
2391	208	0
2392	207	0
2393	215	0
2394	215	0
2395	181	0
2396	227	0
2397	187	0
2398	217	0
2399	220	0
2400	180	0
2401	203	0
2402	206	0
2403	194	0
2404	226	0
2405	181	0
2406	220	0
2407	194	0
2408	204	0
2409	215	0
2410	220	0
2411	204	0
2412	201	0
2413	194	0
2414	195	0
2415	190	0
2416	204	0
2417	214	0
2418	198	0
2419	207	0
2420	194	0
2421	214	0
2422	204	0
2423	214	0
2424	185	0
2425	199	0
2426	184	0
2427	222	0
2428	192	0
2429	207	0
2430	219	0
2431	206	0
2432	212	0
2433	194	0
2434	195	0
2435	183	0
2436	218	0
2437	211	0
2438	205	0
2439	222	0
2440	218	0
2441	229	0
2442	202	0
2443	226	0
2444	182	0
2445	186	0
2446	228	0
2447	224	0
2448	208	0
2449	183	0
2450	198	0
2451	193	0
2452	182	0
2453	208	0
2454	215	0
2455	205	0
2456	216	0
2457	206	0
2458	223	0
2459	182	0
2460	214	0
2461	202	0
2462	180	0
2463	207	0
2464	177	0
2465	202	0
2466	190	0
2467	182	0
2468	219	0
2469	210	0
2470	202	0
2471	209	0
2472	192	0
2473	197	0
2474	205	0
2475	208	0
2476	217	0
2477	196	0
2478	194	0
2479	193	0
2480	214	0
2481	199	0
2482	223	0
2483	213	0
2484	193	0
2485	204	0
2486	203	0
2487	217	0
2488	217	0
2489	209	0
2490	194	0
2491	223	0
2492	204	0
2493	217	0
2494	224	0
2495	212	0
2496	212	0
2497	221	0
2498	196	0
2499	192	0
2500	190	0
2501	213	0
2502	212	0
2503	195	0
2504	208	0
2505	193	0
2506	192	0
2507	215	0
2508	206	0
2509	194	0
2510	237	0
2511	200	0
2512	208	0
2513	218	0
2514	193	0
2515	182	0
2516	204	0
2517	202	0
2518	204	0
2519	194	0
2520	210	0
2521	203	0
2522	220	0
2523	193	0
2524	225	0
2525	213	0
2526	182	0
2527	217	0
2528	186	0
2529	176	0
2530	201	0
2531	210	0
2532	188	0
2533	203	0
2534	194	0
2535	182	0
2536	203	0
2537	183	0
2538	197	0
2539	186	0
2540	198	0
2541	200	0
2542	209	0
2543	198	0
2544	223	0
2545	215	0
2546	193	0
2547	203	0
2548	215	0
2549	168	0
2550	201	0
2551	185	0
2552	193	0
2553	193	0
2554	207	0
2555	184	0
2556	196	0
2557	195	0
2558	184	0
2559	225	0
2560	217	0
2561	193	0
2562	219	0
2563	187	0
2564	189	0
2565	234	0
2566	204	0
2567	218	0
2568	226	0
2569	204	0
2570	190	0
2571	189	0
2572	220	0
2573	210	0
2574	178	0
2575	213	0
2576	209	0
2577	200	0
2578	222	0
2579	196	0
2580	204	0
2581	224	0
2582	221	0
2583	186	0
2584	198	0
2585	203	0
2586	200	0
2587	209	0
2588	186	0
2589	218	0
2590	197	0
2591	222	0
2592	178	0
2593	219	0
2594	194	0
2595	242	0
2596	188	0
2597	196	0
2598	223	0
2599	219	0
2600	214	0
2601	208	0
2602	218	0
2603	205	0
2604	200	0
2605	164	0
2606	209	0
2607	210	0
2608	212	0
2609	198	0
2610	201	0
2611	213	0
2612	178	0
2613	220	0
2614	206	0
2615	186	0
2616	187	0
2617	208	0
2618	195	0
2619	222	0
2620	179	0
2621	193	0
2622	205	0
2623	190	0
2624	223	0
2625	189	0
2626	208	0
2627	195	0
2628	209	0
2629	193	0
2630	202	0
2631	212	0
2632	216	0
2633	163	0
2634	205	0
2635	198	0
2636	219	0
2637	205	0
2638	217	0
2639	187	0
2640	219	0
2641	206	0
2642	200	0
2643	196	0
2644	184	0
2645	212	0
2646	175	0
2647	194	0
2648	206	0
2649	201	0
2650	202	0
2651	188	0
2652	184	0
2653	205	0
2654	204	0
2655	203	0
2656	208	0
2657	208	0
2658	209	0
2659	199	0
2660	189	0
2661	203	0
2662	211	0
2663	214	0
2664	185	0
2665	212	0
2666	203	0
2667	225	0
2668	204	0
2669	199	0
2670	182	0
2671	249	0
2672	240	0
2673	188	0
2674	230	0
2675	213	0
2676	211	0
2677	205	0
2678	201	0
2679	196	0
2680	219	0
2681	216	0
2682	209	0
2683	178	0
2684	179	0
2685	192	0
2686	228	0
2687	202	0
2688	218	0
2689	188	0
2690	195	0
2691	197	0
2692	200	0
2693	198	0
2694	178	0
2695	214	0
2696	215	0
2697	194	0
2698	196	0
2699	187	0
2700	203	0
2701	194	0
2702	202	0
2703	218	0
2704	189	0
2705	226	0
2706	160	0
2707	194	0
2708	204	0
2709	223	0
2710	192	0
2711	182	0
2712	223	0
2713	196	0
2714	198	0
2715	194	0
2716	198	0
2717	186	0
2718	199	0
2719	188	0
2720	178	0
2721	190	0
2722	200	0
2723	201	0
2724	194	0
2725	207	0
2726	197	0
2727	200	0
2728	186	0
2729	207	0
2730	222	0
2731	179	0
2732	212	0
2733	189	0
2734	232	0
2735	216	0
2736	219	0
2737	227	0
2738	179	0
2739	204	0
2740	218	0
2741	198	0
2742	175	0
2743	196	0
2744	198	0
2745	207	0
2746	189	0
2747	207	0
2748	175	0
2749	180	0
2750	221	0
2751	194	0
2752	193	0
2753	196	0
2754	236	0
2755	188	0
2756	201	0
2757	218	0
2758	200	0
2759	203	0
2760	235	0
2761	179	0
2762	188	0
2763	219	0
2764	225	0
2765	207	0
2766	211	0
2767	218	0
2768	215	0
2769	198	0
2770	208	0
2771	195	0
2772	209	0
2773	217	0
2774	210	0
2775	196	0
2776	180	0
2777	205	0
2778	199	0
2779	184	0
2780	203	0
2781	197	0
2782	191	0
2783	206	0
2784	188	0
2785	188	0
2786	192	0
2787	188	0
2788	214	0
2789	223	0
2790	177	0
2791	188	0
2792	229	0
2793	207	0
2794	205	0
2795	203	0
2796	201	0
2797	205	0
2798	214	0
2799	204	0
2800	209	0
2801	190	0
2802	195	0
2803	200	0
2804	212	0
2805	181	0
2806	218	0
2807	197	0
2808	203	0
2809	184	0
2810	202	0
2811	196	0
2812	187	0
2813	212	0
2814	197	0
2815	210	0
2816	192	0
2817	193	0
2818	213	0
2819	221	0
2820	196	0
2821	203	0
2822	184	0
2823	187	0
2824	222	0
2825	169	0
2826	187	0
2827	212	0
2828	196	0
2829	191	0
2830	169	0
2831	213	0
2832	192	0
2833	196	0
2834	185	0
2835	221	0
2836	214	0
2837	197	0
2838	211	0
2839	182	0
2840	195	0
2841	196	0
2842	189	0
2843	221	0
2844	228	0
2845	231	0
2846	204	0
2847	213	0
2848	203	0
2849	203	0
2850	195	0
2851	183	0
2852	213	0
2853	177	0
2854	205	0
2855	204	0
2856	221	0
2857	193	0
2858	198	0
2859	194	0
2860	218	0
2861	190	0
2862	198	0
2863	196	0
2864	214	0
2865	200	0
2866	181	0
2867	207	0
2868	214	0
2869	199	0
2870	178	0
2871	192	0
2872	206	0
2873	221	0
2874	204	0
2875	196	0
2876	213	0
2877	199	0
2878	197	0
2879	190	0
2880	192	0
2881	189	0
2882	200	0
2883	225	0
2884	194	0
2885	213	0
2886	193	0
2887	178	0
2888	220	0
2889	203	0
2890	194	0
2891	190	0
2892	206	0
2893	208	0
2894	211	0
2895	194	0
2896	205	0
2897	210	0
2898	211	0
2899	186	0
2900	220	0
2901	211	0
2902	193	0
2903	200	0
2904	203	0
2905	199	0
2906	185	0
2907	207	0
2908	187	0
2909	196	0
2910	200	0
2911	202	0
2912	203	0
2913	175	0
2914	196	0
2915	228	0
2916	221	0
2917	212	0
2918	195	0
2919	204	0
2920	186	0
2921	194	0
2922	224	0
2923	204	0
2924	192	0
2925	205	0
2926	213	0
2927	210	0
2928	185	0
2929	228	0
2930	228	0
2931	205	0
2932	194	0
2933	189	0
2934	210	0
2935	187	0
2936	215	0
2937	181	0
2938	226	0
2939	190	0
2940	194	0
2941	188	0
2942	176	0
2943	212	0
2944	203	0
2945	207	0
2946	190	0
2947	210	0
2948	202	0
2949	195	0
2950	196	0
2951	189	0
2952	193	0
2953	233	0
2954	190	0
2955	183	0
2956	202	0
2957	197	0
2958	226	0
2959	180	0
2960	200	0
2961	214	0
2962	198	0
2963	180	0
2964	205	0
2965	225	0
2966	233	0
2967	191	0
2968	170	0
2969	209	0
2970	196	0
2971	213	0
2972	174	0
2973	188	0
2974	185	0
2975	215	0
2976	189	0
2977	204	0
2978	206	0
2979	196	0
2980	180	0
2981	214	0
2982	210	0
2983	195	0
2984	203	0
2985	172	0
2986	186	0
2987	198	0
2988	212	0
2989	221	0
2990	187	0
2991	196	0
2992	218	0
2993	228	0
2994	206	0
2995	217	0
2996	202	0
2997	201	0
2998	170	0
2999	215	0
3000	219	0
