1	192	0
2	189	0
3	194	0
4	207	0
5	213	0
6	222	0
7	190	0
8	212	0
9	200	0
10	201	0
11	190	0
12	180	0
13	209	0
14	208	0
15	217	0
16	182	0
17	209	0
18	190	0
19	209	0
20	212	0
21	177	0
22	192	0
23	212	0
24	208	0
25	203	0
26	212	0
27	197	0
28	211	0
29	176	0
30	184	0
31	213	0
32	215	0
33	190	0
34	199	0
35	187	0
36	206	0
37	203	0
38	226	0
39	197	0
40	204	0
41	221	0
42	199	0
43	172	0
44	192	0
45	193	0
46	224	0
47	182	0
48	200	0
49	190	0
50	197	0
51	199	0
52	217	0
53	184	0
54	206	0
55	186	0
56	214	0
57	196	0
58	177	0
59	176	0
60	198	0
61	197	0
62	189	0
63	183	0
64	203	0
65	185	0
66	179	0
67	216	0
68	216	0
69	185	0
70	192	0
71	186	0
72	184	0
73	197	0
74	215	0
75	195	0
76	226	0
77	195	0
78	189	0
79	201	0
80	173	0
81	221	0
82	170	0
83	191	0
84	200	0
85	186	0
86	194	0
87	212	0
88	185	0
89	200	0
90	203	0
91	175	0
92	183	0
93	196	0
94	214	0
95	213	0
96	197	0
97	192	0
98	191	0
99	212	0
100	199	0
101	172	0
102	198	0
103	192	0
104	181	0
105	180	0
106	204	0
107	176	0
108	211	0
109	174	0
110	204	0
111	213	0
112	173	0
113	248	0
114	207	0
115	190	0
116	184	0
117	183	0
118	202	0
119	192	0
120	185	0
121	200	0
122	205	0
123	206	0
124	195	0
125	207	0
126	214	0
127	197	0
128	237	0
129	169	0
130	178	0
131	218	0
132	199	0
133	195	0
134	220	0
135	187	0
136	238	0
137	214	0
138	224	0
139	203	0
140	215	0
141	190	0
142	215	0
143	201	0
144	196	0
145	193	0
146	211	0
147	199	0
148	219	0
149	160	0
150	189	0
151	209	0
152	179	0
153	198	0
154	185	0
155	193	0
156	203	0
157	204	0
158	198	0
159	182	0
160	207	0
161	211	0
162	187	0
163	189	0
164	205	0
165	190	0
166	201	0
167	194	0
168	195	0
169	211	0
170	186	0
171	213	0
172	200	0
173	205	0
174	185	0
175	189	0
176	189	0
177	236	0
178	211	0
179	171	0
180	231	0
181	204	0
182	187	0
183	208	0
184	204	0
185	197	0
186	212	0
187	206	0
188	195	0
189	218	0
190	190	0
191	196	0
192	189	0
193	171	0
194	211	0
195	213	0
196	196	0
197	203	0
198	217	0
199	178	0
200	218	0
201	212	0
202	216	0
203	207	0
204	205	0
205	239	0
206	198	0
207	217	0
208	171	0
209	217	0
210	219	0
211	200	0
212	190	0
213	190	0
214	192	0
215	180	0
216	200	0
217	205	0
218	214	0
219	201	0
220	193	0
221	186	0
222	234	0
223	194	0
224	186	0
225	172	0
226	218	0
227	211	0
228	213	0
229	190	0
230	215	0
231	194	0
232	194	0
233	190	0
234	184	0
235	190	0
236	215	0
237	198	0
238	187	0
239	169	0
240	198	0
241	183	0
242	211	0
243	217	0
244	190	0
245	200	0
246	214	0
247	186	0
248	199	0
249	195	0
250	209	0
251	229	0
252	204	0
253	206	0
254	203	0
255	200	0
256	209	0
257	202	0
258	212	0
259	207	0
260	192	0
261	185	0
262	199	0
263	184	0
264	189	0
265	206	0
266	210	0
267	203	0
268	196	0
269	203	0
270	203	0
271	205	0
272	205	0
273	195	0
274	175	0
275	205	0
276	218	0
277	184	0
278	204	0
279	199	0
280	180	0
281	195	0
282	187	0
283	194	0
284	199	0
285	188	0
286	196	0
287	206	0
288	207	0
289	172	0
290	222	0
291	184	0
292	210	0
293	208	0
294	203	0
295	196	0
296	188	0
297	196	0
298	183	0
299	192	0
300	211	0
301	181	0
302	209	0
303	219	0
304	217	0
305	223	0
306	231	0
307	202	0
308	201	0
309	172	0
310	212	0
311	201	0
312	218	0
313	167	0
314	220	0
315	200	0
316	209	0
317	183	0
318	197	0
319	191	0
320	166	0
321	180	0
322	191	0
323	187	0
324	223	0
325	194	0
326	211	0
327	195	0
328	220	0
329	211	0
330	196	0
331	192	0
332	214	0
333	186	0
334	205	0
335	183	0
336	191	0
337	214	0
338	217	0
339	242	0
340	209	0
341	201	0
342	184	0
343	201	0
344	191	0
345	211	0
346	187	0
347	208	0
348	198	0
349	180	0
350	192	0
351	204	0
352	182	0
353	186	0
354	199	0
355	200	0
356	231	0
357	205	0
358	209	0
359	221	0
360	208	0
361	229	0
362	202	0
363	184	0
364	205	0
365	180	0
366	192	0
367	199	0
368	211	0
369	230	0
370	200	0
371	208	0
372	188	0
373	184	0
374	171	0
375	187	0
376	198	0
377	213	0
378	211	0
379	181	0
380	210	0
381	198	0
382	184	0
383	204	0
384	184	0
385	194	0
386	191	0
387	201	0
388	196	0
389	186	0
390	185	0
391	194	0
392	197	0
393	188	0
394	223	0
395	195	0
396	212	0
397	181	0
398	217	0
399	181	0
400	184	0
401	214	0
402	215	0
403	216	0
404	204	0
405	182	0
406	186	0
407	185	0
408	213	0
409	172	0
410	190	0
411	166	0
412	219	0
413	199	0
414	209	0
415	221	0
416	201	0
417	237	0
418	201	0
419	180	0
420	192	0
421	194	0
422	185	0
423	206	0
424	186	0
425	176	0
426	194	0
427	189	0
428	193	0
429	192	0
430	202	0
431	198	0
432	193	0
433	195	0
434	188	0
435	237	0
436	197	0
437	198	0
438	225	0
439	202	0
440	204	0
441	194	0
442	222	0
443	186	0
444	210	0
445	193	0
446	199	0
447	209	0
448	217	0
449	198	0
450	209	0
451	220	0
452	170	0
453	184	0
454	196	0
455	234	0
456	209	0
457	204	0
458	187	0
459	202	0
460	177	0
461	215	0
462	190	0
463	186	0
464	216	0
465	192	0
466	219	0
467	206	0
468	195	0
469	210	0
470	207	0
471	211	0
472	195	0
473	217	0
474	234	0
475	204	0
476	191	0
477	199	0
478	202	0
479	171	0
480	186	0
481	185	0
482	215	0
483	197	0
484	192	0
485	208	0
486	209	0
487	201	0
488	201	0
489	195	0
490	180	0
491	191	0
492	195	0
493	217	0
494	214	0
495	218	0
496	159	0
497	204	0
498	205	0
499	186	0
500	221	0
501	177	0
502	182	0
503	197	0
504	200	0
505	180	0
506	210	0
507	197	0
508	209	0
509	213	0
510	180	0
511	196	0
512	198	0
513	213	0
514	206	0
515	189	0
516	179	0
517	194	0
518	201	0
519	192	0
520	198	0
521	191	0
522	185	0
523	263	0
524	215	0
525	195	0
526	211	0
527	203	0
528	175	0
529	190	0
530	165	0
531	205	0
532	209	0
533	184	0
534	207	0
535	182	0
536	198	0
537	228	0
538	189	0
539	200	0
540	196	0
541	210	0
542	194	0
543	175	0
544	205	0
545	209	0
546	216	0
547	191	0
548	191	0
549	205	0
550	189	0
551	201	0
552	200	0
553	220	0
554	176	0
555	203	0
556	231	0
557	198	0
558	189	0
559	187	0
560	191	0
561	196	0
562	190	0
563	163	0
564	193	0
565	176	0
566	184	0
567	192	0
568	189	0
569	196	0
570	215	0
571	195	0
572	171	0
573	188	0
574	177	0
575	216	0
576	195	0
577	197	0
578	219	0
579	201	0
580	211	0
581	197	0
582	192	0
583	202	0
584	192	0
585	218	0
586	184	0
587	201	0
588	198	0
589	193	0
590	231	0
591	214	0
592	168	0
593	210	0
594	202	0
595	220	0
596	187	0
597	194	0
598	190	0
599	238	0
600	179	0
601	236	0
602	219	0
603	184	0
604	192	0
605	227	0
606	206	0
607	179	0
608	188	0
609	213	0
610	206	0
611	211	0
612	174	0
613	195	0
614	168	0
615	213	0
616	208	0
617	192	0
618	189	0
619	194	0
620	200	0
621	187	0
622	203	0
623	225	0
624	177	0
625	217	0
626	178	0
627	230	0
628	182	0
629	206	0
630	185	0
631	181	0
632	202	0
633	238	0
634	183	0
635	216	0
636	194	0
637	198	0
638	196	0
639	192	0
640	208	0
641	191	0
642	193	0
643	188	0
644	210	0
645	200	0
646	179	0
647	196	0
648	183	0
649	208	0
650	196	0
651	198	0
652	199	0
653	185	0
654	178	0
655	201	0
656	203	0
657	214	0
658	221	0
659	197	0
660	202	0
661	181	0
662	213	0
663	199	0
664	181	0
665	195	0
666	225	0
667	206	0
668	203	0
669	193	0
670	227	0
671	214	0
672	195	0
673	210	0
674	195	0
675	194	0
676	170	0
677	184	0
678	212	0
679	205	0
680	187	0
681	204	0
682	213	0
683	201	0
684	189	0
685	201	0
686	199	0
687	192	0
688	191	0
689	183	0
690	219	0
691	187	0
692	187	0
693	217	0
694	184	0
695	214	0
696	182	0
697	208	0
698	190	0
699	220	0
700	222	0
701	192	0
702	220	0
703	195	0
704	213	0
705	191	0
706	176	0
707	198	0
708	203	0
709	190	0
710	192	0
711	216	0
712	190	0
713	205	0
714	186	0
715	158	0
716	201	0
717	201	0
718	184	0
719	204	0
720	171	0
721	196	0
722	200	0
723	175	0
724	206	0
725	206	0
726	200	0
727	199	0
728	198	0
729	197	0
730	215	0
731	189	0
732	203	0
733	215	0
734	205	0
735	194	0
736	200	0
737	189	0
738	179	0
739	186	0
740	222	0
741	204	0
742	189	0
743	189	0
744	189	0
745	201	0
746	190	0
747	165	0
748	196	0
749	210	0
750	162	0
751	194	0
752	230	0
753	208	0
754	203	0
755	206	0
756	197	0
757	179	0
758	204	0
759	214	0
760	205	0
761	185	0
762	196	0
763	186	0
764	180	0
765	213	0
766	199	0
767	197	0
768	203	0
769	216	0
770	212	0
771	221	0
772	200	0
773	203	0
774	213	0
775	192	0
776	217	0
777	197	0
778	199	0
779	205	0
780	191	0
781	194	0
782	214	0
783	223	0
784	197	0
785	178	0
786	178	0
787	208	0
788	182	0
789	195	0
790	186	0
791	229	0
792	210	0
793	179	0
794	193	0
795	181	0
796	188	0
797	194	0
798	214	0
799	190	0
800	206	0
801	181	0
802	199	0
803	204	0
804	204	0
805	236	0
806	183	0
807	198	0
808	205	0
809	206	0
810	227	0
811	209	0
812	176	0
813	178	0
814	231	0
815	187	0
816	215	0
817	203	0
818	199	0
819	177	0
820	174	0
821	205	0
822	169	0
823	180	0
824	204	0
825	196	0
826	227	0
827	186	0
828	206	0
829	191	0
830	203	0
831	207	0
832	194	0
833	193	0
834	189	0
835	224	0
836	190	0
837	192	0
838	226	0
839	216	0
840	215	0
841	191	0
842	214	0
843	172	0
844	179	0
845	199	0
846	205	0
847	231	0
848	199	0
849	198	0
850	207	0
851	207	0
852	198	0
853	195	0
854	198	0
855	164	0
856	199	0
857	203	0
858	195	0
859	191	0
860	201	0
861	190	0
862	190	0
863	201	0
864	204	0
865	212	0
866	209	0
867	211	0
868	196	0
869	183	0
870	210	0
871	191	0
872	169	0
873	216	0
874	191	0
875	224	0
876	159	0
877	219	0
878	190	0
879	214	0
880	186	0
881	215	0
882	210	0
883	184	0
884	211	0
885	225	0
886	240	0
887	204	0
888	200	0
889	209	0
890	193	0
891	220	0
892	196	0
893	188	0
894	223	0
895	197	0
896	193	0
897	172	0
898	214	0
899	209	0
900	189	0
901	185	0
902	202	0
903	197	0
904	214	0
905	207	0
906	180	0
907	198	0
908	215	0
909	204	0
910	192	0
911	191	0
912	201	0
913	203	0
914	191	0
915	201	0
916	191	0
917	212	0
918	205	0
919	182	0
920	212	0
921	201	0
922	211	0
923	194	0
924	217	0
925	184	0
926	200	0
927	214	0
928	209	0
929	195	0
930	170	0
931	201	0
932	186	0
933	186	0
934	208	0
935	173	0
936	205	0
937	213	0
938	193	0
939	192	0
940	172	0
941	185	0
942	200	0
943	211	0
944	187	0
945	188	0
946	213	0
947	225	0
948	190	0
949	234	0
950	194	0
951	195	0
952	189	0
953	228	0
954	214	0
955	187	0
956	197	0
957	198	0
958	207	0
959	175	0
960	219	0
961	193	0
962	228	0
963	194	0
964	190	0
965	219	0
966	194	0
967	212	0
968	196	0
969	184	0
970	206	0
971	216	0
972	217	0
973	191	0
974	202	0
975	183	0
976	188	0
977	194	0
978	180	0
979	211	0
980	212	0
981	236	0
982	216	0
983	234	0
984	193	0
985	198	0
986	212	0
987	203	0
988	228	0
989	192	0
990	188	0
991	202	0
992	234	0
993	191	0
994	193	0
995	215	0
996	193	0
997	199	0
998	191	0
999	212	0
1000	213	0
1001	195	0
1002	212	0
1003	177	0
1004	215	0
1005	197	0
1006	190	0
1007	199	0
1008	223	0
1009	198	0
1010	228	0
1011	215	0
1012	223	0
1013	219	0
1014	184	0
1015	210	0
1016	195	0
1017	192	0
1018	190	0
1019	209	0
1020	185	0
1021	205	0
1022	194	0
1023	190	0
1024	202	0
1025	214	0
1026	200	0
1027	232	0
1028	213	0
1029	207	0
1030	188	0
1031	196	0
1032	198	0
1033	197	0
1034	214	0
1035	205	0
1036	220	0
1037	180	0
1038	173	0
1039	188	0
1040	223	0
1041	191	0
1042	198	0
1043	197	0
1044	209	0
1045	210	0
1046	210	0
1047	204	0
1048	196	0
1049	177	0
1050	205	0
1051	184	0
1052	222	0
1053	213	0
1054	208	0
1055	202	0
1056	164	0
1057	213	0
1058	205	0
1059	200	0
1060	232	0
1061	192	0
1062	207	0
1063	197	0
1064	193	0
1065	188	0
1066	195	0
1067	224	0
1068	205	0
1069	183	0
1070	190	0
1071	222	0
1072	226	0
1073	223	0
1074	202	0
1075	186	0
1076	198	0
1077	178	0
1078	204	0
1079	202	0
1080	193	0
1081	214	0
1082	201	0
1083	198	0
1084	182	0
1085	208	0
1086	188	0
1087	208	0
1088	197	0
1089	197	0
1090	197	0
1091	206	0
1092	229	0
1093	209	0
1094	209	0
1095	210	0
1096	209	0
1097	227	0
1098	202	0
1099	210	0
1100	228	0
1101	201	0
1102	204	0
1103	196	0
1104	185	0
1105	216	0
1106	210	0
1107	176	0
1108	211	0
1109	187	0
1110	197	0
1111	168	0
1112	195	0
1113	188	0
1114	184	0
1115	194	0
1116	202	0
1117	241	0
1118	193	0
1119	203	0
1120	188	0
1121	205	0
1122	201	0
1123	197	0
1124	197	0
1125	195	0
1126	189	0
1127	199	0
1128	209	0
1129	187	0
1130	221	0
1131	213	0
1132	181	0
1133	203	0
1134	186	0
1135	208	0
1136	206	0
1137	187	0
1138	186	0
1139	206	0
1140	208	0
1141	219	0
1142	203	0
1143	184	0
1144	177	0
1145	190	0
1146	185	0
1147	212	0
1148	201	0
1149	183	0
1150	201	0
1151	202	0
1152	181	0
1153	191	0
1154	202	0
1155	222	0
1156	221	0
1157	202	0
1158	172	0
1159	218	0
1160	226	0
1161	216	0
1162	192	0
1163	214	0
1164	197	0
1165	179	0
1166	163	0
1167	200	0
1168	180	0
1169	219	0
1170	222	0
1171	192	0
1172	184	0
1173	184	0
1174	186	0
1175	214	0
1176	212	0
1177	216	0
1178	218	0
1179	202	0
1180	222	0
1181	205	0
1182	211	0
1183	165	0
1184	178	0
1185	193	0
1186	211	0
1187	199	0
1188	180	0
1189	224	0
1190	193	0
1191	215	0
1192	203	0
1193	232	0
1194	215	0
1195	189	0
1196	195	0
1197	204	0
1198	185	0
1199	230	0
1200	216	0
1201	206	0
1202	214	0
1203	207	0
1204	208	0
1205	209	0
1206	218	0
1207	190	0
1208	212	0
1209	202	0
1210	202	0
1211	204	0
1212	193	0
1213	222	0
1214	209	0
1215	191	0
1216	200	0
1217	200	0
1218	181	0
1219	206	0
1220	203	0
1221	222	0
1222	217	0
1223	218	0
1224	191	0
1225	188	0
1226	197	0
1227	191	0
1228	192	0
1229	196	0
1230	193	0
1231	202	0
1232	187	0
1233	224	0
1234	176	0
1235	178	0
1236	206	0
1237	208	0
1238	208	0
1239	194	0
1240	203	0
1241	202	0
1242	182	0
1243	180	0
1244	223	0
1245	212	0
1246	190	0
1247	183	0
1248	182	0
1249	188	0
1250	192	0
1251	209	0
1252	201	0
1253	168	0
1254	189	0
1255	175	0
1256	215	0
1257	167	0
1258	182	0
1259	195	0
1260	191	0
1261	216	0
1262	187	0
1263	214	0
1264	191	0
1265	180	0
1266	224	0
1267	191	0
1268	166	0
1269	200	0
1270	216	0
1271	197	0
1272	188	0
1273	164	0
1274	206	0
1275	168	0
1276	210	0
1277	202	0
1278	206	0
1279	167	0
1280	180	0
1281	210	0
1282	177	0
1283	217	0
1284	192	0
1285	194	0
1286	198	0
1287	185	0
1288	209	0
1289	194	0
1290	199	0
1291	203	0
1292	197	0
1293	224	0
1294	206	0
1295	189	0
1296	199	0
1297	201	0
1298	213	0
1299	216	0
1300	206	0
1301	212	0
1302	196	0
1303	192	0
1304	184	0
1305	224	0
1306	218	0
1307	211	0
1308	193	0
1309	205	0
1310	184	0
1311	206	0
1312	191	0
1313	205	0
1314	172	0
1315	195	0
1316	203	0
1317	212	0
1318	187	0
1319	215	0
1320	196	0
1321	210	0
1322	188	0
1323	197	0
1324	208	0
1325	170	0
1326	194	0
1327	191	0
1328	201	0
1329	212	0
1330	178	0
1331	210	0
1332	207	0
1333	204	0
1334	209	0
1335	205	0
1336	195	0
1337	213	0
1338	189	0
1339	192	0
1340	194	0
1341	230	0
1342	209	0
1343	186	0
1344	195	0
1345	191	0
1346	212	0
1347	209	0
1348	202	0
1349	187	0
1350	204	0
1351	197	0
1352	206	0
1353	175	0
1354	222	0
1355	174	0
1356	213	0
1357	209	0
1358	215	0
1359	230	0
1360	181	0
1361	197	0
1362	189	0
1363	200	0
1364	207	0
1365	185	0
1366	208	0
1367	229	0
1368	179	0
1369	196	0
1370	221	0
1371	213	0
1372	171	0
1373	198	0
1374	187	0
1375	196	0
1376	186	0
1377	199	0
1378	196	0
1379	205	0
1380	223	0
1381	216	0
1382	244	0
1383	179	0
1384	201	0
1385	175	0
1386	188	0
1387	173	0
1388	205	0
1389	182	0
1390	187	0
1391	213	0
1392	194	0
1393	235	0
1394	222	0
1395	185	0
1396	191	0
1397	222	0
1398	186	0
1399	208	0
1400	204	0
1401	192	0
1402	208	0
1403	196	0
1404	196	0
1405	193	0
1406	213	0
1407	205	0
1408	166	0
1409	195	0
1410	181	0
1411	187	0
1412	201	0
1413	205	0
1414	205	0
1415	206	0
1416	215	0
1417	180	0
1418	222	0
1419	209	0
1420	184	0
1421	198	0
1422	234	0
1423	211	0
1424	198	0
1425	206	0
1426	208	0
1427	192	0
1428	197	0
1429	201	0
1430	223	0
1431	202	0
1432	209	0
1433	202	0
1434	186	0
1435	174	0
1436	176	0
1437	200	0
1438	218	0
1439	206	0
1440	195	0
1441	210	0
1442	190	0
1443	209	0
1444	198	0
1445	183	0
1446	230	0
1447	223	0
1448	201	0
1449	189	0
1450	193	0
1451	192	0
1452	194	0
1453	199	0
1454	205	0
1455	197	0
1456	185	0
1457	226	0
1458	190	0
1459	209	0
1460	214	0
1461	212	0
1462	205	0
1463	198	0
1464	191	0
1465	222	0
1466	193	0
1467	206	0
1468	215	0
1469	199	0
1470	201	0
1471	191	0
1472	185	0
1473	187	0
1474	204	0
1475	210	0
1476	181	0
1477	200	0
1478	209	0
1479	214	0
1480	203	0
1481	216	0
1482	195	0
1483	202	0
1484	206	0
1485	197	0
1486	206	0
1487	206	0
1488	190	0
1489	195	0
1490	176	0
1491	224	0
1492	189	0
1493	188	0
1494	198	0
1495	202	0
1496	198	0
1497	198	0
1498	212	0
1499	202	0
1500	208	0
1501	198	0
1502	196	0
1503	210	0
1504	187	0
1505	214	0
1506	201	0
1507	203	0
1508	181	0
1509	218	0
1510	186	0
1511	208	0
1512	224	0
1513	199	0
1514	226	0
1515	185	0
1516	222	0
1517	183	0
1518	196	0
1519	225	0
1520	196	0
1521	217	0
1522	200	0
1523	203	0
1524	234	0
1525	200	0
1526	219	0
1527	200	0
1528	211	0
1529	189	0
1530	211	0
1531	192	0
1532	191	0
1533	213	0
1534	213	0
1535	217	0
1536	212	0
1537	200	0
1538	198	0
1539	165	0
1540	201	0
1541	202	0
1542	197	0
1543	193	0
1544	192	0
1545	182	0
1546	214	0
1547	232	0
1548	209	0
1549	196	0
1550	205	0
1551	182	0
1552	178	0
1553	202	0
1554	240	0
1555	192	0
1556	203	0
1557	214	0
1558	189	0
1559	189	0
1560	195	0
1561	176	0
1562	182	0
1563	221	0
1564	204	0
1565	207	0
1566	205	0
1567	196	0
1568	204	0
1569	204	0
1570	191	0
1571	199	0
1572	179	0
1573	182	0
1574	192	0
1575	193	0
1576	192	0
1577	195	0
1578	210	0
1579	196	0
1580	222	0
1581	219	0
1582	218	0
1583	184	0
1584	221	0
1585	211	0
1586	207	0
1587	198	0
1588	183	0
1589	213	0
1590	211	0
1591	180	0
1592	199	0
1593	190	0
1594	213	0
1595	204	0
1596	204	0
1597	195	0
1598	204	0
1599	199	0
1600	201	0
1601	186	0
1602	223	0
1603	197	0
1604	221	0
1605	187	0
1606	189	0
1607	209	0
1608	184	0
1609	198	0
1610	175	0
1611	208	0
1612	213	0
1613	150	0
1614	180	0
1615	229	0
1616	195	0
1617	217	0
1618	188	0
1619	187	0
1620	179	0
1621	217	0
1622	205	0
1623	207	0
1624	221	0
1625	220	0
1626	212	0
1627	200	0
1628	213	0
1629	181	0
1630	216	0
1631	206	0
1632	212	0
1633	212	0
1634	175	0
1635	196	0
1636	186	0
1637	206	0
1638	181	0
1639	167	0
1640	203	0
1641	217	0
1642	185	0
1643	173	0
1644	224	0
1645	213	0
1646	195	0
1647	208	0
1648	203	0
1649	221	0
1650	206	0
1651	199	0
1652	189	0
1653	192	0
1654	205	0
1655	207	0
1656	220	0
1657	174	0
1658	204	0
1659	191	0
1660	217	0
1661	204	0
1662	207	0
1663	188	0
1664	192	0
1665	190	0
1666	176	0
1667	210	0
1668	214	0
1669	213	0
1670	196	0
1671	209	0
1672	204	0
1673	200	0
1674	186	0
1675	197	0
1676	199	0
1677	189	0
1678	206	0
1679	184	0
1680	200	0
1681	191	0
1682	235	0
1683	183	0
1684	229	0
1685	201	0
1686	202	0
1687	221	0
1688	196	0
1689	169	0
1690	193	0
1691	193	0
1692	189	0
1693	221	0
1694	232	0
1695	188	0
1696	194	0
1697	202	0
1698	189	0
1699	182	0
1700	195	0
1701	208	0
1702	193	0
1703	214	0
1704	212	0
1705	184	0
1706	183	0
1707	192	0
1708	177	0
1709	198	0
1710	184	0
1711	234	0
1712	206	0
1713	181	0
1714	186	0
1715	191	0
1716	192	0
1717	212	0
1718	180	0
1719	187	0
1720	192	0
1721	202	0
1722	175	0
1723	170	0
1724	182	0
1725	193	0
1726	199	0
1727	206	0
1728	200	0
1729	208	0
1730	193	0
1731	209	0
1732	159	0
1733	180	0
1734	245	0
1735	193	0
1736	208	0
1737	197	0
1738	188	0
1739	192	0
1740	187	0
1741	186	0
1742	201	0
1743	197	0
1744	223	0
1745	210	0
1746	219	0
1747	210	0
1748	207	0
1749	223	0
1750	191	0
1751	208	0
1752	181	0
1753	196	0
1754	224	0
1755	181	0
1756	192	0
1757	210	0
1758	232	0
1759	202	0
1760	201	0
1761	193	0
1762	225	0
1763	194	0
1764	193	0
1765	185	0
1766	192	0
1767	201	0
1768	217	0
1769	189	0
1770	196	0
1771	181	0
1772	199	0
1773	193	0
1774	210	0
1775	200	0
1776	209	0
1777	213	0
1778	205	0
1779	217	0
1780	210	0
1781	215	0
1782	188	0
1783	198	0
1784	200	0
1785	199	0
1786	200	0
1787	217	0
1788	187	0
1789	204	0
1790	176	0
1791	194	0
1792	212	0
1793	192	0
1794	202	0
1795	194	0
1796	189	0
1797	197	0
1798	196	0
1799	213	0
1800	211	0
1801	178	0
1802	190	0
1803	217	0
1804	205	0
1805	182	0
1806	202	0
1807	208	0
1808	202	0
1809	188	0
1810	194	0
1811	207	0
1812	203	0
1813	192	0
1814	197	0
1815	194	0
1816	228	0
1817	178	0
1818	191	0
1819	178	0
1820	187	0
1821	185	0
1822	200	0
1823	179	0
1824	196	0
1825	205	0
1826	205	0
1827	212	0
1828	218	0
1829	200	0
1830	208	0
1831	210	0
1832	202	0
1833	172	0
1834	214	0
1835	211	0
1836	198	0
1837	193	0
1838	166	0
1839	194	0
1840	219	0
1841	192	0
1842	208	0
1843	205	0
1844	192	0
1845	194	0
1846	202	0
1847	209	0
1848	210	0
1849	209	0
1850	208	0
1851	179	0
1852	146	0
1853	199	0
1854	210	0
1855	199	0
1856	229	0
1857	218	0
1858	224	0
1859	239	0
1860	190	0
1861	228	0
1862	206	0
1863	182	0
1864	209	0
1865	210	0
1866	225	0
1867	208	0
1868	183	0
1869	197	0
1870	214	0
1871	193	0
1872	204	0
1873	200	0
1874	198	0
1875	202	0
1876	188	0
1877	184	0
1878	207	0
1879	172	0
1880	185	0
1881	183	0
1882	187	0
1883	212	0
1884	200	0
1885	171	0
1886	192	0
1887	195	0
1888	189	0
1889	189	0
1890	193	0
1891	216	0
1892	196	0
1893	247	0
1894	181	0
1895	178	0
1896	217	0
1897	207	0
1898	208	0
1899	192	0
1900	213	0
1901	182	0
1902	210	0
1903	206	0
1904	216	0
1905	206	0
1906	188	0
1907	189	0
1908	212	0
1909	197	0
1910	180	0
1911	213	0
1912	201	0
1913	211	0
1914	228	0
1915	182	0
1916	200	0
1917	191	0
1918	195	0
1919	211	0
1920	216	0
1921	195	0
1922	201	0
1923	227	0
1924	210	0
1925	186	0
1926	217	0
1927	217	0
1928	189	0
1929	198	0
1930	213	0
1931	198	0
1932	203	0
1933	209	0
1934	196	0
1935	224	0
1936	202	0
1937	191	0
1938	248	0
1939	206	0
1940	205	0
1941	211	0
1942	200	0
1943	194	0
1944	218	0
1945	209	0
1946	204	0
1947	190	0
1948	191	0
1949	198	0
1950	199	0
1951	182	0
1952	187	0
1953	195	0
1954	199	0
1955	209	0
1956	213	0
1957	198	0
1958	194	0
1959	190	0
1960	225	0
1961	198	0
1962	192	0
1963	215	0
1964	205	0
1965	211	0
1966	208	0
1967	192	0
1968	214	0
1969	210	0
1970	198	0
1971	221	0
1972	204	0
1973	227	0
1974	216	0
1975	201	0
1976	197	0
1977	204	0
1978	173	0
1979	204	0
1980	218	0
1981	210	0
1982	190	0
1983	193	0
1984	201	0
1985	184	0
1986	202	0
1987	223	0
1988	187	0
1989	185	0
1990	207	0
1991	208	0
1992	200	0
1993	198	0
1994	179	0
1995	191	0
1996	193	0
1997	227	0
1998	233	0
1999	201	0
2000	193	0
2001	210	0
2002	218	0
2003	196	0
2004	211	0
2005	229	0
2006	209	0
2007	198	0
2008	183	0
2009	180	0
2010	210	0
2011	209	0
2012	203	0
2013	201	0
2014	233	0
2015	212	0
2016	197	0
2017	186	0
2018	170	0
2019	203	0
2020	196	0
2021	233	0
2022	192	0
2023	201	0
2024	190	0
2025	198	0
2026	189	0
2027	210	0
2028	181	0
2029	179	0
2030	186	0
2031	193	0
2032	185	0
2033	185	0
2034	174	0
2035	188	0
2036	183	0
2037	217	0
2038	219	0
2039	208	0
2040	193	0
2041	191	0
2042	201	0
2043	190	0
2044	205	0
2045	198	0
2046	198	0
2047	209	0
2048	190	0
2049	192	0
2050	208	0
2051	220	0
2052	186	0
2053	174	0
2054	225	0
2055	199	0
2056	188	0
2057	184	0
2058	187	0
2059	214	0
2060	230	0
2061	213	0
2062	191	0
2063	191	0
2064	193	0
2065	203	0
2066	206	0
2067	170	0
2068	201	0
2069	227	0
2070	205	0
2071	221	0
2072	204	0
2073	202	0
2074	181	0
2075	218	0
2076	209	0
2077	191	0
2078	191	0
2079	174	0
2080	189	0
2081	192	0
2082	174	0
2083	170	0
2084	186	0
2085	188	0
2086	201	0
2087	209	0
2088	220	0
2089	177	0
2090	207	0
2091	173	0
2092	178	0
2093	209	0
2094	186	0
2095	194	0
2096	200	0
2097	210	0
2098	189	0
2099	185	0
2100	188	0
2101	211	0
2102	178	0
2103	192	0
2104	218	0
2105	219	0
2106	190	0
2107	191	0
2108	193	0
2109	186	0
2110	188	0
2111	187	0
2112	190	0
2113	191	0
2114	183	0
2115	197	0
2116	195	0
2117	188	0
2118	209	0
2119	187	0
2120	191	0
2121	200	0
2122	199	0
2123	190	0
2124	187	0
2125	194	0
2126	216	0
2127	202	0
2128	207	0
2129	198	0
2130	207	0
2131	204	0
2132	198	0
2133	205	0
2134	205	0
2135	190	0
2136	185	0
2137	189	0
2138	218	0
2139	209	0
2140	209	0
2141	205	0
2142	193	0
2143	175	0
2144	204	0
2145	185	0
2146	193	0
2147	212	0
2148	211	0
2149	194	0
2150	197	0
2151	182	0
2152	212	0
2153	192	0
2154	213	0
2155	202	0
2156	196	0
2157	187	0
2158	222	0
2159	188	0
2160	206	0
2161	199	0
2162	206	0
2163	203	0
2164	210	0
2165	207	0
2166	174	0
2167	203	0
2168	201	0
2169	213	0
2170	219	0
2171	197	0
2172	177	0
2173	183	0
2174	174	0
2175	198	0
2176	203	0
2177	191	0
2178	195	0
2179	188	0
2180	202	0
2181	230	0
2182	187	0
2183	230	0
2184	215	0
2185	222	0
2186	205	0
2187	201	0
2188	184	0
2189	193	0
2190	232	0
2191	228	0
2192	205	0
2193	172	0
2194	222	0
2195	199	0
2196	169	0
2197	184	0
2198	208	0
2199	204	0
2200	193	0
2201	190	0
2202	205	0
2203	216	0
2204	198	0
2205	182	0
2206	188	0
2207	193	0
2208	223	0
2209	222	0
2210	172	0
2211	215	0
2212	201	0
2213	207	0
2214	178	0
2215	170	0
2216	205	0
2217	211	0
2218	195	0
2219	189	0
2220	201	0
2221	182	0
2222	205	0
2223	209	0
2224	204	0
2225	160	0
2226	212	0
2227	175	0
2228	158	0
2229	187	0
2230	183	0
2231	202	0
2232	208	0
2233	215	0
2234	198	0
2235	210	0
2236	182	0
2237	167	0
2238	194	0
2239	241	0
2240	163	0
2241	198	0
2242	196	0
2243	192	0
2244	213	0
2245	194	0
2246	213	0
2247	191	0
2248	197	0
2249	197	0
2250	195	0
2251	212	0
2252	217	0
2253	199	0
2254	212	0
2255	184	0
2256	225	0
2257	202	0
2258	231	0
2259	190	0
2260	180	0
2261	216	0
2262	220	0
2263	218	0
2264	196	0
2265	208	0
2266	191	0
2267	202	0
2268	187	0
2269	200	0
2270	199	0
2271	219	0
2272	190	0
2273	201	0
2274	212	0
2275	218	0
2276	199	0
2277	203	0
2278	205	0
2279	212	0
2280	216	0
2281	188	0
2282	202	0
2283	188	0
2284	183	0
2285	189	0
2286	193	0
2287	204	0
2288	200	0
2289	206	0
2290	197	0
2291	193	0
2292	176	0
2293	209	0
2294	199	0
2295	189	0
2296	197	0
2297	221	0
2298	223	0
2299	222	0
2300	204	0
2301	210	0
2302	199	0
2303	186	0
2304	203	0
2305	206	0
2306	193	0
2307	181	0
2308	206	0
2309	189	0
2310	188	0
2311	195	0
2312	194	0
2313	205	0
2314	214	0
2315	189	0
2316	199	0
2317	203	0
2318	209	0
2319	245	0
2320	185	0
2321	190	0
2322	189	0
2323	209	0
2324	221	0
2325	207	0
2326	178	0
2327	190	0
2328	184	0
2329	204	0
2330	216	0
2331	189	0
2332	178	0
2333	181	0
2334	206	0
2335	199	0
2336	185	0
2337	183	0
2338	190	0
2339	185	0
2340	206	0
2341	196	0
2342	169	0
2343	202	0
2344	165	0
2345	218	0
2346	209	0
2347	231	0
2348	211	0
2349	207	0
2350	178	0
2351	203	0
2352	189	0
2353	215	0
2354	183	0
2355	216	0
2356	199	0
2357	207	0
2358	234	0
2359	208	0
2360	213	0
2361	194	0
2362	198	0
2363	203	0
2364	200	0
2365	180	0
2366	182	0
2367	187	0
2368	162	0
2369	184	0
2370	194	0
2371	196	0
2372	205	0
2373	195	0
2374	213	0
2375	218	0
2376	209	0
2377	201	0
2378	230	0
2379	187	0
2380	177	0
2381	207	0
2382	223	0
2383	182	0
2384	179	0
2385	194	0
2386	205	0
2387	197	0
2388	206	0
2389	190	0
2390	229	0
2391	198	0
2392	204	0
2393	198	0
2394	212	0
2395	208	0
2396	199	0
2397	211	0
2398	212	0
2399	218	0
2400	195	0
2401	196	0
2402	203	0
2403	216	0
2404	203	0
2405	206	0
2406	208	0
2407	173	0
2408	187	0
2409	204	0
2410	202	0
2411	207	0
2412	204	0
2413	198	0
2414	219	0
2415	179	0
2416	187	0
2417	191	0
2418	193	0
2419	194	0
2420	203	0
2421	205	0
2422	212	0
2423	203	0
2424	190	0
2425	214	0
2426	208	0
2427	179	0
2428	177	0
2429	202	0
2430	192	0
2431	185	0
2432	191	0
2433	217	0
2434	189	0
2435	197	0
2436	191	0
2437	193	0
2438	195	0
2439	200	0
2440	215	0
2441	199	0
2442	191	0
2443	180	0
2444	202	0
2445	202	0
2446	230	0
2447	211	0
2448	195	0
2449	186	0
2450	197	0
2451	205	0
2452	216	0
2453	217	0
2454	193	0
2455	198	0
2456	207	0
2457	217	0
2458	198	0
2459	202	0
2460	212	0
2461	197	0
2462	172	0
2463	222	0
2464	208	0
2465	209	0
2466	178	0
2467	195	0
2468	175	0
2469	195	0
2470	201	0
2471	201	0
2472	194	0
2473	214	0
2474	184	0
2475	185	0
2476	192	0
2477	208	0
2478	184	0
2479	190	0
2480	216	0
2481	208	0
2482	192	0
2483	196	0
2484	166	0
2485	169	0
2486	225	0
2487	203	0
2488	188	0
2489	185	0
2490	164	0
2491	186	0
2492	194	0
2493	201	0
2494	202	0
2495	214	0
2496	202	0
2497	221	0
2498	203	0
2499	191	0
2500	203	0
2501	195	0
2502	193	0
2503	216	0
2504	179	0
2505	231	0
2506	208	0
2507	202	0
2508	215	0
2509	192	0
2510	212	0
2511	191	0
2512	194	0
2513	217	0
2514	202	0
2515	203	0
2516	175	0
2517	204	0
2518	194	0
2519	194	0
2520	206	0
2521	193	0
2522	189	0
2523	192	0
2524	203	0
2525	209	0
2526	232	0
2527	214	0
2528	198	0
2529	177	0
2530	199	0
2531	195	0
2532	213	0
2533	196	0
2534	203	0
2535	212	0
2536	191	0
2537	222	0
2538	206	0
2539	213	0
2540	202	0
2541	231	0
2542	223	0
2543	200	0
2544	186	0
2545	211	0
2546	202	0
2547	216	0
2548	204	0
2549	184	0
2550	204	0
2551	189	0
2552	194	0
2553	183	0
2554	194	0
2555	215	0
2556	209	0
2557	202	0
2558	204	0
2559	185	0
2560	186	0
2561	195	0
2562	190	0
2563	200	0
2564	206	0
2565	205	0
2566	201	0
2567	201	0
2568	194	0
2569	216	0
2570	190	0
2571	192	0
2572	188	0
2573	215	0
2574	205	0
2575	196	0
2576	200	0
2577	185	0
2578	183	0
2579	195	0
2580	188	0
2581	218	0
2582	221	0
2583	187	0
2584	207	0
2585	224	0
2586	197	0
2587	196	0
2588	189	0
2589	187	0
2590	194	0
2591	243	0
2592	196	0
2593	214	0
2594	182	0
2595	198	0
2596	220	0
2597	189	0
2598	206	0
2599	216	0
2600	224	0
2601	168	0
2602	197	0
2603	189	0
2604	207	0
2605	213	0
2606	197	0
2607	209	0
2608	195	0
2609	181	0
2610	196	0
2611	199	0
2612	167	0
2613	208	0
2614	199	0
2615	186	0
2616	194	0
2617	221	0
2618	195	0
2619	190	0
2620	194	0
2621	194	0
2622	206	0
2623	202	0
2624	179	0
2625	238	0
2626	188	0
2627	208	0
2628	208	0
2629	209	0
2630	200	0
2631	189	0
2632	184	0
2633	195	0
2634	188	0
2635	186	0
2636	204	0
2637	195	0
2638	202	0
2639	192	0
2640	182	0
2641	193	0
2642	195	0
2643	183	0
2644	201	0
2645	223	0
2646	195	0
2647	212	0
2648	207	0
2649	201	0
2650	209	0
2651	238	0
2652	181	0
2653	200	0
2654	205	0
2655	200	0
2656	183	0
2657	184	0
2658	176	0
2659	185	0
2660	193	0
2661	196	0
2662	217	0
2663	199	0
2664	200	0
2665	219	0
2666	175	0
2667	188	0
2668	195	0
2669	182	0
2670	204	0
2671	220	0
2672	184	0
2673	199	0
2674	185	0
2675	198	0
2676	186	0
2677	241	0
2678	191	0
2679	197	0
2680	210	0
2681	211	0
2682	214	0
2683	215	0
2684	204	0
2685	224	0
2686	184	0
2687	184	0
2688	208	0
2689	221	0
2690	201	0
2691	197	0
2692	205	0
2693	242	0
2694	192	0
2695	204	0
2696	200	0
2697	210	0
2698	182	0
2699	202	0
2700	201	0
2701	195	0
2702	209	0
2703	194	0
2704	194	0
2705	214	0
2706	207	0
2707	185	0
2708	192	0
2709	215	0
2710	211	0
2711	193	0
2712	222	0
2713	212	0
2714	197	0
2715	186	0
2716	202	0
2717	218	0
2718	215	0
2719	202	0
2720	179	0
2721	206	0
2722	201	0
2723	206	0
2724	192	0
2725	213	0
2726	206	0
2727	226	0
2728	174	0
2729	217	0
2730	191	0
2731	171	0
2732	208	0
2733	197	0
2734	237	0
2735	170	0
2736	193	0
2737	215	0
2738	189	0
2739	206	0
2740	206	0
2741	193	0
2742	200	0
2743	214	0
2744	224	0
2745	232	0
2746	197	0
2747	205	0
2748	207	0
2749	207	0
2750	201	0
2751	186	0
2752	179	0
2753	196	0
2754	218	0
2755	219	0
2756	198	0
2757	204	0
2758	220	0
2759	216	0
2760	219	0
2761	211	0
2762	191	0
2763	206	0
2764	206	0
2765	200	0
2766	208	0
2767	208	0
2768	221	0
2769	190	0
2770	218	0
2771	211	0
2772	214	0
2773	197	0
2774	223	0
2775	200	0
2776	198	0
2777	191	0
2778	173	0
2779	183	0
2780	200	0
2781	191	0
2782	200	0
2783	165	0
2784	213	0
2785	190	0
2786	213	0
2787	201	0
2788	193	0
2789	193	0
2790	198	0
2791	200	0
2792	191	0
2793	202	0
2794	195	0
2795	189	0
2796	214	0
2797	218	0
2798	210	0
2799	197	0
2800	173	0
2801	214	0
2802	174	0
2803	216	0
2804	204	0
2805	225	0
2806	224	0
2807	198	0
2808	200	0
2809	199	0
2810	200	0
2811	208	0
2812	201	0
2813	207	0
2814	209	0
2815	184	0
2816	205	0
2817	189	0
2818	191	0
2819	222	0
2820	206	0
2821	189	0
2822	194	0
2823	206	0
2824	208	0
2825	240	0
2826	200	0
2827	187	0
2828	207	0
2829	193	0
2830	226	0
2831	226	0
2832	213	0
2833	197	0
2834	208	0
2835	213	0
2836	215	0
2837	211	0
2838	193	0
2839	211	0
2840	195	0
2841	185	0
2842	207	0
2843	200	0
2844	211	0
2845	190	0
2846	198	0
2847	190	0
2848	166	0
2849	182	0
2850	195	0
2851	192	0
2852	222	0
2853	196	0
2854	193	0
2855	189	0
2856	191	0
2857	194	0
2858	204	0
2859	208	0
2860	219	0
2861	234	0
2862	190	0
2863	201	0
2864	205	0
2865	198	0
2866	211	0
2867	202	0
2868	210	0
2869	199	0
2870	220	0
2871	229	0
2872	184	0
2873	197	0
2874	199	0
2875	189	0
2876	188	0
2877	211	0
2878	182	0
2879	208	0
2880	197	0
2881	202	0
2882	200	0
2883	212	0
2884	219	0
2885	199	0
2886	195	0
2887	215	0
2888	187	0
2889	204	0
2890	206	0
2891	208	0
2892	191	0
2893	216	0
2894	193	0
2895	205	0
2896	208	0
2897	194	0
2898	185	0
2899	188	0
2900	203	0
2901	182	0
2902	186	0
2903	185	0
2904	188	0
2905	194	0
2906	180	0
2907	241	0
2908	205	0
2909	211	0
2910	210	0
2911	193	0
2912	181	0
2913	216	0
2914	208	0
2915	207	0
2916	202	0
2917	201	0
2918	187	0
2919	218	0
2920	213	0
2921	207	0
2922	215	0
2923	211	0
2924	180	0
2925	207	0
2926	208	0
2927	193	0
2928	182	0
2929	212	0
2930	189	0
2931	219	0
2932	202	0
2933	196	0
2934	205	0
2935	226	0
2936	203	0
2937	195	0
2938	198	0
2939	202	0
2940	202	0
2941	208	0
2942	218	0
2943	209	0
2944	195	0
2945	187	0
2946	208	0
2947	197	0
2948	186	0
2949	216	0
2950	205	0
2951	210	0
2952	197	0
2953	196	0
2954	190	0
2955	199	0
2956	185	0
2957	175	0
2958	179	0
2959	201	0
2960	178	0
2961	203	0
2962	209	0
2963	192	0
2964	213	0
2965	200	0
2966	209	0
2967	205	0
2968	182	0
2969	203	0
2970	198	0
2971	206	0
2972	204	0
2973	204	0
2974	196	0
2975	198	0
2976	228	0
2977	197	0
2978	181	0
2979	208	0
2980	216	0
2981	188	0
2982	215	0
2983	189	0
2984	195	0
2985	219	0
2986	201	0
2987	175	0
2988	217	0
2989	181	0
2990	200	0
2991	205	0
2992	195	0
2993	183	0
2994	209	0
2995	219	0
2996	210	0
2997	190	0
2998	172	0
2999	209	0
3000	164	0
