1	214	0
2	178	0
3	198	0
4	189	0
5	187	0
6	199	0
7	211	0
8	158	0
9	203	0
10	209	0
11	177	0
12	206	0
13	217	0
14	209	0
15	201	0
16	210	0
17	187	0
18	196	0
19	210	0
20	197	0
21	185	0
22	191	0
23	201	0
24	201	0
25	208	0
26	193	0
27	222	0
28	171	0
29	188	0
30	201	0
31	203	0
32	199	0
33	193	0
34	173	0
35	188	0
36	196	0
37	184	0
38	191	0
39	196	0
40	202	0
41	184	0
42	193	0
43	192	0
44	180	0
45	212	0
46	191	0
47	178	0
48	181	0
49	195	0
50	195	0
51	192	0
52	221	0
53	177	0
54	202	0
55	193	0
56	217	0
57	181	0
58	196	0
59	212	0
60	181	0
61	215	0
62	212	0
63	198	0
64	184	0
65	174	0
66	184	0
67	185	0
68	194	0
69	187	0
70	197	0
71	212	0
72	191	0
73	197	0
74	186	0
75	179	0
76	178	0
77	183	0
78	218	0
79	209	0
80	231	0
81	168	0
82	207	0
83	224	0
84	173	0
85	192	0
86	191	0
87	170	0
88	223	0
89	211	0
90	183	0
91	216	0
92	214	0
93	212	0
94	192	0
95	220	0
96	194	0
97	208	0
98	188	0
99	185	0
100	198	0
101	165	0
102	202	0
103	206	0
104	211	0
105	185	0
106	194	0
107	185	0
108	203	0
109	203	0
110	164	0
111	210	0
112	201	0
113	193	0
114	177	0
115	209	0
116	197	0
117	195	0
118	198	0
119	190	0
120	212	0
121	199	0
122	205	0
123	192	0
124	174	0
125	196	0
126	196	0
127	176	0
128	202	0
129	193	0
130	168	0
131	211	0
132	216	0
133	191	0
134	208	0
135	200	0
136	220	0
137	191	0
138	198	0
139	214	0
140	192	0
141	186	0
142	202	0
143	194	0
144	193	0
145	187	0
146	178	0
147	182	0
148	190	0
149	209	0
150	187	0
151	195	0
152	196	0
153	210	0
154	208	0
155	190	0
156	200	0
157	218	0
158	183	0
159	189	0
160	197	0
161	197	0
162	188	0
163	200	0
164	192	0
165	178	0
166	184	0
167	210	0
168	183	0
169	228	0
170	198	0
171	163	0
172	180	0
173	196	0
174	197	0
175	197	0
176	191	0
177	196	0
178	184	0
179	205	0
180	197	0
181	213	0
182	188	0
183	212	0
184	213	0
185	181	0
186	187	0
187	165	0
188	173	0
189	178	0
190	223	0
191	179	0
192	178	0
193	190	0
194	232	0
195	206	0
196	181	0
197	194	0
198	184	0
199	188	0
200	184	0
201	169	0
202	207	0
203	189	0
204	209	0
205	191	0
206	176	0
207	213	0
208	186	0
209	195	0
210	206	0
211	198	0
212	185	0
213	189	0
214	171	0
215	206	0
216	209	0
217	228	0
218	195	0
219	193	0
220	194	0
221	210	0
222	196	0
223	186	0
224	200	0
225	189	0
226	195	0
227	178	0
228	201	0
229	226	0
230	224	0
231	185	0
232	200	0
233	175	0
234	193	0
235	203	0
236	191	0
237	188	0
238	177	0
239	171	0
240	195	0
241	179	0
242	186	0
243	183	0
244	172	0
245	156	0
246	194	0
247	178	0
248	206	0
249	218	0
250	213	0
251	172	0
252	199	0
253	204	0
254	190	0
255	194	0
256	192	0
257	205	0
258	189	0
259	197	0
260	202	0
261	187	0
262	190	0
263	195	0
264	185	0
265	205	0
266	202	0
267	206	0
268	181	0
269	199	0
270	161	0
271	188	0
272	212	0
273	179	0
274	211	0
275	191	0
276	207	0
277	208	0
278	177	0
279	188	0
280	213	0
281	192	0
282	200	0
283	181	0
284	199	0
285	203	0
286	222	0
287	193	0
288	189	0
289	181	0
290	201	0
291	189	0
292	203	0
293	202	0
294	221	0
295	209	0
296	194	0
297	191	0
298	190	0
299	179	0
300	199	0
301	208	0
302	208	0
303	212	0
304	191	0
305	174	0
306	189	0
307	195	0
308	224	0
309	179	0
310	170	0
311	168	0
312	185	0
313	203	0
314	220	0
315	184	0
316	195	0
317	204	0
318	186	0
319	172	0
320	191	0
321	207	0
322	216	0
323	208	0
324	202	0
325	207	0
326	197	0
327	212	0
328	179	0
329	217	0
330	195	0
331	219	0
332	194	0
333	185	0
334	178	0
335	212	0
336	202	0
337	200	0
338	196	0
339	204	0
340	186	0
341	198	0
342	205	0
343	188	0
344	228	0
345	206	0
346	180	0
347	202	0
348	221	0
349	200	0
350	187	0
351	205	0
352	189	0
353	211	0
354	191	0
355	211	0
356	203	0
357	182	0
358	199	0
359	234	0
360	183	0
361	228	0
362	173	0
363	205	0
364	233	0
365	184	0
366	182	0
367	204	0
368	206	0
369	192	0
370	197	0
371	204	0
372	198	0
373	177	0
374	174	0
375	189	0
376	190	0
377	214	0
378	207	0
379	203	0
380	187	0
381	211	0
382	201	0
383	211	0
384	181	0
385	211	0
386	200	0
387	175	0
388	183	0
389	184	0
390	194	0
391	197	0
392	200	0
393	225	0
394	219	0
395	220	0
396	186	0
397	198	0
398	173	0
399	238	0
400	222	0
401	204	0
402	201	0
403	193	0
404	178	0
405	220	0
406	198	0
407	197	0
408	209	0
409	226	0
410	209	0
411	203	0
412	194	0
413	217	0
414	197	0
415	227	0
416	183	0
417	174	0
418	216	0
419	204	0
420	207	0
421	202	0
422	193	0
423	183	0
424	196	0
425	213	0
426	197	0
427	198	0
428	190	0
429	206	0
430	187	0
431	198	0
432	209	0
433	194	0
434	178	0
435	178	0
436	196	0
437	184	0
438	192	0
439	215	0
440	172	0
441	198	0
442	181	0
443	184	0
444	176	0
445	180	0
446	189	0
447	205	0
448	213	0
449	189	0
450	199	0
451	175	0
452	202	0
453	207	0
454	221	0
455	199	0
456	187	0
457	209	0
458	167	0
459	187	0
460	199	0
461	187	0
462	203	0
463	205	0
464	179	0
465	196	0
466	200	0
467	205	0
468	197	0
469	183	0
470	204	0
471	208	0
472	181	0
473	198	0
474	195	0
475	197	0
476	214	0
477	222	0
478	194	0
479	196	0
480	207	0
481	211	0
482	179	0
483	200	0
484	177	0
485	213	0
486	193	0
487	176	0
488	187	0
489	194	0
490	196	0
491	195	0
492	207	0
493	206	0
494	186	0
495	195	0
496	188	0
497	217	0
498	200	0
499	191	0
500	202	0
501	186	0
502	194	0
503	212	0
504	181	0
505	190	0
506	179	0
507	180	0
508	192	0
509	188	0
510	186	0
511	194	0
512	204	0
513	176	0
514	201	0
515	188	0
516	213	0
517	203	0
518	182	0
519	207	0
520	178	0
521	185	0
522	209	0
523	209	0
524	171	0
525	219	0
526	229	0
527	182	0
528	205	0
529	205	0
530	200	0
531	173	0
532	205	0
533	180	0
534	172	0
535	203	0
536	198	0
537	214	0
538	205	0
539	190	0
540	191	0
541	182	0
542	191	0
543	187	0
544	193	0
545	173	0
546	228	0
547	187	0
548	199	0
549	214	0
550	180	0
551	169	0
552	199	0
553	182	0
554	220	0
555	209	0
556	189	0
557	216	0
558	209	0
559	193	0
560	200	0
561	199	0
562	191	0
563	209	0
564	208	0
565	204	0
566	187	0
567	205	0
568	206	0
569	185	0
570	190	0
571	177	0
572	206	0
573	193	0
574	171	0
575	212	0
576	205	0
577	205	0
578	198	0
579	192	0
580	195	0
581	193	0
582	213	0
583	185	0
584	196	0
585	182	0
586	225	0
587	207	0
588	223	0
589	191	0
590	175	0
591	215	0
592	212	0
593	211	0
594	214	0
595	195	0
596	202	0
597	205	0
598	212	0
599	221	0
600	197	0
601	224	0
602	194	0
603	201	0
604	174	0
605	188	0
606	199	0
607	202	0
608	186	0
609	203	0
610	182	0
611	206	0
612	202	0
613	215	0
614	198	0
615	178	0
616	204	0
617	211	0
618	192	0
619	230	0
620	216	0
621	222	0
622	175	0
623	199	0
624	227	0
625	185	0
626	191	0
627	235	0
628	183	0
629	207	0
630	218	0
631	195	0
632	185	0
633	180	0
634	208	0
635	188	0
636	188	0
637	183	0
638	210	0
639	212	0
640	196	0
641	222	0
642	199	0
643	188	0
644	211	0
645	191	0
646	218	0
647	218	0
648	175	0
649	217	0
650	178	0
651	191	0
652	188	0
653	196	0
654	188	0
655	207	0
656	204	0
657	191	0
658	201	0
659	218	0
660	194	0
661	205	0
662	190	0
663	169	0
664	192	0
665	184	0
666	182	0
667	221	0
668	185	0
669	185	0
670	192	0
671	177	0
672	211	0
673	225	0
674	213	0
675	201	0
676	250	0
677	177	0
678	188	0
679	197	0
680	200	0
681	200	0
682	190	0
683	207	0
684	212	0
685	175	0
686	192	0
687	172	0
688	189	0
689	201	0
690	185	0
691	201	0
692	203	0
693	200	0
694	192	0
695	155	0
696	211	0
697	196	0
698	207	0
699	191	0
700	187	0
701	202	0
702	182	0
703	226	0
704	205	0
705	167	0
706	194	0
707	166	0
708	220	0
709	198	0
710	188	0
711	212	0
712	197	0
713	206	0
714	198	0
715	183	0
716	185	0
717	204	0
718	191	0
719	190	0
720	214	0
721	197	0
722	194	0
723	208	0
724	179	0
725	190	0
726	218	0
727	183	0
728	192	0
729	189	0
730	194	0
731	198	0
732	214	0
733	190	0
734	189	0
735	169	0
736	181	0
737	200	0
738	198	0
739	180	0
740	194	0
741	206	0
742	180	0
743	186	0
744	166	0
745	207	0
746	210	0
747	202	0
748	187	0
749	203	0
750	185	0
751	207	0
752	206	0
753	177	0
754	203	0
755	188	0
756	210	0
757	220	0
758	202	0
759	214	0
760	192	0
761	191	0
762	189	0
763	213	0
764	205	0
765	175	0
766	198	0
767	214	0
768	167	0
769	219	0
770	200	0
771	172	0
772	191	0
773	219	0
774	204	0
775	209	0
776	180	0
777	180	0
778	203	0
779	205	0
780	172	0
781	212	0
782	196	0
783	177	0
784	186	0
785	199	0
786	186	0
787	203	0
788	189	0
789	181	0
790	185	0
791	202	0
792	198	0
793	180	0
794	203	0
795	213	0
796	196	0
797	213	0
798	200	0
799	215	0
800	200	0
801	212	0
802	204	0
803	177	0
804	183	0
805	202	0
806	195	0
807	212	0
808	188	0
809	210	0
810	214	0
811	207	0
812	187	0
813	194	0
814	200	0
815	192	0
816	207	0
817	190	0
818	207	0
819	187	0
820	204	0
821	192	0
822	190	0
823	179	0
824	192	0
825	187	0
826	225	0
827	203	0
828	189	0
829	215	0
830	197	0
831	182	0
832	178	0
833	190	0
834	226	0
835	203	0
836	186	0
837	173	0
838	181	0
839	215	0
840	175	0
841	188	0
842	207	0
843	197	0
844	217	0
845	193	0
846	196	0
847	214	0
848	201	0
849	194	0
850	209	0
851	204	0
852	183	0
853	218	0
854	191	0
855	208	0
856	208	0
857	202	0
858	213	0
859	191	0
860	201	0
861	203	0
862	198	0
863	173	0
864	208	0
865	201	0
866	203	0
867	222	0
868	214	0
869	197	0
870	200	0
871	176	0
872	191	0
873	184	0
874	182	0
875	183	0
876	214	0
877	231	0
878	205	0
879	209	0
880	159	0
881	203	0
882	209	0
883	168	0
884	223	0
885	201	0
886	178	0
887	184	0
888	201	0
889	201	0
890	188	0
891	210	0
892	171	0
893	181	0
894	204	0
895	197	0
896	187	0
897	204	0
898	209	0
899	182	0
900	192	0
901	215	0
902	187	0
903	208	0
904	212	0
905	174	0
906	196	0
907	194	0
908	199	0
909	198	0
910	192	0
911	185	0
912	188	0
913	191	0
914	157	0
915	184	0
916	200	0
917	216	0
918	197	0
919	186	0
920	185	0
921	190	0
922	189	0
923	242	0
924	185	0
925	208	0
926	196	0
927	184	0
928	190	0
929	190	0
930	207	0
931	206	0
932	193	0
933	204	0
934	186	0
935	176	0
936	224	0
937	203	0
938	196	0
939	183	0
940	205	0
941	197	0
942	208	0
943	182	0
944	187	0
945	189	0
946	195	0
947	186	0
948	232	0
949	201	0
950	176	0
951	200	0
952	211	0
953	237	0
954	179	0
955	173	0
956	215	0
957	175	0
958	186	0
959	193	0
960	184	0
961	200	0
962	170	0
963	195	0
964	197	0
965	204	0
966	210	0
967	210	0
968	212	0
969	183	0
970	179	0
971	193	0
972	198	0
973	191	0
974	199	0
975	201	0
976	169	0
977	189	0
978	217	0
979	169	0
980	200	0
981	193	0
982	208	0
983	173	0
984	194	0
985	200	0
986	165	0
987	197	0
988	188	0
989	194	0
990	184	0
991	178	0
992	193	0
993	188	0
994	196	0
995	223	0
996	193	0
997	207	0
998	187	0
999	199	0
1000	181	0
1001	193	0
1002	185	0
1003	185	0
1004	196	0
1005	178	0
1006	198	0
1007	206	0
1008	211	0
1009	190	0
1010	207	0
1011	172	0
1012	197	0
1013	189	0
1014	175	0
1015	193	0
1016	209	0
1017	243	0
1018	162	0
1019	206	0
1020	199	0
1021	168	0
1022	202	0
1023	195	0
1024	234	0
1025	206	0
1026	200	0
1027	199	0
1028	172	0
1029	219	0
1030	189	0
1031	206	0
1032	193	0
1033	201	0
1034	182	0
1035	194	0
1036	210	0
1037	203	0
1038	180	0
1039	202	0
1040	199	0
1041	205	0
1042	193	0
1043	199	0
1044	200	0
1045	203	0
1046	176	0
1047	189	0
1048	205	0
1049	201	0
1050	211	0
1051	224	0
1052	197	0
1053	200	0
1054	206	0
1055	191	0
1056	188	0
1057	191	0
1058	211	0
1059	203	0
1060	197	0
1061	178	0
1062	216	0
1063	169	0
1064	197	0
1065	211	0
1066	209	0
1067	179	0
1068	194	0
1069	200	0
1070	193	0
1071	189	0
1072	198	0
1073	202	0
1074	187	0
1075	215	0
1076	205	0
1077	197	0
1078	217	0
1079	201	0
1080	187	0
1081	201	0
1082	194	0
1083	222	0
1084	190	0
1085	184	0
1086	224	0
1087	178	0
1088	209	0
1089	212	0
1090	208	0
1091	190	0
1092	200	0
1093	191	0
1094	229	0
1095	203	0
1096	211	0
1097	196	0
1098	213	0
1099	199	0
1100	194	0
1101	190	0
1102	185	0
1103	180	0
1104	191	0
1105	204	0
1106	169	0
1107	204	0
1108	200	0
1109	196	0
1110	179	0
1111	167	0
1112	178	0
1113	183	0
1114	147	0
1115	164	0
1116	177	0
1117	179	0
1118	200	0
1119	193	0
1120	228	0
1121	190	0
1122	199	0
1123	210	0
1124	186	0
1125	221	0
1126	201	0
1127	191	0
1128	199	0
1129	208	0
1130	179	0
1131	186	0
1132	221	0
1133	168	0
1134	189	0
1135	180	0
1136	211	0
1137	191	0
1138	186	0
1139	189	0
1140	188	0
1141	185	0
1142	189	0
1143	187	0
1144	225	0
1145	189	0
1146	187	0
1147	186	0
1148	199	0
1149	221	0
1150	196	0
1151	190	0
1152	183	0
1153	202	0
1154	225	0
1155	209	0
1156	187	0
1157	174	0
1158	160	0
1159	209	0
1160	194	0
1161	199	0
1162	198	0
1163	211	0
1164	218	0
1165	170	0
1166	178	0
1167	174	0
1168	189	0
1169	217	0
1170	183	0
1171	196	0
1172	177	0
1173	205	0
1174	188	0
1175	176	0
1176	206	0
1177	224	0
1178	181	0
1179	183	0
1180	194	0
1181	173	0
1182	192	0
1183	199	0
1184	186	0
1185	213	0
1186	214	0
1187	207	0
1188	174	0
1189	200	0
1190	194	0
1191	210	0
1192	206	0
1193	194	0
1194	201	0
1195	189	0
1196	208	0
1197	195	0
1198	174	0
1199	194	0
1200	202	0
1201	198	0
1202	203	0
1203	185	0
1204	199	0
1205	201	0
1206	192	0
1207	212	0
1208	178	0
1209	165	0
1210	193	0
1211	222	0
1212	208	0
1213	198	0
1214	185	0
1215	198	0
1216	201	0
1217	196	0
1218	186	0
1219	219	0
1220	193	0
1221	212	0
1222	206	0
1223	216	0
1224	195	0
1225	183	0
1226	215	0
1227	210	0
1228	181	0
1229	206	0
1230	175	0
1231	205	0
1232	189	0
1233	223	0
1234	200	0
1235	200	0
1236	202	0
1237	202	0
1238	204	0
1239	180	0
1240	186	0
1241	176	0
1242	186	0
1243	193	0
1244	240	0
1245	204	0
1246	165	0
1247	180	0
1248	192	0
1249	210	0
1250	207	0
1251	208	0
1252	175	0
1253	186	0
1254	189	0
1255	202	0
1256	180	0
1257	198	0
1258	193	0
1259	206	0
1260	198	0
1261	189	0
1262	204	0
1263	201	0
1264	188	0
1265	193	0
1266	213	0
1267	207	0
1268	188	0
1269	187	0
1270	182	0
1271	207	0
1272	176	0
1273	194	0
1274	213	0
1275	176	0
1276	170	0
1277	203	0
1278	191	0
1279	185	0
1280	207	0
1281	204	0
1282	204	0
1283	188	0
1284	192	0
1285	183	0
1286	215	0
1287	195	0
1288	197	0
1289	209	0
1290	183	0
1291	195	0
1292	207	0
1293	193	0
1294	212	0
1295	169	0
1296	213	0
1297	177	0
1298	210	0
1299	198	0
1300	190	0
1301	228	0
1302	203	0
1303	222	0
1304	216	0
1305	211	0
1306	208	0
1307	201	0
1308	216	0
1309	167	0
1310	191	0
1311	194	0
1312	202	0
1313	208	0
1314	187	0
1315	194	0
1316	213	0
1317	165	0
1318	177	0
1319	185	0
1320	197	0
1321	205	0
1322	196	0
1323	206	0
1324	219	0
1325	184	0
1326	184	0
1327	200	0
1328	223	0
1329	181	0
1330	167	0
1331	201	0
1332	192	0
1333	216	0
1334	183	0
1335	214	0
1336	172	0
1337	191	0
1338	215	0
1339	189	0
1340	205	0
1341	223	0
1342	209	0
1343	228	0
1344	200	0
1345	200	0
1346	212	0
1347	204	0
1348	191	0
1349	198	0
1350	219	0
1351	228	0
1352	221	0
1353	206	0
1354	158	0
1355	174	0
1356	187	0
1357	195	0
1358	187	0
1359	197	0
1360	198	0
1361	181	0
1362	214	0
1363	224	0
1364	208	0
1365	208	0
1366	202	0
1367	185	0
1368	208	0
1369	187	0
1370	208	0
1371	192	0
1372	212	0
1373	194	0
1374	194	0
1375	200	0
1376	223	0
1377	183	0
1378	207	0
1379	203	0
1380	211	0
1381	217	0
1382	190	0
1383	190	0
1384	174	0
1385	193	0
1386	192	0
1387	206	0
1388	211	0
1389	209	0
1390	202	0
1391	187	0
1392	195	0
1393	176	0
1394	220	0
1395	195	0
1396	164	0
1397	201	0
1398	209	0
1399	183	0
1400	207	0
1401	211	0
1402	190	0
1403	240	0
1404	186	0
1405	188	0
1406	203	0
1407	200	0
1408	201	0
1409	206	0
1410	174	0
1411	208	0
1412	204	0
1413	210	0
1414	181	0
1415	211	0
1416	224	0
1417	196	0
1418	190	0
1419	188	0
1420	186	0
1421	188	0
1422	213	0
1423	198	0
1424	183	0
1425	174	0
1426	191	0
1427	183	0
1428	214	0
1429	204	0
1430	202	0
1431	175	0
1432	173	0
1433	209	0
1434	194	0
1435	208	0
1436	211	0
1437	199	0
1438	172	0
1439	183	0
1440	208	0
1441	172	0
1442	193	0
1443	201	0
1444	197	0
1445	204	0
1446	193	0
1447	212	0
1448	185	0
1449	217	0
1450	195	0
1451	235	0
1452	203	0
1453	204	0
1454	179	0
1455	211	0
1456	208	0
1457	187	0
1458	192	0
1459	173	0
1460	202	0
1461	198	0
1462	183	0
1463	201	0
1464	199	0
1465	189	0
1466	202	0
1467	191	0
1468	176	0
1469	208	0
1470	201	0
1471	209	0
1472	181	0
1473	197	0
1474	189	0
1475	198	0
1476	191	0
1477	207	0
1478	200	0
1479	213	0
1480	202	0
1481	205	0
1482	209	0
1483	203	0
1484	217	0
1485	221	0
1486	198	0
1487	197	0
1488	180	0
1489	187	0
1490	204	0
1491	179	0
1492	178	0
1493	183	0
1494	211	0
1495	219	0
1496	213	0
1497	181	0
1498	198	0
1499	206	0
1500	183	0
1501	202	0
1502	180	0
1503	214	0
1504	203	0
1505	186	0
1506	200	0
1507	206	0
1508	189	0
1509	198	0
1510	187	0
1511	222	0
1512	189	0
1513	210	0
1514	186	0
1515	219	0
1516	195	0
1517	198	0
1518	186	0
1519	186	0
1520	205	0
1521	157	0
1522	202	0
1523	193	0
1524	194	0
1525	197	0
1526	181	0
1527	201	0
1528	173	0
1529	187	0
1530	197	0
1531	197	0
1532	214	0
1533	192	0
1534	184	0
1535	210	0
1536	188	0
1537	189	0
1538	201	0
1539	197	0
1540	199	0
1541	185	0
1542	207	0
1543	204	0
1544	225	0
1545	185	0
1546	206	0
1547	204	0
1548	202	0
1549	203	0
1550	164	0
1551	208	0
1552	194	0
1553	209	0
1554	194	0
1555	201	0
1556	205	0
1557	196	0
1558	210	0
1559	212	0
1560	201	0
1561	195	0
1562	211	0
1563	212	0
1564	199	0
1565	177	0
1566	189	0
1567	193	0
1568	181	0
1569	203	0
1570	203	0
1571	177	0
1572	195	0
1573	192	0
1574	168	0
1575	199	0
1576	202	0
1577	183	0
1578	193	0
1579	207	0
1580	225	0
1581	178	0
1582	191	0
1583	216	0
1584	178	0
1585	209	0
1586	216	0
1587	216	0
1588	217	0
1589	192	0
1590	196	0
1591	188	0
1592	223	0
1593	175	0
1594	176	0
1595	197	0
1596	215	0
1597	206	0
1598	212	0
1599	194	0
1600	210	0
1601	211	0
1602	217	0
1603	205	0
1604	207	0
1605	157	0
1606	196	0
1607	203	0
1608	190	0
1609	234	0
1610	186	0
1611	189	0
1612	191	0
1613	191	0
1614	195	0
1615	196	0
1616	211	0
1617	203	0
1618	197	0
1619	194	0
1620	212	0
1621	204	0
1622	193	0
1623	208	0
1624	201	0
1625	206	0
1626	183	0
1627	202	0
1628	195	0
1629	206	0
1630	198	0
1631	187	0
1632	187	0
1633	185	0
1634	209	0
1635	225	0
1636	203	0
1637	185	0
1638	170	0
1639	204	0
1640	172	0
1641	205	0
1642	200	0
1643	213	0
1644	197	0
1645	225	0
1646	207	0
1647	196	0
1648	179	0
1649	190	0
1650	209	0
1651	210	0
1652	196	0
1653	185	0
1654	190	0
1655	214	0
1656	162	0
1657	210	0
1658	200	0
1659	218	0
1660	186	0
1661	196	0
1662	179	0
1663	165	0
1664	196	0
1665	190	0
1666	221	0
1667	203	0
1668	202	0
1669	194	0
1670	215	0
1671	186	0
1672	203	0
1673	206	0
1674	199	0
1675	185	0
1676	182	0
1677	192	0
1678	194	0
1679	183	0
1680	194	0
1681	199	0
1682	200	0
1683	173	0
1684	180	0
1685	209	0
1686	214	0
1687	205	0
1688	206	0
1689	204	0
1690	177	0
1691	165	0
1692	182	0
1693	192	0
1694	178	0
1695	197	0
1696	184	0
1697	194	0
1698	179	0
1699	187	0
1700	195	0
1701	221	0
1702	212	0
1703	191	0
1704	205	0
1705	184	0
1706	202	0
1707	204	0
1708	197	0
1709	186	0
1710	207	0
1711	187	0
1712	182	0
1713	192	0
1714	214	0
1715	186	0
1716	204	0
1717	206	0
1718	195	0
1719	198	0
1720	188	0
1721	193	0
1722	192	0
1723	189	0
1724	180	0
1725	190	0
1726	231	0
1727	192	0
1728	208	0
1729	201	0
1730	229	0
1731	200	0
1732	187	0
1733	194	0
1734	195	0
1735	207	0
1736	226	0
1737	180	0
1738	186	0
1739	185	0
1740	186	0
1741	197	0
1742	215	0
1743	187	0
1744	191	0
1745	192	0
1746	185	0
1747	204	0
1748	187	0
1749	215	0
1750	178	0
1751	187	0
1752	182	0
1753	208	0
1754	201	0
1755	193	0
1756	213	0
1757	167	0
1758	186	0
1759	189	0
1760	181	0
1761	210	0
1762	197	0
1763	212	0
1764	245	0
1765	230	0
1766	184	0
1767	198	0
1768	168	0
1769	203	0
1770	198	0
1771	227	0
1772	206	0
1773	227	0
1774	179	0
1775	229	0
1776	192	0
1777	219	0
1778	193	0
1779	164	0
1780	187	0
1781	194	0
1782	191	0
1783	207	0
1784	223	0
1785	200	0
1786	188	0
1787	190	0
1788	184	0
1789	217	0
1790	175	0
1791	197	0
1792	191	0
1793	193	0
1794	210	0
1795	209	0
1796	184	0
1797	210	0
1798	181	0
1799	212	0
1800	193	0
1801	191	0
1802	194	0
1803	199	0
1804	191	0
1805	181	0
1806	188	0
1807	191	0
1808	229	0
1809	214	0
1810	199	0
1811	200	0
1812	171	0
1813	194	0
1814	198	0
1815	188	0
1816	187	0
1817	188	0
1818	203	0
1819	192	0
1820	210	0
1821	196	0
1822	202	0
1823	180	0
1824	219	0
1825	174	0
1826	184	0
1827	189	0
1828	188	0
1829	202	0
1830	183	0
1831	180	0
1832	209	0
1833	191	0
1834	190	0
1835	200	0
1836	195	0
1837	168	0
1838	178	0
1839	208	0
1840	192	0
1841	182	0
1842	208	0
1843	203	0
1844	194	0
1845	209	0
1846	187	0
1847	215	0
1848	188	0
1849	200	0
1850	209	0
1851	192	0
1852	205	0
1853	188	0
1854	201	0
1855	199	0
1856	190	0
1857	196	0
1858	175	0
1859	201	0
1860	173	0
1861	189	0
1862	197	0
1863	176	0
1864	207	0
1865	171	0
1866	197	0
1867	209	0
1868	199	0
1869	197	0
1870	192	0
1871	191	0
1872	177	0
1873	197	0
1874	177	0
1875	198	0
1876	183	0
1877	193	0
1878	182	0
1879	193	0
1880	178	0
1881	195	0
1882	193	0
1883	215	0
1884	217	0
1885	203	0
1886	200	0
1887	205	0
1888	189	0
1889	178	0
1890	204	0
1891	218	0
1892	223	0
1893	178	0
1894	203	0
1895	167	0
1896	218	0
1897	218	0
1898	195	0
1899	172	0
1900	196	0
1901	211	0
1902	210	0
1903	182	0
1904	215	0
1905	205	0
1906	181	0
1907	208	0
1908	185	0
1909	191	0
1910	204	0
1911	210	0
1912	194	0
1913	201	0
1914	185	0
1915	197	0
1916	200	0
1917	205	0
1918	195	0
1919	201	0
1920	202	0
1921	207	0
1922	190	0
1923	202	0
1924	192	0
1925	197	0
1926	179	0
1927	194	0
1928	199	0
1929	240	0
1930	189	0
1931	189	0
1932	200	0
1933	196	0
1934	188	0
1935	171	0
1936	206	0
1937	202	0
1938	198	0
1939	223	0
1940	183	0
1941	211	0
1942	195	0
1943	198	0
1944	202	0
1945	183	0
1946	192	0
1947	172	0
1948	191	0
1949	191	0
1950	170	0
1951	208	0
1952	196	0
1953	199	0
1954	200	0
1955	202	0
1956	188	0
1957	185	0
1958	196	0
1959	193	0
1960	175	0
1961	189	0
1962	174	0
1963	191	0
1964	201	0
1965	199	0
1966	195	0
1967	210	0
1968	209	0
1969	177	0
1970	226	0
1971	208	0
1972	205	0
1973	189	0
1974	199	0
1975	205	0
1976	197	0
1977	210	0
1978	200	0
1979	191	0
1980	199	0
1981	239	0
1982	201	0
1983	184	0
1984	219	0
1985	182	0
1986	197	0
1987	194	0
1988	187	0
1989	190	0
1990	221	0
1991	166	0
1992	185	0
1993	220	0
1994	200	0
1995	223	0
1996	192	0
1997	204	0
1998	191	0
1999	187	0
2000	228	0
2001	196	0
2002	208	0
2003	206	0
2004	188	0
2005	186	0
2006	210	0
2007	179	0
2008	200	0
2009	173	0
2010	194	0
2011	194	0
2012	199	0
2013	184	0
2014	184	0
2015	186	0
2016	219	0
2017	195	0
2018	189	0
2019	213	0
2020	172	0
2021	188	0
2022	207	0
2023	207	0
2024	198	0
2025	198	0
2026	198	0
2027	185	0
2028	180	0
2029	226	0
2030	181	0
2031	179	0
2032	208	0
2033	209	0
2034	190	0
2035	194	0
2036	173	0
2037	173	0
2038	209	0
2039	209	0
2040	168	0
2041	202	0
2042	189	0
2043	198	0
2044	204	0
2045	195	0
2046	173	0
2047	198	0
2048	212	0
2049	217	0
2050	194	0
2051	215	0
2052	172	0
2053	189	0
2054	216	0
2055	174	0
2056	179	0
2057	198	0
2058	192	0
2059	225	0
2060	215	0
2061	175	0
2062	192	0
2063	210	0
2064	190	0
2065	220	0
2066	198	0
2067	209	0
2068	186	0
2069	222	0
2070	204	0
2071	216	0
2072	183	0
2073	201	0
2074	195	0
2075	216	0
2076	199	0
2077	209	0
2078	200	0
2079	166	0
2080	186	0
2081	184	0
2082	180	0
2083	200	0
2084	199	0
2085	215	0
2086	178	0
2087	201	0
2088	188	0
2089	193	0
2090	192	0
2091	237	0
2092	185	0
2093	204	0
2094	213	0
2095	208	0
2096	181	0
2097	216	0
2098	205	0
2099	201	0
2100	207	0
2101	242	0
2102	181	0
2103	193	0
2104	211	0
2105	205	0
2106	226	0
2107	197	0
2108	197	0
2109	193	0
2110	203	0
2111	174	0
2112	188	0
2113	215	0
2114	198	0
2115	202	0
2116	204	0
2117	202	0
2118	194	0
2119	158	0
2120	178	0
2121	191	0
2122	185	0
2123	177	0
2124	191	0
2125	196	0
2126	197	0
2127	205	0
2128	217	0
2129	201	0
2130	174	0
2131	222	0
2132	184	0
2133	179	0
2134	220	0
2135	187	0
2136	205	0
2137	193	0
2138	201	0
2139	185	0
2140	197	0
2141	157	0
2142	213	0
2143	207	0
2144	196	0
2145	191	0
2146	203	0
2147	169	0
2148	191	0
2149	196	0
2150	196	0
2151	201	0
2152	199	0
2153	188	0
2154	203	0
2155	184	0
2156	186	0
2157	167	0
2158	191	0
2159	176	0
2160	211	0
2161	183	0
2162	178	0
2163	202	0
2164	215	0
2165	164	0
2166	214	0
2167	205	0
2168	185	0
2169	199	0
2170	200	0
2171	174	0
2172	216	0
2173	213	0
2174	202	0
2175	197	0
2176	196	0
2177	179	0
2178	198	0
2179	252	0
2180	206	0
2181	206	0
2182	194	0
2183	204	0
2184	169	0
2185	207	0
2186	190	0
2187	219	0
2188	207	0
2189	197	0
2190	190	0
2191	179	0
2192	181	0
2193	210	0
2194	220	0
2195	219	0
2196	197	0
2197	182	0
2198	196	0
2199	216	0
2200	206	0
2201	208	0
2202	194	0
2203	201	0
2204	177	0
2205	260	0
2206	188	0
2207	171	0
2208	189	0
2209	180	0
2210	192	0
2211	204	0
2212	175	0
2213	218	0
2214	222	0
2215	209	0
2216	170	0
2217	204	0
2218	226	0
2219	185	0
2220	174	0
2221	176	0
2222	183	0
2223	209	0
2224	195	0
2225	183	0
2226	171	0
2227	210	0
2228	187	0
2229	201	0
2230	166	0
2231	201	0
2232	201	0
2233	182	0
2234	198	0
2235	226	0
2236	222	0
2237	185	0
2238	190	0
2239	196	0
2240	187	0
2241	202	0
2242	185	0
2243	217	0
2244	213	0
2245	209	0
2246	217	0
2247	198	0
2248	205	0
2249	184	0
2250	189	0
2251	198	0
2252	208	0
2253	178	0
2254	173	0
2255	192	0
2256	213	0
2257	202	0
2258	191	0
2259	192	0
2260	199	0
2261	213	0
2262	197	0
2263	192	0
2264	200	0
2265	190	0
2266	183	0
2267	204	0
2268	197	0
2269	214	0
2270	202	0
2271	189	0
2272	183	0
2273	219	0
2274	212	0
2275	217	0
2276	184	0
2277	185	0
2278	190	0
2279	200	0
2280	225	0
2281	179	0
2282	180	0
2283	194	0
2284	191	0
2285	186	0
2286	184	0
2287	191	0
2288	204	0
2289	193	0
2290	182	0
2291	187	0
2292	196	0
2293	182	0
2294	179	0
2295	203	0
2296	190	0
2297	200	0
2298	188	0
2299	188	0
2300	195	0
2301	214	0
2302	204	0
2303	207	0
2304	202	0
2305	169	0
2306	200	0
2307	167	0
2308	202	0
2309	201	0
2310	201	0
2311	214	0
2312	220	0
2313	236	0
2314	178	0
2315	218	0
2316	215	0
2317	199	0
2318	206	0
2319	187	0
2320	193	0
2321	181	0
2322	197	0
2323	176	0
2324	185	0
2325	202	0
2326	198	0
2327	186	0
2328	201	0
2329	196	0
2330	203	0
2331	188	0
2332	217	0
2333	202	0
2334	212	0
2335	199	0
2336	195	0
2337	169	0
2338	198	0
2339	178	0
2340	200	0
2341	214	0
2342	212	0
2343	207	0
2344	183	0
2345	199	0
2346	217	0
2347	237	0
2348	213	0
2349	212	0
2350	171	0
2351	205	0
2352	237	0
2353	185	0
2354	185	0
2355	200	0
2356	204	0
2357	220	0
2358	170	0
2359	200	0
2360	214	0
2361	197	0
2362	184	0
2363	185	0
2364	201	0
2365	189	0
2366	195	0
2367	208	0
2368	221	0
2369	211	0
2370	203	0
2371	184	0
2372	205	0
2373	173	0
2374	191	0
2375	214	0
2376	193	0
2377	173	0
2378	228	0
2379	202	0
2380	191	0
2381	210	0
2382	195	0
2383	209	0
2384	220	0
2385	179	0
2386	208	0
2387	187	0
2388	203	0
2389	212	0
2390	177	0
2391	203	0
2392	201	0
2393	200	0
2394	192	0
2395	210	0
2396	197	0
2397	222	0
2398	190	0
2399	220	0
2400	208	0
2401	236	0
2402	192	0
2403	216	0
2404	193	0
2405	218	0
2406	221	0
2407	202	0
2408	180	0
2409	180	0
2410	192	0
2411	219	0
2412	209	0
2413	208	0
2414	215	0
2415	184	0
2416	201	0
2417	197	0
2418	196	0
2419	188	0
2420	192	0
2421	188	0
2422	182	0
2423	185	0
2424	196	0
2425	184	0
2426	209	0
2427	189	0
2428	204	0
2429	201	0
2430	192	0
2431	201	0
2432	222	0
2433	218	0
2434	169	0
2435	169	0
2436	182	0
2437	204	0
2438	186	0
2439	229	0
2440	164	0
2441	207	0
2442	217	0
2443	178	0
2444	192	0
2445	194	0
2446	206	0
2447	176	0
2448	204	0
2449	212	0
2450	193	0
2451	179	0
2452	221	0
2453	190	0
2454	197	0
2455	176	0
2456	179	0
2457	201	0
2458	208	0
2459	187	0
2460	221	0
2461	182	0
2462	191	0
2463	213	0
2464	210	0
2465	199	0
2466	195	0
2467	181	0
2468	210	0
2469	208	0
2470	197	0
2471	207	0
2472	202	0
2473	207	0
2474	205	0
2475	179	0
2476	200	0
2477	204	0
2478	185	0
2479	188	0
2480	175	0
2481	201	0
2482	197	0
2483	181	0
2484	184	0
2485	189	0
2486	184	0
2487	186	0
2488	217	0
2489	206	0
2490	180	0
2491	202	0
2492	204	0
2493	196	0
2494	189	0
2495	192	0
2496	201	0
2497	214	0
2498	205	0
2499	187	0
2500	209	0
2501	202	0
2502	204	0
2503	187	0
2504	189	0
2505	209	0
2506	198	0
2507	168	0
2508	196	0
2509	203	0
2510	200	0
2511	185	0
2512	174	0
2513	208	0
2514	221	0
2515	203	0
2516	206	0
2517	222	0
2518	226	0
2519	210	0
2520	201	0
2521	183	0
2522	205	0
2523	210	0
2524	175	0
2525	203	0
2526	200	0
2527	197	0
2528	189	0
2529	192	0
2530	193	0
2531	203	0
2532	192	0
2533	226	0
2534	198	0
2535	201	0
2536	189	0
2537	187	0
2538	216	0
2539	188	0
2540	186	0
2541	224	0
2542	211	0
2543	175	0
2544	203	0
2545	194	0
2546	201	0
2547	214	0
2548	198	0
2549	175	0
2550	190	0
2551	216	0
2552	143	0
2553	200	0
2554	198	0
2555	192	0
2556	205	0
2557	189	0
2558	198	0
2559	208	0
2560	177	0
2561	184	0
2562	192	0
2563	182	0
2564	185	0
2565	213	0
2566	208	0
2567	215	0
2568	170	0
2569	182	0
2570	204	0
2571	206	0
2572	196	0
2573	181	0
2574	176	0
2575	193	0
2576	206	0
2577	189	0
2578	187	0
2579	202	0
2580	211	0
2581	211	0
2582	178	0
2583	214	0
2584	206	0
2585	185	0
2586	191	0
2587	222	0
2588	189	0
2589	213	0
2590	190	0
2591	222	0
2592	202	0
2593	211	0
2594	198	0
2595	213	0
2596	196	0
2597	186	0
2598	197	0
2599	196	0
2600	202	0
2601	199	0
2602	176	0
2603	190	0
2604	229	0
2605	191	0
2606	202	0
2607	214	0
2608	203	0
2609	223	0
2610	217	0
2611	199	0
2612	175	0
2613	186	0
2614	172	0
2615	185	0
2616	173	0
2617	176	0
2618	190	0
2619	180	0
2620	169	0
2621	194	0
2622	178	0
2623	224	0
2624	183	0
2625	197	0
2626	201	0
2627	193	0
2628	214	0
2629	196	0
2630	165	0
2631	193	0
2632	171	0
2633	193	0
2634	218	0
2635	211	0
2636	207	0
2637	212	0
2638	205	0
2639	192	0
2640	192	0
2641	209	0
2642	184	0
2643	190	0
2644	194	0
2645	193	0
2646	210	0
2647	234	0
2648	196	0
2649	205	0
2650	186	0
2651	201	0
2652	165	0
2653	174	0
2654	207	0
2655	176	0
2656	169	0
2657	214	0
2658	173	0
2659	223	0
2660	197	0
2661	224	0
2662	213	0
2663	205	0
2664	212	0
2665	197	0
2666	191	0
2667	178	0
2668	172	0
2669	213	0
2670	204	0
2671	168	0
2672	187	0
2673	225	0
2674	184	0
2675	184	0
2676	206	0
2677	198	0
2678	196	0
2679	191	0
2680	208	0
2681	191	0
2682	192	0
2683	191	0
2684	202	0
2685	214	0
2686	200	0
2687	200	0
2688	197	0
2689	230	0
2690	213	0
2691	187	0
2692	182	0
2693	214	0
2694	195	0
2695	179	0
2696	209	0
2697	196	0
2698	201	0
2699	191	0
2700	214	0
2701	198	0
2702	193	0
2703	205	0
2704	210	0
2705	188	0
2706	199	0
2707	190	0
2708	189	0
2709	182	0
2710	209	0
2711	181	0
2712	196	0
2713	168	0
2714	192	0
2715	206	0
2716	215	0
2717	203	0
2718	194	0
2719	217	0
2720	187	0
2721	181	0
2722	178	0
2723	200	0
2724	188	0
2725	199	0
2726	173	0
2727	197	0
2728	187	0
2729	232	0
2730	174	0
2731	195	0
2732	195	0
2733	219	0
2734	219	0
2735	192	0
2736	178	0
2737	197	0
2738	187	0
2739	174	0
2740	199	0
2741	203	0
2742	195	0
2743	201	0
2744	210	0
2745	198	0
2746	211	0
2747	175	0
2748	177	0
2749	228	0
2750	206	0
2751	198	0
2752	180	0
2753	204	0
2754	200	0
2755	210	0
2756	180	0
2757	187	0
2758	198	0
2759	186	0
2760	213	0
2761	214	0
2762	200	0
2763	164	0
2764	192	0
2765	210	0
2766	179	0
2767	199	0
2768	200	0
2769	203	0
2770	199	0
2771	173	0
2772	214	0
2773	218	0
2774	218	0
2775	208	0
2776	191	0
2777	191	0
2778	182	0
2779	199	0
2780	202	0
2781	215	0
2782	204	0
2783	214	0
2784	182	0
2785	187	0
2786	191	0
2787	181	0
2788	193	0
2789	209	0
2790	177	0
2791	222	0
2792	191	0
2793	193	0
2794	200	0
2795	188	0
2796	176	0
2797	191	0
2798	196	0
2799	181	0
2800	214	0
2801	182	0
2802	197	0
2803	202	0
2804	226	0
2805	208	0
2806	182	0
2807	192	0
2808	205	0
2809	212	0
2810	170	0
2811	199	0
2812	201	0
2813	197	0
2814	210	0
2815	212	0
2816	218	0
2817	178	0
2818	179	0
2819	202	0
2820	201	0
2821	199	0
2822	188	0
2823	189	0
2824	206	0
2825	163	0
2826	198	0
2827	212	0
2828	191	0
2829	206	0
2830	167	0
2831	206	0
2832	223	0
2833	206	0
2834	218	0
2835	183	0
2836	205	0
2837	213	0
2838	180	0
2839	218	0
2840	180	0
2841	171	0
2842	208	0
2843	190	0
2844	170	0
2845	209	0
2846	172	0
2847	204	0
2848	213	0
2849	190	0
2850	192	0
2851	205	0
2852	182	0
2853	181	0
2854	181	0
2855	180	0
2856	180	0
2857	201	0
2858	220	0
2859	183	0
2860	194	0
2861	202	0
2862	195	0
2863	203	0
2864	193	0
2865	213	0
2866	203	0
2867	190	0
2868	191	0
2869	189	0
2870	179	0
2871	187	0
2872	189	0
2873	189	0
2874	173	0
2875	189	0
2876	170	0
2877	209	0
2878	181	0
2879	231	0
2880	208	0
2881	212	0
2882	231	0
2883	179	0
2884	198	0
2885	184	0
2886	183	0
2887	211	0
2888	203	0
2889	176	0
2890	186	0
2891	176	0
2892	202	0
2893	182	0
2894	196	0
2895	205	0
2896	186	0
2897	204	0
2898	198	0
2899	190	0
2900	195	0
2901	190	0
2902	178	0
2903	201	0
2904	206	0
2905	213	0
2906	212	0
2907	183	0
2908	177	0
2909	201	0
2910	200	0
2911	198	0
2912	186	0
2913	168	0
2914	192	0
2915	179	0
2916	195	0
2917	195	0
2918	200	0
2919	197	0
2920	202	0
2921	199	0
2922	197	0
2923	196	0
2924	180	0
2925	202	0
2926	184	0
2927	207	0
2928	197	0
2929	201	0
2930	191	0
2931	189	0
2932	219	0
2933	200	0
2934	213	0
2935	196	0
2936	194	0
2937	197	0
2938	167	0
2939	224	0
2940	169	0
2941	221	0
2942	213	0
2943	201	0
2944	196	0
2945	181	0
2946	201	0
2947	208	0
2948	200	0
2949	190	0
2950	193	0
2951	191	0
2952	202	0
2953	185	0
2954	180	0
2955	224	0
2956	195	0
2957	232	0
2958	204	0
2959	199	0
2960	201	0
2961	191	0
2962	206	0
2963	214	0
2964	193	0
2965	195	0
2966	190	0
2967	190	0
2968	192	0
2969	203	0
2970	183	0
2971	205	0
2972	208	0
2973	201	0
2974	208	0
2975	196	0
2976	172	0
2977	175	0
2978	187	0
2979	181	0
2980	195	0
2981	191	0
2982	196	0
2983	186	0
2984	195	0
2985	216	0
2986	207	0
2987	182	0
2988	185	0
2989	206	0
2990	206	0
2991	190	0
2992	198	0
2993	208	0
2994	210	0
2995	204	0
2996	191	0
2997	190	0
2998	181	0
2999	196	0
3000	189	0
