1	197	0
2	196	0
3	188	0
4	201	0
5	200	0
6	196	0
7	193	0
8	183	0
9	204	0
10	193	0
11	220	0
12	217	0
13	203	0
14	199	0
15	222	0
16	221	0
17	202	0
18	206	0
19	177	0
20	219	0
21	188	0
22	215	0
23	184	0
24	215	0
25	176	0
26	195	0
27	190	0
28	176	0
29	199	0
30	169	0
31	191	0
32	189	0
33	200	0
34	207	0
35	207	0
36	189	0
37	211	0
38	190	0
39	205	0
40	208	0
41	181	0
42	188	0
43	188	0
44	185	0
45	219	0
46	201	0
47	195	0
48	198	0
49	192	0
50	206	0
51	207	0
52	183	0
53	201	0
54	211	0
55	198	0
56	187	0
57	181	0
58	186	0
59	212	0
60	197	0
61	160	0
62	198	0
63	206	0
64	187	0
65	221	0
66	180	0
67	207	0
68	192	0
69	233	0
70	205	0
71	182	0
72	190	0
73	219	0
74	204	0
75	182	0
76	228	0
77	177	0
78	189	0
79	217	0
80	216	0
81	201	0
82	206	0
83	233	0
84	211	0
85	216	0
86	169	0
87	190	0
88	228	0
89	206	0
90	198	0
91	194	0
92	210	0
93	193	0
94	188	0
95	192	0
96	176	0
97	180	0
98	192	0
99	204	0
100	184	0
101	195	0
102	210	0
103	186	0
104	193	0
105	212	0
106	189	0
107	203	0
108	178	0
109	197	0
110	200	0
111	194	0
112	194	0
113	210	0
114	196	0
115	187	0
116	213	0
117	198	0
118	221	0
119	183	0
120	200	0
121	185	0
122	221	0
123	205	0
124	217	0
125	189	0
126	206	0
127	194	0
128	201	0
129	211	0
130	205	0
131	194	0
132	190	0
133	186	0
134	185	0
135	192	0
136	210	0
137	231	0
138	182	0
139	203	0
140	177	0
141	210	0
142	183	0
143	209	0
144	224	0
145	200	0
146	172	0
147	191	0
148	220	0
149	199	0
150	191	0
151	186	0
152	196	0
153	197	0
154	247	0
155	219	0
156	221	0
157	183	0
158	161	0
159	201	0
160	224	0
161	196	0
162	199	0
163	191	0
164	228	0
165	196	0
166	213	0
167	198	0
168	206	0
169	205	0
170	211	0
171	185	0
172	201	0
173	190	0
174	214	0
175	210	0
176	214	0
177	179	0
178	195	0
179	188	0
180	187	0
181	189	0
182	207	0
183	199	0
184	207	0
185	175	0
186	195	0
187	178	0
188	172	0
189	174	0
190	202	0
191	190	0
192	198	0
193	162	0
194	172	0
195	161	0
196	206	0
197	211	0
198	183	0
199	187	0
200	195	0
201	196	0
202	218	0
203	199	0
204	198	0
205	204	0
206	207	0
207	211	0
208	189	0
209	197	0
210	188	0
211	191	0
212	192	0
213	203	0
214	176	0
215	205	0
216	195	0
217	214	0
218	223	0
219	212	0
220	225	0
221	192	0
222	191	0
223	185	0
224	187	0
225	203	0
226	215	0
227	181	0
228	187	0
229	205	0
230	194	0
231	221	0
232	202	0
233	225	0
234	203	0
235	207	0
236	195	0
237	230	0
238	205	0
239	211	0
240	213	0
241	218	0
242	166	0
243	191	0
244	179	0
245	200	0
246	187	0
247	189	0
248	188	0
249	217	0
250	182	0
251	212	0
252	182	0
253	192	0
254	183	0
255	184	0
256	197	0
257	227	0
258	184	0
259	193	0
260	195	0
261	233	0
262	235	0
263	183	0
264	178	0
265	223	0
266	189	0
267	207	0
268	200	0
269	194	0
270	191	0
271	186	0
272	226	0
273	181	0
274	198	0
275	202	0
276	183	0
277	183	0
278	194	0
279	219	0
280	186	0
281	197	0
282	180	0
283	195	0
284	218	0
285	186	0
286	207	0
287	217	0
288	181	0
289	208	0
290	190	0
291	184	0
292	196	0
293	207	0
294	159	0
295	182	0
296	200	0
297	178	0
298	219	0
299	203	0
300	208	0
301	180	0
302	189	0
303	194	0
304	197	0
305	227	0
306	195	0
307	195	0
308	193	0
309	188	0
310	191	0
311	179	0
312	197	0
313	191	0
314	207	0
315	185	0
316	194	0
317	195	0
318	212	0
319	213	0
320	188	0
321	218	0
322	194	0
323	196	0
324	164	0
325	176	0
326	203	0
327	216	0
328	178	0
329	189	0
330	206	0
331	173	0
332	203	0
333	173	0
334	204	0
335	192	0
336	171	0
337	215	0
338	189	0
339	206	0
340	198	0
341	195	0
342	201	0
343	177	0
344	200	0
345	189	0
346	166	0
347	224	0
348	213	0
349	173	0
350	172	0
351	202	0
352	166	0
353	182	0
354	176	0
355	171	0
356	217	0
357	196	0
358	178	0
359	180	0
360	198	0
361	202	0
362	202	0
363	215	0
364	201	0
365	221	0
366	182	0
367	208	0
368	185	0
369	190	0
370	201	0
371	228	0
372	202	0
373	187	0
374	182	0
375	173	0
376	219	0
377	193	0
378	179	0
379	215	0
380	183	0
381	205	0
382	210	0
383	222	0
384	199	0
385	175	0
386	208	0
387	198	0
388	201	0
389	225	0
390	204	0
391	181	0
392	189	0
393	209	0
394	210	0
395	194	0
396	188	0
397	197	0
398	189	0
399	208	0
400	164	0
401	182	0
402	197	0
403	179	0
404	195	0
405	176	0
406	188	0
407	213	0
408	172	0
409	203	0
410	202	0
411	193	0
412	182	0
413	207	0
414	187	0
415	204	0
416	184	0
417	181	0
418	197	0
419	183	0
420	197	0
421	185	0
422	203	0
423	168	0
424	189	0
425	209	0
426	210	0
427	207	0
428	183	0
429	176	0
430	197	0
431	179	0
432	208	0
433	183	0
434	186	0
435	194	0
436	200	0
437	191	0
438	204	0
439	201	0
440	203	0
441	184	0
442	195	0
443	199	0
444	182	0
445	175	0
446	190	0
447	198	0
448	208	0
449	196	0
450	192	0
451	178	0
452	204	0
453	206	0
454	198	0
455	185	0
456	181	0
457	203	0
458	211	0
459	213	0
460	180	0
461	220	0
462	228	0
463	200	0
464	186	0
465	179	0
466	193	0
467	185	0
468	206	0
469	196	0
470	173	0
471	196	0
472	203	0
473	176	0
474	217	0
475	213	0
476	187	0
477	178	0
478	191	0
479	191	0
480	188	0
481	150	0
482	170	0
483	215	0
484	224	0
485	184	0
486	208	0
487	207	0
488	199	0
489	216	0
490	182	0
491	208	0
492	170	0
493	175	0
494	155	0
495	194	0
496	194	0
497	224	0
498	186	0
499	180	0
500	192	0
501	212	0
502	211	0
503	207	0
504	197	0
505	204	0
506	196	0
507	199	0
508	214	0
509	195	0
510	173	0
511	187	0
512	165	0
513	222	0
514	190	0
515	204	0
516	203	0
517	183	0
518	176	0
519	210	0
520	179	0
521	214	0
522	186	0
523	237	0
524	199	0
525	204	0
526	208	0
527	182	0
528	174	0
529	169	0
530	208	0
531	191	0
532	174	0
533	190	0
534	180	0
535	193	0
536	198	0
537	197	0
538	189	0
539	187	0
540	197	0
541	190	0
542	207	0
543	199	0
544	177	0
545	183	0
546	194	0
547	205	0
548	187	0
549	206	0
550	210	0
551	229	0
552	210	0
553	197	0
554	214	0
555	179	0
556	218	0
557	198	0
558	207	0
559	179	0
560	196	0
561	197	0
562	198	0
563	191	0
564	203	0
565	201	0
566	206	0
567	198	0
568	201	0
569	200	0
570	216	0
571	213	0
572	192	0
573	197	0
574	208	0
575	189	0
576	197	0
577	185	0
578	190	0
579	183	0
580	187	0
581	190	0
582	174	0
583	195	0
584	191	0
585	197	0
586	218	0
587	181	0
588	206	0
589	196	0
590	186	0
591	202	0
592	197	0
593	197	0
594	175	0
595	212	0
596	205	0
597	230	0
598	223	0
599	200	0
600	211	0
601	211	0
602	208	0
603	201	0
604	179	0
605	211	0
606	188	0
607	188	0
608	192	0
609	182	0
610	191	0
611	177	0
612	218	0
613	220	0
614	191	0
615	165	0
616	211	0
617	184	0
618	210	0
619	222	0
620	214	0
621	224	0
622	231	0
623	173	0
624	213	0
625	197	0
626	194	0
627	182	0
628	197	0
629	218	0
630	193	0
631	191	0
632	207	0
633	190	0
634	206	0
635	193	0
636	183	0
637	199	0
638	194	0
639	177	0
640	201	0
641	211	0
642	193	0
643	195	0
644	200	0
645	203	0
646	176	0
647	206	0
648	200	0
649	190	0
650	200	0
651	218	0
652	203	0
653	194	0
654	193	0
655	212	0
656	155	0
657	218	0
658	189	0
659	210	0
660	187	0
661	205	0
662	192	0
663	202	0
664	196	0
665	190	0
666	211	0
667	211	0
668	182	0
669	177	0
670	188	0
671	174	0
672	189	0
673	179	0
674	207	0
675	189	0
676	190	0
677	216	0
678	186	0
679	189	0
680	183	0
681	168	0
682	167	0
683	187	0
684	198	0
685	194	0
686	179	0
687	220	0
688	183	0
689	222	0
690	186	0
691	210	0
692	170	0
693	208	0
694	194	0
695	196	0
696	212	0
697	192	0
698	171	0
699	190	0
700	183	0
701	199	0
702	176	0
703	195	0
704	176	0
705	213	0
706	180	0
707	207	0
708	196	0
709	210	0
710	173	0
711	196	0
712	174	0
713	197	0
714	207	0
715	186	0
716	201	0
717	204	0
718	188	0
719	205	0
720	198	0
721	183	0
722	205	0
723	191	0
724	207	0
725	205	0
726	210	0
727	163	0
728	216	0
729	222	0
730	177	0
731	204	0
732	197	0
733	203	0
734	198	0
735	183	0
736	190	0
737	192	0
738	187	0
739	203	0
740	209	0
741	188	0
742	188	0
743	196	0
744	183	0
745	205	0
746	217	0
747	209	0
748	210	0
749	214	0
750	221	0
751	197	0
752	186	0
753	198	0
754	193	0
755	201	0
756	184	0
757	204	0
758	201	0
759	188	0
760	209	0
761	190	0
762	175	0
763	210	0
764	233	0
765	185	0
766	202	0
767	206	0
768	202	0
769	192	0
770	179	0
771	190	0
772	207	0
773	169	0
774	186	0
775	197	0
776	179	0
777	190	0
778	201	0
779	187	0
780	208	0
781	194	0
782	180	0
783	243	0
784	194	0
785	209	0
786	233	0
787	187	0
788	193	0
789	225	0
790	181	0
791	203	0
792	183	0
793	193	0
794	194	0
795	200	0
796	205	0
797	184	0
798	175	0
799	208	0
800	197	0
801	215	0
802	176	0
803	188	0
804	184	0
805	208	0
806	168	0
807	203	0
808	199	0
809	191	0
810	203	0
811	203	0
812	216	0
813	204	0
814	211	0
815	195	0
816	199	0
817	179	0
818	179	0
819	192	0
820	194	0
821	201	0
822	202	0
823	186	0
824	202	0
825	225	0
826	214	0
827	189	0
828	208	0
829	178	0
830	216	0
831	226	0
832	191	0
833	198	0
834	194	0
835	191	0
836	215	0
837	208	0
838	212	0
839	197	0
840	198	0
841	206	0
842	222	0
843	181	0
844	215	0
845	211	0
846	215	0
847	177	0
848	192	0
849	201	0
850	203	0
851	197	0
852	201	0
853	211	0
854	189	0
855	209	0
856	215	0
857	198	0
858	194	0
859	181	0
860	183	0
861	194	0
862	204	0
863	179	0
864	203	0
865	217	0
866	213	0
867	192	0
868	193	0
869	217	0
870	188	0
871	191	0
872	209	0
873	177	0
874	216	0
875	191	0
876	215	0
877	181	0
878	177	0
879	181	0
880	180	0
881	202	0
882	176	0
883	203	0
884	212	0
885	177	0
886	201	0
887	181	0
888	208	0
889	178	0
890	214	0
891	200	0
892	193	0
893	204	0
894	212	0
895	179	0
896	188	0
897	203	0
898	196	0
899	187	0
900	165	0
901	173	0
902	177	0
903	202	0
904	185	0
905	177	0
906	197	0
907	217	0
908	190	0
909	180	0
910	181	0
911	198	0
912	202	0
913	200	0
914	202	0
915	199	0
916	194	0
917	193	0
918	179	0
919	188	0
920	222	0
921	197	0
922	208	0
923	205	0
924	223	0
925	219	0
926	228	0
927	214	0
928	210	0
929	186	0
930	175	0
931	206	0
932	198	0
933	183	0
934	193	0
935	187	0
936	202	0
937	193	0
938	206	0
939	186	0
940	214	0
941	180	0
942	202	0
943	192	0
944	199	0
945	204	0
946	207	0
947	212	0
948	223	0
949	200	0
950	215	0
951	175	0
952	198	0
953	206	0
954	202	0
955	215	0
956	220	0
957	201	0
958	223	0
959	213	0
960	214	0
961	198	0
962	231	0
963	230	0
964	187	0
965	193	0
966	206	0
967	215	0
968	209	0
969	219	0
970	202	0
971	212	0
972	189	0
973	209	0
974	217	0
975	197	0
976	185	0
977	207	0
978	196	0
979	185	0
980	193	0
981	211	0
982	202	0
983	179	0
984	209	0
985	179	0
986	188	0
987	170	0
988	173	0
989	175	0
990	195	0
991	184	0
992	168	0
993	210	0
994	218	0
995	204	0
996	196	0
997	186	0
998	189	0
999	183	0
1000	178	0
1001	194	0
1002	202	0
1003	190	0
1004	193	0
1005	166	0
1006	194	0
1007	207	0
1008	163	0
1009	228	0
1010	191	0
1011	177	0
1012	197	0
1013	220	0
1014	172	0
1015	171	0
1016	200	0
1017	201	0
1018	201	0
1019	199	0
1020	181	0
1021	194	0
1022	197	0
1023	191	0
1024	190	0
1025	189	0
1026	187	0
1027	203	0
1028	181	0
1029	203	0
1030	212	0
1031	213	0
1032	206	0
1033	186	0
1034	207	0
1035	200	0
1036	189	0
1037	208	0
1038	185	0
1039	168	0
1040	210	0
1041	185	0
1042	181	0
1043	190	0
1044	194	0
1045	200	0
1046	191	0
1047	206	0
1048	210	0
1049	208	0
1050	197	0
1051	173	0
1052	175	0
1053	184	0
1054	202	0
1055	182	0
1056	188	0
1057	187	0
1058	206	0
1059	221	0
1060	180	0
1061	204	0
1062	221	0
1063	220	0
1064	187	0
1065	180	0
1066	209	0
1067	191	0
1068	197	0
1069	198	0
1070	194	0
1071	190	0
1072	210	0
1073	204	0
1074	202	0
1075	198	0
1076	180	0
1077	178	0
1078	182	0
1079	213	0
1080	213	0
1081	193	0
1082	198	0
1083	203	0
1084	225	0
1085	186	0
1086	214	0
1087	194	0
1088	212	0
1089	198	0
1090	198	0
1091	212	0
1092	183	0
1093	178	0
1094	223	0
1095	224	0
1096	188	0
1097	179	0
1098	200	0
1099	179	0
1100	187	0
1101	183	0
1102	195	0
1103	229	0
1104	189	0
1105	183	0
1106	198	0
1107	176	0
1108	215	0
1109	228	0
1110	219	0
1111	202	0
1112	188	0
1113	179	0
1114	194	0
1115	214	0
1116	189	0
1117	201	0
1118	189	0
1119	186	0
1120	201	0
1121	199	0
1122	190	0
1123	169	0
1124	197	0
1125	186	0
1126	189	0
1127	192	0
1128	192	0
1129	234	0
1130	211	0
1131	173	0
1132	175	0
1133	207	0
1134	190	0
1135	209	0
1136	212	0
1137	208	0
1138	197	0
1139	197	0
1140	185	0
1141	243	0
1142	185	0
1143	190	0
1144	191	0
1145	211	0
1146	232	0
1147	199	0
1148	204	0
1149	210	0
1150	207	0
1151	192	0
1152	213	0
1153	181	0
1154	220	0
1155	200	0
1156	199	0
1157	210	0
1158	193	0
1159	204	0
1160	200	0
1161	220	0
1162	194	0
1163	164	0
1164	181	0
1165	185	0
1166	202	0
1167	201	0
1168	223	0
1169	203	0
1170	207	0
1171	197	0
1172	170	0
1173	182	0
1174	171	0
1175	197	0
1176	206	0
1177	206	0
1178	192	0
1179	216	0
1180	189	0
1181	199	0
1182	205	0
1183	199	0
1184	195	0
1185	179	0
1186	194	0
1187	192	0
1188	185	0
1189	215	0
1190	211	0
1191	214	0
1192	183	0
1193	198	0
1194	189	0
1195	196	0
1196	190	0
1197	196	0
1198	217	0
1199	213	0
1200	203	0
1201	218	0
1202	215	0
1203	202	0
1204	202	0
1205	225	0
1206	190	0
1207	215	0
1208	189	0
1209	224	0
1210	187	0
1211	208	0
1212	210	0
1213	182	0
1214	198	0
1215	176	0
1216	188	0
1217	181	0
1218	197	0
1219	199	0
1220	220	0
1221	195	0
1222	202	0
1223	205	0
1224	181	0
1225	196	0
1226	208	0
1227	181	0
1228	173	0
1229	220	0
1230	208	0
1231	211	0
1232	192	0
1233	209	0
1234	204	0
1235	170	0
1236	200	0
1237	190	0
1238	211	0
1239	198	0
1240	206	0
1241	182	0
1242	186	0
1243	173	0
1244	212	0
1245	197	0
1246	184	0
1247	209	0
1248	197	0
1249	192	0
1250	207	0
1251	206	0
1252	181	0
1253	195	0
1254	189	0
1255	202	0
1256	189	0
1257	159	0
1258	216	0
1259	212	0
1260	180	0
1261	200	0
1262	218	0
1263	194	0
1264	183	0
1265	189	0
1266	176	0
1267	220	0
1268	185	0
1269	207	0
1270	183	0
1271	215	0
1272	229	0
1273	223	0
1274	196	0
1275	198	0
1276	187	0
1277	199	0
1278	163	0
1279	210	0
1280	185	0
1281	218	0
1282	178	0
1283	202	0
1284	186	0
1285	183	0
1286	193	0
1287	178	0
1288	198	0
1289	203	0
1290	203	0
1291	197	0
1292	205	0
1293	188	0
1294	181	0
1295	186	0
1296	188	0
1297	186	0
1298	190	0
1299	189	0
1300	219	0
1301	191	0
1302	192	0
1303	225	0
1304	180	0
1305	213	0
1306	178	0
1307	186	0
1308	187	0
1309	206	0
1310	208	0
1311	205	0
1312	230	0
1313	217	0
1314	200	0
1315	199	0
1316	224	0
1317	203	0
1318	203	0
1319	197	0
1320	212	0
1321	206	0
1322	190	0
1323	199	0
1324	196	0
1325	173	0
1326	216	0
1327	223	0
1328	209	0
1329	192	0
1330	186	0
1331	204	0
1332	209	0
1333	208	0
1334	212	0
1335	214	0
1336	198	0
1337	204	0
1338	209	0
1339	197	0
1340	206	0
1341	213	0
1342	203	0
1343	193	0
1344	194	0
1345	196	0
1346	196	0
1347	165	0
1348	205	0
1349	185	0
1350	193	0
1351	207	0
1352	177	0
1353	191	0
1354	202	0
1355	181	0
1356	181	0
1357	217	0
1358	203	0
1359	212	0
1360	212	0
1361	178	0
1362	180	0
1363	190	0
1364	178	0
1365	189	0
1366	215	0
1367	216	0
1368	183	0
1369	201	0
1370	211	0
1371	191	0
1372	223	0
1373	199	0
1374	203	0
1375	211	0
1376	183	0
1377	189	0
1378	208	0
1379	179	0
1380	212	0
1381	188	0
1382	188	0
1383	190	0
1384	157	0
1385	194	0
1386	197	0
1387	187	0
1388	216	0
1389	192	0
1390	192	0
1391	200	0
1392	213	0
1393	183	0
1394	198	0
1395	185	0
1396	211	0
1397	204	0
1398	188	0
1399	199	0
1400	193	0
1401	195	0
1402	186	0
1403	182	0
1404	168	0
1405	219	0
1406	212	0
1407	213	0
1408	186	0
1409	183	0
1410	194	0
1411	206	0
1412	195	0
1413	187	0
1414	201	0
1415	164	0
1416	175	0
1417	205	0
1418	190	0
1419	209	0
1420	196	0
1421	200	0
1422	206	0
1423	204	0
1424	193	0
1425	193	0
1426	181	0
1427	213	0
1428	184	0
1429	208	0
1430	202	0
1431	202	0
1432	202	0
1433	199	0
1434	194	0
1435	196	0
1436	179	0
1437	188	0
1438	191	0
1439	196	0
1440	197	0
1441	187	0
1442	199	0
1443	194	0
1444	195	0
1445	208	0
1446	183	0
1447	190	0
1448	190	0
1449	182	0
1450	206	0
1451	195	0
1452	199	0
1453	223	0
1454	205	0
1455	210	0
1456	189	0
1457	204	0
1458	214	0
1459	176	0
1460	199	0
1461	194	0
1462	196	0
1463	202	0
1464	208	0
1465	197	0
1466	194	0
1467	202	0
1468	183	0
1469	204	0
1470	171	0
1471	219	0
1472	181	0
1473	200	0
1474	193	0
1475	198	0
1476	174	0
1477	173	0
1478	163	0
1479	213	0
1480	197	0
1481	210	0
1482	182	0
1483	204	0
1484	169	0
1485	200	0
1486	214	0
1487	183	0
1488	215	0
1489	217	0
1490	204	0
1491	202	0
1492	197	0
1493	192	0
1494	225	0
1495	179	0
1496	186	0
1497	192	0
1498	188	0
1499	183	0
1500	188	0
1501	201	0
1502	169	0
1503	203	0
1504	197	0
1505	191	0
1506	199	0
1507	189	0
1508	189	0
1509	169	0
1510	185	0
1511	213	0
1512	195	0
1513	220	0
1514	215	0
1515	216	0
1516	170	0
1517	204	0
1518	181	0
1519	215	0
1520	215	0
1521	218	0
1522	218	0
1523	211	0
1524	205	0
1525	205	0
1526	205	0
1527	188	0
1528	178	0
1529	194	0
1530	196	0
1531	194	0
1532	157	0
1533	199	0
1534	216	0
1535	199	0
1536	211	0
1537	197	0
1538	163	0
1539	183	0
1540	195	0
1541	173	0
1542	213	0
1543	207	0
1544	214	0
1545	189	0
1546	197	0
1547	201	0
1548	200	0
1549	180	0
1550	188	0
1551	177	0
1552	185	0
1553	219	0
1554	199	0
1555	182	0
1556	188	0
1557	181	0
1558	172	0
1559	205	0
1560	200	0
1561	211	0
1562	180	0
1563	190	0
1564	198	0
1565	197	0
1566	183	0
1567	212	0
1568	171	0
1569	185	0
1570	195	0
1571	188	0
1572	192	0
1573	225	0
1574	184	0
1575	188	0
1576	173	0
1577	197	0
1578	175	0
1579	199	0
1580	197	0
1581	200	0
1582	214	0
1583	209	0
1584	225	0
1585	192	0
1586	217	0
1587	182	0
1588	212	0
1589	188	0
1590	182	0
1591	205	0
1592	198	0
1593	204	0
1594	202	0
1595	197	0
1596	173	0
1597	194	0
1598	195	0
1599	185	0
1600	186	0
1601	181	0
1602	209	0
1603	155	0
1604	176	0
1605	186	0
1606	179	0
1607	195	0
1608	202	0
1609	175	0
1610	163	0
1611	198	0
1612	230	0
1613	187	0
1614	176	0
1615	205	0
1616	187	0
1617	208	0
1618	198	0
1619	182	0
1620	188	0
1621	200	0
1622	208	0
1623	194	0
1624	195	0
1625	187	0
1626	192	0
1627	192	0
1628	199	0
1629	200	0
1630	198	0
1631	200	0
1632	211	0
1633	208	0
1634	193	0
1635	218	0
1636	206	0
1637	198	0
1638	184	0
1639	189	0
1640	209	0
1641	198	0
1642	215	0
1643	183	0
1644	180	0
1645	194	0
1646	207	0
1647	194	0
1648	193	0
1649	191	0
1650	210	0
1651	187	0
1652	195	0
1653	184	0
1654	179	0
1655	225	0
1656	205	0
1657	190	0
1658	190	0
1659	180	0
1660	220	0
1661	176	0
1662	183	0
1663	206	0
1664	205	0
1665	197	0
1666	198	0
1667	194	0
1668	200	0
1669	207	0
1670	205	0
1671	195	0
1672	202	0
1673	186	0
1674	196	0
1675	195	0
1676	213	0
1677	178	0
1678	196	0
1679	201	0
1680	190	0
1681	201	0
1682	204	0
1683	188	0
1684	189	0
1685	224	0
1686	185	0
1687	202	0
1688	203	0
1689	187	0
1690	192	0
1691	207	0
1692	198	0
1693	174	0
1694	207	0
1695	190	0
1696	198	0
1697	210	0
1698	193	0
1699	191	0
1700	187	0
1701	193	0
1702	209	0
1703	165	0
1704	195	0
1705	213	0
1706	197	0
1707	204	0
1708	177	0
1709	204	0
1710	182	0
1711	193	0
1712	168	0
1713	193	0
1714	221	0
1715	195	0
1716	180	0
1717	215	0
1718	198	0
1719	198	0
1720	204	0
1721	200	0
1722	182	0
1723	209	0
1724	205	0
1725	219	0
1726	202	0
1727	185	0
1728	194	0
1729	176	0
1730	190	0
1731	191	0
1732	207	0
1733	218	0
1734	206	0
1735	222	0
1736	198	0
1737	203	0
1738	197	0
1739	205	0
1740	197	0
1741	205	0
1742	187	0
1743	185	0
1744	184	0
1745	195	0
1746	220	0
1747	211	0
1748	185	0
1749	200	0
1750	194	0
1751	181	0
1752	223	0
1753	199	0
1754	187	0
1755	188	0
1756	197	0
1757	211	0
1758	203	0
1759	197	0
1760	180	0
1761	201	0
1762	213	0
1763	193	0
1764	209	0
1765	176	0
1766	198	0
1767	222	0
1768	207	0
1769	196	0
1770	216	0
1771	184	0
1772	217	0
1773	215	0
1774	192	0
1775	203	0
1776	205	0
1777	221	0
1778	233	0
1779	199	0
1780	221	0
1781	199	0
1782	183	0
1783	190	0
1784	205	0
1785	170	0
1786	173	0
1787	185	0
1788	184	0
1789	181	0
1790	190	0
1791	200	0
1792	199	0
1793	183	0
1794	195	0
1795	196	0
1796	193	0
1797	182	0
1798	231	0
1799	209	0
1800	183	0
1801	189	0
1802	214	0
1803	186	0
1804	233	0
1805	197	0
1806	192	0
1807	178	0
1808	207	0
1809	223	0
1810	204	0
1811	180	0
1812	216	0
1813	213	0
1814	199	0
1815	204	0
1816	234	0
1817	219	0
1818	189	0
1819	209	0
1820	202	0
1821	192	0
1822	192	0
1823	221	0
1824	189	0
1825	196	0
1826	203	0
1827	228	0
1828	212	0
1829	201	0
1830	207	0
1831	205	0
1832	191	0
1833	206	0
1834	194	0
1835	200	0
1836	221	0
1837	189	0
1838	189	0
1839	201	0
1840	201	0
1841	226	0
1842	188	0
1843	189	0
1844	214	0
1845	213	0
1846	191	0
1847	202	0
1848	165	0
1849	193	0
1850	198	0
1851	210	0
1852	170	0
1853	196	0
1854	213	0
1855	195	0
1856	195	0
1857	188	0
1858	208	0
1859	181	0
1860	180	0
1861	226	0
1862	177	0
1863	180	0
1864	213	0
1865	204	0
1866	188	0
1867	191	0
1868	189	0
1869	195	0
1870	226	0
1871	176	0
1872	207	0
1873	184	0
1874	205	0
1875	188	0
1876	215	0
1877	175	0
1878	238	0
1879	180	0
1880	224	0
1881	201	0
1882	191	0
1883	176	0
1884	197	0
1885	190	0
1886	191	0
1887	197	0
1888	198	0
1889	213	0
1890	220	0
1891	183	0
1892	191	0
1893	204	0
1894	210	0
1895	178	0
1896	200	0
1897	197	0
1898	196	0
1899	191	0
1900	204	0
1901	208	0
1902	201	0
1903	184	0
1904	192	0
1905	173	0
1906	221	0
1907	192	0
1908	194	0
1909	200	0
1910	175	0
1911	194	0
1912	189	0
1913	190	0
1914	194	0
1915	196	0
1916	204	0
1917	170	0
1918	185	0
1919	215	0
1920	175	0
1921	154	0
1922	175	0
1923	189	0
1924	215	0
1925	188	0
1926	218	0
1927	195	0
1928	188	0
1929	239	0
1930	175	0
1931	169	0
1932	205	0
1933	212	0
1934	188	0
1935	182	0
1936	217	0
1937	194	0
1938	210	0
1939	197	0
1940	216	0
1941	233	0
1942	205	0
1943	200	0
1944	209	0
1945	205	0
1946	200	0
1947	195	0
1948	177	0
1949	194	0
1950	189	0
1951	197	0
1952	175	0
1953	214	0
1954	181	0
1955	174	0
1956	212	0
1957	172	0
1958	222	0
1959	181	0
1960	197	0
1961	189	0
1962	191	0
1963	208	0
1964	216	0
1965	240	0
1966	208	0
1967	188	0
1968	186	0
1969	182	0
1970	201	0
1971	186	0
1972	226	0
1973	204	0
1974	197	0
1975	206	0
1976	177	0
1977	194	0
1978	224	0
1979	181	0
1980	217	0
1981	204	0
1982	176	0
1983	186	0
1984	197	0
1985	185	0
1986	175	0
1987	184	0
1988	199	0
1989	201	0
1990	201	0
1991	191	0
1992	209	0
1993	223	0
1994	191	0
1995	193	0
1996	189	0
1997	196	0
1998	204	0
1999	208	0
2000	217	0
2001	192	0
2002	177	0
2003	178	0
2004	184	0
2005	205	0
2006	193	0
2007	212	0
2008	190	0
2009	201	0
2010	208	0
2011	204	0
2012	196	0
2013	193	0
2014	190	0
2015	209	0
2016	184	0
2017	192	0
2018	210	0
2019	189	0
2020	184	0
2021	165	0
2022	218	0
2023	170	0
2024	191	0
2025	164	0
2026	209	0
2027	173	0
2028	169	0
2029	197	0
2030	188	0
2031	196	0
2032	219	0
2033	222	0
2034	166	0
2035	201	0
2036	198	0
2037	202	0
2038	179	0
2039	203	0
2040	206	0
2041	201	0
2042	198	0
2043	212	0
2044	199	0
2045	210	0
2046	192	0
2047	170	0
2048	176	0
2049	212	0
2050	197	0
2051	194	0
2052	189	0
2053	181	0
2054	194	0
2055	190	0
2056	208	0
2057	180	0
2058	198	0
2059	209	0
2060	217	0
2061	199	0
2062	208	0
2063	205	0
2064	196	0
2065	188	0
2066	199	0
2067	189	0
2068	204	0
2069	172	0
2070	173	0
2071	204	0
2072	209	0
2073	187	0
2074	192	0
2075	189	0
2076	216	0
2077	184	0
2078	216	0
2079	189	0
2080	194	0
2081	158	0
2082	199	0
2083	182	0
2084	212	0
2085	204	0
2086	169	0
2087	187	0
2088	219	0
2089	207	0
2090	196	0
2091	201	0
2092	205	0
2093	181	0
2094	203	0
2095	205	0
2096	202	0
2097	182	0
2098	209	0
2099	209	0
2100	188	0
2101	211	0
2102	160	0
2103	215	0
2104	194	0
2105	172	0
2106	195	0
2107	215	0
2108	207	0
2109	178	0
2110	186	0
2111	207	0
2112	210	0
2113	192	0
2114	177	0
2115	194	0
2116	193	0
2117	176	0
2118	183	0
2119	201	0
2120	202	0
2121	167	0
2122	198	0
2123	198	0
2124	216	0
2125	167	0
2126	194	0
2127	193	0
2128	166	0
2129	202	0
2130	192	0
2131	194	0
2132	204	0
2133	172	0
2134	216	0
2135	192	0
2136	197	0
2137	193	0
2138	198	0
2139	184	0
2140	168	0
2141	210	0
2142	186	0
2143	200	0
2144	175	0
2145	200	0
2146	215	0
2147	190	0
2148	180	0
2149	188	0
2150	208	0
2151	211	0
2152	193	0
2153	184	0
2154	167	0
2155	209	0
2156	184	0
2157	194	0
2158	204	0
2159	184	0
2160	222	0
2161	189	0
2162	203	0
2163	199	0
2164	187	0
2165	201	0
2166	184	0
2167	204	0
2168	216	0
2169	185	0
2170	174	0
2171	208	0
2172	209	0
2173	186	0
2174	209	0
2175	221	0
2176	188	0
2177	198	0
2178	188	0
2179	181	0
2180	205	0
2181	203	0
2182	213	0
2183	180	0
2184	195	0
2185	197	0
2186	203	0
2187	201	0
2188	214	0
2189	210	0
2190	191	0
2191	208	0
2192	199	0
2193	176	0
2194	203	0
2195	185	0
2196	220	0
2197	211	0
2198	219	0
2199	184	0
2200	228	0
2201	190	0
2202	204	0
2203	187	0
2204	193	0
2205	211	0
2206	193	0
2207	194	0
2208	198	0
2209	192	0
2210	205	0
2211	182	0
2212	182	0
2213	196	0
2214	170	0
2215	213	0
2216	203	0
2217	201	0
2218	188	0
2219	214	0
2220	201	0
2221	191	0
2222	196	0
2223	210	0
2224	183	0
2225	197	0
2226	178	0
2227	211	0
2228	188	0
2229	214	0
2230	186	0
2231	224	0
2232	183	0
2233	221	0
2234	197	0
2235	184	0
2236	206	0
2237	182	0
2238	231	0
2239	197	0
2240	182	0
2241	221	0
2242	195	0
2243	179	0
2244	190	0
2245	184	0
2246	207	0
2247	226	0
2248	191	0
2249	217	0
2250	199	0
2251	202	0
2252	197	0
2253	178	0
2254	197	0
2255	186	0
2256	182	0
2257	172	0
2258	188	0
2259	180	0
2260	204	0
2261	228	0
2262	170	0
2263	198	0
2264	182	0
2265	197	0
2266	209	0
2267	189	0
2268	203	0
2269	189	0
2270	199	0
2271	182	0
2272	187	0
2273	196	0
2274	213	0
2275	202	0
2276	216	0
2277	223	0
2278	214	0
2279	181	0
2280	206	0
2281	184	0
2282	169	0
2283	198	0
2284	193	0
2285	173	0
2286	182	0
2287	197	0
2288	210	0
2289	227	0
2290	206	0
2291	222	0
2292	200	0
2293	192	0
2294	229	0
2295	192	0
2296	194	0
2297	180	0
2298	190	0
2299	223	0
2300	206	0
2301	240	0
2302	174	0
2303	188	0
2304	228	0
2305	194	0
2306	181	0
2307	231	0
2308	206	0
2309	210	0
2310	191	0
2311	198	0
2312	174	0
2313	208	0
2314	188	0
2315	219	0
2316	182	0
2317	208	0
2318	213	0
2319	205	0
2320	181	0
2321	213	0
2322	201	0
2323	202	0
2324	211	0
2325	200	0
2326	204	0
2327	193	0
2328	177	0
2329	176	0
2330	184	0
2331	197	0
2332	234	0
2333	177	0
2334	173	0
2335	168	0
2336	192	0
2337	202	0
2338	193	0
2339	201	0
2340	202	0
2341	191	0
2342	188	0
2343	200	0
2344	187	0
2345	211	0
2346	199	0
2347	200	0
2348	200	0
2349	205	0
2350	189	0
2351	202	0
2352	212	0
2353	213	0
2354	199	0
2355	194	0
2356	193	0
2357	168	0
2358	195	0
2359	186	0
2360	206	0
2361	206	0
2362	211	0
2363	202	0
2364	204	0
2365	191	0
2366	187	0
2367	219	0
2368	207	0
2369	200	0
2370	187	0
2371	210	0
2372	199	0
2373	204	0
2374	170	0
2375	192	0
2376	198	0
2377	201	0
2378	187	0
2379	158	0
2380	193	0
2381	193	0
2382	201	0
2383	192	0
2384	211	0
2385	199	0
2386	231	0
2387	189	0
2388	180	0
2389	206	0
2390	200	0
2391	193	0
2392	225	0
2393	190	0
2394	195	0
2395	248	0
2396	187	0
2397	232	0
2398	194	0
2399	213	0
2400	190	0
2401	210	0
2402	183	0
2403	200	0
2404	199	0
2405	222	0
2406	210	0
2407	207	0
2408	204	0
2409	219	0
2410	190	0
2411	201	0
2412	188	0
2413	193	0
2414	197	0
2415	225	0
2416	206	0
2417	218	0
2418	200	0
2419	194	0
2420	209	0
2421	202	0
2422	228	0
2423	195	0
2424	181	0
2425	174	0
2426	199	0
2427	227	0
2428	219	0
2429	228	0
2430	184	0
2431	210	0
2432	225	0
2433	214	0
2434	203	0
2435	225	0
2436	204	0
2437	207	0
2438	189	0
2439	173	0
2440	196	0
2441	184	0
2442	195	0
2443	218	0
2444	191	0
2445	198	0
2446	169	0
2447	195	0
2448	212	0
2449	194	0
2450	226	0
2451	213	0
2452	164	0
2453	193	0
2454	163	0
2455	193	0
2456	199	0
2457	217	0
2458	187	0
2459	194	0
2460	183	0
2461	185	0
2462	208	0
2463	227	0
2464	187	0
2465	210	0
2466	187	0
2467	184	0
2468	197	0
2469	189	0
2470	194	0
2471	200	0
2472	191	0
2473	191	0
2474	205	0
2475	199	0
2476	203	0
2477	185	0
2478	183	0
2479	199	0
2480	176	0
2481	195	0
2482	206	0
2483	210	0
2484	194	0
2485	192	0
2486	193	0
2487	193	0
2488	197	0
2489	181	0
2490	178	0
2491	209	0
2492	181	0
2493	185	0
2494	187	0
2495	196	0
2496	197	0
2497	216	0
2498	210	0
2499	176	0
2500	190	0
2501	199	0
2502	196	0
2503	211	0
2504	204	0
2505	185	0
2506	220	0
2507	189	0
2508	174	0
2509	199	0
2510	190	0
2511	215	0
2512	208	0
2513	193	0
2514	235	0
2515	206	0
2516	174	0
2517	171	0
2518	203	0
2519	216	0
2520	197	0
2521	190	0
2522	205	0
2523	178	0
2524	195	0
2525	187	0
2526	169	0
2527	198	0
2528	208	0
2529	194	0
2530	209	0
2531	204	0
2532	208	0
2533	198	0
2534	207	0
2535	224	0
2536	204	0
2537	204	0
2538	188	0
2539	184	0
2540	186	0
2541	186	0
2542	211	0
2543	202	0
2544	174	0
2545	207	0
2546	195	0
2547	196	0
2548	193	0
2549	190	0
2550	195	0
2551	174	0
2552	195	0
2553	193	0
2554	210	0
2555	198	0
2556	187	0
2557	196	0
2558	201	0
2559	192	0
2560	188	0
2561	227	0
2562	200	0
2563	186	0
2564	176	0
2565	197	0
2566	179	0
2567	206	0
2568	209	0
2569	201	0
2570	192	0
2571	177	0
2572	201	0
2573	203	0
2574	194	0
2575	190	0
2576	211	0
2577	208	0
2578	194	0
2579	186	0
2580	195	0
2581	216	0
2582	183	0
2583	215	0
2584	198	0
2585	219	0
2586	183	0
2587	179	0
2588	188	0
2589	194	0
2590	180	0
2591	204	0
2592	204	0
2593	204	0
2594	200	0
2595	188	0
2596	177	0
2597	188	0
2598	194	0
2599	209	0
2600	189	0
2601	223	0
2602	197	0
2603	198	0
2604	194	0
2605	202	0
2606	192	0
2607	177	0
2608	178	0
2609	185	0
2610	202	0
2611	201	0
2612	201	0
2613	196	0
2614	211	0
2615	214	0
2616	205	0
2617	196	0
2618	200	0
2619	201	0
2620	192	0
2621	199	0
2622	170	0
2623	206	0
2624	200	0
2625	202	0
2626	204	0
2627	216	0
2628	227	0
2629	182	0
2630	178	0
2631	204	0
2632	204	0
2633	200	0
2634	191	0
2635	174	0
2636	218	0
2637	171	0
2638	190	0
2639	201	0
2640	199	0
2641	190	0
2642	204	0
2643	209	0
2644	207	0
2645	196	0
2646	194	0
2647	197	0
2648	208	0
2649	179	0
2650	211	0
2651	195	0
2652	191	0
2653	239	0
2654	186	0
2655	192	0
2656	217	0
2657	203	0
2658	213	0
2659	176	0
2660	149	0
2661	187	0
2662	215	0
2663	194	0
2664	160	0
2665	187	0
2666	197	0
2667	198	0
2668	205	0
2669	175	0
2670	197	0
2671	185	0
2672	206	0
2673	192	0
2674	198	0
2675	187	0
2676	184	0
2677	180	0
2678	185	0
2679	203	0
2680	202	0
2681	206	0
2682	187	0
2683	180	0
2684	222	0
2685	204	0
2686	200	0
2687	184	0
2688	188	0
2689	189	0
2690	217	0
2691	200	0
2692	196	0
2693	186	0
2694	209	0
2695	177	0
2696	183	0
2697	202	0
2698	201	0
2699	201	0
2700	177	0
2701	194	0
2702	201	0
2703	210	0
2704	187	0
2705	202	0
2706	204	0
2707	188	0
2708	196	0
2709	180	0
2710	198	0
2711	160	0
2712	171	0
2713	203	0
2714	178	0
2715	186	0
2716	187	0
2717	220	0
2718	188	0
2719	192	0
2720	217	0
2721	194	0
2722	198	0
2723	201	0
2724	192	0
2725	172	0
2726	216	0
2727	218	0
2728	206	0
2729	211	0
2730	201	0
2731	190	0
2732	213	0
2733	184	0
2734	188	0
2735	204	0
2736	179	0
2737	171	0
2738	193	0
2739	191	0
2740	196	0
2741	199	0
2742	185	0
2743	217	0
2744	228	0
2745	206	0
2746	200	0
2747	204	0
2748	193	0
2749	193	0
2750	202	0
2751	188	0
2752	194	0
2753	218	0
2754	192	0
2755	197	0
2756	183	0
2757	201	0
2758	171	0
2759	196	0
2760	193	0
2761	218	0
2762	185	0
2763	191	0
2764	198	0
2765	199	0
2766	183	0
2767	218	0
2768	186	0
2769	179	0
2770	190	0
2771	186	0
2772	204	0
2773	202	0
2774	193	0
2775	196	0
2776	243	0
2777	195	0
2778	181	0
2779	191	0
2780	185	0
2781	195	0
2782	180	0
2783	185	0
2784	188	0
2785	192	0
2786	186	0
2787	200	0
2788	205	0
2789	212	0
2790	206	0
2791	180	0
2792	215	0
2793	223	0
2794	201	0
2795	221	0
2796	163	0
2797	203	0
2798	193	0
2799	208	0
2800	183	0
2801	201	0
2802	188	0
2803	187	0
2804	175	0
2805	184	0
2806	228	0
2807	196	0
2808	202	0
2809	186	0
2810	216	0
2811	197	0
2812	207	0
2813	179	0
2814	183	0
2815	200	0
2816	237	0
2817	214	0
2818	194	0
2819	178	0
2820	211	0
2821	184	0
2822	198	0
2823	195	0
2824	216	0
2825	192	0
2826	215	0
2827	187	0
2828	189	0
2829	227	0
2830	183	0
2831	190	0
2832	202	0
2833	210	0
2834	191	0
2835	223	0
2836	223	0
2837	203	0
2838	193	0
2839	179	0
2840	199	0
2841	176	0
2842	187	0
2843	184	0
2844	190	0
2845	202	0
2846	160	0
2847	187	0
2848	194	0
2849	193	0
2850	185	0
2851	191	0
2852	200	0
2853	209	0
2854	208	0
2855	210	0
2856	197	0
2857	216	0
2858	190	0
2859	187	0
2860	215	0
2861	191	0
2862	229	0
2863	206	0
2864	188	0
2865	188	0
2866	183	0
2867	205	0
2868	189	0
2869	192	0
2870	204	0
2871	191	0
2872	190	0
2873	194	0
2874	200	0
2875	207	0
2876	183	0
2877	190	0
2878	179	0
2879	193	0
2880	194	0
2881	229	0
2882	221	0
2883	200	0
2884	214	0
2885	190	0
2886	181	0
2887	186	0
2888	183	0
2889	212	0
2890	217	0
2891	228	0
2892	192	0
2893	188	0
2894	188	0
2895	206	0
2896	183	0
2897	208	0
2898	161	0
2899	205	0
2900	186	0
2901	207	0
2902	204	0
2903	171	0
2904	218	0
2905	191	0
2906	192	0
2907	206	0
2908	196	0
2909	185	0
2910	168	0
2911	204	0
2912	207	0
2913	196	0
2914	208	0
2915	198	0
2916	205	0
2917	199	0
2918	225	0
2919	209	0
2920	209	0
2921	195	0
2922	214	0
2923	205	0
2924	177	0
2925	180	0
2926	208	0
2927	205	0
2928	202	0
2929	179	0
2930	212	0
2931	200	0
2932	185	0
2933	209	0
2934	207	0
2935	184	0
2936	202	0
2937	191	0
2938	180	0
2939	171	0
2940	219	0
2941	183	0
2942	234	0
2943	185	0
2944	202	0
2945	167	0
2946	189	0
2947	189	0
2948	230	0
2949	182	0
2950	188	0
2951	183	0
2952	192	0
2953	213	0
2954	184	0
2955	181	0
2956	185	0
2957	188	0
2958	191	0
2959	199	0
2960	200	0
2961	199	0
2962	196	0
2963	198	0
2964	203	0
2965	176	0
2966	174	0
2967	214	0
2968	184	0
2969	185	0
2970	208	0
2971	190	0
2972	211	0
2973	184	0
2974	209	0
2975	197	0
2976	183	0
2977	198	0
2978	188	0
2979	199	0
2980	192	0
2981	185	0
2982	204	0
2983	209	0
2984	206	0
2985	195	0
2986	168	0
2987	186	0
2988	183	0
2989	173	0
2990	200	0
2991	195	0
2992	189	0
2993	192	0
2994	174	0
2995	203	0
2996	194	0
2997	169	0
2998	199	0
2999	201	0
3000	203	0
