1	177	0
2	200	0
3	173	0
4	164	0
5	208	0
6	198	0
7	190	0
8	195	0
9	190	0
10	214	0
11	187	0
12	191	0
13	190	0
14	175	0
15	200	0
16	189	0
17	213	0
18	193	0
19	182	0
20	205	0
21	179	0
22	225	0
23	198	0
24	193	0
25	189	0
26	192	0
27	182	0
28	203	0
29	198	0
30	191	0
31	176	0
32	207	0
33	214	0
34	187	0
35	190	0
36	213	0
37	197	0
38	201	0
39	222	0
40	175	0
41	195	0
42	175	0
43	198	0
44	186	0
45	183	0
46	209	0
47	207	0
48	188	0
49	200	0
50	189	0
51	220	0
52	230	0
53	203	0
54	184	0
55	195	0
56	174	0
57	193	0
58	187	0
59	208	0
60	201	0
61	206	0
62	192	0
63	192	0
64	158	0
65	209	0
66	190	0
67	212	0
68	194	0
69	208	0
70	214	0
71	196	0
72	169	0
73	195	0
74	219	0
75	208	0
76	203	0
77	209	0
78	208	0
79	203	0
80	196	0
81	203	0
82	219	0
83	198	0
84	197	0
85	198	0
86	221	0
87	219	0
88	191	0
89	196	0
90	200	0
91	169	0
92	207	0
93	210	0
94	190	0
95	207	0
96	183	0
97	219	0
98	166	0
99	200	0
100	165	0
101	173	0
102	179	0
103	199	0
104	192	0
105	165	0
106	178	0
107	210	0
108	193	0
109	174	0
110	194	0
111	215	0
112	200	0
113	174	0
114	190	0
115	201	0
116	170	0
117	221	0
118	189	0
119	162	0
120	227	0
121	198	0
122	179	0
123	198	0
124	182	0
125	187	0
126	193	0
127	198	0
128	175	0
129	163	0
130	208	0
131	208	0
132	207	0
133	198	0
134	197	0
135	225	0
136	199	0
137	188	0
138	190	0
139	188	0
140	202	0
141	181	0
142	192	0
143	179	0
144	195	0
145	173	0
146	193	0
147	215	0
148	187	0
149	178	0
150	206	0
151	197	0
152	181	0
153	179	0
154	214	0
155	196	0
156	191	0
157	185	0
158	206	0
159	198	0
160	187	0
161	187	0
162	200	0
163	181	0
164	210	0
165	195	0
166	193	0
167	195	0
168	228	0
169	195	0
170	223	0
171	206	0
172	190	0
173	200	0
174	195	0
175	194	0
176	190	0
177	215	0
178	190	0
179	200	0
180	188	0
181	198	0
182	198	0
183	205	0
184	199	0
185	193	0
186	191	0
187	179	0
188	185	0
189	180	0
190	184	0
191	238	0
192	190	0
193	158	0
194	219	0
195	206	0
196	182	0
197	180	0
198	185	0
199	198	0
200	205	0
201	214	0
202	213	0
203	198	0
204	168	0
205	190	0
206	217	0
207	183	0
208	214	0
209	210	0
210	195	0
211	219	0
212	191	0
213	194	0
214	205	0
215	208	0
216	208	0
217	218	0
218	198	0
219	191	0
220	216	0
221	185	0
222	199	0
223	218	0
224	208	0
225	200	0
226	178	0
227	200	0
228	196	0
229	195	0
230	213	0
231	214	0
232	221	0
233	196	0
234	188	0
235	189	0
236	191	0
237	215	0
238	207	0
239	191	0
240	204	0
241	202	0
242	218	0
243	198	0
244	190	0
245	178	0
246	191	0
247	212	0
248	209	0
249	179	0
250	202	0
251	209	0
252	178	0
253	186	0
254	204	0
255	208	0
256	215	0
257	179	0
258	202	0
259	187	0
260	213	0
261	201	0
262	178	0
263	170	0
264	179	0
265	205	0
266	212	0
267	209	0
268	227	0
269	192	0
270	197	0
271	182	0
272	209	0
273	222	0
274	183	0
275	205	0
276	203	0
277	211	0
278	195	0
279	193	0
280	172	0
281	215	0
282	179	0
283	211	0
284	191	0
285	204	0
286	186	0
287	220	0
288	207	0
289	242	0
290	208	0
291	184	0
292	213	0
293	207	0
294	207	0
295	198	0
296	190	0
297	197	0
298	178	0
299	187	0
300	226	0
301	208	0
302	201	0
303	206	0
304	194	0
305	198	0
306	180	0
307	203	0
308	186	0
309	201	0
310	196	0
311	174	0
312	194	0
313	198	0
314	222	0
315	205	0
316	181	0
317	180	0
318	184	0
319	181	0
320	176	0
321	206	0
322	195	0
323	191	0
324	175	0
325	201	0
326	205	0
327	189	0
328	199	0
329	212	0
330	195	0
331	199	0
332	183	0
333	197	0
334	195	0
335	181	0
336	208	0
337	193	0
338	206	0
339	209	0
340	178	0
341	187	0
342	207	0
343	204	0
344	206	0
345	196	0
346	214	0
347	205	0
348	205	0
349	194	0
350	172	0
351	191	0
352	201	0
353	180	0
354	187	0
355	208	0
356	216	0
357	196	0
358	201	0
359	201	0
360	203	0
361	212	0
362	197	0
363	206	0
364	206	0
365	186	0
366	191	0
367	196	0
368	179	0
369	193	0
370	190	0
371	188	0
372	204	0
373	214	0
374	200	0
375	204	0
376	188	0
377	195	0
378	210	0
379	196	0
380	208	0
381	186	0
382	174	0
383	194	0
384	179	0
385	189	0
386	203	0
387	185	0
388	168	0
389	195	0
390	159	0
391	199	0
392	200	0
393	195	0
394	179	0
395	213	0
396	213	0
397	202	0
398	185	0
399	187	0
400	213	0
401	226	0
402	192	0
403	184	0
404	189	0
405	195	0
406	195	0
407	194	0
408	215	0
409	198	0
410	191	0
411	175	0
412	197	0
413	216	0
414	209	0
415	192	0
416	170	0
417	214	0
418	193	0
419	219	0
420	174	0
421	210	0
422	208	0
423	203	0
424	163	0
425	204	0
426	175	0
427	201	0
428	199	0
429	201	0
430	214	0
431	184	0
432	187	0
433	180	0
434	205	0
435	214	0
436	211	0
437	191	0
438	172	0
439	207	0
440	187	0
441	192	0
442	190	0
443	209	0
444	187	0
445	208	0
446	213	0
447	198	0
448	207	0
449	183	0
450	192	0
451	185	0
452	200	0
453	190	0
454	167	0
455	224	0
456	203	0
457	187	0
458	218	0
459	194	0
460	202	0
461	200	0
462	228	0
463	213	0
464	194	0
465	205	0
466	195	0
467	198	0
468	215	0
469	207	0
470	213	0
471	194	0
472	197	0
473	163	0
474	206	0
475	211	0
476	203	0
477	191	0
478	192	0
479	180	0
480	190	0
481	185	0
482	188	0
483	198	0
484	197	0
485	202	0
486	182	0
487	201	0
488	183	0
489	183	0
490	196	0
491	179	0
492	178	0
493	185	0
494	194	0
495	184	0
496	176	0
497	203	0
498	203	0
499	185	0
500	185	0
501	182	0
502	203	0
503	205	0
504	188	0
505	193	0
506	212	0
507	172	0
508	188	0
509	206	0
510	185	0
511	175	0
512	192	0
513	166	0
514	201	0
515	178	0
516	195	0
517	178	0
518	174	0
519	198	0
520	211	0
521	214	0
522	206	0
523	192	0
524	214	0
525	201	0
526	161	0
527	199	0
528	212	0
529	220	0
530	203	0
531	227	0
532	191	0
533	186	0
534	215	0
535	204	0
536	196	0
537	216	0
538	234	0
539	205	0
540	206	0
541	186	0
542	184	0
543	181	0
544	211	0
545	216	0
546	203	0
547	212	0
548	199	0
549	191	0
550	200	0
551	172	0
552	216	0
553	201	0
554	180	0
555	190	0
556	182	0
557	191	0
558	210	0
559	186	0
560	182	0
561	199	0
562	197	0
563	200	0
564	207	0
565	193	0
566	205	0
567	199	0
568	216	0
569	189	0
570	190	0
571	214	0
572	173	0
573	199	0
574	224	0
575	220	0
576	158	0
577	192	0
578	195	0
579	195	0
580	181	0
581	205	0
582	179	0
583	202	0
584	194	0
585	198	0
586	176	0
587	211	0
588	168	0
589	206	0
590	205	0
591	208	0
592	190	0
593	184	0
594	199	0
595	204	0
596	207	0
597	207	0
598	170	0
599	205	0
600	213	0
601	226	0
602	183	0
603	206	0
604	202	0
605	187	0
606	186	0
607	194	0
608	196	0
609	197	0
610	179	0
611	175	0
612	204	0
613	180	0
614	192	0
615	196	0
616	181	0
617	212	0
618	183	0
619	188	0
620	187	0
621	189	0
622	196	0
623	213	0
624	196	0
625	200	0
626	194	0
627	209	0
628	185	0
629	182	0
630	205	0
631	192	0
632	192	0
633	168	0
634	205	0
635	192	0
636	189	0
637	227	0
638	212	0
639	168	0
640	199	0
641	210	0
642	208	0
643	203	0
644	177	0
645	201	0
646	190	0
647	196	0
648	209	0
649	205	0
650	218	0
651	194	0
652	172	0
653	184	0
654	185	0
655	202	0
656	199	0
657	188	0
658	178	0
659	182	0
660	185	0
661	201	0
662	211	0
663	136	0
664	206	0
665	194	0
666	189	0
667	207	0
668	225	0
669	207	0
670	186	0
671	163	0
672	198	0
673	185	0
674	178	0
675	170	0
676	177	0
677	192	0
678	189	0
679	190	0
680	181	0
681	176	0
682	204	0
683	183	0
684	208	0
685	194	0
686	195	0
687	187	0
688	201	0
689	180	0
690	184	0
691	194	0
692	187	0
693	227	0
694	175	0
695	187	0
696	197	0
697	193	0
698	197	0
699	167	0
700	204	0
701	204	0
702	183	0
703	204	0
704	188	0
705	195	0
706	203	0
707	198	0
708	199	0
709	192	0
710	194	0
711	228	0
712	177	0
713	215	0
714	186	0
715	207	0
716	188	0
717	167	0
718	172	0
719	209	0
720	175	0
721	197	0
722	208	0
723	222	0
724	231	0
725	204	0
726	198	0
727	211	0
728	193	0
729	199	0
730	201	0
731	198	0
732	223	0
733	209	0
734	180	0
735	184	0
736	210	0
737	213	0
738	185	0
739	211	0
740	204	0
741	178	0
742	205	0
743	196	0
744	198	0
745	198	0
746	196	0
747	199	0
748	178	0
749	193	0
750	211	0
751	210	0
752	191	0
753	207	0
754	202	0
755	164	0
756	187	0
757	205	0
758	222	0
759	193	0
760	181	0
761	209	0
762	201	0
763	202	0
764	192	0
765	203	0
766	182	0
767	208	0
768	210	0
769	180	0
770	226	0
771	196	0
772	205	0
773	209	0
774	194	0
775	206	0
776	192	0
777	203	0
778	188	0
779	216	0
780	201	0
781	198	0
782	154	0
783	195	0
784	197	0
785	208	0
786	183	0
787	195	0
788	204	0
789	188	0
790	188	0
791	175	0
792	204	0
793	208	0
794	185	0
795	191	0
796	175	0
797	191	0
798	195	0
799	187	0
800	205	0
801	206	0
802	199	0
803	204	0
804	177	0
805	197	0
806	190	0
807	200	0
808	206	0
809	205	0
810	169	0
811	195	0
812	203	0
813	188	0
814	188	0
815	202	0
816	205	0
817	186	0
818	211	0
819	202	0
820	216	0
821	188	0
822	197	0
823	185	0
824	196	0
825	178	0
826	198	0
827	204	0
828	224	0
829	205	0
830	186	0
831	187	0
832	199	0
833	189	0
834	207	0
835	187	0
836	195	0
837	193	0
838	204	0
839	198	0
840	188	0
841	172	0
842	199	0
843	181	0
844	201	0
845	176	0
846	204	0
847	207	0
848	221	0
849	171	0
850	195	0
851	214	0
852	176	0
853	188	0
854	189	0
855	206	0
856	207	0
857	221	0
858	187	0
859	190	0
860	205	0
861	197	0
862	199	0
863	203	0
864	210	0
865	186	0
866	196	0
867	163	0
868	202	0
869	219	0
870	191	0
871	190	0
872	170	0
873	198	0
874	212	0
875	205	0
876	179	0
877	196	0
878	200	0
879	175	0
880	179	0
881	200	0
882	189	0
883	204	0
884	207	0
885	182	0
886	197	0
887	199	0
888	192	0
889	178	0
890	188	0
891	219	0
892	214	0
893	212	0
894	208	0
895	199	0
896	187	0
897	204	0
898	209	0
899	195	0
900	196	0
901	200	0
902	178	0
903	200	0
904	221	0
905	199	0
906	211	0
907	198	0
908	198	0
909	198	0
910	225	0
911	184	0
912	193	0
913	189	0
914	177	0
915	191	0
916	202	0
917	203	0
918	198	0
919	205	0
920	236	0
921	201	0
922	189	0
923	193	0
924	191	0
925	235	0
926	218	0
927	175	0
928	173	0
929	209	0
930	182	0
931	189	0
932	199	0
933	186	0
934	177	0
935	219	0
936	186	0
937	204	0
938	199	0
939	190	0
940	226	0
941	228	0
942	223	0
943	200	0
944	193	0
945	201	0
946	204	0
947	195	0
948	206	0
949	189	0
950	193	0
951	195	0
952	185	0
953	218	0
954	204	0
955	213	0
956	198	0
957	214	0
958	183	0
959	196	0
960	193	0
961	202	0
962	187	0
963	209	0
964	190	0
965	212	0
966	186	0
967	206	0
968	172	0
969	208	0
970	197	0
971	202	0
972	188	0
973	186	0
974	184	0
975	194	0
976	162	0
977	195	0
978	205	0
979	177	0
980	202	0
981	207	0
982	181	0
983	202	0
984	198	0
985	205	0
986	197	0
987	177	0
988	190	0
989	185	0
990	200	0
991	200	0
992	187	0
993	197	0
994	184	0
995	210	0
996	202	0
997	183	0
998	205	0
999	173	0
1000	179	0
1001	200	0
1002	186	0
1003	196	0
1004	203	0
1005	230	0
1006	177	0
1007	204	0
1008	205	0
1009	193	0
1010	182	0
1011	205	0
1012	196	0
1013	188	0
1014	189	0
1015	232	0
1016	212	0
1017	215	0
1018	206	0
1019	187	0
1020	208	0
1021	201	0
1022	206	0
1023	184	0
1024	194	0
1025	181	0
1026	203	0
1027	235	0
1028	198	0
1029	227	0
1030	195	0
1031	207	0
1032	206	0
1033	197	0
1034	205	0
1035	231	0
1036	180	0
1037	183	0
1038	202	0
1039	200	0
1040	206	0
1041	211	0
1042	210	0
1043	175	0
1044	208	0
1045	194	0
1046	199	0
1047	215	0
1048	211	0
1049	213	0
1050	194	0
1051	185	0
1052	187	0
1053	206	0
1054	198	0
1055	187	0
1056	242	0
1057	226	0
1058	193	0
1059	208	0
1060	194	0
1061	204	0
1062	202	0
1063	201	0
1064	182	0
1065	200	0
1066	186	0
1067	186	0
1068	205	0
1069	190	0
1070	193	0
1071	207	0
1072	179	0
1073	177	0
1074	197	0
1075	162	0
1076	186	0
1077	175	0
1078	204	0
1079	180	0
1080	158	0
1081	198	0
1082	225	0
1083	184	0
1084	167	0
1085	180	0
1086	205	0
1087	202	0
1088	185	0
1089	211	0
1090	204	0
1091	207	0
1092	206	0
1093	185	0
1094	196	0
1095	220	0
1096	191	0
1097	210	0
1098	206	0
1099	181	0
1100	201	0
1101	194	0
1102	199	0
1103	185	0
1104	215	0
1105	215	0
1106	217	0
1107	187	0
1108	186	0
1109	193	0
1110	223	0
1111	203	0
1112	175	0
1113	224	0
1114	218	0
1115	195	0
1116	206	0
1117	205	0
1118	185	0
1119	216	0
1120	170	0
1121	188	0
1122	195	0
1123	207	0
1124	195	0
1125	173	0
1126	198	0
1127	197	0
1128	184	0
1129	183	0
1130	205	0
1131	190	0
1132	185	0
1133	170	0
1134	208	0
1135	184	0
1136	194	0
1137	202	0
1138	169	0
1139	209	0
1140	194	0
1141	204	0
1142	218	0
1143	203	0
1144	168	0
1145	184	0
1146	206	0
1147	195	0
1148	204	0
1149	224	0
1150	187	0
1151	200	0
1152	217	0
1153	206	0
1154	193	0
1155	190	0
1156	198	0
1157	195	0
1158	218	0
1159	197	0
1160	224	0
1161	215	0
1162	193	0
1163	182	0
1164	182	0
1165	202	0
1166	198	0
1167	197	0
1168	176	0
1169	198	0
1170	214	0
1171	193	0
1172	217	0
1173	195	0
1174	204	0
1175	173	0
1176	216	0
1177	191	0
1178	162	0
1179	206	0
1180	203	0
1181	179	0
1182	192	0
1183	208	0
1184	209	0
1185	192	0
1186	204	0
1187	202	0
1188	213	0
1189	183	0
1190	197	0
1191	212	0
1192	185	0
1193	220	0
1194	191	0
1195	231	0
1196	216	0
1197	191	0
1198	216	0
1199	175	0
1200	208	0
1201	211	0
1202	196	0
1203	197	0
1204	183	0
1205	222	0
1206	195	0
1207	193	0
1208	190	0
1209	175	0
1210	178	0
1211	203	0
1212	216	0
1213	200	0
1214	201	0
1215	204	0
1216	190	0
1217	187	0
1218	213	0
1219	204	0
1220	200	0
1221	184	0
1222	182	0
1223	219	0
1224	198	0
1225	191	0
1226	207	0
1227	171	0
1228	195	0
1229	227	0
1230	163	0
1231	183	0
1232	207	0
1233	203	0
1234	215	0
1235	184	0
1236	222	0
1237	188	0
1238	208	0
1239	207	0
1240	210	0
1241	183	0
1242	185	0
1243	205	0
1244	201	0
1245	217	0
1246	179	0
1247	214	0
1248	186	0
1249	178	0
1250	186	0
1251	205	0
1252	190	0
1253	196	0
1254	207	0
1255	212	0
1256	170	0
1257	204	0
1258	180	0
1259	208	0
1260	192	0
1261	187	0
1262	200	0
1263	197	0
1264	200	0
1265	210	0
1266	202	0
1267	210	0
1268	197	0
1269	215	0
1270	190	0
1271	194	0
1272	198	0
1273	188	0
1274	200	0
1275	211	0
1276	206	0
1277	190	0
1278	223	0
1279	183	0
1280	200	0
1281	222	0
1282	195	0
1283	198	0
1284	176	0
1285	180	0
1286	220	0
1287	209	0
1288	196	0
1289	195	0
1290	219	0
1291	180	0
1292	205	0
1293	212	0
1294	200	0
1295	189	0
1296	183	0
1297	200	0
1298	215	0
1299	194	0
1300	178	0
1301	206	0
1302	179	0
1303	220	0
1304	196	0
1305	211	0
1306	178	0
1307	195	0
1308	208	0
1309	171	0
1310	230	0
1311	185	0
1312	212	0
1313	207	0
1314	202	0
1315	206	0
1316	228	0
1317	193	0
1318	213	0
1319	218	0
1320	192	0
1321	196	0
1322	205	0
1323	185	0
1324	201	0
1325	183	0
1326	195	0
1327	169	0
1328	225	0
1329	193	0
1330	236	0
1331	176	0
1332	188	0
1333	182	0
1334	204	0
1335	192	0
1336	209	0
1337	178	0
1338	206	0
1339	193	0
1340	210	0
1341	193	0
1342	217	0
1343	207	0
1344	215	0
1345	177	0
1346	179	0
1347	220	0
1348	191	0
1349	183	0
1350	182	0
1351	214	0
1352	205	0
1353	209	0
1354	192	0
1355	197	0
1356	205	0
1357	201	0
1358	189	0
1359	197	0
1360	169	0
1361	201	0
1362	188	0
1363	188	0
1364	208	0
1365	199	0
1366	195	0
1367	202	0
1368	221	0
1369	205	0
1370	195	0
1371	221	0
1372	199	0
1373	182	0
1374	185	0
1375	207	0
1376	169	0
1377	208	0
1378	220	0
1379	208	0
1380	208	0
1381	190	0
1382	201	0
1383	169	0
1384	188	0
1385	231	0
1386	190	0
1387	203	0
1388	211	0
1389	207	0
1390	180	0
1391	192	0
1392	208	0
1393	162	0
1394	193	0
1395	192	0
1396	204	0
1397	194	0
1398	171	0
1399	197	0
1400	188	0
1401	194	0
1402	189	0
1403	211	0
1404	204	0
1405	193	0
1406	214	0
1407	203	0
1408	212	0
1409	166	0
1410	175	0
1411	212	0
1412	189	0
1413	187	0
1414	180	0
1415	196	0
1416	187	0
1417	217	0
1418	210	0
1419	171	0
1420	218	0
1421	203	0
1422	221	0
1423	211	0
1424	189	0
1425	198	0
1426	199	0
1427	183	0
1428	201	0
1429	232	0
1430	185	0
1431	208	0
1432	201	0
1433	180	0
1434	197	0
1435	201	0
1436	199	0
1437	205	0
1438	175	0
1439	209	0
1440	211	0
1441	201	0
1442	242	0
1443	215	0
1444	194	0
1445	198	0
1446	199	0
1447	207	0
1448	198	0
1449	212	0
1450	198	0
1451	199	0
1452	208	0
1453	201	0
1454	205	0
1455	204	0
1456	201	0
1457	209	0
1458	189	0
1459	216	0
1460	216	0
1461	204	0
1462	176	0
1463	211	0
1464	181	0
1465	213	0
1466	202	0
1467	194	0
1468	173	0
1469	187	0
1470	220	0
1471	212	0
1472	200	0
1473	214	0
1474	213	0
1475	211	0
1476	203	0
1477	203	0
1478	202	0
1479	249	0
1480	202	0
1481	203	0
1482	192	0
1483	204	0
1484	208	0
1485	175	0
1486	229	0
1487	195	0
1488	225	0
1489	181	0
1490	216	0
1491	170	0
1492	191	0
1493	195	0
1494	204	0
1495	181	0
1496	204	0
1497	218	0
1498	191	0
1499	197	0
1500	201	0
1501	183	0
1502	196	0
1503	208	0
1504	195	0
1505	190	0
1506	186	0
1507	213	0
1508	192	0
1509	210	0
1510	213	0
1511	193	0
1512	204	0
1513	172	0
1514	187	0
1515	228	0
1516	203	0
1517	203	0
1518	195	0
1519	200	0
1520	226	0
1521	207	0
1522	185	0
1523	215	0
1524	204	0
1525	198	0
1526	202	0
1527	188	0
1528	204	0
1529	182	0
1530	188	0
1531	224	0
1532	171	0
1533	209	0
1534	204	0
1535	228	0
1536	201	0
1537	221	0
1538	201	0
1539	211	0
1540	192	0
1541	206	0
1542	195	0
1543	199	0
1544	171	0
1545	190	0
1546	179	0
1547	188	0
1548	206	0
1549	178	0
1550	197	0
1551	225	0
1552	181	0
1553	197	0
1554	197	0
1555	204	0
1556	200	0
1557	197	0
1558	195	0
1559	198	0
1560	184	0
1561	207	0
1562	223	0
1563	197	0
1564	173	0
1565	200	0
1566	200	0
1567	204	0
1568	198	0
1569	192	0
1570	183	0
1571	192	0
1572	218	0
1573	179	0
1574	175	0
1575	211	0
1576	219	0
1577	205	0
1578	198	0
1579	181	0
1580	191	0
1581	210	0
1582	188	0
1583	192	0
1584	215	0
1585	188	0
1586	195	0
1587	195	0
1588	187	0
1589	199	0
1590	209	0
1591	176	0
1592	188	0
1593	198	0
1594	240	0
1595	199	0
1596	184	0
1597	197	0
1598	182	0
1599	217	0
1600	196	0
1601	207	0
1602	203	0
1603	190	0
1604	231	0
1605	212	0
1606	212	0
1607	193	0
1608	193	0
1609	202	0
1610	179	0
1611	201	0
1612	203	0
1613	212	0
1614	170	0
1615	194	0
1616	201	0
1617	175	0
1618	184	0
1619	205	0
1620	199	0
1621	195	0
1622	185	0
1623	196	0
1624	187	0
1625	196	0
1626	199	0
1627	216	0
1628	200	0
1629	198	0
1630	201	0
1631	192	0
1632	194	0
1633	197	0
1634	204	0
1635	194	0
1636	203	0
1637	204	0
1638	217	0
1639	203	0
1640	193	0
1641	198	0
1642	184	0
1643	214	0
1644	193	0
1645	208	0
1646	187	0
1647	196	0
1648	226	0
1649	185	0
1650	204	0
1651	209	0
1652	222	0
1653	200	0
1654	201	0
1655	230	0
1656	201	0
1657	208	0
1658	201	0
1659	163	0
1660	222	0
1661	210	0
1662	201	0
1663	186	0
1664	191	0
1665	195	0
1666	198	0
1667	219	0
1668	205	0
1669	216	0
1670	187	0
1671	216	0
1672	186	0
1673	206	0
1674	189	0
1675	221	0
1676	193	0
1677	184	0
1678	189	0
1679	192	0
1680	193	0
1681	212	0
1682	199	0
1683	227	0
1684	208	0
1685	186	0
1686	195	0
1687	180	0
1688	201	0
1689	204	0
1690	209	0
1691	206	0
1692	190	0
1693	199	0
1694	197	0
1695	181	0
1696	223	0
1697	212	0
1698	185	0
1699	184	0
1700	189	0
1701	188	0
1702	209	0
1703	184	0
1704	213	0
1705	208	0
1706	212	0
1707	193	0
1708	214	0
1709	205	0
1710	205	0
1711	219	0
1712	195	0
1713	196	0
1714	194	0
1715	217	0
1716	224	0
1717	188	0
1718	199	0
1719	166	0
1720	212	0
1721	218	0
1722	191	0
1723	184	0
1724	200	0
1725	193	0
1726	221	0
1727	204	0
1728	202	0
1729	218	0
1730	197	0
1731	198	0
1732	191	0
1733	200	0
1734	228	0
1735	171	0
1736	168	0
1737	207	0
1738	192	0
1739	194	0
1740	216	0
1741	194	0
1742	191	0
1743	211	0
1744	196	0
1745	203	0
1746	193	0
1747	230	0
1748	155	0
1749	176	0
1750	176	0
1751	213	0
1752	197	0
1753	204	0
1754	214	0
1755	197	0
1756	193	0
1757	185	0
1758	216	0
1759	178	0
1760	171	0
1761	222	0
1762	183	0
1763	205	0
1764	204	0
1765	192	0
1766	214	0
1767	210	0
1768	181	0
1769	212	0
1770	207	0
1771	202	0
1772	208	0
1773	181	0
1774	183	0
1775	212	0
1776	214	0
1777	209	0
1778	164	0
1779	202	0
1780	183	0
1781	207	0
1782	188	0
1783	203	0
1784	194	0
1785	174	0
1786	182	0
1787	195	0
1788	219	0
1789	181	0
1790	227	0
1791	210	0
1792	219	0
1793	174	0
1794	182	0
1795	202	0
1796	186	0
1797	186	0
1798	200	0
1799	212	0
1800	166	0
1801	218	0
1802	189	0
1803	187	0
1804	185	0
1805	228	0
1806	197	0
1807	183	0
1808	193	0
1809	214	0
1810	181	0
1811	204	0
1812	193	0
1813	199	0
1814	207	0
1815	233	0
1816	214	0
1817	195	0
1818	211	0
1819	177	0
1820	205	0
1821	189	0
1822	198	0
1823	176	0
1824	196	0
1825	216	0
1826	205	0
1827	197	0
1828	182	0
1829	192	0
1830	203	0
1831	181	0
1832	197	0
1833	171	0
1834	210	0
1835	209	0
1836	192	0
1837	193	0
1838	202	0
1839	200	0
1840	197	0
1841	170	0
1842	184	0
1843	208	0
1844	204	0
1845	184	0
1846	197	0
1847	218	0
1848	203	0
1849	179	0
1850	204	0
1851	215	0
1852	199	0
1853	195	0
1854	220	0
1855	194	0
1856	196	0
1857	181	0
1858	173	0
1859	191	0
1860	198	0
1861	200	0
1862	169	0
1863	184	0
1864	229	0
1865	209	0
1866	171	0
1867	200	0
1868	188	0
1869	207	0
1870	211	0
1871	170	0
1872	190	0
1873	181	0
1874	206	0
1875	206	0
1876	178	0
1877	175	0
1878	205	0
1879	194	0
1880	177	0
1881	215	0
1882	213	0
1883	183	0
1884	181	0
1885	206	0
1886	210	0
1887	196	0
1888	208	0
1889	201	0
1890	188	0
1891	184	0
1892	195	0
1893	197	0
1894	185	0
1895	185	0
1896	213	0
1897	209	0
1898	207	0
1899	191	0
1900	182	0
1901	199	0
1902	175	0
1903	205	0
1904	215	0
1905	196	0
1906	192	0
1907	202	0
1908	214	0
1909	179	0
1910	212	0
1911	200	0
1912	195	0
1913	174	0
1914	171	0
1915	185	0
1916	200	0
1917	207	0
1918	193	0
1919	209	0
1920	210	0
1921	187	0
1922	219	0
1923	175	0
1924	197	0
1925	245	0
1926	197	0
1927	191	0
1928	214	0
1929	205	0
1930	186	0
1931	218	0
1932	222	0
1933	204	0
1934	191	0
1935	202	0
1936	208	0
1937	186	0
1938	194	0
1939	196	0
1940	206	0
1941	167	0
1942	194	0
1943	185	0
1944	195	0
1945	182	0
1946	186	0
1947	222	0
1948	197	0
1949	171	0
1950	202	0
1951	208	0
1952	207	0
1953	221	0
1954	194	0
1955	211	0
1956	182	0
1957	227	0
1958	199	0
1959	212	0
1960	191	0
1961	215	0
1962	205	0
1963	205	0
1964	190	0
1965	194	0
1966	182	0
1967	212	0
1968	191	0
1969	209	0
1970	199	0
1971	211	0
1972	200	0
1973	218	0
1974	197	0
1975	210	0
1976	191	0
1977	210	0
1978	227	0
1979	207	0
1980	202	0
1981	220	0
1982	222	0
1983	209	0
1984	168	0
1985	178	0
1986	219	0
1987	206	0
1988	200	0
1989	209	0
1990	177	0
1991	189	0
1992	208	0
1993	213	0
1994	184	0
1995	201	0
1996	189	0
1997	205	0
1998	188	0
1999	181	0
2000	207	0
2001	210	0
2002	198	0
2003	204	0
2004	191	0
2005	186	0
2006	201	0
2007	194	0
2008	222	0
2009	182	0
2010	203	0
2011	183	0
2012	219	0
2013	194	0
2014	198	0
2015	181	0
2016	197	0
2017	187	0
2018	190	0
2019	197	0
2020	180	0
2021	189	0
2022	189	0
2023	187	0
2024	174	0
2025	211	0
2026	214	0
2027	190	0
2028	195	0
2029	196	0
2030	195	0
2031	211	0
2032	202	0
2033	193	0
2034	197	0
2035	183	0
2036	221	0
2037	225	0
2038	202	0
2039	200	0
2040	211	0
2041	189	0
2042	213	0
2043	204	0
2044	175	0
2045	215	0
2046	203	0
2047	204	0
2048	211	0
2049	187	0
2050	179	0
2051	180	0
2052	208	0
2053	193	0
2054	214	0
2055	186	0
2056	202	0
2057	198	0
2058	187	0
2059	196	0
2060	197	0
2061	203	0
2062	213	0
2063	209	0
2064	192	0
2065	223	0
2066	177	0
2067	209	0
2068	203	0
2069	187	0
2070	187	0
2071	189	0
2072	214	0
2073	197	0
2074	204	0
2075	187	0
2076	212	0
2077	214	0
2078	167	0
2079	210	0
2080	183	0
2081	215	0
2082	208	0
2083	204	0
2084	192	0
2085	202	0
2086	191	0
2087	217	0
2088	174	0
2089	201	0
2090	217	0
2091	193	0
2092	214	0
2093	201	0
2094	202	0
2095	190	0
2096	201	0
2097	208	0
2098	203	0
2099	207	0
2100	205	0
2101	197	0
2102	220	0
2103	181	0
2104	199	0
2105	194	0
2106	174	0
2107	193	0
2108	197	0
2109	225	0
2110	181	0
2111	209	0
2112	215	0
2113	201	0
2114	193	0
2115	204	0
2116	209	0
2117	187	0
2118	177	0
2119	181	0
2120	205	0
2121	190	0
2122	197	0
2123	185	0
2124	177	0
2125	189	0
2126	187	0
2127	193	0
2128	224	0
2129	184	0
2130	195	0
2131	176	0
2132	203	0
2133	188	0
2134	217	0
2135	185	0
2136	195	0
2137	204	0
2138	166	0
2139	176	0
2140	188	0
2141	192	0
2142	182	0
2143	196	0
2144	201	0
2145	184	0
2146	186	0
2147	196	0
2148	170	0
2149	184	0
2150	216	0
2151	183	0
2152	197	0
2153	216	0
2154	169	0
2155	204	0
2156	191	0
2157	204	0
2158	180	0
2159	170	0
2160	212	0
2161	177	0
2162	194	0
2163	187	0
2164	207	0
2165	199	0
2166	238	0
2167	198	0
2168	204	0
2169	197	0
2170	191	0
2171	216	0
2172	200	0
2173	197	0
2174	225	0
2175	235	0
2176	198	0
2177	182	0
2178	210	0
2179	187	0
2180	230	0
2181	180	0
2182	218	0
2183	200	0
2184	215	0
2185	185	0
2186	193	0
2187	200	0
2188	204	0
2189	198	0
2190	204	0
2191	221	0
2192	195	0
2193	219	0
2194	200	0
2195	190	0
2196	210	0
2197	231	0
2198	189	0
2199	189	0
2200	188	0
2201	185	0
2202	190	0
2203	203	0
2204	193	0
2205	196	0
2206	196	0
2207	194	0
2208	201	0
2209	216	0
2210	195	0
2211	208	0
2212	206	0
2213	171	0
2214	192	0
2215	224	0
2216	189	0
2217	182	0
2218	198	0
2219	218	0
2220	190	0
2221	186	0
2222	177	0
2223	236	0
2224	201	0
2225	210	0
2226	176	0
2227	198	0
2228	241	0
2229	192	0
2230	201	0
2231	197	0
2232	217	0
2233	213	0
2234	200	0
2235	181	0
2236	196	0
2237	200	0
2238	221	0
2239	198	0
2240	187	0
2241	184	0
2242	218	0
2243	184	0
2244	210	0
2245	183	0
2246	197	0
2247	186	0
2248	236	0
2249	209	0
2250	186	0
2251	202	0
2252	195	0
2253	218	0
2254	208	0
2255	210	0
2256	214	0
2257	211	0
2258	227	0
2259	201	0
2260	196	0
2261	215	0
2262	211	0
2263	203	0
2264	171	0
2265	177	0
2266	177	0
2267	216	0
2268	189	0
2269	204	0
2270	196	0
2271	187	0
2272	205	0
2273	210	0
2274	195	0
2275	172	0
2276	189	0
2277	207	0
2278	195	0
2279	198	0
2280	234	0
2281	209	0
2282	200	0
2283	199	0
2284	196	0
2285	191	0
2286	221	0
2287	178	0
2288	188	0
2289	190	0
2290	189	0
2291	229	0
2292	217	0
2293	209	0
2294	184	0
2295	214	0
2296	206	0
2297	178	0
2298	172	0
2299	193	0
2300	192	0
2301	193	0
2302	200	0
2303	218	0
2304	174	0
2305	204	0
2306	207	0
2307	209	0
2308	204	0
2309	197	0
2310	205	0
2311	186	0
2312	228	0
2313	212	0
2314	204	0
2315	191	0
2316	195	0
2317	189	0
2318	204	0
2319	195	0
2320	172	0
2321	215	0
2322	208	0
2323	192	0
2324	194	0
2325	233	0
2326	180	0
2327	199	0
2328	208	0
2329	211	0
2330	203	0
2331	202	0
2332	181	0
2333	160	0
2334	186	0
2335	194	0
2336	213	0
2337	196	0
2338	222	0
2339	181	0
2340	212	0
2341	193	0
2342	188	0
2343	181	0
2344	221	0
2345	199	0
2346	188	0
2347	194	0
2348	195	0
2349	209	0
2350	206	0
2351	224	0
2352	198	0
2353	205	0
2354	235	0
2355	179	0
2356	203	0
2357	210	0
2358	199	0
2359	216	0
2360	193	0
2361	190	0
2362	177	0
2363	201	0
2364	238	0
2365	202	0
2366	211	0
2367	208	0
2368	221	0
2369	210	0
2370	207	0
2371	185	0
2372	179	0
2373	209	0
2374	197	0
2375	203	0
2376	197	0
2377	213	0
2378	190	0
2379	178	0
2380	189	0
2381	209	0
2382	207	0
2383	184	0
2384	191	0
2385	223	0
2386	221	0
2387	202	0
2388	185	0
2389	196	0
2390	192	0
2391	208	0
2392	197	0
2393	210	0
2394	202	0
2395	177	0
2396	203	0
2397	213	0
2398	210	0
2399	216	0
2400	181	0
2401	199	0
2402	189	0
2403	192	0
2404	161	0
2405	223	0
2406	182	0
2407	225	0
2408	206	0
2409	181	0
2410	203	0
2411	210	0
2412	194	0
2413	188	0
2414	182	0
2415	186	0
2416	184	0
2417	197	0
2418	200	0
2419	197	0
2420	179	0
2421	194	0
2422	191	0
2423	201	0
2424	199	0
2425	179	0
2426	179	0
2427	181	0
2428	186	0
2429	197	0
2430	192	0
2431	193	0
2432	215	0
2433	189	0
2434	190	0
2435	201	0
2436	210	0
2437	202	0
2438	195	0
2439	204	0
2440	210	0
2441	198	0
2442	187	0
2443	210	0
2444	209	0
2445	215	0
2446	204	0
2447	186	0
2448	190	0
2449	220	0
2450	220	0
2451	218	0
2452	211	0
2453	210	0
2454	199	0
2455	204	0
2456	173	0
2457	180	0
2458	228	0
2459	196	0
2460	203	0
2461	199	0
2462	219	0
2463	230	0
2464	200	0
2465	183	0
2466	204	0
2467	209	0
2468	210	0
2469	202	0
2470	188	0
2471	183	0
2472	206	0
2473	197	0
2474	187	0
2475	211	0
2476	200	0
2477	196	0
2478	195	0
2479	195	0
2480	225	0
2481	218	0
2482	191	0
2483	204	0
2484	195	0
2485	227	0
2486	193	0
2487	180	0
2488	198	0
2489	207	0
2490	200	0
2491	202	0
2492	240	0
2493	198	0
2494	187	0
2495	184	0
2496	190	0
2497	194	0
2498	208	0
2499	203	0
2500	219	0
2501	186	0
2502	184	0
2503	179	0
2504	171	0
2505	202	0
2506	206	0
2507	186	0
2508	195	0
2509	215	0
2510	183	0
2511	179	0
2512	221	0
2513	184	0
2514	197	0
2515	192	0
2516	204	0
2517	214	0
2518	186	0
2519	192	0
2520	194	0
2521	199	0
2522	183	0
2523	193	0
2524	220	0
2525	205	0
2526	195	0
2527	184	0
2528	207	0
2529	210	0
2530	212	0
2531	191	0
2532	220	0
2533	190	0
2534	192	0
2535	179	0
2536	181	0
2537	179	0
2538	184	0
2539	211	0
2540	179	0
2541	197	0
2542	194	0
2543	225	0
2544	199	0
2545	213	0
2546	223	0
2547	191	0
2548	198	0
2549	213	0
2550	197	0
2551	184	0
2552	198	0
2553	184	0
2554	211	0
2555	201	0
2556	202	0
2557	211	0
2558	196	0
2559	193	0
2560	210	0
2561	177	0
2562	206	0
2563	191	0
2564	194	0
2565	226	0
2566	192	0
2567	210	0
2568	212	0
2569	186	0
2570	214	0
2571	172	0
2572	211	0
2573	234	0
2574	202	0
2575	218	0
2576	207	0
2577	196	0
2578	198	0
2579	173	0
2580	220	0
2581	191	0
2582	175	0
2583	190	0
2584	196	0
2585	217	0
2586	197	0
2587	223	0
2588	208	0
2589	191	0
2590	180	0
2591	204	0
2592	193	0
2593	162	0
2594	174	0
2595	184	0
2596	182	0
2597	183	0
2598	205	0
2599	192	0
2600	203	0
2601	192	0
2602	180	0
2603	185	0
2604	209	0
2605	160	0
2606	199	0
2607	183	0
2608	189	0
2609	180	0
2610	204	0
2611	211	0
2612	188	0
2613	203	0
2614	203	0
2615	232	0
2616	215	0
2617	176	0
2618	170	0
2619	194	0
2620	190	0
2621	185	0
2622	191	0
2623	229	0
2624	190	0
2625	177	0
2626	196	0
2627	183	0
2628	207	0
2629	192	0
2630	181	0
2631	183	0
2632	212	0
2633	203	0
2634	215	0
2635	199	0
2636	198	0
2637	218	0
2638	215	0
2639	207	0
2640	217	0
2641	216	0
2642	223	0
2643	212	0
2644	184	0
2645	202	0
2646	199	0
2647	163	0
2648	200	0
2649	171	0
2650	193	0
2651	210	0
2652	188	0
2653	205	0
2654	222	0
2655	184	0
2656	220	0
2657	203	0
2658	211	0
2659	194	0
2660	201	0
2661	174	0
2662	203	0
2663	210	0
2664	189	0
2665	183	0
2666	217	0
2667	204	0
2668	201	0
2669	162	0
2670	196	0
2671	180	0
2672	192	0
2673	180	0
2674	178	0
2675	172	0
2676	194	0
2677	191	0
2678	204	0
2679	195	0
2680	223	0
2681	185	0
2682	197	0
2683	183	0
2684	207	0
2685	166	0
2686	180	0
2687	216	0
2688	181	0
2689	201	0
2690	191	0
2691	203	0
2692	204	0
2693	189	0
2694	205	0
2695	194	0
2696	173	0
2697	202	0
2698	202	0
2699	207	0
2700	207	0
2701	214	0
2702	192	0
2703	206	0
2704	185	0
2705	201	0
2706	201	0
2707	175	0
2708	224	0
2709	208	0
2710	192	0
2711	202	0
2712	193	0
2713	201	0
2714	180	0
2715	192	0
2716	215	0
2717	194	0
2718	193	0
2719	198	0
2720	197	0
2721	186	0
2722	224	0
2723	186	0
2724	172	0
2725	210	0
2726	183	0
2727	209	0
2728	190	0
2729	174	0
2730	210	0
2731	188	0
2732	184	0
2733	201	0
2734	207	0
2735	207	0
2736	212	0
2737	220	0
2738	190	0
2739	207	0
2740	204	0
2741	197	0
2742	220	0
2743	199	0
2744	191	0
2745	191	0
2746	189	0
2747	179	0
2748	191	0
2749	204	0
2750	210	0
2751	189	0
2752	191	0
2753	193	0
2754	211	0
2755	179	0
2756	210	0
2757	193	0
2758	182	0
2759	172	0
2760	194	0
2761	194	0
2762	190	0
2763	197	0
2764	211	0
2765	167	0
2766	199	0
2767	175	0
2768	204	0
2769	173	0
2770	207	0
2771	202	0
2772	198	0
2773	193	0
2774	182	0
2775	180	0
2776	182	0
2777	184	0
2778	216	0
2779	188	0
2780	190	0
2781	182	0
2782	181	0
2783	201	0
2784	202	0
2785	198	0
2786	182	0
2787	218	0
2788	184	0
2789	201	0
2790	205	0
2791	212	0
2792	189	0
2793	190	0
2794	195	0
2795	186	0
2796	185	0
2797	203	0
2798	173	0
2799	211	0
2800	178	0
2801	209	0
2802	194	0
2803	183	0
2804	189	0
2805	169	0
2806	205	0
2807	194	0
2808	186	0
2809	194	0
2810	186	0
2811	198	0
2812	199	0
2813	181	0
2814	185	0
2815	209	0
2816	208	0
2817	217	0
2818	191	0
2819	204	0
2820	195	0
2821	204	0
2822	202	0
2823	175	0
2824	208	0
2825	180	0
2826	180	0
2827	204	0
2828	214	0
2829	207	0
2830	216	0
2831	196	0
2832	197	0
2833	196	0
2834	195	0
2835	180	0
2836	189	0
2837	175	0
2838	176	0
2839	209	0
2840	174	0
2841	193	0
2842	205	0
2843	191	0
2844	222	0
2845	209	0
2846	188	0
2847	174	0
2848	192	0
2849	196	0
2850	190	0
2851	201	0
2852	201	0
2853	179	0
2854	186	0
2855	180	0
2856	191	0
2857	168	0
2858	210	0
2859	179	0
2860	200	0
2861	206	0
2862	185	0
2863	182	0
2864	163	0
2865	199	0
2866	167	0
2867	191	0
2868	176	0
2869	200	0
2870	189	0
2871	222	0
2872	186	0
2873	173	0
2874	168	0
2875	194	0
2876	194	0
2877	179	0
2878	190	0
2879	184	0
2880	226	0
2881	185	0
2882	198	0
2883	192	0
2884	190	0
2885	200	0
2886	186	0
2887	195	0
2888	204	0
2889	190	0
2890	190	0
2891	184	0
2892	220	0
2893	209	0
2894	204	0
2895	188	0
2896	195	0
2897	214	0
2898	211	0
2899	210	0
2900	204	0
2901	188	0
2902	196	0
2903	187	0
2904	207	0
2905	200	0
2906	195	0
2907	231	0
2908	202	0
2909	193	0
2910	169	0
2911	171	0
2912	181	0
2913	248	0
2914	195	0
2915	171	0
2916	189	0
2917	181	0
2918	240	0
2919	192	0
2920	175	0
2921	196	0
2922	191	0
2923	182	0
2924	180	0
2925	151	0
2926	203	0
2927	188	0
2928	184	0
2929	191	0
2930	178	0
2931	188	0
2932	189	0
2933	191	0
2934	194	0
2935	197	0
2936	208	0
2937	196	0
2938	204	0
2939	216	0
2940	198	0
2941	213	0
2942	200	0
2943	193	0
2944	201	0
2945	211	0
2946	206	0
2947	186	0
2948	196	0
2949	199	0
2950	217	0
2951	205	0
2952	189	0
2953	195	0
2954	198	0
2955	209	0
2956	213	0
2957	200	0
2958	196	0
2959	186	0
2960	186	0
2961	201	0
2962	196	0
2963	197	0
2964	192	0
2965	201	0
2966	217	0
2967	213	0
2968	191	0
2969	188	0
2970	203	0
2971	185	0
2972	195	0
2973	205	0
2974	199	0
2975	195	0
2976	174	0
2977	213	0
2978	196	0
2979	211	0
2980	205	0
2981	180	0
2982	213	0
2983	210	0
2984	191	0
2985	203	0
2986	181	0
2987	187	0
2988	200	0
2989	179	0
2990	211	0
2991	201	0
2992	197	0
2993	176	0
2994	195	0
2995	207	0
2996	209	0
2997	193	0
2998	218	0
2999	173	0
3000	219	0
