1	0	0
2	0	0
3	0	0
4	0	0
5	0	0
6	0	0
7	0	0
8	0	0
9	0	0
10	0	0
11	0	0
12	0	0
13	0	0
14	0	0
15	0	0
16	0	0
17	0	0
18	0	0
19	0	0
20	0	0
21	91	0
22	189	0
23	174	0
24	184	0
25	191	0
26	162	0
27	195	0
28	194	0
29	190	0
30	190	0
31	167	0
32	196	0
33	227	0
34	205	0
35	205	0
36	206	0
37	202	0
38	201	0
39	211	0
40	192	0
41	208	0
42	174	0
43	183	0
44	199	0
45	245	0
46	199	0
47	219	0
48	199	0
49	193	0
50	177	0
51	172	0
52	211	0
53	198	0
54	178	0
55	187	0
56	209	0
57	189	0
58	180	0
59	191	0
60	202	0
61	186	0
62	176	0
63	185	0
64	183	0
65	201	0
66	198	0
67	213	0
68	201	0
69	193	0
70	205	0
71	188	0
72	196	0
73	205	0
74	195	0
75	211	0
76	207	0
77	184	0
78	185	0
79	196	0
80	225	0
81	203	0
82	184	0
83	208	0
84	211	0
85	207	0
86	202	0
87	177	0
88	180	0
89	187	0
90	196	0
91	211	0
92	207	0
93	161	0
94	194	0
95	207	0
96	166	0
97	183	0
98	209	0
99	203	0
100	190	0
101	210	0
102	204	0
103	224	0
104	205	0
105	197	0
106	192	0
107	196	0
108	177	0
109	171	0
110	222	0
111	228	0
112	220	0
113	204	0
114	202	0
115	188	0
116	221	0
117	162	0
118	206	0
119	229	0
120	209	0
121	201	0
122	205	0
123	206	0
124	209	0
125	189	0
126	178	0
127	193	0
128	178	0
129	221	0
130	198	0
131	185	0
132	189	0
133	177	0
134	181	0
135	187	0
136	195	0
137	200	0
138	176	0
139	185	0
140	199	0
141	220	0
142	183	0
143	201	0
144	195	0
145	212	0
146	196	0
147	214	0
148	218	0
149	172	0
150	186	0
151	201	0
152	187	0
153	203	0
154	194	0
155	216	0
156	199	0
157	185	0
158	195	0
159	195	0
160	198	0
161	207	0
162	198	0
163	229	0
164	210	0
165	179	0
166	189	0
167	181	0
168	187	0
169	175	0
170	184	0
171	234	0
172	211	0
173	180	0
174	199	0
175	188	0
176	169	0
177	203	0
178	192	0
179	199	0
180	217	0
181	188	0
182	205	0
183	207	0
184	190	0
185	215	0
186	206	0
187	212	0
188	220	0
189	197	0
190	207	0
191	213	0
192	197	0
193	205	0
194	185	0
195	191	0
196	197	0
197	201	0
198	193	0
199	184	0
200	202	0
201	198	0
202	194	0
203	184	0
204	201	0
205	221	0
206	213	0
207	183	0
208	208	0
209	185	0
210	199	0
211	211	0
212	187	0
213	190	0
214	199	0
215	186	0
216	178	0
217	207	0
218	220	0
219	171	0
220	203	0
221	199	0
222	179	0
223	233	0
224	216	0
225	182	0
226	194	0
227	204	0
228	202	0
229	206	0
230	185	0
231	196	0
232	206	0
233	181	0
234	168	0
235	196	0
236	199	0
237	204	0
238	203	0
239	164	0
240	192	0
241	198	0
242	208	0
243	211	0
244	160	0
245	194	0
246	200	0
247	194	0
248	193	0
249	233	0
250	177	0
251	188	0
252	200	0
253	185	0
254	204	0
255	209	0
256	197	0
257	170	0
258	197	0
259	191	0
260	197	0
261	213	0
262	224	0
263	192	0
264	185	0
265	181	0
266	219	0
267	156	0
268	197	0
269	206	0
270	171	0
271	184	0
272	182	0
273	191	0
274	208	0
275	184	0
276	191	0
277	182	0
278	213	0
279	192	0
280	199	0
281	213	0
282	199	0
283	187	0
284	192	0
285	184	0
286	181	0
287	197	0
288	218	0
289	191	0
290	186	0
291	196	0
292	196	0
293	222	0
294	205	0
295	181	0
296	190	0
297	206	0
298	203	0
299	186	0
300	220	0
301	186	0
302	199	0
303	174	0
304	193	0
305	217	0
306	211	0
307	193	0
308	218	0
309	189	0
310	183	0
311	209	0
312	209	0
313	205	0
314	182	0
315	206	0
316	206	0
317	210	0
318	174	0
319	193	0
320	184	0
321	195	0
322	199	0
323	223	0
324	200	0
325	199	0
326	198	0
327	197	0
328	192	0
329	203	0
330	177	0
331	201	0
332	222	0
333	189	0
334	212	0
335	191	0
336	207	0
337	199	0
338	184	0
339	192	0
340	192	0
341	200	0
342	202	0
343	200	0
344	167	0
345	198	0
346	202	0
347	183	0
348	192	0
349	189	0
350	211	0
351	208	0
352	197	0
353	209	0
354	190	0
355	232	0
356	195	0
357	198	0
358	170	0
359	207	0
360	188	0
361	209	0
362	162	0
363	176	0
364	193	0
365	155	0
366	199	0
367	182	0
368	205	0
369	198	0
370	224	0
371	183	0
372	188	0
373	202	0
374	199	0
375	205	0
376	194	0
377	210	0
378	207	0
379	200	0
380	191	0
381	212	0
382	199	0
383	191	0
384	209	0
385	209	0
386	207	0
387	171	0
388	199	0
389	204	0
390	219	0
391	210	0
392	202	0
393	183	0
394	193	0
395	205	0
396	186	0
397	195	0
398	202	0
399	216	0
400	182	0
401	187	0
402	194	0
403	217	0
404	191	0
405	216	0
406	190	0
407	216	0
408	214	0
409	213	0
410	203	0
411	176	0
412	190	0
413	208	0
414	215	0
415	190	0
416	170	0
417	165	0
418	188	0
419	199	0
420	223	0
421	204	0
422	197	0
423	212	0
424	208	0
425	181	0
426	186	0
427	179	0
428	188	0
429	180	0
430	198	0
431	211	0
432	209	0
433	191	0
434	206	0
435	180	0
436	196	0
437	196	0
438	209	0
439	211	0
440	179	0
441	185	0
442	191	0
443	192	0
444	177	0
445	194	0
446	200	0
447	200	0
448	190	0
449	190	0
450	179	0
451	214	0
452	217	0
453	194	0
454	214	0
455	194	0
456	201	0
457	203	0
458	190	0
459	204	0
460	182	0
461	213	0
462	201	0
463	196	0
464	205	0
465	201	0
466	193	0
467	170	0
468	200	0
469	187	0
470	186	0
471	186	0
472	197	0
473	208	0
474	176	0
475	200	0
476	190	0
477	212	0
478	207	0
479	182	0
480	186	0
481	199	0
482	183	0
483	198	0
484	190	0
485	213	0
486	206	0
487	186	0
488	182	0
489	195	0
490	201	0
491	223	0
492	176	0
493	214	0
494	200	0
495	210	0
496	180	0
497	197	0
498	203	0
499	199	0
500	181	0
501	227	0
502	213	0
503	190	0
504	195	0
505	228	0
506	195	0
507	213	0
508	212	0
509	158	0
510	198	0
511	210	0
512	176	0
513	205	0
514	215	0
515	206	0
516	185	0
517	197	0
518	192	0
519	190	0
520	177	0
521	173	0
522	201	0
523	204	0
524	170	0
525	191	0
526	193	0
527	220	0
528	175	0
529	183	0
530	213	0
531	215	0
532	200	0
533	211	0
534	192	0
535	209	0
536	175	0
537	225	0
538	189	0
539	167	0
540	182	0
541	203	0
542	188	0
543	214	0
544	190	0
545	166	0
546	184	0
547	215	0
548	180	0
549	178	0
550	211	0
551	210	0
552	202	0
553	204	0
554	198	0
555	198	0
556	217	0
557	182	0
558	226	0
559	188	0
560	203	0
561	173	0
562	198	0
563	176	0
564	223	0
565	179	0
566	200	0
567	195	0
568	200	0
569	189	0
570	222	0
571	194	0
572	227	0
573	204	0
574	199	0
575	213	0
576	189	0
577	200	0
578	191	0
579	182	0
580	188	0
581	210	0
582	194	0
583	192	0
584	193	0
585	198	0
586	208	0
587	198	0
588	207	0
589	215	0
590	201	0
591	191	0
592	215	0
593	229	0
594	204	0
595	202	0
596	207	0
597	199	0
598	179	0
599	201	0
600	185	0
601	191	0
602	219	0
603	211	0
604	210	0
605	190	0
606	188	0
607	189	0
608	167	0
609	184	0
610	207	0
611	186	0
612	215	0
613	198	0
614	182	0
615	192	0
616	178	0
617	220	0
618	206	0
619	212	0
620	227	0
621	190	0
622	193	0
623	194	0
624	186	0
625	210	0
626	197	0
627	190	0
628	177	0
629	177	0
630	180	0
631	197	0
632	210	0
633	185	0
634	176	0
635	188	0
636	212	0
637	196	0
638	180	0
639	201	0
640	210	0
641	225	0
642	184	0
643	187	0
644	201	0
645	207	0
646	194	0
647	175	0
648	191	0
649	172	0
650	215	0
651	183	0
652	196	0
653	197	0
654	213	0
655	178	0
656	222	0
657	184	0
658	211	0
659	186	0
660	202	0
661	197	0
662	235	0
663	192	0
664	203	0
665	204	0
666	192	0
667	182	0
668	175	0
669	188	0
670	192	0
671	188	0
672	188	0
673	221	0
674	198	0
675	202	0
676	210	0
677	200	0
678	201	0
679	195	0
680	210	0
681	194	0
682	180	0
683	207	0
684	195	0
685	193	0
686	197	0
687	188	0
688	201	0
689	172	0
690	202	0
691	199	0
692	212	0
693	256	0
694	178	0
695	197	0
696	205	0
697	203	0
698	201	0
699	202	0
700	194	0
701	188	0
702	188	0
703	224	0
704	190	0
705	200	0
706	189	0
707	192	0
708	198	0
709	201	0
710	177	0
711	212	0
712	182	0
713	178	0
714	194	0
715	202	0
716	206	0
717	179	0
718	211	0
719	220	0
720	203	0
721	190	0
722	201	0
723	202	0
724	190	0
725	193	0
726	197	0
727	213	0
728	168	0
729	203	0
730	202	0
731	187	0
732	214	0
733	185	0
734	190	0
735	199	0
736	201	0
737	192	0
738	208	0
739	173	0
740	192	0
741	185	0
742	169	0
743	235	0
744	218	0
745	177	0
746	213	0
747	212	0
748	203	0
749	222	0
750	186	0
751	199	0
752	208	0
753	205	0
754	203	0
755	192	0
756	181	0
757	205	0
758	172	0
759	190	0
760	185	0
761	216	0
762	183	0
763	179	0
764	225	0
765	193	0
766	188	0
767	221	0
768	199	0
769	232	0
770	203	0
771	197	0
772	217	0
773	210	0
774	203	0
775	201	0
776	215	0
777	204	0
778	175	0
779	215	0
780	223	0
781	177	0
782	213	0
783	219	0
784	209	0
785	220	0
786	202	0
787	221	0
788	229	0
789	182	0
790	206	0
791	199	0
792	190	0
793	188	0
794	186	0
795	182	0
796	190	0
797	174	0
798	180	0
799	235	0
800	208	0
801	198	0
802	199	0
803	220	0
804	198	0
805	209	0
806	213	0
807	166	0
808	206	0
809	186	0
810	180	0
811	199	0
812	216	0
813	197	0
814	209	0
815	206	0
816	193	0
817	172	0
818	208	0
819	189	0
820	213	0
821	205	0
822	174	0
823	196	0
824	167	0
825	183	0
826	203	0
827	178	0
828	188	0
829	184	0
830	188	0
831	180	0
832	214	0
833	212	0
834	217	0
835	197	0
836	176	0
837	178	0
838	179	0
839	207	0
840	194	0
841	180	0
842	176	0
843	212	0
844	170	0
845	191	0
846	205	0
847	185	0
848	218	0
849	257	0
850	203	0
851	188	0
852	213	0
853	209	0
854	211	0
855	214	0
856	205	0
857	205	0
858	197	0
859	178	0
860	208	0
861	213	0
862	201	0
863	199	0
864	183	0
865	204	0
866	189	0
867	197	0
868	221	0
869	206	0
870	172	0
871	160	0
872	194	0
873	188	0
874	202	0
875	199	0
876	196	0
877	192	0
878	186	0
879	162	0
880	188	0
881	201	0
882	216	0
883	208	0
884	190	0
885	195	0
886	172	0
887	223	0
888	184	0
889	189	0
890	200	0
891	199	0
892	223	0
893	201	0
894	204	0
895	215	0
896	205	0
897	207	0
898	207	0
899	214	0
900	183	0
901	221	0
902	200	0
903	230	0
904	197	0
905	171	0
906	216	0
907	182	0
908	198	0
909	177	0
910	194	0
911	183	0
912	173	0
913	203	0
914	162	0
915	213	0
916	173	0
917	214	0
918	180	0
919	197	0
920	189	0
921	213	0
922	212	0
923	207	0
924	219	0
925	218	0
926	195	0
927	208	0
928	190	0
929	204	0
930	197	0
931	188	0
932	216	0
933	208	0
934	208	0
935	213	0
936	202	0
937	199	0
938	202	0
939	194	0
940	186	0
941	196	0
942	213	0
943	208	0
944	202	0
945	215	0
946	194	0
947	197	0
948	170	0
949	189	0
950	209	0
951	197	0
952	226	0
953	186	0
954	198	0
955	196	0
956	196	0
957	211	0
958	195	0
959	177	0
960	231	0
961	198	0
962	189	0
963	200	0
964	208	0
965	190	0
966	198	0
967	219	0
968	199	0
969	214	0
970	213	0
971	189	0
972	201	0
973	211	0
974	195	0
975	205	0
976	210	0
977	194	0
978	206	0
979	182	0
980	190	0
981	219	0
982	191	0
983	194	0
984	212	0
985	198	0
986	211	0
987	194	0
988	201	0
989	216	0
990	190	0
991	181	0
992	201	0
993	211	0
994	204	0
995	200	0
996	215	0
997	195	0
998	178	0
999	202	0
1000	198	0
1001	178	0
1002	179	0
1003	187	0
1004	192	0
1005	192	0
1006	225	0
1007	199	0
1008	196	0
1009	178	0
1010	191	0
1011	185	0
1012	215	0
1013	193	0
1014	197	0
1015	183	0
1016	201	0
1017	193	0
1018	177	0
1019	202	0
1020	202	0
1021	182	0
1022	173	0
1023	186	0
1024	197	0
1025	184	0
1026	183	0
1027	205	0
1028	184	0
1029	181	0
1030	198	0
1031	181	0
1032	206	0
1033	205	0
1034	194	0
1035	233	0
1036	219	0
1037	194	0
1038	194	0
1039	192	0
1040	177	0
1041	192	0
1042	216	0
1043	178	0
1044	196	0
1045	174	0
1046	205	0
1047	194	0
1048	200	0
1049	178	0
1050	172	0
1051	199	0
1052	197	0
1053	198	0
1054	200	0
1055	172	0
1056	190	0
1057	196	0
1058	195	0
1059	190	0
1060	208	0
1061	203	0
1062	189	0
1063	211	0
1064	177	0
1065	196	0
1066	188	0
1067	215	0
1068	208	0
1069	191	0
1070	215	0
1071	195	0
1072	204	0
1073	171	0
1074	212	0
1075	228	0
1076	203	0
1077	188	0
1078	214	0
1079	174	0
1080	191	0
1081	206	0
1082	189	0
1083	194	0
1084	198	0
1085	197	0
1086	207	0
1087	208	0
1088	188	0
1089	195	0
1090	183	0
1091	185	0
1092	209	0
1093	197	0
1094	185	0
1095	184	0
1096	186	0
1097	197	0
1098	201	0
1099	200	0
1100	182	0
1101	184	0
1102	212	0
1103	205	0
1104	173	0
1105	171	0
1106	190	0
1107	178	0
1108	180	0
1109	194	0
1110	188	0
1111	195	0
1112	204	0
1113	199	0
1114	205	0
1115	197	0
1116	196	0
1117	195	0
1118	192	0
1119	203	0
1120	218	0
1121	210	0
1122	196	0
1123	190	0
1124	204	0
1125	202	0
1126	205	0
1127	194	0
1128	194	0
1129	198	0
1130	200	0
1131	198	0
1132	182	0
1133	180	0
1134	185	0
1135	205	0
1136	188	0
1137	227	0
1138	204	0
1139	201	0
1140	201	0
1141	172	0
1142	208	0
1143	200	0
1144	175	0
1145	202	0
1146	209	0
1147	178	0
1148	205	0
1149	185	0
1150	186	0
1151	184	0
1152	199	0
1153	210	0
1154	204	0
1155	215	0
1156	209	0
1157	198	0
1158	210	0
1159	185	0
1160	216	0
1161	213	0
1162	200	0
1163	197	0
1164	203	0
1165	218	0
1166	210	0
1167	196	0
1168	196	0
1169	192	0
1170	197	0
1171	191	0
1172	232	0
1173	186	0
1174	211	0
1175	196	0
1176	214	0
1177	187	0
1178	218	0
1179	192	0
1180	207	0
1181	190	0
1182	200	0
1183	206	0
1184	190	0
1185	210	0
1186	201	0
1187	165	0
1188	202	0
1189	184	0
1190	205	0
1191	184	0
1192	175	0
1193	194	0
1194	203	0
1195	191	0
1196	185	0
1197	208	0
1198	236	0
1199	192	0
1200	195	0
1201	213	0
1202	182	0
1203	210	0
1204	203	0
1205	197	0
1206	180	0
1207	195	0
1208	203	0
1209	196	0
1210	203	0
1211	207	0
1212	174	0
1213	214	0
1214	186	0
1215	182	0
1216	217	0
1217	224	0
1218	200	0
1219	189	0
1220	192	0
1221	183	0
1222	179	0
1223	232	0
1224	225	0
1225	189	0
1226	199	0
1227	166	0
1228	202	0
1229	206	0
1230	206	0
1231	212	0
1232	206	0
1233	211	0
1234	211	0
1235	176	0
1236	205	0
1237	200	0
1238	210	0
1239	204	0
1240	217	0
1241	226	0
1242	203	0
1243	169	0
1244	210	0
1245	189	0
1246	207	0
1247	173	0
1248	198	0
1249	169	0
1250	205	0
1251	215	0
1252	227	0
1253	210	0
1254	215	0
1255	201	0
1256	224	0
1257	201	0
1258	204	0
1259	205	0
1260	219	0
1261	198	0
1262	198	0
1263	183	0
1264	174	0
1265	222	0
1266	203	0
1267	190	0
1268	194	0
1269	204	0
1270	187	0
1271	199	0
1272	180	0
1273	195	0
1274	201	0
1275	201	0
1276	191	0
1277	195	0
1278	203	0
1279	191	0
1280	164	0
1281	183	0
1282	191	0
1283	181	0
1284	197	0
1285	198	0
1286	203	0
1287	194	0
1288	180	0
1289	203	0
1290	205	0
1291	201	0
1292	191	0
1293	204	0
1294	204	0
1295	197	0
1296	185	0
1297	191	0
1298	178	0
1299	209	0
1300	177	0
1301	201	0
1302	202	0
1303	187	0
1304	166	0
1305	237	0
1306	180	0
1307	177	0
1308	193	0
1309	189	0
1310	219	0
1311	211	0
1312	205	0
1313	204	0
1314	198	0
1315	190	0
1316	211	0
1317	202	0
1318	182	0
1319	181	0
1320	186	0
1321	216	0
1322	207	0
1323	213	0
1324	180	0
1325	187	0
1326	198	0
1327	188	0
1328	208	0
1329	223	0
1330	182	0
1331	196	0
1332	191	0
1333	203	0
1334	215	0
1335	200	0
1336	208	0
1337	194	0
1338	207	0
1339	188	0
1340	186	0
1341	174	0
1342	167	0
1343	195	0
1344	173	0
1345	201	0
1346	206	0
1347	171	0
1348	192	0
1349	197	0
1350	205	0
1351	220	0
1352	186	0
1353	193	0
1354	182	0
1355	194	0
1356	189	0
1357	209	0
1358	207	0
1359	199	0
1360	168	0
1361	169	0
1362	203	0
1363	205	0
1364	206	0
1365	188	0
1366	195	0
1367	216	0
1368	208	0
1369	204	0
1370	197	0
1371	179	0
1372	209	0
1373	199	0
1374	198	0
1375	229	0
1376	184	0
1377	172	0
1378	201	0
1379	208	0
1380	210	0
1381	179	0
1382	191	0
1383	192	0
1384	175	0
1385	196	0
1386	202	0
1387	196	0
1388	199	0
1389	190	0
1390	193	0
1391	183	0
1392	205	0
1393	210	0
1394	188	0
1395	205	0
1396	177	0
1397	216	0
1398	184	0
1399	174	0
1400	179	0
1401	199	0
1402	206	0
1403	185	0
1404	185	0
1405	205	0
1406	198	0
1407	198	0
1408	211	0
1409	200	0
1410	214	0
1411	204	0
1412	202	0
1413	214	0
1414	201	0
1415	189	0
1416	211	0
1417	213	0
1418	204	0
1419	189	0
1420	193	0
1421	197	0
1422	183	0
1423	189	0
1424	201	0
1425	202	0
1426	212	0
1427	188	0
1428	178	0
1429	213	0
1430	202	0
1431	200	0
1432	201	0
1433	211	0
1434	207	0
1435	171	0
1436	180	0
1437	196	0
1438	212	0
1439	212	0
1440	199	0
1441	172	0
1442	187	0
1443	201	0
1444	209	0
1445	191	0
1446	203	0
1447	181	0
1448	191	0
1449	213	0
1450	249	0
1451	187	0
1452	208	0
1453	200	0
1454	196	0
1455	203	0
1456	202	0
1457	193	0
1458	198	0
1459	175	0
1460	188	0
1461	195	0
1462	192	0
1463	169	0
1464	188	0
1465	192	0
1466	190	0
1467	193	0
1468	192	0
1469	180	0
1470	177	0
1471	193	0
1472	189	0
1473	191	0
1474	207	0
1475	182	0
1476	223	0
1477	183	0
1478	183	0
1479	197	0
1480	226	0
1481	191	0
1482	187	0
1483	180	0
1484	213	0
1485	204	0
1486	196	0
1487	182	0
1488	203	0
1489	209	0
1490	193	0
1491	190	0
1492	186	0
1493	196	0
1494	198	0
1495	198	0
1496	194	0
1497	202	0
1498	195	0
1499	197	0
1500	205	0
1501	203	0
1502	201	0
1503	201	0
1504	191	0
1505	197	0
1506	171	0
1507	202	0
1508	197	0
1509	170	0
1510	200	0
1511	191	0
1512	176	0
1513	217	0
1514	221	0
1515	222	0
1516	208	0
1517	194	0
1518	191	0
1519	202	0
1520	198	0
1521	211	0
1522	200	0
1523	196	0
1524	183	0
1525	177	0
1526	176	0
1527	202	0
1528	219	0
1529	200	0
1530	178	0
1531	177	0
1532	198	0
1533	176	0
1534	183	0
1535	170	0
1536	229	0
1537	221	0
1538	209	0
1539	198	0
1540	194	0
1541	191	0
1542	209	0
1543	196	0
1544	190	0
1545	218	0
1546	196	0
1547	218	0
1548	202	0
1549	193	0
1550	190	0
1551	202	0
1552	199	0
1553	218	0
1554	186	0
1555	205	0
1556	208	0
1557	196	0
1558	203	0
1559	218	0
1560	196	0
1561	206	0
1562	204	0
1563	186	0
1564	213	0
1565	228	0
1566	199	0
1567	211	0
1568	188	0
1569	203	0
1570	185	0
1571	186	0
1572	178	0
1573	204	0
1574	206	0
1575	202	0
1576	160	0
1577	202	0
1578	181	0
1579	199	0
1580	191	0
1581	193	0
1582	195	0
1583	195	0
1584	199	0
1585	212	0
1586	207	0
1587	219	0
1588	213	0
1589	181	0
1590	198	0
1591	203	0
1592	208	0
1593	214	0
1594	203	0
1595	192	0
1596	208	0
1597	211	0
1598	202	0
1599	217	0
1600	214	0
1601	182	0
1602	203	0
1603	203	0
1604	203	0
1605	205	0
1606	209	0
1607	215	0
1608	204	0
1609	195	0
1610	188	0
1611	195	0
1612	178	0
1613	190	0
1614	204	0
1615	190	0
1616	194	0
1617	163	0
1618	192	0
1619	193	0
1620	181	0
1621	187	0
1622	213	0
1623	217	0
1624	185	0
1625	203	0
1626	194	0
1627	173	0
1628	173	0
1629	184	0
1630	192	0
1631	192	0
1632	182	0
1633	168	0
1634	211	0
1635	199	0
1636	229	0
1637	196	0
1638	184	0
1639	212	0
1640	175	0
1641	182	0
1642	211	0
1643	177	0
1644	183	0
1645	206	0
1646	209	0
1647	179	0
1648	212	0
1649	187	0
1650	185	0
1651	170	0
1652	189	0
1653	193	0
1654	196	0
1655	190	0
1656	191	0
1657	194	0
1658	204	0
1659	217	0
1660	214	0
1661	179	0
1662	195	0
1663	205	0
1664	228	0
1665	201	0
1666	201	0
1667	197	0
1668	206	0
1669	224	0
1670	216	0
1671	188	0
1672	188	0
1673	194	0
1674	234	0
1675	202	0
1676	213	0
1677	177	0
1678	196	0
1679	204	0
1680	209	0
1681	186	0
1682	198	0
1683	177	0
1684	182	0
1685	174	0
1686	196	0
1687	218	0
1688	195	0
1689	181	0
1690	201	0
1691	219	0
1692	159	0
1693	181	0
1694	224	0
1695	202	0
1696	189	0
1697	211	0
1698	214	0
1699	198	0
1700	196	0
1701	229	0
1702	216	0
1703	183	0
1704	195	0
1705	198	0
1706	208	0
1707	188	0
1708	193	0
1709	200	0
1710	225	0
1711	182	0
1712	196	0
1713	187	0
1714	210	0
1715	207	0
1716	173	0
1717	185	0
1718	199	0
1719	185	0
1720	169	0
1721	210	0
1722	180	0
1723	207	0
1724	191	0
1725	201	0
1726	194	0
1727	207	0
1728	196	0
1729	208	0
1730	228	0
1731	180	0
1732	187	0
1733	192	0
1734	188	0
1735	203	0
1736	211	0
1737	207	0
1738	185	0
1739	182	0
1740	198	0
1741	223	0
1742	178	0
1743	196	0
1744	199	0
1745	224	0
1746	212	0
1747	252	0
1748	199	0
1749	202	0
1750	178	0
1751	208	0
1752	207	0
1753	201	0
1754	183	0
1755	188	0
1756	180	0
1757	190	0
1758	193	0
1759	198	0
1760	197	0
1761	230	0
1762	175	0
1763	185	0
1764	197	0
1765	195	0
1766	178	0
1767	192	0
1768	190	0
1769	188	0
1770	192	0
1771	212	0
1772	202	0
1773	199	0
1774	191	0
1775	196	0
1776	217	0
1777	168	0
1778	188	0
1779	217	0
1780	229	0
1781	211	0
1782	197	0
1783	208	0
1784	202	0
1785	197	0
1786	170	0
1787	210	0
1788	212	0
1789	221	0
1790	197	0
1791	200	0
1792	187	0
1793	193	0
1794	195	0
1795	201	0
1796	202	0
1797	191	0
1798	191	0
1799	199	0
1800	190	0
1801	192	0
1802	198	0
1803	176	0
1804	189	0
1805	167	0
1806	182	0
1807	205	0
1808	209	0
1809	190	0
1810	200	0
1811	182	0
1812	194	0
1813	208	0
1814	219	0
1815	194	0
1816	191	0
1817	178	0
1818	184	0
1819	195	0
1820	192	0
1821	212	0
1822	183	0
1823	198	0
1824	197	0
1825	198	0
1826	186	0
1827	193	0
1828	233	0
1829	199	0
1830	199	0
1831	198	0
1832	189	0
1833	187	0
1834	175	0
1835	214	0
1836	219	0
1837	212	0
1838	196	0
1839	189	0
1840	187	0
1841	205	0
1842	201	0
1843	212	0
1844	210	0
1845	195	0
1846	223	0
1847	215	0
1848	220	0
1849	201	0
1850	235	0
1851	217	0
1852	201	0
1853	188	0
1854	187	0
1855	207	0
1856	183	0
1857	212	0
1858	207	0
1859	200	0
1860	195	0
1861	192	0
1862	207	0
1863	206	0
1864	205	0
1865	199	0
1866	207	0
1867	213	0
1868	218	0
1869	179	0
1870	234	0
1871	214	0
1872	186	0
1873	216	0
1874	193	0
1875	199	0
1876	184	0
1877	195	0
1878	207	0
1879	214	0
1880	185	0
1881	195	0
1882	193	0
1883	210	0
1884	188	0
1885	188	0
1886	207	0
1887	195	0
1888	216	0
1889	189	0
1890	185	0
1891	195	0
1892	199	0
1893	188	0
1894	167	0
1895	198	0
1896	198	0
1897	201	0
1898	192	0
1899	211	0
1900	216	0
1901	164	0
1902	188	0
1903	209	0
1904	196	0
1905	175	0
1906	182	0
1907	196	0
1908	195	0
1909	186	0
1910	186	0
1911	181	0
1912	189	0
1913	211	0
1914	186	0
1915	172	0
1916	185	0
1917	216	0
1918	199	0
1919	214	0
1920	166	0
1921	172	0
1922	174	0
1923	205	0
1924	206	0
1925	221	0
1926	209	0
1927	221	0
1928	191	0
1929	213	0
1930	214	0
1931	198	0
1932	174	0
1933	223	0
1934	181	0
1935	197	0
1936	205	0
1937	209	0
1938	200	0
1939	174	0
1940	195	0
1941	185	0
1942	198	0
1943	183	0
1944	205	0
1945	195	0
1946	199	0
1947	202	0
1948	205	0
1949	216	0
1950	196	0
1951	198	0
1952	208	0
1953	228	0
1954	216	0
1955	217	0
1956	221	0
1957	193	0
1958	190	0
1959	199	0
1960	191	0
1961	192	0
1962	193	0
1963	190	0
1964	184	0
1965	230	0
1966	216	0
1967	203	0
1968	187	0
1969	204	0
1970	169	0
1971	202	0
1972	200	0
1973	201	0
1974	191	0
1975	194	0
1976	204	0
1977	200	0
1978	201	0
1979	204	0
1980	177	0
1981	205	0
1982	186	0
1983	190	0
1984	223	0
1985	171	0
1986	192	0
1987	194	0
1988	216	0
1989	202	0
1990	208	0
1991	191	0
1992	222	0
1993	186	0
1994	180	0
1995	194	0
1996	201	0
1997	207	0
1998	203	0
1999	183	0
2000	191	0
2001	180	0
2002	207	0
2003	178	0
2004	200	0
2005	210	0
2006	213	0
2007	189	0
2008	191	0
2009	160	0
2010	220	0
2011	188	0
2012	195	0
2013	196	0
2014	182	0
2015	196	0
2016	240	0
2017	199	0
2018	188	0
2019	186	0
2020	183	0
2021	183	0
2022	210	0
2023	193	0
2024	187	0
2025	190	0
2026	184	0
2027	195	0
2028	211	0
2029	169	0
2030	184	0
2031	182	0
2032	174	0
2033	201	0
2034	194	0
2035	177	0
2036	196	0
2037	185	0
2038	174	0
2039	194	0
2040	214	0
2041	208	0
2042	196	0
2043	198	0
2044	188	0
2045	211	0
2046	191	0
2047	203	0
2048	194	0
2049	211	0
2050	185	0
2051	187	0
2052	205	0
2053	195	0
2054	179	0
2055	202	0
2056	210	0
2057	175	0
2058	198	0
2059	186	0
2060	194	0
2061	229	0
2062	204	0
2063	221	0
2064	189	0
2065	212	0
2066	195	0
2067	199	0
2068	184	0
2069	210	0
2070	189	0
2071	210	0
2072	188	0
2073	209	0
2074	212	0
2075	198	0
2076	189	0
2077	216	0
2078	202	0
2079	201	0
2080	180	0
2081	205	0
2082	205	0
2083	222	0
2084	207	0
2085	188	0
2086	217	0
2087	223	0
2088	202	0
2089	194	0
2090	179	0
2091	188	0
2092	188	0
2093	198	0
2094	208	0
2095	171	0
2096	185	0
2097	184	0
2098	192	0
2099	188	0
2100	184	0
2101	203	0
2102	192	0
2103	223	0
2104	196	0
2105	191	0
2106	197	0
2107	185	0
2108	211	0
2109	208	0
2110	209	0
2111	215	0
2112	192	0
2113	187	0
2114	179	0
2115	192	0
2116	205	0
2117	196	0
2118	187	0
2119	185	0
2120	182	0
2121	178	0
2122	202	0
2123	193	0
2124	199	0
2125	190	0
2126	176	0
2127	213	0
2128	196	0
2129	206	0
2130	186	0
2131	208	0
2132	196	0
2133	205	0
2134	206	0
2135	205	0
2136	193	0
2137	180	0
2138	194	0
2139	198	0
2140	208	0
2141	177	0
2142	205	0
2143	166	0
2144	218	0
2145	215	0
2146	228	0
2147	202	0
2148	200	0
2149	207	0
2150	199	0
2151	201	0
2152	201	0
2153	209	0
2154	181	0
2155	179	0
2156	206	0
2157	196	0
2158	190	0
2159	193	0
2160	198	0
2161	202	0
2162	185	0
2163	210	0
2164	201	0
2165	188	0
2166	200	0
2167	181	0
2168	213	0
2169	178	0
2170	207	0
2171	184	0
2172	239	0
2173	183	0
2174	225	0
2175	182	0
2176	189	0
2177	197	0
2178	202	0
2179	201	0
2180	214	0
2181	186	0
2182	195	0
2183	184	0
2184	181	0
2185	209	0
2186	176	0
2187	199	0
2188	217	0
2189	195	0
2190	156	0
2191	193	0
2192	195	0
2193	181	0
2194	230	0
2195	184	0
2196	225	0
2197	175	0
2198	191	0
2199	238	0
2200	190	0
2201	220	0
2202	189	0
2203	209	0
2204	186	0
2205	177	0
2206	164	0
2207	207	0
2208	222	0
2209	200	0
2210	200	0
2211	176	0
2212	191	0
2213	202	0
2214	199	0
2215	195	0
2216	177	0
2217	196	0
2218	199	0
2219	201	0
2220	198	0
2221	216	0
2222	197	0
2223	223	0
2224	205	0
2225	211	0
2226	211	0
2227	193	0
2228	203	0
2229	170	0
2230	199	0
2231	189	0
2232	186	0
2233	201	0
2234	194	0
2235	214	0
2236	188	0
2237	203	0
2238	205	0
2239	180	0
2240	215	0
2241	196	0
2242	202	0
2243	190	0
2244	220	0
2245	215	0
2246	216	0
2247	177	0
2248	202	0
2249	218	0
2250	171	0
2251	197	0
2252	193	0
2253	203	0
2254	180	0
2255	193	0
2256	213	0
2257	202	0
2258	181	0
2259	188	0
2260	199	0
2261	203	0
2262	212	0
2263	199	0
2264	190	0
2265	182	0
2266	194	0
2267	203	0
2268	211	0
2269	195	0
2270	210	0
2271	207	0
2272	204	0
2273	223	0
2274	197	0
2275	207	0
2276	214	0
2277	199	0
2278	186	0
2279	204	0
2280	189	0
2281	211	0
2282	211	0
2283	216	0
2284	204	0
2285	196	0
2286	210	0
2287	218	0
2288	180	0
2289	202	0
2290	184	0
2291	221	0
2292	217	0
2293	179	0
2294	194	0
2295	183	0
2296	151	0
2297	160	0
2298	183	0
2299	183	0
2300	198	0
2301	195	0
2302	194	0
2303	207	0
2304	203	0
2305	182	0
2306	189	0
2307	194	0
2308	202	0
2309	192	0
2310	219	0
2311	191	0
2312	170	0
2313	213	0
2314	177	0
2315	200	0
2316	209	0
2317	183	0
2318	235	0
2319	217	0
2320	187	0
2321	194	0
2322	179	0
2323	196	0
2324	209	0
2325	170	0
2326	206	0
2327	214	0
2328	195	0
2329	207	0
2330	189	0
2331	214	0
2332	215	0
2333	187	0
2334	210	0
2335	180	0
2336	204	0
2337	195	0
2338	194	0
2339	180	0
2340	186	0
2341	214	0
2342	190	0
2343	191	0
2344	182	0
2345	192	0
2346	202	0
2347	176	0
2348	194	0
2349	186	0
2350	211	0
2351	217	0
2352	210	0
2353	198	0
2354	215	0
2355	204	0
2356	204	0
2357	193	0
2358	203	0
2359	220	0
2360	191	0
2361	188	0
2362	220	0
2363	207	0
2364	202	0
2365	187	0
2366	214	0
2367	203	0
2368	197	0
2369	202	0
2370	204	0
2371	207	0
2372	203	0
2373	222	0
2374	207	0
2375	203	0
2376	237	0
2377	202	0
2378	188	0
2379	201	0
2380	175	0
2381	226	0
2382	197	0
2383	198	0
2384	228	0
2385	214	0
2386	204	0
2387	190	0
2388	198	0
2389	178	0
2390	190	0
2391	232	0
2392	202	0
2393	189	0
2394	199	0
2395	172	0
2396	202	0
2397	173	0
2398	184	0
2399	216	0
2400	226	0
2401	184	0
2402	191	0
2403	196	0
2404	194	0
2405	219	0
2406	207	0
2407	208	0
2408	204	0
2409	203	0
2410	163	0
2411	210	0
2412	210	0
2413	191	0
2414	201	0
2415	188	0
2416	199	0
2417	204	0
2418	195	0
2419	231	0
2420	177	0
2421	176	0
2422	190	0
2423	192	0
2424	206	0
2425	206	0
2426	204	0
2427	187	0
2428	186	0
2429	187	0
2430	215	0
2431	187	0
2432	193	0
2433	194	0
2434	207	0
2435	177	0
2436	206	0
2437	187	0
2438	204	0
2439	197	0
2440	214	0
2441	209	0
2442	220	0
2443	190	0
2444	195	0
2445	198	0
2446	205	0
2447	198	0
2448	226	0
2449	171	0
2450	215	0
2451	171	0
2452	210	0
2453	218	0
2454	176	0
2455	189	0
2456	195	0
2457	188	0
2458	224	0
2459	171	0
2460	199	0
2461	205	0
2462	175	0
2463	195	0
2464	186	0
2465	189	0
2466	197	0
2467	180	0
2468	190	0
2469	198	0
2470	224	0
2471	192	0
2472	195	0
2473	189	0
2474	191	0
2475	204	0
2476	179	0
2477	213	0
2478	199	0
2479	220	0
2480	218	0
2481	208	0
2482	211	0
2483	185	0
2484	195	0
2485	195	0
2486	194	0
2487	175	0
2488	199	0
2489	222	0
2490	217	0
2491	191	0
2492	181	0
2493	188	0
2494	196	0
2495	209	0
2496	201	0
2497	200	0
2498	183	0
2499	199	0
2500	186	0
2501	187	0
2502	189	0
2503	180	0
2504	194	0
2505	215	0
2506	212	0
2507	207	0
2508	188	0
2509	194	0
2510	196	0
2511	198	0
2512	209	0
2513	197	0
2514	187	0
2515	213	0
2516	213	0
2517	204	0
2518	197	0
2519	208	0
2520	184	0
2521	188	0
2522	178	0
2523	179	0
2524	208	0
2525	196	0
2526	230	0
2527	215	0
2528	197	0
2529	194	0
2530	197	0
2531	187	0
2532	198	0
2533	199	0
2534	191	0
2535	191	0
2536	164	0
2537	197	0
2538	181	0
2539	222	0
2540	198	0
2541	187	0
2542	198	0
2543	171	0
2544	195	0
2545	172	0
2546	210	0
2547	178	0
2548	192	0
2549	175	0
2550	198	0
2551	188	0
2552	218	0
2553	176	0
2554	231	0
2555	197	0
2556	183	0
2557	204	0
2558	192	0
2559	217	0
2560	212	0
2561	195	0
2562	198	0
2563	176	0
2564	205	0
2565	188	0
2566	181	0
2567	205	0
2568	205	0
2569	197	0
2570	196	0
2571	189	0
2572	190	0
2573	199	0
2574	212	0
2575	217	0
2576	196	0
2577	189	0
2578	196	0
2579	177	0
2580	199	0
2581	192	0
2582	206	0
2583	193	0
2584	213	0
2585	202	0
2586	216	0
2587	187	0
2588	187	0
2589	187	0
2590	187	0
2591	200	0
2592	203	0
2593	194	0
2594	180	0
2595	177	0
2596	175	0
2597	211	0
2598	189	0
2599	202	0
2600	195	0
2601	202	0
2602	203	0
2603	217	0
2604	205	0
2605	215	0
2606	195	0
2607	174	0
2608	195	0
2609	228	0
2610	188	0
2611	188	0
2612	214	0
2613	190	0
2614	207	0
2615	198	0
2616	204	0
2617	192	0
2618	214	0
2619	171	0
2620	199	0
2621	223	0
2622	219	0
2623	193	0
2624	185	0
2625	174	0
2626	223	0
2627	216	0
2628	201	0
2629	239	0
2630	190	0
2631	191	0
2632	188	0
2633	191	0
2634	195	0
2635	191	0
2636	208	0
2637	204	0
2638	198	0
2639	187	0
2640	208	0
2641	190	0
2642	191	0
2643	175	0
2644	192	0
2645	208	0
2646	188	0
2647	203	0
2648	187	0
2649	204	0
2650	208	0
2651	195	0
2652	207	0
2653	182	0
2654	232	0
2655	200	0
2656	189	0
2657	179	0
2658	193	0
2659	192	0
2660	193	0
2661	184	0
2662	174	0
2663	209	0
2664	193	0
2665	207	0
2666	181	0
2667	193	0
2668	188	0
2669	201	0
2670	215	0
2671	203	0
2672	189	0
2673	195	0
2674	191	0
2675	178	0
2676	222	0
2677	185	0
2678	203	0
2679	205	0
2680	188	0
2681	177	0
2682	187	0
2683	179	0
2684	216	0
2685	211	0
2686	216	0
2687	193	0
2688	192	0
2689	192	0
2690	198	0
2691	190	0
2692	177	0
2693	187	0
2694	205	0
2695	208	0
2696	193	0
2697	199	0
2698	210	0
2699	186	0
2700	218	0
2701	190	0
2702	195	0
2703	206	0
2704	193	0
2705	175	0
2706	208	0
2707	172	0
2708	196	0
2709	219	0
2710	209	0
2711	235	0
2712	188	0
2713	199	0
2714	198	0
2715	211	0
2716	185	0
2717	208	0
2718	201	0
2719	168	0
2720	216	0
2721	195	0
2722	210	0
2723	190	0
2724	188	0
2725	180	0
2726	191	0
2727	206	0
2728	198	0
2729	189	0
2730	228	0
2731	201	0
2732	232	0
2733	218	0
2734	189	0
2735	180	0
2736	203	0
2737	217	0
2738	199	0
2739	204	0
2740	212	0
2741	188	0
2742	229	0
2743	213	0
2744	200	0
2745	181	0
2746	206	0
2747	188	0
2748	186	0
2749	207	0
2750	218	0
2751	189	0
2752	196	0
2753	193	0
2754	198	0
2755	194	0
2756	174	0
2757	188	0
2758	184	0
2759	188	0
2760	201	0
2761	184	0
2762	203	0
2763	191	0
2764	191	0
2765	196	0
2766	179	0
2767	194	0
2768	198	0
2769	181	0
2770	190	0
2771	201	0
2772	212	0
2773	202	0
2774	179	0
2775	174	0
2776	183	0
2777	195	0
2778	187	0
2779	225	0
2780	187	0
2781	216	0
2782	216	0
2783	178	0
2784	194	0
2785	222	0
2786	205	0
2787	204	0
2788	204	0
2789	201	0
2790	206	0
2791	216	0
2792	202	0
2793	195	0
2794	190	0
2795	211	0
2796	208	0
2797	200	0
2798	197	0
2799	196	0
2800	195	0
2801	202	0
2802	199	0
2803	177	0
2804	194	0
2805	193	0
2806	214	0
2807	180	0
2808	195	0
2809	179	0
2810	187	0
2811	187	0
2812	172	0
2813	199	0
2814	196	0
2815	203	0
2816	197	0
2817	213	0
2818	220	0
2819	207	0
2820	200	0
2821	194	0
2822	168	0
2823	193	0
2824	215	0
2825	186	0
2826	211	0
2827	186	0
2828	187	0
2829	170	0
2830	180	0
2831	200	0
2832	207	0
2833	208	0
2834	209	0
2835	206	0
2836	188	0
2837	168	0
2838	200	0
2839	196	0
2840	162	0
2841	201	0
2842	206	0
2843	196	0
2844	231	0
2845	203	0
2846	206	0
2847	206	0
2848	204	0
2849	194	0
2850	200	0
2851	202	0
2852	232	0
2853	214	0
2854	193	0
2855	202	0
2856	179	0
2857	217	0
2858	185	0
2859	177	0
2860	208	0
2861	193	0
2862	178	0
2863	197	0
2864	217	0
2865	202	0
2866	194	0
2867	188	0
2868	205	0
2869	196	0
2870	183	0
2871	177	0
2872	175	0
2873	184	0
2874	168	0
2875	214	0
2876	179	0
2877	178	0
2878	203	0
2879	191	0
2880	195	0
2881	192	0
2882	209	0
2883	177	0
2884	166	0
2885	188	0
2886	225	0
2887	189	0
2888	210	0
2889	214	0
2890	186	0
2891	171	0
2892	194	0
2893	213	0
2894	218	0
2895	203	0
2896	210	0
2897	203	0
2898	184	0
2899	199	0
2900	205	0
2901	208	0
2902	217	0
2903	175	0
2904	221	0
2905	209	0
2906	212	0
2907	198	0
2908	175	0
2909	188	0
2910	192	0
2911	196	0
2912	205	0
2913	186	0
2914	187	0
2915	185	0
2916	193	0
2917	206	0
2918	226	0
2919	202	0
2920	197	0
2921	201	0
2922	210	0
2923	200	0
2924	203	0
2925	209	0
2926	168	0
2927	217	0
2928	217	0
2929	221	0
2930	222	0
2931	184	0
2932	212	0
2933	201	0
2934	198	0
2935	201	0
2936	178	0
2937	185	0
2938	195	0
2939	206	0
2940	186	0
2941	203	0
2942	184	0
2943	200	0
2944	198	0
2945	226	0
2946	210	0
2947	194	0
2948	229	0
2949	203	0
2950	196	0
2951	206	0
2952	211	0
2953	208	0
2954	188	0
2955	215	0
2956	214	0
2957	210	0
2958	184	0
2959	193	0
2960	203	0
2961	187	0
2962	207	0
2963	238	0
2964	204	0
2965	228	0
2966	191	0
2967	201	0
2968	212	0
2969	201	0
2970	244	0
2971	214	0
2972	175	0
2973	179	0
2974	195	0
2975	203	0
2976	214	0
2977	197	0
2978	212	0
2979	200	0
2980	194	0
2981	197	0
2982	194	0
2983	204	0
2984	217	0
2985	188	0
2986	164	0
2987	211	0
2988	205	0
2989	207	0
2990	185	0
2991	205	0
2992	204	0
2993	213	0
2994	189	0
2995	222	0
2996	187	0
2997	210	0
2998	190	0
2999	225	0
3000	189	0
