1	199	0
2	189	0
3	213	0
4	200	0
5	181	0
6	202	0
7	180	0
8	225	0
9	189	0
10	202	0
11	203	0
12	207	0
13	195	0
14	201	0
15	181	0
16	202	0
17	175	0
18	182	0
19	195	0
20	192	0
21	205	0
22	204	0
23	215	0
24	193	0
25	189	0
26	196	0
27	188	0
28	170	0
29	206	0
30	198	0
31	195	0
32	200	0
33	217	0
34	196	0
35	177	0
36	210	0
37	191	0
38	191	0
39	219	0
40	189	0
41	164	0
42	173	0
43	205	0
44	199	0
45	195	0
46	194	0
47	189	0
48	171	0
49	172	0
50	183	0
51	182	0
52	191	0
53	170	0
54	209	0
55	186	0
56	220	0
57	212	0
58	180	0
59	205	0
60	184	0
61	198	0
62	193	0
63	221	0
64	186	0
65	204	0
66	169	0
67	234	0
68	173	0
69	196	0
70	209	0
71	215	0
72	182	0
73	223	0
74	230	0
75	166	0
76	168	0
77	205	0
78	210	0
79	202	0
80	222	0
81	209	0
82	196	0
83	186	0
84	176	0
85	184	0
86	191	0
87	181	0
88	204	0
89	193	0
90	189	0
91	206	0
92	255	0
93	222	0
94	202	0
95	187	0
96	191	0
97	211	0
98	225	0
99	184	0
100	219	0
101	209	0
102	193	0
103	191	0
104	193	0
105	183	0
106	205	0
107	172	0
108	217	0
109	189	0
110	198	0
111	192	0
112	199	0
113	177	0
114	223	0
115	227	0
116	173	0
117	206	0
118	199	0
119	216	0
120	200	0
121	182	0
122	203	0
123	200	0
124	198	0
125	189	0
126	182	0
127	213	0
128	205	0
129	185	0
130	206	0
131	206	0
132	202	0
133	178	0
134	199	0
135	206	0
136	200	0
137	197	0
138	189	0
139	194	0
140	199	0
141	205	0
142	206	0
143	218	0
144	202	0
145	215	0
146	214	0
147	194	0
148	188	0
149	190	0
150	201	0
151	189	0
152	206	0
153	183	0
154	189	0
155	200	0
156	209	0
157	214	0
158	226	0
159	200	0
160	200	0
161	190	0
162	193	0
163	194	0
164	203	0
165	217	0
166	194	0
167	222	0
168	194	0
169	193	0
170	204	0
171	209	0
172	196	0
173	190	0
174	200	0
175	201	0
176	195	0
177	219	0
178	194	0
179	209	0
180	200	0
181	189	0
182	186	0
183	192	0
184	215	0
185	190	0
186	205	0
187	187	0
188	191	0
189	195	0
190	183	0
191	218	0
192	182	0
193	179	0
194	193	0
195	203	0
196	230	0
197	211	0
198	218	0
199	214	0
200	199	0
201	187	0
202	204	0
203	200	0
204	182	0
205	199	0
206	200	0
207	207	0
208	194	0
209	205	0
210	200	0
211	211	0
212	199	0
213	217	0
214	227	0
215	201	0
216	190	0
217	191	0
218	192	0
219	208	0
220	194	0
221	209	0
222	176	0
223	220	0
224	210	0
225	204	0
226	216	0
227	191	0
228	192	0
229	194	0
230	194	0
231	199	0
232	209	0
233	206	0
234	208	0
235	192	0
236	180	0
237	212	0
238	216	0
239	205	0
240	212	0
241	212	0
242	173	0
243	221	0
244	197	0
245	174	0
246	213	0
247	214	0
248	197	0
249	174	0
250	212	0
251	202	0
252	170	0
253	210	0
254	204	0
255	196	0
256	200	0
257	191	0
258	210	0
259	209	0
260	195	0
261	209	0
262	183	0
263	216	0
264	172	0
265	200	0
266	200	0
267	196	0
268	209	0
269	201	0
270	210	0
271	217	0
272	211	0
273	177	0
274	191	0
275	187	0
276	186	0
277	211	0
278	190	0
279	200	0
280	187	0
281	210	0
282	175	0
283	214	0
284	187	0
285	196	0
286	207	0
287	199	0
288	214	0
289	200	0
290	202	0
291	214	0
292	204	0
293	200	0
294	181	0
295	174	0
296	213	0
297	177	0
298	208	0
299	209	0
300	220	0
301	195	0
302	187	0
303	196	0
304	203	0
305	220	0
306	177	0
307	189	0
308	196	0
309	203	0
310	211	0
311	197	0
312	201	0
313	196	0
314	201	0
315	215	0
316	196	0
317	188	0
318	210	0
319	194	0
320	201	0
321	199	0
322	233	0
323	189	0
324	182	0
325	191	0
326	237	0
327	187	0
328	162	0
329	179	0
330	178	0
331	213	0
332	202	0
333	180	0
334	213	0
335	216	0
336	207	0
337	198	0
338	206	0
339	218	0
340	183	0
341	188	0
342	210	0
343	178	0
344	201	0
345	193	0
346	195	0
347	180	0
348	221	0
349	192	0
350	179	0
351	200	0
352	189	0
353	163	0
354	196	0
355	176	0
356	205	0
357	211	0
358	192	0
359	208	0
360	206	0
361	201	0
362	206	0
363	206	0
364	196	0
365	197	0
366	176	0
367	199	0
368	198	0
369	212	0
370	185	0
371	237	0
372	204	0
373	220	0
374	198	0
375	197	0
376	195	0
377	199	0
378	182	0
379	193	0
380	186	0
381	190	0
382	195	0
383	198	0
384	215	0
385	230	0
386	186	0
387	213	0
388	229	0
389	187	0
390	194	0
391	203	0
392	183	0
393	176	0
394	214	0
395	186	0
396	213	0
397	207	0
398	207	0
399	187	0
400	200	0
401	192	0
402	188	0
403	186	0
404	203	0
405	227	0
406	197	0
407	196	0
408	224	0
409	178	0
410	198	0
411	183	0
412	219	0
413	192	0
414	199	0
415	189	0
416	175	0
417	196	0
418	184	0
419	193	0
420	196	0
421	195	0
422	204	0
423	204	0
424	180	0
425	192	0
426	184	0
427	200	0
428	187	0
429	207	0
430	211	0
431	206	0
432	191	0
433	214	0
434	214	0
435	202	0
436	195	0
437	213	0
438	201	0
439	194	0
440	219	0
441	165	0
442	201	0
443	184	0
444	209	0
445	185	0
446	220	0
447	199	0
448	214	0
449	201	0
450	190	0
451	193	0
452	210	0
453	204	0
454	215	0
455	210	0
456	183	0
457	196	0
458	188	0
459	209	0
460	192	0
461	191	0
462	189	0
463	192	0
464	211	0
465	178	0
466	219	0
467	216	0
468	206	0
469	183	0
470	226	0
471	192	0
472	194	0
473	198	0
474	197	0
475	199	0
476	199	0
477	201	0
478	215	0
479	187	0
480	185	0
481	203	0
482	212	0
483	206	0
484	204	0
485	175	0
486	176	0
487	196	0
488	197	0
489	202	0
490	215	0
491	168	0
492	186	0
493	218	0
494	225	0
495	201	0
496	200	0
497	200	0
498	211	0
499	183	0
500	204	0
501	180	0
502	186	0
503	165	0
504	200	0
505	203	0
506	208	0
507	164	0
508	184	0
509	196	0
510	182	0
511	198	0
512	190	0
513	190	0
514	192	0
515	195	0
516	212	0
517	183	0
518	206	0
519	185	0
520	226	0
521	163	0
522	184	0
523	198	0
524	189	0
525	217	0
526	210	0
527	191	0
528	185	0
529	202	0
530	193	0
531	204	0
532	210	0
533	203	0
534	185	0
535	210	0
536	218	0
537	184	0
538	180	0
539	189	0
540	188	0
541	178	0
542	199	0
543	205	0
544	208	0
545	186	0
546	180	0
547	182	0
548	178	0
549	194	0
550	202	0
551	213	0
552	200	0
553	172	0
554	213	0
555	211	0
556	240	0
557	202	0
558	190	0
559	182	0
560	189	0
561	206	0
562	201	0
563	199	0
564	163	0
565	186	0
566	209	0
567	227	0
568	182	0
569	190	0
570	204	0
571	200	0
572	208	0
573	194	0
574	195	0
575	211	0
576	216	0
577	216	0
578	209	0
579	207	0
580	227	0
581	190	0
582	187	0
583	218	0
584	183	0
585	193	0
586	192	0
587	184	0
588	206	0
589	190	0
590	211	0
591	196	0
592	196	0
593	211	0
594	185	0
595	198	0
596	207	0
597	218	0
598	206	0
599	194	0
600	186	0
601	218	0
602	195	0
603	223	0
604	195	0
605	213	0
606	186	0
607	184	0
608	208	0
609	214	0
610	197	0
611	179	0
612	191	0
613	192	0
614	190	0
615	198	0
616	193	0
617	202	0
618	216	0
619	189	0
620	171	0
621	206	0
622	198	0
623	203	0
624	175	0
625	202	0
626	198	0
627	187	0
628	192	0
629	190	0
630	220	0
631	202	0
632	186	0
633	210	0
634	201	0
635	230	0
636	192	0
637	214	0
638	198	0
639	196	0
640	219	0
641	208	0
642	198	0
643	193	0
644	190	0
645	208	0
646	202	0
647	192	0
648	187	0
649	183	0
650	217	0
651	183	0
652	198	0
653	208	0
654	209	0
655	185	0
656	187	0
657	179	0
658	186	0
659	198	0
660	192	0
661	173	0
662	189	0
663	194	0
664	192	0
665	212	0
666	188	0
667	194	0
668	204	0
669	184	0
670	210	0
671	192	0
672	213	0
673	215	0
674	169	0
675	216	0
676	181	0
677	198	0
678	195	0
679	194	0
680	176	0
681	205	0
682	213	0
683	207	0
684	200	0
685	207	0
686	188	0
687	218	0
688	195	0
689	173	0
690	200	0
691	199	0
692	185	0
693	206	0
694	204	0
695	166	0
696	214	0
697	212	0
698	202	0
699	187	0
700	197	0
701	196	0
702	196	0
703	167	0
704	189	0
705	183	0
706	191	0
707	199	0
708	208	0
709	210	0
710	205	0
711	205	0
712	184	0
713	201	0
714	223	0
715	207	0
716	212	0
717	176	0
718	180	0
719	182	0
720	216	0
721	194	0
722	204	0
723	185	0
724	166	0
725	203	0
726	226	0
727	206	0
728	193	0
729	179	0
730	197	0
731	201	0
732	215	0
733	214	0
734	199	0
735	182	0
736	221	0
737	206	0
738	198	0
739	186	0
740	194	0
741	190	0
742	201	0
743	191	0
744	202	0
745	211	0
746	200	0
747	205	0
748	194	0
749	186	0
750	211	0
751	192	0
752	201	0
753	189	0
754	201	0
755	176	0
756	198	0
757	195	0
758	197	0
759	214	0
760	183	0
761	199	0
762	190	0
763	192	0
764	180	0
765	205	0
766	192	0
767	186	0
768	175	0
769	216	0
770	177	0
771	197	0
772	197	0
773	192	0
774	207	0
775	191	0
776	197	0
777	176	0
778	226	0
779	173	0
780	205	0
781	210	0
782	196	0
783	204	0
784	201	0
785	227	0
786	217	0
787	202	0
788	193	0
789	196	0
790	181	0
791	187	0
792	214	0
793	168	0
794	201	0
795	220	0
796	180	0
797	186	0
798	197	0
799	229	0
800	202	0
801	209	0
802	216	0
803	192	0
804	187	0
805	217	0
806	201	0
807	187	0
808	205	0
809	185	0
810	210	0
811	204	0
812	201	0
813	198	0
814	193	0
815	181	0
816	189	0
817	215	0
818	190	0
819	201	0
820	204	0
821	187	0
822	196	0
823	187	0
824	182	0
825	199	0
826	184	0
827	214	0
828	181	0
829	197	0
830	219	0
831	210	0
832	194	0
833	225	0
834	233	0
835	214	0
836	205	0
837	193	0
838	171	0
839	194	0
840	169	0
841	212	0
842	187	0
843	209	0
844	198	0
845	210	0
846	201	0
847	207	0
848	177	0
849	184	0
850	200	0
851	196	0
852	180	0
853	197	0
854	184	0
855	206	0
856	188	0
857	198	0
858	189	0
859	212	0
860	201	0
861	173	0
862	215	0
863	198	0
864	179	0
865	189	0
866	209	0
867	200	0
868	181	0
869	191	0
870	203	0
871	199	0
872	188	0
873	194	0
874	208	0
875	210	0
876	200	0
877	201	0
878	203	0
879	197	0
880	211	0
881	179	0
882	178	0
883	192	0
884	200	0
885	189	0
886	201	0
887	204	0
888	184	0
889	225	0
890	187	0
891	203	0
892	211	0
893	215	0
894	185	0
895	197	0
896	196	0
897	199	0
898	178	0
899	214	0
900	190	0
901	197	0
902	202	0
903	224	0
904	189	0
905	189	0
906	177	0
907	218	0
908	215	0
909	201	0
910	194	0
911	194	0
912	207	0
913	187	0
914	191	0
915	189	0
916	191	0
917	228	0
918	184	0
919	183	0
920	197	0
921	234	0
922	197	0
923	170	0
924	208	0
925	221	0
926	171	0
927	193	0
928	174	0
929	188	0
930	205	0
931	189	0
932	180	0
933	212	0
934	215	0
935	178	0
936	209	0
937	187	0
938	179	0
939	197	0
940	168	0
941	195	0
942	204	0
943	192	0
944	210	0
945	189	0
946	202	0
947	207	0
948	199	0
949	199	0
950	168	0
951	211	0
952	203	0
953	190	0
954	200	0
955	186	0
956	205	0
957	232	0
958	207	0
959	194	0
960	194	0
961	192	0
962	174	0
963	207	0
964	208	0
965	184	0
966	195	0
967	212	0
968	191	0
969	181	0
970	204	0
971	158	0
972	190	0
973	182	0
974	197	0
975	209	0
976	175	0
977	170	0
978	166	0
979	197	0
980	202	0
981	205	0
982	187	0
983	183	0
984	172	0
985	209	0
986	166	0
987	220	0
988	197	0
989	184	0
990	199	0
991	199	0
992	212	0
993	180	0
994	203	0
995	219	0
996	192	0
997	199	0
998	178	0
999	186	0
1000	204	0
1001	200	0
1002	218	0
1003	210	0
1004	199	0
1005	198	0
1006	209	0
1007	184	0
1008	184	0
1009	213	0
1010	193	0
1011	170	0
1012	174	0
1013	188	0
1014	210	0
1015	180	0
1016	204	0
1017	189	0
1018	181	0
1019	177	0
1020	172	0
1021	200	0
1022	176	0
1023	200	0
1024	218	0
1025	206	0
1026	176	0
1027	202	0
1028	192	0
1029	203	0
1030	183	0
1031	217	0
1032	190	0
1033	219	0
1034	226	0
1035	199	0
1036	201	0
1037	228	0
1038	189	0
1039	197	0
1040	188	0
1041	195	0
1042	204	0
1043	191	0
1044	194	0
1045	199	0
1046	174	0
1047	199	0
1048	201	0
1049	219	0
1050	170	0
1051	202	0
1052	196	0
1053	207	0
1054	169	0
1055	183	0
1056	196	0
1057	207	0
1058	204	0
1059	196	0
1060	187	0
1061	212	0
1062	195	0
1063	174	0
1064	208	0
1065	185	0
1066	225	0
1067	202	0
1068	181	0
1069	180	0
1070	202	0
1071	200	0
1072	211	0
1073	182	0
1074	199	0
1075	183	0
1076	187	0
1077	174	0
1078	173	0
1079	195	0
1080	203	0
1081	183	0
1082	193	0
1083	211	0
1084	224	0
1085	204	0
1086	207	0
1087	197	0
1088	204	0
1089	180	0
1090	217	0
1091	208	0
1092	194	0
1093	201	0
1094	203	0
1095	218	0
1096	217	0
1097	202	0
1098	179	0
1099	184	0
1100	201	0
1101	185	0
1102	202	0
1103	213	0
1104	196	0
1105	196	0
1106	196	0
1107	201	0
1108	204	0
1109	196	0
1110	187	0
1111	178	0
1112	176	0
1113	197	0
1114	179	0
1115	202	0
1116	195	0
1117	198	0
1118	186	0
1119	216	0
1120	192	0
1121	210	0
1122	212	0
1123	169	0
1124	209	0
1125	197	0
1126	194	0
1127	208	0
1128	215	0
1129	179	0
1130	209	0
1131	195	0
1132	185	0
1133	177	0
1134	195	0
1135	195	0
1136	214	0
1137	213	0
1138	201	0
1139	202	0
1140	204	0
1141	222	0
1142	191	0
1143	183	0
1144	176	0
1145	211	0
1146	189	0
1147	181	0
1148	193	0
1149	224	0
1150	204	0
1151	192	0
1152	205	0
1153	194	0
1154	202	0
1155	174	0
1156	201	0
1157	204	0
1158	203	0
1159	219	0
1160	198	0
1161	191	0
1162	207	0
1163	215	0
1164	183	0
1165	213	0
1166	193	0
1167	185	0
1168	196	0
1169	189	0
1170	200	0
1171	192	0
1172	200	0
1173	187	0
1174	180	0
1175	192	0
1176	192	0
1177	198	0
1178	189	0
1179	206	0
1180	178	0
1181	185	0
1182	206	0
1183	202	0
1184	201	0
1185	191	0
1186	201	0
1187	173	0
1188	188	0
1189	235	0
1190	194	0
1191	186	0
1192	193	0
1193	208	0
1194	231	0
1195	179	0
1196	212	0
1197	182	0
1198	220	0
1199	198	0
1200	204	0
1201	168	0
1202	208	0
1203	189	0
1204	186	0
1205	199	0
1206	197	0
1207	211	0
1208	207	0
1209	201	0
1210	177	0
1211	206	0
1212	208	0
1213	208	0
1214	214	0
1215	212	0
1216	193	0
1217	205	0
1218	194	0
1219	199	0
1220	206	0
1221	206	0
1222	204	0
1223	185	0
1224	176	0
1225	162	0
1226	234	0
1227	190	0
1228	201	0
1229	202	0
1230	197	0
1231	218	0
1232	195	0
1233	194	0
1234	218	0
1235	199	0
1236	179	0
1237	201	0
1238	205	0
1239	196	0
1240	195	0
1241	203	0
1242	159	0
1243	224	0
1244	208	0
1245	186	0
1246	213	0
1247	218	0
1248	196	0
1249	191	0
1250	182	0
1251	205	0
1252	194	0
1253	198	0
1254	214	0
1255	204	0
1256	187	0
1257	190	0
1258	223	0
1259	207	0
1260	225	0
1261	191	0
1262	179	0
1263	211	0
1264	181	0
1265	192	0
1266	172	0
1267	200	0
1268	186	0
1269	195	0
1270	184	0
1271	219	0
1272	209	0
1273	175	0
1274	177	0
1275	213	0
1276	212	0
1277	179	0
1278	185	0
1279	187	0
1280	213	0
1281	189	0
1282	167	0
1283	185	0
1284	200	0
1285	178	0
1286	186	0
1287	204	0
1288	220	0
1289	197	0
1290	204	0
1291	213	0
1292	208	0
1293	202	0
1294	193	0
1295	191	0
1296	208	0
1297	187	0
1298	191	0
1299	193	0
1300	211	0
1301	186	0
1302	206	0
1303	195	0
1304	218	0
1305	180	0
1306	209	0
1307	179	0
1308	184	0
1309	177	0
1310	195	0
1311	178	0
1312	181	0
1313	188	0
1314	189	0
1315	201	0
1316	196	0
1317	212	0
1318	181	0
1319	186	0
1320	197	0
1321	213	0
1322	210	0
1323	170	0
1324	192	0
1325	197	0
1326	190	0
1327	191	0
1328	204	0
1329	190	0
1330	191	0
1331	203	0
1332	209	0
1333	184	0
1334	199	0
1335	180	0
1336	196	0
1337	184	0
1338	207	0
1339	189	0
1340	184	0
1341	190	0
1342	207	0
1343	193	0
1344	180	0
1345	184	0
1346	208	0
1347	188	0
1348	182	0
1349	191	0
1350	210	0
1351	203	0
1352	194	0
1353	196	0
1354	225	0
1355	204	0
1356	183	0
1357	198	0
1358	192	0
1359	216	0
1360	210	0
1361	178	0
1362	199	0
1363	210	0
1364	228	0
1365	189	0
1366	198	0
1367	198	0
1368	186	0
1369	200	0
1370	187	0
1371	198	0
1372	186	0
1373	203	0
1374	182	0
1375	202	0
1376	191	0
1377	219	0
1378	188	0
1379	185	0
1380	197	0
1381	183	0
1382	197	0
1383	173	0
1384	197	0
1385	230	0
1386	176	0
1387	196	0
1388	200	0
1389	194	0
1390	205	0
1391	170	0
1392	185	0
1393	198	0
1394	173	0
1395	197	0
1396	205	0
1397	169	0
1398	212	0
1399	207	0
1400	178	0
1401	196	0
1402	195	0
1403	202	0
1404	217	0
1405	212	0
1406	194	0
1407	187	0
1408	196	0
1409	219	0
1410	202	0
1411	193	0
1412	224	0
1413	218	0
1414	190	0
1415	199	0
1416	176	0
1417	189	0
1418	200	0
1419	180	0
1420	214	0
1421	191	0
1422	206	0
1423	199	0
1424	193	0
1425	195	0
1426	180	0
1427	204	0
1428	187	0
1429	207	0
1430	175	0
1431	231	0
1432	175	0
1433	193	0
1434	205	0
1435	209	0
1436	197	0
1437	186	0
1438	197	0
1439	169	0
1440	194	0
1441	193	0
1442	183	0
1443	194	0
1444	196	0
1445	198	0
1446	236	0
1447	190	0
1448	207	0
1449	192	0
1450	197	0
1451	195	0
1452	192	0
1453	210	0
1454	179	0
1455	194	0
1456	178	0
1457	198	0
1458	183	0
1459	182	0
1460	201	0
1461	180	0
1462	195	0
1463	207	0
1464	198	0
1465	189	0
1466	162	0
1467	234	0
1468	196	0
1469	197	0
1470	201	0
1471	200	0
1472	222	0
1473	192	0
1474	208	0
1475	194	0
1476	200	0
1477	204	0
1478	221	0
1479	233	0
1480	206	0
1481	215	0
1482	215	0
1483	218	0
1484	205	0
1485	207	0
1486	188	0
1487	189	0
1488	234	0
1489	180	0
1490	200	0
1491	207	0
1492	174	0
1493	199	0
1494	220	0
1495	162	0
1496	185	0
1497	210	0
1498	203	0
1499	207	0
1500	200	0
1501	185	0
1502	198	0
1503	230	0
1504	187	0
1505	176	0
1506	223	0
1507	196	0
1508	190	0
1509	202	0
1510	206	0
1511	206	0
1512	196	0
1513	176	0
1514	201	0
1515	163	0
1516	204	0
1517	205	0
1518	212	0
1519	196	0
1520	196	0
1521	215	0
1522	212	0
1523	213	0
1524	199	0
1525	210	0
1526	225	0
1527	203	0
1528	189	0
1529	183	0
1530	227	0
1531	197	0
1532	209	0
1533	185	0
1534	200	0
1535	225	0
1536	226	0
1537	165	0
1538	198	0
1539	206	0
1540	187	0
1541	222	0
1542	198	0
1543	190	0
1544	203	0
1545	181	0
1546	187	0
1547	183	0
1548	224	0
1549	222	0
1550	186	0
1551	172	0
1552	191	0
1553	189	0
1554	182	0
1555	195	0
1556	166	0
1557	198	0
1558	195	0
1559	170	0
1560	182	0
1561	206	0
1562	207	0
1563	183	0
1564	196	0
1565	203	0
1566	219	0
1567	190	0
1568	194	0
1569	182	0
1570	192	0
1571	203	0
1572	205	0
1573	196	0
1574	192	0
1575	193	0
1576	215	0
1577	165	0
1578	203	0
1579	202	0
1580	183	0
1581	184	0
1582	199	0
1583	198	0
1584	227	0
1585	193	0
1586	215	0
1587	204	0
1588	196	0
1589	212	0
1590	197	0
1591	189	0
1592	233	0
1593	192	0
1594	200	0
1595	169	0
1596	219	0
1597	191	0
1598	201	0
1599	207	0
1600	172	0
1601	186	0
1602	190	0
1603	193	0
1604	216	0
1605	204	0
1606	186	0
1607	192	0
1608	195	0
1609	196	0
1610	193	0
1611	203	0
1612	204	0
1613	188	0
1614	174	0
1615	204	0
1616	195	0
1617	192	0
1618	196	0
1619	186	0
1620	192	0
1621	209	0
1622	194	0
1623	180	0
1624	185	0
1625	220	0
1626	201	0
1627	196	0
1628	201	0
1629	202	0
1630	206	0
1631	189	0
1632	228	0
1633	215	0
1634	191	0
1635	198	0
1636	203	0
1637	204	0
1638	203	0
1639	197	0
1640	206	0
1641	182	0
1642	166	0
1643	236	0
1644	189	0
1645	203	0
1646	203	0
1647	223	0
1648	192	0
1649	198	0
1650	200	0
1651	211	0
1652	200	0
1653	200	0
1654	161	0
1655	199	0
1656	204	0
1657	191	0
1658	207	0
1659	171	0
1660	222	0
1661	216	0
1662	217	0
1663	197	0
1664	206	0
1665	194	0
1666	213	0
1667	232	0
1668	205	0
1669	184	0
1670	193	0
1671	186	0
1672	191	0
1673	185	0
1674	192	0
1675	198	0
1676	180	0
1677	188	0
1678	197	0
1679	185	0
1680	222	0
1681	205	0
1682	170	0
1683	189	0
1684	202	0
1685	201	0
1686	198	0
1687	195	0
1688	194	0
1689	187	0
1690	193	0
1691	211	0
1692	193	0
1693	187	0
1694	210	0
1695	198	0
1696	214	0
1697	183	0
1698	201	0
1699	199	0
1700	227	0
1701	185	0
1702	198	0
1703	193	0
1704	202	0
1705	185	0
1706	190	0
1707	191	0
1708	215	0
1709	198	0
1710	202	0
1711	207	0
1712	199	0
1713	204	0
1714	209	0
1715	200	0
1716	197	0
1717	192	0
1718	206	0
1719	187	0
1720	206	0
1721	210	0
1722	220	0
1723	195	0
1724	219	0
1725	205	0
1726	186	0
1727	217	0
1728	214	0
1729	206	0
1730	187	0
1731	197	0
1732	203	0
1733	190	0
1734	201	0
1735	209	0
1736	223	0
1737	194	0
1738	203	0
1739	201	0
1740	219	0
1741	207	0
1742	212	0
1743	198	0
1744	199	0
1745	220	0
1746	193	0
1747	189	0
1748	190	0
1749	196	0
1750	187	0
1751	191	0
1752	180	0
1753	197	0
1754	187	0
1755	209	0
1756	208	0
1757	184	0
1758	193	0
1759	205	0
1760	203	0
1761	221	0
1762	222	0
1763	183	0
1764	197	0
1765	195	0
1766	171	0
1767	207	0
1768	192	0
1769	197	0
1770	190	0
1771	196	0
1772	214	0
1773	203	0
1774	200	0
1775	179	0
1776	206	0
1777	206	0
1778	208	0
1779	200	0
1780	196	0
1781	164	0
1782	194	0
1783	191	0
1784	216	0
1785	189	0
1786	173	0
1787	188	0
1788	211	0
1789	177	0
1790	234	0
1791	200	0
1792	180	0
1793	201	0
1794	179	0
1795	196	0
1796	191	0
1797	197	0
1798	197	0
1799	194	0
1800	211	0
1801	188	0
1802	225	0
1803	209	0
1804	217	0
1805	183	0
1806	196	0
1807	174	0
1808	202	0
1809	194	0
1810	232	0
1811	202	0
1812	189	0
1813	194	0
1814	223	0
1815	210	0
1816	181	0
1817	221	0
1818	208	0
1819	204	0
1820	202	0
1821	213	0
1822	185	0
1823	198	0
1824	212	0
1825	199	0
1826	204	0
1827	193	0
1828	173	0
1829	229	0
1830	187	0
1831	208	0
1832	200	0
1833	201	0
1834	233	0
1835	205	0
1836	167	0
1837	216	0
1838	175	0
1839	206	0
1840	181	0
1841	167	0
1842	175	0
1843	186	0
1844	197	0
1845	209	0
1846	198	0
1847	187	0
1848	173	0
1849	206	0
1850	198	0
1851	185	0
1852	204	0
1853	206	0
1854	201	0
1855	198	0
1856	185	0
1857	183	0
1858	194	0
1859	213	0
1860	184	0
1861	220	0
1862	168	0
1863	180	0
1864	184	0
1865	225	0
1866	210	0
1867	201	0
1868	191	0
1869	205	0
1870	176	0
1871	170	0
1872	179	0
1873	198	0
1874	220	0
1875	200	0
1876	200	0
1877	186	0
1878	182	0
1879	215	0
1880	171	0
1881	201	0
1882	191	0
1883	220	0
1884	190	0
1885	172	0
1886	200	0
1887	204	0
1888	197	0
1889	207	0
1890	196	0
1891	184	0
1892	224	0
1893	188	0
1894	193	0
1895	202	0
1896	180	0
1897	181	0
1898	206	0
1899	199	0
1900	170	0
1901	199	0
1902	203	0
1903	193	0
1904	191	0
1905	184	0
1906	190	0
1907	229	0
1908	207	0
1909	197	0
1910	216	0
1911	204	0
1912	190	0
1913	179	0
1914	185	0
1915	208	0
1916	172	0
1917	194	0
1918	199	0
1919	176	0
1920	209	0
1921	194	0
1922	201	0
1923	216	0
1924	228	0
1925	190	0
1926	195	0
1927	207	0
1928	219	0
1929	188	0
1930	180	0
1931	202	0
1932	201	0
1933	174	0
1934	200	0
1935	195	0
1936	194	0
1937	191	0
1938	230	0
1939	179	0
1940	205	0
1941	172	0
1942	194	0
1943	188	0
1944	199	0
1945	178	0
1946	199	0
1947	178	0
1948	200	0
1949	195	0
1950	186	0
1951	191	0
1952	187	0
1953	203	0
1954	183	0
1955	204	0
1956	184	0
1957	196	0
1958	173	0
1959	211	0
1960	197	0
1961	189	0
1962	205	0
1963	216	0
1964	182	0
1965	179	0
1966	193	0
1967	198	0
1968	207	0
1969	199	0
1970	202	0
1971	192	0
1972	203	0
1973	198	0
1974	187	0
1975	189	0
1976	191	0
1977	212	0
1978	164	0
1979	198	0
1980	200	0
1981	199	0
1982	185	0
1983	199	0
1984	207	0
1985	200	0
1986	178	0
1987	183	0
1988	205	0
1989	225	0
1990	182	0
1991	222	0
1992	198	0
1993	191	0
1994	211	0
1995	203	0
1996	196	0
1997	197	0
1998	196	0
1999	208	0
2000	198	0
2001	198	0
2002	210	0
2003	177	0
2004	213	0
2005	188	0
2006	185	0
2007	198	0
2008	222	0
2009	178	0
2010	190	0
2011	192	0
2012	184	0
2013	201	0
2014	199	0
2015	199	0
2016	193	0
2017	197	0
2018	193	0
2019	189	0
2020	214	0
2021	185	0
2022	219	0
2023	198	0
2024	207	0
2025	200	0
2026	214	0
2027	165	0
2028	185	0
2029	199	0
2030	192	0
2031	197	0
2032	209	0
2033	200	0
2034	180	0
2035	205	0
2036	206	0
2037	191	0
2038	201	0
2039	213	0
2040	193	0
2041	208	0
2042	207	0
2043	209	0
2044	199	0
2045	200	0
2046	199	0
2047	219	0
2048	210	0
2049	191	0
2050	182	0
2051	193	0
2052	216	0
2053	225	0
2054	177	0
2055	190	0
2056	185	0
2057	200	0
2058	197	0
2059	236	0
2060	178	0
2061	201	0
2062	179	0
2063	204	0
2064	189	0
2065	205	0
2066	188	0
2067	165	0
2068	201	0
2069	173	0
2070	188	0
2071	207	0
2072	191	0
2073	188	0
2074	197	0
2075	192	0
2076	202	0
2077	203	0
2078	200	0
2079	173	0
2080	214	0
2081	174	0
2082	185	0
2083	191	0
2084	214	0
2085	187	0
2086	197	0
2087	180	0
2088	203	0
2089	201	0
2090	185	0
2091	157	0
2092	197	0
2093	202	0
2094	191	0
2095	184	0
2096	216	0
2097	203	0
2098	197	0
2099	205	0
2100	175	0
2101	213	0
2102	201	0
2103	176	0
2104	211	0
2105	178	0
2106	208	0
2107	223	0
2108	188	0
2109	191	0
2110	237	0
2111	184	0
2112	170	0
2113	227	0
2114	203	0
2115	190	0
2116	211	0
2117	192	0
2118	233	0
2119	184	0
2120	236	0
2121	200	0
2122	187	0
2123	203	0
2124	220	0
2125	199	0
2126	210	0
2127	191	0
2128	191	0
2129	207	0
2130	181	0
2131	205	0
2132	215	0
2133	195	0
2134	207	0
2135	200	0
2136	189	0
2137	195	0
2138	207	0
2139	178	0
2140	193	0
2141	171	0
2142	204	0
2143	175	0
2144	195	0
2145	188	0
2146	196	0
2147	166	0
2148	204	0
2149	194	0
2150	194	0
2151	198	0
2152	208	0
2153	214	0
2154	207	0
2155	206	0
2156	176	0
2157	198	0
2158	209	0
2159	159	0
2160	209	0
2161	208	0
2162	188	0
2163	203	0
2164	204	0
2165	226	0
2166	200	0
2167	200	0
2168	181	0
2169	181	0
2170	203	0
2171	192	0
2172	202	0
2173	198	0
2174	188	0
2175	198	0
2176	209	0
2177	177	0
2178	212	0
2179	206	0
2180	208	0
2181	172	0
2182	181	0
2183	187	0
2184	201	0
2185	196	0
2186	208	0
2187	191	0
2188	206	0
2189	187	0
2190	183	0
2191	176	0
2192	189	0
2193	179	0
2194	195	0
2195	210	0
2196	183	0
2197	178	0
2198	186	0
2199	203	0
2200	234	0
2201	226	0
2202	196	0
2203	190	0
2204	190	0
2205	214	0
2206	202	0
2207	213	0
2208	204	0
2209	194	0
2210	220	0
2211	203	0
2212	193	0
2213	211	0
2214	192	0
2215	180	0
2216	192	0
2217	204	0
2218	177	0
2219	204	0
2220	187	0
2221	208	0
2222	182	0
2223	178	0
2224	192	0
2225	215	0
2226	178	0
2227	191	0
2228	191	0
2229	193	0
2230	188	0
2231	172	0
2232	203	0
2233	202	0
2234	199	0
2235	204	0
2236	196	0
2237	213	0
2238	191	0
2239	191	0
2240	175	0
2241	202	0
2242	199	0
2243	171	0
2244	206	0
2245	200	0
2246	211	0
2247	204	0
2248	192	0
2249	197	0
2250	178	0
2251	207	0
2252	207	0
2253	203	0
2254	208	0
2255	193	0
2256	233	0
2257	186	0
2258	182	0
2259	199	0
2260	189	0
2261	172	0
2262	198	0
2263	201	0
2264	204	0
2265	191	0
2266	217	0
2267	204	0
2268	212	0
2269	211	0
2270	179	0
2271	195	0
2272	203	0
2273	214	0
2274	207	0
2275	173	0
2276	201	0
2277	191	0
2278	167	0
2279	203	0
2280	197	0
2281	224	0
2282	168	0
2283	196	0
2284	212	0
2285	193	0
2286	197	0
2287	209	0
2288	203	0
2289	207	0
2290	192	0
2291	183	0
2292	192	0
2293	170	0
2294	231	0
2295	196	0
2296	200	0
2297	190	0
2298	205	0
2299	219	0
2300	218	0
2301	209	0
2302	206	0
2303	205	0
2304	202	0
2305	206	0
2306	193	0
2307	176	0
2308	183	0
2309	192	0
2310	226	0
2311	212	0
2312	180	0
2313	175	0
2314	207	0
2315	196	0
2316	191	0
2317	195	0
2318	208	0
2319	210	0
2320	182	0
2321	203	0
2322	222	0
2323	215	0
2324	186	0
2325	227	0
2326	224	0
2327	177	0
2328	175	0
2329	189	0
2330	186	0
2331	186	0
2332	211	0
2333	190	0
2334	196	0
2335	216	0
2336	201	0
2337	188	0
2338	210	0
2339	206	0
2340	207	0
2341	178	0
2342	194	0
2343	222	0
2344	181	0
2345	207	0
2346	194	0
2347	178	0
2348	198	0
2349	221	0
2350	202	0
2351	191	0
2352	196	0
2353	202	0
2354	222	0
2355	210	0
2356	206	0
2357	187	0
2358	224	0
2359	184	0
2360	184	0
2361	225	0
2362	226	0
2363	192	0
2364	184	0
2365	183	0
2366	230	0
2367	188	0
2368	183	0
2369	178	0
2370	208	0
2371	194	0
2372	217	0
2373	209	0
2374	185	0
2375	197	0
2376	216	0
2377	199	0
2378	188	0
2379	208	0
2380	200	0
2381	202	0
2382	202	0
2383	218	0
2384	179	0
2385	226	0
2386	189	0
2387	191	0
2388	208	0
2389	196	0
2390	190	0
2391	188	0
2392	216	0
2393	189	0
2394	172	0
2395	173	0
2396	174	0
2397	211	0
2398	216	0
2399	196	0
2400	209	0
2401	197	0
2402	178	0
2403	191	0
2404	193	0
2405	176	0
2406	193	0
2407	171	0
2408	176	0
2409	165	0
2410	229	0
2411	178	0
2412	197	0
2413	187	0
2414	210	0
2415	195	0
2416	188	0
2417	199	0
2418	198	0
2419	206	0
2420	198	0
2421	206	0
2422	199	0
2423	196	0
2424	160	0
2425	196	0
2426	194	0
2427	208	0
2428	214	0
2429	179	0
2430	212	0
2431	198	0
2432	184	0
2433	201	0
2434	185	0
2435	199	0
2436	190	0
2437	186	0
2438	195	0
2439	180	0
2440	193	0
2441	181	0
2442	199	0
2443	177	0
2444	195	0
2445	195	0
2446	191	0
2447	180	0
2448	190	0
2449	205	0
2450	203	0
2451	167	0
2452	207	0
2453	214	0
2454	183	0
2455	198	0
2456	168	0
2457	175	0
2458	193	0
2459	201	0
2460	183	0
2461	207	0
2462	172	0
2463	218	0
2464	185	0
2465	163	0
2466	177	0
2467	192	0
2468	194	0
2469	190	0
2470	192	0
2471	184	0
2472	215	0
2473	201	0
2474	219	0
2475	182	0
2476	212	0
2477	200	0
2478	207	0
2479	159	0
2480	185	0
2481	202	0
2482	206	0
2483	195	0
2484	190	0
2485	194	0
2486	199	0
2487	189	0
2488	212	0
2489	197	0
2490	201	0
2491	197	0
2492	195	0
2493	235	0
2494	228	0
2495	213	0
2496	206	0
2497	189	0
2498	203	0
2499	201	0
2500	181	0
2501	199	0
2502	198	0
2503	219	0
2504	199	0
2505	187	0
2506	217	0
2507	197	0
2508	211	0
2509	202	0
2510	228	0
2511	207	0
2512	199	0
2513	186	0
2514	205	0
2515	212	0
2516	183	0
2517	206	0
2518	221	0
2519	216	0
2520	209	0
2521	207	0
2522	196	0
2523	193	0
2524	202	0
2525	194	0
2526	204	0
2527	170	0
2528	196	0
2529	196	0
2530	224	0
2531	182	0
2532	206	0
2533	192	0
2534	221	0
2535	191	0
2536	195	0
2537	199	0
2538	195	0
2539	186	0
2540	194	0
2541	193	0
2542	208	0
2543	208	0
2544	191	0
2545	211	0
2546	195	0
2547	210	0
2548	186	0
2549	181	0
2550	184	0
2551	203	0
2552	194	0
2553	209	0
2554	205	0
2555	224	0
2556	191	0
2557	191	0
2558	173	0
2559	202	0
2560	196	0
2561	185	0
2562	185	0
2563	200	0
2564	164	0
2565	200	0
2566	209	0
2567	177	0
2568	216	0
2569	205	0
2570	202	0
2571	202	0
2572	211	0
2573	184	0
2574	207	0
2575	185	0
2576	212	0
2577	216	0
2578	177	0
2579	193	0
2580	203	0
2581	200	0
2582	196	0
2583	193	0
2584	197	0
2585	196	0
2586	210	0
2587	217	0
2588	198	0
2589	188	0
2590	208	0
2591	185	0
2592	199	0
2593	206	0
2594	195	0
2595	205	0
2596	217	0
2597	193	0
2598	214	0
2599	196	0
2600	180	0
2601	190	0
2602	195	0
2603	196	0
2604	238	0
2605	211	0
2606	191	0
2607	227	0
2608	189	0
2609	200	0
2610	203	0
2611	203	0
2612	206	0
2613	199	0
2614	198	0
2615	217	0
2616	186	0
2617	186	0
2618	206	0
2619	214	0
2620	205	0
2621	175	0
2622	178	0
2623	223	0
2624	191	0
2625	179	0
2626	214	0
2627	211	0
2628	196	0
2629	192	0
2630	199	0
2631	204	0
2632	180	0
2633	180	0
2634	204	0
2635	195	0
2636	218	0
2637	221	0
2638	204	0
2639	198	0
2640	175	0
2641	222	0
2642	200	0
2643	205	0
2644	196	0
2645	201	0
2646	211	0
2647	205	0
2648	215	0
2649	232	0
2650	224	0
2651	205	0
2652	188	0
2653	203	0
2654	192	0
2655	200	0
2656	188	0
2657	198	0
2658	199	0
2659	193	0
2660	193	0
2661	194	0
2662	218	0
2663	181	0
2664	175	0
2665	200	0
2666	197	0
2667	196	0
2668	199	0
2669	186	0
2670	176	0
2671	186	0
2672	199	0
2673	206	0
2674	206	0
2675	197	0
2676	185	0
2677	217	0
2678	174	0
2679	217	0
2680	180	0
2681	185	0
2682	194	0
2683	188	0
2684	183	0
2685	228	0
2686	207	0
2687	205	0
2688	205	0
2689	183	0
2690	223	0
2691	200	0
2692	205	0
2693	202	0
2694	211	0
2695	192	0
2696	199	0
2697	211	0
2698	193	0
2699	196	0
2700	159	0
2701	193	0
2702	207	0
2703	187	0
2704	231	0
2705	223	0
2706	214	0
2707	201	0
2708	193	0
2709	194	0
2710	201	0
2711	200	0
2712	200	0
2713	194	0
2714	217	0
2715	204	0
2716	206	0
2717	192	0
2718	199	0
2719	196	0
2720	185	0
2721	214	0
2722	214	0
2723	195	0
2724	179	0
2725	180	0
2726	179	0
2727	207	0
2728	231	0
2729	215	0
2730	199	0
2731	210	0
2732	188	0
2733	206	0
2734	215	0
2735	201	0
2736	218	0
2737	182	0
2738	198	0
2739	186	0
2740	208	0
2741	211	0
2742	206	0
2743	193	0
2744	213	0
2745	207	0
2746	193	0
2747	199	0
2748	214	0
2749	182	0
2750	201	0
2751	198	0
2752	197	0
2753	202	0
2754	208	0
2755	187	0
2756	212	0
2757	175	0
2758	204	0
2759	184	0
2760	204	0
2761	206	0
2762	200	0
2763	206	0
2764	204	0
2765	182	0
2766	216	0
2767	194	0
2768	184	0
2769	203	0
2770	191	0
2771	194	0
2772	182	0
2773	203	0
2774	203	0
2775	187	0
2776	194	0
2777	213	0
2778	213	0
2779	204	0
2780	195	0
2781	214	0
2782	198	0
2783	170	0
2784	216	0
2785	200	0
2786	188	0
2787	183	0
2788	195	0
2789	188	0
2790	186	0
2791	219	0
2792	165	0
2793	185	0
2794	191	0
2795	227	0
2796	195	0
2797	173	0
2798	202	0
2799	192	0
2800	184	0
2801	194	0
2802	225	0
2803	207	0
2804	213	0
2805	212	0
2806	210	0
2807	195	0
2808	175	0
2809	226	0
2810	188	0
2811	174	0
2812	195	0
2813	202	0
2814	167	0
2815	203	0
2816	189	0
2817	203	0
2818	202	0
2819	192	0
2820	179	0
2821	216	0
2822	195	0
2823	186	0
2824	197	0
2825	205	0
2826	192	0
2827	199	0
2828	182	0
2829	194	0
2830	199	0
2831	216	0
2832	197	0
2833	231	0
2834	217	0
2835	224	0
2836	196	0
2837	200	0
2838	193	0
2839	198	0
2840	184	0
2841	187	0
2842	180	0
2843	198	0
2844	219	0
2845	188	0
2846	163	0
2847	184	0
2848	217	0
2849	218	0
2850	213	0
2851	194	0
2852	194	0
2853	187	0
2854	206	0
2855	193	0
2856	209	0
2857	211	0
2858	203	0
2859	193	0
2860	191	0
2861	222	0
2862	214	0
2863	191	0
2864	179	0
2865	219	0
2866	176	0
2867	188	0
2868	211	0
2869	171	0
2870	204	0
2871	206	0
2872	195	0
2873	203	0
2874	174	0
2875	201	0
2876	215	0
2877	192	0
2878	184	0
2879	187	0
2880	200	0
2881	193	0
2882	209	0
2883	199	0
2884	212	0
2885	216	0
2886	195	0
2887	208	0
2888	197	0
2889	201	0
2890	191	0
2891	172	0
2892	189	0
2893	214	0
2894	188	0
2895	183	0
2896	167	0
2897	209	0
2898	180	0
2899	184	0
2900	181	0
2901	179	0
2902	181	0
2903	193	0
2904	226	0
2905	198	0
2906	200	0
2907	202	0
2908	187	0
2909	194	0
2910	235	0
2911	212	0
2912	202	0
2913	199	0
2914	185	0
2915	200	0
2916	177	0
2917	198	0
2918	192	0
2919	196	0
2920	182	0
2921	193	0
2922	188	0
2923	194	0
2924	207	0
2925	173	0
2926	200	0
2927	195	0
2928	183	0
2929	223	0
2930	170	0
2931	204	0
2932	176	0
2933	217	0
2934	200	0
2935	187	0
2936	213	0
2937	187	0
2938	201	0
2939	204	0
2940	173	0
2941	191	0
2942	211	0
2943	187	0
2944	210	0
2945	188	0
2946	186	0
2947	183	0
2948	215	0
2949	221	0
2950	218	0
2951	211	0
2952	176	0
2953	201	0
2954	190	0
2955	201	0
2956	208	0
2957	194	0
2958	201	0
2959	199	0
2960	189	0
2961	190	0
2962	195	0
2963	171	0
2964	199	0
2965	217	0
2966	209	0
2967	171	0
2968	191	0
2969	175	0
2970	194	0
2971	196	0
2972	185	0
2973	193	0
2974	186	0
2975	183	0
2976	192	0
2977	245	0
2978	185	0
2979	203	0
2980	208	0
2981	191	0
2982	188	0
2983	202	0
2984	187	0
2985	170	0
2986	185	0
2987	215	0
2988	203	0
2989	212	0
2990	185	0
2991	200	0
2992	176	0
2993	197	0
2994	176	0
2995	196	0
2996	197	0
2997	201	0
2998	215	0
2999	212	0
3000	167	0
