1	184	0
2	207	0
3	206	0
4	209	0
5	172	0
6	179	0
7	207	0
8	188	0
9	172	0
10	211	0
11	182	0
12	194	0
13	220	0
14	206	0
15	170	0
16	198	0
17	185	0
18	204	0
19	199	0
20	199	0
21	188	0
22	214	0
23	191	0
24	186	0
25	213	0
26	188	0
27	194	0
28	189	0
29	224	0
30	178	0
31	211	0
32	196	0
33	191	0
34	207	0
35	195	0
36	198	0
37	186	0
38	205	0
39	214	0
40	192	0
41	174	0
42	180	0
43	217	0
44	202	0
45	180	0
46	207	0
47	188	0
48	205	0
49	201	0
50	212	0
51	205	0
52	204	0
53	205	0
54	214	0
55	156	0
56	224	0
57	209	0
58	189	0
59	203	0
60	199	0
61	191	0
62	202	0
63	199	0
64	205	0
65	171	0
66	200	0
67	208	0
68	203	0
69	174	0
70	199	0
71	213	0
72	225	0
73	197	0
74	203	0
75	204	0
76	214	0
77	185	0
78	217	0
79	194	0
80	174	0
81	197	0
82	172	0
83	168	0
84	180	0
85	174	0
86	207	0
87	223	0
88	188	0
89	213	0
90	205	0
91	199	0
92	204	0
93	228	0
94	175	0
95	220	0
96	208	0
97	197	0
98	206	0
99	214	0
100	182	0
101	189	0
102	195	0
103	190	0
104	170	0
105	181	0
106	202	0
107	194	0
108	204	0
109	211	0
110	194	0
111	200	0
112	216	0
113	178	0
114	225	0
115	217	0
116	222	0
117	210	0
118	184	0
119	223	0
120	205	0
121	189	0
122	206	0
123	225	0
124	190	0
125	221	0
126	197	0
127	186	0
128	210	0
129	192	0
130	210	0
131	175	0
132	174	0
133	189	0
134	220	0
135	206	0
136	198	0
137	211	0
138	188	0
139	214	0
140	202	0
141	195	0
142	203	0
143	210	0
144	215	0
145	209	0
146	187	0
147	216	0
148	184	0
149	176	0
150	174	0
151	188	0
152	212	0
153	218	0
154	202	0
155	194	0
156	203	0
157	183	0
158	208	0
159	167	0
160	213	0
161	192	0
162	214	0
163	210	0
164	199	0
165	191	0
166	210	0
167	206	0
168	192	0
169	248	0
170	215	0
171	195	0
172	206	0
173	190	0
174	203	0
175	206	0
176	199	0
177	191	0
178	211	0
179	214	0
180	170	0
181	198	0
182	195	0
183	208	0
184	179	0
185	185	0
186	207	0
187	202	0
188	210	0
189	203	0
190	183	0
191	201	0
192	192	0
193	209	0
194	219	0
195	224	0
196	198	0
197	195	0
198	167	0
199	178	0
200	208	0
201	202	0
202	186	0
203	236	0
204	202	0
205	175	0
206	184	0
207	186	0
208	179	0
209	190	0
210	196	0
211	204	0
212	192	0
213	202	0
214	187	0
215	204	0
216	192	0
217	226	0
218	172	0
219	181	0
220	208	0
221	209	0
222	182	0
223	218	0
224	210	0
225	178	0
226	189	0
227	230	0
228	193	0
229	191	0
230	188	0
231	206	0
232	209	0
233	224	0
234	185	0
235	181	0
236	204	0
237	196	0
238	217	0
239	193	0
240	211	0
241	206	0
242	203	0
243	188	0
244	191	0
245	209	0
246	198	0
247	183	0
248	205	0
249	187	0
250	218	0
251	207	0
252	205	0
253	224	0
254	218	0
255	194	0
256	190	0
257	207	0
258	209	0
259	196	0
260	181	0
261	211	0
262	185	0
263	200	0
264	203	0
265	222	0
266	205	0
267	229	0
268	187	0
269	210	0
270	218	0
271	202	0
272	211	0
273	209	0
274	195	0
275	198	0
276	204	0
277	193	0
278	191	0
279	194	0
280	172	0
281	224	0
282	196	0
283	197	0
284	197	0
285	206	0
286	216	0
287	195	0
288	203	0
289	212	0
290	215	0
291	205	0
292	207	0
293	209	0
294	186	0
295	215	0
296	200	0
297	184	0
298	201	0
299	201	0
300	223	0
301	200	0
302	221	0
303	203	0
304	187	0
305	187	0
306	217	0
307	246	0
308	196	0
309	224	0
310	209	0
311	187	0
312	219	0
313	227	0
314	203	0
315	232	0
316	226	0
317	194	0
318	176	0
319	220	0
320	193	0
321	199	0
322	213	0
323	195	0
324	196	0
325	189	0
326	177	0
327	205	0
328	190	0
329	198	0
330	177	0
331	202	0
332	195	0
333	200	0
334	196	0
335	199	0
336	228	0
337	222	0
338	169	0
339	201	0
340	181	0
341	207	0
342	186	0
343	210	0
344	209	0
345	198	0
346	200	0
347	199	0
348	207	0
349	188	0
350	191	0
351	198	0
352	203	0
353	189	0
354	208	0
355	188	0
356	214	0
357	194	0
358	183	0
359	198	0
360	177	0
361	215	0
362	182	0
363	201	0
364	208	0
365	193	0
366	199	0
367	197	0
368	197	0
369	204	0
370	201	0
371	205	0
372	205	0
373	185	0
374	234	0
375	187	0
376	176	0
377	183	0
378	200	0
379	173	0
380	211	0
381	199	0
382	209	0
383	179	0
384	173	0
385	194	0
386	187	0
387	192	0
388	180	0
389	209	0
390	192	0
391	195	0
392	214	0
393	225	0
394	193	0
395	224	0
396	200	0
397	213	0
398	175	0
399	189	0
400	200	0
401	197	0
402	166	0
403	193	0
404	171	0
405	204	0
406	187	0
407	212	0
408	177	0
409	223	0
410	191	0
411	197	0
412	195	0
413	173	0
414	203	0
415	174	0
416	166	0
417	186	0
418	201	0
419	201	0
420	210	0
421	214	0
422	210	0
423	192	0
424	201	0
425	185	0
426	201	0
427	196	0
428	193	0
429	219	0
430	193	0
431	186	0
432	217	0
433	212	0
434	185	0
435	180	0
436	203	0
437	171	0
438	181	0
439	228	0
440	178	0
441	203	0
442	223	0
443	179	0
444	222	0
445	182	0
446	190	0
447	184	0
448	194	0
449	186	0
450	221	0
451	171	0
452	207	0
453	193	0
454	236	0
455	196	0
456	234	0
457	185	0
458	193	0
459	204	0
460	196	0
461	225	0
462	211	0
463	182	0
464	214	0
465	203	0
466	212	0
467	191	0
468	231	0
469	209	0
470	220	0
471	217	0
472	209	0
473	212	0
474	206	0
475	191	0
476	190	0
477	202	0
478	210	0
479	192	0
480	237	0
481	206	0
482	180	0
483	195	0
484	203	0
485	226	0
486	203	0
487	200	0
488	214	0
489	196	0
490	230	0
491	191	0
492	192	0
493	196	0
494	176	0
495	201	0
496	190	0
497	194	0
498	193	0
499	220	0
500	186	0
501	213	0
502	198	0
503	189	0
504	193	0
505	171	0
506	204	0
507	201	0
508	160	0
509	181	0
510	187	0
511	192	0
512	215	0
513	195	0
514	222	0
515	203	0
516	178	0
517	196	0
518	208	0
519	181	0
520	172	0
521	200	0
522	183	0
523	210	0
524	197	0
525	185	0
526	200	0
527	195	0
528	189	0
529	214	0
530	209	0
531	221	0
532	175	0
533	211	0
534	194	0
535	192	0
536	200	0
537	202	0
538	170	0
539	210	0
540	184	0
541	181	0
542	224	0
543	195	0
544	205	0
545	227	0
546	164	0
547	202	0
548	204	0
549	184	0
550	192	0
551	199	0
552	185	0
553	198	0
554	211	0
555	190	0
556	185	0
557	199	0
558	199	0
559	197	0
560	204	0
561	201	0
562	202	0
563	217	0
564	201	0
565	203	0
566	200	0
567	193	0
568	201	0
569	194	0
570	205	0
571	210	0
572	206	0
573	199	0
574	206	0
575	198	0
576	211	0
577	197	0
578	206	0
579	197	0
580	227	0
581	179	0
582	208	0
583	208	0
584	219	0
585	179	0
586	215	0
587	199	0
588	177	0
589	201	0
590	205	0
591	193	0
592	203	0
593	195	0
594	212	0
595	197	0
596	189	0
597	192	0
598	198	0
599	212	0
600	195	0
601	211	0
602	209	0
603	226	0
604	180	0
605	211	0
606	190	0
607	213	0
608	222	0
609	201	0
610	218	0
611	210	0
612	203	0
613	193	0
614	192	0
615	214	0
616	232	0
617	234	0
618	178	0
619	193	0
620	185	0
621	197	0
622	194	0
623	202	0
624	206	0
625	220	0
626	217	0
627	183	0
628	205	0
629	221	0
630	192	0
631	200	0
632	187	0
633	196	0
634	194	0
635	165	0
636	182	0
637	204	0
638	193	0
639	204	0
640	183	0
641	197	0
642	200	0
643	183	0
644	198	0
645	213	0
646	195	0
647	203	0
648	243	0
649	238	0
650	196	0
651	189	0
652	193	0
653	220	0
654	192	0
655	205	0
656	176	0
657	183	0
658	204	0
659	189	0
660	193	0
661	174	0
662	191	0
663	186	0
664	218	0
665	221	0
666	186	0
667	196	0
668	212	0
669	185	0
670	220	0
671	188	0
672	181	0
673	185	0
674	200	0
675	181	0
676	209	0
677	200	0
678	222	0
679	207	0
680	196	0
681	191	0
682	222	0
683	181	0
684	185	0
685	223	0
686	201	0
687	191	0
688	197	0
689	183	0
690	210	0
691	181	0
692	202	0
693	186	0
694	194	0
695	176	0
696	174	0
697	185	0
698	212	0
699	187	0
700	168	0
701	206	0
702	191	0
703	216	0
704	210	0
705	183	0
706	194	0
707	182	0
708	170	0
709	183	0
710	176	0
711	205	0
712	192	0
713	199	0
714	214	0
715	206	0
716	220	0
717	223	0
718	216	0
719	192	0
720	163	0
721	210	0
722	194	0
723	203	0
724	195	0
725	205	0
726	227	0
727	183	0
728	198	0
729	193	0
730	210	0
731	205	0
732	198	0
733	189	0
734	199	0
735	220	0
736	187	0
737	207	0
738	221	0
739	210	0
740	187	0
741	189	0
742	195	0
743	190	0
744	218	0
745	207	0
746	196	0
747	170	0
748	174	0
749	202	0
750	196	0
751	210	0
752	180	0
753	196	0
754	187	0
755	185	0
756	196	0
757	201	0
758	196	0
759	182	0
760	202	0
761	194	0
762	214	0
763	180	0
764	183	0
765	212	0
766	205	0
767	203	0
768	184	0
769	174	0
770	194	0
771	208	0
772	188	0
773	215	0
774	201	0
775	197	0
776	182	0
777	177	0
778	202	0
779	201	0
780	202	0
781	210	0
782	221	0
783	226	0
784	200	0
785	189	0
786	185	0
787	185	0
788	212	0
789	195	0
790	181	0
791	195	0
792	204	0
793	209	0
794	208	0
795	231	0
796	198	0
797	221	0
798	201	0
799	174	0
800	179	0
801	218	0
802	182	0
803	184	0
804	190	0
805	199	0
806	194	0
807	196	0
808	200	0
809	236	0
810	200	0
811	200	0
812	205	0
813	201	0
814	222	0
815	189	0
816	186	0
817	194	0
818	191	0
819	186	0
820	218	0
821	203	0
822	183	0
823	223	0
824	210	0
825	213	0
826	225	0
827	192	0
828	193	0
829	174	0
830	215	0
831	203	0
832	209	0
833	195	0
834	198	0
835	179	0
836	190	0
837	176	0
838	195	0
839	190	0
840	183	0
841	189	0
842	211	0
843	183	0
844	204	0
845	201	0
846	212	0
847	196	0
848	200	0
849	183	0
850	189	0
851	219	0
852	208	0
853	225	0
854	198	0
855	199	0
856	187	0
857	195	0
858	191	0
859	210	0
860	193	0
861	195	0
862	192	0
863	181	0
864	171	0
865	214	0
866	195	0
867	204	0
868	208	0
869	183	0
870	189	0
871	209	0
872	212	0
873	214	0
874	211	0
875	200	0
876	189	0
877	183	0
878	207	0
879	220	0
880	187	0
881	229	0
882	213	0
883	200	0
884	198	0
885	203	0
886	190	0
887	212	0
888	202	0
889	191	0
890	208	0
891	181	0
892	181	0
893	188	0
894	203	0
895	194	0
896	215	0
897	182	0
898	201	0
899	180	0
900	189	0
901	210	0
902	181	0
903	222	0
904	208	0
905	192	0
906	201	0
907	183	0
908	235	0
909	202	0
910	178	0
911	186	0
912	206	0
913	215	0
914	196	0
915	230	0
916	192	0
917	222	0
918	190	0
919	221	0
920	194	0
921	199	0
922	199	0
923	204	0
924	191	0
925	207	0
926	200	0
927	214	0
928	187	0
929	178	0
930	199	0
931	186	0
932	191	0
933	194	0
934	192	0
935	200	0
936	222	0
937	190	0
938	209	0
939	200	0
940	213	0
941	203	0
942	214	0
943	179	0
944	202	0
945	207	0
946	192	0
947	233	0
948	211	0
949	223	0
950	215	0
951	211	0
952	184	0
953	200	0
954	191	0
955	209	0
956	212	0
957	183	0
958	187	0
959	200	0
960	191	0
961	192	0
962	199	0
963	189	0
964	202	0
965	206	0
966	192	0
967	202	0
968	215	0
969	186	0
970	173	0
971	196	0
972	211	0
973	218	0
974	189	0
975	196	0
976	196	0
977	179	0
978	221	0
979	204	0
980	205	0
981	221	0
982	200	0
983	192	0
984	204	0
985	210	0
986	217	0
987	199	0
988	173	0
989	186	0
990	195	0
991	204	0
992	195	0
993	195	0
994	205	0
995	178	0
996	210	0
997	183	0
998	195	0
999	174	0
1000	200	0
1001	169	0
1002	212	0
1003	220	0
1004	191	0
1005	185	0
1006	203	0
1007	209	0
1008	168	0
1009	188	0
1010	212	0
1011	202	0
1012	201	0
1013	194	0
1014	193	0
1015	180	0
1016	214	0
1017	206	0
1018	168	0
1019	203	0
1020	184	0
1021	222	0
1022	196	0
1023	200	0
1024	214	0
1025	210	0
1026	191	0
1027	198	0
1028	207	0
1029	186	0
1030	227	0
1031	223	0
1032	183	0
1033	185	0
1034	188	0
1035	212	0
1036	184	0
1037	200	0
1038	164	0
1039	176	0
1040	208	0
1041	201	0
1042	185	0
1043	206	0
1044	186	0
1045	206	0
1046	213	0
1047	178	0
1048	206	0
1049	208	0
1050	208	0
1051	219	0
1052	200	0
1053	176	0
1054	203	0
1055	192	0
1056	202	0
1057	200	0
1058	182	0
1059	201	0
1060	183	0
1061	189	0
1062	224	0
1063	232	0
1064	199	0
1065	209	0
1066	211	0
1067	216	0
1068	176	0
1069	185	0
1070	184	0
1071	209	0
1072	192	0
1073	194	0
1074	195	0
1075	201	0
1076	198	0
1077	210	0
1078	202	0
1079	237	0
1080	184	0
1081	210	0
1082	196	0
1083	209	0
1084	224	0
1085	196	0
1086	196	0
1087	168	0
1088	201	0
1089	193	0
1090	211	0
1091	181	0
1092	215	0
1093	219	0
1094	216	0
1095	207	0
1096	205	0
1097	180	0
1098	207	0
1099	193	0
1100	196	0
1101	176	0
1102	204	0
1103	206	0
1104	185	0
1105	176	0
1106	226	0
1107	202	0
1108	211	0
1109	195	0
1110	195	0
1111	198	0
1112	161	0
1113	193	0
1114	207	0
1115	220	0
1116	200	0
1117	208	0
1118	189	0
1119	226	0
1120	196	0
1121	202	0
1122	212	0
1123	221	0
1124	182	0
1125	217	0
1126	185	0
1127	199	0
1128	241	0
1129	216	0
1130	185	0
1131	215	0
1132	192	0
1133	184	0
1134	186	0
1135	167	0
1136	196	0
1137	185	0
1138	189	0
1139	182	0
1140	181	0
1141	192	0
1142	234	0
1143	198	0
1144	200	0
1145	230	0
1146	206	0
1147	179	0
1148	208	0
1149	211	0
1150	199	0
1151	202	0
1152	197	0
1153	209	0
1154	218	0
1155	189	0
1156	179	0
1157	221	0
1158	238	0
1159	201	0
1160	195	0
1161	183	0
1162	218	0
1163	197	0
1164	179	0
1165	209	0
1166	195	0
1167	235	0
1168	165	0
1169	202	0
1170	204	0
1171	198	0
1172	221	0
1173	195	0
1174	210	0
1175	206	0
1176	176	0
1177	186	0
1178	216	0
1179	202	0
1180	179	0
1181	194	0
1182	207	0
1183	192	0
1184	216	0
1185	164	0
1186	187	0
1187	202	0
1188	183	0
1189	203	0
1190	221	0
1191	220	0
1192	207	0
1193	203	0
1194	200	0
1195	211	0
1196	188	0
1197	216	0
1198	179	0
1199	231	0
1200	178	0
1201	205	0
1202	201	0
1203	193	0
1204	205	0
1205	191	0
1206	179	0
1207	205	0
1208	200	0
1209	174	0
1210	196	0
1211	196	0
1212	213	0
1213	187	0
1214	196	0
1215	182	0
1216	197	0
1217	210	0
1218	202	0
1219	191	0
1220	186	0
1221	186	0
1222	197	0
1223	213	0
1224	178	0
1225	191	0
1226	192	0
1227	195	0
1228	192	0
1229	215	0
1230	209	0
1231	193	0
1232	197	0
1233	209	0
1234	191	0
1235	181	0
1236	190	0
1237	229	0
1238	206	0
1239	205	0
1240	217	0
1241	180	0
1242	225	0
1243	201	0
1244	182	0
1245	208	0
1246	204	0
1247	173	0
1248	219	0
1249	191	0
1250	211	0
1251	207	0
1252	224	0
1253	209	0
1254	202	0
1255	211	0
1256	196	0
1257	198	0
1258	184	0
1259	211	0
1260	197	0
1261	200	0
1262	224	0
1263	240	0
1264	200	0
1265	176	0
1266	222	0
1267	226	0
1268	200	0
1269	218	0
1270	208	0
1271	194	0
1272	212	0
1273	205	0
1274	199	0
1275	217	0
1276	189	0
1277	208	0
1278	204	0
1279	201	0
1280	199	0
1281	203	0
1282	226	0
1283	215	0
1284	188	0
1285	207	0
1286	210	0
1287	204	0
1288	174	0
1289	195	0
1290	201	0
1291	200	0
1292	223	0
1293	184	0
1294	200	0
1295	204	0
1296	204	0
1297	191	0
1298	222	0
1299	205	0
1300	202	0
1301	224	0
1302	208	0
1303	182	0
1304	197	0
1305	209	0
1306	194	0
1307	197	0
1308	198	0
1309	204	0
1310	216	0
1311	209	0
1312	200	0
1313	212	0
1314	187	0
1315	197	0
1316	204	0
1317	208	0
1318	184	0
1319	196	0
1320	229	0
1321	208	0
1322	233	0
1323	193	0
1324	190	0
1325	203	0
1326	196	0
1327	209	0
1328	210	0
1329	239	0
1330	190	0
1331	209	0
1332	202	0
1333	213	0
1334	189	0
1335	197	0
1336	183	0
1337	205	0
1338	190	0
1339	225	0
1340	200	0
1341	172	0
1342	205	0
1343	209	0
1344	167	0
1345	221	0
1346	223	0
1347	190	0
1348	216	0
1349	206	0
1350	198	0
1351	213	0
1352	219	0
1353	198	0
1354	225	0
1355	190	0
1356	200	0
1357	187	0
1358	174	0
1359	187	0
1360	213	0
1361	206	0
1362	176	0
1363	188	0
1364	195	0
1365	205	0
1366	183	0
1367	174	0
1368	199	0
1369	194	0
1370	198	0
1371	210	0
1372	189	0
1373	192	0
1374	191	0
1375	193	0
1376	197	0
1377	186	0
1378	193	0
1379	197	0
1380	196	0
1381	198	0
1382	228	0
1383	174	0
1384	219	0
1385	189	0
1386	209	0
1387	198	0
1388	184	0
1389	182	0
1390	190	0
1391	193	0
1392	212	0
1393	213	0
1394	193	0
1395	210	0
1396	209	0
1397	208	0
1398	188	0
1399	228	0
1400	196	0
1401	220	0
1402	204	0
1403	190	0
1404	194	0
1405	176	0
1406	203	0
1407	201	0
1408	211	0
1409	212	0
1410	211	0
1411	197	0
1412	212	0
1413	225	0
1414	168	0
1415	180	0
1416	200	0
1417	183	0
1418	197	0
1419	190	0
1420	199	0
1421	200	0
1422	172	0
1423	192	0
1424	198	0
1425	202	0
1426	195	0
1427	192	0
1428	192	0
1429	226	0
1430	211	0
1431	204	0
1432	191	0
1433	202	0
1434	182	0
1435	185	0
1436	201	0
1437	199	0
1438	180	0
1439	199	0
1440	211	0
1441	209	0
1442	201	0
1443	225	0
1444	190	0
1445	220	0
1446	211	0
1447	188	0
1448	204	0
1449	206	0
1450	193	0
1451	198	0
1452	188	0
1453	174	0
1454	231	0
1455	180	0
1456	233	0
1457	217	0
1458	177	0
1459	219	0
1460	179	0
1461	179	0
1462	218	0
1463	221	0
1464	196	0
1465	219	0
1466	182	0
1467	186	0
1468	185	0
1469	197	0
1470	213	0
1471	192	0
1472	184	0
1473	226	0
1474	196	0
1475	164	0
1476	183	0
1477	184	0
1478	178	0
1479	204	0
1480	184	0
1481	193	0
1482	212	0
1483	197	0
1484	177	0
1485	244	0
1486	212	0
1487	205	0
1488	180	0
1489	192	0
1490	198	0
1491	205	0
1492	183	0
1493	197	0
1494	196	0
1495	189	0
1496	181	0
1497	190	0
1498	182	0
1499	200	0
1500	220	0
1501	183	0
1502	196	0
1503	214	0
1504	190	0
1505	204	0
1506	195	0
1507	189	0
1508	220	0
1509	195	0
1510	232	0
1511	211	0
1512	226	0
1513	195	0
1514	188	0
1515	208	0
1516	185	0
1517	206	0
1518	211	0
1519	201	0
1520	205	0
1521	188	0
1522	203	0
1523	207	0
1524	194	0
1525	178	0
1526	209	0
1527	209	0
1528	228	0
1529	206	0
1530	204	0
1531	199	0
1532	197	0
1533	202	0
1534	190	0
1535	191	0
1536	196	0
1537	211	0
1538	227	0
1539	170	0
1540	195	0
1541	188	0
1542	170	0
1543	195	0
1544	221	0
1545	186	0
1546	198	0
1547	179	0
1548	203	0
1549	199	0
1550	183	0
1551	182	0
1552	235	0
1553	188	0
1554	208	0
1555	186	0
1556	214	0
1557	227	0
1558	171	0
1559	195	0
1560	200	0
1561	201	0
1562	209	0
1563	195	0
1564	199	0
1565	191	0
1566	193	0
1567	183	0
1568	203	0
1569	191	0
1570	210	0
1571	186	0
1572	201	0
1573	203	0
1574	185	0
1575	180	0
1576	195	0
1577	184	0
1578	206	0
1579	207	0
1580	177	0
1581	219	0
1582	213	0
1583	193	0
1584	203	0
1585	205	0
1586	202	0
1587	196	0
1588	192	0
1589	202	0
1590	202	0
1591	182	0
1592	173	0
1593	195	0
1594	187	0
1595	189	0
1596	212	0
1597	190	0
1598	199	0
1599	214	0
1600	208	0
1601	197	0
1602	202	0
1603	183	0
1604	217	0
1605	207	0
1606	174	0
1607	182	0
1608	202	0
1609	175	0
1610	203	0
1611	213	0
1612	212	0
1613	184	0
1614	190	0
1615	217	0
1616	198	0
1617	230	0
1618	199	0
1619	207	0
1620	206	0
1621	191	0
1622	231	0
1623	214	0
1624	195	0
1625	197	0
1626	231	0
1627	211	0
1628	179	0
1629	182	0
1630	172	0
1631	209	0
1632	220	0
1633	186	0
1634	210	0
1635	184	0
1636	199	0
1637	196	0
1638	206	0
1639	184	0
1640	184	0
1641	189	0
1642	205	0
1643	230	0
1644	205	0
1645	222	0
1646	221	0
1647	184	0
1648	194	0
1649	180	0
1650	201	0
1651	231	0
1652	199	0
1653	183	0
1654	183	0
1655	206	0
1656	214	0
1657	177	0
1658	168	0
1659	208	0
1660	185	0
1661	198	0
1662	202	0
1663	184	0
1664	189	0
1665	197	0
1666	187	0
1667	194	0
1668	206	0
1669	226	0
1670	207	0
1671	190	0
1672	225	0
1673	174	0
1674	229	0
1675	197	0
1676	208	0
1677	207	0
1678	185	0
1679	203	0
1680	212	0
1681	188	0
1682	212	0
1683	188	0
1684	199	0
1685	196	0
1686	188	0
1687	192	0
1688	176	0
1689	199	0
1690	231	0
1691	183	0
1692	215	0
1693	175	0
1694	231	0
1695	217	0
1696	203	0
1697	204	0
1698	178	0
1699	223	0
1700	202	0
1701	194	0
1702	231	0
1703	195	0
1704	193	0
1705	208	0
1706	200	0
1707	210	0
1708	199	0
1709	227	0
1710	182	0
1711	194	0
1712	219	0
1713	176	0
1714	196	0
1715	212	0
1716	194	0
1717	212	0
1718	194	0
1719	211	0
1720	217	0
1721	209	0
1722	209	0
1723	190	0
1724	208	0
1725	196	0
1726	173	0
1727	200	0
1728	206	0
1729	183	0
1730	208	0
1731	206	0
1732	186	0
1733	199	0
1734	207	0
1735	208	0
1736	194	0
1737	203	0
1738	199	0
1739	187	0
1740	188	0
1741	233	0
1742	239	0
1743	194	0
1744	191	0
1745	180	0
1746	207	0
1747	207	0
1748	211	0
1749	200	0
1750	188	0
1751	213	0
1752	207	0
1753	197	0
1754	202	0
1755	207	0
1756	218	0
1757	182	0
1758	206	0
1759	223	0
1760	204	0
1761	195	0
1762	177	0
1763	188	0
1764	196	0
1765	194	0
1766	179	0
1767	189	0
1768	205	0
1769	190	0
1770	192	0
1771	215	0
1772	180	0
1773	184	0
1774	189	0
1775	173	0
1776	178	0
1777	187	0
1778	198	0
1779	223	0
1780	188	0
1781	183	0
1782	188	0
1783	222	0
1784	198	0
1785	182	0
1786	183	0
1787	202	0
1788	197	0
1789	178	0
1790	205	0
1791	205	0
1792	191	0
1793	193	0
1794	240	0
1795	203	0
1796	167	0
1797	179	0
1798	217	0
1799	203	0
1800	190	0
1801	201	0
1802	212	0
1803	198	0
1804	206	0
1805	203	0
1806	199	0
1807	203	0
1808	214	0
1809	198	0
1810	183	0
1811	184	0
1812	192	0
1813	188	0
1814	187	0
1815	200	0
1816	171	0
1817	208	0
1818	189	0
1819	188	0
1820	191	0
1821	197	0
1822	221	0
1823	192	0
1824	186	0
1825	215	0
1826	175	0
1827	187	0
1828	195	0
1829	191	0
1830	204	0
1831	180	0
1832	186	0
1833	189	0
1834	225	0
1835	242	0
1836	208	0
1837	199	0
1838	202	0
1839	208	0
1840	202	0
1841	232	0
1842	205	0
1843	204	0
1844	212	0
1845	190	0
1846	183	0
1847	210	0
1848	218	0
1849	184	0
1850	196	0
1851	214	0
1852	221	0
1853	222	0
1854	175	0
1855	204	0
1856	189	0
1857	213	0
1858	189	0
1859	188	0
1860	188	0
1861	185	0
1862	175	0
1863	202	0
1864	224	0
1865	213	0
1866	189	0
1867	226	0
1868	207	0
1869	193	0
1870	208	0
1871	209	0
1872	216	0
1873	182	0
1874	203	0
1875	210	0
1876	183	0
1877	204	0
1878	194	0
1879	197	0
1880	191	0
1881	183	0
1882	193	0
1883	202	0
1884	193	0
1885	234	0
1886	240	0
1887	210	0
1888	218	0
1889	191	0
1890	192	0
1891	200	0
1892	221	0
1893	207	0
1894	168	0
1895	188	0
1896	189	0
1897	196	0
1898	196	0
1899	201	0
1900	187	0
1901	213	0
1902	194	0
1903	182	0
1904	204	0
1905	189	0
1906	217	0
1907	221	0
1908	205	0
1909	199	0
1910	202	0
1911	193	0
1912	188	0
1913	200	0
1914	190	0
1915	196	0
1916	202	0
1917	188	0
1918	204	0
1919	203	0
1920	190	0
1921	185	0
1922	193	0
1923	195	0
1924	190	0
1925	228	0
1926	190	0
1927	174	0
1928	207	0
1929	197	0
1930	210	0
1931	205	0
1932	220	0
1933	221	0
1934	177	0
1935	190	0
1936	189	0
1937	189	0
1938	218	0
1939	201	0
1940	203	0
1941	217	0
1942	183	0
1943	195	0
1944	199	0
1945	209	0
1946	210	0
1947	221	0
1948	200	0
1949	194	0
1950	193	0
1951	193	0
1952	213	0
1953	187	0
1954	192	0
1955	200	0
1956	192	0
1957	198	0
1958	219	0
1959	197	0
1960	207	0
1961	199	0
1962	248	0
1963	201	0
1964	209	0
1965	188	0
1966	162	0
1967	209	0
1968	196	0
1969	209	0
1970	183	0
1971	188	0
1972	163	0
1973	210	0
1974	223	0
1975	207	0
1976	199	0
1977	186	0
1978	185	0
1979	214	0
1980	199	0
1981	195	0
1982	199	0
1983	190	0
1984	202	0
1985	226	0
1986	229	0
1987	200	0
1988	190	0
1989	200	0
1990	232	0
1991	188	0
1992	208	0
1993	200	0
1994	194	0
1995	198	0
1996	183	0
1997	207	0
1998	220	0
1999	172	0
2000	198	0
2001	198	0
2002	199	0
2003	184	0
2004	198	0
2005	212	0
2006	194	0
2007	198	0
2008	175	0
2009	192	0
2010	212	0
2011	206	0
2012	192	0
2013	183	0
2014	202	0
2015	216	0
2016	191	0
2017	193	0
2018	201	0
2019	198	0
2020	204	0
2021	186	0
2022	186	0
2023	216	0
2024	172	0
2025	228	0
2026	191	0
2027	226	0
2028	196	0
2029	201	0
2030	191	0
2031	169	0
2032	209	0
2033	192	0
2034	196	0
2035	204	0
2036	173	0
2037	202	0
2038	185	0
2039	190	0
2040	189	0
2041	216	0
2042	209	0
2043	204	0
2044	187	0
2045	204	0
2046	205	0
2047	214	0
2048	210	0
2049	209	0
2050	187	0
2051	204	0
2052	167	0
2053	209	0
2054	210	0
2055	217	0
2056	192	0
2057	203	0
2058	206	0
2059	212	0
2060	215	0
2061	183	0
2062	186	0
2063	203	0
2064	211	0
2065	198	0
2066	201	0
2067	197	0
2068	194	0
2069	225	0
2070	207	0
2071	192	0
2072	194	0
2073	203	0
2074	189	0
2075	227	0
2076	201	0
2077	208	0
2078	184	0
2079	197	0
2080	199	0
2081	214	0
2082	201	0
2083	212	0
2084	220	0
2085	191	0
2086	188	0
2087	189	0
2088	201	0
2089	193	0
2090	212	0
2091	196	0
2092	208	0
2093	188	0
2094	199	0
2095	190	0
2096	211	0
2097	187	0
2098	203	0
2099	172	0
2100	237	0
2101	179	0
2102	212	0
2103	208	0
2104	215	0
2105	197	0
2106	220	0
2107	168	0
2108	230	0
2109	195	0
2110	222	0
2111	203	0
2112	190	0
2113	200	0
2114	193	0
2115	210	0
2116	192	0
2117	196	0
2118	199	0
2119	184	0
2120	176	0
2121	212	0
2122	200	0
2123	195	0
2124	182	0
2125	219	0
2126	180	0
2127	203	0
2128	198	0
2129	203	0
2130	162	0
2131	195	0
2132	191	0
2133	173	0
2134	195	0
2135	216	0
2136	206	0
2137	181	0
2138	179	0
2139	181	0
2140	190	0
2141	192	0
2142	176	0
2143	198	0
2144	192	0
2145	224	0
2146	219	0
2147	210	0
2148	203	0
2149	194	0
2150	193	0
2151	210	0
2152	186	0
2153	208	0
2154	213	0
2155	177	0
2156	229	0
2157	214	0
2158	197	0
2159	205	0
2160	187	0
2161	192	0
2162	209	0
2163	203	0
2164	190	0
2165	198	0
2166	222	0
2167	192	0
2168	191	0
2169	182	0
2170	185	0
2171	215	0
2172	187	0
2173	187	0
2174	200	0
2175	195	0
2176	198	0
2177	202	0
2178	216	0
2179	214	0
2180	211	0
2181	194	0
2182	226	0
2183	190	0
2184	198	0
2185	190	0
2186	217	0
2187	207	0
2188	210	0
2189	189	0
2190	194	0
2191	202	0
2192	211	0
2193	222	0
2194	219	0
2195	188	0
2196	209	0
2197	192	0
2198	214	0
2199	199	0
2200	214	0
2201	191	0
2202	216	0
2203	217	0
2204	178	0
2205	181	0
2206	205	0
2207	186	0
2208	201	0
2209	186	0
2210	216	0
2211	220	0
2212	190	0
2213	186	0
2214	180	0
2215	200	0
2216	196	0
2217	208	0
2218	198	0
2219	208	0
2220	195	0
2221	228	0
2222	206	0
2223	207	0
2224	200	0
2225	230	0
2226	200	0
2227	186	0
2228	170	0
2229	175	0
2230	200	0
2231	185	0
2232	204	0
2233	207	0
2234	202	0
2235	209	0
2236	188	0
2237	191	0
2238	189	0
2239	204	0
2240	179	0
2241	194	0
2242	188	0
2243	213	0
2244	226	0
2245	205	0
2246	201	0
2247	223	0
2248	191	0
2249	194	0
2250	219	0
2251	195	0
2252	211	0
2253	218	0
2254	218	0
2255	185	0
2256	182	0
2257	221	0
2258	193	0
2259	202	0
2260	183	0
2261	216	0
2262	197	0
2263	219	0
2264	226	0
2265	174	0
2266	205	0
2267	164	0
2268	189	0
2269	202	0
2270	209	0
2271	203	0
2272	194	0
2273	200	0
2274	224	0
2275	214	0
2276	202	0
2277	210	0
2278	180	0
2279	169	0
2280	199	0
2281	226	0
2282	206	0
2283	204	0
2284	193	0
2285	185	0
2286	192	0
2287	205	0
2288	203	0
2289	222	0
2290	175	0
2291	194	0
2292	194	0
2293	190	0
2294	203	0
2295	201	0
2296	199	0
2297	205	0
2298	208	0
2299	202	0
2300	175	0
2301	187	0
2302	199	0
2303	169	0
2304	218	0
2305	199	0
2306	206	0
2307	195	0
2308	205	0
2309	210	0
2310	187	0
2311	181	0
2312	201	0
2313	203	0
2314	205	0
2315	219	0
2316	206	0
2317	191	0
2318	216	0
2319	197	0
2320	175	0
2321	216	0
2322	208	0
2323	178	0
2324	186	0
2325	188	0
2326	190	0
2327	207	0
2328	205	0
2329	178	0
2330	193	0
2331	208	0
2332	214	0
2333	207	0
2334	178	0
2335	186	0
2336	218	0
2337	209	0
2338	226	0
2339	213	0
2340	175	0
2341	224	0
2342	205	0
2343	214	0
2344	196	0
2345	198	0
2346	194	0
2347	189	0
2348	225	0
2349	206	0
2350	208	0
2351	208	0
2352	211	0
2353	182	0
2354	206	0
2355	221	0
2356	200	0
2357	189	0
2358	172	0
2359	213	0
2360	216	0
2361	214	0
2362	220	0
2363	175	0
2364	174	0
2365	177	0
2366	213	0
2367	195	0
2368	197	0
2369	196	0
2370	223	0
2371	187	0
2372	170	0
2373	203	0
2374	177	0
2375	189	0
2376	191	0
2377	168	0
2378	224	0
2379	205	0
2380	177	0
2381	178	0
2382	177	0
2383	196	0
2384	211	0
2385	209	0
2386	186	0
2387	206	0
2388	212	0
2389	194	0
2390	190	0
2391	179	0
2392	203	0
2393	203	0
2394	205	0
2395	181	0
2396	184	0
2397	173	0
2398	221	0
2399	196	0
2400	209	0
2401	182	0
2402	185	0
2403	215	0
2404	185	0
2405	210	0
2406	193	0
2407	183	0
2408	197	0
2409	170	0
2410	210	0
2411	188	0
2412	228	0
2413	185	0
2414	218	0
2415	196	0
2416	223	0
2417	197	0
2418	181	0
2419	187	0
2420	188	0
2421	203	0
2422	187	0
2423	194	0
2424	205	0
2425	202	0
2426	203	0
2427	200	0
2428	217	0
2429	200	0
2430	215	0
2431	228	0
2432	197	0
2433	193	0
2434	186	0
2435	231	0
2436	211	0
2437	174	0
2438	196	0
2439	199	0
2440	201	0
2441	177	0
2442	191	0
2443	179	0
2444	218	0
2445	206	0
2446	186	0
2447	207	0
2448	199	0
2449	190	0
2450	190	0
2451	190	0
2452	189	0
2453	208	0
2454	191	0
2455	165	0
2456	220	0
2457	204	0
2458	211	0
2459	199	0
2460	197	0
2461	190	0
2462	197	0
2463	182	0
2464	194	0
2465	192	0
2466	217	0
2467	209	0
2468	195	0
2469	182	0
2470	185	0
2471	199	0
2472	199	0
2473	174	0
2474	185	0
2475	218	0
2476	201	0
2477	191	0
2478	193	0
2479	218	0
2480	189	0
2481	190	0
2482	186	0
2483	216	0
2484	178	0
2485	218	0
2486	225	0
2487	210	0
2488	183	0
2489	167	0
2490	203	0
2491	199	0
2492	207	0
2493	206	0
2494	196	0
2495	204	0
2496	212	0
2497	219	0
2498	208	0
2499	182	0
2500	214	0
2501	197	0
2502	247	0
2503	232	0
2504	205	0
2505	209	0
2506	195	0
2507	182	0
2508	206	0
2509	226	0
2510	199	0
2511	191	0
2512	210	0
2513	186	0
2514	189	0
2515	193	0
2516	187	0
2517	229	0
2518	227	0
2519	200	0
2520	199	0
2521	169	0
2522	211	0
2523	221	0
2524	206	0
2525	211	0
2526	178	0
2527	185	0
2528	204	0
2529	201	0
2530	231	0
2531	217	0
2532	208	0
2533	202	0
2534	196	0
2535	194	0
2536	219	0
2537	186	0
2538	193	0
2539	191	0
2540	195	0
2541	222	0
2542	193	0
2543	206	0
2544	197	0
2545	200	0
2546	214	0
2547	186	0
2548	189	0
2549	170	0
2550	231	0
2551	213	0
2552	186	0
2553	211	0
2554	187	0
2555	208	0
2556	204	0
2557	195	0
2558	216	0
2559	188	0
2560	185	0
2561	199	0
2562	187	0
2563	189	0
2564	196	0
2565	179	0
2566	195	0
2567	187	0
2568	192	0
2569	223	0
2570	205	0
2571	198	0
2572	213	0
2573	206	0
2574	225	0
2575	186	0
2576	186	0
2577	220	0
2578	202	0
2579	212	0
2580	192	0
2581	177	0
2582	192	0
2583	201	0
2584	203	0
2585	206	0
2586	185	0
2587	198	0
2588	200	0
2589	201	0
2590	195	0
2591	226	0
2592	183	0
2593	169	0
2594	216	0
2595	221	0
2596	179	0
2597	190	0
2598	178	0
2599	201	0
2600	214	0
2601	211	0
2602	192	0
2603	199	0
2604	210	0
2605	215	0
2606	177	0
2607	218	0
2608	198	0
2609	195	0
2610	210	0
2611	200	0
2612	207	0
2613	177	0
2614	181	0
2615	194	0
2616	205	0
2617	192	0
2618	210	0
2619	206	0
2620	209	0
2621	233	0
2622	196	0
2623	222	0
2624	220	0
2625	209	0
2626	191	0
2627	193	0
2628	172	0
2629	176	0
2630	207	0
2631	182	0
2632	199	0
2633	197	0
2634	215	0
2635	171	0
2636	221	0
2637	229	0
2638	160	0
2639	197	0
2640	197	0
2641	220	0
2642	205	0
2643	230	0
2644	194	0
2645	202	0
2646	202	0
2647	195	0
2648	216	0
2649	197	0
2650	188	0
2651	175	0
2652	179	0
2653	208	0
2654	200	0
2655	169	0
2656	194	0
2657	201	0
2658	184	0
2659	204	0
2660	193	0
2661	193	0
2662	196	0
2663	189	0
2664	185	0
2665	174	0
2666	209	0
2667	193	0
2668	215	0
2669	187	0
2670	200	0
2671	217	0
2672	184	0
2673	173	0
2674	206	0
2675	222	0
2676	200	0
2677	185	0
2678	188	0
2679	197	0
2680	199	0
2681	200	0
2682	202	0
2683	198	0
2684	177	0
2685	199	0
2686	198	0
2687	210	0
2688	204	0
2689	159	0
2690	184	0
2691	201	0
2692	221	0
2693	230	0
2694	201	0
2695	189	0
2696	215	0
2697	194	0
2698	216	0
2699	198	0
2700	183	0
2701	202	0
2702	197	0
2703	211	0
2704	210	0
2705	194	0
2706	199	0
2707	212	0
2708	177	0
2709	226	0
2710	180	0
2711	218	0
2712	189	0
2713	197	0
2714	191	0
2715	202	0
2716	232	0
2717	176	0
2718	192	0
2719	208	0
2720	190	0
2721	189	0
2722	221	0
2723	203	0
2724	226	0
2725	193	0
2726	204	0
2727	168	0
2728	196	0
2729	192	0
2730	195	0
2731	201	0
2732	205	0
2733	171	0
2734	211	0
2735	235	0
2736	225	0
2737	223	0
2738	188	0
2739	198	0
2740	173	0
2741	189	0
2742	202	0
2743	195	0
2744	199	0
2745	211	0
2746	170	0
2747	178	0
2748	191	0
2749	213	0
2750	197	0
2751	203	0
2752	205	0
2753	192	0
2754	226	0
2755	227	0
2756	192	0
2757	198	0
2758	223	0
2759	219	0
2760	189	0
2761	236	0
2762	200	0
2763	205	0
2764	212	0
2765	191	0
2766	198	0
2767	208	0
2768	206	0
2769	190	0
2770	186	0
2771	209	0
2772	202	0
2773	226	0
2774	202	0
2775	202	0
2776	197	0
2777	221	0
2778	198	0
2779	219	0
2780	188	0
2781	199	0
2782	185	0
2783	200	0
2784	225	0
2785	182	0
2786	206	0
2787	203	0
2788	179	0
2789	207	0
2790	215	0
2791	193	0
2792	154	0
2793	197	0
2794	186	0
2795	235	0
2796	202	0
2797	193	0
2798	197	0
2799	194	0
2800	222	0
2801	200	0
2802	198	0
2803	219	0
2804	189	0
2805	199	0
2806	196	0
2807	179	0
2808	210	0
2809	200	0
2810	201	0
2811	197	0
2812	191	0
2813	201	0
2814	207	0
2815	163	0
2816	205	0
2817	182	0
2818	190	0
2819	182	0
2820	198	0
2821	196	0
2822	189	0
2823	195	0
2824	191	0
2825	222	0
2826	230	0
2827	175	0
2828	196	0
2829	214	0
2830	193	0
2831	171	0
2832	204	0
2833	208	0
2834	227	0
2835	206	0
2836	178	0
2837	195	0
2838	199	0
2839	211	0
2840	242	0
2841	222	0
2842	197	0
2843	188	0
2844	210	0
2845	198	0
2846	194	0
2847	177	0
2848	189	0
2849	205	0
2850	200	0
2851	206	0
2852	171	0
2853	191	0
2854	209	0
2855	211	0
2856	198	0
2857	199	0
2858	206	0
2859	198	0
2860	205	0
2861	197	0
2862	164	0
2863	213	0
2864	197	0
2865	181	0
2866	201	0
2867	204	0
2868	208	0
2869	211	0
2870	207	0
2871	163	0
2872	202	0
2873	194	0
2874	207	0
2875	206	0
2876	184	0
2877	214	0
2878	191	0
2879	193	0
2880	207	0
2881	167	0
2882	201	0
2883	205	0
2884	207	0
2885	209	0
2886	181	0
2887	211	0
2888	184	0
2889	199	0
2890	215	0
2891	222	0
2892	187	0
2893	206	0
2894	182	0
2895	193	0
2896	176	0
2897	216	0
2898	212	0
2899	180	0
2900	208	0
2901	209	0
2902	208	0
2903	205	0
2904	208	0
2905	206	0
2906	186	0
2907	209	0
2908	183	0
2909	194	0
2910	184	0
2911	218	0
2912	225	0
2913	215	0
2914	191	0
2915	175	0
2916	198	0
2917	187	0
2918	208	0
2919	194	0
2920	231	0
2921	192	0
2922	205	0
2923	222	0
2924	208	0
2925	220	0
2926	212	0
2927	205	0
2928	201	0
2929	193	0
2930	206	0
2931	200	0
2932	220	0
2933	188	0
2934	183	0
2935	199	0
2936	208	0
2937	223	0
2938	168	0
2939	177	0
2940	213	0
2941	202	0
2942	235	0
2943	205	0
2944	186	0
2945	185	0
2946	200	0
2947	191	0
2948	193	0
2949	195	0
2950	215	0
2951	202	0
2952	206	0
2953	215	0
2954	190	0
2955	207	0
2956	182	0
2957	198	0
2958	192	0
2959	195	0
2960	212	0
2961	216	0
2962	205	0
2963	222	0
2964	204	0
2965	212	0
2966	202	0
2967	198	0
2968	199	0
2969	224	0
2970	161	0
2971	186	0
2972	198	0
2973	215	0
2974	182	0
2975	205	0
2976	197	0
2977	191	0
2978	222	0
2979	194	0
2980	202	0
2981	220	0
2982	205	0
2983	239	0
2984	189	0
2985	178	0
2986	203	0
2987	209	0
2988	194	0
2989	174	0
2990	203	0
2991	204	0
2992	218	0
2993	170	0
2994	218	0
2995	177	0
2996	199	0
2997	191	0
2998	184	0
2999	189	0
3000	233	0
