1	195	0
2	200	0
3	186	0
4	207	0
5	203	0
6	191	0
7	207	0
8	209	0
9	214	0
10	211	0
11	197	0
12	178	0
13	188	0
14	202	0
15	191	0
16	215	0
17	180	0
18	173	0
19	196	0
20	197	0
21	195	0
22	179	0
23	165	0
24	193	0
25	190	0
26	179	0
27	231	0
28	209	0
29	196	0
30	206	0
31	193	0
32	189	0
33	185	0
34	211	0
35	184	0
36	219	0
37	204	0
38	187	0
39	226	0
40	188	0
41	172	0
42	196	0
43	204	0
44	224	0
45	208	0
46	212	0
47	185	0
48	209	0
49	173	0
50	210	0
51	196	0
52	197	0
53	216	0
54	198	0
55	217	0
56	210	0
57	196	0
58	205	0
59	223	0
60	225	0
61	178	0
62	223	0
63	160	0
64	208	0
65	191	0
66	195	0
67	208	0
68	205	0
69	191	0
70	214	0
71	209	0
72	194	0
73	204	0
74	185	0
75	213	0
76	182	0
77	197	0
78	202	0
79	200	0
80	197	0
81	186	0
82	199	0
83	228	0
84	196	0
85	203	0
86	189	0
87	196	0
88	219	0
89	194	0
90	228	0
91	224	0
92	184	0
93	221	0
94	192	0
95	195	0
96	181	0
97	186	0
98	207	0
99	214	0
100	177	0
101	205	0
102	227	0
103	203	0
104	196	0
105	217	0
106	199	0
107	204	0
108	174	0
109	198	0
110	209	0
111	190	0
112	198	0
113	207	0
114	176	0
115	186	0
116	214	0
117	192	0
118	210	0
119	213	0
120	174	0
121	192	0
122	193	0
123	191	0
124	193	0
125	219	0
126	195	0
127	214	0
128	208	0
129	197	0
130	218	0
131	201	0
132	168	0
133	199	0
134	197	0
135	189	0
136	191	0
137	195	0
138	197	0
139	208	0
140	209	0
141	181	0
142	200	0
143	216	0
144	196	0
145	194	0
146	201	0
147	195	0
148	191	0
149	219	0
150	206	0
151	213	0
152	179	0
153	186	0
154	196	0
155	184	0
156	193	0
157	196	0
158	224	0
159	204	0
160	190	0
161	218	0
162	206	0
163	211	0
164	195	0
165	190	0
166	183	0
167	217	0
168	191	0
169	190	0
170	209	0
171	195	0
172	193	0
173	185	0
174	193	0
175	205	0
176	199	0
177	200	0
178	193	0
179	170	0
180	223	0
181	193	0
182	192	0
183	195	0
184	195	0
185	194	0
186	187	0
187	193	0
188	201	0
189	182	0
190	208	0
191	189	0
192	201	0
193	187	0
194	214	0
195	199	0
196	163	0
197	197	0
198	205	0
199	178	0
200	187	0
201	181	0
202	181	0
203	181	0
204	175	0
205	222	0
206	193	0
207	191	0
208	199	0
209	198	0
210	181	0
211	203	0
212	171	0
213	173	0
214	214	0
215	186	0
216	194	0
217	194	0
218	190	0
219	227	0
220	233	0
221	199	0
222	194	0
223	188	0
224	203	0
225	194	0
226	201	0
227	212	0
228	196	0
229	196	0
230	197	0
231	184	0
232	241	0
233	218	0
234	214	0
235	173	0
236	199	0
237	216	0
238	219	0
239	198	0
240	198	0
241	209	0
242	207	0
243	171	0
244	184	0
245	184	0
246	215	0
247	189	0
248	209	0
249	215	0
250	186	0
251	199	0
252	183	0
253	205	0
254	172	0
255	210	0
256	205	0
257	196	0
258	189	0
259	176	0
260	166	0
261	200	0
262	193	0
263	206	0
264	224	0
265	195	0
266	184	0
267	171	0
268	198	0
269	181	0
270	237	0
271	221	0
272	203	0
273	208	0
274	203	0
275	190	0
276	223	0
277	181	0
278	178	0
279	230	0
280	209	0
281	199	0
282	188	0
283	195	0
284	210	0
285	220	0
286	204	0
287	203	0
288	181	0
289	202	0
290	179	0
291	220	0
292	209	0
293	198	0
294	176	0
295	206	0
296	208	0
297	166	0
298	176	0
299	190	0
300	184	0
301	183	0
302	187	0
303	213	0
304	232	0
305	202	0
306	202	0
307	202	0
308	194	0
309	223	0
310	187	0
311	183	0
312	205	0
313	203	0
314	201	0
315	193	0
316	190	0
317	219	0
318	231	0
319	214	0
320	204	0
321	208	0
322	216	0
323	219	0
324	191	0
325	199	0
326	193	0
327	192	0
328	209	0
329	204	0
330	201	0
331	208	0
332	192	0
333	189	0
334	211	0
335	186	0
336	181	0
337	197	0
338	209	0
339	186	0
340	226	0
341	214	0
342	196	0
343	198	0
344	190	0
345	219	0
346	197	0
347	154	0
348	235	0
349	220	0
350	191	0
351	224	0
352	191	0
353	202	0
354	214	0
355	223	0
356	205	0
357	210	0
358	192	0
359	216	0
360	205	0
361	198	0
362	202	0
363	188	0
364	195	0
365	179	0
366	210	0
367	199	0
368	195	0
369	197	0
370	168	0
371	220	0
372	215	0
373	179	0
374	219	0
375	203	0
376	199	0
377	191	0
378	231	0
379	215	0
380	215	0
381	208	0
382	188	0
383	194	0
384	196	0
385	201	0
386	206	0
387	199	0
388	165	0
389	198	0
390	192	0
391	223	0
392	181	0
393	213	0
394	213	0
395	209	0
396	209	0
397	189	0
398	194	0
399	201	0
400	197	0
401	177	0
402	231	0
403	208	0
404	205	0
405	207	0
406	198	0
407	226	0
408	160	0
409	169	0
410	208	0
411	191	0
412	195	0
413	208	0
414	202	0
415	201	0
416	176	0
417	184	0
418	197	0
419	203	0
420	205	0
421	214	0
422	200	0
423	195	0
424	180	0
425	218	0
426	208	0
427	204	0
428	187	0
429	213	0
430	189	0
431	218	0
432	193	0
433	191	0
434	223	0
435	192	0
436	193	0
437	183	0
438	175	0
439	207	0
440	209	0
441	197	0
442	212	0
443	174	0
444	213	0
445	186	0
446	205	0
447	214	0
448	206	0
449	156	0
450	186	0
451	195	0
452	186	0
453	191	0
454	212	0
455	212	0
456	200	0
457	180	0
458	190	0
459	225	0
460	209	0
461	204	0
462	195	0
463	201	0
464	219	0
465	194	0
466	218	0
467	183	0
468	204	0
469	210	0
470	204	0
471	192	0
472	199	0
473	192	0
474	216	0
475	203	0
476	195	0
477	217	0
478	214	0
479	189	0
480	209	0
481	179	0
482	181	0
483	183	0
484	204	0
485	231	0
486	196	0
487	195	0
488	214	0
489	195	0
490	207	0
491	200	0
492	211	0
493	185	0
494	218	0
495	196	0
496	218	0
497	202	0
498	187	0
499	174	0
500	197	0
501	201	0
502	201	0
503	208	0
504	194	0
505	208	0
506	180	0
507	220	0
508	187	0
509	195	0
510	215	0
511	190	0
512	195	0
513	188	0
514	193	0
515	182	0
516	208	0
517	185	0
518	199	0
519	210	0
520	184	0
521	204	0
522	157	0
523	222	0
524	204	0
525	202	0
526	227	0
527	216	0
528	224	0
529	185	0
530	202	0
531	181	0
532	220	0
533	221	0
534	191	0
535	215	0
536	187	0
537	192	0
538	215	0
539	159	0
540	213	0
541	202	0
542	193	0
543	205	0
544	202	0
545	186	0
546	173	0
547	186	0
548	193	0
549	195	0
550	183	0
551	219	0
552	201	0
553	184	0
554	209	0
555	223	0
556	208	0
557	219	0
558	221	0
559	191	0
560	192	0
561	188	0
562	185	0
563	184	0
564	183	0
565	211	0
566	178	0
567	216	0
568	219	0
569	181	0
570	224	0
571	192	0
572	192	0
573	185	0
574	205	0
575	220	0
576	204	0
577	231	0
578	203	0
579	191	0
580	169	0
581	212	0
582	180	0
583	205	0
584	187	0
585	212	0
586	188	0
587	199	0
588	183	0
589	180	0
590	195	0
591	169	0
592	228	0
593	194	0
594	202	0
595	216	0
596	207	0
597	173	0
598	188	0
599	194	0
600	212	0
601	181	0
602	227	0
603	209	0
604	186	0
605	176	0
606	203	0
607	229	0
608	178	0
609	197	0
610	181	0
611	202	0
612	212	0
613	222	0
614	211	0
615	198	0
616	190	0
617	168	0
618	194	0
619	206	0
620	171	0
621	182	0
622	205	0
623	214	0
624	212	0
625	208	0
626	201	0
627	198	0
628	201	0
629	210	0
630	180	0
631	194	0
632	192	0
633	199	0
634	198	0
635	206	0
636	210	0
637	187	0
638	201	0
639	183	0
640	234	0
641	183	0
642	193	0
643	184	0
644	197	0
645	209	0
646	189	0
647	196	0
648	222	0
649	170	0
650	197	0
651	198	0
652	206	0
653	186	0
654	207	0
655	214	0
656	195	0
657	185	0
658	194	0
659	228	0
660	219	0
661	182	0
662	196	0
663	175	0
664	200	0
665	216	0
666	186	0
667	196	0
668	212	0
669	178	0
670	180	0
671	177	0
672	169	0
673	199	0
674	213	0
675	200	0
676	207	0
677	206	0
678	224	0
679	177	0
680	190	0
681	180	0
682	214	0
683	173	0
684	223	0
685	207	0
686	209	0
687	179	0
688	202	0
689	210	0
690	203	0
691	206	0
692	212	0
693	189	0
694	218	0
695	205	0
696	186	0
697	197	0
698	175	0
699	211	0
700	184	0
701	215	0
702	218	0
703	177	0
704	193	0
705	199	0
706	230	0
707	201	0
708	208	0
709	187	0
710	201	0
711	206	0
712	178	0
713	192	0
714	209	0
715	208	0
716	187	0
717	191	0
718	201	0
719	214	0
720	193	0
721	213	0
722	201	0
723	215	0
724	213	0
725	175	0
726	203	0
727	202	0
728	196	0
729	177	0
730	216	0
731	184	0
732	189	0
733	188	0
734	210	0
735	172	0
736	192	0
737	220	0
738	183	0
739	210	0
740	199	0
741	195	0
742	183	0
743	202	0
744	220	0
745	205	0
746	189	0
747	170	0
748	199	0
749	218	0
750	188	0
751	188	0
752	186	0
753	195	0
754	168	0
755	196	0
756	183	0
757	199	0
758	210	0
759	201	0
760	176	0
761	200	0
762	193	0
763	214	0
764	207	0
765	196	0
766	213	0
767	180	0
768	191	0
769	170	0
770	208	0
771	197	0
772	182	0
773	195	0
774	181	0
775	190	0
776	213	0
777	192	0
778	190	0
779	220	0
780	178	0
781	204	0
782	207	0
783	202	0
784	199	0
785	196	0
786	212	0
787	233	0
788	187	0
789	200	0
790	173	0
791	233	0
792	225	0
793	205	0
794	213	0
795	202	0
796	188	0
797	178	0
798	196	0
799	191	0
800	199	0
801	186	0
802	178	0
803	216	0
804	177	0
805	202	0
806	205	0
807	213	0
808	213	0
809	192	0
810	192	0
811	209	0
812	244	0
813	214	0
814	192	0
815	191	0
816	206	0
817	207	0
818	187	0
819	189	0
820	204	0
821	194	0
822	199	0
823	200	0
824	192	0
825	192	0
826	184	0
827	202	0
828	191	0
829	171	0
830	194	0
831	204	0
832	207	0
833	187	0
834	215	0
835	192	0
836	172	0
837	194	0
838	190	0
839	192	0
840	219	0
841	218	0
842	181	0
843	198	0
844	194	0
845	190	0
846	227	0
847	208	0
848	215	0
849	195	0
850	178	0
851	214	0
852	211	0
853	184	0
854	188	0
855	213	0
856	199	0
857	215	0
858	218	0
859	183	0
860	219	0
861	195	0
862	213	0
863	209	0
864	190	0
865	215	0
866	173	0
867	225	0
868	201	0
869	201	0
870	194	0
871	215	0
872	187	0
873	229	0
874	200	0
875	201	0
876	201	0
877	187	0
878	210	0
879	193	0
880	215	0
881	177	0
882	175	0
883	191	0
884	191	0
885	208	0
886	211	0
887	188	0
888	186	0
889	180	0
890	204	0
891	206	0
892	194	0
893	197	0
894	191	0
895	209	0
896	188	0
897	218	0
898	207	0
899	211	0
900	206	0
901	215	0
902	209	0
903	193	0
904	179	0
905	186	0
906	185	0
907	211	0
908	210	0
909	202	0
910	219	0
911	201	0
912	182	0
913	206	0
914	183	0
915	229	0
916	228	0
917	203	0
918	237	0
919	213	0
920	194	0
921	204	0
922	211	0
923	199	0
924	206	0
925	188	0
926	185	0
927	175	0
928	152	0
929	214	0
930	199	0
931	182	0
932	195	0
933	194	0
934	191	0
935	199	0
936	197	0
937	201	0
938	185	0
939	191	0
940	183	0
941	216	0
942	193	0
943	199	0
944	213	0
945	208	0
946	217	0
947	192	0
948	229	0
949	204	0
950	210	0
951	180	0
952	217	0
953	190	0
954	217	0
955	193	0
956	189	0
957	200	0
958	204	0
959	181	0
960	169	0
961	207	0
962	200	0
963	190	0
964	191	0
965	192	0
966	215	0
967	182	0
968	182	0
969	209	0
970	188	0
971	237	0
972	211	0
973	200	0
974	205	0
975	204	0
976	205	0
977	191	0
978	174	0
979	199	0
980	202	0
981	220	0
982	210	0
983	213	0
984	203	0
985	200	0
986	232	0
987	180	0
988	192	0
989	203	0
990	183	0
991	205	0
992	195	0
993	215	0
994	192	0
995	192	0
996	208	0
997	192	0
998	182	0
999	213	0
1000	202	0
1001	188	0
1002	188	0
1003	189	0
1004	184	0
1005	204	0
1006	199	0
1007	204	0
1008	205	0
1009	178	0
1010	210	0
1011	198	0
1012	197	0
1013	186	0
1014	203	0
1015	188	0
1016	195	0
1017	199	0
1018	222	0
1019	216	0
1020	204	0
1021	183	0
1022	202	0
1023	230	0
1024	216	0
1025	185	0
1026	195	0
1027	188	0
1028	189	0
1029	205	0
1030	203	0
1031	217	0
1032	189	0
1033	190	0
1034	221	0
1035	203	0
1036	193	0
1037	205	0
1038	202	0
1039	190	0
1040	194	0
1041	185	0
1042	204	0
1043	177	0
1044	200	0
1045	180	0
1046	185	0
1047	207	0
1048	192	0
1049	213	0
1050	202	0
1051	204	0
1052	196	0
1053	217	0
1054	209	0
1055	205	0
1056	200	0
1057	191	0
1058	206	0
1059	184	0
1060	237	0
1061	193	0
1062	202	0
1063	200	0
1064	232	0
1065	189	0
1066	201	0
1067	180	0
1068	197	0
1069	206	0
1070	199	0
1071	187	0
1072	194	0
1073	204	0
1074	189	0
1075	194	0
1076	214	0
1077	203	0
1078	195	0
1079	196	0
1080	196	0
1081	182	0
1082	220	0
1083	188	0
1084	241	0
1085	195	0
1086	199	0
1087	194	0
1088	217	0
1089	194	0
1090	196	0
1091	199	0
1092	180	0
1093	218	0
1094	212	0
1095	184	0
1096	197	0
1097	175	0
1098	200	0
1099	198	0
1100	169	0
1101	207	0
1102	194	0
1103	221	0
1104	200	0
1105	206	0
1106	193	0
1107	204	0
1108	199	0
1109	216	0
1110	207	0
1111	194	0
1112	199	0
1113	174	0
1114	198	0
1115	204	0
1116	193	0
1117	206	0
1118	202	0
1119	198	0
1120	210	0
1121	195	0
1122	194	0
1123	195	0
1124	208	0
1125	184	0
1126	195	0
1127	170	0
1128	186	0
1129	221	0
1130	193	0
1131	205	0
1132	207	0
1133	210	0
1134	198	0
1135	198	0
1136	186	0
1137	201	0
1138	217	0
1139	190	0
1140	168	0
1141	186	0
1142	208	0
1143	195	0
1144	204	0
1145	185	0
1146	211	0
1147	206	0
1148	176	0
1149	196	0
1150	190	0
1151	191	0
1152	188	0
1153	187	0
1154	174	0
1155	170	0
1156	225	0
1157	192	0
1158	198	0
1159	183	0
1160	188	0
1161	196	0
1162	208	0
1163	188	0
1164	182	0
1165	209	0
1166	200	0
1167	215	0
1168	206	0
1169	188	0
1170	198	0
1171	219	0
1172	211	0
1173	208	0
1174	208	0
1175	193	0
1176	202	0
1177	214	0
1178	186	0
1179	204	0
1180	194	0
1181	216	0
1182	204	0
1183	183	0
1184	198	0
1185	180	0
1186	216	0
1187	188	0
1188	180	0
1189	170	0
1190	187	0
1191	252	0
1192	187	0
1193	180	0
1194	186	0
1195	192	0
1196	207	0
1197	209	0
1198	220	0
1199	206	0
1200	201	0
1201	227	0
1202	175	0
1203	200	0
1204	191	0
1205	195	0
1206	197	0
1207	196	0
1208	182	0
1209	186	0
1210	216	0
1211	198	0
1212	191	0
1213	190	0
1214	207	0
1215	204	0
1216	203	0
1217	189	0
1218	215	0
1219	205	0
1220	195	0
1221	208	0
1222	205	0
1223	205	0
1224	221	0
1225	209	0
1226	189	0
1227	205	0
1228	203	0
1229	192	0
1230	194	0
1231	195	0
1232	185	0
1233	189	0
1234	183	0
1235	208	0
1236	188	0
1237	213	0
1238	197	0
1239	177	0
1240	203	0
1241	206	0
1242	203	0
1243	204	0
1244	184	0
1245	210	0
1246	187	0
1247	196	0
1248	198	0
1249	195	0
1250	173	0
1251	203	0
1252	192	0
1253	222	0
1254	203	0
1255	213	0
1256	189	0
1257	209	0
1258	191	0
1259	228	0
1260	194	0
1261	201	0
1262	202	0
1263	236	0
1264	189	0
1265	199	0
1266	171	0
1267	203	0
1268	183	0
1269	185	0
1270	233	0
1271	214	0
1272	187	0
1273	197	0
1274	190	0
1275	211	0
1276	198	0
1277	217	0
1278	197	0
1279	201	0
1280	187	0
1281	215	0
1282	210	0
1283	220	0
1284	216	0
1285	206	0
1286	191	0
1287	183	0
1288	191	0
1289	187	0
1290	180	0
1291	203	0
1292	202	0
1293	208	0
1294	178	0
1295	177	0
1296	178	0
1297	191	0
1298	199	0
1299	187	0
1300	183	0
1301	182	0
1302	183	0
1303	229	0
1304	194	0
1305	184	0
1306	204	0
1307	193	0
1308	205	0
1309	163	0
1310	200	0
1311	188	0
1312	200	0
1313	215	0
1314	196	0
1315	205	0
1316	190	0
1317	216	0
1318	179	0
1319	177	0
1320	199	0
1321	210	0
1322	197	0
1323	182	0
1324	179	0
1325	219	0
1326	202	0
1327	209	0
1328	206	0
1329	209	0
1330	209	0
1331	206	0
1332	205	0
1333	204	0
1334	180	0
1335	175	0
1336	205	0
1337	201	0
1338	207	0
1339	209	0
1340	203	0
1341	197	0
1342	206	0
1343	182	0
1344	199	0
1345	200	0
1346	194	0
1347	172	0
1348	199	0
1349	202	0
1350	184	0
1351	207	0
1352	215	0
1353	207	0
1354	206	0
1355	216	0
1356	181	0
1357	164	0
1358	207	0
1359	221	0
1360	208	0
1361	205	0
1362	208	0
1363	219	0
1364	175	0
1365	217	0
1366	213	0
1367	216	0
1368	200	0
1369	196	0
1370	193	0
1371	198	0
1372	192	0
1373	208	0
1374	185	0
1375	188	0
1376	192	0
1377	221	0
1378	178	0
1379	197	0
1380	199	0
1381	176	0
1382	195	0
1383	205	0
1384	197	0
1385	214	0
1386	206	0
1387	189	0
1388	232	0
1389	206	0
1390	201	0
1391	193	0
1392	199	0
1393	207	0
1394	204	0
1395	210	0
1396	205	0
1397	205	0
1398	198	0
1399	197	0
1400	233	0
1401	207	0
1402	210	0
1403	197	0
1404	201	0
1405	200	0
1406	206	0
1407	186	0
1408	192	0
1409	184	0
1410	176	0
1411	190	0
1412	164	0
1413	201	0
1414	196	0
1415	213	0
1416	198	0
1417	212	0
1418	203	0
1419	184	0
1420	221	0
1421	218	0
1422	176	0
1423	192	0
1424	196	0
1425	204	0
1426	201	0
1427	195	0
1428	191	0
1429	194	0
1430	204	0
1431	204	0
1432	199	0
1433	186	0
1434	202	0
1435	210	0
1436	204	0
1437	189	0
1438	202	0
1439	208	0
1440	196	0
1441	211	0
1442	204	0
1443	220	0
1444	182	0
1445	213	0
1446	186	0
1447	211	0
1448	184	0
1449	201	0
1450	199	0
1451	216	0
1452	183	0
1453	213	0
1454	209	0
1455	198	0
1456	184	0
1457	211	0
1458	188	0
1459	188	0
1460	205	0
1461	211	0
1462	219	0
1463	185	0
1464	197	0
1465	192	0
1466	186	0
1467	179	0
1468	218	0
1469	196	0
1470	185	0
1471	203	0
1472	213	0
1473	189	0
1474	199	0
1475	204	0
1476	204	0
1477	204	0
1478	201	0
1479	212	0
1480	197	0
1481	189	0
1482	210	0
1483	193	0
1484	177	0
1485	208	0
1486	221	0
1487	216	0
1488	185	0
1489	187	0
1490	214	0
1491	183	0
1492	210	0
1493	210	0
1494	199	0
1495	203	0
1496	192	0
1497	205	0
1498	210	0
1499	215	0
1500	187	0
1501	188	0
1502	189	0
1503	189	0
1504	209	0
1505	207	0
1506	194	0
1507	179	0
1508	218	0
1509	197	0
1510	199	0
1511	193	0
1512	207	0
1513	201	0
1514	205	0
1515	198	0
1516	225	0
1517	161	0
1518	167	0
1519	202	0
1520	202	0
1521	190	0
1522	203	0
1523	205	0
1524	213	0
1525	210	0
1526	215	0
1527	228	0
1528	198	0
1529	177	0
1530	183	0
1531	177	0
1532	199	0
1533	200	0
1534	190	0
1535	211	0
1536	187	0
1537	211	0
1538	179	0
1539	183	0
1540	208	0
1541	201	0
1542	193	0
1543	189	0
1544	190	0
1545	211	0
1546	228	0
1547	189	0
1548	190	0
1549	194	0
1550	218	0
1551	205	0
1552	188	0
1553	218	0
1554	210	0
1555	233	0
1556	190	0
1557	192	0
1558	211	0
1559	216	0
1560	201	0
1561	195	0
1562	197	0
1563	216	0
1564	174	0
1565	209	0
1566	200	0
1567	195	0
1568	197	0
1569	212	0
1570	205	0
1571	188	0
1572	201	0
1573	182	0
1574	204	0
1575	210	0
1576	193	0
1577	206	0
1578	192	0
1579	195	0
1580	192	0
1581	201	0
1582	190	0
1583	188	0
1584	178	0
1585	197	0
1586	195	0
1587	211	0
1588	211	0
1589	215	0
1590	204	0
1591	198	0
1592	179	0
1593	218	0
1594	195	0
1595	180	0
1596	190	0
1597	204	0
1598	191	0
1599	191	0
1600	203	0
1601	185	0
1602	187	0
1603	207	0
1604	201	0
1605	215	0
1606	199	0
1607	205	0
1608	203	0
1609	220	0
1610	235	0
1611	160	0
1612	216	0
1613	188	0
1614	192	0
1615	192	0
1616	201	0
1617	204	0
1618	179	0
1619	220	0
1620	184	0
1621	192	0
1622	210	0
1623	205	0
1624	215	0
1625	184	0
1626	203	0
1627	215	0
1628	198	0
1629	199	0
1630	206	0
1631	199	0
1632	186	0
1633	184	0
1634	204	0
1635	198	0
1636	201	0
1637	188	0
1638	186	0
1639	210	0
1640	212	0
1641	209	0
1642	183	0
1643	210	0
1644	212	0
1645	196	0
1646	203	0
1647	204	0
1648	199	0
1649	210	0
1650	213	0
1651	206	0
1652	190	0
1653	198	0
1654	203	0
1655	212	0
1656	165	0
1657	188	0
1658	208	0
1659	203	0
1660	186	0
1661	190	0
1662	193	0
1663	202	0
1664	186	0
1665	169	0
1666	185	0
1667	218	0
1668	199	0
1669	224	0
1670	215	0
1671	190	0
1672	182	0
1673	206	0
1674	193	0
1675	190	0
1676	189	0
1677	228	0
1678	216	0
1679	202	0
1680	203	0
1681	213	0
1682	206	0
1683	230	0
1684	217	0
1685	187	0
1686	199	0
1687	199	0
1688	167	0
1689	192	0
1690	169	0
1691	168	0
1692	173	0
1693	195	0
1694	208	0
1695	181	0
1696	203	0
1697	204	0
1698	187	0
1699	188	0
1700	182	0
1701	179	0
1702	212	0
1703	208	0
1704	210	0
1705	190	0
1706	188	0
1707	188	0
1708	158	0
1709	203	0
1710	190	0
1711	195	0
1712	191	0
1713	208	0
1714	240	0
1715	195	0
1716	214	0
1717	188	0
1718	179	0
1719	176	0
1720	188	0
1721	179	0
1722	215	0
1723	209	0
1724	191	0
1725	192	0
1726	202	0
1727	209	0
1728	214	0
1729	189	0
1730	197	0
1731	204	0
1732	208	0
1733	191	0
1734	192	0
1735	199	0
1736	202	0
1737	230	0
1738	188	0
1739	193	0
1740	180	0
1741	211	0
1742	183	0
1743	217	0
1744	179	0
1745	181	0
1746	201	0
1747	189	0
1748	204	0
1749	190	0
1750	215	0
1751	156	0
1752	210	0
1753	176	0
1754	207	0
1755	219	0
1756	205	0
1757	210	0
1758	193	0
1759	205	0
1760	189	0
1761	224	0
1762	222	0
1763	194	0
1764	195	0
1765	182	0
1766	188	0
1767	206	0
1768	191	0
1769	180	0
1770	219	0
1771	171	0
1772	177	0
1773	202	0
1774	199	0
1775	179	0
1776	204	0
1777	210	0
1778	217	0
1779	235	0
1780	187	0
1781	203	0
1782	194	0
1783	219	0
1784	207	0
1785	187	0
1786	194	0
1787	190	0
1788	204	0
1789	199	0
1790	219	0
1791	211	0
1792	205	0
1793	197	0
1794	212	0
1795	192	0
1796	211	0
1797	215	0
1798	219	0
1799	200	0
1800	213	0
1801	171	0
1802	223	0
1803	226	0
1804	205	0
1805	200	0
1806	196	0
1807	219	0
1808	222	0
1809	169	0
1810	211	0
1811	197	0
1812	189	0
1813	202	0
1814	203	0
1815	185	0
1816	202	0
1817	212	0
1818	218	0
1819	188	0
1820	190	0
1821	197	0
1822	184	0
1823	187	0
1824	218	0
1825	217	0
1826	232	0
1827	192	0
1828	202	0
1829	220	0
1830	188	0
1831	228	0
1832	189	0
1833	176	0
1834	201	0
1835	209	0
1836	216	0
1837	174	0
1838	200	0
1839	204	0
1840	199	0
1841	207	0
1842	225	0
1843	230	0
1844	203	0
1845	225	0
1846	199	0
1847	169	0
1848	198	0
1849	220	0
1850	205	0
1851	195	0
1852	204	0
1853	221	0
1854	189	0
1855	241	0
1856	198	0
1857	189	0
1858	202	0
1859	205	0
1860	194	0
1861	193	0
1862	197	0
1863	199	0
1864	182	0
1865	189	0
1866	222	0
1867	203	0
1868	203	0
1869	192	0
1870	191	0
1871	199	0
1872	194	0
1873	198	0
1874	187	0
1875	199	0
1876	191	0
1877	192	0
1878	188	0
1879	217	0
1880	205	0
1881	196	0
1882	210	0
1883	198	0
1884	225	0
1885	199	0
1886	190	0
1887	201	0
1888	204	0
1889	191	0
1890	213	0
1891	202	0
1892	170	0
1893	224	0
1894	194	0
1895	159	0
1896	197	0
1897	191	0
1898	200	0
1899	188	0
1900	217	0
1901	200	0
1902	184	0
1903	205	0
1904	196	0
1905	215	0
1906	205	0
1907	215	0
1908	211	0
1909	183	0
1910	180	0
1911	204	0
1912	182	0
1913	183	0
1914	174	0
1915	185	0
1916	204	0
1917	233	0
1918	215	0
1919	201	0
1920	217	0
1921	194	0
1922	215	0
1923	204	0
1924	196	0
1925	215	0
1926	175	0
1927	200	0
1928	199	0
1929	179	0
1930	190	0
1931	193	0
1932	217	0
1933	194	0
1934	200	0
1935	181	0
1936	196	0
1937	217	0
1938	191	0
1939	173	0
1940	212	0
1941	188	0
1942	192	0
1943	221	0
1944	186	0
1945	186	0
1946	185	0
1947	199	0
1948	206	0
1949	142	0
1950	212	0
1951	226	0
1952	227	0
1953	200	0
1954	178	0
1955	181	0
1956	216	0
1957	214	0
1958	186	0
1959	175	0
1960	226	0
1961	205	0
1962	200	0
1963	229	0
1964	189	0
1965	201	0
1966	183	0
1967	199	0
1968	192	0
1969	206	0
1970	196	0
1971	200	0
1972	208	0
1973	181	0
1974	194	0
1975	215	0
1976	214	0
1977	207	0
1978	177	0
1979	185	0
1980	211	0
1981	193	0
1982	195	0
1983	230	0
1984	187	0
1985	192	0
1986	188	0
1987	199	0
1988	169	0
1989	239	0
1990	186	0
1991	210	0
1992	204	0
1993	215	0
1994	210	0
1995	212	0
1996	206	0
1997	202	0
1998	200	0
1999	178	0
2000	180	0
2001	210	0
2002	167	0
2003	187	0
2004	175	0
2005	202	0
2006	182	0
2007	182	0
2008	191	0
2009	192	0
2010	211	0
2011	223	0
2012	207	0
2013	190	0
2014	196	0
2015	202	0
2016	222	0
2017	202	0
2018	207	0
2019	187	0
2020	216	0
2021	212	0
2022	188	0
2023	178	0
2024	197	0
2025	183	0
2026	171	0
2027	204	0
2028	192	0
2029	239	0
2030	206	0
2031	179	0
2032	217	0
2033	196	0
2034	211	0
2035	192	0
2036	166	0
2037	222	0
2038	193	0
2039	195	0
2040	190	0
2041	195	0
2042	187	0
2043	200	0
2044	184	0
2045	199	0
2046	190	0
2047	188	0
2048	194	0
2049	197	0
2050	207	0
2051	199	0
2052	203	0
2053	206	0
2054	203	0
2055	200	0
2056	198	0
2057	179	0
2058	227	0
2059	212	0
2060	196	0
2061	221	0
2062	202	0
2063	196	0
2064	191	0
2065	195	0
2066	203	0
2067	186	0
2068	192	0
2069	191	0
2070	216	0
2071	186	0
2072	181	0
2073	187	0
2074	212	0
2075	193	0
2076	176	0
2077	217	0
2078	201	0
2079	199	0
2080	203	0
2081	207	0
2082	203	0
2083	223	0
2084	158	0
2085	212	0
2086	201	0
2087	197	0
2088	189	0
2089	202	0
2090	218	0
2091	199	0
2092	204	0
2093	199	0
2094	198	0
2095	180	0
2096	221	0
2097	179	0
2098	192	0
2099	177	0
2100	200	0
2101	193	0
2102	189	0
2103	185	0
2104	181	0
2105	179	0
2106	197	0
2107	209	0
2108	202	0
2109	198	0
2110	181	0
2111	168	0
2112	184	0
2113	198	0
2114	216	0
2115	192	0
2116	206	0
2117	192	0
2118	210	0
2119	166	0
2120	199	0
2121	214	0
2122	179	0
2123	203	0
2124	183	0
2125	210	0
2126	197	0
2127	187	0
2128	213	0
2129	178	0
2130	193	0
2131	170	0
2132	228	0
2133	187	0
2134	206	0
2135	192	0
2136	200	0
2137	204	0
2138	217	0
2139	211	0
2140	185	0
2141	194	0
2142	173	0
2143	197	0
2144	180	0
2145	171	0
2146	197	0
2147	193	0
2148	188	0
2149	186	0
2150	166	0
2151	183	0
2152	179	0
2153	170	0
2154	190	0
2155	194	0
2156	207	0
2157	184	0
2158	187	0
2159	195	0
2160	195	0
2161	173	0
2162	214	0
2163	204	0
2164	187	0
2165	188	0
2166	172	0
2167	202	0
2168	220	0
2169	209	0
2170	197	0
2171	199	0
2172	232	0
2173	205	0
2174	207	0
2175	204	0
2176	189	0
2177	195	0
2178	188	0
2179	176	0
2180	199	0
2181	214	0
2182	196	0
2183	206	0
2184	216	0
2185	195	0
2186	181	0
2187	210	0
2188	210	0
2189	189	0
2190	184	0
2191	215	0
2192	197	0
2193	202	0
2194	172	0
2195	193	0
2196	165	0
2197	185	0
2198	208	0
2199	193	0
2200	214	0
2201	185	0
2202	206	0
2203	207	0
2204	218	0
2205	194	0
2206	192	0
2207	197	0
2208	197	0
2209	202	0
2210	194	0
2211	185	0
2212	198	0
2213	194	0
2214	180	0
2215	210	0
2216	214	0
2217	194	0
2218	192	0
2219	201	0
2220	188	0
2221	218	0
2222	187	0
2223	187	0
2224	178	0
2225	185	0
2226	196	0
2227	190	0
2228	199	0
2229	174	0
2230	205	0
2231	195	0
2232	191	0
2233	204	0
2234	197	0
2235	179	0
2236	208	0
2237	198	0
2238	186	0
2239	208	0
2240	213	0
2241	216	0
2242	175	0
2243	211	0
2244	211	0
2245	185	0
2246	205	0
2247	199	0
2248	212	0
2249	204	0
2250	203	0
2251	199	0
2252	203	0
2253	207	0
2254	200	0
2255	201	0
2256	216	0
2257	197	0
2258	200	0
2259	217	0
2260	210	0
2261	199	0
2262	206	0
2263	200	0
2264	212	0
2265	203	0
2266	201	0
2267	191	0
2268	208	0
2269	205	0
2270	202	0
2271	201	0
2272	177	0
2273	216	0
2274	199	0
2275	194	0
2276	204	0
2277	209	0
2278	200	0
2279	211	0
2280	200	0
2281	195	0
2282	193	0
2283	200	0
2284	179	0
2285	188	0
2286	200	0
2287	189	0
2288	190	0
2289	207	0
2290	188	0
2291	205	0
2292	206	0
2293	154	0
2294	193	0
2295	194	0
2296	193	0
2297	201	0
2298	188	0
2299	201	0
2300	188	0
2301	179	0
2302	217	0
2303	203	0
2304	218	0
2305	197	0
2306	177	0
2307	177	0
2308	204	0
2309	187	0
2310	197	0
2311	183	0
2312	202	0
2313	198	0
2314	184	0
2315	206	0
2316	194	0
2317	223	0
2318	185	0
2319	219	0
2320	201	0
2321	177	0
2322	191	0
2323	191	0
2324	182	0
2325	183	0
2326	187	0
2327	196	0
2328	199	0
2329	180	0
2330	207	0
2331	170	0
2332	190	0
2333	192	0
2334	223	0
2335	199	0
2336	188	0
2337	234	0
2338	223	0
2339	195	0
2340	218	0
2341	204	0
2342	175	0
2343	224	0
2344	197	0
2345	193	0
2346	197	0
2347	200	0
2348	191	0
2349	203	0
2350	205	0
2351	196	0
2352	177	0
2353	198	0
2354	166	0
2355	198	0
2356	239	0
2357	195	0
2358	189	0
2359	208	0
2360	194	0
2361	194	0
2362	176	0
2363	210	0
2364	185	0
2365	201	0
2366	173	0
2367	178	0
2368	191	0
2369	189	0
2370	203	0
2371	204	0
2372	193	0
2373	202	0
2374	198	0
2375	201	0
2376	194	0
2377	207	0
2378	192	0
2379	195	0
2380	175	0
2381	215	0
2382	214	0
2383	233	0
2384	173	0
2385	202	0
2386	206	0
2387	226	0
2388	201	0
2389	196	0
2390	179	0
2391	197	0
2392	200	0
2393	190	0
2394	224	0
2395	184	0
2396	191	0
2397	201	0
2398	172	0
2399	188	0
2400	207	0
2401	192	0
2402	174	0
2403	197	0
2404	205	0
2405	179	0
2406	216	0
2407	196	0
2408	198	0
2409	204	0
2410	196	0
2411	194	0
2412	216	0
2413	206	0
2414	219	0
2415	185	0
2416	207	0
2417	219	0
2418	193	0
2419	208	0
2420	203	0
2421	188	0
2422	215	0
2423	187	0
2424	184	0
2425	190	0
2426	186	0
2427	221	0
2428	196	0
2429	222	0
2430	187	0
2431	188	0
2432	197	0
2433	216	0
2434	215	0
2435	218	0
2436	227	0
2437	188	0
2438	210	0
2439	200	0
2440	201	0
2441	194	0
2442	197	0
2443	191	0
2444	215	0
2445	208	0
2446	229	0
2447	222	0
2448	216	0
2449	188	0
2450	177	0
2451	173	0
2452	195	0
2453	193	0
2454	213	0
2455	185	0
2456	209	0
2457	226	0
2458	217	0
2459	195	0
2460	195	0
2461	199	0
2462	185	0
2463	186	0
2464	206	0
2465	190	0
2466	185	0
2467	191	0
2468	230	0
2469	216	0
2470	200	0
2471	183	0
2472	207	0
2473	201	0
2474	208	0
2475	182	0
2476	177	0
2477	194	0
2478	191	0
2479	195	0
2480	191	0
2481	207	0
2482	205	0
2483	216	0
2484	201	0
2485	188	0
2486	199	0
2487	209	0
2488	166	0
2489	190	0
2490	196	0
2491	196	0
2492	195	0
2493	240	0
2494	175	0
2495	200	0
2496	216	0
2497	210	0
2498	194	0
2499	224	0
2500	203	0
2501	213	0
2502	194	0
2503	200	0
2504	197	0
2505	187	0
2506	194	0
2507	206	0
2508	206	0
2509	240	0
2510	205	0
2511	194	0
2512	168	0
2513	189	0
2514	202	0
2515	191	0
2516	205	0
2517	203	0
2518	196	0
2519	180	0
2520	196	0
2521	210	0
2522	191	0
2523	178	0
2524	184	0
2525	212	0
2526	193	0
2527	206	0
2528	204	0
2529	179	0
2530	193	0
2531	191	0
2532	186	0
2533	185	0
2534	197	0
2535	197	0
2536	205	0
2537	215	0
2538	195	0
2539	195	0
2540	190	0
2541	194	0
2542	202	0
2543	200	0
2544	206	0
2545	196	0
2546	203	0
2547	218	0
2548	202	0
2549	200	0
2550	172	0
2551	210	0
2552	182	0
2553	201	0
2554	188	0
2555	178	0
2556	191	0
2557	228	0
2558	186	0
2559	165	0
2560	186	0
2561	222	0
2562	221	0
2563	212	0
2564	207	0
2565	207	0
2566	208	0
2567	203	0
2568	212	0
2569	187	0
2570	218	0
2571	192	0
2572	234	0
2573	188	0
2574	198	0
2575	181	0
2576	186	0
2577	208	0
2578	209	0
2579	221	0
2580	196	0
2581	202	0
2582	228	0
2583	198	0
2584	207	0
2585	221	0
2586	195	0
2587	212	0
2588	190	0
2589	201	0
2590	196	0
2591	195	0
2592	213	0
2593	176	0
2594	210	0
2595	191	0
2596	201	0
2597	207	0
2598	189	0
2599	225	0
2600	199	0
2601	200	0
2602	200	0
2603	213	0
2604	238	0
2605	201	0
2606	174	0
2607	177	0
2608	210	0
2609	233	0
2610	233	0
2611	181	0
2612	193	0
2613	204	0
2614	192	0
2615	209	0
2616	180	0
2617	231	0
2618	199	0
2619	209	0
2620	193	0
2621	206	0
2622	198	0
2623	195	0
2624	181	0
2625	186	0
2626	206	0
2627	227	0
2628	202	0
2629	186	0
2630	246	0
2631	198	0
2632	197	0
2633	189	0
2634	197	0
2635	199	0
2636	186	0
2637	207	0
2638	185	0
2639	203	0
2640	185	0
2641	197	0
2642	204	0
2643	179	0
2644	204	0
2645	213	0
2646	198	0
2647	193	0
2648	195	0
2649	206	0
2650	199	0
2651	186	0
2652	190	0
2653	197	0
2654	178	0
2655	195	0
2656	195	0
2657	204	0
2658	207	0
2659	211	0
2660	169	0
2661	200	0
2662	193	0
2663	214	0
2664	211	0
2665	165	0
2666	214	0
2667	205	0
2668	183	0
2669	187	0
2670	235	0
2671	190	0
2672	204	0
2673	212	0
2674	202	0
2675	188	0
2676	196	0
2677	211	0
2678	215	0
2679	186	0
2680	202	0
2681	214	0
2682	213	0
2683	204	0
2684	215	0
2685	201	0
2686	200	0
2687	197	0
2688	230	0
2689	204	0
2690	197	0
2691	187	0
2692	208	0
2693	196	0
2694	205	0
2695	216	0
2696	205	0
2697	199	0
2698	196	0
2699	183	0
2700	224	0
2701	196	0
2702	198	0
2703	213	0
2704	189	0
2705	202	0
2706	201	0
2707	212	0
2708	191	0
2709	200	0
2710	208	0
2711	220	0
2712	208	0
2713	181	0
2714	174	0
2715	186	0
2716	195	0
2717	190	0
2718	196	0
2719	169	0
2720	216	0
2721	193	0
2722	202	0
2723	202	0
2724	196	0
2725	204	0
2726	189	0
2727	209	0
2728	204	0
2729	176	0
2730	209	0
2731	191	0
2732	202	0
2733	234	0
2734	186	0
2735	179	0
2736	192	0
2737	190	0
2738	202	0
2739	222	0
2740	185	0
2741	192	0
2742	203	0
2743	196	0
2744	216	0
2745	197	0
2746	199	0
2747	205	0
2748	202	0
2749	185	0
2750	200	0
2751	217	0
2752	204	0
2753	192	0
2754	199	0
2755	219	0
2756	222	0
2757	194	0
2758	211	0
2759	210	0
2760	166	0
2761	229	0
2762	207	0
2763	202	0
2764	204	0
2765	194	0
2766	197	0
2767	191	0
2768	210	0
2769	204	0
2770	175	0
2771	193	0
2772	208	0
2773	192	0
2774	191	0
2775	201	0
2776	209	0
2777	213	0
2778	190	0
2779	184	0
2780	185	0
2781	198	0
2782	224	0
2783	224	0
2784	216	0
2785	194	0
2786	233	0
2787	207	0
2788	207	0
2789	189	0
2790	180	0
2791	199	0
2792	206	0
2793	223	0
2794	174	0
2795	192	0
2796	215	0
2797	210	0
2798	190	0
2799	200	0
2800	188	0
2801	189	0
2802	185	0
2803	207	0
2804	205	0
2805	199	0
2806	201	0
2807	192	0
2808	181	0
2809	216	0
2810	163	0
2811	179	0
2812	218	0
2813	215	0
2814	205	0
2815	192	0
2816	196	0
2817	189	0
2818	194	0
2819	214	0
2820	210	0
2821	199	0
2822	179	0
2823	221	0
2824	189	0
2825	199	0
2826	199	0
2827	221	0
2828	196	0
2829	189	0
2830	209	0
2831	181	0
2832	210	0
2833	192	0
2834	171	0
2835	206	0
2836	199	0
2837	198	0
2838	236	0
2839	197	0
2840	184	0
2841	226	0
2842	195	0
2843	201	0
2844	223	0
2845	204	0
2846	178	0
2847	190	0
2848	191	0
2849	168	0
2850	198	0
2851	185	0
2852	206	0
2853	205	0
2854	207	0
2855	209	0
2856	201	0
2857	205	0
2858	159	0
2859	210	0
2860	200	0
2861	179	0
2862	190	0
2863	192	0
2864	176	0
2865	174	0
2866	189	0
2867	203	0
2868	205	0
2869	199	0
2870	187	0
2871	208	0
2872	182	0
2873	192	0
2874	213	0
2875	198	0
2876	197	0
2877	196	0
2878	186	0
2879	191	0
2880	195	0
2881	203	0
2882	212	0
2883	198	0
2884	174	0
2885	196	0
2886	213	0
2887	212	0
2888	193	0
2889	192	0
2890	177	0
2891	221	0
2892	219	0
2893	216	0
2894	207	0
2895	210	0
2896	191	0
2897	182	0
2898	203	0
2899	187	0
2900	220	0
2901	195	0
2902	187	0
2903	188	0
2904	219	0
2905	200	0
2906	173	0
2907	219	0
2908	192	0
2909	187	0
2910	187	0
2911	238	0
2912	196	0
2913	207	0
2914	190	0
2915	182	0
2916	196	0
2917	201	0
2918	177	0
2919	185	0
2920	212	0
2921	219	0
2922	179	0
2923	189	0
2924	222	0
2925	217	0
2926	190	0
2927	180	0
2928	194	0
2929	190	0
2930	216	0
2931	185	0
2932	206	0
2933	210	0
2934	211	0
2935	192	0
2936	207	0
2937	191	0
2938	195	0
2939	190	0
2940	196	0
2941	179	0
2942	189	0
2943	210	0
2944	229	0
2945	205	0
2946	168	0
2947	221	0
2948	203	0
2949	185	0
2950	222	0
2951	210	0
2952	196	0
2953	211	0
2954	183	0
2955	184	0
2956	194	0
2957	194	0
2958	214	0
2959	205	0
2960	229	0
2961	227	0
2962	174	0
2963	186	0
2964	202	0
2965	181	0
2966	210	0
2967	214	0
2968	188	0
2969	182	0
2970	191	0
2971	199	0
2972	221	0
2973	215	0
2974	196	0
2975	198	0
2976	219	0
2977	198	0
2978	211	0
2979	169	0
2980	195	0
2981	214	0
2982	219	0
2983	209	0
2984	215	0
2985	209	0
2986	179	0
2987	219	0
2988	179	0
2989	180	0
2990	199	0
2991	214	0
2992	212	0
2993	190	0
2994	182	0
2995	198	0
2996	179	0
2997	205	0
2998	195	0
2999	207	0
3000	198	0
