1	189	0
2	187	0
3	195	0
4	175	0
5	187	0
6	188	0
7	184	0
8	188	0
9	204	0
10	217	0
11	185	0
12	189	0
13	181	0
14	231	0
15	187	0
16	226	0
17	187	0
18	204	0
19	182	0
20	209	0
21	194	0
22	204	0
23	169	0
24	190	0
25	186	0
26	207	0
27	195	0
28	194	0
29	207	0
30	212	0
31	209	0
32	195	0
33	206	0
34	209	0
35	175	0
36	195	0
37	221	0
38	186	0
39	201	0
40	198	0
41	176	0
42	206	0
43	194	0
44	179	0
45	194	0
46	192	0
47	212	0
48	171	0
49	183	0
50	174	0
51	190	0
52	210	0
53	182	0
54	193	0
55	219	0
56	215	0
57	192	0
58	199	0
59	210	0
60	201	0
61	193	0
62	206	0
63	193	0
64	190	0
65	192	0
66	182	0
67	191	0
68	182	0
69	171	0
70	178	0
71	184	0
72	197	0
73	212	0
74	181	0
75	217	0
76	212	0
77	179	0
78	214	0
79	196	0
80	200	0
81	221	0
82	191	0
83	188	0
84	215	0
85	172	0
86	196	0
87	210	0
88	170	0
89	203	0
90	187	0
91	206	0
92	196	0
93	199	0
94	171	0
95	187	0
96	205	0
97	182	0
98	167	0
99	202	0
100	182	0
101	204	0
102	178	0
103	207	0
104	178	0
105	211	0
106	203	0
107	217	0
108	180	0
109	186	0
110	213	0
111	191	0
112	211	0
113	178	0
114	224	0
115	178	0
116	205	0
117	224	0
118	201	0
119	196	0
120	228	0
121	237	0
122	218	0
123	188	0
124	194	0
125	178	0
126	166	0
127	195	0
128	214	0
129	182	0
130	216	0
131	204	0
132	200	0
133	198	0
134	208	0
135	196	0
136	221	0
137	196	0
138	195	0
139	173	0
140	184	0
141	177	0
142	170	0
143	186	0
144	185	0
145	176	0
146	208	0
147	198	0
148	194	0
149	209	0
150	175	0
151	203	0
152	194	0
153	167	0
154	214	0
155	195	0
156	205	0
157	204	0
158	199	0
159	208	0
160	191	0
161	196	0
162	192	0
163	185	0
164	182	0
165	170	0
166	173	0
167	172	0
168	187	0
169	190	0
170	204	0
171	200	0
172	190	0
173	181	0
174	181	0
175	182	0
176	174	0
177	201	0
178	214	0
179	208	0
180	193	0
181	227	0
182	207	0
183	200	0
184	213	0
185	180	0
186	199	0
187	206	0
188	193	0
189	194	0
190	193	0
191	207	0
192	199	0
193	174	0
194	219	0
195	201	0
196	213	0
197	195	0
198	200	0
199	225	0
200	202	0
201	179	0
202	211	0
203	187	0
204	181	0
205	181	0
206	206	0
207	220	0
208	179	0
209	165	0
210	185	0
211	186	0
212	198	0
213	180	0
214	189	0
215	193	0
216	211	0
217	203	0
218	191	0
219	200	0
220	194	0
221	181	0
222	215	0
223	201	0
224	191	0
225	211	0
226	189	0
227	216	0
228	194	0
229	202	0
230	175	0
231	189	0
232	199	0
233	197	0
234	202	0
235	175	0
236	195	0
237	183	0
238	207	0
239	199	0
240	206	0
241	209	0
242	186	0
243	230	0
244	196	0
245	206	0
246	202	0
247	215	0
248	191	0
249	206	0
250	202	0
251	201	0
252	203	0
253	177	0
254	203	0
255	207	0
256	194	0
257	181	0
258	195	0
259	197	0
260	184	0
261	179	0
262	171	0
263	216	0
264	224	0
265	213	0
266	205	0
267	186	0
268	208	0
269	188	0
270	201	0
271	201	0
272	191	0
273	236	0
274	187	0
275	190	0
276	186	0
277	177	0
278	196	0
279	187	0
280	198	0
281	201	0
282	196	0
283	180	0
284	205	0
285	196	0
286	185	0
287	178	0
288	215	0
289	191	0
290	177	0
291	200	0
292	197	0
293	189	0
294	175	0
295	188	0
296	204	0
297	195	0
298	183	0
299	185	0
300	232	0
301	202	0
302	173	0
303	191	0
304	187	0
305	211	0
306	196	0
307	182	0
308	194	0
309	214	0
310	221	0
311	209	0
312	201	0
313	205	0
314	194	0
315	224	0
316	192	0
317	211	0
318	214	0
319	208	0
320	201	0
321	197	0
322	202	0
323	191	0
324	191	0
325	182	0
326	174	0
327	198	0
328	174	0
329	187	0
330	198	0
331	205	0
332	198	0
333	204	0
334	205	0
335	185	0
336	218	0
337	155	0
338	202	0
339	201	0
340	202	0
341	208	0
342	186	0
343	191	0
344	188	0
345	196	0
346	184	0
347	207	0
348	180	0
349	183	0
350	176	0
351	214	0
352	178	0
353	209	0
354	185	0
355	206	0
356	212	0
357	203	0
358	181	0
359	177	0
360	185	0
361	203	0
362	199	0
363	200	0
364	193	0
365	227	0
366	198	0
367	232	0
368	215	0
369	177	0
370	210	0
371	188	0
372	164	0
373	191	0
374	200	0
375	224	0
376	200	0
377	203	0
378	178	0
379	198	0
380	207	0
381	173	0
382	182	0
383	196	0
384	199	0
385	174	0
386	202	0
387	182	0
388	196	0
389	176	0
390	213	0
391	196	0
392	183	0
393	198	0
394	192	0
395	198	0
396	216	0
397	199	0
398	180	0
399	190	0
400	175	0
401	190	0
402	192	0
403	199	0
404	166	0
405	190	0
406	207	0
407	201	0
408	218	0
409	187	0
410	219	0
411	193	0
412	179	0
413	179	0
414	179	0
415	193	0
416	205	0
417	218	0
418	180	0
419	194	0
420	180	0
421	211	0
422	189	0
423	193	0
424	183	0
425	202	0
426	214	0
427	200	0
428	183	0
429	199	0
430	174	0
431	225	0
432	220	0
433	192	0
434	194	0
435	210	0
436	193	0
437	190	0
438	215	0
439	196	0
440	202	0
441	197	0
442	210	0
443	187	0
444	194	0
445	185	0
446	194	0
447	192	0
448	200	0
449	177	0
450	180	0
451	180	0
452	214	0
453	212	0
454	189	0
455	193	0
456	231	0
457	219	0
458	212	0
459	202	0
460	199	0
461	216	0
462	188	0
463	200	0
464	195	0
465	206	0
466	216	0
467	232	0
468	178	0
469	182	0
470	176	0
471	185	0
472	183	0
473	216	0
474	173	0
475	202	0
476	200	0
477	208	0
478	183	0
479	189	0
480	204	0
481	207	0
482	178	0
483	187	0
484	188	0
485	194	0
486	205	0
487	198	0
488	191	0
489	190	0
490	197	0
491	177	0
492	187	0
493	200	0
494	210	0
495	208	0
496	190	0
497	160	0
498	171	0
499	172	0
500	192	0
501	227	0
502	203	0
503	173	0
504	212	0
505	194	0
506	168	0
507	194	0
508	199	0
509	186	0
510	181	0
511	211	0
512	176	0
513	208	0
514	221	0
515	197	0
516	209	0
517	192	0
518	221	0
519	226	0
520	188	0
521	179	0
522	199	0
523	192	0
524	213	0
525	176	0
526	218	0
527	197	0
528	208	0
529	183	0
530	205	0
531	183	0
532	208	0
533	197	0
534	190	0
535	194	0
536	186	0
537	208	0
538	200	0
539	216	0
540	220	0
541	177	0
542	195	0
543	197	0
544	168	0
545	189	0
546	194	0
547	205	0
548	193	0
549	201	0
550	204	0
551	191	0
552	188	0
553	200	0
554	206	0
555	204	0
556	196	0
557	205	0
558	187	0
559	195	0
560	205	0
561	195	0
562	182	0
563	179	0
564	190	0
565	185	0
566	188	0
567	182	0
568	197	0
569	186	0
570	184	0
571	208	0
572	194	0
573	211	0
574	205	0
575	184	0
576	200	0
577	181	0
578	194	0
579	185	0
580	231	0
581	196	0
582	206	0
583	237	0
584	175	0
585	205	0
586	206	0
587	175	0
588	194	0
589	203	0
590	214	0
591	205	0
592	210	0
593	213	0
594	205	0
595	219	0
596	194	0
597	179	0
598	185	0
599	189	0
600	200	0
601	201	0
602	222	0
603	209	0
604	224	0
605	203	0
606	199	0
607	198	0
608	196	0
609	207	0
610	173	0
611	209	0
612	203	0
613	214	0
614	201	0
615	197	0
616	188	0
617	209	0
618	198	0
619	210	0
620	190	0
621	176	0
622	206	0
623	206	0
624	208	0
625	204	0
626	191	0
627	205	0
628	180	0
629	213	0
630	202	0
631	194	0
632	238	0
633	200	0
634	198	0
635	179	0
636	194	0
637	195	0
638	180	0
639	205	0
640	202	0
641	186	0
642	172	0
643	206	0
644	176	0
645	201	0
646	196	0
647	196	0
648	192	0
649	180	0
650	199	0
651	206	0
652	205	0
653	178	0
654	188	0
655	199	0
656	202	0
657	201	0
658	174	0
659	198	0
660	197	0
661	199	0
662	216	0
663	183	0
664	192	0
665	194	0
666	185	0
667	177	0
668	200	0
669	218	0
670	169	0
671	213	0
672	194	0
673	193	0
674	204	0
675	191	0
676	208	0
677	217	0
678	191	0
679	209	0
680	216	0
681	192	0
682	165	0
683	198	0
684	188	0
685	171	0
686	193	0
687	210	0
688	191	0
689	205	0
690	184	0
691	172	0
692	201	0
693	179	0
694	188	0
695	206	0
696	201	0
697	193	0
698	206	0
699	205	0
700	214	0
701	184	0
702	203	0
703	151	0
704	205	0
705	205	0
706	183	0
707	181	0
708	221	0
709	210	0
710	213	0
711	186	0
712	215	0
713	188	0
714	198	0
715	194	0
716	194	0
717	200	0
718	187	0
719	160	0
720	185	0
721	225	0
722	213	0
723	206	0
724	198	0
725	214	0
726	182	0
727	202	0
728	183	0
729	184	0
730	196	0
731	202	0
732	195	0
733	204	0
734	178	0
735	224	0
736	182	0
737	190	0
738	209	0
739	210	0
740	187	0
741	198	0
742	170	0
743	221	0
744	194	0
745	196	0
746	219	0
747	219	0
748	182	0
749	194	0
750	199	0
751	203	0
752	185	0
753	181	0
754	203	0
755	196	0
756	192	0
757	205	0
758	183	0
759	212	0
760	202	0
761	208	0
762	212	0
763	226	0
764	214	0
765	209	0
766	211	0
767	191	0
768	213	0
769	215	0
770	185	0
771	175	0
772	184	0
773	171	0
774	190	0
775	207	0
776	190	0
777	177	0
778	204	0
779	198	0
780	179	0
781	196	0
782	162	0
783	193	0
784	186	0
785	240	0
786	185	0
787	189	0
788	193	0
789	197	0
790	198	0
791	199	0
792	197	0
793	197	0
794	187	0
795	187	0
796	192	0
797	206	0
798	204	0
799	218	0
800	214	0
801	195	0
802	188	0
803	198	0
804	193	0
805	191	0
806	177	0
807	182	0
808	178	0
809	211	0
810	205	0
811	197	0
812	181	0
813	226	0
814	212	0
815	183	0
816	187	0
817	182	0
818	180	0
819	196	0
820	212	0
821	170	0
822	198	0
823	207	0
824	222	0
825	208	0
826	198	0
827	234	0
828	220	0
829	166	0
830	198	0
831	187	0
832	209	0
833	189	0
834	203	0
835	189	0
836	209	0
837	228	0
838	207	0
839	162	0
840	203	0
841	185	0
842	181	0
843	217	0
844	204	0
845	176	0
846	185	0
847	184	0
848	194	0
849	202	0
850	212	0
851	208	0
852	232	0
853	179	0
854	192	0
855	195	0
856	213	0
857	199	0
858	196	0
859	211	0
860	200	0
861	195	0
862	199	0
863	188	0
864	193	0
865	178	0
866	206	0
867	190	0
868	214	0
869	197	0
870	185	0
871	183	0
872	191	0
873	179	0
874	207	0
875	194	0
876	197	0
877	189	0
878	208	0
879	201	0
880	221	0
881	183	0
882	193	0
883	188	0
884	175	0
885	178	0
886	213	0
887	179	0
888	199	0
889	191	0
890	208	0
891	207	0
892	195	0
893	202	0
894	195	0
895	210	0
896	161	0
897	184	0
898	195	0
899	202	0
900	189	0
901	210	0
902	178	0
903	200	0
904	225	0
905	191	0
906	204	0
907	212	0
908	220	0
909	194	0
910	181	0
911	204	0
912	188	0
913	223	0
914	174	0
915	201	0
916	211	0
917	193	0
918	199	0
919	179	0
920	199	0
921	188	0
922	219	0
923	209	0
924	200	0
925	190	0
926	192	0
927	226	0
928	209	0
929	218	0
930	188	0
931	211	0
932	208	0
933	215	0
934	191	0
935	188	0
936	178	0
937	185	0
938	206	0
939	194	0
940	185	0
941	177	0
942	189	0
943	202	0
944	182	0
945	196	0
946	196	0
947	171	0
948	182	0
949	181	0
950	203	0
951	223	0
952	203	0
953	191	0
954	212	0
955	190	0
956	193	0
957	203	0
958	189	0
959	195	0
960	207	0
961	196	0
962	190	0
963	190	0
964	210	0
965	180	0
966	180	0
967	189	0
968	191	0
969	196	0
970	199	0
971	201	0
972	206	0
973	181	0
974	205	0
975	185	0
976	233	0
977	165	0
978	213	0
979	214	0
980	207	0
981	204	0
982	194	0
983	213	0
984	198	0
985	168	0
986	206	0
987	184	0
988	196	0
989	223	0
990	193	0
991	190	0
992	199	0
993	205	0
994	221	0
995	193	0
996	230	0
997	216	0
998	200	0
999	224	0
1000	203	0
1001	175	0
1002	205	0
1003	207	0
1004	176	0
1005	200	0
1006	202	0
1007	222	0
1008	239	0
1009	192	0
1010	178	0
1011	204	0
1012	226	0
1013	182	0
1014	197	0
1015	201	0
1016	217	0
1017	215	0
1018	202	0
1019	207	0
1020	201	0
1021	184	0
1022	211	0
1023	188	0
1024	188	0
1025	191	0
1026	209	0
1027	208	0
1028	201	0
1029	206	0
1030	216	0
1031	194	0
1032	185	0
1033	208	0
1034	194	0
1035	194	0
1036	191	0
1037	184	0
1038	216	0
1039	197	0
1040	191	0
1041	223	0
1042	165	0
1043	191	0
1044	187	0
1045	199	0
1046	177	0
1047	199	0
1048	219	0
1049	203	0
1050	205	0
1051	202	0
1052	213	0
1053	196	0
1054	200	0
1055	202	0
1056	200	0
1057	217	0
1058	195	0
1059	192	0
1060	184	0
1061	190	0
1062	195	0
1063	202	0
1064	173	0
1065	211	0
1066	177	0
1067	193	0
1068	162	0
1069	181	0
1070	190	0
1071	201	0
1072	190	0
1073	183	0
1074	219	0
1075	193	0
1076	179	0
1077	230	0
1078	211	0
1079	206	0
1080	196	0
1081	214	0
1082	182	0
1083	181	0
1084	177	0
1085	164	0
1086	210	0
1087	209	0
1088	194	0
1089	206	0
1090	194	0
1091	202	0
1092	167	0
1093	200	0
1094	179	0
1095	218	0
1096	185	0
1097	202	0
1098	181	0
1099	210	0
1100	188	0
1101	206	0
1102	204	0
1103	185	0
1104	196	0
1105	185	0
1106	177	0
1107	194	0
1108	177	0
1109	193	0
1110	191	0
1111	201	0
1112	198	0
1113	218	0
1114	191	0
1115	196	0
1116	173	0
1117	224	0
1118	197	0
1119	208	0
1120	215	0
1121	200	0
1122	188	0
1123	227	0
1124	192	0
1125	185	0
1126	211	0
1127	223	0
1128	232	0
1129	185	0
1130	174	0
1131	203	0
1132	194	0
1133	188	0
1134	179	0
1135	187	0
1136	187	0
1137	217	0
1138	205	0
1139	218	0
1140	199	0
1141	211	0
1142	168	0
1143	193	0
1144	208	0
1145	208	0
1146	189	0
1147	198	0
1148	191	0
1149	201	0
1150	191	0
1151	192	0
1152	189	0
1153	198	0
1154	218	0
1155	204	0
1156	179	0
1157	196	0
1158	187	0
1159	182	0
1160	179	0
1161	210	0
1162	224	0
1163	192	0
1164	209	0
1165	201	0
1166	192	0
1167	199	0
1168	181	0
1169	205	0
1170	202	0
1171	206	0
1172	184	0
1173	214	0
1174	185	0
1175	222	0
1176	211	0
1177	176	0
1178	193	0
1179	215	0
1180	216	0
1181	187	0
1182	206	0
1183	211	0
1184	205	0
1185	197	0
1186	185	0
1187	211	0
1188	155	0
1189	178	0
1190	198	0
1191	187	0
1192	190	0
1193	194	0
1194	216	0
1195	175	0
1196	213	0
1197	189	0
1198	194	0
1199	182	0
1200	192	0
1201	169	0
1202	211	0
1203	191	0
1204	200	0
1205	226	0
1206	166	0
1207	201	0
1208	194	0
1209	191	0
1210	197	0
1211	179	0
1212	189	0
1213	204	0
1214	159	0
1215	217	0
1216	206	0
1217	213	0
1218	203	0
1219	213	0
1220	187	0
1221	224	0
1222	201	0
1223	167	0
1224	186	0
1225	206	0
1226	186	0
1227	205	0
1228	194	0
1229	181	0
1230	179	0
1231	171	0
1232	214	0
1233	227	0
1234	205	0
1235	203	0
1236	193	0
1237	202	0
1238	189	0
1239	191	0
1240	203	0
1241	200	0
1242	186	0
1243	199	0
1244	180	0
1245	203	0
1246	180	0
1247	213	0
1248	200	0
1249	192	0
1250	201	0
1251	196	0
1252	205	0
1253	209	0
1254	202	0
1255	201	0
1256	203	0
1257	213	0
1258	222	0
1259	191	0
1260	181	0
1261	197	0
1262	202	0
1263	201	0
1264	205	0
1265	184	0
1266	211	0
1267	175	0
1268	191	0
1269	200	0
1270	207	0
1271	202	0
1272	193	0
1273	189	0
1274	227	0
1275	216	0
1276	183	0
1277	184	0
1278	188	0
1279	180	0
1280	192	0
1281	210	0
1282	185	0
1283	180	0
1284	204	0
1285	198	0
1286	204	0
1287	172	0
1288	188	0
1289	200	0
1290	183	0
1291	195	0
1292	179	0
1293	187	0
1294	202	0
1295	215	0
1296	186	0
1297	201	0
1298	213	0
1299	198	0
1300	202	0
1301	203	0
1302	190	0
1303	198	0
1304	225	0
1305	223	0
1306	198	0
1307	168	0
1308	205	0
1309	199	0
1310	187	0
1311	197	0
1312	197	0
1313	194	0
1314	195	0
1315	213	0
1316	207	0
1317	196	0
1318	178	0
1319	190	0
1320	203	0
1321	201	0
1322	203	0
1323	190	0
1324	213	0
1325	194	0
1326	208	0
1327	183	0
1328	204	0
1329	211	0
1330	179	0
1331	200	0
1332	206	0
1333	174	0
1334	197	0
1335	199	0
1336	207	0
1337	203	0
1338	207	0
1339	197	0
1340	201	0
1341	188	0
1342	188	0
1343	188	0
1344	215	0
1345	225	0
1346	206	0
1347	191	0
1348	193	0
1349	179	0
1350	178	0
1351	190	0
1352	197	0
1353	221	0
1354	197	0
1355	192	0
1356	185	0
1357	221	0
1358	185	0
1359	179	0
1360	188	0
1361	198	0
1362	201	0
1363	194	0
1364	198	0
1365	209	0
1366	202	0
1367	193	0
1368	189	0
1369	209	0
1370	185	0
1371	198	0
1372	197	0
1373	199	0
1374	201	0
1375	203	0
1376	221	0
1377	195	0
1378	203	0
1379	172	0
1380	210	0
1381	194	0
1382	184	0
1383	184	0
1384	196	0
1385	213	0
1386	206	0
1387	196	0
1388	195	0
1389	206	0
1390	171	0
1391	182	0
1392	192	0
1393	212	0
1394	204	0
1395	190	0
1396	184	0
1397	188	0
1398	204	0
1399	191	0
1400	209	0
1401	216	0
1402	197	0
1403	199	0
1404	186	0
1405	207	0
1406	183	0
1407	222	0
1408	180	0
1409	203	0
1410	209	0
1411	211	0
1412	197	0
1413	190	0
1414	185	0
1415	195	0
1416	188	0
1417	232	0
1418	215	0
1419	186	0
1420	226	0
1421	184	0
1422	168	0
1423	195	0
1424	209	0
1425	189	0
1426	173	0
1427	188	0
1428	217	0
1429	199	0
1430	168	0
1431	213	0
1432	175	0
1433	197	0
1434	210	0
1435	182	0
1436	215	0
1437	173	0
1438	168	0
1439	215	0
1440	156	0
1441	191	0
1442	202	0
1443	204	0
1444	188	0
1445	239	0
1446	207	0
1447	201	0
1448	184	0
1449	195	0
1450	215	0
1451	195	0
1452	203	0
1453	194	0
1454	198	0
1455	191	0
1456	205	0
1457	182	0
1458	195	0
1459	208	0
1460	172	0
1461	202	0
1462	182	0
1463	205	0
1464	191	0
1465	214	0
1466	204	0
1467	174	0
1468	187	0
1469	199	0
1470	203	0
1471	192	0
1472	190	0
1473	211	0
1474	213	0
1475	199	0
1476	199	0
1477	195	0
1478	198	0
1479	201	0
1480	186	0
1481	198	0
1482	205	0
1483	194	0
1484	185	0
1485	188	0
1486	181	0
1487	192	0
1488	217	0
1489	217	0
1490	194	0
1491	189	0
1492	198	0
1493	192	0
1494	195	0
1495	226	0
1496	198	0
1497	211	0
1498	203	0
1499	195	0
1500	217	0
1501	220	0
1502	195	0
1503	195	0
1504	163	0
1505	164	0
1506	204	0
1507	180	0
1508	197	0
1509	182	0
1510	193	0
1511	186	0
1512	191	0
1513	191	0
1514	209	0
1515	207	0
1516	200	0
1517	194	0
1518	196	0
1519	214	0
1520	209	0
1521	180	0
1522	204	0
1523	197	0
1524	174	0
1525	213	0
1526	197	0
1527	192	0
1528	213	0
1529	215	0
1530	199	0
1531	211	0
1532	209	0
1533	188	0
1534	195	0
1535	195	0
1536	202	0
1537	199	0
1538	205	0
1539	186	0
1540	206	0
1541	194	0
1542	181	0
1543	207	0
1544	200	0
1545	213	0
1546	177	0
1547	197	0
1548	195	0
1549	200	0
1550	197	0
1551	209	0
1552	204	0
1553	238	0
1554	196	0
1555	178	0
1556	227	0
1557	190	0
1558	206	0
1559	186	0
1560	227	0
1561	181	0
1562	186	0
1563	190	0
1564	204	0
1565	182	0
1566	183	0
1567	197	0
1568	194	0
1569	203	0
1570	190	0
1571	205	0
1572	206	0
1573	222	0
1574	193	0
1575	181	0
1576	183	0
1577	202	0
1578	197	0
1579	178	0
1580	187	0
1581	194	0
1582	206	0
1583	214	0
1584	205	0
1585	204	0
1586	183	0
1587	242	0
1588	182	0
1589	183	0
1590	202	0
1591	176	0
1592	221	0
1593	205	0
1594	195	0
1595	214	0
1596	209	0
1597	207	0
1598	197	0
1599	189	0
1600	206	0
1601	215	0
1602	200	0
1603	181	0
1604	203	0
1605	181	0
1606	180	0
1607	199	0
1608	208	0
1609	199	0
1610	200	0
1611	211	0
1612	194	0
1613	188	0
1614	202	0
1615	199	0
1616	202	0
1617	177	0
1618	203	0
1619	184	0
1620	227	0
1621	192	0
1622	188	0
1623	190	0
1624	195	0
1625	177	0
1626	180	0
1627	182	0
1628	215	0
1629	198	0
1630	182	0
1631	178	0
1632	205	0
1633	193	0
1634	191	0
1635	160	0
1636	164	0
1637	201	0
1638	206	0
1639	193	0
1640	214	0
1641	180	0
1642	204	0
1643	217	0
1644	222	0
1645	178	0
1646	192	0
1647	201	0
1648	195	0
1649	223	0
1650	210	0
1651	200	0
1652	194	0
1653	189	0
1654	183	0
1655	213	0
1656	221	0
1657	186	0
1658	213	0
1659	211	0
1660	205	0
1661	182	0
1662	216	0
1663	182	0
1664	181	0
1665	180	0
1666	220	0
1667	204	0
1668	205	0
1669	198	0
1670	200	0
1671	176	0
1672	192	0
1673	188	0
1674	167	0
1675	192	0
1676	208	0
1677	217	0
1678	192	0
1679	179	0
1680	178	0
1681	187	0
1682	206	0
1683	208	0
1684	208	0
1685	182	0
1686	188	0
1687	219	0
1688	206	0
1689	187	0
1690	196	0
1691	186	0
1692	203	0
1693	182	0
1694	203	0
1695	193	0
1696	186	0
1697	177	0
1698	205	0
1699	182	0
1700	187	0
1701	196	0
1702	202	0
1703	187	0
1704	207	0
1705	175	0
1706	185	0
1707	181	0
1708	182	0
1709	197	0
1710	176	0
1711	200	0
1712	181	0
1713	223	0
1714	198	0
1715	194	0
1716	212	0
1717	219	0
1718	194	0
1719	228	0
1720	187	0
1721	188	0
1722	211	0
1723	193	0
1724	187	0
1725	197	0
1726	177	0
1727	220	0
1728	195	0
1729	194	0
1730	197	0
1731	216	0
1732	203	0
1733	193	0
1734	199	0
1735	200	0
1736	201	0
1737	200	0
1738	206	0
1739	200	0
1740	168	0
1741	195	0
1742	204	0
1743	181	0
1744	175	0
1745	197	0
1746	206	0
1747	179	0
1748	197	0
1749	204	0
1750	205	0
1751	238	0
1752	220	0
1753	193	0
1754	221	0
1755	176	0
1756	195	0
1757	236	0
1758	200	0
1759	195	0
1760	214	0
1761	178	0
1762	204	0
1763	181	0
1764	187	0
1765	185	0
1766	201	0
1767	209	0
1768	194	0
1769	185	0
1770	200	0
1771	188	0
1772	187	0
1773	209	0
1774	204	0
1775	202	0
1776	196	0
1777	194	0
1778	222	0
1779	182	0
1780	164	0
1781	196	0
1782	198	0
1783	169	0
1784	211	0
1785	184	0
1786	202	0
1787	176	0
1788	185	0
1789	223	0
1790	197	0
1791	195	0
1792	183	0
1793	192	0
1794	207	0
1795	202	0
1796	196	0
1797	185	0
1798	174	0
1799	183	0
1800	213	0
1801	188	0
1802	200	0
1803	193	0
1804	220	0
1805	209	0
1806	184	0
1807	213	0
1808	182	0
1809	204	0
1810	185	0
1811	193	0
1812	209	0
1813	198	0
1814	200	0
1815	218	0
1816	179	0
1817	198	0
1818	184	0
1819	200	0
1820	219	0
1821	194	0
1822	179	0
1823	208	0
1824	193	0
1825	189	0
1826	182	0
1827	204	0
1828	188	0
1829	202	0
1830	206	0
1831	203	0
1832	191	0
1833	208	0
1834	199	0
1835	228	0
1836	195	0
1837	217	0
1838	205	0
1839	189	0
1840	181	0
1841	196	0
1842	172	0
1843	161	0
1844	209	0
1845	175	0
1846	201	0
1847	184	0
1848	212	0
1849	205	0
1850	218	0
1851	180	0
1852	210	0
1853	210	0
1854	196	0
1855	214	0
1856	213	0
1857	220	0
1858	205	0
1859	192	0
1860	234	0
1861	183	0
1862	191	0
1863	190	0
1864	193	0
1865	187	0
1866	216	0
1867	204	0
1868	205	0
1869	204	0
1870	204	0
1871	212	0
1872	190	0
1873	206	0
1874	158	0
1875	209	0
1876	223	0
1877	194	0
1878	205	0
1879	176	0
1880	191	0
1881	185	0
1882	176	0
1883	207	0
1884	231	0
1885	199	0
1886	208	0
1887	197	0
1888	186	0
1889	197	0
1890	216	0
1891	194	0
1892	177	0
1893	187	0
1894	209	0
1895	192	0
1896	194	0
1897	199	0
1898	223	0
1899	198	0
1900	180	0
1901	190	0
1902	183	0
1903	231	0
1904	175	0
1905	200	0
1906	234	0
1907	198	0
1908	206	0
1909	199	0
1910	189	0
1911	225	0
1912	189	0
1913	200	0
1914	200	0
1915	190	0
1916	213	0
1917	190	0
1918	162	0
1919	210	0
1920	194	0
1921	197	0
1922	185	0
1923	214	0
1924	200	0
1925	206	0
1926	182	0
1927	199	0
1928	163	0
1929	185	0
1930	228	0
1931	202	0
1932	184	0
1933	186	0
1934	170	0
1935	201	0
1936	219	0
1937	191	0
1938	188	0
1939	200	0
1940	175	0
1941	234	0
1942	196	0
1943	176	0
1944	188	0
1945	205	0
1946	191	0
1947	210	0
1948	220	0
1949	178	0
1950	190	0
1951	190	0
1952	227	0
1953	216	0
1954	188	0
1955	213	0
1956	191	0
1957	212	0
1958	198	0
1959	187	0
1960	188	0
1961	212	0
1962	217	0
1963	190	0
1964	197	0
1965	202	0
1966	213	0
1967	204	0
1968	172	0
1969	215	0
1970	200	0
1971	195	0
1972	205	0
1973	201	0
1974	190	0
1975	191	0
1976	210	0
1977	209	0
1978	195	0
1979	181	0
1980	212	0
1981	207	0
1982	197	0
1983	206	0
1984	198	0
1985	198	0
1986	204	0
1987	208	0
1988	197	0
1989	199	0
1990	192	0
1991	205	0
1992	215	0
1993	202	0
1994	200	0
1995	176	0
1996	176	0
1997	194	0
1998	192	0
1999	178	0
2000	177	0
2001	199	0
2002	196	0
2003	212	0
2004	180	0
2005	186	0
2006	207	0
2007	184	0
2008	192	0
2009	206	0
2010	211	0
2011	217	0
2012	216	0
2013	182	0
2014	215	0
2015	189	0
2016	222	0
2017	203	0
2018	200	0
2019	201	0
2020	209	0
2021	193	0
2022	172	0
2023	192	0
2024	187	0
2025	179	0
2026	195	0
2027	177	0
2028	193	0
2029	207	0
2030	203	0
2031	202	0
2032	167	0
2033	182	0
2034	198	0
2035	216	0
2036	194	0
2037	187	0
2038	195	0
2039	189	0
2040	200	0
2041	190	0
2042	204	0
2043	173	0
2044	217	0
2045	203	0
2046	182	0
2047	196	0
2048	191	0
2049	198	0
2050	191	0
2051	157	0
2052	216	0
2053	192	0
2054	214	0
2055	188	0
2056	191	0
2057	216	0
2058	190	0
2059	160	0
2060	183	0
2061	176	0
2062	218	0
2063	210	0
2064	205	0
2065	194	0
2066	187	0
2067	198	0
2068	178	0
2069	177	0
2070	205	0
2071	201	0
2072	182	0
2073	210	0
2074	197	0
2075	191	0
2076	184	0
2077	215	0
2078	209	0
2079	198	0
2080	206	0
2081	198	0
2082	181	0
2083	199	0
2084	232	0
2085	226	0
2086	214	0
2087	195	0
2088	214	0
2089	200	0
2090	194	0
2091	200	0
2092	190	0
2093	184	0
2094	221	0
2095	211	0
2096	181	0
2097	192	0
2098	197	0
2099	205	0
2100	216	0
2101	210	0
2102	212	0
2103	208	0
2104	218	0
2105	204	0
2106	194	0
2107	193	0
2108	227	0
2109	208	0
2110	181	0
2111	193	0
2112	210	0
2113	201	0
2114	185	0
2115	204	0
2116	192	0
2117	178	0
2118	181	0
2119	222	0
2120	213	0
2121	165	0
2122	206	0
2123	200	0
2124	188	0
2125	193	0
2126	191	0
2127	193	0
2128	208	0
2129	168	0
2130	205	0
2131	185	0
2132	205	0
2133	216	0
2134	193	0
2135	216	0
2136	197	0
2137	205	0
2138	188	0
2139	207	0
2140	178	0
2141	186	0
2142	183	0
2143	192	0
2144	205	0
2145	202	0
2146	200	0
2147	179	0
2148	185	0
2149	226	0
2150	187	0
2151	201	0
2152	187	0
2153	200	0
2154	211	0
2155	202	0
2156	221	0
2157	184	0
2158	209	0
2159	190	0
2160	189	0
2161	223	0
2162	197	0
2163	166	0
2164	187	0
2165	212	0
2166	211	0
2167	192	0
2168	193	0
2169	192	0
2170	197	0
2171	216	0
2172	172	0
2173	190	0
2174	196	0
2175	203	0
2176	213	0
2177	158	0
2178	188	0
2179	182	0
2180	204	0
2181	208	0
2182	201	0
2183	215	0
2184	192	0
2185	186	0
2186	210	0
2187	185	0
2188	175	0
2189	206	0
2190	200	0
2191	201	0
2192	189	0
2193	247	0
2194	171	0
2195	200	0
2196	192	0
2197	184	0
2198	195	0
2199	198	0
2200	199	0
2201	219	0
2202	187	0
2203	195	0
2204	190	0
2205	196	0
2206	184	0
2207	192	0
2208	185	0
2209	189	0
2210	166	0
2211	201	0
2212	196	0
2213	189	0
2214	206	0
2215	184	0
2216	182	0
2217	179	0
2218	191	0
2219	214	0
2220	191	0
2221	185	0
2222	188	0
2223	203	0
2224	190	0
2225	225	0
2226	195	0
2227	174	0
2228	187	0
2229	202	0
2230	204	0
2231	213	0
2232	186	0
2233	211	0
2234	210	0
2235	190	0
2236	177	0
2237	207	0
2238	211	0
2239	192	0
2240	192	0
2241	212	0
2242	185	0
2243	198	0
2244	187	0
2245	175	0
2246	173	0
2247	202	0
2248	192	0
2249	206	0
2250	182	0
2251	185	0
2252	180	0
2253	202	0
2254	200	0
2255	192	0
2256	180	0
2257	163	0
2258	208	0
2259	195	0
2260	205	0
2261	184	0
2262	205	0
2263	211	0
2264	187	0
2265	225	0
2266	174	0
2267	173	0
2268	204	0
2269	196	0
2270	196	0
2271	194	0
2272	190	0
2273	230	0
2274	163	0
2275	181	0
2276	202	0
2277	216	0
2278	194	0
2279	198	0
2280	188	0
2281	184	0
2282	189	0
2283	172	0
2284	195	0
2285	203	0
2286	190	0
2287	202	0
2288	194	0
2289	213	0
2290	177	0
2291	161	0
2292	210	0
2293	198	0
2294	227	0
2295	215	0
2296	192	0
2297	203	0
2298	176	0
2299	190	0
2300	210	0
2301	222	0
2302	221	0
2303	194	0
2304	203	0
2305	200	0
2306	201	0
2307	171	0
2308	190	0
2309	172	0
2310	211	0
2311	189	0
2312	190	0
2313	211	0
2314	180	0
2315	189	0
2316	196	0
2317	196	0
2318	221	0
2319	179	0
2320	206	0
2321	190	0
2322	202	0
2323	201	0
2324	192	0
2325	217	0
2326	177	0
2327	201	0
2328	183	0
2329	176	0
2330	217	0
2331	203	0
2332	186	0
2333	198	0
2334	201	0
2335	187	0
2336	178	0
2337	198	0
2338	209	0
2339	211	0
2340	194	0
2341	189	0
2342	197	0
2343	203	0
2344	212	0
2345	195	0
2346	187	0
2347	182	0
2348	191	0
2349	192	0
2350	214	0
2351	170	0
2352	197	0
2353	180	0
2354	199	0
2355	207	0
2356	197	0
2357	183	0
2358	213	0
2359	204	0
2360	196	0
2361	193	0
2362	201	0
2363	191	0
2364	190	0
2365	204	0
2366	201	0
2367	181	0
2368	171	0
2369	204	0
2370	192	0
2371	203	0
2372	190	0
2373	214	0
2374	187	0
2375	205	0
2376	201	0
2377	184	0
2378	179	0
2379	201	0
2380	224	0
2381	199	0
2382	203	0
2383	186	0
2384	213	0
2385	214	0
2386	208	0
2387	200	0
2388	206	0
2389	228	0
2390	195	0
2391	210	0
2392	200	0
2393	201	0
2394	205	0
2395	203	0
2396	190	0
2397	197	0
2398	210	0
2399	218	0
2400	220	0
2401	206	0
2402	198	0
2403	190	0
2404	202	0
2405	179	0
2406	195	0
2407	189	0
2408	227	0
2409	197	0
2410	202	0
2411	190	0
2412	180	0
2413	183	0
2414	195	0
2415	196	0
2416	200	0
2417	204	0
2418	180	0
2419	197	0
2420	189	0
2421	183	0
2422	189	0
2423	198	0
2424	190	0
2425	201	0
2426	208	0
2427	228	0
2428	190	0
2429	219	0
2430	167	0
2431	196	0
2432	172	0
2433	184	0
2434	201	0
2435	198	0
2436	209	0
2437	220	0
2438	201	0
2439	194	0
2440	200	0
2441	182	0
2442	183	0
2443	200	0
2444	185	0
2445	205	0
2446	211	0
2447	198	0
2448	181	0
2449	203	0
2450	218	0
2451	167	0
2452	183	0
2453	188	0
2454	212	0
2455	178	0
2456	177	0
2457	207	0
2458	211	0
2459	182	0
2460	185	0
2461	188	0
2462	191	0
2463	217	0
2464	180	0
2465	217	0
2466	205	0
2467	194	0
2468	176	0
2469	208	0
2470	231	0
2471	186	0
2472	191	0
2473	189	0
2474	207	0
2475	207	0
2476	196	0
2477	198	0
2478	209	0
2479	174	0
2480	222	0
2481	209	0
2482	188	0
2483	208	0
2484	228	0
2485	209	0
2486	197	0
2487	221	0
2488	194	0
2489	209	0
2490	188	0
2491	213	0
2492	221	0
2493	200	0
2494	185	0
2495	209	0
2496	208	0
2497	198	0
2498	190	0
2499	183	0
2500	194	0
2501	202	0
2502	183	0
2503	176	0
2504	221	0
2505	201	0
2506	197	0
2507	199	0
2508	205	0
2509	188	0
2510	196	0
2511	204	0
2512	170	0
2513	195	0
2514	186	0
2515	195	0
2516	179	0
2517	191	0
2518	199	0
2519	190	0
2520	190	0
2521	180	0
2522	208	0
2523	185	0
2524	209	0
2525	185	0
2526	187	0
2527	164	0
2528	199	0
2529	201	0
2530	221	0
2531	198	0
2532	196	0
2533	211	0
2534	208	0
2535	185	0
2536	190	0
2537	218	0
2538	197	0
2539	189	0
2540	234	0
2541	191	0
2542	169	0
2543	237	0
2544	176	0
2545	203	0
2546	189	0
2547	200	0
2548	199	0
2549	188	0
2550	195	0
2551	215	0
2552	199	0
2553	214	0
2554	184	0
2555	177	0
2556	202	0
2557	207	0
2558	197	0
2559	192	0
2560	207	0
2561	202	0
2562	199	0
2563	189	0
2564	193	0
2565	189	0
2566	225	0
2567	175	0
2568	183	0
2569	192	0
2570	210	0
2571	195	0
2572	187	0
2573	196	0
2574	201	0
2575	195	0
2576	172	0
2577	189	0
2578	189	0
2579	194	0
2580	206	0
2581	205	0
2582	218	0
2583	218	0
2584	198	0
2585	198	0
2586	205	0
2587	194	0
2588	209	0
2589	173	0
2590	194	0
2591	170	0
2592	207	0
2593	232	0
2594	180	0
2595	209	0
2596	190	0
2597	185	0
2598	205	0
2599	197	0
2600	196	0
2601	191	0
2602	192	0
2603	183	0
2604	186	0
2605	221	0
2606	194	0
2607	173	0
2608	196	0
2609	191	0
2610	197	0
2611	176	0
2612	192	0
2613	181	0
2614	206	0
2615	204	0
2616	175	0
2617	210	0
2618	202	0
2619	208	0
2620	204	0
2621	192	0
2622	192	0
2623	184	0
2624	235	0
2625	207	0
2626	210	0
2627	209	0
2628	193	0
2629	184	0
2630	211	0
2631	203	0
2632	182	0
2633	210	0
2634	194	0
2635	203	0
2636	211	0
2637	220	0
2638	217	0
2639	192	0
2640	203	0
2641	218	0
2642	205	0
2643	167	0
2644	203	0
2645	190	0
2646	193	0
2647	229	0
2648	180	0
2649	190	0
2650	189	0
2651	208	0
2652	180	0
2653	178	0
2654	203	0
2655	198	0
2656	168	0
2657	185	0
2658	202	0
2659	192	0
2660	205	0
2661	190	0
2662	171	0
2663	181	0
2664	202	0
2665	214	0
2666	183	0
2667	176	0
2668	205	0
2669	189	0
2670	191	0
2671	193	0
2672	226	0
2673	210	0
2674	193	0
2675	225	0
2676	171	0
2677	224	0
2678	240	0
2679	182	0
2680	190	0
2681	191	0
2682	213	0
2683	182	0
2684	183	0
2685	199	0
2686	189	0
2687	190	0
2688	204	0
2689	241	0
2690	191	0
2691	191	0
2692	188	0
2693	200	0
2694	189	0
2695	212	0
2696	214	0
2697	187	0
2698	203	0
2699	200	0
2700	187	0
2701	182	0
2702	198	0
2703	185	0
2704	192	0
2705	182	0
2706	209	0
2707	188	0
2708	214	0
2709	197	0
2710	211	0
2711	191	0
2712	203	0
2713	184	0
2714	182	0
2715	183	0
2716	214	0
2717	183	0
2718	178	0
2719	202	0
2720	192	0
2721	183	0
2722	208	0
2723	188	0
2724	193	0
2725	186	0
2726	201	0
2727	210	0
2728	225	0
2729	209	0
2730	193	0
2731	187	0
2732	181	0
2733	198	0
2734	176	0
2735	207	0
2736	196	0
2737	225	0
2738	179	0
2739	167	0
2740	215	0
2741	185	0
2742	183	0
2743	221	0
2744	185	0
2745	212	0
2746	195	0
2747	228	0
2748	175	0
2749	183	0
2750	178	0
2751	197	0
2752	220	0
2753	172	0
2754	202	0
2755	189	0
2756	164	0
2757	210	0
2758	212	0
2759	204	0
2760	202	0
2761	177	0
2762	190	0
2763	175	0
2764	200	0
2765	217	0
2766	198	0
2767	202	0
2768	189	0
2769	227	0
2770	180	0
2771	192	0
2772	174	0
2773	194	0
2774	214	0
2775	199	0
2776	176	0
2777	198	0
2778	188	0
2779	193	0
2780	201	0
2781	201	0
2782	211	0
2783	179	0
2784	187	0
2785	183	0
2786	192	0
2787	178	0
2788	187	0
2789	195	0
2790	184	0
2791	191	0
2792	180	0
2793	219	0
2794	195	0
2795	218	0
2796	167	0
2797	219	0
2798	215	0
2799	198	0
2800	175	0
2801	195	0
2802	213	0
2803	194	0
2804	188	0
2805	195	0
2806	208	0
2807	189	0
2808	193	0
2809	194	0
2810	219	0
2811	192	0
2812	187	0
2813	203	0
2814	202	0
2815	202	0
2816	194	0
2817	192	0
2818	203	0
2819	192	0
2820	194	0
2821	212	0
2822	181	0
2823	209	0
2824	179	0
2825	196	0
2826	204	0
2827	206	0
2828	200	0
2829	187	0
2830	185	0
2831	165	0
2832	168	0
2833	203	0
2834	189	0
2835	198	0
2836	171	0
2837	202	0
2838	206	0
2839	187	0
2840	204	0
2841	177	0
2842	194	0
2843	187	0
2844	209	0
2845	188	0
2846	200	0
2847	225	0
2848	190	0
2849	196	0
2850	210	0
2851	209	0
2852	202	0
2853	193	0
2854	182	0
2855	191	0
2856	202	0
2857	194	0
2858	190	0
2859	207	0
2860	186	0
2861	184	0
2862	188	0
2863	191	0
2864	190	0
2865	186	0
2866	183	0
2867	181	0
2868	211	0
2869	200	0
2870	176	0
2871	198	0
2872	216	0
2873	188	0
2874	206	0
2875	177	0
2876	185	0
2877	191	0
2878	189	0
2879	217	0
2880	195	0
2881	230	0
2882	178	0
2883	190	0
2884	186	0
2885	170	0
2886	205	0
2887	183	0
2888	187	0
2889	208	0
2890	221	0
2891	174	0
2892	199	0
2893	194	0
2894	189	0
2895	191	0
2896	187	0
2897	202	0
2898	193	0
2899	189	0
2900	198	0
2901	224	0
2902	197	0
2903	184	0
2904	202	0
2905	194	0
2906	217	0
2907	203	0
2908	184	0
2909	205	0
2910	178	0
2911	186	0
2912	208	0
2913	201	0
2914	180	0
2915	177	0
2916	200	0
2917	223	0
2918	193	0
2919	188	0
2920	204	0
2921	185	0
2922	206	0
2923	257	0
2924	222	0
2925	199	0
2926	202	0
2927	194	0
2928	186	0
2929	219	0
2930	209	0
2931	203	0
2932	217	0
2933	204	0
2934	180	0
2935	204	0
2936	178	0
2937	187	0
2938	188	0
2939	207	0
2940	157	0
2941	202	0
2942	189	0
2943	187	0
2944	175	0
2945	227	0
2946	189	0
2947	194	0
2948	185	0
2949	193	0
2950	212	0
2951	189	0
2952	203	0
2953	196	0
2954	195	0
2955	186	0
2956	196	0
2957	215	0
2958	195	0
2959	205	0
2960	191	0
2961	196	0
2962	207	0
2963	191	0
2964	187	0
2965	180	0
2966	191	0
2967	174	0
2968	205	0
2969	183	0
2970	232	0
2971	201	0
2972	208	0
2973	200	0
2974	217	0
2975	195	0
2976	203	0
2977	185	0
2978	210	0
2979	198	0
2980	181	0
2981	202	0
2982	211	0
2983	174	0
2984	228	0
2985	212	0
2986	209	0
2987	210	0
2988	204	0
2989	187	0
2990	197	0
2991	229	0
2992	196	0
2993	185	0
2994	209	0
2995	202	0
2996	217	0
2997	181	0
2998	202	0
2999	186	0
3000	210	0
