1	200	0
2	206	0
3	199	0
4	206	0
5	206	0
6	195	0
7	186	0
8	186	0
9	206	0
10	191	0
11	199	0
12	190	0
13	193	0
14	172	0
15	220	0
16	200	0
17	204	0
18	203	0
19	201	0
20	195	0
21	215	0
22	213	0
23	197	0
24	208	0
25	204	0
26	225	0
27	205	0
28	181	0
29	220	0
30	185	0
31	216	0
32	222	0
33	186	0
34	195	0
35	208	0
36	185	0
37	214	0
38	195	0
39	200	0
40	221	0
41	200	0
42	195	0
43	209	0
44	189	0
45	192	0
46	204	0
47	188	0
48	202	0
49	227	0
50	215	0
51	203	0
52	187	0
53	181	0
54	185	0
55	190	0
56	192	0
57	208	0
58	208	0
59	197	0
60	187	0
61	200	0
62	205	0
63	216	0
64	193	0
65	198	0
66	151	0
67	175	0
68	207	0
69	198	0
70	235	0
71	200	0
72	202	0
73	184	0
74	181	0
75	185	0
76	192	0
77	212	0
78	175	0
79	195	0
80	177	0
81	207	0
82	186	0
83	216	0
84	161	0
85	214	0
86	176	0
87	211	0
88	196	0
89	193	0
90	179	0
91	206	0
92	204	0
93	221	0
94	195	0
95	201	0
96	175	0
97	198	0
98	196	0
99	164	0
100	199	0
101	189	0
102	182	0
103	206	0
104	187	0
105	198	0
106	192	0
107	190	0
108	183	0
109	206	0
110	198	0
111	204	0
112	219	0
113	200	0
114	176	0
115	187	0
116	214	0
117	205	0
118	202	0
119	191	0
120	227	0
121	199	0
122	185	0
123	188	0
124	201	0
125	209	0
126	209	0
127	212	0
128	210	0
129	187	0
130	216	0
131	221	0
132	224	0
133	207	0
134	208	0
135	189	0
136	205	0
137	190	0
138	203	0
139	199	0
140	185	0
141	198	0
142	190	0
143	182	0
144	200	0
145	200	0
146	189	0
147	184	0
148	182	0
149	182	0
150	205	0
151	228	0
152	172	0
153	203	0
154	197	0
155	190	0
156	204	0
157	225	0
158	204	0
159	208	0
160	190	0
161	216	0
162	196	0
163	184	0
164	197	0
165	191	0
166	230	0
167	191	0
168	199	0
169	208	0
170	203	0
171	208	0
172	214	0
173	208	0
174	222	0
175	199	0
176	204	0
177	233	0
178	220	0
179	180	0
180	184	0
181	208	0
182	192	0
183	207	0
184	187	0
185	171	0
186	181	0
187	204	0
188	226	0
189	200	0
190	207	0
191	211	0
192	225	0
193	212	0
194	232	0
195	193	0
196	198	0
197	190	0
198	200	0
199	208	0
200	202	0
201	182	0
202	188	0
203	182	0
204	186	0
205	186	0
206	221	0
207	201	0
208	224	0
209	197	0
210	205	0
211	209	0
212	223	0
213	216	0
214	213	0
215	195	0
216	201	0
217	172	0
218	198	0
219	193	0
220	173	0
221	195	0
222	167	0
223	204	0
224	220	0
225	210	0
226	182	0
227	198	0
228	226	0
229	215	0
230	196	0
231	200	0
232	207	0
233	203	0
234	216	0
235	188	0
236	187	0
237	208	0
238	173	0
239	185	0
240	197	0
241	195	0
242	190	0
243	203	0
244	190	0
245	209	0
246	195	0
247	184	0
248	224	0
249	212	0
250	191	0
251	193	0
252	185	0
253	205	0
254	190	0
255	212	0
256	188	0
257	180	0
258	189	0
259	194	0
260	195	0
261	234	0
262	204	0
263	212	0
264	174	0
265	196	0
266	174	0
267	209	0
268	214	0
269	201	0
270	187	0
271	176	0
272	197	0
273	185	0
274	178	0
275	210	0
276	210	0
277	206	0
278	177	0
279	202	0
280	213	0
281	225	0
282	204	0
283	185	0
284	181	0
285	185	0
286	226	0
287	190	0
288	183	0
289	191	0
290	214	0
291	187	0
292	195	0
293	186	0
294	204	0
295	218	0
296	214	0
297	204	0
298	199	0
299	215	0
300	181	0
301	176	0
302	223	0
303	195	0
304	174	0
305	182	0
306	222	0
307	205	0
308	190	0
309	184	0
310	203	0
311	195	0
312	188	0
313	183	0
314	201	0
315	201	0
316	182	0
317	192	0
318	194	0
319	188	0
320	186	0
321	181	0
322	211	0
323	196	0
324	216	0
325	218	0
326	211	0
327	203	0
328	207	0
329	198	0
330	183	0
331	191	0
332	186	0
333	210	0
334	183	0
335	180	0
336	202	0
337	189	0
338	181	0
339	193	0
340	173	0
341	209	0
342	201	0
343	177	0
344	208	0
345	179	0
346	187	0
347	215	0
348	185	0
349	165	0
350	201	0
351	188	0
352	193	0
353	210	0
354	195	0
355	189	0
356	192	0
357	198	0
358	202	0
359	185	0
360	197	0
361	177	0
362	202	0
363	184	0
364	225	0
365	218	0
366	190	0
367	209	0
368	180	0
369	192	0
370	192	0
371	209	0
372	202	0
373	214	0
374	178	0
375	189	0
376	192	0
377	221	0
378	179	0
379	192	0
380	220	0
381	205	0
382	206	0
383	190	0
384	205	0
385	167	0
386	210	0
387	197	0
388	193	0
389	186	0
390	206	0
391	194	0
392	194	0
393	188	0
394	157	0
395	186	0
396	188	0
397	195	0
398	195	0
399	188	0
400	196	0
401	190	0
402	186	0
403	214	0
404	196	0
405	188	0
406	211	0
407	185	0
408	206	0
409	174	0
410	215	0
411	187	0
412	188	0
413	216	0
414	196	0
415	179	0
416	182	0
417	166	0
418	209	0
419	202	0
420	187	0
421	173	0
422	210	0
423	202	0
424	216	0
425	214	0
426	188	0
427	209	0
428	200	0
429	214	0
430	210	0
431	179	0
432	188	0
433	201	0
434	226	0
435	177	0
436	198	0
437	164	0
438	202	0
439	191	0
440	178	0
441	213	0
442	216	0
443	208	0
444	185	0
445	199	0
446	212	0
447	202	0
448	184	0
449	213	0
450	197	0
451	200	0
452	180	0
453	205	0
454	165	0
455	200	0
456	201	0
457	212	0
458	184	0
459	187	0
460	184	0
461	183	0
462	204	0
463	207	0
464	187	0
465	199	0
466	182	0
467	190	0
468	209	0
469	187	0
470	165	0
471	171	0
472	176	0
473	179	0
474	213	0
475	196	0
476	185	0
477	206	0
478	205	0
479	210	0
480	215	0
481	182	0
482	189	0
483	186	0
484	204	0
485	186	0
486	203	0
487	196	0
488	215	0
489	206	0
490	161	0
491	201	0
492	231	0
493	211	0
494	182	0
495	184	0
496	196	0
497	181	0
498	205	0
499	198	0
500	187	0
501	212	0
502	194	0
503	221	0
504	204	0
505	182	0
506	206	0
507	184	0
508	205	0
509	169	0
510	196	0
511	194	0
512	176	0
513	219	0
514	234	0
515	192	0
516	204	0
517	184	0
518	219	0
519	224	0
520	215	0
521	185	0
522	201	0
523	170	0
524	196	0
525	204	0
526	196	0
527	198	0
528	192	0
529	210	0
530	219	0
531	186	0
532	180	0
533	203	0
534	193	0
535	190	0
536	204	0
537	182	0
538	202	0
539	175	0
540	178	0
541	210	0
542	212	0
543	221	0
544	187	0
545	205	0
546	192	0
547	194	0
548	179	0
549	206	0
550	200	0
551	189	0
552	194	0
553	189	0
554	202	0
555	193	0
556	176	0
557	227	0
558	205	0
559	186	0
560	196	0
561	206	0
562	185	0
563	181	0
564	196	0
565	153	0
566	210	0
567	191	0
568	192	0
569	189	0
570	188	0
571	179	0
572	174	0
573	206	0
574	208	0
575	193	0
576	195	0
577	169	0
578	185	0
579	204	0
580	206	0
581	210	0
582	194	0
583	175	0
584	202	0
585	177	0
586	223	0
587	193	0
588	206	0
589	209	0
590	209	0
591	200	0
592	205	0
593	207	0
594	213	0
595	211	0
596	187	0
597	209	0
598	199	0
599	181	0
600	213	0
601	171	0
602	212	0
603	192	0
604	203	0
605	184	0
606	206	0
607	196	0
608	190	0
609	210	0
610	208	0
611	208	0
612	199	0
613	179	0
614	182	0
615	189	0
616	170	0
617	167	0
618	198	0
619	203	0
620	201	0
621	221	0
622	189	0
623	211	0
624	218	0
625	190	0
626	178	0
627	213	0
628	194	0
629	183	0
630	181	0
631	216	0
632	187	0
633	205	0
634	189	0
635	198	0
636	187	0
637	197	0
638	203	0
639	167	0
640	200	0
641	199	0
642	183	0
643	191	0
644	224	0
645	217	0
646	214	0
647	166	0
648	213	0
649	201	0
650	215	0
651	215	0
652	198	0
653	186	0
654	193	0
655	178	0
656	207	0
657	177	0
658	180	0
659	188	0
660	196	0
661	196	0
662	207	0
663	200	0
664	219	0
665	191	0
666	187	0
667	176	0
668	180	0
669	198	0
670	201	0
671	199	0
672	184	0
673	203	0
674	220	0
675	195	0
676	219	0
677	190	0
678	186	0
679	216	0
680	202	0
681	188	0
682	217	0
683	202	0
684	223	0
685	186	0
686	193	0
687	178	0
688	222	0
689	202	0
690	192	0
691	209	0
692	212	0
693	202	0
694	187	0
695	183	0
696	199	0
697	200	0
698	197	0
699	201	0
700	208	0
701	191	0
702	195	0
703	179	0
704	202	0
705	201	0
706	206	0
707	197	0
708	188	0
709	212	0
710	206	0
711	185	0
712	198	0
713	184	0
714	204	0
715	212	0
716	219	0
717	195	0
718	197	0
719	212	0
720	180	0
721	168	0
722	207	0
723	192	0
724	183	0
725	209	0
726	187	0
727	196	0
728	190	0
729	203	0
730	150	0
731	202	0
732	187	0
733	195	0
734	210	0
735	213	0
736	233	0
737	204	0
738	182	0
739	205	0
740	198	0
741	206	0
742	188	0
743	224	0
744	222	0
745	193	0
746	204	0
747	204	0
748	200	0
749	182	0
750	208	0
751	173	0
752	189	0
753	180	0
754	199	0
755	200	0
756	202	0
757	201	0
758	210	0
759	191	0
760	197	0
761	196	0
762	196	0
763	217	0
764	211	0
765	182	0
766	213	0
767	196	0
768	216	0
769	184	0
770	186	0
771	224	0
772	196	0
773	183	0
774	201	0
775	181	0
776	197	0
777	200	0
778	185	0
779	184	0
780	186	0
781	206	0
782	196	0
783	180	0
784	179	0
785	184	0
786	185	0
787	215	0
788	202	0
789	192	0
790	224	0
791	195	0
792	203	0
793	219	0
794	214	0
795	192	0
796	180	0
797	191	0
798	183	0
799	196	0
800	198	0
801	205	0
802	180	0
803	196	0
804	190	0
805	186	0
806	208	0
807	179	0
808	207	0
809	197	0
810	197	0
811	200	0
812	195	0
813	183	0
814	226	0
815	211	0
816	212	0
817	178	0
818	195	0
819	196	0
820	202	0
821	213	0
822	204	0
823	209	0
824	190	0
825	211	0
826	178	0
827	200	0
828	202	0
829	177	0
830	209	0
831	207	0
832	181	0
833	211	0
834	214	0
835	214	0
836	199	0
837	179	0
838	218	0
839	211	0
840	186	0
841	205	0
842	211	0
843	179	0
844	217	0
845	180	0
846	197	0
847	204	0
848	207	0
849	211	0
850	159	0
851	192	0
852	206	0
853	217	0
854	208	0
855	199	0
856	190	0
857	200	0
858	199	0
859	187	0
860	201	0
861	216	0
862	179	0
863	195	0
864	183	0
865	199	0
866	192	0
867	186	0
868	166	0
869	209	0
870	194	0
871	193	0
872	214	0
873	183	0
874	238	0
875	209	0
876	225	0
877	213	0
878	220	0
879	192	0
880	176	0
881	183	0
882	198	0
883	196	0
884	174	0
885	202	0
886	179	0
887	194	0
888	187	0
889	192	0
890	190	0
891	214	0
892	182	0
893	187	0
894	186	0
895	191	0
896	209	0
897	203	0
898	193	0
899	187	0
900	183	0
901	211	0
902	185	0
903	208	0
904	196	0
905	210	0
906	194	0
907	197	0
908	189	0
909	195	0
910	210	0
911	202	0
912	203	0
913	191	0
914	177	0
915	193	0
916	184	0
917	225	0
918	196	0
919	191	0
920	185	0
921	184	0
922	197	0
923	188	0
924	194	0
925	200	0
926	181	0
927	207	0
928	213	0
929	221	0
930	190	0
931	215	0
932	197	0
933	199	0
934	198	0
935	237	0
936	213	0
937	186	0
938	208	0
939	198	0
940	195	0
941	170	0
942	169	0
943	183	0
944	180	0
945	197	0
946	220	0
947	178	0
948	214	0
949	213	0
950	198	0
951	197	0
952	195	0
953	203	0
954	203	0
955	170	0
956	166	0
957	186	0
958	208	0
959	202	0
960	202	0
961	199	0
962	205	0
963	205	0
964	200	0
965	181	0
966	213	0
967	215	0
968	198	0
969	189	0
970	232	0
971	192	0
972	185	0
973	185	0
974	171	0
975	187	0
976	176	0
977	202	0
978	201	0
979	187	0
980	189	0
981	198	0
982	194	0
983	197	0
984	208	0
985	186	0
986	205	0
987	210	0
988	199	0
989	213	0
990	202	0
991	202	0
992	176	0
993	197	0
994	161	0
995	206	0
996	208	0
997	209	0
998	185	0
999	190	0
1000	214	0
1001	209	0
1002	202	0
1003	188	0
1004	223	0
1005	218	0
1006	193	0
1007	198	0
1008	196	0
1009	191	0
1010	198	0
1011	198	0
1012	209	0
1013	212	0
1014	178	0
1015	193	0
1016	192	0
1017	206	0
1018	216	0
1019	176	0
1020	207	0
1021	205	0
1022	209	0
1023	218	0
1024	197	0
1025	192	0
1026	205	0
1027	190	0
1028	202	0
1029	171	0
1030	189	0
1031	185	0
1032	193	0
1033	209	0
1034	211	0
1035	180	0
1036	211	0
1037	207	0
1038	198	0
1039	176	0
1040	206	0
1041	186	0
1042	206	0
1043	199	0
1044	203	0
1045	214	0
1046	206	0
1047	203	0
1048	189	0
1049	175	0
1050	209	0
1051	197	0
1052	217	0
1053	212	0
1054	181	0
1055	222	0
1056	225	0
1057	210	0
1058	180	0
1059	202	0
1060	189	0
1061	182	0
1062	203	0
1063	202	0
1064	212	0
1065	189	0
1066	170	0
1067	173	0
1068	185	0
1069	199	0
1070	185	0
1071	202	0
1072	184	0
1073	213	0
1074	182	0
1075	184	0
1076	212	0
1077	181	0
1078	186	0
1079	207	0
1080	198	0
1081	184	0
1082	210	0
1083	186	0
1084	215	0
1085	197	0
1086	176	0
1087	181	0
1088	200	0
1089	203	0
1090	226	0
1091	171	0
1092	176	0
1093	226	0
1094	207	0
1095	204	0
1096	197	0
1097	186	0
1098	182	0
1099	208	0
1100	181	0
1101	191	0
1102	190	0
1103	183	0
1104	220	0
1105	184	0
1106	212	0
1107	186	0
1108	193	0
1109	191	0
1110	201	0
1111	199	0
1112	200	0
1113	196	0
1114	194	0
1115	180	0
1116	179	0
1117	186	0
1118	206	0
1119	207	0
1120	219	0
1121	222	0
1122	185	0
1123	236	0
1124	175	0
1125	167	0
1126	196	0
1127	220	0
1128	190	0
1129	201	0
1130	191	0
1131	201	0
1132	188	0
1133	180	0
1134	178	0
1135	216	0
1136	202	0
1137	225	0
1138	205	0
1139	207	0
1140	176	0
1141	201	0
1142	183	0
1143	188	0
1144	184	0
1145	185	0
1146	185	0
1147	167	0
1148	214	0
1149	185	0
1150	199	0
1151	181	0
1152	195	0
1153	186	0
1154	210	0
1155	206	0
1156	195	0
1157	229	0
1158	183	0
1159	206	0
1160	193	0
1161	204	0
1162	195	0
1163	225	0
1164	225	0
1165	212	0
1166	194	0
1167	191	0
1168	197	0
1169	233	0
1170	169	0
1171	181	0
1172	192	0
1173	209	0
1174	206	0
1175	207	0
1176	180	0
1177	203	0
1178	199	0
1179	199	0
1180	190	0
1181	209	0
1182	218	0
1183	203	0
1184	177	0
1185	178	0
1186	206	0
1187	216	0
1188	199	0
1189	194	0
1190	221	0
1191	212	0
1192	200	0
1193	193	0
1194	203	0
1195	181	0
1196	217	0
1197	212	0
1198	201	0
1199	220	0
1200	214	0
1201	200	0
1202	224	0
1203	196	0
1204	195	0
1205	175	0
1206	187	0
1207	208	0
1208	182	0
1209	191	0
1210	173	0
1211	197	0
1212	209	0
1213	209	0
1214	207	0
1215	212	0
1216	186	0
1217	231	0
1218	177	0
1219	192	0
1220	180	0
1221	192	0
1222	193	0
1223	213	0
1224	197	0
1225	174	0
1226	199	0
1227	207	0
1228	195	0
1229	192	0
1230	217	0
1231	208	0
1232	204	0
1233	203	0
1234	193	0
1235	202	0
1236	215	0
1237	194	0
1238	217	0
1239	198	0
1240	187	0
1241	209	0
1242	220	0
1243	206	0
1244	178	0
1245	192	0
1246	184	0
1247	189	0
1248	197	0
1249	204	0
1250	198	0
1251	208	0
1252	205	0
1253	212	0
1254	218	0
1255	186	0
1256	206	0
1257	216	0
1258	205	0
1259	188	0
1260	196	0
1261	218	0
1262	222	0
1263	225	0
1264	195	0
1265	218	0
1266	210	0
1267	211	0
1268	182	0
1269	181	0
1270	203	0
1271	163	0
1272	204	0
1273	191	0
1274	202	0
1275	204	0
1276	238	0
1277	179	0
1278	206	0
1279	174	0
1280	204	0
1281	207	0
1282	177	0
1283	194	0
1284	204	0
1285	209	0
1286	185	0
1287	220	0
1288	224	0
1289	179	0
1290	218	0
1291	197	0
1292	196	0
1293	198	0
1294	170	0
1295	209	0
1296	201	0
1297	195	0
1298	189	0
1299	192	0
1300	202	0
1301	217	0
1302	217	0
1303	188	0
1304	212	0
1305	195	0
1306	212	0
1307	176	0
1308	208	0
1309	172	0
1310	177	0
1311	170	0
1312	201	0
1313	179	0
1314	206	0
1315	191	0
1316	174	0
1317	179	0
1318	196	0
1319	195	0
1320	215	0
1321	182	0
1322	196	0
1323	216	0
1324	205	0
1325	170	0
1326	209	0
1327	208	0
1328	189	0
1329	221	0
1330	187	0
1331	201	0
1332	202	0
1333	192	0
1334	238	0
1335	204	0
1336	189	0
1337	203	0
1338	191	0
1339	191	0
1340	207	0
1341	212	0
1342	175	0
1343	186	0
1344	180	0
1345	210	0
1346	226	0
1347	184	0
1348	180	0
1349	207	0
1350	175	0
1351	188	0
1352	185	0
1353	193	0
1354	186	0
1355	209	0
1356	197	0
1357	183	0
1358	154	0
1359	198	0
1360	200	0
1361	184	0
1362	217	0
1363	210	0
1364	207	0
1365	206	0
1366	201	0
1367	185	0
1368	176	0
1369	185	0
1370	209	0
1371	201	0
1372	203	0
1373	173	0
1374	183	0
1375	198	0
1376	206	0
1377	176	0
1378	194	0
1379	193	0
1380	190	0
1381	182	0
1382	239	0
1383	195	0
1384	200	0
1385	220	0
1386	204	0
1387	207	0
1388	211	0
1389	224	0
1390	220	0
1391	210	0
1392	190	0
1393	204	0
1394	226	0
1395	246	0
1396	224	0
1397	160	0
1398	202	0
1399	207	0
1400	186	0
1401	189	0
1402	210	0
1403	204	0
1404	167	0
1405	202	0
1406	196	0
1407	188	0
1408	211	0
1409	224	0
1410	212	0
1411	195	0
1412	222	0
1413	195	0
1414	186	0
1415	189	0
1416	209	0
1417	198	0
1418	199	0
1419	202	0
1420	211	0
1421	203	0
1422	186	0
1423	190	0
1424	170	0
1425	194	0
1426	181	0
1427	193	0
1428	180	0
1429	200	0
1430	206	0
1431	191	0
1432	177	0
1433	186	0
1434	185	0
1435	206	0
1436	204	0
1437	173	0
1438	186	0
1439	179	0
1440	218	0
1441	198	0
1442	187	0
1443	197	0
1444	213	0
1445	194	0
1446	210	0
1447	194	0
1448	178	0
1449	201	0
1450	186	0
1451	172	0
1452	193	0
1453	180	0
1454	224	0
1455	194	0
1456	175	0
1457	198	0
1458	183	0
1459	195	0
1460	197	0
1461	182	0
1462	196	0
1463	201	0
1464	200	0
1465	197	0
1466	178	0
1467	208	0
1468	200	0
1469	202	0
1470	213	0
1471	207	0
1472	189	0
1473	228	0
1474	199	0
1475	194	0
1476	207	0
1477	217	0
1478	184	0
1479	193	0
1480	202	0
1481	182	0
1482	193	0
1483	208	0
1484	206	0
1485	207	0
1486	185	0
1487	193	0
1488	185	0
1489	191	0
1490	183	0
1491	218	0
1492	199	0
1493	174	0
1494	188	0
1495	191	0
1496	169	0
1497	179	0
1498	205	0
1499	236	0
1500	169	0
1501	181	0
1502	185	0
1503	208	0
1504	217	0
1505	177	0
1506	200	0
1507	185	0
1508	208	0
1509	183	0
1510	214	0
1511	227	0
1512	193	0
1513	201	0
1514	207	0
1515	167	0
1516	224	0
1517	194	0
1518	203	0
1519	203	0
1520	174	0
1521	192	0
1522	208	0
1523	165	0
1524	201	0
1525	201	0
1526	202	0
1527	211	0
1528	202	0
1529	207	0
1530	190	0
1531	215	0
1532	185	0
1533	210	0
1534	203	0
1535	192	0
1536	205	0
1537	173	0
1538	209	0
1539	191	0
1540	178	0
1541	197	0
1542	206	0
1543	186	0
1544	189	0
1545	197	0
1546	164	0
1547	190	0
1548	204	0
1549	201	0
1550	209	0
1551	181	0
1552	197	0
1553	186	0
1554	200	0
1555	176	0
1556	189	0
1557	208	0
1558	194	0
1559	182	0
1560	213	0
1561	183	0
1562	192	0
1563	192	0
1564	171	0
1565	204	0
1566	215	0
1567	195	0
1568	215	0
1569	197	0
1570	191	0
1571	203	0
1572	194	0
1573	204	0
1574	195	0
1575	183	0
1576	194	0
1577	194	0
1578	188	0
1579	214	0
1580	193	0
1581	203	0
1582	193	0
1583	188	0
1584	193	0
1585	187	0
1586	201	0
1587	215	0
1588	204	0
1589	208	0
1590	227	0
1591	197	0
1592	173	0
1593	201	0
1594	209	0
1595	189	0
1596	184	0
1597	213	0
1598	200	0
1599	193	0
1600	190	0
1601	205	0
1602	206	0
1603	196	0
1604	180	0
1605	197	0
1606	194	0
1607	195	0
1608	214	0
1609	205	0
1610	188	0
1611	186	0
1612	183	0
1613	223	0
1614	192	0
1615	197	0
1616	184	0
1617	195	0
1618	180	0
1619	214	0
1620	185	0
1621	196	0
1622	204	0
1623	219	0
1624	189	0
1625	201	0
1626	194	0
1627	203	0
1628	196	0
1629	214	0
1630	197	0
1631	194	0
1632	198	0
1633	226	0
1634	193	0
1635	195	0
1636	185	0
1637	217	0
1638	211	0
1639	205	0
1640	190	0
1641	188	0
1642	203	0
1643	200	0
1644	207	0
1645	167	0
1646	210	0
1647	186	0
1648	184	0
1649	209	0
1650	192	0
1651	197	0
1652	210	0
1653	212	0
1654	192	0
1655	193	0
1656	200	0
1657	197	0
1658	205	0
1659	197	0
1660	183	0
1661	193	0
1662	208	0
1663	187	0
1664	197	0
1665	210	0
1666	195	0
1667	202	0
1668	192	0
1669	197	0
1670	191	0
1671	198	0
1672	183	0
1673	191	0
1674	196	0
1675	201	0
1676	229	0
1677	190	0
1678	226	0
1679	197	0
1680	163	0
1681	190	0
1682	173	0
1683	198	0
1684	189	0
1685	211	0
1686	211	0
1687	205	0
1688	218	0
1689	210	0
1690	206	0
1691	205	0
1692	215	0
1693	197	0
1694	185	0
1695	235	0
1696	208	0
1697	192	0
1698	201	0
1699	185	0
1700	188	0
1701	208	0
1702	208	0
1703	173	0
1704	218	0
1705	191	0
1706	209	0
1707	218	0
1708	182	0
1709	170	0
1710	209	0
1711	234	0
1712	196	0
1713	198	0
1714	203	0
1715	187	0
1716	198	0
1717	199	0
1718	194	0
1719	184	0
1720	191	0
1721	175	0
1722	218	0
1723	206	0
1724	206	0
1725	192	0
1726	198	0
1727	202	0
1728	205	0
1729	192	0
1730	190	0
1731	182	0
1732	204	0
1733	212	0
1734	185	0
1735	172	0
1736	190	0
1737	204	0
1738	194	0
1739	219	0
1740	188	0
1741	212	0
1742	193	0
1743	197	0
1744	203	0
1745	195	0
1746	199	0
1747	195	0
1748	181	0
1749	184	0
1750	185	0
1751	194	0
1752	218	0
1753	200	0
1754	193	0
1755	203	0
1756	205	0
1757	183	0
1758	175	0
1759	194	0
1760	191	0
1761	232	0
1762	195	0
1763	190	0
1764	223	0
1765	194	0
1766	210	0
1767	196	0
1768	209	0
1769	166	0
1770	196	0
1771	189	0
1772	253	0
1773	210	0
1774	178	0
1775	222	0
1776	188	0
1777	189	0
1778	169	0
1779	157	0
1780	195	0
1781	185	0
1782	170	0
1783	208	0
1784	195	0
1785	198	0
1786	198	0
1787	201	0
1788	189	0
1789	207	0
1790	203	0
1791	181	0
1792	206	0
1793	196	0
1794	180	0
1795	208	0
1796	214	0
1797	214	0
1798	210	0
1799	225	0
1800	189	0
1801	202	0
1802	183	0
1803	190	0
1804	211	0
1805	198	0
1806	184	0
1807	197	0
1808	198	0
1809	195	0
1810	203	0
1811	196	0
1812	203	0
1813	177	0
1814	218	0
1815	175	0
1816	194	0
1817	195	0
1818	184	0
1819	198	0
1820	195	0
1821	209	0
1822	209	0
1823	200	0
1824	172	0
1825	180	0
1826	200	0
1827	179	0
1828	195	0
1829	178	0
1830	202	0
1831	174	0
1832	208	0
1833	218	0
1834	195	0
1835	193	0
1836	202	0
1837	224	0
1838	202	0
1839	177	0
1840	195	0
1841	193	0
1842	187	0
1843	191	0
1844	175	0
1845	179	0
1846	204	0
1847	209	0
1848	188	0
1849	181	0
1850	187	0
1851	178	0
1852	217	0
1853	207	0
1854	200	0
1855	205	0
1856	203	0
1857	216	0
1858	197	0
1859	184	0
1860	200	0
1861	202	0
1862	191	0
1863	196	0
1864	197	0
1865	190	0
1866	213	0
1867	203	0
1868	225	0
1869	167	0
1870	185	0
1871	195	0
1872	161	0
1873	176	0
1874	224	0
1875	183	0
1876	213	0
1877	203	0
1878	206	0
1879	200	0
1880	220	0
1881	191	0
1882	179	0
1883	206	0
1884	215	0
1885	195	0
1886	215	0
1887	206	0
1888	195	0
1889	225	0
1890	207	0
1891	185	0
1892	202	0
1893	216	0
1894	187	0
1895	210	0
1896	205	0
1897	225	0
1898	188	0
1899	185	0
1900	206	0
1901	174	0
1902	190	0
1903	204	0
1904	165	0
1905	197	0
1906	212	0
1907	198	0
1908	185	0
1909	220	0
1910	197	0
1911	194	0
1912	194	0
1913	201	0
1914	204	0
1915	196	0
1916	205	0
1917	182	0
1918	207	0
1919	196	0
1920	190	0
1921	201	0
1922	186	0
1923	217	0
1924	200	0
1925	184	0
1926	193	0
1927	181	0
1928	196	0
1929	182	0
1930	181	0
1931	191	0
1932	194	0
1933	203	0
1934	200	0
1935	209	0
1936	187	0
1937	196	0
1938	205	0
1939	213	0
1940	173	0
1941	178	0
1942	196	0
1943	204	0
1944	203	0
1945	199	0
1946	164	0
1947	202	0
1948	195	0
1949	198	0
1950	206	0
1951	208	0
1952	203	0
1953	198	0
1954	195	0
1955	160	0
1956	200	0
1957	180	0
1958	197	0
1959	192	0
1960	196	0
1961	184	0
1962	188	0
1963	238	0
1964	214	0
1965	173	0
1966	211	0
1967	201	0
1968	205	0
1969	191	0
1970	184	0
1971	179	0
1972	199	0
1973	195	0
1974	205	0
1975	231	0
1976	209	0
1977	207	0
1978	209	0
1979	201	0
1980	191	0
1981	187	0
1982	180	0
1983	187	0
1984	219	0
1985	208	0
1986	193	0
1987	189	0
1988	191	0
1989	172	0
1990	189	0
1991	199	0
1992	182	0
1993	192	0
1994	194	0
1995	192	0
1996	183	0
1997	191	0
1998	211	0
1999	179	0
2000	226	0
2001	232	0
2002	195	0
2003	205	0
2004	185	0
2005	210	0
2006	182	0
2007	173	0
2008	196	0
2009	201	0
2010	209	0
2011	181	0
2012	195	0
2013	210	0
2014	183	0
2015	203	0
2016	193	0
2017	195	0
2018	178	0
2019	215	0
2020	212	0
2021	202	0
2022	200	0
2023	212	0
2024	203	0
2025	203	0
2026	202	0
2027	211	0
2028	211	0
2029	188	0
2030	193	0
2031	182	0
2032	201	0
2033	191	0
2034	197	0
2035	195	0
2036	181	0
2037	195	0
2038	204	0
2039	188	0
2040	188	0
2041	184	0
2042	193	0
2043	197	0
2044	197	0
2045	215	0
2046	208	0
2047	191	0
2048	183	0
2049	231	0
2050	179	0
2051	191	0
2052	210	0
2053	182	0
2054	225	0
2055	168	0
2056	225	0
2057	193	0
2058	191	0
2059	189	0
2060	209	0
2061	197	0
2062	197	0
2063	205	0
2064	165	0
2065	229	0
2066	190	0
2067	186	0
2068	205	0
2069	176	0
2070	205	0
2071	197	0
2072	195	0
2073	192	0
2074	184	0
2075	219	0
2076	175	0
2077	216	0
2078	173	0
2079	178	0
2080	199	0
2081	217	0
2082	207	0
2083	194	0
2084	207	0
2085	191	0
2086	195	0
2087	194	0
2088	181	0
2089	196	0
2090	174	0
2091	208	0
2092	207	0
2093	170	0
2094	201	0
2095	223	0
2096	184	0
2097	208	0
2098	190	0
2099	204	0
2100	182	0
2101	201	0
2102	221	0
2103	212	0
2104	216	0
2105	200	0
2106	192	0
2107	198	0
2108	191	0
2109	169	0
2110	183	0
2111	192	0
2112	189	0
2113	186	0
2114	194	0
2115	210	0
2116	223	0
2117	186	0
2118	196	0
2119	213	0
2120	190	0
2121	197	0
2122	186	0
2123	167	0
2124	195	0
2125	184	0
2126	211	0
2127	199	0
2128	199	0
2129	208	0
2130	206	0
2131	201	0
2132	187	0
2133	205	0
2134	194	0
2135	171	0
2136	184	0
2137	203	0
2138	187	0
2139	192	0
2140	174	0
2141	193	0
2142	198	0
2143	181	0
2144	188	0
2145	202	0
2146	184	0
2147	192	0
2148	204	0
2149	219	0
2150	205	0
2151	183	0
2152	209	0
2153	201	0
2154	177	0
2155	180	0
2156	199	0
2157	182	0
2158	190	0
2159	222	0
2160	186	0
2161	203	0
2162	189	0
2163	182	0
2164	190	0
2165	185	0
2166	182	0
2167	192	0
2168	194	0
2169	193	0
2170	188	0
2171	198	0
2172	181	0
2173	212	0
2174	189	0
2175	204	0
2176	187	0
2177	180	0
2178	195	0
2179	216	0
2180	202	0
2181	192	0
2182	218	0
2183	200	0
2184	196	0
2185	208	0
2186	177	0
2187	201	0
2188	186	0
2189	193	0
2190	207	0
2191	192	0
2192	199	0
2193	178	0
2194	207	0
2195	199	0
2196	209	0
2197	175	0
2198	205	0
2199	208	0
2200	214	0
2201	181	0
2202	177	0
2203	195	0
2204	241	0
2205	195	0
2206	184	0
2207	212	0
2208	197	0
2209	169	0
2210	161	0
2211	166	0
2212	206	0
2213	189	0
2214	215	0
2215	222	0
2216	194	0
2217	185	0
2218	184	0
2219	179	0
2220	190	0
2221	190	0
2222	204	0
2223	194	0
2224	198	0
2225	193	0
2226	198	0
2227	215	0
2228	195	0
2229	188	0
2230	215	0
2231	187	0
2232	209	0
2233	196	0
2234	188	0
2235	194	0
2236	195	0
2237	190	0
2238	201	0
2239	181	0
2240	210	0
2241	194	0
2242	195	0
2243	199	0
2244	185	0
2245	169	0
2246	202	0
2247	225	0
2248	189	0
2249	196	0
2250	204	0
2251	206	0
2252	177	0
2253	187	0
2254	190	0
2255	177	0
2256	216	0
2257	174	0
2258	229	0
2259	209	0
2260	169	0
2261	190	0
2262	203	0
2263	215	0
2264	200	0
2265	177	0
2266	182	0
2267	210	0
2268	204	0
2269	192	0
2270	190	0
2271	216	0
2272	206	0
2273	190	0
2274	198	0
2275	208	0
2276	185	0
2277	236	0
2278	172	0
2279	199	0
2280	179	0
2281	205	0
2282	182	0
2283	213	0
2284	200	0
2285	195	0
2286	213	0
2287	186	0
2288	204	0
2289	210	0
2290	192	0
2291	195	0
2292	227	0
2293	212	0
2294	220	0
2295	216	0
2296	209	0
2297	205	0
2298	168	0
2299	212	0
2300	201	0
2301	184	0
2302	191	0
2303	199	0
2304	210	0
2305	186	0
2306	198	0
2307	224	0
2308	193	0
2309	194	0
2310	180	0
2311	195	0
2312	176	0
2313	206	0
2314	182	0
2315	188	0
2316	193	0
2317	219	0
2318	194	0
2319	176	0
2320	193	0
2321	174	0
2322	198	0
2323	194	0
2324	180	0
2325	178	0
2326	188	0
2327	200	0
2328	211	0
2329	198	0
2330	203	0
2331	193	0
2332	208	0
2333	211	0
2334	193	0
2335	221	0
2336	214	0
2337	173	0
2338	210	0
2339	179	0
2340	174	0
2341	209	0
2342	194	0
2343	200	0
2344	174	0
2345	186	0
2346	179	0
2347	196	0
2348	197	0
2349	193	0
2350	201	0
2351	204	0
2352	202	0
2353	172	0
2354	208	0
2355	193	0
2356	188	0
2357	183	0
2358	201	0
2359	181	0
2360	221	0
2361	195	0
2362	186	0
2363	203	0
2364	209	0
2365	244	0
2366	194	0
2367	213	0
2368	181	0
2369	201	0
2370	171	0
2371	185	0
2372	188	0
2373	199	0
2374	176	0
2375	204	0
2376	167	0
2377	176	0
2378	183	0
2379	196	0
2380	194	0
2381	214	0
2382	199	0
2383	198	0
2384	182	0
2385	196	0
2386	189	0
2387	201	0
2388	200	0
2389	188	0
2390	207	0
2391	181	0
2392	198	0
2393	218	0
2394	197	0
2395	206	0
2396	175	0
2397	202	0
2398	202	0
2399	179	0
2400	209	0
2401	209	0
2402	196	0
2403	192	0
2404	185	0
2405	223	0
2406	214	0
2407	201	0
2408	183	0
2409	185	0
2410	193	0
2411	199	0
2412	219	0
2413	194	0
2414	192	0
2415	183	0
2416	190	0
2417	202	0
2418	206	0
2419	170	0
2420	197	0
2421	186	0
2422	211	0
2423	190	0
2424	205	0
2425	193	0
2426	183	0
2427	185	0
2428	191	0
2429	210	0
2430	198	0
2431	183	0
2432	177	0
2433	183	0
2434	210	0
2435	204	0
2436	175	0
2437	200	0
2438	224	0
2439	221	0
2440	182	0
2441	210	0
2442	203	0
2443	188	0
2444	199	0
2445	192	0
2446	191	0
2447	185	0
2448	208	0
2449	190	0
2450	190	0
2451	193	0
2452	192	0
2453	190	0
2454	197	0
2455	224	0
2456	199	0
2457	215	0
2458	201	0
2459	208	0
2460	188	0
2461	225	0
2462	201	0
2463	187	0
2464	175	0
2465	196	0
2466	203	0
2467	202	0
2468	208	0
2469	184	0
2470	196	0
2471	193	0
2472	170	0
2473	184	0
2474	209	0
2475	197	0
2476	243	0
2477	176	0
2478	199	0
2479	194	0
2480	199	0
2481	184	0
2482	199	0
2483	226	0
2484	173	0
2485	195	0
2486	181	0
2487	200	0
2488	195	0
2489	174	0
2490	189	0
2491	185	0
2492	172	0
2493	218	0
2494	192	0
2495	209	0
2496	188	0
2497	175	0
2498	193	0
2499	192	0
2500	199	0
2501	204	0
2502	187	0
2503	195	0
2504	195	0
2505	189	0
2506	199	0
2507	178	0
2508	192	0
2509	197	0
2510	192	0
2511	204	0
2512	172	0
2513	211	0
2514	201	0
2515	195	0
2516	200	0
2517	195	0
2518	177	0
2519	194	0
2520	201	0
2521	203	0
2522	193	0
2523	206	0
2524	213	0
2525	213	0
2526	213	0
2527	155	0
2528	196	0
2529	194	0
2530	203	0
2531	198	0
2532	199	0
2533	211	0
2534	188	0
2535	198	0
2536	212	0
2537	189	0
2538	189	0
2539	189	0
2540	177	0
2541	207	0
2542	178	0
2543	198	0
2544	209	0
2545	209	0
2546	184	0
2547	202	0
2548	178	0
2549	201	0
2550	200	0
2551	182	0
2552	214	0
2553	214	0
2554	204	0
2555	198	0
2556	183	0
2557	199	0
2558	205	0
2559	204	0
2560	191	0
2561	184	0
2562	211	0
2563	215	0
2564	195	0
2565	211	0
2566	180	0
2567	207	0
2568	212	0
2569	199	0
2570	198	0
2571	190	0
2572	200	0
2573	180	0
2574	199	0
2575	212	0
2576	194	0
2577	201	0
2578	181	0
2579	196	0
2580	214	0
2581	202	0
2582	180	0
2583	189	0
2584	177	0
2585	181	0
2586	205	0
2587	183	0
2588	179	0
2589	197	0
2590	229	0
2591	189	0
2592	202	0
2593	174	0
2594	224	0
2595	196	0
2596	197	0
2597	225	0
2598	213	0
2599	201	0
2600	183	0
2601	179	0
2602	198	0
2603	193	0
2604	166	0
2605	214	0
2606	220	0
2607	177	0
2608	206	0
2609	196	0
2610	203	0
2611	192	0
2612	191	0
2613	167	0
2614	199	0
2615	200	0
2616	201	0
2617	228	0
2618	219	0
2619	209	0
2620	174	0
2621	190	0
2622	207	0
2623	191	0
2624	191	0
2625	205	0
2626	190	0
2627	223	0
2628	217	0
2629	174	0
2630	199	0
2631	174	0
2632	184	0
2633	197	0
2634	172	0
2635	192	0
2636	186	0
2637	216	0
2638	183	0
2639	200	0
2640	167	0
2641	223	0
2642	199	0
2643	205	0
2644	205	0
2645	187	0
2646	202	0
2647	203	0
2648	208	0
2649	202	0
2650	191	0
2651	181	0
2652	237	0
2653	192	0
2654	185	0
2655	173	0
2656	201	0
2657	190	0
2658	217	0
2659	186	0
2660	187	0
2661	187	0
2662	218	0
2663	199	0
2664	211	0
2665	189	0
2666	183	0
2667	200	0
2668	182	0
2669	177	0
2670	200	0
2671	211	0
2672	199	0
2673	189	0
2674	200	0
2675	190	0
2676	214	0
2677	197	0
2678	210	0
2679	213	0
2680	187	0
2681	191	0
2682	196	0
2683	174	0
2684	220	0
2685	223	0
2686	205	0
2687	203	0
2688	189	0
2689	177	0
2690	195	0
2691	195	0
2692	206	0
2693	198	0
2694	175	0
2695	192	0
2696	208	0
2697	204	0
2698	209	0
2699	191	0
2700	208	0
2701	203	0
2702	204	0
2703	179	0
2704	176	0
2705	194	0
2706	179	0
2707	197	0
2708	174	0
2709	188	0
2710	204	0
2711	205	0
2712	172	0
2713	219	0
2714	202	0
2715	190	0
2716	203	0
2717	160	0
2718	191	0
2719	184	0
2720	204	0
2721	230	0
2722	188	0
2723	191	0
2724	215	0
2725	220	0
2726	193	0
2727	195	0
2728	208	0
2729	195	0
2730	190	0
2731	210	0
2732	210	0
2733	195	0
2734	179	0
2735	226	0
2736	204	0
2737	206	0
2738	213	0
2739	206	0
2740	204	0
2741	185	0
2742	190	0
2743	204	0
2744	208	0
2745	193	0
2746	210	0
2747	210	0
2748	225	0
2749	216	0
2750	204	0
2751	187	0
2752	168	0
2753	200	0
2754	223	0
2755	174	0
2756	221	0
2757	216	0
2758	210	0
2759	207	0
2760	217	0
2761	186	0
2762	197	0
2763	193	0
2764	187	0
2765	200	0
2766	204	0
2767	216	0
2768	187	0
2769	189	0
2770	201	0
2771	188	0
2772	182	0
2773	187	0
2774	180	0
2775	206	0
2776	187	0
2777	195	0
2778	168	0
2779	222	0
2780	206	0
2781	195	0
2782	223	0
2783	212	0
2784	188	0
2785	215	0
2786	191	0
2787	209	0
2788	202	0
2789	200	0
2790	227	0
2791	189	0
2792	239	0
2793	215	0
2794	216	0
2795	186	0
2796	230	0
2797	199	0
2798	192	0
2799	217	0
2800	200	0
2801	197	0
2802	220	0
2803	172	0
2804	196	0
2805	213	0
2806	175	0
2807	201	0
2808	192	0
2809	193	0
2810	193	0
2811	178	0
2812	194	0
2813	187	0
2814	209	0
2815	195	0
2816	221	0
2817	189	0
2818	172	0
2819	208	0
2820	204	0
2821	182	0
2822	175	0
2823	192	0
2824	207	0
2825	176	0
2826	189	0
2827	211	0
2828	186	0
2829	215	0
2830	191	0
2831	188	0
2832	161	0
2833	229	0
2834	197	0
2835	219	0
2836	236	0
2837	195	0
2838	216	0
2839	180	0
2840	197	0
2841	182	0
2842	198	0
2843	188	0
2844	215	0
2845	181	0
2846	214	0
2847	190	0
2848	213	0
2849	187	0
2850	184	0
2851	213	0
2852	194	0
2853	186	0
2854	201	0
2855	191	0
2856	226	0
2857	200	0
2858	204	0
2859	195	0
2860	176	0
2861	192	0
2862	216	0
2863	206	0
2864	195	0
2865	183	0
2866	217	0
2867	210	0
2868	188	0
2869	181	0
2870	193	0
2871	188	0
2872	165	0
2873	196	0
2874	209	0
2875	183	0
2876	191	0
2877	219	0
2878	186	0
2879	221	0
2880	205	0
2881	186	0
2882	186	0
2883	207	0
2884	219	0
2885	186	0
2886	181	0
2887	228	0
2888	183	0
2889	187	0
2890	202	0
2891	174	0
2892	196	0
2893	195	0
2894	192	0
2895	189	0
2896	202	0
2897	172	0
2898	213	0
2899	192	0
2900	199	0
2901	206	0
2902	201	0
2903	195	0
2904	205	0
2905	207	0
2906	195	0
2907	185	0
2908	186	0
2909	189	0
2910	202	0
2911	206	0
2912	195	0
2913	203	0
2914	190	0
2915	211	0
2916	191	0
2917	182	0
2918	200	0
2919	183	0
2920	192	0
2921	186	0
2922	210	0
2923	218	0
2924	194	0
2925	189	0
2926	202	0
2927	217	0
2928	175	0
2929	170	0
2930	182	0
2931	187	0
2932	198	0
2933	187	0
2934	203	0
2935	190	0
2936	192	0
2937	192	0
2938	209	0
2939	165	0
2940	171	0
2941	164	0
2942	192	0
2943	220	0
2944	203	0
2945	190	0
2946	204	0
2947	184	0
2948	209	0
2949	201	0
2950	186	0
2951	187	0
2952	210	0
2953	205	0
2954	216	0
2955	214	0
2956	231	0
2957	195	0
2958	194	0
2959	214	0
2960	186	0
2961	210	0
2962	198	0
2963	191	0
2964	225	0
2965	204	0
2966	165	0
2967	181	0
2968	196	0
2969	186	0
2970	205	0
2971	204	0
2972	204	0
2973	208	0
2974	203	0
2975	196	0
2976	194	0
2977	206	0
2978	210	0
2979	182	0
2980	184	0
2981	199	0
2982	201	0
2983	187	0
2984	190	0
2985	211	0
2986	173	0
2987	211	0
2988	206	0
2989	168	0
2990	197	0
2991	217	0
2992	176	0
2993	211	0
2994	200	0
2995	178	0
2996	203	0
2997	197	0
2998	206	0
2999	193	0
3000	190	0
