1	206	0
2	196	0
3	189	0
4	191	0
5	190	0
6	202	0
7	203	0
8	211	0
9	205	0
10	206	0
11	193	0
12	200	0
13	191	0
14	194	0
15	188	0
16	202	0
17	197	0
18	192	0
19	183	0
20	200	0
21	185	0
22	208	0
23	183	0
24	184	0
25	188	0
26	230	0
27	193	0
28	206	0
29	202	0
30	191	0
31	206	0
32	199	0
33	179	0
34	183	0
35	213	0
36	179	0
37	211	0
38	212	0
39	226	0
40	204	0
41	201	0
42	193	0
43	191	0
44	210	0
45	198	0
46	181	0
47	208	0
48	190	0
49	197	0
50	187	0
51	201	0
52	206	0
53	181	0
54	194	0
55	211	0
56	194	0
57	206	0
58	187	0
59	177	0
60	182	0
61	197	0
62	205	0
63	178	0
64	211	0
65	179	0
66	179	0
67	193	0
68	189	0
69	222	0
70	188	0
71	209	0
72	203	0
73	196	0
74	222	0
75	174	0
76	234	0
77	198	0
78	167	0
79	193	0
80	200	0
81	218	0
82	199	0
83	178	0
84	198	0
85	183	0
86	191	0
87	200	0
88	185	0
89	217	0
90	182	0
91	202	0
92	202	0
93	196	0
94	210	0
95	203	0
96	178	0
97	191	0
98	175	0
99	177	0
100	200	0
101	195	0
102	207	0
103	195	0
104	210	0
105	214	0
106	205	0
107	196	0
108	168	0
109	196	0
110	199	0
111	211	0
112	233	0
113	210	0
114	233	0
115	208	0
116	194	0
117	219	0
118	204	0
119	200	0
120	191	0
121	201	0
122	171	0
123	193	0
124	201	0
125	218	0
126	193	0
127	175	0
128	214	0
129	229	0
130	185	0
131	220	0
132	225	0
133	215	0
134	183	0
135	217	0
136	202	0
137	183	0
138	205	0
139	200	0
140	209	0
141	175	0
142	187	0
143	184	0
144	198	0
145	190	0
146	182	0
147	195	0
148	175	0
149	208	0
150	202	0
151	205	0
152	213	0
153	180	0
154	161	0
155	217	0
156	190	0
157	203	0
158	197	0
159	206	0
160	187	0
161	198	0
162	188	0
163	197	0
164	179	0
165	177	0
166	189	0
167	193	0
168	207	0
169	200	0
170	198	0
171	215	0
172	191	0
173	235	0
174	207	0
175	194	0
176	205	0
177	179	0
178	177	0
179	190	0
180	204	0
181	201	0
182	157	0
183	192	0
184	183	0
185	225	0
186	197	0
187	205	0
188	222	0
189	184	0
190	171	0
191	191	0
192	185	0
193	184	0
194	185	0
195	193	0
196	213	0
197	215	0
198	222	0
199	183	0
200	187	0
201	184	0
202	199	0
203	213	0
204	207	0
205	186	0
206	214	0
207	169	0
208	193	0
209	217	0
210	173	0
211	182	0
212	197	0
213	209	0
214	203	0
215	196	0
216	212	0
217	194	0
218	195	0
219	206	0
220	196	0
221	223	0
222	185	0
223	188	0
224	183	0
225	192	0
226	190	0
227	194	0
228	179	0
229	176	0
230	210	0
231	193	0
232	211	0
233	200	0
234	195	0
235	175	0
236	227	0
237	204	0
238	184	0
239	181	0
240	179	0
241	188	0
242	196	0
243	210	0
244	205	0
245	196	0
246	207	0
247	188	0
248	172	0
249	212	0
250	202	0
251	219	0
252	196	0
253	190	0
254	194	0
255	214	0
256	170	0
257	182	0
258	186	0
259	205	0
260	199	0
261	217	0
262	205	0
263	176	0
264	176	0
265	232	0
266	200	0
267	181	0
268	211	0
269	188	0
270	202	0
271	188	0
272	207	0
273	215	0
274	186	0
275	175	0
276	180	0
277	186	0
278	201	0
279	202	0
280	184	0
281	217	0
282	166	0
283	199	0
284	205	0
285	194	0
286	198	0
287	184	0
288	188	0
289	217	0
290	185	0
291	185	0
292	199	0
293	189	0
294	217	0
295	194	0
296	199	0
297	194	0
298	225	0
299	191	0
300	192	0
301	193	0
302	176	0
303	188	0
304	206	0
305	187	0
306	199	0
307	240	0
308	177	0
309	201	0
310	177	0
311	172	0
312	176	0
313	220	0
314	175	0
315	181	0
316	199	0
317	197	0
318	179	0
319	176	0
320	196	0
321	193	0
322	205	0
323	185	0
324	212	0
325	174	0
326	184	0
327	193	0
328	199	0
329	199	0
330	191	0
331	196	0
332	192	0
333	188	0
334	196	0
335	195	0
336	201	0
337	205	0
338	183	0
339	188	0
340	184	0
341	197	0
342	188	0
343	205	0
344	182	0
345	194	0
346	201	0
347	170	0
348	200	0
349	212	0
350	174	0
351	207	0
352	228	0
353	215	0
354	205	0
355	210	0
356	201	0
357	198	0
358	174	0
359	210	0
360	197	0
361	201	0
362	192	0
363	186	0
364	199	0
365	195	0
366	181	0
367	190	0
368	188	0
369	166	0
370	209	0
371	188	0
372	176	0
373	199	0
374	208	0
375	208	0
376	196	0
377	222	0
378	193	0
379	200	0
380	207	0
381	173	0
382	181	0
383	191	0
384	180	0
385	185	0
386	207	0
387	178	0
388	189	0
389	183	0
390	210	0
391	192	0
392	211	0
393	204	0
394	203	0
395	187	0
396	198	0
397	203	0
398	213	0
399	189	0
400	217	0
401	172	0
402	202	0
403	192	0
404	183	0
405	190	0
406	190	0
407	179	0
408	205	0
409	194	0
410	198	0
411	171	0
412	212	0
413	177	0
414	215	0
415	208	0
416	188	0
417	219	0
418	200	0
419	195	0
420	229	0
421	186	0
422	208	0
423	197	0
424	163	0
425	197	0
426	209	0
427	183	0
428	204	0
429	209	0
430	193	0
431	170	0
432	209	0
433	188	0
434	219	0
435	207	0
436	185	0
437	210	0
438	207	0
439	197	0
440	209	0
441	202	0
442	188	0
443	200	0
444	215	0
445	194	0
446	194	0
447	207	0
448	194	0
449	182	0
450	204	0
451	194	0
452	188	0
453	193	0
454	174	0
455	188	0
456	211	0
457	177	0
458	195	0
459	209	0
460	192	0
461	198	0
462	219	0
463	203	0
464	196	0
465	176	0
466	191	0
467	197	0
468	199	0
469	206	0
470	186	0
471	180	0
472	187	0
473	184	0
474	192	0
475	183	0
476	197	0
477	210	0
478	201	0
479	199	0
480	205	0
481	197	0
482	208	0
483	176	0
484	153	0
485	205	0
486	191	0
487	218	0
488	226	0
489	208	0
490	205	0
491	193	0
492	237	0
493	190	0
494	185	0
495	235	0
496	202	0
497	184	0
498	198	0
499	208	0
500	211	0
501	195	0
502	211	0
503	189	0
504	199	0
505	200	0
506	201	0
507	197	0
508	198	0
509	198	0
510	175	0
511	197	0
512	202	0
513	189	0
514	223	0
515	192	0
516	191	0
517	184	0
518	188	0
519	172	0
520	201	0
521	187	0
522	209	0
523	192	0
524	226	0
525	201	0
526	201	0
527	173	0
528	183	0
529	188	0
530	192	0
531	204	0
532	192	0
533	166	0
534	190	0
535	195	0
536	201	0
537	188	0
538	185	0
539	182	0
540	185	0
541	198	0
542	169	0
543	188	0
544	208	0
545	212	0
546	204	0
547	182	0
548	184	0
549	188	0
550	172	0
551	184	0
552	183	0
553	214	0
554	215	0
555	202	0
556	197	0
557	189	0
558	190	0
559	186	0
560	189	0
561	167	0
562	201	0
563	237	0
564	191	0
565	187	0
566	207	0
567	196	0
568	218	0
569	201	0
570	198	0
571	205	0
572	207	0
573	192	0
574	189	0
575	201	0
576	207	0
577	204	0
578	204	0
579	215	0
580	185	0
581	192	0
582	212	0
583	181	0
584	186	0
585	208	0
586	193	0
587	164	0
588	188	0
589	222	0
590	214	0
591	197	0
592	204	0
593	203	0
594	203	0
595	201	0
596	205	0
597	192	0
598	213	0
599	216	0
600	187	0
601	201	0
602	204	0
603	194	0
604	196	0
605	174	0
606	217	0
607	227	0
608	189	0
609	201	0
610	191	0
611	215	0
612	210	0
613	207	0
614	213	0
615	219	0
616	195	0
617	206	0
618	192	0
619	195	0
620	187	0
621	212	0
622	212	0
623	192	0
624	218	0
625	191	0
626	187	0
627	212	0
628	182	0
629	197	0
630	178	0
631	195	0
632	189	0
633	212	0
634	201	0
635	203	0
636	197	0
637	174	0
638	171	0
639	187	0
640	205	0
641	206	0
642	181	0
643	206	0
644	222	0
645	214	0
646	195	0
647	214	0
648	213	0
649	180	0
650	217	0
651	215	0
652	223	0
653	187	0
654	192	0
655	191	0
656	208	0
657	192	0
658	203	0
659	199	0
660	213	0
661	204	0
662	200	0
663	200	0
664	194	0
665	186	0
666	214	0
667	186	0
668	196	0
669	202	0
670	199	0
671	200	0
672	231	0
673	200	0
674	217	0
675	184	0
676	201	0
677	186	0
678	193	0
679	168	0
680	194	0
681	188	0
682	197	0
683	213	0
684	221	0
685	211	0
686	208	0
687	168	0
688	227	0
689	217	0
690	223	0
691	209	0
692	196	0
693	198	0
694	163	0
695	203	0
696	200	0
697	208	0
698	209	0
699	213	0
700	189	0
701	197	0
702	176	0
703	212	0
704	192	0
705	190	0
706	191	0
707	192	0
708	190	0
709	206	0
710	233	0
711	186	0
712	178	0
713	191	0
714	223	0
715	196	0
716	214	0
717	194	0
718	185	0
719	202	0
720	208	0
721	198	0
722	194	0
723	174	0
724	187	0
725	203	0
726	201	0
727	199	0
728	179	0
729	184	0
730	187	0
731	218	0
732	212	0
733	206	0
734	187	0
735	203	0
736	200	0
737	184	0
738	214	0
739	213	0
740	200	0
741	186	0
742	197	0
743	183	0
744	196	0
745	207	0
746	194	0
747	202	0
748	203	0
749	188	0
750	190	0
751	180	0
752	196	0
753	192	0
754	192	0
755	224	0
756	196	0
757	198	0
758	190	0
759	178	0
760	210	0
761	221	0
762	214	0
763	219	0
764	195	0
765	218	0
766	177	0
767	180	0
768	187	0
769	204	0
770	201	0
771	177	0
772	209	0
773	210	0
774	216	0
775	204	0
776	203	0
777	194	0
778	179	0
779	215	0
780	179	0
781	201	0
782	204	0
783	180	0
784	224	0
785	164	0
786	197	0
787	158	0
788	196	0
789	214	0
790	202	0
791	181	0
792	208	0
793	208	0
794	192	0
795	183	0
796	177	0
797	208	0
798	211	0
799	189	0
800	195	0
801	193	0
802	206	0
803	217	0
804	174	0
805	196	0
806	208	0
807	200	0
808	181	0
809	189	0
810	189	0
811	203	0
812	217	0
813	191	0
814	196	0
815	210	0
816	217	0
817	200	0
818	219	0
819	188	0
820	188	0
821	178	0
822	209	0
823	192	0
824	211	0
825	194	0
826	194	0
827	198	0
828	175	0
829	221	0
830	205	0
831	195	0
832	196	0
833	190	0
834	184	0
835	185	0
836	177	0
837	206	0
838	207	0
839	220	0
840	199	0
841	208	0
842	185	0
843	190	0
844	180	0
845	211	0
846	187	0
847	202	0
848	203	0
849	194	0
850	211	0
851	190	0
852	211	0
853	220	0
854	199	0
855	219	0
856	181	0
857	185	0
858	193	0
859	187	0
860	178	0
861	196	0
862	203	0
863	212	0
864	202	0
865	193	0
866	225	0
867	198	0
868	188	0
869	191	0
870	193	0
871	221	0
872	179	0
873	190	0
874	230	0
875	189	0
876	232	0
877	196	0
878	208	0
879	225	0
880	173	0
881	204	0
882	213	0
883	186	0
884	184	0
885	199	0
886	202	0
887	194	0
888	198	0
889	190	0
890	205	0
891	196	0
892	196	0
893	212	0
894	192	0
895	184	0
896	193	0
897	202	0
898	233	0
899	197	0
900	197	0
901	191	0
902	193	0
903	174	0
904	219	0
905	217	0
906	193	0
907	202	0
908	204	0
909	203	0
910	209	0
911	223	0
912	186	0
913	186	0
914	202	0
915	176	0
916	209	0
917	202	0
918	191	0
919	220	0
920	228	0
921	199	0
922	174	0
923	199	0
924	194	0
925	225	0
926	206	0
927	185	0
928	164	0
929	212	0
930	194	0
931	203	0
932	205	0
933	186	0
934	188	0
935	194	0
936	189	0
937	220	0
938	209	0
939	184	0
940	212	0
941	192	0
942	190	0
943	190	0
944	200	0
945	199	0
946	209	0
947	188	0
948	191	0
949	179	0
950	196	0
951	191	0
952	190	0
953	189	0
954	189	0
955	209	0
956	179	0
957	215	0
958	168	0
959	196	0
960	176	0
961	219	0
962	208	0
963	202	0
964	192	0
965	207	0
966	174	0
967	195	0
968	202	0
969	161	0
970	192	0
971	181	0
972	186	0
973	221	0
974	184	0
975	190	0
976	200	0
977	180	0
978	174	0
979	197	0
980	208	0
981	213	0
982	199	0
983	202	0
984	198	0
985	198	0
986	211	0
987	204	0
988	203	0
989	192	0
990	184	0
991	204	0
992	215	0
993	184	0
994	183	0
995	183	0
996	176	0
997	177	0
998	214	0
999	186	0
1000	195	0
1001	192	0
1002	193	0
1003	177	0
1004	182	0
1005	181	0
1006	184	0
1007	204	0
1008	208	0
1009	188	0
1010	185	0
1011	184	0
1012	208	0
1013	175	0
1014	178	0
1015	220	0
1016	209	0
1017	194	0
1018	216	0
1019	206	0
1020	202	0
1021	202	0
1022	206	0
1023	188	0
1024	179	0
1025	189	0
1026	182	0
1027	210	0
1028	177	0
1029	181	0
1030	214	0
1031	226	0
1032	195	0
1033	193	0
1034	193	0
1035	184	0
1036	206	0
1037	178	0
1038	180	0
1039	199	0
1040	206	0
1041	207	0
1042	207	0
1043	183	0
1044	200	0
1045	213	0
1046	187	0
1047	177	0
1048	177	0
1049	201	0
1050	194	0
1051	185	0
1052	183	0
1053	215	0
1054	189	0
1055	168	0
1056	165	0
1057	199	0
1058	175	0
1059	195	0
1060	189	0
1061	188	0
1062	200	0
1063	197	0
1064	188	0
1065	204	0
1066	190	0
1067	205	0
1068	197	0
1069	208	0
1070	182	0
1071	211	0
1072	193	0
1073	202	0
1074	207	0
1075	184	0
1076	181	0
1077	193	0
1078	202	0
1079	204	0
1080	181	0
1081	199	0
1082	214	0
1083	204	0
1084	209	0
1085	218	0
1086	194	0
1087	206	0
1088	190	0
1089	195	0
1090	206	0
1091	217	0
1092	174	0
1093	163	0
1094	230	0
1095	170	0
1096	184	0
1097	222	0
1098	209	0
1099	188	0
1100	200	0
1101	173	0
1102	191	0
1103	177	0
1104	204	0
1105	202	0
1106	184	0
1107	208	0
1108	212	0
1109	225	0
1110	218	0
1111	190	0
1112	180	0
1113	237	0
1114	180	0
1115	189	0
1116	218	0
1117	173	0
1118	189	0
1119	185	0
1120	197	0
1121	201	0
1122	185	0
1123	184	0
1124	192	0
1125	186	0
1126	188	0
1127	188	0
1128	186	0
1129	173	0
1130	208	0
1131	191	0
1132	204	0
1133	214	0
1134	185	0
1135	185	0
1136	173	0
1137	212	0
1138	185	0
1139	199	0
1140	195	0
1141	237	0
1142	212	0
1143	182	0
1144	212	0
1145	168	0
1146	211	0
1147	186	0
1148	194	0
1149	204	0
1150	219	0
1151	210	0
1152	182	0
1153	191	0
1154	225	0
1155	189	0
1156	197	0
1157	172	0
1158	193	0
1159	187	0
1160	201	0
1161	209	0
1162	191	0
1163	167	0
1164	181	0
1165	185	0
1166	184	0
1167	206	0
1168	198	0
1169	191	0
1170	203	0
1171	175	0
1172	214	0
1173	190	0
1174	198	0
1175	206	0
1176	188	0
1177	179	0
1178	183	0
1179	208	0
1180	170	0
1181	212	0
1182	176	0
1183	207	0
1184	175	0
1185	206	0
1186	211	0
1187	197	0
1188	183	0
1189	211	0
1190	209	0
1191	189	0
1192	188	0
1193	200	0
1194	204	0
1195	179	0
1196	201	0
1197	216	0
1198	198	0
1199	195	0
1200	213	0
1201	194	0
1202	213	0
1203	209	0
1204	243	0
1205	209	0
1206	200	0
1207	190	0
1208	227	0
1209	172	0
1210	206	0
1211	191	0
1212	169	0
1213	191	0
1214	189	0
1215	202	0
1216	159	0
1217	178	0
1218	194	0
1219	192	0
1220	176	0
1221	200	0
1222	222	0
1223	198	0
1224	227	0
1225	211	0
1226	193	0
1227	209	0
1228	197	0
1229	168	0
1230	213	0
1231	197	0
1232	178	0
1233	190	0
1234	189	0
1235	196	0
1236	176	0
1237	197	0
1238	196	0
1239	211	0
1240	211	0
1241	201	0
1242	183	0
1243	177	0
1244	191	0
1245	196	0
1246	191	0
1247	180	0
1248	209	0
1249	200	0
1250	182	0
1251	192	0
1252	214	0
1253	192	0
1254	185	0
1255	183	0
1256	190	0
1257	197	0
1258	224	0
1259	204	0
1260	208	0
1261	192	0
1262	191	0
1263	171	0
1264	191	0
1265	204	0
1266	208	0
1267	164	0
1268	206	0
1269	219	0
1270	189	0
1271	192	0
1272	211	0
1273	217	0
1274	214	0
1275	170	0
1276	186	0
1277	168	0
1278	203	0
1279	197	0
1280	202	0
1281	215	0
1282	179	0
1283	196	0
1284	202	0
1285	191	0
1286	190	0
1287	196	0
1288	203	0
1289	215	0
1290	193	0
1291	168	0
1292	187	0
1293	214	0
1294	197	0
1295	180	0
1296	200	0
1297	214	0
1298	183	0
1299	195	0
1300	209	0
1301	195	0
1302	198	0
1303	194	0
1304	175	0
1305	193	0
1306	176	0
1307	177	0
1308	184	0
1309	211	0
1310	194	0
1311	178	0
1312	199	0
1313	203	0
1314	194	0
1315	208	0
1316	193	0
1317	223	0
1318	186	0
1319	222	0
1320	193	0
1321	187	0
1322	167	0
1323	200	0
1324	198	0
1325	189	0
1326	197	0
1327	187	0
1328	220	0
1329	200	0
1330	218	0
1331	200	0
1332	199	0
1333	183	0
1334	194	0
1335	182	0
1336	205	0
1337	172	0
1338	236	0
1339	201	0
1340	200	0
1341	205	0
1342	186	0
1343	193	0
1344	207	0
1345	188	0
1346	191	0
1347	181	0
1348	203	0
1349	174	0
1350	198	0
1351	206	0
1352	192	0
1353	209	0
1354	188	0
1355	200	0
1356	188	0
1357	190	0
1358	190	0
1359	191	0
1360	199	0
1361	187	0
1362	187	0
1363	193	0
1364	208	0
1365	183	0
1366	197	0
1367	195	0
1368	204	0
1369	173	0
1370	200	0
1371	159	0
1372	198	0
1373	219	0
1374	192	0
1375	202	0
1376	189	0
1377	198	0
1378	189	0
1379	214	0
1380	205	0
1381	224	0
1382	163	0
1383	167	0
1384	187	0
1385	186	0
1386	198	0
1387	208	0
1388	194	0
1389	195	0
1390	192	0
1391	198	0
1392	169	0
1393	220	0
1394	166	0
1395	198	0
1396	199	0
1397	209	0
1398	166	0
1399	217	0
1400	174	0
1401	221	0
1402	194	0
1403	188	0
1404	214	0
1405	196	0
1406	190	0
1407	187	0
1408	189	0
1409	193	0
1410	197	0
1411	203	0
1412	197	0
1413	205	0
1414	184	0
1415	183	0
1416	210	0
1417	202	0
1418	191	0
1419	215	0
1420	183	0
1421	196	0
1422	179	0
1423	224	0
1424	201	0
1425	200	0
1426	163	0
1427	178	0
1428	206	0
1429	204	0
1430	186	0
1431	191	0
1432	167	0
1433	192	0
1434	174	0
1435	199	0
1436	171	0
1437	191	0
1438	204	0
1439	200	0
1440	193	0
1441	200	0
1442	197	0
1443	230	0
1444	196	0
1445	184	0
1446	210	0
1447	173	0
1448	183	0
1449	173	0
1450	195	0
1451	227	0
1452	181	0
1453	197	0
1454	199	0
1455	192	0
1456	194	0
1457	197	0
1458	222	0
1459	202	0
1460	195	0
1461	179	0
1462	216	0
1463	223	0
1464	188	0
1465	184	0
1466	174	0
1467	197	0
1468	203	0
1469	179	0
1470	199	0
1471	193	0
1472	185	0
1473	198	0
1474	195	0
1475	205	0
1476	196	0
1477	183	0
1478	216	0
1479	189	0
1480	196	0
1481	194	0
1482	180	0
1483	181	0
1484	212	0
1485	223	0
1486	188	0
1487	186	0
1488	171	0
1489	183	0
1490	194	0
1491	181	0
1492	219	0
1493	205	0
1494	187	0
1495	205	0
1496	194	0
1497	204	0
1498	199	0
1499	209	0
1500	190	0
1501	210	0
1502	190	0
1503	177	0
1504	172	0
1505	210	0
1506	181	0
1507	189	0
1508	189	0
1509	215	0
1510	216	0
1511	198	0
1512	186	0
1513	200	0
1514	169	0
1515	200	0
1516	216	0
1517	196	0
1518	198	0
1519	220	0
1520	176	0
1521	188	0
1522	229	0
1523	180	0
1524	212	0
1525	212	0
1526	201	0
1527	207	0
1528	194	0
1529	189	0
1530	204	0
1531	190	0
1532	211	0
1533	166	0
1534	191	0
1535	183	0
1536	176	0
1537	181	0
1538	204	0
1539	190	0
1540	213	0
1541	196	0
1542	176	0
1543	202	0
1544	197	0
1545	180	0
1546	190	0
1547	202	0
1548	190	0
1549	210	0
1550	187	0
1551	185	0
1552	182	0
1553	189	0
1554	210	0
1555	207	0
1556	226	0
1557	165	0
1558	186	0
1559	173	0
1560	199	0
1561	228	0
1562	185	0
1563	197	0
1564	184	0
1565	195	0
1566	208	0
1567	194	0
1568	182	0
1569	198	0
1570	180	0
1571	222	0
1572	188	0
1573	164	0
1574	212	0
1575	221	0
1576	176	0
1577	199	0
1578	175	0
1579	192	0
1580	184	0
1581	228	0
1582	187	0
1583	204	0
1584	201	0
1585	198	0
1586	233	0
1587	161	0
1588	188	0
1589	198	0
1590	200	0
1591	216	0
1592	202	0
1593	182	0
1594	226	0
1595	221	0
1596	186	0
1597	190	0
1598	203	0
1599	199	0
1600	209	0
1601	205	0
1602	172	0
1603	202	0
1604	177	0
1605	187	0
1606	206	0
1607	186	0
1608	194	0
1609	217	0
1610	178	0
1611	193	0
1612	163	0
1613	190	0
1614	172	0
1615	165	0
1616	183	0
1617	183	0
1618	189	0
1619	185	0
1620	188	0
1621	168	0
1622	234	0
1623	186	0
1624	178	0
1625	187	0
1626	215	0
1627	205	0
1628	195	0
1629	201	0
1630	188	0
1631	208	0
1632	179	0
1633	202	0
1634	190	0
1635	176	0
1636	170	0
1637	212	0
1638	179	0
1639	183	0
1640	185	0
1641	196	0
1642	220	0
1643	191	0
1644	188	0
1645	205	0
1646	189	0
1647	176	0
1648	213	0
1649	172	0
1650	186	0
1651	207	0
1652	227	0
1653	195	0
1654	190	0
1655	188	0
1656	212	0
1657	215	0
1658	195	0
1659	199	0
1660	201	0
1661	202	0
1662	190	0
1663	198	0
1664	197	0
1665	179	0
1666	217	0
1667	205	0
1668	198	0
1669	197	0
1670	194	0
1671	199	0
1672	204	0
1673	204	0
1674	191	0
1675	201	0
1676	199	0
1677	191	0
1678	205	0
1679	194	0
1680	211	0
1681	196	0
1682	202	0
1683	200	0
1684	183	0
1685	201	0
1686	225	0
1687	206	0
1688	193	0
1689	207	0
1690	188	0
1691	194	0
1692	185	0
1693	232	0
1694	207	0
1695	202	0
1696	189	0
1697	220	0
1698	184	0
1699	206	0
1700	194	0
1701	196	0
1702	202	0
1703	215	0
1704	195	0
1705	236	0
1706	215	0
1707	191	0
1708	198	0
1709	213	0
1710	172	0
1711	197	0
1712	188	0
1713	190	0
1714	193	0
1715	175	0
1716	194	0
1717	217	0
1718	191	0
1719	215	0
1720	206	0
1721	184	0
1722	207	0
1723	212	0
1724	222	0
1725	174	0
1726	207	0
1727	213	0
1728	189	0
1729	171	0
1730	173	0
1731	196	0
1732	197	0
1733	197	0
1734	218	0
1735	174	0
1736	194	0
1737	186	0
1738	177	0
1739	189	0
1740	180	0
1741	180	0
1742	179	0
1743	182	0
1744	201	0
1745	199	0
1746	212	0
1747	223	0
1748	184	0
1749	174	0
1750	217	0
1751	210	0
1752	194	0
1753	187	0
1754	173	0
1755	199	0
1756	200	0
1757	199	0
1758	182	0
1759	178	0
1760	184	0
1761	186	0
1762	199	0
1763	174	0
1764	196	0
1765	166	0
1766	194	0
1767	199	0
1768	181	0
1769	204	0
1770	174	0
1771	186	0
1772	209	0
1773	191	0
1774	164	0
1775	218	0
1776	189	0
1777	196	0
1778	199	0
1779	194	0
1780	206	0
1781	225	0
1782	180	0
1783	190	0
1784	189	0
1785	185	0
1786	207	0
1787	194	0
1788	202	0
1789	203	0
1790	196	0
1791	186	0
1792	196	0
1793	211	0
1794	190	0
1795	191	0
1796	179	0
1797	202	0
1798	213	0
1799	216	0
1800	206	0
1801	164	0
1802	167	0
1803	192	0
1804	172	0
1805	184	0
1806	199	0
1807	202	0
1808	191	0
1809	216	0
1810	193	0
1811	191	0
1812	198	0
1813	179	0
1814	186	0
1815	175	0
1816	211	0
1817	169	0
1818	180	0
1819	190	0
1820	180	0
1821	185	0
1822	205	0
1823	200	0
1824	181	0
1825	198	0
1826	199	0
1827	174	0
1828	220	0
1829	195	0
1830	188	0
1831	185	0
1832	177	0
1833	215	0
1834	219	0
1835	191	0
1836	200	0
1837	179	0
1838	177	0
1839	190	0
1840	191	0
1841	187	0
1842	208	0
1843	204	0
1844	194	0
1845	200	0
1846	190	0
1847	195	0
1848	179	0
1849	182	0
1850	203	0
1851	188	0
1852	211	0
1853	164	0
1854	205	0
1855	185	0
1856	223	0
1857	175	0
1858	206	0
1859	204	0
1860	184	0
1861	215	0
1862	181	0
1863	201	0
1864	179	0
1865	216	0
1866	189	0
1867	204	0
1868	216	0
1869	218	0
1870	204	0
1871	212	0
1872	190	0
1873	209	0
1874	225	0
1875	196	0
1876	202	0
1877	184	0
1878	197	0
1879	191	0
1880	203	0
1881	205	0
1882	196	0
1883	217	0
1884	203	0
1885	182	0
1886	188	0
1887	169	0
1888	189	0
1889	181	0
1890	198	0
1891	185	0
1892	186	0
1893	191	0
1894	201	0
1895	198	0
1896	227	0
1897	203	0
1898	178	0
1899	203	0
1900	228	0
1901	195	0
1902	193	0
1903	202	0
1904	198	0
1905	175	0
1906	187	0
1907	200	0
1908	207	0
1909	191	0
1910	192	0
1911	217	0
1912	198	0
1913	176	0
1914	188	0
1915	221	0
1916	210	0
1917	192	0
1918	197	0
1919	191	0
1920	195	0
1921	171	0
1922	173	0
1923	176	0
1924	181	0
1925	179	0
1926	183	0
1927	191	0
1928	218	0
1929	194	0
1930	199	0
1931	209	0
1932	166	0
1933	191	0
1934	226	0
1935	195	0
1936	204	0
1937	177	0
1938	206	0
1939	188	0
1940	181	0
1941	184	0
1942	196	0
1943	183	0
1944	202	0
1945	205	0
1946	204	0
1947	180	0
1948	183	0
1949	191	0
1950	202	0
1951	194	0
1952	167	0
1953	180	0
1954	168	0
1955	192	0
1956	217	0
1957	231	0
1958	174	0
1959	208	0
1960	214	0
1961	203	0
1962	192	0
1963	194	0
1964	174	0
1965	186	0
1966	190	0
1967	183	0
1968	184	0
1969	197	0
1970	200	0
1971	197	0
1972	180	0
1973	187	0
1974	184	0
1975	181	0
1976	202	0
1977	195	0
1978	226	0
1979	238	0
1980	191	0
1981	197	0
1982	195	0
1983	201	0
1984	182	0
1985	198	0
1986	204	0
1987	176	0
1988	190	0
1989	196	0
1990	190	0
1991	195	0
1992	196	0
1993	203	0
1994	197	0
1995	177	0
1996	191	0
1997	187	0
1998	188	0
1999	215	0
2000	190	0
2001	180	0
2002	200	0
2003	216	0
2004	203	0
2005	187	0
2006	186	0
2007	189	0
2008	214	0
2009	207	0
2010	193	0
2011	230	0
2012	185	0
2013	210	0
2014	211	0
2015	199	0
2016	212	0
2017	202	0
2018	182	0
2019	202	0
2020	208	0
2021	188	0
2022	201	0
2023	222	0
2024	189	0
2025	182	0
2026	206	0
2027	205	0
2028	207	0
2029	151	0
2030	182	0
2031	209	0
2032	183	0
2033	174	0
2034	201	0
2035	208	0
2036	205	0
2037	174	0
2038	180	0
2039	182	0
2040	224	0
2041	190	0
2042	165	0
2043	177	0
2044	191	0
2045	216	0
2046	213	0
2047	199	0
2048	204	0
2049	205	0
2050	212	0
2051	192	0
2052	195	0
2053	184	0
2054	186	0
2055	188	0
2056	197	0
2057	216	0
2058	193	0
2059	195	0
2060	214	0
2061	198	0
2062	181	0
2063	195	0
2064	222	0
2065	150	0
2066	186	0
2067	204	0
2068	169	0
2069	211	0
2070	195	0
2071	205	0
2072	191	0
2073	182	0
2074	222	0
2075	221	0
2076	194	0
2077	201	0
2078	197	0
2079	165	0
2080	186	0
2081	207	0
2082	185	0
2083	158	0
2084	191	0
2085	194	0
2086	210	0
2087	190	0
2088	184	0
2089	193	0
2090	197	0
2091	181	0
2092	188	0
2093	201	0
2094	230	0
2095	214	0
2096	200	0
2097	186	0
2098	190	0
2099	217	0
2100	170	0
2101	204	0
2102	176	0
2103	192	0
2104	200	0
2105	196	0
2106	197	0
2107	198	0
2108	181	0
2109	201	0
2110	179	0
2111	204	0
2112	227	0
2113	174	0
2114	187	0
2115	225	0
2116	193	0
2117	187	0
2118	195	0
2119	173	0
2120	188	0
2121	254	0
2122	177	0
2123	177	0
2124	187	0
2125	204	0
2126	198	0
2127	192	0
2128	192	0
2129	201	0
2130	191	0
2131	184	0
2132	198	0
2133	198	0
2134	213	0
2135	201	0
2136	193	0
2137	189	0
2138	195	0
2139	206	0
2140	200	0
2141	185	0
2142	198	0
2143	213	0
2144	218	0
2145	176	0
2146	199	0
2147	189	0
2148	187	0
2149	193	0
2150	202	0
2151	181	0
2152	199	0
2153	199	0
2154	197	0
2155	184	0
2156	174	0
2157	224	0
2158	183	0
2159	169	0
2160	206	0
2161	213	0
2162	201	0
2163	178	0
2164	229	0
2165	189	0
2166	213	0
2167	199	0
2168	208	0
2169	208	0
2170	192	0
2171	197	0
2172	177	0
2173	186	0
2174	194	0
2175	196	0
2176	182	0
2177	201	0
2178	190	0
2179	203	0
2180	188	0
2181	172	0
2182	205	0
2183	195	0
2184	187	0
2185	193	0
2186	208	0
2187	203	0
2188	186	0
2189	205	0
2190	185	0
2191	199	0
2192	203	0
2193	182	0
2194	208	0
2195	204	0
2196	202	0
2197	184	0
2198	224	0
2199	189	0
2200	209	0
2201	201	0
2202	185	0
2203	201	0
2204	194	0
2205	173	0
2206	215	0
2207	195	0
2208	198	0
2209	179	0
2210	210	0
2211	186	0
2212	218	0
2213	193	0
2214	200	0
2215	189	0
2216	225	0
2217	229	0
2218	203	0
2219	188	0
2220	215	0
2221	191	0
2222	214	0
2223	198	0
2224	192	0
2225	180	0
2226	192	0
2227	186	0
2228	183	0
2229	200	0
2230	193	0
2231	197	0
2232	192	0
2233	186	0
2234	197	0
2235	217	0
2236	199	0
2237	201	0
2238	196	0
2239	182	0
2240	173	0
2241	185	0
2242	201	0
2243	193	0
2244	172	0
2245	202	0
2246	220	0
2247	193	0
2248	177	0
2249	188	0
2250	195	0
2251	188	0
2252	192	0
2253	187	0
2254	174	0
2255	191	0
2256	193	0
2257	167	0
2258	213	0
2259	188	0
2260	196	0
2261	189	0
2262	204	0
2263	212	0
2264	216	0
2265	191	0
2266	196	0
2267	216	0
2268	220	0
2269	225	0
2270	183	0
2271	185	0
2272	202	0
2273	190	0
2274	197	0
2275	205	0
2276	191	0
2277	195	0
2278	159	0
2279	186	0
2280	167	0
2281	177	0
2282	181	0
2283	189	0
2284	180	0
2285	205	0
2286	213	0
2287	202	0
2288	233	0
2289	198	0
2290	200	0
2291	182	0
2292	196	0
2293	205	0
2294	188	0
2295	215	0
2296	201	0
2297	202	0
2298	202	0
2299	181	0
2300	184	0
2301	199	0
2302	178	0
2303	193	0
2304	219	0
2305	196	0
2306	187	0
2307	196	0
2308	219	0
2309	195	0
2310	204	0
2311	183	0
2312	188	0
2313	196	0
2314	221	0
2315	203	0
2316	202	0
2317	173	0
2318	180	0
2319	217	0
2320	183	0
2321	161	0
2322	194	0
2323	190	0
2324	193	0
2325	206	0
2326	176	0
2327	209	0
2328	193	0
2329	238	0
2330	221	0
2331	188	0
2332	205	0
2333	190	0
2334	216	0
2335	196	0
2336	205	0
2337	215	0
2338	203	0
2339	191	0
2340	212	0
2341	203	0
2342	162	0
2343	182	0
2344	194	0
2345	218	0
2346	196	0
2347	210	0
2348	199	0
2349	210	0
2350	204	0
2351	216	0
2352	199	0
2353	191	0
2354	190	0
2355	193	0
2356	224	0
2357	208	0
2358	215	0
2359	217	0
2360	226	0
2361	200	0
2362	207	0
2363	202	0
2364	179	0
2365	213	0
2366	189	0
2367	165	0
2368	201	0
2369	189	0
2370	172	0
2371	181	0
2372	187	0
2373	200	0
2374	224	0
2375	193	0
2376	201	0
2377	208	0
2378	210	0
2379	213	0
2380	202	0
2381	217	0
2382	202	0
2383	193	0
2384	205	0
2385	214	0
2386	212	0
2387	191	0
2388	194	0
2389	211	0
2390	186	0
2391	187	0
2392	204	0
2393	200	0
2394	199	0
2395	227	0
2396	195	0
2397	224	0
2398	188	0
2399	171	0
2400	195	0
2401	196	0
2402	211	0
2403	184	0
2404	184	0
2405	192	0
2406	193	0
2407	192	0
2408	188	0
2409	192	0
2410	184	0
2411	203	0
2412	199	0
2413	189	0
2414	191	0
2415	193	0
2416	216	0
2417	211	0
2418	211	0
2419	192	0
2420	210	0
2421	207	0
2422	186	0
2423	184	0
2424	167	0
2425	206	0
2426	188	0
2427	182	0
2428	188	0
2429	218	0
2430	201	0
2431	190	0
2432	179	0
2433	202	0
2434	176	0
2435	200	0
2436	195	0
2437	225	0
2438	217	0
2439	202	0
2440	166	0
2441	174	0
2442	204	0
2443	220	0
2444	173	0
2445	195	0
2446	206	0
2447	185	0
2448	204	0
2449	183	0
2450	203	0
2451	185	0
2452	204	0
2453	173	0
2454	211	0
2455	208	0
2456	191	0
2457	177	0
2458	177	0
2459	203	0
2460	195	0
2461	197	0
2462	217	0
2463	194	0
2464	188	0
2465	191	0
2466	216	0
2467	207	0
2468	193	0
2469	195	0
2470	205	0
2471	202	0
2472	196	0
2473	193	0
2474	188	0
2475	225	0
2476	179	0
2477	208	0
2478	185	0
2479	187	0
2480	198	0
2481	214	0
2482	189	0
2483	173	0
2484	194	0
2485	181	0
2486	203	0
2487	200	0
2488	205	0
2489	214	0
2490	198	0
2491	197	0
2492	190	0
2493	207	0
2494	192	0
2495	201	0
2496	181	0
2497	188	0
2498	223	0
2499	238	0
2500	213	0
2501	220	0
2502	211	0
2503	194	0
2504	204	0
2505	183	0
2506	212	0
2507	175	0
2508	191	0
2509	211	0
2510	200	0
2511	208	0
2512	195	0
2513	212	0
2514	183	0
2515	205	0
2516	212	0
2517	191	0
2518	192	0
2519	216	0
2520	185	0
2521	180	0
2522	176	0
2523	195	0
2524	200	0
2525	180	0
2526	188	0
2527	194	0
2528	176	0
2529	201	0
2530	195	0
2531	211	0
2532	210	0
2533	196	0
2534	191	0
2535	196	0
2536	201	0
2537	182	0
2538	186	0
2539	205	0
2540	191	0
2541	198	0
2542	159	0
2543	183	0
2544	196	0
2545	192	0
2546	196	0
2547	198	0
2548	195	0
2549	180	0
2550	206	0
2551	189	0
2552	203	0
2553	183	0
2554	188	0
2555	203	0
2556	188	0
2557	184	0
2558	189	0
2559	192	0
2560	199	0
2561	208	0
2562	209	0
2563	185	0
2564	203	0
2565	200	0
2566	222	0
2567	218	0
2568	191	0
2569	205	0
2570	199	0
2571	190	0
2572	210	0
2573	192	0
2574	186	0
2575	213	0
2576	205	0
2577	172	0
2578	196	0
2579	195	0
2580	194	0
2581	196	0
2582	198	0
2583	214	0
2584	203	0
2585	220	0
2586	184	0
2587	216	0
2588	203	0
2589	198	0
2590	200	0
2591	207	0
2592	197	0
2593	186	0
2594	187	0
2595	190	0
2596	200	0
2597	215	0
2598	182	0
2599	189	0
2600	192	0
2601	187	0
2602	193	0
2603	191	0
2604	207	0
2605	185	0
2606	189	0
2607	187	0
2608	189	0
2609	209	0
2610	176	0
2611	204	0
2612	193	0
2613	183	0
2614	182	0
2615	202	0
2616	199	0
2617	178	0
2618	195	0
2619	204	0
2620	185	0
2621	208	0
2622	204	0
2623	203	0
2624	217	0
2625	193	0
2626	192	0
2627	209	0
2628	203	0
2629	205	0
2630	180	0
2631	222	0
2632	188	0
2633	199	0
2634	176	0
2635	198	0
2636	200	0
2637	207	0
2638	176	0
2639	191	0
2640	189	0
2641	177	0
2642	202	0
2643	236	0
2644	216	0
2645	214	0
2646	197	0
2647	182	0
2648	209	0
2649	221	0
2650	197	0
2651	174	0
2652	205	0
2653	219	0
2654	192	0
2655	186	0
2656	154	0
2657	189	0
2658	186	0
2659	200	0
2660	193	0
2661	185	0
2662	193	0
2663	209	0
2664	196	0
2665	186	0
2666	202	0
2667	205	0
2668	181	0
2669	208	0
2670	189	0
2671	222	0
2672	189	0
2673	206	0
2674	219	0
2675	171	0
2676	185	0
2677	207	0
2678	180	0
2679	198	0
2680	211	0
2681	215	0
2682	182	0
2683	198	0
2684	190	0
2685	205	0
2686	198	0
2687	193	0
2688	215	0
2689	200	0
2690	214	0
2691	198	0
2692	193	0
2693	173	0
2694	198	0
2695	195	0
2696	184	0
2697	172	0
2698	195	0
2699	204	0
2700	196	0
2701	170	0
2702	208	0
2703	193	0
2704	185	0
2705	207	0
2706	203	0
2707	195	0
2708	172	0
2709	199	0
2710	203	0
2711	202	0
2712	205	0
2713	170	0
2714	191	0
2715	204	0
2716	198	0
2717	204	0
2718	190	0
2719	160	0
2720	176	0
2721	183	0
2722	199	0
2723	199	0
2724	195	0
2725	193	0
2726	227	0
2727	180	0
2728	187	0
2729	197	0
2730	208	0
2731	188	0
2732	183	0
2733	208	0
2734	221	0
2735	182	0
2736	196	0
2737	189	0
2738	182	0
2739	177	0
2740	203	0
2741	211	0
2742	217	0
2743	194	0
2744	182	0
2745	206	0
2746	185	0
2747	198	0
2748	171	0
2749	227	0
2750	162	0
2751	182	0
2752	192	0
2753	194	0
2754	185	0
2755	185	0
2756	182	0
2757	190	0
2758	166	0
2759	196	0
2760	183	0
2761	184	0
2762	220	0
2763	207	0
2764	191	0
2765	184	0
2766	192	0
2767	174	0
2768	209	0
2769	193	0
2770	220	0
2771	177	0
2772	188	0
2773	187	0
2774	215	0
2775	183	0
2776	188	0
2777	198	0
2778	202	0
2779	212	0
2780	207	0
2781	181	0
2782	209	0
2783	196	0
2784	185	0
2785	188	0
2786	179	0
2787	183	0
2788	210	0
2789	200	0
2790	192	0
2791	223	0
2792	198	0
2793	181	0
2794	209	0
2795	215	0
2796	196	0
2797	206	0
2798	184	0
2799	210	0
2800	166	0
2801	194	0
2802	219	0
2803	201	0
2804	197	0
2805	196	0
2806	205	0
2807	188	0
2808	216	0
2809	180	0
2810	191	0
2811	199	0
2812	191	0
2813	220	0
2814	204	0
2815	194	0
2816	200	0
2817	206	0
2818	219	0
2819	195	0
2820	220	0
2821	193	0
2822	187	0
2823	193	0
2824	175	0
2825	190	0
2826	183	0
2827	194	0
2828	230	0
2829	204	0
2830	221	0
2831	169	0
2832	197	0
2833	181	0
2834	180	0
2835	193	0
2836	190	0
2837	207	0
2838	194	0
2839	177	0
2840	183	0
2841	183	0
2842	174	0
2843	200	0
2844	198	0
2845	207	0
2846	197	0
2847	190	0
2848	200	0
2849	178	0
2850	193	0
2851	207	0
2852	186	0
2853	206	0
2854	212	0
2855	173	0
2856	191	0
2857	209	0
2858	225	0
2859	183	0
2860	188	0
2861	192	0
2862	192	0
2863	203	0
2864	197	0
2865	204	0
2866	158	0
2867	192	0
2868	209	0
2869	213	0
2870	197	0
2871	176	0
2872	198	0
2873	198	0
2874	188	0
2875	202	0
2876	207	0
2877	186	0
2878	196	0
2879	199	0
2880	205	0
2881	223	0
2882	191	0
2883	200	0
2884	190	0
2885	188	0
2886	224	0
2887	176	0
2888	188	0
2889	188	0
2890	182	0
2891	192	0
2892	172	0
2893	188	0
2894	193	0
2895	210	0
2896	190	0
2897	207	0
2898	198	0
2899	196	0
2900	187	0
2901	200	0
2902	180	0
2903	185	0
2904	202	0
2905	205	0
2906	175	0
2907	200	0
2908	199	0
2909	181	0
2910	217	0
2911	196	0
2912	198	0
2913	204	0
2914	210	0
2915	208	0
2916	202	0
2917	206	0
2918	215	0
2919	176	0
2920	196	0
2921	179	0
2922	199	0
2923	217	0
2924	210	0
2925	187	0
2926	195	0
2927	178	0
2928	194	0
2929	196	0
2930	178	0
2931	206	0
2932	199	0
2933	202	0
2934	182	0
2935	179	0
2936	200	0
2937	185	0
2938	194	0
2939	205	0
2940	176	0
2941	193	0
2942	183	0
2943	181	0
2944	210	0
2945	208	0
2946	200	0
2947	180	0
2948	178	0
2949	180	0
2950	207	0
2951	207	0
2952	200	0
2953	195	0
2954	182	0
2955	187	0
2956	206	0
2957	182	0
2958	181	0
2959	203	0
2960	185	0
2961	195	0
2962	200	0
2963	190	0
2964	210	0
2965	188	0
2966	203	0
2967	213	0
2968	226	0
2969	189	0
2970	168	0
2971	202	0
2972	208	0
2973	203	0
2974	206	0
2975	200	0
2976	193	0
2977	209	0
2978	191	0
2979	184	0
2980	189	0
2981	185	0
2982	197	0
2983	217	0
2984	190	0
2985	203	0
2986	183	0
2987	217	0
2988	200	0
2989	190	0
2990	227	0
2991	187	0
2992	230	0
2993	187	0
2994	200	0
2995	209	0
2996	187	0
2997	199	0
2998	214	0
2999	193	0
3000	187	0
