1	202	0
2	210	0
3	184	0
4	236	0
5	184	0
6	218	0
7	179	0
8	225	0
9	198	0
10	205	0
11	192	0
12	206	0
13	200	0
14	174	0
15	176	0
16	183	0
17	216	0
18	172	0
19	183	0
20	184	0
21	203	0
22	186	0
23	202	0
24	192	0
25	196	0
26	199	0
27	207	0
28	183	0
29	188	0
30	200	0
31	186	0
32	212	0
33	202	0
34	185	0
35	207	0
36	187	0
37	201	0
38	185	0
39	206	0
40	201	0
41	199	0
42	192	0
43	178	0
44	218	0
45	184	0
46	218	0
47	215	0
48	199	0
49	190	0
50	241	0
51	182	0
52	183	0
53	196	0
54	198	0
55	174	0
56	201	0
57	177	0
58	178	0
59	202	0
60	192	0
61	203	0
62	179	0
63	182	0
64	197	0
65	196	0
66	222	0
67	194	0
68	201	0
69	201	0
70	193	0
71	179	0
72	216	0
73	179	0
74	214	0
75	176	0
76	192	0
77	200	0
78	196	0
79	201	0
80	212	0
81	208	0
82	188	0
83	223	0
84	197	0
85	176	0
86	194	0
87	183	0
88	195	0
89	197	0
90	190	0
91	195	0
92	185	0
93	203	0
94	160	0
95	195	0
96	197	0
97	245	0
98	194	0
99	179	0
100	200	0
101	194	0
102	201	0
103	207	0
104	205	0
105	208	0
106	204	0
107	183	0
108	206	0
109	188	0
110	196	0
111	212	0
112	186	0
113	186	0
114	193	0
115	180	0
116	193	0
117	206	0
118	212	0
119	214	0
120	194	0
121	196	0
122	207	0
123	220	0
124	198	0
125	191	0
126	205	0
127	195	0
128	188	0
129	186	0
130	191	0
131	192	0
132	185	0
133	207	0
134	186	0
135	183	0
136	190	0
137	194	0
138	179	0
139	196	0
140	194	0
141	181	0
142	199	0
143	183	0
144	176	0
145	199	0
146	193	0
147	205	0
148	188	0
149	196	0
150	194	0
151	189	0
152	207	0
153	202	0
154	193	0
155	196	0
156	176	0
157	196	0
158	203	0
159	169	0
160	191	0
161	178	0
162	195	0
163	191	0
164	193	0
165	169	0
166	156	0
167	180	0
168	178	0
169	192	0
170	203	0
171	175	0
172	206	0
173	205	0
174	185	0
175	230	0
176	203	0
177	179	0
178	179	0
179	218	0
180	201	0
181	185	0
182	183	0
183	190	0
184	210	0
185	201	0
186	192	0
187	217	0
188	216	0
189	221	0
190	211	0
191	206	0
192	232	0
193	199	0
194	196	0
195	187	0
196	206	0
197	197	0
198	200	0
199	221	0
200	190	0
201	204	0
202	236	0
203	180	0
204	187	0
205	209	0
206	192	0
207	197	0
208	197	0
209	183	0
210	234	0
211	196	0
212	188	0
213	202	0
214	183	0
215	192	0
216	210	0
217	194	0
218	201	0
219	211	0
220	179	0
221	172	0
222	214	0
223	197	0
224	206	0
225	185	0
226	200	0
227	186	0
228	205	0
229	168	0
230	191	0
231	194	0
232	182	0
233	189	0
234	192	0
235	186	0
236	206	0
237	218	0
238	197	0
239	179	0
240	202	0
241	159	0
242	199	0
243	206	0
244	164	0
245	166	0
246	199	0
247	193	0
248	182	0
249	195	0
250	208	0
251	182	0
252	193	0
253	204	0
254	187	0
255	193	0
256	185	0
257	198	0
258	198	0
259	183	0
260	202	0
261	185	0
262	214	0
263	214	0
264	172	0
265	217	0
266	208	0
267	212	0
268	216	0
269	217	0
270	204	0
271	208	0
272	176	0
273	179	0
274	186	0
275	185	0
276	208	0
277	195	0
278	189	0
279	196	0
280	190	0
281	204	0
282	200	0
283	207	0
284	211	0
285	194	0
286	203	0
287	170	0
288	201	0
289	190	0
290	226	0
291	196	0
292	187	0
293	187	0
294	199	0
295	191	0
296	174	0
297	191	0
298	186	0
299	211	0
300	193	0
301	198	0
302	197	0
303	191	0
304	211	0
305	189	0
306	186	0
307	213	0
308	171	0
309	195	0
310	218	0
311	177	0
312	205	0
313	220	0
314	210	0
315	205	0
316	172	0
317	194	0
318	211	0
319	196	0
320	211	0
321	220	0
322	201	0
323	212	0
324	204	0
325	212	0
326	211	0
327	220	0
328	198	0
329	186	0
330	187	0
331	194	0
332	192	0
333	209	0
334	161	0
335	205	0
336	185	0
337	206	0
338	168	0
339	234	0
340	215	0
341	197	0
342	166	0
343	213	0
344	173	0
345	198	0
346	222	0
347	200	0
348	182	0
349	198	0
350	174	0
351	204	0
352	186	0
353	174	0
354	199	0
355	216	0
356	188	0
357	200	0
358	174	0
359	205	0
360	166	0
361	192	0
362	207	0
363	203	0
364	216	0
365	211	0
366	209	0
367	220	0
368	185	0
369	186	0
370	225	0
371	188	0
372	207	0
373	183	0
374	193	0
375	206	0
376	178	0
377	188	0
378	205	0
379	190	0
380	205	0
381	192	0
382	202	0
383	181	0
384	200	0
385	204	0
386	207	0
387	192	0
388	198	0
389	198	0
390	187	0
391	199	0
392	188	0
393	192	0
394	200	0
395	198	0
396	188	0
397	221	0
398	182	0
399	198	0
400	231	0
401	211	0
402	191	0
403	184	0
404	193	0
405	199	0
406	197	0
407	169	0
408	221	0
409	191	0
410	196	0
411	189	0
412	188	0
413	199	0
414	190	0
415	199	0
416	222	0
417	201	0
418	217	0
419	183	0
420	212	0
421	198	0
422	192	0
423	207	0
424	202	0
425	207	0
426	189	0
427	198	0
428	202	0
429	185	0
430	198	0
431	199	0
432	206	0
433	196	0
434	191	0
435	198	0
436	171	0
437	219	0
438	181	0
439	188	0
440	201	0
441	185	0
442	210	0
443	193	0
444	190	0
445	180	0
446	198	0
447	211	0
448	199	0
449	187	0
450	213	0
451	212	0
452	191	0
453	182	0
454	205	0
455	198	0
456	210	0
457	196	0
458	222	0
459	211	0
460	186	0
461	187	0
462	198	0
463	193	0
464	202	0
465	200	0
466	229	0
467	180	0
468	194	0
469	212	0
470	196	0
471	172	0
472	210	0
473	199	0
474	198	0
475	188	0
476	214	0
477	191	0
478	196	0
479	203	0
480	187	0
481	181	0
482	181	0
483	224	0
484	221	0
485	194	0
486	197	0
487	201	0
488	192	0
489	207	0
490	179	0
491	193	0
492	180	0
493	190	0
494	216	0
495	200	0
496	198	0
497	214	0
498	197	0
499	213	0
500	193	0
501	205	0
502	214	0
503	196	0
504	205	0
505	179	0
506	183	0
507	230	0
508	187	0
509	190	0
510	210	0
511	210	0
512	201	0
513	186	0
514	216	0
515	187	0
516	171	0
517	186	0
518	193	0
519	178	0
520	217	0
521	209	0
522	182	0
523	206	0
524	196	0
525	199	0
526	191	0
527	208	0
528	189	0
529	209	0
530	200	0
531	198	0
532	204	0
533	190	0
534	189	0
535	207	0
536	204	0
537	197	0
538	188	0
539	211	0
540	197	0
541	208	0
542	191	0
543	185	0
544	179	0
545	207	0
546	186	0
547	212	0
548	212	0
549	200	0
550	203	0
551	210	0
552	199	0
553	193	0
554	191	0
555	187	0
556	213	0
557	194	0
558	191	0
559	170	0
560	194	0
561	186	0
562	216	0
563	191	0
564	185	0
565	188	0
566	191	0
567	218	0
568	224	0
569	176	0
570	189	0
571	194	0
572	195	0
573	178	0
574	193	0
575	196	0
576	205	0
577	206	0
578	227	0
579	188	0
580	221	0
581	193	0
582	201	0
583	202	0
584	196	0
585	201	0
586	207	0
587	188	0
588	212	0
589	221	0
590	199	0
591	218	0
592	186	0
593	206	0
594	167	0
595	186	0
596	189	0
597	195	0
598	201	0
599	197	0
600	207	0
601	189	0
602	230	0
603	201	0
604	176	0
605	214	0
606	216	0
607	219	0
608	174	0
609	200	0
610	195	0
611	199	0
612	178	0
613	221	0
614	188	0
615	202	0
616	204	0
617	157	0
618	205	0
619	188	0
620	188	0
621	185	0
622	202	0
623	199	0
624	187	0
625	177	0
626	200	0
627	200	0
628	185	0
629	202	0
630	203	0
631	193	0
632	190	0
633	205	0
634	191	0
635	187	0
636	225	0
637	194	0
638	214	0
639	198	0
640	220	0
641	222	0
642	208	0
643	195	0
644	176	0
645	206	0
646	211	0
647	185	0
648	195	0
649	203	0
650	184	0
651	183	0
652	165	0
653	183	0
654	209	0
655	205	0
656	193	0
657	186	0
658	230	0
659	198	0
660	226	0
661	209	0
662	224	0
663	207	0
664	186	0
665	170	0
666	188	0
667	187	0
668	183	0
669	201	0
670	207	0
671	202	0
672	194	0
673	189	0
674	199	0
675	214	0
676	208	0
677	186	0
678	218	0
679	186	0
680	197	0
681	222	0
682	209	0
683	192	0
684	199	0
685	194	0
686	205	0
687	169	0
688	183	0
689	200	0
690	214	0
691	219	0
692	216	0
693	198	0
694	205	0
695	182	0
696	200	0
697	207	0
698	169	0
699	181	0
700	198	0
701	193	0
702	204	0
703	225	0
704	182	0
705	182	0
706	204	0
707	205	0
708	190	0
709	196	0
710	179	0
711	212	0
712	168	0
713	196	0
714	209	0
715	194	0
716	200	0
717	192	0
718	177	0
719	217	0
720	182	0
721	195	0
722	216	0
723	180	0
724	217	0
725	196	0
726	196	0
727	196	0
728	196	0
729	190	0
730	194	0
731	195	0
732	196	0
733	202	0
734	192	0
735	183	0
736	209	0
737	180	0
738	204	0
739	217	0
740	186	0
741	176	0
742	180	0
743	200	0
744	194	0
745	221	0
746	205	0
747	201	0
748	188	0
749	199	0
750	203	0
751	183	0
752	207	0
753	173	0
754	219	0
755	190	0
756	211	0
757	193	0
758	206	0
759	229	0
760	196	0
761	215	0
762	192	0
763	224	0
764	194	0
765	192	0
766	196	0
767	204	0
768	205	0
769	164	0
770	181	0
771	203	0
772	219	0
773	180	0
774	193	0
775	199	0
776	216	0
777	215	0
778	205	0
779	192	0
780	225	0
781	193	0
782	216	0
783	218	0
784	187	0
785	180	0
786	205	0
787	203	0
788	181	0
789	178	0
790	210	0
791	183	0
792	200	0
793	178	0
794	193	0
795	210	0
796	206	0
797	194	0
798	197	0
799	181	0
800	190	0
801	201	0
802	200	0
803	207	0
804	190	0
805	200	0
806	201	0
807	206	0
808	197	0
809	184	0
810	187	0
811	194	0
812	195	0
813	223	0
814	218	0
815	188	0
816	182	0
817	192	0
818	220	0
819	216	0
820	222	0
821	208	0
822	207	0
823	202	0
824	193	0
825	179	0
826	197	0
827	204	0
828	216	0
829	218	0
830	199	0
831	195	0
832	176	0
833	193	0
834	174	0
835	198	0
836	198	0
837	197	0
838	189	0
839	212	0
840	212	0
841	231	0
842	198	0
843	205	0
844	191	0
845	189	0
846	211	0
847	192	0
848	200	0
849	202	0
850	233	0
851	186	0
852	205	0
853	225	0
854	208	0
855	195	0
856	170	0
857	194	0
858	193	0
859	204	0
860	191	0
861	203	0
862	168	0
863	203	0
864	212	0
865	198	0
866	200	0
867	175	0
868	187	0
869	188	0
870	189	0
871	214	0
872	220	0
873	196	0
874	201	0
875	171	0
876	214	0
877	183	0
878	210	0
879	193	0
880	212	0
881	213	0
882	199	0
883	190	0
884	173	0
885	216	0
886	196	0
887	199	0
888	197	0
889	198	0
890	203	0
891	182	0
892	214	0
893	223	0
894	196	0
895	182	0
896	222	0
897	178	0
898	200	0
899	193	0
900	175	0
901	212	0
902	185	0
903	185	0
904	194	0
905	204	0
906	214	0
907	188	0
908	169	0
909	204	0
910	200	0
911	197	0
912	193	0
913	188	0
914	181	0
915	201	0
916	203	0
917	204	0
918	197	0
919	204	0
920	201	0
921	195	0
922	184	0
923	177	0
924	199	0
925	162	0
926	184	0
927	205	0
928	190	0
929	180	0
930	204	0
931	199	0
932	205	0
933	168	0
934	187	0
935	177	0
936	194	0
937	218	0
938	205	0
939	197	0
940	231	0
941	189	0
942	176	0
943	216	0
944	216	0
945	190	0
946	189	0
947	185	0
948	210	0
949	199	0
950	183	0
951	205	0
952	209	0
953	176	0
954	213	0
955	202	0
956	179	0
957	166	0
958	201	0
959	186	0
960	195	0
961	156	0
962	173	0
963	191	0
964	204	0
965	189	0
966	243	0
967	190	0
968	171	0
969	197	0
970	193	0
971	189	0
972	189	0
973	190	0
974	184	0
975	214	0
976	195	0
977	202	0
978	196	0
979	202	0
980	201	0
981	188	0
982	211	0
983	195	0
984	198	0
985	201	0
986	213	0
987	201	0
988	191	0
989	180	0
990	206	0
991	204	0
992	192	0
993	197	0
994	187	0
995	183	0
996	200	0
997	191	0
998	201	0
999	227	0
1000	197	0
1001	212	0
1002	184	0
1003	222	0
1004	197	0
1005	175	0
1006	199	0
1007	202	0
1008	205	0
1009	186	0
1010	192	0
1011	211	0
1012	196	0
1013	200	0
1014	184	0
1015	203	0
1016	198	0
1017	182	0
1018	201	0
1019	219	0
1020	197	0
1021	191	0
1022	182	0
1023	191	0
1024	193	0
1025	166	0
1026	200	0
1027	180	0
1028	192	0
1029	227	0
1030	206	0
1031	200	0
1032	166	0
1033	218	0
1034	175	0
1035	205	0
1036	189	0
1037	163	0
1038	202	0
1039	200	0
1040	199	0
1041	199	0
1042	191	0
1043	199	0
1044	200	0
1045	180	0
1046	201	0
1047	198	0
1048	196	0
1049	210	0
1050	224	0
1051	197	0
1052	197	0
1053	205	0
1054	235	0
1055	185	0
1056	216	0
1057	197	0
1058	160	0
1059	224	0
1060	220	0
1061	178	0
1062	201	0
1063	210	0
1064	179	0
1065	205	0
1066	186	0
1067	205	0
1068	191	0
1069	208	0
1070	194	0
1071	164	0
1072	174	0
1073	225	0
1074	202	0
1075	202	0
1076	199	0
1077	189	0
1078	171	0
1079	206	0
1080	204	0
1081	201	0
1082	186	0
1083	229	0
1084	172	0
1085	195	0
1086	192	0
1087	173	0
1088	195	0
1089	226	0
1090	213	0
1091	203	0
1092	189	0
1093	222	0
1094	200	0
1095	199	0
1096	176	0
1097	216	0
1098	190	0
1099	212	0
1100	206	0
1101	207	0
1102	213	0
1103	210	0
1104	185	0
1105	214	0
1106	172	0
1107	200	0
1108	185	0
1109	174	0
1110	212	0
1111	183	0
1112	188	0
1113	174	0
1114	197	0
1115	201	0
1116	224	0
1117	192	0
1118	180	0
1119	203	0
1120	201	0
1121	178	0
1122	215	0
1123	193	0
1124	195	0
1125	202	0
1126	193	0
1127	197	0
1128	205	0
1129	223	0
1130	193	0
1131	208	0
1132	183	0
1133	193	0
1134	216	0
1135	177	0
1136	192	0
1137	183	0
1138	172	0
1139	206	0
1140	188	0
1141	207	0
1142	201	0
1143	205	0
1144	229	0
1145	193	0
1146	188	0
1147	187	0
1148	195	0
1149	213	0
1150	210	0
1151	194	0
1152	196	0
1153	200	0
1154	186	0
1155	202	0
1156	192	0
1157	188	0
1158	207	0
1159	199	0
1160	199	0
1161	169	0
1162	192	0
1163	213	0
1164	174	0
1165	214	0
1166	209	0
1167	202	0
1168	186	0
1169	188	0
1170	240	0
1171	196	0
1172	215	0
1173	207	0
1174	175	0
1175	233	0
1176	203	0
1177	197	0
1178	192	0
1179	187	0
1180	189	0
1181	183	0
1182	219	0
1183	193	0
1184	211	0
1185	216	0
1186	206	0
1187	170	0
1188	180	0
1189	223	0
1190	171	0
1191	202	0
1192	198	0
1193	209	0
1194	192	0
1195	187	0
1196	202	0
1197	145	0
1198	197	0
1199	202	0
1200	177	0
1201	212	0
1202	181	0
1203	211	0
1204	195	0
1205	196	0
1206	193	0
1207	205	0
1208	197	0
1209	190	0
1210	206	0
1211	175	0
1212	182	0
1213	194	0
1214	208	0
1215	194	0
1216	188	0
1217	209	0
1218	233	0
1219	192	0
1220	182	0
1221	205	0
1222	188	0
1223	192	0
1224	222	0
1225	203	0
1226	230	0
1227	207	0
1228	209	0
1229	183	0
1230	204	0
1231	225	0
1232	184	0
1233	179	0
1234	227	0
1235	231	0
1236	196	0
1237	205	0
1238	221	0
1239	202	0
1240	196	0
1241	203	0
1242	207	0
1243	206	0
1244	216	0
1245	199	0
1246	183	0
1247	227	0
1248	194	0
1249	192	0
1250	224	0
1251	192	0
1252	216	0
1253	193	0
1254	188	0
1255	199	0
1256	191	0
1257	152	0
1258	197	0
1259	218	0
1260	181	0
1261	186	0
1262	204	0
1263	199	0
1264	198	0
1265	196	0
1266	212	0
1267	174	0
1268	202	0
1269	193	0
1270	192	0
1271	196	0
1272	193	0
1273	204	0
1274	183	0
1275	194	0
1276	196	0
1277	192	0
1278	214	0
1279	177	0
1280	198	0
1281	213	0
1282	217	0
1283	204	0
1284	234	0
1285	201	0
1286	226	0
1287	204	0
1288	216	0
1289	200	0
1290	204	0
1291	172	0
1292	183	0
1293	194	0
1294	210	0
1295	202	0
1296	186	0
1297	191	0
1298	200	0
1299	206	0
1300	186	0
1301	178	0
1302	199	0
1303	202	0
1304	198	0
1305	197	0
1306	202	0
1307	187	0
1308	193	0
1309	236	0
1310	179	0
1311	197	0
1312	202	0
1313	180	0
1314	197	0
1315	220	0
1316	195	0
1317	199	0
1318	214	0
1319	202	0
1320	225	0
1321	201	0
1322	191	0
1323	213	0
1324	198	0
1325	208	0
1326	197	0
1327	182	0
1328	188	0
1329	225	0
1330	196	0
1331	208	0
1332	189	0
1333	204	0
1334	166	0
1335	223	0
1336	180	0
1337	179	0
1338	187	0
1339	181	0
1340	212	0
1341	205	0
1342	186	0
1343	212	0
1344	193	0
1345	209	0
1346	203	0
1347	193	0
1348	178	0
1349	183	0
1350	183	0
1351	205	0
1352	195	0
1353	200	0
1354	210	0
1355	200	0
1356	198	0
1357	199	0
1358	177	0
1359	218	0
1360	187	0
1361	200	0
1362	180	0
1363	186	0
1364	184	0
1365	196	0
1366	207	0
1367	211	0
1368	201	0
1369	193	0
1370	193	0
1371	218	0
1372	205	0
1373	192	0
1374	211	0
1375	213	0
1376	208	0
1377	181	0
1378	194	0
1379	175	0
1380	205	0
1381	206	0
1382	197	0
1383	210	0
1384	204	0
1385	198	0
1386	208	0
1387	161	0
1388	209	0
1389	207	0
1390	214	0
1391	188	0
1392	197	0
1393	208	0
1394	185	0
1395	185	0
1396	192	0
1397	202	0
1398	200	0
1399	171	0
1400	205	0
1401	221	0
1402	237	0
1403	199	0
1404	184	0
1405	185	0
1406	178	0
1407	203	0
1408	197	0
1409	224	0
1410	210	0
1411	196	0
1412	198	0
1413	175	0
1414	199	0
1415	203	0
1416	223	0
1417	190	0
1418	175	0
1419	195	0
1420	208	0
1421	202	0
1422	187	0
1423	182	0
1424	197	0
1425	187	0
1426	194	0
1427	204	0
1428	207	0
1429	200	0
1430	182	0
1431	189	0
1432	214	0
1433	212	0
1434	195	0
1435	194	0
1436	196	0
1437	225	0
1438	202	0
1439	212	0
1440	206	0
1441	198	0
1442	195	0
1443	172	0
1444	191	0
1445	212	0
1446	197	0
1447	206	0
1448	184	0
1449	209	0
1450	174	0
1451	177	0
1452	210	0
1453	210	0
1454	198	0
1455	195	0
1456	176	0
1457	199	0
1458	193	0
1459	209	0
1460	203	0
1461	197	0
1462	208	0
1463	224	0
1464	235	0
1465	197	0
1466	220	0
1467	162	0
1468	204	0
1469	192	0
1470	210	0
1471	196	0
1472	176	0
1473	183	0
1474	187	0
1475	185	0
1476	188	0
1477	206	0
1478	192	0
1479	204	0
1480	198	0
1481	182	0
1482	219	0
1483	205	0
1484	205	0
1485	213	0
1486	177	0
1487	216	0
1488	170	0
1489	219	0
1490	179	0
1491	208	0
1492	190	0
1493	192	0
1494	186	0
1495	194	0
1496	205	0
1497	198	0
1498	187	0
1499	180	0
1500	201	0
1501	178	0
1502	190	0
1503	208	0
1504	203	0
1505	176	0
1506	181	0
1507	171	0
1508	181	0
1509	217	0
1510	190	0
1511	202	0
1512	182	0
1513	191	0
1514	192	0
1515	196	0
1516	214	0
1517	199	0
1518	199	0
1519	220	0
1520	220	0
1521	172	0
1522	185	0
1523	185	0
1524	198	0
1525	198	0
1526	220	0
1527	189	0
1528	206	0
1529	190	0
1530	176	0
1531	181	0
1532	229	0
1533	227	0
1534	217	0
1535	222	0
1536	207	0
1537	195	0
1538	222	0
1539	195	0
1540	185	0
1541	195	0
1542	218	0
1543	201	0
1544	186	0
1545	206	0
1546	214	0
1547	181	0
1548	213	0
1549	191	0
1550	204	0
1551	196	0
1552	201	0
1553	186	0
1554	179	0
1555	194	0
1556	206	0
1557	214	0
1558	188	0
1559	192	0
1560	183	0
1561	184	0
1562	188	0
1563	187	0
1564	188	0
1565	194	0
1566	179	0
1567	229	0
1568	201	0
1569	217	0
1570	197	0
1571	198	0
1572	201	0
1573	200	0
1574	197	0
1575	186	0
1576	205	0
1577	207	0
1578	193	0
1579	192	0
1580	211	0
1581	202	0
1582	199	0
1583	183	0
1584	215	0
1585	194	0
1586	178	0
1587	209	0
1588	214	0
1589	170	0
1590	198	0
1591	181	0
1592	194	0
1593	237	0
1594	182	0
1595	186	0
1596	211	0
1597	200	0
1598	214	0
1599	211	0
1600	182	0
1601	186	0
1602	193	0
1603	208	0
1604	218	0
1605	179	0
1606	197	0
1607	189	0
1608	204	0
1609	205	0
1610	194	0
1611	221	0
1612	218	0
1613	192	0
1614	204	0
1615	201	0
1616	188	0
1617	189	0
1618	213	0
1619	209	0
1620	195	0
1621	188	0
1622	203	0
1623	198	0
1624	211	0
1625	215	0
1626	225	0
1627	203	0
1628	207	0
1629	193	0
1630	218	0
1631	198	0
1632	209	0
1633	205	0
1634	181	0
1635	180	0
1636	220	0
1637	194	0
1638	190	0
1639	170	0
1640	183	0
1641	194	0
1642	192	0
1643	189	0
1644	214	0
1645	173	0
1646	163	0
1647	213	0
1648	191	0
1649	198	0
1650	195	0
1651	192	0
1652	186	0
1653	189	0
1654	188	0
1655	195	0
1656	178	0
1657	186	0
1658	216	0
1659	208	0
1660	186	0
1661	193	0
1662	205	0
1663	174	0
1664	191	0
1665	222	0
1666	209	0
1667	190	0
1668	213	0
1669	192	0
1670	195	0
1671	197	0
1672	210	0
1673	211	0
1674	212	0
1675	192	0
1676	192	0
1677	205	0
1678	193	0
1679	209	0
1680	213	0
1681	230	0
1682	193	0
1683	209	0
1684	199	0
1685	200	0
1686	219	0
1687	187	0
1688	211	0
1689	193	0
1690	174	0
1691	201	0
1692	239	0
1693	218	0
1694	195	0
1695	186	0
1696	183	0
1697	227	0
1698	208	0
1699	187	0
1700	208	0
1701	194	0
1702	189	0
1703	217	0
1704	208	0
1705	177	0
1706	197	0
1707	205	0
1708	189	0
1709	200	0
1710	180	0
1711	189	0
1712	182	0
1713	178	0
1714	181	0
1715	194	0
1716	180	0
1717	192	0
1718	168	0
1719	198	0
1720	215	0
1721	190	0
1722	223	0
1723	200	0
1724	210	0
1725	222	0
1726	207	0
1727	180	0
1728	217	0
1729	221	0
1730	172	0
1731	193	0
1732	210	0
1733	174	0
1734	211	0
1735	191	0
1736	217	0
1737	211	0
1738	202	0
1739	236	0
1740	204	0
1741	189	0
1742	194	0
1743	179	0
1744	224	0
1745	168	0
1746	200	0
1747	200	0
1748	197	0
1749	187	0
1750	206	0
1751	212	0
1752	211	0
1753	200	0
1754	201	0
1755	226	0
1756	196	0
1757	186	0
1758	192	0
1759	200	0
1760	183	0
1761	208	0
1762	194	0
1763	206	0
1764	197	0
1765	186	0
1766	211	0
1767	192	0
1768	199	0
1769	182	0
1770	204	0
1771	220	0
1772	196	0
1773	179	0
1774	175	0
1775	158	0
1776	201	0
1777	224	0
1778	186	0
1779	211	0
1780	182	0
1781	183	0
1782	198	0
1783	192	0
1784	228	0
1785	190	0
1786	222	0
1787	179	0
1788	198	0
1789	199	0
1790	184	0
1791	204	0
1792	191	0
1793	206	0
1794	191	0
1795	220	0
1796	203	0
1797	189	0
1798	171	0
1799	201	0
1800	203	0
1801	192	0
1802	220	0
1803	193	0
1804	191	0
1805	196	0
1806	203	0
1807	183	0
1808	215	0
1809	194	0
1810	194	0
1811	241	0
1812	190	0
1813	186	0
1814	192	0
1815	209	0
1816	202	0
1817	184	0
1818	200	0
1819	210	0
1820	183	0
1821	203	0
1822	184	0
1823	200	0
1824	199	0
1825	186	0
1826	181	0
1827	202	0
1828	182	0
1829	207	0
1830	179	0
1831	200	0
1832	202	0
1833	197	0
1834	203	0
1835	199	0
1836	191	0
1837	182	0
1838	193	0
1839	171	0
1840	208	0
1841	205	0
1842	210	0
1843	186	0
1844	203	0
1845	214	0
1846	165	0
1847	235	0
1848	207	0
1849	180	0
1850	193	0
1851	199	0
1852	189	0
1853	194	0
1854	190	0
1855	180	0
1856	186	0
1857	174	0
1858	184	0
1859	189	0
1860	220	0
1861	172	0
1862	184	0
1863	199	0
1864	185	0
1865	200	0
1866	184	0
1867	180	0
1868	174	0
1869	195	0
1870	199	0
1871	199	0
1872	209	0
1873	159	0
1874	208	0
1875	206	0
1876	210	0
1877	219	0
1878	207	0
1879	204	0
1880	210	0
1881	217	0
1882	183	0
1883	206	0
1884	217	0
1885	182	0
1886	179	0
1887	181	0
1888	182	0
1889	185	0
1890	205	0
1891	213	0
1892	202	0
1893	210	0
1894	214	0
1895	178	0
1896	212	0
1897	193	0
1898	223	0
1899	189	0
1900	179	0
1901	192	0
1902	168	0
1903	194	0
1904	189	0
1905	192	0
1906	220	0
1907	202	0
1908	186	0
1909	200	0
1910	209	0
1911	210	0
1912	207	0
1913	218	0
1914	196	0
1915	188	0
1916	193	0
1917	209	0
1918	200	0
1919	172	0
1920	185	0
1921	183	0
1922	197	0
1923	179	0
1924	195	0
1925	187	0
1926	213	0
1927	191	0
1928	211	0
1929	206	0
1930	160	0
1931	200	0
1932	168	0
1933	208	0
1934	204	0
1935	204	0
1936	194	0
1937	180	0
1938	177	0
1939	187	0
1940	205	0
1941	223	0
1942	172	0
1943	187	0
1944	186	0
1945	196	0
1946	185	0
1947	178	0
1948	196	0
1949	188	0
1950	215	0
1951	174	0
1952	190	0
1953	188	0
1954	200	0
1955	181	0
1956	192	0
1957	204	0
1958	207	0
1959	193	0
1960	185	0
1961	189	0
1962	202	0
1963	188	0
1964	205	0
1965	225	0
1966	198	0
1967	210	0
1968	205	0
1969	189	0
1970	212	0
1971	175	0
1972	179	0
1973	160	0
1974	192	0
1975	187	0
1976	197	0
1977	193	0
1978	217	0
1979	201	0
1980	216	0
1981	205	0
1982	210	0
1983	186	0
1984	204	0
1985	182	0
1986	176	0
1987	191	0
1988	204	0
1989	197	0
1990	220	0
1991	184	0
1992	200	0
1993	192	0
1994	192	0
1995	202	0
1996	216	0
1997	209	0
1998	182	0
1999	182	0
2000	229	0
2001	188	0
2002	189	0
2003	210	0
2004	183	0
2005	195	0
2006	208	0
2007	222	0
2008	175	0
2009	191	0
2010	187	0
2011	205	0
2012	224	0
2013	179	0
2014	192	0
2015	199	0
2016	215	0
2017	201	0
2018	189	0
2019	194	0
2020	216	0
2021	184	0
2022	180	0
2023	189	0
2024	198	0
2025	209	0
2026	203	0
2027	201	0
2028	209	0
2029	202	0
2030	217	0
2031	203	0
2032	221	0
2033	188	0
2034	212	0
2035	190	0
2036	211	0
2037	196	0
2038	147	0
2039	191	0
2040	177	0
2041	189	0
2042	212	0
2043	191	0
2044	183	0
2045	201	0
2046	190	0
2047	189	0
2048	186	0
2049	227	0
2050	188	0
2051	193	0
2052	238	0
2053	215	0
2054	220	0
2055	203	0
2056	211	0
2057	198	0
2058	214	0
2059	213	0
2060	185	0
2061	202	0
2062	199	0
2063	199	0
2064	215	0
2065	182	0
2066	204	0
2067	175	0
2068	201	0
2069	180	0
2070	200	0
2071	195	0
2072	208	0
2073	182	0
2074	214	0
2075	195	0
2076	207	0
2077	169	0
2078	179	0
2079	204	0
2080	209	0
2081	186	0
2082	219	0
2083	195	0
2084	202	0
2085	188	0
2086	207	0
2087	204	0
2088	181	0
2089	201	0
2090	211	0
2091	179	0
2092	209	0
2093	215	0
2094	209	0
2095	204	0
2096	208	0
2097	190	0
2098	181	0
2099	188	0
2100	195	0
2101	187	0
2102	173	0
2103	195	0
2104	213	0
2105	180	0
2106	205	0
2107	202	0
2108	164	0
2109	202	0
2110	189	0
2111	186	0
2112	185	0
2113	178	0
2114	211	0
2115	217	0
2116	192	0
2117	177	0
2118	194	0
2119	218	0
2120	167	0
2121	177	0
2122	184	0
2123	200	0
2124	207	0
2125	219	0
2126	188	0
2127	192	0
2128	192	0
2129	209	0
2130	177	0
2131	218	0
2132	195	0
2133	208	0
2134	186	0
2135	198	0
2136	206	0
2137	221	0
2138	212	0
2139	184	0
2140	202	0
2141	170	0
2142	182	0
2143	195	0
2144	210	0
2145	182	0
2146	201	0
2147	191	0
2148	205	0
2149	202	0
2150	193	0
2151	173	0
2152	196	0
2153	222	0
2154	200	0
2155	199	0
2156	212	0
2157	201	0
2158	206	0
2159	198	0
2160	190	0
2161	209	0
2162	201	0
2163	200	0
2164	195	0
2165	179	0
2166	189	0
2167	206	0
2168	197	0
2169	186	0
2170	216	0
2171	203	0
2172	193	0
2173	184	0
2174	170	0
2175	191	0
2176	197	0
2177	205	0
2178	170	0
2179	201	0
2180	201	0
2181	178	0
2182	215	0
2183	190	0
2184	181	0
2185	214	0
2186	199	0
2187	190	0
2188	214	0
2189	205	0
2190	176	0
2191	203	0
2192	201	0
2193	223	0
2194	212	0
2195	219	0
2196	219	0
2197	211	0
2198	184	0
2199	205	0
2200	181	0
2201	159	0
2202	210	0
2203	198	0
2204	191	0
2205	209	0
2206	198	0
2207	218	0
2208	186	0
2209	205	0
2210	196	0
2211	215	0
2212	166	0
2213	179	0
2214	167	0
2215	154	0
2216	203	0
2217	182	0
2218	233	0
2219	191	0
2220	211	0
2221	214	0
2222	175	0
2223	192	0
2224	198	0
2225	207	0
2226	203	0
2227	194	0
2228	199	0
2229	196	0
2230	191	0
2231	187	0
2232	197	0
2233	213	0
2234	215	0
2235	195	0
2236	187	0
2237	207	0
2238	208	0
2239	205	0
2240	215	0
2241	201	0
2242	212	0
2243	213	0
2244	200	0
2245	214	0
2246	196	0
2247	202	0
2248	192	0
2249	195	0
2250	194	0
2251	197	0
2252	174	0
2253	210	0
2254	193	0
2255	207	0
2256	209	0
2257	201	0
2258	227	0
2259	198	0
2260	199	0
2261	187	0
2262	203	0
2263	203	0
2264	199	0
2265	215	0
2266	172	0
2267	201	0
2268	192	0
2269	202	0
2270	214	0
2271	162	0
2272	180	0
2273	207	0
2274	197	0
2275	214	0
2276	189	0
2277	209	0
2278	183	0
2279	194	0
2280	200	0
2281	192	0
2282	201	0
2283	186	0
2284	201	0
2285	212	0
2286	194	0
2287	206	0
2288	190	0
2289	194	0
2290	173	0
2291	192	0
2292	189	0
2293	195	0
2294	189	0
2295	217	0
2296	187	0
2297	198	0
2298	196	0
2299	197	0
2300	194	0
2301	168	0
2302	168	0
2303	193	0
2304	201	0
2305	180	0
2306	189	0
2307	212	0
2308	204	0
2309	200	0
2310	197	0
2311	201	0
2312	167	0
2313	217	0
2314	179	0
2315	177	0
2316	220	0
2317	228	0
2318	207	0
2319	227	0
2320	206	0
2321	200	0
2322	182	0
2323	220	0
2324	206	0
2325	219	0
2326	214	0
2327	209	0
2328	180	0
2329	195	0
2330	188	0
2331	194	0
2332	190	0
2333	202	0
2334	198	0
2335	189	0
2336	203	0
2337	199	0
2338	197	0
2339	182	0
2340	193	0
2341	182	0
2342	212	0
2343	193	0
2344	183	0
2345	213	0
2346	217	0
2347	210	0
2348	205	0
2349	182	0
2350	210	0
2351	191	0
2352	216	0
2353	197	0
2354	218	0
2355	189	0
2356	219	0
2357	191	0
2358	188	0
2359	198	0
2360	207	0
2361	198	0
2362	223	0
2363	190	0
2364	201	0
2365	199	0
2366	161	0
2367	186	0
2368	219	0
2369	223	0
2370	216	0
2371	212	0
2372	198	0
2373	192	0
2374	184	0
2375	196	0
2376	208	0
2377	204	0
2378	198	0
2379	186	0
2380	190	0
2381	207	0
2382	187	0
2383	201	0
2384	193	0
2385	195	0
2386	190	0
2387	187	0
2388	190	0
2389	199	0
2390	206	0
2391	218	0
2392	187	0
2393	178	0
2394	215	0
2395	186	0
2396	194	0
2397	200	0
2398	194	0
2399	186	0
2400	207	0
2401	196	0
2402	192	0
2403	190	0
2404	223	0
2405	200	0
2406	211	0
2407	192	0
2408	220	0
2409	197	0
2410	227	0
2411	200	0
2412	178	0
2413	193	0
2414	190	0
2415	203	0
2416	212	0
2417	234	0
2418	186	0
2419	201	0
2420	202	0
2421	197	0
2422	177	0
2423	205	0
2424	191	0
2425	197	0
2426	230	0
2427	199	0
2428	186	0
2429	194	0
2430	230	0
2431	205	0
2432	182	0
2433	197	0
2434	233	0
2435	216	0
2436	190	0
2437	185	0
2438	183	0
2439	178	0
2440	178	0
2441	208	0
2442	187	0
2443	202	0
2444	188	0
2445	186	0
2446	190	0
2447	191	0
2448	210	0
2449	205	0
2450	174	0
2451	172	0
2452	198	0
2453	200	0
2454	173	0
2455	211	0
2456	172	0
2457	218	0
2458	213	0
2459	181	0
2460	192	0
2461	208	0
2462	212	0
2463	190	0
2464	229	0
2465	209	0
2466	186	0
2467	196	0
2468	202	0
2469	182	0
2470	180	0
2471	183	0
2472	183	0
2473	192	0
2474	211	0
2475	176	0
2476	193	0
2477	202	0
2478	199	0
2479	184	0
2480	194	0
2481	181	0
2482	214	0
2483	202	0
2484	196	0
2485	178	0
2486	186	0
2487	194	0
2488	204	0
2489	181	0
2490	203	0
2491	184	0
2492	210	0
2493	193	0
2494	187	0
2495	213	0
2496	203	0
2497	226	0
2498	186	0
2499	198	0
2500	184	0
2501	207	0
2502	209	0
2503	190	0
2504	218	0
2505	194	0
2506	184	0
2507	219	0
2508	200	0
2509	182	0
2510	177	0
2511	204	0
2512	206	0
2513	203	0
2514	196	0
2515	192	0
2516	189	0
2517	179	0
2518	184	0
2519	203	0
2520	213	0
2521	190	0
2522	196	0
2523	216	0
2524	173	0
2525	216	0
2526	179	0
2527	178	0
2528	195	0
2529	199	0
2530	211	0
2531	193	0
2532	206	0
2533	195	0
2534	198	0
2535	204	0
2536	204	0
2537	206	0
2538	191	0
2539	182	0
2540	225	0
2541	205	0
2542	185	0
2543	214	0
2544	205	0
2545	188	0
2546	220	0
2547	224	0
2548	191	0
2549	189	0
2550	178	0
2551	211	0
2552	203	0
2553	184	0
2554	175	0
2555	193	0
2556	201	0
2557	193	0
2558	185	0
2559	195	0
2560	227	0
2561	195	0
2562	167	0
2563	206	0
2564	189	0
2565	192	0
2566	180	0
2567	210	0
2568	195	0
2569	192	0
2570	172	0
2571	193	0
2572	231	0
2573	212	0
2574	205	0
2575	204	0
2576	179	0
2577	191	0
2578	211	0
2579	182	0
2580	219	0
2581	212	0
2582	179	0
2583	186	0
2584	180	0
2585	197	0
2586	193	0
2587	162	0
2588	205	0
2589	209	0
2590	208	0
2591	197	0
2592	200	0
2593	216	0
2594	187	0
2595	200	0
2596	206	0
2597	184	0
2598	188	0
2599	187	0
2600	211	0
2601	194	0
2602	199	0
2603	205	0
2604	169	0
2605	201	0
2606	195	0
2607	204	0
2608	237	0
2609	193	0
2610	190	0
2611	177	0
2612	209	0
2613	199	0
2614	182	0
2615	221	0
2616	210	0
2617	197	0
2618	169	0
2619	197	0
2620	206	0
2621	202	0
2622	174	0
2623	211	0
2624	198	0
2625	198	0
2626	239	0
2627	196	0
2628	213	0
2629	189	0
2630	198	0
2631	200	0
2632	227	0
2633	218	0
2634	203	0
2635	187	0
2636	180	0
2637	181	0
2638	189	0
2639	173	0
2640	204	0
2641	171	0
2642	195	0
2643	203	0
2644	205	0
2645	187	0
2646	207	0
2647	181	0
2648	204	0
2649	194	0
2650	204	0
2651	178	0
2652	217	0
2653	203	0
2654	203	0
2655	196	0
2656	197	0
2657	206	0
2658	200	0
2659	177	0
2660	207	0
2661	199	0
2662	213	0
2663	215	0
2664	218	0
2665	231	0
2666	211	0
2667	195	0
2668	186	0
2669	190	0
2670	200	0
2671	208	0
2672	202	0
2673	221	0
2674	193	0
2675	192	0
2676	187	0
2677	200	0
2678	188	0
2679	185	0
2680	186	0
2681	197	0
2682	196	0
2683	192	0
2684	211	0
2685	178	0
2686	213	0
2687	194	0
2688	179	0
2689	195	0
2690	196	0
2691	209	0
2692	189	0
2693	204	0
2694	187	0
2695	179	0
2696	217	0
2697	212	0
2698	196	0
2699	195	0
2700	199	0
2701	187	0
2702	184	0
2703	213	0
2704	209	0
2705	202	0
2706	195	0
2707	215	0
2708	226	0
2709	223	0
2710	192	0
2711	184	0
2712	185	0
2713	181	0
2714	187	0
2715	186	0
2716	168	0
2717	193	0
2718	183	0
2719	201	0
2720	186	0
2721	198	0
2722	189	0
2723	197	0
2724	201	0
2725	217	0
2726	224	0
2727	213	0
2728	205	0
2729	198	0
2730	203	0
2731	203	0
2732	223	0
2733	183	0
2734	195	0
2735	192	0
2736	203	0
2737	189	0
2738	181	0
2739	195	0
2740	181	0
2741	196	0
2742	181	0
2743	214	0
2744	196	0
2745	211	0
2746	216	0
2747	229	0
2748	172	0
2749	195	0
2750	186	0
2751	220	0
2752	193	0
2753	192	0
2754	211	0
2755	223	0
2756	185	0
2757	210	0
2758	200	0
2759	183	0
2760	189	0
2761	195	0
2762	201	0
2763	234	0
2764	189	0
2765	193	0
2766	178	0
2767	199	0
2768	197	0
2769	194	0
2770	185	0
2771	172	0
2772	186	0
2773	211	0
2774	181	0
2775	178	0
2776	202	0
2777	198	0
2778	206	0
2779	198	0
2780	206	0
2781	217	0
2782	195	0
2783	201	0
2784	185	0
2785	190	0
2786	180	0
2787	213	0
2788	182	0
2789	204	0
2790	195	0
2791	172	0
2792	197	0
2793	200	0
2794	203	0
2795	197	0
2796	195	0
2797	215	0
2798	193	0
2799	193	0
2800	205	0
2801	222	0
2802	195	0
2803	210	0
2804	192	0
2805	225	0
2806	204	0
2807	205	0
2808	233	0
2809	199	0
2810	199	0
2811	198	0
2812	179	0
2813	204	0
2814	207	0
2815	198	0
2816	204	0
2817	195	0
2818	197	0
2819	198	0
2820	203	0
2821	188	0
2822	197	0
2823	232	0
2824	239	0
2825	197	0
2826	204	0
2827	176	0
2828	198	0
2829	193	0
2830	210	0
2831	207	0
2832	223	0
2833	203	0
2834	185	0
2835	199	0
2836	206	0
2837	203	0
2838	187	0
2839	199	0
2840	208	0
2841	210	0
2842	187	0
2843	205	0
2844	199	0
2845	199	0
2846	214	0
2847	188	0
2848	205	0
2849	196	0
2850	183	0
2851	189	0
2852	199	0
2853	238	0
2854	199	0
2855	197	0
2856	160	0
2857	218	0
2858	214	0
2859	195	0
2860	206	0
2861	191	0
2862	182	0
2863	180	0
2864	190	0
2865	179	0
2866	195	0
2867	204	0
2868	195	0
2869	155	0
2870	185	0
2871	186	0
2872	203	0
2873	199	0
2874	193	0
2875	187	0
2876	210	0
2877	213	0
2878	206	0
2879	208	0
2880	184	0
2881	203	0
2882	225	0
2883	181	0
2884	207	0
2885	182	0
2886	183	0
2887	200	0
2888	187	0
2889	196	0
2890	202	0
2891	197	0
2892	203	0
2893	207	0
2894	184	0
2895	190	0
2896	201	0
2897	178	0
2898	217	0
2899	189	0
2900	192	0
2901	168	0
2902	205	0
2903	179	0
2904	196	0
2905	193	0
2906	221	0
2907	203	0
2908	191	0
2909	221	0
2910	208	0
2911	200	0
2912	174	0
2913	216	0
2914	194	0
2915	217	0
2916	196	0
2917	189	0
2918	190	0
2919	184	0
2920	192	0
2921	196	0
2922	182	0
2923	190	0
2924	175	0
2925	181	0
2926	230	0
2927	208	0
2928	185	0
2929	201	0
2930	178	0
2931	201	0
2932	196	0
2933	188	0
2934	202	0
2935	191	0
2936	198	0
2937	192	0
2938	212	0
2939	177	0
2940	200	0
2941	218	0
2942	179	0
2943	190	0
2944	215	0
2945	193	0
2946	220	0
2947	220	0
2948	187	0
2949	175	0
2950	180	0
2951	198	0
2952	205	0
2953	226	0
2954	177	0
2955	189	0
2956	172	0
2957	200	0
2958	204	0
2959	194	0
2960	177	0
2961	214	0
2962	196	0
2963	191	0
2964	213	0
2965	211	0
2966	202	0
2967	192	0
2968	207	0
2969	197	0
2970	190	0
2971	187	0
2972	182	0
2973	183	0
2974	190	0
2975	229	0
2976	217	0
2977	205	0
2978	206	0
2979	200	0
2980	197	0
2981	213	0
2982	196	0
2983	164	0
2984	207	0
2985	197	0
2986	224	0
2987	233	0
2988	195	0
2989	202	0
2990	178	0
2991	186	0
2992	180	0
2993	199	0
2994	185	0
2995	215	0
2996	201	0
2997	191	0
2998	174	0
2999	207	0
3000	184	0
