1	188	0
2	206	0
3	202	0
4	212	0
5	188	0
6	188	0
7	194	0
8	183	0
9	182	0
10	205	0
11	208	0
12	197	0
13	193	0
14	192	0
15	219	0
16	181	0
17	196	0
18	220	0
19	196	0
20	188	0
21	192	0
22	179	0
23	192	0
24	222	0
25	203	0
26	179	0
27	186	0
28	183	0
29	196	0
30	208	0
31	198	0
32	207	0
33	189	0
34	201	0
35	178	0
36	195	0
37	191	0
38	191	0
39	238	0
40	206	0
41	217	0
42	193	0
43	195	0
44	182	0
45	215	0
46	224	0
47	207	0
48	187	0
49	196	0
50	203	0
51	212	0
52	167	0
53	214	0
54	206	0
55	199	0
56	188	0
57	220	0
58	210	0
59	201	0
60	178	0
61	196	0
62	209	0
63	195	0
64	179	0
65	203	0
66	202	0
67	170	0
68	231	0
69	201	0
70	187	0
71	184	0
72	189	0
73	176	0
74	194	0
75	202	0
76	167	0
77	197	0
78	170	0
79	184	0
80	223	0
81	185	0
82	201	0
83	207	0
84	177	0
85	172	0
86	196	0
87	220	0
88	202	0
89	207	0
90	218	0
91	224	0
92	212	0
93	199	0
94	206	0
95	197	0
96	197	0
97	196	0
98	182	0
99	214	0
100	196	0
101	225	0
102	196	0
103	180	0
104	189	0
105	193	0
106	187	0
107	173	0
108	217	0
109	165	0
110	181	0
111	187	0
112	208	0
113	224	0
114	185	0
115	197	0
116	210	0
117	217	0
118	217	0
119	159	0
120	197	0
121	202	0
122	189	0
123	169	0
124	208	0
125	192	0
126	157	0
127	158	0
128	202	0
129	200	0
130	216	0
131	215	0
132	188	0
133	182	0
134	195	0
135	213	0
136	182	0
137	203	0
138	174	0
139	214	0
140	220	0
141	218	0
142	204	0
143	211	0
144	168	0
145	192	0
146	216	0
147	194	0
148	198	0
149	203	0
150	200	0
151	228	0
152	205	0
153	204	0
154	189	0
155	199	0
156	195	0
157	224	0
158	226	0
159	200	0
160	218	0
161	197	0
162	212	0
163	163	0
164	201	0
165	195	0
166	179	0
167	180	0
168	203	0
169	197	0
170	177	0
171	197	0
172	229	0
173	206	0
174	199	0
175	210	0
176	193	0
177	201	0
178	188	0
179	205	0
180	213	0
181	228	0
182	190	0
183	195	0
184	184	0
185	200	0
186	165	0
187	222	0
188	187	0
189	197	0
190	202	0
191	196	0
192	195	0
193	185	0
194	220	0
195	216	0
196	197	0
197	202	0
198	187	0
199	188	0
200	186	0
201	184	0
202	209	0
203	192	0
204	206	0
205	181	0
206	183	0
207	203	0
208	202	0
209	183	0
210	197	0
211	209	0
212	198	0
213	216	0
214	205	0
215	189	0
216	198	0
217	213	0
218	209	0
219	214	0
220	174	0
221	194	0
222	218	0
223	198	0
224	186	0
225	204	0
226	217	0
227	199	0
228	200	0
229	179	0
230	184	0
231	225	0
232	209	0
233	206	0
234	191	0
235	211	0
236	174	0
237	194	0
238	216	0
239	198	0
240	193	0
241	164	0
242	189	0
243	195	0
244	197	0
245	195	0
246	197	0
247	207	0
248	180	0
249	188	0
250	205	0
251	199	0
252	220	0
253	213	0
254	203	0
255	193	0
256	170	0
257	210	0
258	179	0
259	204	0
260	208	0
261	198	0
262	174	0
263	184	0
264	194	0
265	183	0
266	217	0
267	194	0
268	192	0
269	185	0
270	214	0
271	178	0
272	196	0
273	202	0
274	219	0
275	198	0
276	213	0
277	170	0
278	171	0
279	192	0
280	201	0
281	214	0
282	196	0
283	179	0
284	207	0
285	183	0
286	180	0
287	189	0
288	200	0
289	195	0
290	198	0
291	202	0
292	194	0
293	177	0
294	190	0
295	206	0
296	190	0
297	201	0
298	208	0
299	195	0
300	200	0
301	181	0
302	203	0
303	183	0
304	148	0
305	214	0
306	181	0
307	193	0
308	201	0
309	196	0
310	194	0
311	201	0
312	199	0
313	225	0
314	191	0
315	191	0
316	191	0
317	221	0
318	204	0
319	209	0
320	211	0
321	207	0
322	169	0
323	177	0
324	200	0
325	183	0
326	208	0
327	205	0
328	204	0
329	193	0
330	178	0
331	202	0
332	208	0
333	192	0
334	199	0
335	191	0
336	180	0
337	172	0
338	204	0
339	199	0
340	182	0
341	191	0
342	199	0
343	186	0
344	200	0
345	208	0
346	189	0
347	210	0
348	199	0
349	217	0
350	178	0
351	193	0
352	186	0
353	228	0
354	184	0
355	189	0
356	199	0
357	194	0
358	195	0
359	182	0
360	177	0
361	190	0
362	197	0
363	218	0
364	202	0
365	189	0
366	212	0
367	184	0
368	203	0
369	193	0
370	169	0
371	215	0
372	217	0
373	198	0
374	204	0
375	176	0
376	202	0
377	213	0
378	193	0
379	179	0
380	182	0
381	183	0
382	236	0
383	211	0
384	180	0
385	202	0
386	195	0
387	214	0
388	205	0
389	222	0
390	207	0
391	198	0
392	174	0
393	169	0
394	214	0
395	203	0
396	206	0
397	224	0
398	186	0
399	210	0
400	187	0
401	195	0
402	198	0
403	189	0
404	193	0
405	203	0
406	209	0
407	195	0
408	185	0
409	209	0
410	205	0
411	190	0
412	195	0
413	194	0
414	206	0
415	204	0
416	190	0
417	207	0
418	176	0
419	200	0
420	204	0
421	201	0
422	186	0
423	207	0
424	172	0
425	161	0
426	182	0
427	196	0
428	164	0
429	192	0
430	220	0
431	170	0
432	195	0
433	194	0
434	222	0
435	197	0
436	198	0
437	217	0
438	193	0
439	206	0
440	194	0
441	188	0
442	205	0
443	181	0
444	176	0
445	215	0
446	213	0
447	185	0
448	183	0
449	185	0
450	220	0
451	194	0
452	191	0
453	203	0
454	202	0
455	177	0
456	169	0
457	166	0
458	198	0
459	205	0
460	188	0
461	197	0
462	184	0
463	223	0
464	212	0
465	203	0
466	173	0
467	188	0
468	199	0
469	189	0
470	180	0
471	193	0
472	195	0
473	203	0
474	180	0
475	190	0
476	192	0
477	193	0
478	217	0
479	191	0
480	206	0
481	182	0
482	186	0
483	173	0
484	212	0
485	205	0
486	175	0
487	199	0
488	222	0
489	205	0
490	201	0
491	190	0
492	193	0
493	198	0
494	188	0
495	184	0
496	199	0
497	189	0
498	169	0
499	214	0
500	204	0
501	189	0
502	192	0
503	203	0
504	196	0
505	205	0
506	210	0
507	202	0
508	189	0
509	193	0
510	192	0
511	207	0
512	201	0
513	189	0
514	209	0
515	191	0
516	190	0
517	171	0
518	194	0
519	177	0
520	202	0
521	197	0
522	198	0
523	197	0
524	176	0
525	193	0
526	187	0
527	182	0
528	180	0
529	179	0
530	226	0
531	188	0
532	224	0
533	198	0
534	212	0
535	213	0
536	201	0
537	209	0
538	201	0
539	202	0
540	206	0
541	191	0
542	212	0
543	195	0
544	184	0
545	190	0
546	183	0
547	189	0
548	209	0
549	191	0
550	203	0
551	192	0
552	182	0
553	236	0
554	190	0
555	196	0
556	198	0
557	189	0
558	199	0
559	180	0
560	201	0
561	179	0
562	181	0
563	169	0
564	219	0
565	205	0
566	226	0
567	198	0
568	197	0
569	204	0
570	200	0
571	201	0
572	188	0
573	210	0
574	191	0
575	205	0
576	217	0
577	195	0
578	184	0
579	190	0
580	203	0
581	226	0
582	194	0
583	189	0
584	202	0
585	200	0
586	193	0
587	205	0
588	223	0
589	194	0
590	202	0
591	199	0
592	221	0
593	199	0
594	188	0
595	198	0
596	214	0
597	206	0
598	245	0
599	193	0
600	200	0
601	200	0
602	206	0
603	194	0
604	190	0
605	208	0
606	215	0
607	186	0
608	188	0
609	194	0
610	199	0
611	182	0
612	209	0
613	200	0
614	179	0
615	184	0
616	213	0
617	193	0
618	204	0
619	197	0
620	186	0
621	223	0
622	171	0
623	191	0
624	221	0
625	193	0
626	184	0
627	180	0
628	206	0
629	189	0
630	197	0
631	186	0
632	162	0
633	216	0
634	233	0
635	214	0
636	191	0
637	195	0
638	223	0
639	192	0
640	206	0
641	190	0
642	190	0
643	179	0
644	206	0
645	188	0
646	199	0
647	199	0
648	190	0
649	176	0
650	203	0
651	212	0
652	202	0
653	190	0
654	196	0
655	214	0
656	199	0
657	183	0
658	199	0
659	199	0
660	185	0
661	227	0
662	189	0
663	196	0
664	226	0
665	219	0
666	151	0
667	206	0
668	192	0
669	198	0
670	201	0
671	214	0
672	201	0
673	207	0
674	189	0
675	184	0
676	198	0
677	216	0
678	195	0
679	186	0
680	185	0
681	197	0
682	187	0
683	212	0
684	198	0
685	201	0
686	204	0
687	183	0
688	199	0
689	171	0
690	212	0
691	152	0
692	214	0
693	220	0
694	208	0
695	187	0
696	203	0
697	208	0
698	192	0
699	200	0
700	216	0
701	206	0
702	209	0
703	206	0
704	191	0
705	188	0
706	178	0
707	189	0
708	189	0
709	205	0
710	205	0
711	195	0
712	213	0
713	199	0
714	201	0
715	216	0
716	207	0
717	192	0
718	193	0
719	221	0
720	185	0
721	205	0
722	175	0
723	176	0
724	195	0
725	215	0
726	190	0
727	177	0
728	176	0
729	197	0
730	184	0
731	189	0
732	187	0
733	188	0
734	228	0
735	210	0
736	193	0
737	211	0
738	181	0
739	223	0
740	186	0
741	189	0
742	190	0
743	215	0
744	209	0
745	201	0
746	200	0
747	227	0
748	195	0
749	199	0
750	183	0
751	192	0
752	162	0
753	187	0
754	182	0
755	164	0
756	222	0
757	188	0
758	169	0
759	195	0
760	201	0
761	200	0
762	208	0
763	191	0
764	188	0
765	242	0
766	177	0
767	200	0
768	178	0
769	198	0
770	185	0
771	212	0
772	195	0
773	203	0
774	206	0
775	193	0
776	205	0
777	206	0
778	200	0
779	197	0
780	188	0
781	212	0
782	193	0
783	191	0
784	211	0
785	213	0
786	211	0
787	198	0
788	193	0
789	203	0
790	179	0
791	191	0
792	201	0
793	200	0
794	176	0
795	196	0
796	223	0
797	207	0
798	206	0
799	187	0
800	203	0
801	201	0
802	198	0
803	181	0
804	185	0
805	198	0
806	190	0
807	182	0
808	205	0
809	197	0
810	193	0
811	215	0
812	226	0
813	200	0
814	204	0
815	194	0
816	224	0
817	198	0
818	191	0
819	203	0
820	206	0
821	191	0
822	172	0
823	197	0
824	233	0
825	199	0
826	201	0
827	189	0
828	218	0
829	186	0
830	213	0
831	196	0
832	215	0
833	203	0
834	190	0
835	202	0
836	220	0
837	190	0
838	193	0
839	237	0
840	198	0
841	221	0
842	219	0
843	202	0
844	205	0
845	197	0
846	219	0
847	197	0
848	208	0
849	188	0
850	184	0
851	209	0
852	193	0
853	210	0
854	191	0
855	193	0
856	187	0
857	199	0
858	207	0
859	212	0
860	197	0
861	191	0
862	185	0
863	216	0
864	218	0
865	180	0
866	205	0
867	207	0
868	193	0
869	201	0
870	205	0
871	206	0
872	208	0
873	165	0
874	200	0
875	179	0
876	201	0
877	221	0
878	200	0
879	212	0
880	189	0
881	195	0
882	199	0
883	215	0
884	181	0
885	181	0
886	192	0
887	195	0
888	202	0
889	223	0
890	192	0
891	204	0
892	181	0
893	199	0
894	198	0
895	193	0
896	205	0
897	219	0
898	208	0
899	192	0
900	208	0
901	221	0
902	214	0
903	196	0
904	183	0
905	196	0
906	198	0
907	190	0
908	233	0
909	207	0
910	203	0
911	196	0
912	234	0
913	182	0
914	190	0
915	204	0
916	175	0
917	179	0
918	239	0
919	214	0
920	177	0
921	199	0
922	199	0
923	223	0
924	187	0
925	184	0
926	199	0
927	168	0
928	193	0
929	185	0
930	215	0
931	191	0
932	200	0
933	216	0
934	188	0
935	185	0
936	207	0
937	209	0
938	218	0
939	225	0
940	202	0
941	226	0
942	205	0
943	182	0
944	195	0
945	206	0
946	197	0
947	203	0
948	177	0
949	195	0
950	221	0
951	187	0
952	163	0
953	200	0
954	187	0
955	197	0
956	211	0
957	177	0
958	202	0
959	195	0
960	189	0
961	213	0
962	191	0
963	191	0
964	201	0
965	167	0
966	196	0
967	200	0
968	204	0
969	192	0
970	229	0
971	219	0
972	197	0
973	187	0
974	224	0
975	205	0
976	203	0
977	202	0
978	190	0
979	184	0
980	184	0
981	200	0
982	208	0
983	210	0
984	192	0
985	184	0
986	191	0
987	214	0
988	205	0
989	205	0
990	216	0
991	193	0
992	205	0
993	195	0
994	165	0
995	181	0
996	195	0
997	204	0
998	214	0
999	166	0
1000	181	0
1001	187	0
1002	172	0
1003	208	0
1004	189	0
1005	192	0
1006	207	0
1007	184	0
1008	178	0
1009	209	0
1010	172	0
1011	197	0
1012	223	0
1013	183	0
1014	196	0
1015	200	0
1016	200	0
1017	188	0
1018	177	0
1019	175	0
1020	179	0
1021	194	0
1022	224	0
1023	193	0
1024	209	0
1025	191	0
1026	177	0
1027	223	0
1028	156	0
1029	227	0
1030	196	0
1031	189	0
1032	177	0
1033	186	0
1034	197	0
1035	187	0
1036	200	0
1037	192	0
1038	202	0
1039	212	0
1040	194	0
1041	188	0
1042	195	0
1043	210	0
1044	205	0
1045	224	0
1046	183	0
1047	196	0
1048	171	0
1049	202	0
1050	183	0
1051	210	0
1052	174	0
1053	217	0
1054	207	0
1055	209	0
1056	201	0
1057	195	0
1058	182	0
1059	217	0
1060	188	0
1061	198	0
1062	195	0
1063	184	0
1064	217	0
1065	197	0
1066	193	0
1067	195	0
1068	192	0
1069	208	0
1070	218	0
1071	218	0
1072	225	0
1073	191	0
1074	202	0
1075	175	0
1076	194	0
1077	195	0
1078	186	0
1079	214	0
1080	197	0
1081	205	0
1082	172	0
1083	222	0
1084	185	0
1085	225	0
1086	191	0
1087	213	0
1088	188	0
1089	193	0
1090	195	0
1091	202	0
1092	193	0
1093	218	0
1094	201	0
1095	201	0
1096	217	0
1097	214	0
1098	216	0
1099	205	0
1100	208	0
1101	199	0
1102	179	0
1103	206	0
1104	177	0
1105	210	0
1106	211	0
1107	201	0
1108	213	0
1109	180	0
1110	206	0
1111	197	0
1112	213	0
1113	188	0
1114	200	0
1115	201	0
1116	187	0
1117	185	0
1118	237	0
1119	200	0
1120	191	0
1121	184	0
1122	169	0
1123	194	0
1124	189	0
1125	184	0
1126	191	0
1127	199	0
1128	193	0
1129	207	0
1130	210	0
1131	192	0
1132	211	0
1133	197	0
1134	200	0
1135	193	0
1136	198	0
1137	210	0
1138	187	0
1139	232	0
1140	178	0
1141	203	0
1142	214	0
1143	181	0
1144	207	0
1145	182	0
1146	195	0
1147	199	0
1148	217	0
1149	205	0
1150	202	0
1151	187	0
1152	196	0
1153	195	0
1154	191	0
1155	174	0
1156	197	0
1157	225	0
1158	190	0
1159	177	0
1160	224	0
1161	195	0
1162	181	0
1163	202	0
1164	212	0
1165	191	0
1166	231	0
1167	193	0
1168	203	0
1169	213	0
1170	215	0
1171	208	0
1172	206	0
1173	196	0
1174	198	0
1175	205	0
1176	184	0
1177	190	0
1178	198	0
1179	209	0
1180	214	0
1181	193	0
1182	193	0
1183	206	0
1184	179	0
1185	188	0
1186	204	0
1187	196	0
1188	186	0
1189	177	0
1190	195	0
1191	214	0
1192	188	0
1193	169	0
1194	213	0
1195	182	0
1196	178	0
1197	176	0
1198	186	0
1199	165	0
1200	182	0
1201	198	0
1202	198	0
1203	211	0
1204	198	0
1205	212	0
1206	178	0
1207	205	0
1208	173	0
1209	198	0
1210	196	0
1211	208	0
1212	190	0
1213	182	0
1214	186	0
1215	196	0
1216	210	0
1217	206	0
1218	204	0
1219	175	0
1220	196	0
1221	220	0
1222	166	0
1223	178	0
1224	175	0
1225	211	0
1226	204	0
1227	203	0
1228	160	0
1229	202	0
1230	191	0
1231	175	0
1232	197	0
1233	195	0
1234	215	0
1235	210	0
1236	217	0
1237	191	0
1238	199	0
1239	210	0
1240	213	0
1241	208	0
1242	179	0
1243	172	0
1244	203	0
1245	194	0
1246	201	0
1247	184	0
1248	212	0
1249	196	0
1250	212	0
1251	196	0
1252	171	0
1253	176	0
1254	180	0
1255	161	0
1256	198	0
1257	184	0
1258	190	0
1259	175	0
1260	190	0
1261	190	0
1262	186	0
1263	182	0
1264	202	0
1265	212	0
1266	205	0
1267	182	0
1268	189	0
1269	216	0
1270	201	0
1271	187	0
1272	178	0
1273	169	0
1274	169	0
1275	233	0
1276	169	0
1277	230	0
1278	186	0
1279	217	0
1280	193	0
1281	193	0
1282	188	0
1283	190	0
1284	191	0
1285	196	0
1286	209	0
1287	192	0
1288	202	0
1289	169	0
1290	203	0
1291	225	0
1292	223	0
1293	185	0
1294	206	0
1295	198	0
1296	216	0
1297	193	0
1298	186	0
1299	204	0
1300	189	0
1301	193	0
1302	217	0
1303	218	0
1304	194	0
1305	212	0
1306	205	0
1307	205	0
1308	199	0
1309	222	0
1310	172	0
1311	264	0
1312	200	0
1313	190	0
1314	180	0
1315	189	0
1316	206	0
1317	206	0
1318	196	0
1319	170	0
1320	200	0
1321	190	0
1322	164	0
1323	214	0
1324	171	0
1325	185	0
1326	209	0
1327	195	0
1328	201	0
1329	192	0
1330	178	0
1331	218	0
1332	201	0
1333	207	0
1334	193	0
1335	178	0
1336	198	0
1337	198	0
1338	198	0
1339	197	0
1340	188	0
1341	184	0
1342	181	0
1343	218	0
1344	199	0
1345	179	0
1346	194	0
1347	202	0
1348	214	0
1349	229	0
1350	183	0
1351	230	0
1352	194	0
1353	187	0
1354	180	0
1355	203	0
1356	179	0
1357	189	0
1358	183	0
1359	213	0
1360	206	0
1361	204	0
1362	198	0
1363	179	0
1364	204	0
1365	209	0
1366	174	0
1367	197	0
1368	230	0
1369	236	0
1370	202	0
1371	167	0
1372	203	0
1373	181	0
1374	193	0
1375	189	0
1376	178	0
1377	196	0
1378	179	0
1379	204	0
1380	194	0
1381	190	0
1382	197	0
1383	210	0
1384	188	0
1385	211	0
1386	191	0
1387	199	0
1388	186	0
1389	169	0
1390	200	0
1391	205	0
1392	215	0
1393	180	0
1394	190	0
1395	207	0
1396	211	0
1397	195	0
1398	195	0
1399	161	0
1400	226	0
1401	208	0
1402	181	0
1403	209	0
1404	189	0
1405	191	0
1406	203	0
1407	172	0
1408	211	0
1409	190	0
1410	222	0
1411	202	0
1412	190	0
1413	202	0
1414	182	0
1415	188	0
1416	204	0
1417	183	0
1418	187	0
1419	203	0
1420	216	0
1421	180	0
1422	193	0
1423	196	0
1424	182	0
1425	208	0
1426	217	0
1427	188	0
1428	204	0
1429	191	0
1430	187	0
1431	206	0
1432	185	0
1433	182	0
1434	211	0
1435	197	0
1436	192	0
1437	195	0
1438	208	0
1439	204	0
1440	173	0
1441	187	0
1442	203	0
1443	218	0
1444	198	0
1445	171	0
1446	203	0
1447	182	0
1448	189	0
1449	221	0
1450	200	0
1451	174	0
1452	180	0
1453	204	0
1454	200	0
1455	184	0
1456	183	0
1457	211	0
1458	200	0
1459	193	0
1460	209	0
1461	193	0
1462	201	0
1463	211	0
1464	204	0
1465	207	0
1466	182	0
1467	191	0
1468	198	0
1469	172	0
1470	210	0
1471	197	0
1472	188	0
1473	210	0
1474	192	0
1475	180	0
1476	179	0
1477	195	0
1478	211	0
1479	191	0
1480	192	0
1481	189	0
1482	211	0
1483	175	0
1484	203	0
1485	204	0
1486	187	0
1487	202	0
1488	189	0
1489	176	0
1490	211	0
1491	188	0
1492	203	0
1493	181	0
1494	185	0
1495	200	0
1496	215	0
1497	192	0
1498	188	0
1499	187	0
1500	196	0
1501	197	0
1502	164	0
1503	197	0
1504	198	0
1505	213	0
1506	183	0
1507	189	0
1508	227	0
1509	238	0
1510	188	0
1511	225	0
1512	203	0
1513	200	0
1514	210	0
1515	190	0
1516	190	0
1517	181	0
1518	167	0
1519	203	0
1520	185	0
1521	202	0
1522	174	0
1523	192	0
1524	197	0
1525	204	0
1526	206	0
1527	181	0
1528	191	0
1529	201	0
1530	194	0
1531	210	0
1532	195	0
1533	199	0
1534	207	0
1535	191	0
1536	186	0
1537	207	0
1538	192	0
1539	207	0
1540	198	0
1541	204	0
1542	197	0
1543	207	0
1544	179	0
1545	243	0
1546	190	0
1547	186	0
1548	182	0
1549	206	0
1550	217	0
1551	201	0
1552	216	0
1553	210	0
1554	188	0
1555	215	0
1556	207	0
1557	189	0
1558	187	0
1559	213	0
1560	193	0
1561	185	0
1562	217	0
1563	196	0
1564	190	0
1565	210	0
1566	189	0
1567	192	0
1568	179	0
1569	187	0
1570	183	0
1571	168	0
1572	196	0
1573	222	0
1574	204	0
1575	200	0
1576	206	0
1577	181	0
1578	211	0
1579	186	0
1580	181	0
1581	215	0
1582	216	0
1583	196	0
1584	187	0
1585	197	0
1586	183	0
1587	195	0
1588	207	0
1589	184	0
1590	184	0
1591	209	0
1592	208	0
1593	188	0
1594	176	0
1595	200	0
1596	197	0
1597	189	0
1598	163	0
1599	219	0
1600	216	0
1601	199	0
1602	178	0
1603	199	0
1604	198	0
1605	216	0
1606	199	0
1607	197	0
1608	214	0
1609	204	0
1610	210	0
1611	203	0
1612	202	0
1613	208	0
1614	178	0
1615	195	0
1616	191	0
1617	181	0
1618	165	0
1619	213	0
1620	197	0
1621	193	0
1622	201	0
1623	207	0
1624	211	0
1625	180	0
1626	217	0
1627	193	0
1628	185	0
1629	202	0
1630	205	0
1631	208	0
1632	184	0
1633	202	0
1634	190	0
1635	201	0
1636	201	0
1637	208	0
1638	175	0
1639	188	0
1640	186	0
1641	180	0
1642	177	0
1643	203	0
1644	171	0
1645	194	0
1646	192	0
1647	179	0
1648	213	0
1649	174	0
1650	211	0
1651	199	0
1652	199	0
1653	212	0
1654	186	0
1655	167	0
1656	206	0
1657	190	0
1658	190	0
1659	213	0
1660	178	0
1661	187	0
1662	205	0
1663	188	0
1664	179	0
1665	199	0
1666	191	0
1667	218	0
1668	171	0
1669	163	0
1670	192	0
1671	175	0
1672	177	0
1673	219	0
1674	217	0
1675	199	0
1676	196	0
1677	178	0
1678	204	0
1679	195	0
1680	193	0
1681	220	0
1682	210	0
1683	195	0
1684	210	0
1685	187	0
1686	182	0
1687	176	0
1688	210	0
1689	179	0
1690	194	0
1691	196	0
1692	197	0
1693	209	0
1694	189	0
1695	174	0
1696	180	0
1697	195	0
1698	200	0
1699	204	0
1700	204	0
1701	171	0
1702	211	0
1703	201	0
1704	221	0
1705	214	0
1706	204	0
1707	192	0
1708	212	0
1709	194	0
1710	189	0
1711	184	0
1712	179	0
1713	201	0
1714	187	0
1715	180	0
1716	196	0
1717	192	0
1718	210	0
1719	207	0
1720	217	0
1721	221	0
1722	202	0
1723	191	0
1724	205	0
1725	187	0
1726	196	0
1727	198	0
1728	189	0
1729	208	0
1730	200	0
1731	202	0
1732	217	0
1733	191	0
1734	208	0
1735	218	0
1736	218	0
1737	199	0
1738	199	0
1739	191	0
1740	210	0
1741	223	0
1742	177	0
1743	197	0
1744	206	0
1745	174	0
1746	209	0
1747	175	0
1748	195	0
1749	201	0
1750	223	0
1751	181	0
1752	233	0
1753	189	0
1754	218	0
1755	220	0
1756	181	0
1757	196	0
1758	179	0
1759	173	0
1760	175	0
1761	186	0
1762	222	0
1763	203	0
1764	185	0
1765	195	0
1766	230	0
1767	173	0
1768	215	0
1769	200	0
1770	193	0
1771	207	0
1772	201	0
1773	200	0
1774	180	0
1775	200	0
1776	198	0
1777	202	0
1778	207	0
1779	224	0
1780	187	0
1781	186	0
1782	197	0
1783	185	0
1784	181	0
1785	205	0
1786	209	0
1787	205	0
1788	206	0
1789	180	0
1790	212	0
1791	185	0
1792	188	0
1793	167	0
1794	207	0
1795	217	0
1796	206	0
1797	184	0
1798	228	0
1799	171	0
1800	186	0
1801	203	0
1802	203	0
1803	203	0
1804	187	0
1805	205	0
1806	195	0
1807	192	0
1808	205	0
1809	182	0
1810	203	0
1811	194	0
1812	187	0
1813	166	0
1814	189	0
1815	186	0
1816	199	0
1817	204	0
1818	193	0
1819	189	0
1820	212	0
1821	188	0
1822	192	0
1823	187	0
1824	190	0
1825	205	0
1826	192	0
1827	214	0
1828	198	0
1829	226	0
1830	213	0
1831	185	0
1832	184	0
1833	207	0
1834	203	0
1835	211	0
1836	191	0
1837	193	0
1838	187	0
1839	198	0
1840	218	0
1841	176	0
1842	180	0
1843	211	0
1844	188	0
1845	185	0
1846	223	0
1847	197	0
1848	199	0
1849	188	0
1850	179	0
1851	198	0
1852	199	0
1853	196	0
1854	170	0
1855	179	0
1856	185	0
1857	192	0
1858	205	0
1859	202	0
1860	218	0
1861	198	0
1862	199	0
1863	192	0
1864	178	0
1865	157	0
1866	187	0
1867	197	0
1868	209	0
1869	207	0
1870	185	0
1871	183	0
1872	206	0
1873	208	0
1874	224	0
1875	229	0
1876	190	0
1877	200	0
1878	228	0
1879	199	0
1880	193	0
1881	202	0
1882	189	0
1883	180	0
1884	211	0
1885	210	0
1886	180	0
1887	188	0
1888	210	0
1889	211	0
1890	198	0
1891	182	0
1892	197	0
1893	185	0
1894	211	0
1895	203	0
1896	216	0
1897	215	0
1898	175	0
1899	187	0
1900	207	0
1901	189	0
1902	196	0
1903	184	0
1904	182	0
1905	199	0
1906	187	0
1907	204	0
1908	191	0
1909	215	0
1910	195	0
1911	194	0
1912	198	0
1913	221	0
1914	186	0
1915	185	0
1916	200	0
1917	200	0
1918	203	0
1919	185	0
1920	197	0
1921	196	0
1922	200	0
1923	177	0
1924	197	0
1925	205	0
1926	199	0
1927	181	0
1928	193	0
1929	207	0
1930	211	0
1931	219	0
1932	227	0
1933	179	0
1934	205	0
1935	205	0
1936	206	0
1937	186	0
1938	223	0
1939	227	0
1940	215	0
1941	201	0
1942	182	0
1943	174	0
1944	191	0
1945	194	0
1946	217	0
1947	223	0
1948	223	0
1949	173	0
1950	188	0
1951	199	0
1952	184	0
1953	188	0
1954	186	0
1955	180	0
1956	191	0
1957	198	0
1958	183	0
1959	195	0
1960	194	0
1961	197	0
1962	188	0
1963	188	0
1964	201	0
1965	185	0
1966	188	0
1967	189	0
1968	190	0
1969	204	0
1970	204	0
1971	193	0
1972	205	0
1973	200	0
1974	223	0
1975	201	0
1976	174	0
1977	216	0
1978	206	0
1979	203	0
1980	198	0
1981	210	0
1982	198	0
1983	192	0
1984	182	0
1985	198	0
1986	202	0
1987	201	0
1988	165	0
1989	191	0
1990	193	0
1991	197	0
1992	194	0
1993	207	0
1994	188	0
1995	200	0
1996	187	0
1997	181	0
1998	177	0
1999	195	0
2000	202	0
2001	164	0
2002	193	0
2003	216	0
2004	192	0
2005	189	0
2006	216	0
2007	213	0
2008	193	0
2009	196	0
2010	179	0
2011	160	0
2012	189	0
2013	200	0
2014	206	0
2015	214	0
2016	180	0
2017	211	0
2018	180	0
2019	211	0
2020	167	0
2021	205	0
2022	174	0
2023	200	0
2024	200	0
2025	207	0
2026	184	0
2027	192	0
2028	197	0
2029	200	0
2030	180	0
2031	200	0
2032	195	0
2033	183	0
2034	181	0
2035	204	0
2036	170	0
2037	199	0
2038	179	0
2039	209	0
2040	214	0
2041	183	0
2042	194	0
2043	201	0
2044	193	0
2045	197	0
2046	191	0
2047	208	0
2048	203	0
2049	184	0
2050	202	0
2051	171	0
2052	186	0
2053	191	0
2054	202	0
2055	193	0
2056	193	0
2057	192	0
2058	207	0
2059	176	0
2060	213	0
2061	189	0
2062	188	0
2063	194	0
2064	195	0
2065	189	0
2066	175	0
2067	199	0
2068	195	0
2069	218	0
2070	203	0
2071	179	0
2072	212	0
2073	181	0
2074	192	0
2075	191	0
2076	195	0
2077	208	0
2078	212	0
2079	181	0
2080	184	0
2081	188	0
2082	214	0
2083	190	0
2084	153	0
2085	191	0
2086	205	0
2087	177	0
2088	169	0
2089	190	0
2090	212	0
2091	229	0
2092	178	0
2093	182	0
2094	201	0
2095	216	0
2096	189	0
2097	191	0
2098	210	0
2099	185	0
2100	208	0
2101	200	0
2102	210	0
2103	202	0
2104	187	0
2105	214	0
2106	201	0
2107	213	0
2108	202	0
2109	216	0
2110	187	0
2111	210	0
2112	207	0
2113	186	0
2114	207	0
2115	204	0
2116	192	0
2117	189	0
2118	198	0
2119	208	0
2120	203	0
2121	170	0
2122	207	0
2123	169	0
2124	191	0
2125	202	0
2126	197	0
2127	200	0
2128	199	0
2129	200	0
2130	213	0
2131	199	0
2132	193	0
2133	194	0
2134	187	0
2135	181	0
2136	203	0
2137	193	0
2138	193	0
2139	180	0
2140	192	0
2141	194	0
2142	221	0
2143	175	0
2144	191	0
2145	202	0
2146	214	0
2147	178	0
2148	180	0
2149	209	0
2150	187	0
2151	217	0
2152	199	0
2153	207	0
2154	212	0
2155	200	0
2156	211	0
2157	239	0
2158	176	0
2159	190	0
2160	187	0
2161	196	0
2162	195	0
2163	179	0
2164	211	0
2165	175	0
2166	182	0
2167	207	0
2168	196	0
2169	209	0
2170	180	0
2171	192	0
2172	207	0
2173	196	0
2174	201	0
2175	213	0
2176	226	0
2177	204	0
2178	177	0
2179	223	0
2180	240	0
2181	181	0
2182	178	0
2183	190	0
2184	198	0
2185	201	0
2186	184	0
2187	201	0
2188	195	0
2189	207	0
2190	184	0
2191	193	0
2192	210	0
2193	198	0
2194	172	0
2195	176	0
2196	205	0
2197	196	0
2198	198	0
2199	221	0
2200	198	0
2201	166	0
2202	190	0
2203	205	0
2204	202	0
2205	194	0
2206	192	0
2207	206	0
2208	184	0
2209	210	0
2210	209	0
2211	215	0
2212	198	0
2213	213	0
2214	189	0
2215	186	0
2216	209	0
2217	182	0
2218	210	0
2219	204	0
2220	176	0
2221	210	0
2222	196	0
2223	203	0
2224	215	0
2225	204	0
2226	227	0
2227	210	0
2228	188	0
2229	212	0
2230	194	0
2231	201	0
2232	199	0
2233	198	0
2234	182	0
2235	195	0
2236	210	0
2237	204	0
2238	228	0
2239	199	0
2240	193	0
2241	219	0
2242	224	0
2243	209	0
2244	198	0
2245	210	0
2246	186	0
2247	201	0
2248	185	0
2249	175	0
2250	178	0
2251	196	0
2252	227	0
2253	180	0
2254	192	0
2255	190	0
2256	189	0
2257	201	0
2258	197	0
2259	222	0
2260	204	0
2261	180	0
2262	204	0
2263	175	0
2264	184	0
2265	203	0
2266	224	0
2267	189	0
2268	190	0
2269	224	0
2270	200	0
2271	197	0
2272	215	0
2273	223	0
2274	207	0
2275	217	0
2276	188	0
2277	217	0
2278	176	0
2279	181	0
2280	168	0
2281	186	0
2282	195	0
2283	206	0
2284	196	0
2285	216	0
2286	194	0
2287	199	0
2288	202	0
2289	219	0
2290	193	0
2291	190	0
2292	180	0
2293	191	0
2294	183	0
2295	182	0
2296	192	0
2297	193	0
2298	175	0
2299	190	0
2300	173	0
2301	195	0
2302	151	0
2303	185	0
2304	213	0
2305	182	0
2306	185	0
2307	190	0
2308	192	0
2309	187	0
2310	199	0
2311	203	0
2312	176	0
2313	171	0
2314	188	0
2315	187	0
2316	206	0
2317	179	0
2318	204	0
2319	194	0
2320	200	0
2321	194	0
2322	207	0
2323	202	0
2324	191	0
2325	198	0
2326	187	0
2327	191	0
2328	173	0
2329	218	0
2330	184	0
2331	198	0
2332	201	0
2333	210	0
2334	209	0
2335	211	0
2336	196	0
2337	175	0
2338	202	0
2339	186	0
2340	204	0
2341	197	0
2342	204	0
2343	196	0
2344	215	0
2345	193	0
2346	218	0
2347	220	0
2348	204	0
2349	186	0
2350	187	0
2351	220	0
2352	192	0
2353	199	0
2354	187	0
2355	211	0
2356	211	0
2357	221	0
2358	225	0
2359	197	0
2360	174	0
2361	186	0
2362	203	0
2363	203	0
2364	205	0
2365	200	0
2366	196	0
2367	206	0
2368	197	0
2369	198	0
2370	209	0
2371	181	0
2372	178	0
2373	187	0
2374	211	0
2375	159	0
2376	180	0
2377	182	0
2378	206	0
2379	208	0
2380	201	0
2381	206	0
2382	203	0
2383	207	0
2384	208	0
2385	195	0
2386	198	0
2387	198	0
2388	232	0
2389	197	0
2390	230	0
2391	194	0
2392	220	0
2393	188	0
2394	200	0
2395	205	0
2396	171	0
2397	206	0
2398	211	0
2399	180	0
2400	178	0
2401	208	0
2402	197	0
2403	194	0
2404	168	0
2405	233	0
2406	200	0
2407	216	0
2408	195	0
2409	208	0
2410	193	0
2411	199	0
2412	212	0
2413	180	0
2414	198	0
2415	221	0
2416	209	0
2417	188	0
2418	202	0
2419	187	0
2420	196	0
2421	191	0
2422	214	0
2423	180	0
2424	185	0
2425	183	0
2426	199	0
2427	189	0
2428	178	0
2429	178	0
2430	163	0
2431	181	0
2432	191	0
2433	209	0
2434	188	0
2435	197	0
2436	174	0
2437	195	0
2438	213	0
2439	203	0
2440	209	0
2441	206	0
2442	187	0
2443	189	0
2444	212	0
2445	211	0
2446	179	0
2447	208	0
2448	201	0
2449	206	0
2450	193	0
2451	243	0
2452	207	0
2453	212	0
2454	236	0
2455	174	0
2456	186	0
2457	193	0
2458	205	0
2459	169	0
2460	201	0
2461	193	0
2462	186	0
2463	174	0
2464	192	0
2465	186	0
2466	207	0
2467	246	0
2468	197	0
2469	195	0
2470	194	0
2471	191	0
2472	193	0
2473	200	0
2474	184	0
2475	183	0
2476	190	0
2477	200	0
2478	191	0
2479	193	0
2480	207	0
2481	192	0
2482	176	0
2483	190	0
2484	191	0
2485	172	0
2486	199	0
2487	195	0
2488	191	0
2489	214	0
2490	199	0
2491	201	0
2492	170	0
2493	195	0
2494	172	0
2495	218	0
2496	186	0
2497	189	0
2498	201	0
2499	185	0
2500	210	0
2501	173	0
2502	234	0
2503	208	0
2504	199	0
2505	185	0
2506	198	0
2507	199	0
2508	210	0
2509	179	0
2510	183	0
2511	189	0
2512	179	0
2513	217	0
2514	198	0
2515	177	0
2516	205	0
2517	195	0
2518	216	0
2519	215	0
2520	200	0
2521	185	0
2522	214	0
2523	187	0
2524	206	0
2525	181	0
2526	202	0
2527	195	0
2528	203	0
2529	186	0
2530	189	0
2531	243	0
2532	207	0
2533	214	0
2534	186	0
2535	196	0
2536	226	0
2537	193	0
2538	193	0
2539	172	0
2540	193	0
2541	197	0
2542	182	0
2543	189	0
2544	197	0
2545	188	0
2546	217	0
2547	231	0
2548	190	0
2549	206	0
2550	215	0
2551	211	0
2552	186	0
2553	196	0
2554	203	0
2555	190	0
2556	199	0
2557	199	0
2558	178	0
2559	163	0
2560	190	0
2561	182	0
2562	195	0
2563	171	0
2564	241	0
2565	180	0
2566	197	0
2567	196	0
2568	191	0
2569	192	0
2570	200	0
2571	205	0
2572	195	0
2573	192	0
2574	193	0
2575	214	0
2576	203	0
2577	187	0
2578	187	0
2579	195	0
2580	196	0
2581	199	0
2582	204	0
2583	205	0
2584	219	0
2585	188	0
2586	221	0
2587	185	0
2588	203	0
2589	176	0
2590	180	0
2591	200	0
2592	195	0
2593	204	0
2594	177	0
2595	208	0
2596	190	0
2597	212	0
2598	201	0
2599	215	0
2600	209	0
2601	212	0
2602	196	0
2603	198	0
2604	208	0
2605	188	0
2606	194	0
2607	184	0
2608	218	0
2609	211	0
2610	173	0
2611	177	0
2612	206	0
2613	195	0
2614	195	0
2615	199	0
2616	210	0
2617	197	0
2618	205	0
2619	203	0
2620	195	0
2621	200	0
2622	189	0
2623	185	0
2624	207	0
2625	191	0
2626	189	0
2627	203	0
2628	178	0
2629	196	0
2630	216	0
2631	195	0
2632	191	0
2633	192	0
2634	212	0
2635	180	0
2636	193	0
2637	182	0
2638	217	0
2639	190	0
2640	202	0
2641	194	0
2642	221	0
2643	207	0
2644	211	0
2645	202	0
2646	210	0
2647	183	0
2648	219	0
2649	171	0
2650	193	0
2651	184	0
2652	187	0
2653	215	0
2654	176	0
2655	197	0
2656	200	0
2657	189	0
2658	186	0
2659	187	0
2660	200	0
2661	191	0
2662	194	0
2663	208	0
2664	207	0
2665	199	0
2666	184	0
2667	205	0
2668	177	0
2669	188	0
2670	203	0
2671	173	0
2672	179	0
2673	211	0
2674	179	0
2675	187	0
2676	204	0
2677	200	0
2678	206	0
2679	191	0
2680	201	0
2681	162	0
2682	210	0
2683	201	0
2684	179	0
2685	217	0
2686	191	0
2687	203	0
2688	203	0
2689	209	0
2690	217	0
2691	199	0
2692	214	0
2693	209	0
2694	198	0
2695	209	0
2696	198	0
2697	183	0
2698	213	0
2699	215	0
2700	190	0
2701	231	0
2702	185	0
2703	175	0
2704	188	0
2705	203	0
2706	179	0
2707	189	0
2708	189	0
2709	217	0
2710	194	0
2711	217	0
2712	213	0
2713	197	0
2714	191	0
2715	186	0
2716	210	0
2717	210	0
2718	223	0
2719	192	0
2720	213	0
2721	189	0
2722	174	0
2723	180	0
2724	214	0
2725	189	0
2726	216	0
2727	228	0
2728	187	0
2729	194	0
2730	188	0
2731	176	0
2732	211	0
2733	199	0
2734	192	0
2735	195	0
2736	210	0
2737	189	0
2738	213	0
2739	202	0
2740	221	0
2741	184	0
2742	173	0
2743	215	0
2744	182	0
2745	177	0
2746	190	0
2747	203	0
2748	200	0
2749	191	0
2750	179	0
2751	210	0
2752	221	0
2753	207	0
2754	186	0
2755	203	0
2756	198	0
2757	186	0
2758	209	0
2759	212	0
2760	167	0
2761	202	0
2762	178	0
2763	219	0
2764	188	0
2765	195	0
2766	190	0
2767	179	0
2768	194	0
2769	184	0
2770	188	0
2771	216	0
2772	195	0
2773	208	0
2774	204	0
2775	198	0
2776	186	0
2777	181	0
2778	181	0
2779	219	0
2780	180	0
2781	203	0
2782	217	0
2783	188	0
2784	204	0
2785	192	0
2786	203	0
2787	183	0
2788	181	0
2789	195	0
2790	171	0
2791	187	0
2792	202	0
2793	205	0
2794	222	0
2795	205	0
2796	194	0
2797	228	0
2798	211	0
2799	212	0
2800	197	0
2801	197	0
2802	194	0
2803	203	0
2804	203	0
2805	164	0
2806	189	0
2807	205	0
2808	206	0
2809	216	0
2810	168	0
2811	180	0
2812	171	0
2813	202	0
2814	189	0
2815	202	0
2816	188	0
2817	199	0
2818	183	0
2819	181	0
2820	210	0
2821	215	0
2822	181	0
2823	194	0
2824	187	0
2825	194	0
2826	176	0
2827	218	0
2828	172	0
2829	169	0
2830	172	0
2831	179	0
2832	194	0
2833	187	0
2834	189	0
2835	219	0
2836	186	0
2837	205	0
2838	188	0
2839	192	0
2840	190	0
2841	180	0
2842	200	0
2843	183	0
2844	220	0
2845	193	0
2846	226	0
2847	207	0
2848	193	0
2849	178	0
2850	158	0
2851	205	0
2852	185	0
2853	178	0
2854	201	0
2855	212	0
2856	229	0
2857	190	0
2858	189	0
2859	217	0
2860	186	0
2861	213	0
2862	177	0
2863	198	0
2864	202	0
2865	186	0
2866	194	0
2867	185	0
2868	206	0
2869	233	0
2870	229	0
2871	194	0
2872	178	0
2873	195	0
2874	176	0
2875	206	0
2876	175	0
2877	184	0
2878	225	0
2879	202	0
2880	178	0
2881	206	0
2882	197	0
2883	198	0
2884	188	0
2885	219	0
2886	182	0
2887	199	0
2888	168	0
2889	206	0
2890	200	0
2891	204	0
2892	196	0
2893	194	0
2894	203	0
2895	188	0
2896	210	0
2897	178	0
2898	200	0
2899	202	0
2900	208	0
2901	169	0
2902	199	0
2903	191	0
2904	227	0
2905	172	0
2906	172	0
2907	174	0
2908	187	0
2909	197	0
2910	222	0
2911	201	0
2912	194	0
2913	188	0
2914	178	0
2915	211	0
2916	181	0
2917	198	0
2918	192	0
2919	207	0
2920	183	0
2921	203	0
2922	211	0
2923	195	0
2924	206	0
2925	226	0
2926	203	0
2927	197	0
2928	168	0
2929	190	0
2930	197	0
2931	204	0
2932	188	0
2933	187	0
2934	200	0
2935	180	0
2936	163	0
2937	192	0
2938	205	0
2939	205	0
2940	190	0
2941	183	0
2942	194	0
2943	184	0
2944	192	0
2945	200	0
2946	209	0
2947	196	0
2948	208	0
2949	193	0
2950	226	0
2951	189	0
2952	203	0
2953	197	0
2954	211	0
2955	199	0
2956	207	0
2957	209	0
2958	205	0
2959	186	0
2960	173	0
2961	179	0
2962	203	0
2963	206	0
2964	203	0
2965	229	0
2966	193	0
2967	197	0
2968	192	0
2969	200	0
2970	219	0
2971	186	0
2972	185	0
2973	199	0
2974	184	0
2975	208	0
2976	191	0
2977	202	0
2978	178	0
2979	200	0
2980	196	0
2981	197	0
2982	201	0
2983	194	0
2984	182	0
2985	198	0
2986	215	0
2987	193	0
2988	189	0
2989	209	0
2990	188	0
2991	193	0
2992	191	0
2993	190	0
2994	194	0
2995	186	0
2996	190	0
2997	196	0
2998	188	0
2999	185	0
3000	191	0
