1	187	0
2	181	0
3	202	0
4	184	0
5	193	0
6	199	0
7	214	0
8	211	0
9	181	0
10	176	0
11	191	0
12	198	0
13	193	0
14	179	0
15	184	0
16	174	0
17	195	0
18	184	0
19	197	0
20	173	0
21	167	0
22	193	0
23	161	0
24	196	0
25	202	0
26	206	0
27	189	0
28	199	0
29	212	0
30	195	0
31	179	0
32	198	0
33	171	0
34	203	0
35	192	0
36	159	0
37	194	0
38	178	0
39	204	0
40	212	0
41	208	0
42	167	0
43	180	0
44	188	0
45	200	0
46	198	0
47	190	0
48	189	0
49	186	0
50	194	0
51	188	0
52	184	0
53	189	0
54	186	0
55	185	0
56	188	0
57	179	0
58	208	0
59	199	0
60	184	0
61	174	0
62	198	0
63	185	0
64	220	0
65	197	0
66	214	0
67	184	0
68	223	0
69	191	0
70	189	0
71	217	0
72	192	0
73	191	0
74	180	0
75	186	0
76	188	0
77	199	0
78	193	0
79	208	0
80	195	0
81	215	0
82	166	0
83	190	0
84	213	0
85	216	0
86	230	0
87	185	0
88	220	0
89	206	0
90	207	0
91	205	0
92	191	0
93	226	0
94	200	0
95	211	0
96	198	0
97	193	0
98	174	0
99	204	0
100	204	0
101	206	0
102	197	0
103	191	0
104	169	0
105	198	0
106	170	0
107	182	0
108	203	0
109	192	0
110	208	0
111	167	0
112	216	0
113	224	0
114	190	0
115	199	0
116	165	0
117	212	0
118	165	0
119	220	0
120	196	0
121	193	0
122	206	0
123	197	0
124	217	0
125	201	0
126	220	0
127	200	0
128	195	0
129	179	0
130	192	0
131	194	0
132	187	0
133	199	0
134	200	0
135	196	0
136	205	0
137	188	0
138	169	0
139	200	0
140	187	0
141	203	0
142	165	0
143	183	0
144	217	0
145	184	0
146	199	0
147	176	0
148	203	0
149	184	0
150	204	0
151	199	0
152	225	0
153	186	0
154	205	0
155	215	0
156	190	0
157	197	0
158	208	0
159	183	0
160	202	0
161	213	0
162	216	0
163	195	0
164	190	0
165	216	0
166	219	0
167	214	0
168	194	0
169	190	0
170	216	0
171	202	0
172	187	0
173	179	0
174	204	0
175	198	0
176	174	0
177	176	0
178	196	0
179	214	0
180	184	0
181	215	0
182	202	0
183	200	0
184	194	0
185	210	0
186	184	0
187	197	0
188	185	0
189	186	0
190	221	0
191	209	0
192	177	0
193	207	0
194	177	0
195	200	0
196	183	0
197	196	0
198	179	0
199	182	0
200	184	0
201	198	0
202	196	0
203	194	0
204	191	0
205	222	0
206	203	0
207	199	0
208	183	0
209	194	0
210	207	0
211	209	0
212	185	0
213	195	0
214	240	0
215	220	0
216	186	0
217	226	0
218	183	0
219	188	0
220	201	0
221	183	0
222	193	0
223	186	0
224	206	0
225	195	0
226	170	0
227	204	0
228	168	0
229	204	0
230	192	0
231	213	0
232	203	0
233	195	0
234	206	0
235	212	0
236	207	0
237	181	0
238	207	0
239	195	0
240	204	0
241	206	0
242	190	0
243	204	0
244	190	0
245	203	0
246	212	0
247	199	0
248	203	0
249	214	0
250	200	0
251	197	0
252	208	0
253	194	0
254	200	0
255	194	0
256	201	0
257	198	0
258	192	0
259	192	0
260	191	0
261	183	0
262	171	0
263	198	0
264	200	0
265	205	0
266	195	0
267	207	0
268	195	0
269	193	0
270	196	0
271	181	0
272	195	0
273	193	0
274	201	0
275	191	0
276	219	0
277	192	0
278	192	0
279	188	0
280	214	0
281	196	0
282	188	0
283	204	0
284	217	0
285	182	0
286	172	0
287	195	0
288	204	0
289	191	0
290	209	0
291	179	0
292	172	0
293	172	0
294	221	0
295	201	0
296	223	0
297	199	0
298	205	0
299	207	0
300	202	0
301	189	0
302	177	0
303	184	0
304	158	0
305	202	0
306	182	0
307	199	0
308	193	0
309	191	0
310	171	0
311	183	0
312	205	0
313	204	0
314	206	0
315	230	0
316	178	0
317	200	0
318	212	0
319	214	0
320	187	0
321	198	0
322	177	0
323	200	0
324	196	0
325	188	0
326	206	0
327	192	0
328	198	0
329	189	0
330	216	0
331	200	0
332	197	0
333	214	0
334	182	0
335	211	0
336	191	0
337	204	0
338	188	0
339	179	0
340	208	0
341	223	0
342	178	0
343	204	0
344	189	0
345	190	0
346	195	0
347	205	0
348	223	0
349	189	0
350	178	0
351	196	0
352	190	0
353	189	0
354	215	0
355	170	0
356	176	0
357	192	0
358	187	0
359	190	0
360	194	0
361	215	0
362	201	0
363	201	0
364	193	0
365	206	0
366	205	0
367	203	0
368	191	0
369	196	0
370	204	0
371	198	0
372	183	0
373	223	0
374	204	0
375	188	0
376	173	0
377	184	0
378	209	0
379	175	0
380	179	0
381	177	0
382	216	0
383	188	0
384	205	0
385	175	0
386	176	0
387	177	0
388	206	0
389	223	0
390	202	0
391	205	0
392	206	0
393	231	0
394	195	0
395	189	0
396	189	0
397	185	0
398	177	0
399	199	0
400	191	0
401	188	0
402	183	0
403	197	0
404	177	0
405	220	0
406	182	0
407	208	0
408	205	0
409	185	0
410	230	0
411	195	0
412	192	0
413	204	0
414	189	0
415	211	0
416	228	0
417	212	0
418	191	0
419	226	0
420	195	0
421	217	0
422	203	0
423	222	0
424	170	0
425	192	0
426	202	0
427	198	0
428	208	0
429	187	0
430	205	0
431	214	0
432	190	0
433	184	0
434	200	0
435	201	0
436	183	0
437	191	0
438	190	0
439	216	0
440	193	0
441	208	0
442	213	0
443	202	0
444	209	0
445	208	0
446	223	0
447	203	0
448	198	0
449	202	0
450	193	0
451	183	0
452	215	0
453	217	0
454	198	0
455	202	0
456	206	0
457	196	0
458	182	0
459	187	0
460	196	0
461	204	0
462	195	0
463	220	0
464	211	0
465	201	0
466	192	0
467	191	0
468	214	0
469	195	0
470	201	0
471	228	0
472	194	0
473	205	0
474	199	0
475	213	0
476	220	0
477	191	0
478	217	0
479	222	0
480	196	0
481	181	0
482	206	0
483	188	0
484	210	0
485	193	0
486	209	0
487	190	0
488	193	0
489	211	0
490	176	0
491	195	0
492	185	0
493	200	0
494	205	0
495	211	0
496	185	0
497	188	0
498	187	0
499	194	0
500	215	0
501	218	0
502	222	0
503	178	0
504	203	0
505	197	0
506	195	0
507	227	0
508	185	0
509	210	0
510	208	0
511	179	0
512	178	0
513	220	0
514	177	0
515	199	0
516	166	0
517	203	0
518	204	0
519	202	0
520	186	0
521	206	0
522	199	0
523	202	0
524	203	0
525	197	0
526	235	0
527	197	0
528	179	0
529	195	0
530	201	0
531	215	0
532	192	0
533	172	0
534	208	0
535	196	0
536	161	0
537	202	0
538	199	0
539	223	0
540	185	0
541	171	0
542	235	0
543	198	0
544	185	0
545	183	0
546	199	0
547	204	0
548	182	0
549	175	0
550	207	0
551	176	0
552	200	0
553	179	0
554	203	0
555	199	0
556	203	0
557	196	0
558	206	0
559	180	0
560	195	0
561	194	0
562	211	0
563	193	0
564	186	0
565	180	0
566	214	0
567	163	0
568	183	0
569	200	0
570	181	0
571	182	0
572	200	0
573	179	0
574	190	0
575	176	0
576	204	0
577	189	0
578	196	0
579	197	0
580	183	0
581	199	0
582	187	0
583	195	0
584	208	0
585	171	0
586	204	0
587	232	0
588	186	0
589	217	0
590	206	0
591	213	0
592	198	0
593	198	0
594	194	0
595	233	0
596	202	0
597	190	0
598	201	0
599	192	0
600	175	0
601	202	0
602	196	0
603	173	0
604	206	0
605	191	0
606	190	0
607	195	0
608	206	0
609	195	0
610	179	0
611	211	0
612	199	0
613	167	0
614	180	0
615	187	0
616	205	0
617	191	0
618	196	0
619	209	0
620	190	0
621	208	0
622	196	0
623	200	0
624	195	0
625	205	0
626	201	0
627	178	0
628	177	0
629	205	0
630	185	0
631	162	0
632	190	0
633	202	0
634	202	0
635	209	0
636	187	0
637	200	0
638	216	0
639	169	0
640	176	0
641	191	0
642	197	0
643	213	0
644	184	0
645	195	0
646	205	0
647	183	0
648	198	0
649	218	0
650	205	0
651	219	0
652	201	0
653	206	0
654	188	0
655	194	0
656	230	0
657	203	0
658	201	0
659	193	0
660	207	0
661	177	0
662	198	0
663	171	0
664	208	0
665	186	0
666	207	0
667	209	0
668	213	0
669	210	0
670	212	0
671	212	0
672	174	0
673	205	0
674	196	0
675	187	0
676	191	0
677	193	0
678	161	0
679	210	0
680	194	0
681	182	0
682	207	0
683	185	0
684	210	0
685	186	0
686	202	0
687	230	0
688	199	0
689	199	0
690	197	0
691	219	0
692	181	0
693	219	0
694	191	0
695	201	0
696	193	0
697	214	0
698	195	0
699	165	0
700	190	0
701	215	0
702	195	0
703	194	0
704	196	0
705	231	0
706	196	0
707	209	0
708	191	0
709	198	0
710	205	0
711	190	0
712	198	0
713	218	0
714	233	0
715	193	0
716	181	0
717	212	0
718	202	0
719	187	0
720	221	0
721	190	0
722	202	0
723	168	0
724	189	0
725	208	0
726	221	0
727	203	0
728	176	0
729	171	0
730	171	0
731	222	0
732	181	0
733	211	0
734	197	0
735	173	0
736	194	0
737	217	0
738	192	0
739	200	0
740	225	0
741	187	0
742	214	0
743	195	0
744	185	0
745	199	0
746	213	0
747	182	0
748	188	0
749	185	0
750	187	0
751	195	0
752	167	0
753	202	0
754	196	0
755	217	0
756	198	0
757	184	0
758	192	0
759	194	0
760	214	0
761	226	0
762	214	0
763	222	0
764	191	0
765	186	0
766	213	0
767	182	0
768	219	0
769	192	0
770	190	0
771	194	0
772	182	0
773	174	0
774	196	0
775	225	0
776	195	0
777	161	0
778	195	0
779	208	0
780	193	0
781	207	0
782	231	0
783	166	0
784	186	0
785	177	0
786	195	0
787	192	0
788	224	0
789	187	0
790	193	0
791	185	0
792	190	0
793	206	0
794	208	0
795	195	0
796	218	0
797	193	0
798	194	0
799	231	0
800	218	0
801	211	0
802	227	0
803	186	0
804	209	0
805	195	0
806	187	0
807	204	0
808	244	0
809	184	0
810	188	0
811	175	0
812	211	0
813	210	0
814	206	0
815	192	0
816	214	0
817	201	0
818	193	0
819	177	0
820	182	0
821	202	0
822	207	0
823	202	0
824	174	0
825	185	0
826	174	0
827	194	0
828	211	0
829	191	0
830	202	0
831	185	0
832	199	0
833	220	0
834	231	0
835	205	0
836	199	0
837	164	0
838	204	0
839	193	0
840	192	0
841	183	0
842	209	0
843	191	0
844	223	0
845	200	0
846	198	0
847	213	0
848	198	0
849	220	0
850	204	0
851	201	0
852	193	0
853	188	0
854	220	0
855	182	0
856	202	0
857	219	0
858	194	0
859	192	0
860	192	0
861	195	0
862	231	0
863	185	0
864	186	0
865	221	0
866	195	0
867	181	0
868	208	0
869	181	0
870	189	0
871	195	0
872	196	0
873	195	0
874	182	0
875	204	0
876	204	0
877	197	0
878	194	0
879	179	0
880	189	0
881	210	0
882	172	0
883	182	0
884	198	0
885	183	0
886	206	0
887	222	0
888	219	0
889	197	0
890	186	0
891	173	0
892	164	0
893	200	0
894	191	0
895	183	0
896	184	0
897	212	0
898	185	0
899	186	0
900	211	0
901	194	0
902	206	0
903	196	0
904	193	0
905	233	0
906	225	0
907	201	0
908	208	0
909	201	0
910	189	0
911	209	0
912	210	0
913	199	0
914	193	0
915	200	0
916	212	0
917	187	0
918	191	0
919	182	0
920	201	0
921	169	0
922	215	0
923	160	0
924	164	0
925	199	0
926	198	0
927	203	0
928	197	0
929	218	0
930	224	0
931	192	0
932	199	0
933	193	0
934	201	0
935	198	0
936	200	0
937	194	0
938	191	0
939	193	0
940	193	0
941	208	0
942	218	0
943	199	0
944	219	0
945	210	0
946	197	0
947	204	0
948	176	0
949	202	0
950	205	0
951	174	0
952	184	0
953	204	0
954	172	0
955	196	0
956	227	0
957	198	0
958	187	0
959	217	0
960	196	0
961	173	0
962	168	0
963	156	0
964	191	0
965	215	0
966	182	0
967	198	0
968	197	0
969	190	0
970	238	0
971	201	0
972	189	0
973	213	0
974	219	0
975	229	0
976	208	0
977	187	0
978	186	0
979	175	0
980	176	0
981	189	0
982	183	0
983	195	0
984	200	0
985	165	0
986	210	0
987	202	0
988	221	0
989	172	0
990	184	0
991	198	0
992	199	0
993	225	0
994	206	0
995	202	0
996	177	0
997	221	0
998	172	0
999	163	0
1000	202	0
1001	201	0
1002	193	0
1003	213	0
1004	209	0
1005	185	0
1006	201	0
1007	209	0
1008	189	0
1009	195	0
1010	186	0
1011	192	0
1012	207	0
1013	178	0
1014	182	0
1015	209	0
1016	212	0
1017	201	0
1018	193	0
1019	193	0
1020	252	0
1021	184	0
1022	186	0
1023	183	0
1024	198	0
1025	205	0
1026	209	0
1027	179	0
1028	213	0
1029	192	0
1030	212	0
1031	183	0
1032	195	0
1033	175	0
1034	183	0
1035	186	0
1036	185	0
1037	220	0
1038	209	0
1039	199	0
1040	196	0
1041	193	0
1042	192	0
1043	190	0
1044	191	0
1045	192	0
1046	226	0
1047	166	0
1048	204	0
1049	181	0
1050	184	0
1051	217	0
1052	186	0
1053	192	0
1054	210	0
1055	200	0
1056	208	0
1057	201	0
1058	226	0
1059	190	0
1060	167	0
1061	201	0
1062	216	0
1063	187	0
1064	186	0
1065	178	0
1066	199	0
1067	199	0
1068	207	0
1069	184	0
1070	191	0
1071	215	0
1072	176	0
1073	193	0
1074	175	0
1075	179	0
1076	171	0
1077	177	0
1078	198	0
1079	202	0
1080	180	0
1081	201	0
1082	205	0
1083	232	0
1084	188	0
1085	228	0
1086	196	0
1087	184	0
1088	181	0
1089	197	0
1090	222	0
1091	201	0
1092	196	0
1093	195	0
1094	225	0
1095	236	0
1096	187	0
1097	185	0
1098	234	0
1099	209	0
1100	207	0
1101	208	0
1102	173	0
1103	197	0
1104	220	0
1105	200	0
1106	239	0
1107	206	0
1108	192	0
1109	197	0
1110	205	0
1111	176	0
1112	197	0
1113	193	0
1114	188	0
1115	196	0
1116	199	0
1117	203	0
1118	184	0
1119	202	0
1120	176	0
1121	213	0
1122	198	0
1123	185	0
1124	206	0
1125	198	0
1126	193	0
1127	223	0
1128	208	0
1129	185	0
1130	170	0
1131	196	0
1132	195	0
1133	192	0
1134	196	0
1135	192	0
1136	185	0
1137	179	0
1138	181	0
1139	192	0
1140	207	0
1141	210	0
1142	222	0
1143	199	0
1144	193	0
1145	210	0
1146	184	0
1147	206	0
1148	181	0
1149	202	0
1150	218	0
1151	210	0
1152	196	0
1153	181	0
1154	199	0
1155	183	0
1156	197	0
1157	171	0
1158	194	0
1159	188	0
1160	210	0
1161	198	0
1162	201	0
1163	197	0
1164	209	0
1165	191	0
1166	220	0
1167	220	0
1168	200	0
1169	191	0
1170	177	0
1171	189	0
1172	164	0
1173	224	0
1174	192	0
1175	210	0
1176	197	0
1177	199	0
1178	223	0
1179	206	0
1180	205	0
1181	239	0
1182	194	0
1183	202	0
1184	217	0
1185	200	0
1186	181	0
1187	211	0
1188	195	0
1189	176	0
1190	213	0
1191	196	0
1192	189	0
1193	189	0
1194	193	0
1195	209	0
1196	197	0
1197	170	0
1198	188	0
1199	195	0
1200	197	0
1201	206	0
1202	187	0
1203	179	0
1204	195	0
1205	196	0
1206	192	0
1207	238	0
1208	234	0
1209	194	0
1210	194	0
1211	207	0
1212	183	0
1213	196	0
1214	199	0
1215	185	0
1216	198	0
1217	185	0
1218	218	0
1219	189	0
1220	205	0
1221	179	0
1222	195	0
1223	213	0
1224	209	0
1225	210	0
1226	214	0
1227	191	0
1228	191	0
1229	200	0
1230	201	0
1231	170	0
1232	190	0
1233	202	0
1234	206	0
1235	202	0
1236	224	0
1237	181	0
1238	206	0
1239	191	0
1240	192	0
1241	214	0
1242	191	0
1243	185	0
1244	185	0
1245	197	0
1246	210	0
1247	197	0
1248	182	0
1249	195	0
1250	208	0
1251	182	0
1252	194	0
1253	191	0
1254	208	0
1255	183	0
1256	226	0
1257	193	0
1258	219	0
1259	212	0
1260	185	0
1261	192	0
1262	185	0
1263	184	0
1264	192	0
1265	199	0
1266	188	0
1267	196	0
1268	203	0
1269	192	0
1270	186	0
1271	191	0
1272	198	0
1273	203	0
1274	192	0
1275	202	0
1276	216	0
1277	190	0
1278	196	0
1279	185	0
1280	185	0
1281	214	0
1282	202	0
1283	201	0
1284	210	0
1285	226	0
1286	206	0
1287	190	0
1288	179	0
1289	167	0
1290	203	0
1291	201	0
1292	208	0
1293	195	0
1294	217	0
1295	197	0
1296	199	0
1297	208	0
1298	201	0
1299	200	0
1300	202	0
1301	191	0
1302	181	0
1303	207	0
1304	203	0
1305	176	0
1306	201	0
1307	202	0
1308	192	0
1309	204	0
1310	231	0
1311	185	0
1312	219	0
1313	209	0
1314	218	0
1315	169	0
1316	171	0
1317	215	0
1318	185	0
1319	195	0
1320	187	0
1321	208	0
1322	180	0
1323	221	0
1324	201	0
1325	177	0
1326	193	0
1327	199	0
1328	207	0
1329	203	0
1330	188	0
1331	196	0
1332	209	0
1333	179	0
1334	172	0
1335	168	0
1336	183	0
1337	202	0
1338	199	0
1339	205	0
1340	185	0
1341	202	0
1342	195	0
1343	230	0
1344	209	0
1345	207	0
1346	216	0
1347	197	0
1348	176	0
1349	195	0
1350	204	0
1351	178	0
1352	194	0
1353	210	0
1354	195	0
1355	202	0
1356	211	0
1357	182	0
1358	201	0
1359	215	0
1360	222	0
1361	202	0
1362	187	0
1363	191	0
1364	227	0
1365	199	0
1366	182	0
1367	187	0
1368	190	0
1369	173	0
1370	205	0
1371	196	0
1372	172	0
1373	187	0
1374	215	0
1375	200	0
1376	205	0
1377	193	0
1378	198	0
1379	197	0
1380	194	0
1381	177	0
1382	193	0
1383	181	0
1384	203	0
1385	184	0
1386	207	0
1387	181	0
1388	183	0
1389	215	0
1390	186	0
1391	186	0
1392	189	0
1393	219	0
1394	213	0
1395	182	0
1396	214	0
1397	223	0
1398	164	0
1399	182	0
1400	171	0
1401	208	0
1402	203	0
1403	193	0
1404	215	0
1405	217	0
1406	191	0
1407	196	0
1408	222	0
1409	188	0
1410	211	0
1411	189	0
1412	190	0
1413	207	0
1414	177	0
1415	189	0
1416	214	0
1417	210	0
1418	204	0
1419	203	0
1420	191	0
1421	195	0
1422	197	0
1423	179	0
1424	181	0
1425	200	0
1426	184	0
1427	219	0
1428	189	0
1429	190	0
1430	180	0
1431	177	0
1432	193	0
1433	201	0
1434	216	0
1435	194	0
1436	191	0
1437	189	0
1438	206	0
1439	204	0
1440	194	0
1441	197	0
1442	196	0
1443	183	0
1444	173	0
1445	199	0
1446	183	0
1447	207	0
1448	209	0
1449	180	0
1450	212	0
1451	237	0
1452	211	0
1453	199	0
1454	181	0
1455	213	0
1456	188	0
1457	182	0
1458	208	0
1459	207	0
1460	204	0
1461	216	0
1462	202	0
1463	187	0
1464	210	0
1465	203	0
1466	207	0
1467	207	0
1468	193	0
1469	192	0
1470	219	0
1471	190	0
1472	194	0
1473	216	0
1474	204	0
1475	171	0
1476	177	0
1477	215	0
1478	210	0
1479	209	0
1480	190	0
1481	219	0
1482	214	0
1483	176	0
1484	205	0
1485	212	0
1486	201	0
1487	208	0
1488	172	0
1489	186	0
1490	170	0
1491	198	0
1492	196	0
1493	219	0
1494	185	0
1495	179	0
1496	205	0
1497	235	0
1498	189	0
1499	191	0
1500	205	0
1501	199	0
1502	198	0
1503	216	0
1504	221	0
1505	217	0
1506	176	0
1507	223	0
1508	191	0
1509	198	0
1510	215	0
1511	202	0
1512	178	0
1513	212	0
1514	199	0
1515	207	0
1516	195	0
1517	206	0
1518	215	0
1519	203	0
1520	218	0
1521	207	0
1522	218	0
1523	207	0
1524	182	0
1525	191	0
1526	206	0
1527	200	0
1528	185	0
1529	213	0
1530	197	0
1531	201	0
1532	193	0
1533	177	0
1534	215	0
1535	209	0
1536	192	0
1537	198	0
1538	176	0
1539	197	0
1540	219	0
1541	180	0
1542	188	0
1543	204	0
1544	187	0
1545	201	0
1546	202	0
1547	191	0
1548	206	0
1549	202	0
1550	188	0
1551	193	0
1552	170	0
1553	199	0
1554	162	0
1555	186	0
1556	174	0
1557	204	0
1558	204	0
1559	204	0
1560	192	0
1561	194	0
1562	187	0
1563	220	0
1564	209	0
1565	206	0
1566	192	0
1567	183	0
1568	193	0
1569	172	0
1570	215	0
1571	197	0
1572	211	0
1573	214	0
1574	183	0
1575	185	0
1576	210	0
1577	198	0
1578	168	0
1579	189	0
1580	218	0
1581	223	0
1582	182	0
1583	201	0
1584	181	0
1585	196	0
1586	191	0
1587	181	0
1588	191	0
1589	186	0
1590	194	0
1591	204	0
1592	185	0
1593	170	0
1594	191	0
1595	187	0
1596	193	0
1597	211	0
1598	174	0
1599	196	0
1600	208	0
1601	194	0
1602	206	0
1603	215	0
1604	191	0
1605	186	0
1606	232	0
1607	185	0
1608	220	0
1609	207	0
1610	212	0
1611	202	0
1612	202	0
1613	197	0
1614	172	0
1615	211	0
1616	195	0
1617	177	0
1618	199	0
1619	195	0
1620	202	0
1621	193	0
1622	196	0
1623	188	0
1624	189	0
1625	187	0
1626	203	0
1627	180	0
1628	182	0
1629	190	0
1630	186	0
1631	219	0
1632	183	0
1633	185	0
1634	218	0
1635	209	0
1636	188	0
1637	209	0
1638	204	0
1639	197	0
1640	183	0
1641	186	0
1642	182	0
1643	230	0
1644	205	0
1645	192	0
1646	215	0
1647	194	0
1648	212	0
1649	204	0
1650	214	0
1651	205	0
1652	192	0
1653	228	0
1654	215	0
1655	202	0
1656	204	0
1657	178	0
1658	207	0
1659	201	0
1660	175	0
1661	209	0
1662	173	0
1663	204	0
1664	214	0
1665	200	0
1666	225	0
1667	183	0
1668	184	0
1669	164	0
1670	186	0
1671	191	0
1672	193	0
1673	191	0
1674	174	0
1675	199	0
1676	199	0
1677	187	0
1678	193	0
1679	197	0
1680	173	0
1681	216	0
1682	213	0
1683	193	0
1684	195	0
1685	216	0
1686	190	0
1687	186	0
1688	195	0
1689	200	0
1690	187	0
1691	192	0
1692	196	0
1693	184	0
1694	201	0
1695	208	0
1696	232	0
1697	182	0
1698	200	0
1699	186	0
1700	205	0
1701	203	0
1702	215	0
1703	182	0
1704	208	0
1705	190	0
1706	191	0
1707	198	0
1708	193	0
1709	183	0
1710	203	0
1711	210	0
1712	206	0
1713	186	0
1714	202	0
1715	210	0
1716	199	0
1717	189	0
1718	181	0
1719	188	0
1720	220	0
1721	191	0
1722	180	0
1723	197	0
1724	203	0
1725	193	0
1726	190	0
1727	191	0
1728	195	0
1729	181	0
1730	182	0
1731	175	0
1732	189	0
1733	201	0
1734	193	0
1735	205	0
1736	211	0
1737	232	0
1738	168	0
1739	222	0
1740	184	0
1741	174	0
1742	210	0
1743	206	0
1744	217	0
1745	212	0
1746	212	0
1747	196	0
1748	201	0
1749	190	0
1750	214	0
1751	213	0
1752	212	0
1753	190	0
1754	202	0
1755	208	0
1756	185	0
1757	194	0
1758	201	0
1759	180	0
1760	198	0
1761	213	0
1762	197	0
1763	187	0
1764	181	0
1765	197	0
1766	199	0
1767	200	0
1768	214	0
1769	203	0
1770	164	0
1771	178	0
1772	175	0
1773	184	0
1774	189	0
1775	185	0
1776	194	0
1777	189	0
1778	209	0
1779	220	0
1780	194	0
1781	180	0
1782	183	0
1783	198	0
1784	198	0
1785	188	0
1786	192	0
1787	203	0
1788	182	0
1789	213	0
1790	197	0
1791	192	0
1792	172	0
1793	210	0
1794	218	0
1795	176	0
1796	203	0
1797	187	0
1798	203	0
1799	187	0
1800	185	0
1801	208	0
1802	194	0
1803	215	0
1804	181	0
1805	212	0
1806	171	0
1807	211	0
1808	185	0
1809	166	0
1810	200	0
1811	204	0
1812	214	0
1813	196	0
1814	229	0
1815	215	0
1816	205	0
1817	205	0
1818	184	0
1819	205	0
1820	214	0
1821	203	0
1822	178	0
1823	183	0
1824	189	0
1825	207	0
1826	178	0
1827	194	0
1828	209	0
1829	201	0
1830	207	0
1831	199	0
1832	190	0
1833	204	0
1834	206	0
1835	175	0
1836	199	0
1837	195	0
1838	159	0
1839	206	0
1840	213	0
1841	200	0
1842	179	0
1843	181	0
1844	195	0
1845	230	0
1846	187	0
1847	188	0
1848	184	0
1849	187	0
1850	186	0
1851	186	0
1852	195	0
1853	203	0
1854	199	0
1855	200	0
1856	197	0
1857	190	0
1858	208	0
1859	204	0
1860	202	0
1861	192	0
1862	173	0
1863	211	0
1864	215	0
1865	204	0
1866	197	0
1867	190	0
1868	197	0
1869	185	0
1870	206	0
1871	192	0
1872	208	0
1873	190	0
1874	198	0
1875	206	0
1876	217	0
1877	209	0
1878	203	0
1879	190	0
1880	194	0
1881	192	0
1882	189	0
1883	219	0
1884	221	0
1885	185	0
1886	193	0
1887	220	0
1888	195	0
1889	193	0
1890	196	0
1891	170	0
1892	176	0
1893	197	0
1894	184	0
1895	206	0
1896	186	0
1897	189	0
1898	174	0
1899	198	0
1900	163	0
1901	183	0
1902	214	0
1903	197	0
1904	187	0
1905	193	0
1906	183	0
1907	195	0
1908	194	0
1909	217	0
1910	209	0
1911	204	0
1912	171	0
1913	195	0
1914	195	0
1915	198	0
1916	179	0
1917	201	0
1918	199	0
1919	183	0
1920	212	0
1921	191	0
1922	196	0
1923	208	0
1924	196	0
1925	224	0
1926	203	0
1927	217	0
1928	186	0
1929	199	0
1930	201	0
1931	202	0
1932	187	0
1933	206	0
1934	205	0
1935	205	0
1936	185	0
1937	188	0
1938	204	0
1939	194	0
1940	183	0
1941	193	0
1942	187	0
1943	186	0
1944	200	0
1945	190	0
1946	174	0
1947	190	0
1948	208	0
1949	192	0
1950	214	0
1951	225	0
1952	183	0
1953	202	0
1954	212	0
1955	179	0
1956	188	0
1957	193	0
1958	202	0
1959	197	0
1960	176	0
1961	187	0
1962	188	0
1963	192	0
1964	189	0
1965	214	0
1966	184	0
1967	178	0
1968	204	0
1969	231	0
1970	183	0
1971	188	0
1972	188	0
1973	185	0
1974	186	0
1975	187	0
1976	177	0
1977	192	0
1978	208	0
1979	193	0
1980	215	0
1981	200	0
1982	224	0
1983	198	0
1984	207	0
1985	198	0
1986	197	0
1987	192	0
1988	198	0
1989	190	0
1990	209	0
1991	206	0
1992	186	0
1993	196	0
1994	175	0
1995	209	0
1996	226	0
1997	192	0
1998	189	0
1999	185	0
2000	194	0
2001	181	0
2002	188	0
2003	202	0
2004	197	0
2005	219	0
2006	203	0
2007	191	0
2008	173	0
2009	196	0
2010	233	0
2011	183	0
2012	203	0
2013	197	0
2014	195	0
2015	177	0
2016	203	0
2017	198	0
2018	195	0
2019	211	0
2020	191	0
2021	184	0
2022	193	0
2023	203	0
2024	169	0
2025	196	0
2026	201	0
2027	203	0
2028	216	0
2029	191	0
2030	232	0
2031	187	0
2032	202	0
2033	201	0
2034	175	0
2035	193	0
2036	199	0
2037	171	0
2038	192	0
2039	189	0
2040	207	0
2041	215	0
2042	199	0
2043	196	0
2044	191	0
2045	216	0
2046	184	0
2047	175	0
2048	184	0
2049	220	0
2050	194	0
2051	190	0
2052	168	0
2053	214	0
2054	174	0
2055	192	0
2056	204	0
2057	163	0
2058	170	0
2059	193	0
2060	209	0
2061	184	0
2062	206	0
2063	189	0
2064	201	0
2065	216	0
2066	202	0
2067	158	0
2068	192	0
2069	192	0
2070	189	0
2071	194	0
2072	208	0
2073	193	0
2074	193	0
2075	207	0
2076	218	0
2077	210	0
2078	206	0
2079	164	0
2080	200	0
2081	215	0
2082	199	0
2083	198	0
2084	187	0
2085	203	0
2086	198	0
2087	194	0
2088	181	0
2089	208	0
2090	187	0
2091	179	0
2092	185	0
2093	222	0
2094	210	0
2095	187	0
2096	203	0
2097	202	0
2098	208	0
2099	189	0
2100	175	0
2101	221	0
2102	179	0
2103	204	0
2104	194	0
2105	222	0
2106	216	0
2107	196	0
2108	193	0
2109	228	0
2110	195	0
2111	203	0
2112	178	0
2113	204	0
2114	218	0
2115	187	0
2116	197	0
2117	177	0
2118	214	0
2119	194	0
2120	211	0
2121	216	0
2122	197	0
2123	223	0
2124	226	0
2125	189	0
2126	200	0
2127	196	0
2128	180	0
2129	222	0
2130	183	0
2131	214	0
2132	208	0
2133	173	0
2134	212	0
2135	207	0
2136	209	0
2137	186	0
2138	223	0
2139	175	0
2140	216	0
2141	177	0
2142	214	0
2143	216	0
2144	181	0
2145	192	0
2146	221	0
2147	189	0
2148	191	0
2149	186	0
2150	180	0
2151	201	0
2152	176	0
2153	183	0
2154	177	0
2155	189	0
2156	196	0
2157	207	0
2158	191	0
2159	202	0
2160	203	0
2161	202	0
2162	202	0
2163	179	0
2164	186	0
2165	185	0
2166	206	0
2167	200	0
2168	199	0
2169	211	0
2170	201	0
2171	190	0
2172	161	0
2173	194	0
2174	209	0
2175	176	0
2176	178	0
2177	217	0
2178	213	0
2179	184	0
2180	206	0
2181	183	0
2182	188	0
2183	200	0
2184	180	0
2185	197	0
2186	171	0
2187	214	0
2188	190	0
2189	195	0
2190	214	0
2191	191	0
2192	187	0
2193	208	0
2194	171	0
2195	195	0
2196	204	0
2197	179	0
2198	201	0
2199	208	0
2200	192	0
2201	232	0
2202	187	0
2203	197	0
2204	170	0
2205	230	0
2206	197	0
2207	184	0
2208	213	0
2209	213	0
2210	191	0
2211	196	0
2212	162	0
2213	170	0
2214	194	0
2215	194	0
2216	202	0
2217	236	0
2218	189	0
2219	211	0
2220	209	0
2221	179	0
2222	200	0
2223	200	0
2224	196	0
2225	170	0
2226	181	0
2227	183	0
2228	195	0
2229	186	0
2230	198	0
2231	180	0
2232	198	0
2233	207	0
2234	181	0
2235	214	0
2236	191	0
2237	172	0
2238	189	0
2239	193	0
2240	199	0
2241	194	0
2242	188	0
2243	224	0
2244	211	0
2245	216	0
2246	210	0
2247	214	0
2248	210	0
2249	207	0
2250	177	0
2251	195	0
2252	174	0
2253	187	0
2254	187	0
2255	212	0
2256	189	0
2257	177	0
2258	187	0
2259	193	0
2260	217	0
2261	190	0
2262	184	0
2263	226	0
2264	202	0
2265	202	0
2266	184	0
2267	194	0
2268	186	0
2269	212	0
2270	196	0
2271	186	0
2272	184	0
2273	196	0
2274	210	0
2275	210	0
2276	197	0
2277	174	0
2278	176	0
2279	197	0
2280	192	0
2281	203	0
2282	161	0
2283	204	0
2284	218	0
2285	211	0
2286	195	0
2287	157	0
2288	196	0
2289	199	0
2290	195	0
2291	213	0
2292	199	0
2293	183	0
2294	206	0
2295	200	0
2296	208	0
2297	184	0
2298	187	0
2299	194	0
2300	169	0
2301	179	0
2302	197	0
2303	211	0
2304	197	0
2305	168	0
2306	206	0
2307	194	0
2308	197	0
2309	218	0
2310	190	0
2311	180	0
2312	199	0
2313	176	0
2314	205	0
2315	191	0
2316	207	0
2317	198	0
2318	194	0
2319	203	0
2320	172	0
2321	217	0
2322	172	0
2323	183	0
2324	218	0
2325	176	0
2326	200	0
2327	233	0
2328	213	0
2329	191	0
2330	193	0
2331	211	0
2332	209	0
2333	207	0
2334	178	0
2335	193	0
2336	190	0
2337	231	0
2338	212	0
2339	204	0
2340	191	0
2341	203	0
2342	207	0
2343	210	0
2344	209	0
2345	190	0
2346	176	0
2347	189	0
2348	202	0
2349	201	0
2350	207	0
2351	189	0
2352	205	0
2353	194	0
2354	203	0
2355	205	0
2356	182	0
2357	198	0
2358	201	0
2359	199	0
2360	179	0
2361	192	0
2362	189	0
2363	213	0
2364	200	0
2365	223	0
2366	185	0
2367	192	0
2368	203	0
2369	180	0
2370	177	0
2371	182	0
2372	215	0
2373	196	0
2374	211	0
2375	210	0
2376	197	0
2377	182	0
2378	188	0
2379	204	0
2380	207	0
2381	203	0
2382	211	0
2383	206	0
2384	208	0
2385	186	0
2386	166	0
2387	204	0
2388	194	0
2389	181	0
2390	214	0
2391	190	0
2392	177	0
2393	190	0
2394	204	0
2395	207	0
2396	168	0
2397	194	0
2398	192	0
2399	199	0
2400	194	0
2401	203	0
2402	191	0
2403	190	0
2404	190	0
2405	174	0
2406	214	0
2407	193	0
2408	184	0
2409	166	0
2410	218	0
2411	207	0
2412	198	0
2413	186	0
2414	175	0
2415	201	0
2416	201	0
2417	195	0
2418	221	0
2419	185	0
2420	221	0
2421	226	0
2422	224	0
2423	227	0
2424	181	0
2425	211	0
2426	194	0
2427	194	0
2428	187	0
2429	172	0
2430	191	0
2431	212	0
2432	233	0
2433	188	0
2434	190	0
2435	230	0
2436	200	0
2437	204	0
2438	182	0
2439	194	0
2440	211	0
2441	204	0
2442	211	0
2443	208	0
2444	187	0
2445	216	0
2446	156	0
2447	200	0
2448	197	0
2449	172	0
2450	205	0
2451	197	0
2452	203	0
2453	210	0
2454	211	0
2455	203	0
2456	219	0
2457	172	0
2458	177	0
2459	190	0
2460	209	0
2461	191	0
2462	206	0
2463	191	0
2464	200	0
2465	208	0
2466	191	0
2467	188	0
2468	180	0
2469	169	0
2470	194	0
2471	190	0
2472	224	0
2473	201	0
2474	186	0
2475	175	0
2476	186	0
2477	196	0
2478	178	0
2479	198	0
2480	223	0
2481	188	0
2482	216	0
2483	180	0
2484	182	0
2485	214	0
2486	209	0
2487	176	0
2488	200	0
2489	205	0
2490	180	0
2491	217	0
2492	189	0
2493	194	0
2494	227	0
2495	204	0
2496	187	0
2497	201	0
2498	175	0
2499	182	0
2500	179	0
2501	189	0
2502	199	0
2503	192	0
2504	203	0
2505	199	0
2506	186	0
2507	197	0
2508	175	0
2509	181	0
2510	215	0
2511	208	0
2512	223	0
2513	183	0
2514	211	0
2515	197	0
2516	195	0
2517	198	0
2518	188	0
2519	214	0
2520	205	0
2521	187	0
2522	206	0
2523	189	0
2524	198	0
2525	192	0
2526	213	0
2527	211	0
2528	200	0
2529	180	0
2530	190	0
2531	203	0
2532	186	0
2533	206	0
2534	206	0
2535	177	0
2536	182	0
2537	218	0
2538	191	0
2539	212	0
2540	211	0
2541	220	0
2542	201	0
2543	184	0
2544	205	0
2545	192	0
2546	219	0
2547	223	0
2548	210	0
2549	186	0
2550	210	0
2551	227	0
2552	186	0
2553	197	0
2554	183	0
2555	178	0
2556	185	0
2557	203	0
2558	203	0
2559	202	0
2560	201	0
2561	213	0
2562	221	0
2563	195	0
2564	186	0
2565	214	0
2566	180	0
2567	186	0
2568	218	0
2569	189	0
2570	204	0
2571	212	0
2572	187	0
2573	180	0
2574	198	0
2575	167	0
2576	202	0
2577	185	0
2578	193	0
2579	192	0
2580	201	0
2581	197	0
2582	212	0
2583	193	0
2584	212	0
2585	179	0
2586	175	0
2587	190	0
2588	194	0
2589	232	0
2590	204	0
2591	199	0
2592	203	0
2593	181	0
2594	201	0
2595	217	0
2596	207	0
2597	206	0
2598	175	0
2599	207	0
2600	195	0
2601	195	0
2602	199	0
2603	194	0
2604	187	0
2605	174	0
2606	207	0
2607	213	0
2608	207	0
2609	199	0
2610	216	0
2611	211	0
2612	182	0
2613	180	0
2614	191	0
2615	205	0
2616	203	0
2617	196	0
2618	194	0
2619	196	0
2620	215	0
2621	212	0
2622	212	0
2623	184	0
2624	206	0
2625	194	0
2626	186	0
2627	187	0
2628	186	0
2629	205	0
2630	172	0
2631	201	0
2632	206	0
2633	188	0
2634	198	0
2635	177	0
2636	174	0
2637	201	0
2638	199	0
2639	213	0
2640	179	0
2641	169	0
2642	223	0
2643	180	0
2644	195	0
2645	215	0
2646	194	0
2647	189	0
2648	209	0
2649	226	0
2650	195	0
2651	190	0
2652	187	0
2653	207	0
2654	170	0
2655	204	0
2656	185	0
2657	201	0
2658	219	0
2659	195	0
2660	192	0
2661	201	0
2662	207	0
2663	188	0
2664	188	0
2665	188	0
2666	203	0
2667	207	0
2668	192	0
2669	211	0
2670	198	0
2671	190	0
2672	178	0
2673	194	0
2674	185	0
2675	217	0
2676	195	0
2677	193	0
2678	212	0
2679	203	0
2680	187	0
2681	183	0
2682	192	0
2683	189	0
2684	192	0
2685	214	0
2686	215	0
2687	219	0
2688	196	0
2689	201	0
2690	193	0
2691	191	0
2692	196	0
2693	187	0
2694	196	0
2695	204	0
2696	194	0
2697	190	0
2698	229	0
2699	203	0
2700	217	0
2701	187	0
2702	184	0
2703	186	0
2704	187	0
2705	186	0
2706	189	0
2707	192	0
2708	199	0
2709	205	0
2710	221	0
2711	208	0
2712	172	0
2713	198	0
2714	214	0
2715	196	0
2716	204	0
2717	183	0
2718	209	0
2719	238	0
2720	217	0
2721	177	0
2722	183	0
2723	230	0
2724	195	0
2725	206	0
2726	192	0
2727	229	0
2728	195	0
2729	220	0
2730	202	0
2731	205	0
2732	186	0
2733	178	0
2734	209	0
2735	178	0
2736	190	0
2737	179	0
2738	190	0
2739	198	0
2740	179	0
2741	181	0
2742	189	0
2743	200	0
2744	190	0
2745	196	0
2746	222	0
2747	193	0
2748	221	0
2749	197	0
2750	204	0
2751	203	0
2752	223	0
2753	204	0
2754	192	0
2755	200	0
2756	189	0
2757	179	0
2758	198	0
2759	171	0
2760	202	0
2761	186	0
2762	233	0
2763	188	0
2764	207	0
2765	195	0
2766	202	0
2767	201	0
2768	170	0
2769	166	0
2770	206	0
2771	202	0
2772	197	0
2773	183	0
2774	200	0
2775	210	0
2776	172	0
2777	202	0
2778	195	0
2779	201	0
2780	208	0
2781	193	0
2782	227	0
2783	200	0
2784	164	0
2785	181	0
2786	194	0
2787	201	0
2788	217	0
2789	197	0
2790	187	0
2791	207	0
2792	163	0
2793	185	0
2794	206	0
2795	211	0
2796	215	0
2797	194	0
2798	205	0
2799	198	0
2800	201	0
2801	194	0
2802	242	0
2803	219	0
2804	185	0
2805	192	0
2806	190	0
2807	182	0
2808	195	0
2809	181	0
2810	179	0
2811	168	0
2812	225	0
2813	194	0
2814	180	0
2815	200	0
2816	196	0
2817	196	0
2818	186	0
2819	202	0
2820	184	0
2821	208	0
2822	192	0
2823	196	0
2824	210	0
2825	196	0
2826	193	0
2827	185	0
2828	178	0
2829	202	0
2830	204	0
2831	216	0
2832	180	0
2833	197	0
2834	188	0
2835	202	0
2836	225	0
2837	196	0
2838	198	0
2839	176	0
2840	185	0
2841	207	0
2842	220	0
2843	190	0
2844	170	0
2845	198	0
2846	207	0
2847	184	0
2848	205	0
2849	192	0
2850	190	0
2851	212	0
2852	193	0
2853	198	0
2854	197	0
2855	219	0
2856	193	0
2857	194	0
2858	197	0
2859	204	0
2860	186	0
2861	196	0
2862	216	0
2863	228	0
2864	189	0
2865	203	0
2866	191	0
2867	171	0
2868	218	0
2869	182	0
2870	215	0
2871	217	0
2872	202	0
2873	181	0
2874	199	0
2875	198	0
2876	197	0
2877	200	0
2878	178	0
2879	182	0
2880	221	0
2881	172	0
2882	195	0
2883	213	0
2884	199	0
2885	186	0
2886	216	0
2887	186	0
2888	220	0
2889	194	0
2890	211	0
2891	203	0
2892	196	0
2893	218	0
2894	207	0
2895	185	0
2896	185	0
2897	198	0
2898	199	0
2899	186	0
2900	210	0
2901	219	0
2902	208	0
2903	216	0
2904	210	0
2905	210	0
2906	194	0
2907	196	0
2908	181	0
2909	221	0
2910	190	0
2911	182	0
2912	202	0
2913	196	0
2914	188	0
2915	191	0
2916	174	0
2917	203	0
2918	176	0
2919	177	0
2920	189	0
2921	193	0
2922	178	0
2923	181	0
2924	188	0
2925	177	0
2926	216	0
2927	167	0
2928	188	0
2929	197	0
2930	163	0
2931	232	0
2932	184	0
2933	191	0
2934	162	0
2935	198	0
2936	170	0
2937	198	0
2938	213	0
2939	188	0
2940	165	0
2941	197	0
2942	221	0
2943	197	0
2944	188	0
2945	193	0
2946	200	0
2947	205	0
2948	222	0
2949	202	0
2950	203	0
2951	196	0
2952	211	0
2953	181	0
2954	216	0
2955	214	0
2956	211	0
2957	210	0
2958	178	0
2959	211	0
2960	204	0
2961	152	0
2962	225	0
2963	194	0
2964	186	0
2965	172	0
2966	199	0
2967	175	0
2968	178	0
2969	187	0
2970	209	0
2971	202	0
2972	192	0
2973	222	0
2974	201	0
2975	209	0
2976	194	0
2977	199	0
2978	200	0
2979	187	0
2980	209	0
2981	219	0
2982	209	0
2983	192	0
2984	178	0
2985	202	0
2986	201	0
2987	200	0
2988	210	0
2989	194	0
2990	203	0
2991	183	0
2992	197	0
2993	185	0
2994	189	0
2995	185	0
2996	174	0
2997	176	0
2998	195	0
2999	197	0
3000	188	0
