1	216	0
2	188	0
3	193	0
4	181	0
5	194	0
6	216	0
7	212	0
8	199	0
9	198	0
10	204	0
11	194	0
12	222	0
13	196	0
14	190	0
15	228	0
16	206	0
17	205	0
18	219	0
19	192	0
20	199	0
21	210	0
22	207	0
23	162	0
24	208	0
25	202	0
26	185	0
27	187	0
28	200	0
29	181	0
30	209	0
31	173	0
32	203	0
33	187	0
34	218	0
35	229	0
36	203	0
37	208	0
38	212	0
39	206	0
40	192	0
41	212	0
42	194	0
43	215	0
44	176	0
45	213	0
46	177	0
47	187	0
48	196	0
49	189	0
50	216	0
51	217	0
52	178	0
53	200	0
54	205	0
55	216	0
56	193	0
57	206	0
58	187	0
59	188	0
60	180	0
61	197	0
62	201	0
63	186	0
64	216	0
65	211	0
66	201	0
67	171	0
68	207	0
69	186	0
70	190	0
71	216	0
72	208	0
73	208	0
74	179	0
75	205	0
76	205	0
77	195	0
78	143	0
79	210	0
80	202	0
81	193	0
82	188	0
83	196	0
84	214	0
85	201	0
86	190	0
87	229	0
88	222	0
89	210	0
90	223	0
91	224	0
92	186	0
93	179	0
94	209	0
95	187	0
96	191	0
97	205	0
98	201	0
99	223	0
100	215	0
101	199	0
102	203	0
103	197	0
104	217	0
105	178	0
106	195	0
107	195	0
108	223	0
109	214	0
110	184	0
111	198	0
112	196	0
113	186	0
114	217	0
115	191	0
116	200	0
117	183	0
118	178	0
119	215	0
120	190	0
121	209	0
122	198	0
123	187	0
124	207	0
125	210	0
126	202	0
127	216	0
128	207	0
129	199	0
130	185	0
131	227	0
132	202	0
133	190	0
134	210	0
135	170	0
136	186	0
137	176	0
138	205	0
139	201	0
140	185	0
141	178	0
142	182	0
143	213	0
144	190	0
145	195	0
146	186	0
147	164	0
148	218	0
149	213	0
150	209	0
151	225	0
152	202	0
153	200	0
154	216	0
155	202	0
156	211	0
157	178	0
158	187	0
159	188	0
160	176	0
161	200	0
162	180	0
163	199	0
164	181	0
165	201	0
166	218	0
167	175	0
168	214	0
169	191	0
170	219	0
171	197	0
172	211	0
173	223	0
174	198	0
175	223	0
176	191	0
177	183	0
178	215	0
179	187	0
180	204	0
181	220	0
182	205	0
183	202	0
184	182	0
185	213	0
186	183	0
187	197	0
188	225	0
189	206	0
190	199	0
191	194	0
192	188	0
193	176	0
194	188	0
195	214	0
196	191	0
197	181	0
198	218	0
199	215	0
200	207	0
201	194	0
202	186	0
203	207	0
204	194	0
205	188	0
206	186	0
207	202	0
208	179	0
209	199	0
210	205	0
211	194	0
212	202	0
213	211	0
214	201	0
215	196	0
216	210	0
217	194	0
218	193	0
219	192	0
220	198	0
221	203	0
222	188	0
223	207	0
224	198	0
225	200	0
226	204	0
227	203	0
228	179	0
229	180	0
230	205	0
231	209	0
232	226	0
233	194	0
234	205	0
235	200	0
236	193	0
237	206	0
238	208	0
239	204	0
240	205	0
241	179	0
242	169	0
243	212	0
244	204	0
245	202	0
246	184	0
247	194	0
248	213	0
249	192	0
250	196	0
251	236	0
252	191	0
253	188	0
254	217	0
255	210	0
256	189	0
257	187	0
258	199	0
259	200	0
260	207	0
261	214	0
262	207	0
263	182	0
264	206	0
265	164	0
266	206	0
267	191	0
268	200	0
269	204	0
270	208	0
271	217	0
272	208	0
273	217	0
274	196	0
275	190	0
276	214	0
277	214	0
278	187	0
279	189	0
280	201	0
281	198	0
282	163	0
283	205	0
284	197	0
285	182	0
286	232	0
287	211	0
288	203	0
289	184	0
290	198	0
291	203	0
292	178	0
293	200	0
294	219	0
295	172	0
296	217	0
297	201	0
298	213	0
299	192	0
300	195	0
301	169	0
302	192	0
303	195	0
304	205	0
305	217	0
306	210	0
307	193	0
308	192	0
309	210	0
310	197	0
311	185	0
312	199	0
313	193	0
314	168	0
315	230	0
316	211	0
317	195	0
318	187	0
319	194	0
320	219	0
321	202	0
322	209	0
323	193	0
324	201	0
325	204	0
326	209	0
327	218	0
328	174	0
329	189	0
330	183	0
331	199	0
332	190	0
333	197	0
334	195	0
335	198	0
336	220	0
337	241	0
338	213	0
339	202	0
340	196	0
341	200	0
342	174	0
343	195	0
344	219	0
345	183	0
346	210	0
347	186	0
348	202	0
349	196	0
350	190	0
351	205	0
352	199	0
353	205	0
354	192	0
355	220	0
356	197	0
357	189	0
358	187	0
359	206	0
360	213	0
361	199	0
362	195	0
363	197	0
364	179	0
365	193	0
366	194	0
367	174	0
368	196	0
369	175	0
370	192	0
371	220	0
372	175	0
373	207	0
374	215	0
375	204	0
376	184	0
377	178	0
378	240	0
379	215	0
380	230	0
381	198	0
382	177	0
383	178	0
384	222	0
385	202	0
386	189	0
387	211	0
388	219	0
389	212	0
390	194	0
391	210	0
392	203	0
393	195	0
394	235	0
395	207	0
396	176	0
397	209	0
398	217	0
399	205	0
400	189	0
401	203	0
402	198	0
403	202	0
404	225	0
405	188	0
406	208	0
407	223	0
408	196	0
409	171	0
410	184	0
411	218	0
412	189	0
413	205	0
414	224	0
415	180	0
416	177	0
417	193	0
418	199	0
419	215	0
420	197	0
421	204	0
422	189	0
423	225	0
424	214	0
425	215	0
426	200	0
427	208	0
428	194	0
429	206	0
430	173	0
431	197	0
432	198	0
433	196	0
434	205	0
435	196	0
436	179	0
437	222	0
438	208	0
439	199	0
440	203	0
441	210	0
442	180	0
443	201	0
444	204	0
445	200	0
446	209	0
447	205	0
448	207	0
449	207	0
450	190	0
451	199	0
452	193	0
453	201	0
454	181	0
455	204	0
456	218	0
457	204	0
458	190	0
459	194	0
460	199	0
461	193	0
462	209	0
463	187	0
464	212	0
465	201	0
466	194	0
467	195	0
468	198	0
469	182	0
470	169	0
471	190	0
472	191	0
473	204	0
474	191	0
475	212	0
476	180	0
477	210	0
478	216	0
479	197	0
480	210	0
481	192	0
482	198	0
483	203	0
484	201	0
485	199	0
486	214	0
487	215	0
488	197	0
489	188	0
490	200	0
491	196	0
492	224	0
493	204	0
494	212	0
495	209	0
496	186	0
497	189	0
498	204	0
499	185	0
500	208	0
501	212	0
502	205	0
503	211	0
504	207	0
505	190	0
506	200	0
507	186	0
508	180	0
509	203	0
510	200	0
511	208	0
512	194	0
513	205	0
514	189	0
515	190	0
516	187	0
517	174	0
518	189	0
519	210	0
520	194	0
521	188	0
522	214	0
523	185	0
524	214	0
525	234	0
526	193	0
527	180	0
528	197	0
529	200	0
530	223	0
531	205	0
532	221	0
533	218	0
534	190	0
535	203	0
536	233	0
537	180	0
538	171	0
539	196	0
540	215	0
541	205	0
542	215	0
543	189	0
544	206	0
545	213	0
546	211	0
547	184	0
548	196	0
549	222	0
550	174	0
551	188	0
552	194	0
553	188	0
554	202	0
555	211	0
556	183	0
557	172	0
558	214	0
559	208	0
560	183	0
561	237	0
562	176	0
563	238	0
564	207	0
565	203	0
566	211	0
567	220	0
568	211	0
569	203	0
570	191	0
571	193	0
572	219	0
573	202	0
574	199	0
575	213	0
576	192	0
577	184	0
578	199	0
579	184	0
580	184	0
581	194	0
582	207	0
583	225	0
584	178	0
585	209	0
586	200	0
587	200	0
588	186	0
589	205	0
590	223	0
591	210	0
592	204	0
593	208	0
594	196	0
595	190	0
596	195	0
597	194	0
598	208	0
599	152	0
600	178	0
601	184	0
602	210	0
603	188	0
604	173	0
605	208	0
606	197	0
607	210	0
608	198	0
609	215	0
610	180	0
611	225	0
612	210	0
613	223	0
614	208	0
615	201	0
616	200	0
617	218	0
618	186	0
619	203	0
620	206	0
621	223	0
622	198	0
623	219	0
624	209	0
625	183	0
626	232	0
627	197	0
628	218	0
629	185	0
630	204	0
631	217	0
632	186	0
633	200	0
634	199	0
635	202	0
636	178	0
637	191	0
638	173	0
639	192	0
640	190	0
641	203	0
642	206	0
643	187	0
644	208	0
645	208	0
646	194	0
647	216	0
648	188	0
649	195	0
650	211	0
651	192	0
652	198	0
653	179	0
654	198	0
655	194	0
656	204	0
657	199	0
658	196	0
659	189	0
660	194	0
661	183	0
662	222	0
663	198	0
664	180	0
665	179	0
666	186	0
667	200	0
668	207	0
669	192	0
670	209	0
671	199	0
672	192	0
673	170	0
674	195	0
675	197	0
676	183	0
677	189	0
678	199	0
679	195	0
680	214	0
681	191	0
682	192	0
683	212	0
684	214	0
685	184	0
686	227	0
687	187	0
688	199	0
689	232	0
690	207	0
691	198	0
692	189	0
693	196	0
694	211	0
695	186	0
696	189	0
697	211	0
698	193	0
699	190	0
700	217	0
701	200	0
702	187	0
703	204	0
704	212	0
705	187	0
706	202	0
707	207	0
708	220	0
709	178	0
710	209	0
711	220	0
712	195	0
713	201	0
714	178	0
715	197	0
716	213	0
717	228	0
718	205	0
719	187	0
720	231	0
721	218	0
722	196	0
723	209	0
724	161	0
725	197	0
726	201	0
727	212	0
728	188	0
729	189	0
730	198	0
731	204	0
732	207	0
733	207	0
734	232	0
735	199	0
736	201	0
737	198	0
738	165	0
739	199	0
740	191	0
741	198	0
742	203	0
743	230	0
744	203	0
745	165	0
746	205	0
747	210	0
748	199	0
749	182	0
750	204	0
751	176	0
752	217	0
753	224	0
754	221	0
755	186	0
756	192	0
757	187	0
758	207	0
759	209	0
760	209	0
761	211	0
762	188	0
763	200	0
764	199	0
765	202	0
766	172	0
767	193	0
768	194	0
769	185	0
770	207	0
771	199	0
772	189	0
773	182	0
774	237	0
775	208	0
776	192	0
777	192	0
778	198	0
779	182	0
780	191	0
781	184	0
782	213	0
783	186	0
784	190	0
785	192	0
786	201	0
787	233	0
788	194	0
789	197	0
790	180	0
791	202	0
792	207	0
793	211	0
794	193	0
795	206	0
796	198	0
797	217	0
798	205	0
799	174	0
800	211	0
801	216	0
802	189	0
803	195	0
804	193	0
805	194	0
806	190	0
807	204	0
808	208	0
809	224	0
810	221	0
811	233	0
812	184	0
813	207	0
814	197	0
815	212	0
816	221	0
817	221	0
818	183	0
819	188	0
820	221	0
821	181	0
822	202	0
823	207	0
824	198	0
825	184	0
826	210	0
827	204	0
828	196	0
829	195	0
830	191	0
831	235	0
832	203	0
833	202	0
834	213	0
835	204	0
836	159	0
837	202	0
838	185	0
839	184	0
840	226	0
841	196	0
842	222	0
843	198	0
844	177	0
845	217	0
846	207	0
847	184	0
848	216	0
849	179	0
850	181	0
851	199	0
852	203	0
853	187	0
854	212	0
855	171	0
856	219	0
857	196	0
858	177	0
859	210	0
860	204	0
861	190	0
862	225	0
863	219	0
864	194	0
865	187	0
866	227	0
867	198	0
868	203	0
869	190	0
870	218	0
871	215	0
872	180	0
873	186	0
874	210	0
875	200	0
876	163	0
877	216	0
878	203	0
879	196	0
880	228	0
881	203	0
882	206	0
883	198	0
884	205	0
885	202	0
886	179	0
887	186	0
888	210	0
889	200	0
890	228	0
891	190	0
892	178	0
893	198	0
894	199	0
895	192	0
896	186	0
897	191	0
898	191	0
899	203	0
900	217	0
901	186	0
902	196	0
903	189	0
904	220	0
905	192	0
906	196	0
907	177	0
908	188	0
909	189	0
910	197	0
911	213	0
912	198	0
913	174	0
914	196	0
915	212	0
916	190	0
917	214	0
918	212	0
919	209	0
920	196	0
921	201	0
922	190	0
923	210	0
924	196	0
925	186	0
926	205	0
927	183	0
928	195	0
929	225	0
930	200	0
931	191	0
932	193	0
933	186	0
934	206	0
935	190	0
936	196	0
937	191	0
938	212	0
939	222	0
940	172	0
941	213	0
942	199	0
943	191	0
944	206	0
945	209	0
946	200	0
947	193	0
948	187	0
949	206	0
950	204	0
951	177	0
952	193	0
953	194	0
954	216	0
955	195	0
956	204	0
957	209	0
958	217	0
959	200	0
960	198	0
961	186	0
962	186	0
963	191	0
964	176	0
965	214	0
966	192	0
967	184	0
968	220	0
969	182	0
970	220	0
971	198	0
972	201	0
973	187	0
974	188	0
975	218	0
976	222	0
977	222	0
978	194	0
979	191	0
980	196	0
981	194	0
982	212	0
983	208	0
984	197	0
985	209	0
986	199	0
987	202	0
988	185	0
989	219	0
990	189	0
991	193	0
992	180	0
993	175	0
994	218	0
995	202	0
996	175	0
997	198	0
998	203	0
999	209	0
1000	174	0
1001	219	0
1002	211	0
1003	212	0
1004	189	0
1005	214	0
1006	191	0
1007	209	0
1008	198	0
1009	193	0
1010	213	0
1011	190	0
1012	194	0
1013	205	0
1014	205	0
1015	226	0
1016	203	0
1017	177	0
1018	210	0
1019	181	0
1020	151	0
1021	202	0
1022	186	0
1023	198	0
1024	218	0
1025	213	0
1026	177	0
1027	190	0
1028	190	0
1029	210	0
1030	217	0
1031	187	0
1032	190	0
1033	213	0
1034	199	0
1035	195	0
1036	180	0
1037	213	0
1038	185	0
1039	207	0
1040	185	0
1041	216	0
1042	249	0
1043	181	0
1044	229	0
1045	181	0
1046	182	0
1047	185	0
1048	180	0
1049	230	0
1050	194	0
1051	203	0
1052	202	0
1053	199	0
1054	209	0
1055	175	0
1056	180	0
1057	222	0
1058	209	0
1059	188	0
1060	200	0
1061	187	0
1062	184	0
1063	226	0
1064	209	0
1065	171	0
1066	195	0
1067	222	0
1068	195	0
1069	220	0
1070	185	0
1071	209	0
1072	222	0
1073	188	0
1074	191	0
1075	209	0
1076	221	0
1077	188	0
1078	189	0
1079	189	0
1080	211	0
1081	182	0
1082	198	0
1083	182	0
1084	210	0
1085	239	0
1086	228	0
1087	208	0
1088	191	0
1089	193	0
1090	206	0
1091	178	0
1092	199	0
1093	213	0
1094	215	0
1095	217	0
1096	193	0
1097	214	0
1098	194	0
1099	215	0
1100	203	0
1101	185	0
1102	212	0
1103	225	0
1104	210	0
1105	226	0
1106	190	0
1107	191	0
1108	169	0
1109	195	0
1110	192	0
1111	195	0
1112	213	0
1113	186	0
1114	203	0
1115	187	0
1116	196	0
1117	212	0
1118	193	0
1119	179	0
1120	203	0
1121	228	0
1122	197	0
1123	207	0
1124	193	0
1125	211	0
1126	214	0
1127	199	0
1128	198	0
1129	230	0
1130	193	0
1131	208	0
1132	205	0
1133	196	0
1134	186	0
1135	188	0
1136	209	0
1137	187	0
1138	206	0
1139	202	0
1140	174	0
1141	201	0
1142	195	0
1143	201	0
1144	201	0
1145	195	0
1146	215	0
1147	220	0
1148	218	0
1149	237	0
1150	186	0
1151	223	0
1152	179	0
1153	199	0
1154	215	0
1155	182	0
1156	195	0
1157	210	0
1158	216	0
1159	204	0
1160	163	0
1161	197	0
1162	226	0
1163	202	0
1164	203	0
1165	216	0
1166	217	0
1167	206	0
1168	220	0
1169	212	0
1170	228	0
1171	187	0
1172	197	0
1173	180	0
1174	207	0
1175	178	0
1176	225	0
1177	248	0
1178	192	0
1179	195	0
1180	195	0
1181	207	0
1182	198	0
1183	170	0
1184	216	0
1185	205	0
1186	187	0
1187	205	0
1188	201	0
1189	207	0
1190	222	0
1191	207	0
1192	202	0
1193	204	0
1194	197	0
1195	192	0
1196	190	0
1197	203	0
1198	213	0
1199	197	0
1200	179	0
1201	206	0
1202	187	0
1203	198	0
1204	208	0
1205	202	0
1206	199	0
1207	209	0
1208	170	0
1209	220	0
1210	212	0
1211	201	0
1212	212	0
1213	201	0
1214	179	0
1215	197	0
1216	187	0
1217	228	0
1218	197	0
1219	204	0
1220	224	0
1221	223	0
1222	212	0
1223	195	0
1224	200	0
1225	222	0
1226	195	0
1227	220	0
1228	193	0
1229	189	0
1230	185	0
1231	218	0
1232	206	0
1233	206	0
1234	181	0
1235	186	0
1236	167	0
1237	212	0
1238	196	0
1239	218	0
1240	187	0
1241	211	0
1242	195	0
1243	205	0
1244	197	0
1245	210	0
1246	198	0
1247	192	0
1248	183	0
1249	211	0
1250	210	0
1251	175	0
1252	195	0
1253	214	0
1254	209	0
1255	189	0
1256	203	0
1257	187	0
1258	197	0
1259	211	0
1260	218	0
1261	196	0
1262	231	0
1263	190	0
1264	189	0
1265	197	0
1266	216	0
1267	231	0
1268	224	0
1269	198	0
1270	183	0
1271	197	0
1272	209	0
1273	219	0
1274	198	0
1275	205	0
1276	216	0
1277	219	0
1278	206	0
1279	183	0
1280	218	0
1281	195	0
1282	201	0
1283	205	0
1284	181	0
1285	185	0
1286	203	0
1287	214	0
1288	232	0
1289	219	0
1290	213	0
1291	183	0
1292	201	0
1293	190	0
1294	193	0
1295	190	0
1296	181	0
1297	211	0
1298	193	0
1299	209	0
1300	209	0
1301	198	0
1302	203	0
1303	174	0
1304	199	0
1305	196	0
1306	191	0
1307	176	0
1308	182	0
1309	202	0
1310	174	0
1311	183	0
1312	208	0
1313	208	0
1314	183	0
1315	179	0
1316	195	0
1317	211	0
1318	229	0
1319	190	0
1320	223	0
1321	220	0
1322	192	0
1323	215	0
1324	179	0
1325	191	0
1326	179	0
1327	199	0
1328	213	0
1329	198	0
1330	179	0
1331	211	0
1332	187	0
1333	204	0
1334	216	0
1335	183	0
1336	177	0
1337	174	0
1338	189	0
1339	195	0
1340	212	0
1341	214	0
1342	192	0
1343	206	0
1344	208	0
1345	218	0
1346	193	0
1347	177	0
1348	207	0
1349	204	0
1350	181	0
1351	203	0
1352	197	0
1353	172	0
1354	216	0
1355	212	0
1356	191	0
1357	212	0
1358	209	0
1359	186	0
1360	199	0
1361	209	0
1362	205	0
1363	192	0
1364	206	0
1365	191	0
1366	200	0
1367	187	0
1368	215	0
1369	209	0
1370	206	0
1371	200	0
1372	180	0
1373	204	0
1374	196	0
1375	217	0
1376	237	0
1377	199	0
1378	207	0
1379	192	0
1380	181	0
1381	211	0
1382	196	0
1383	237	0
1384	197	0
1385	194	0
1386	174	0
1387	212	0
1388	178	0
1389	217	0
1390	206	0
1391	207	0
1392	185	0
1393	195	0
1394	218	0
1395	208	0
1396	207	0
1397	224	0
1398	202	0
1399	204	0
1400	192	0
1401	181	0
1402	206	0
1403	209	0
1404	187	0
1405	209	0
1406	208	0
1407	197	0
1408	190	0
1409	179	0
1410	216	0
1411	189	0
1412	197	0
1413	240	0
1414	189	0
1415	175	0
1416	178	0
1417	185	0
1418	203	0
1419	199	0
1420	196	0
1421	190	0
1422	222	0
1423	239	0
1424	197	0
1425	186	0
1426	183	0
1427	185	0
1428	215	0
1429	182	0
1430	202	0
1431	206	0
1432	174	0
1433	234	0
1434	199	0
1435	189	0
1436	214	0
1437	197	0
1438	199	0
1439	213	0
1440	181	0
1441	196	0
1442	216	0
1443	210	0
1444	172	0
1445	180	0
1446	217	0
1447	181	0
1448	233	0
1449	227	0
1450	207	0
1451	219	0
1452	214	0
1453	230	0
1454	200	0
1455	170	0
1456	195	0
1457	199	0
1458	218	0
1459	222	0
1460	197	0
1461	210	0
1462	196	0
1463	209	0
1464	175	0
1465	199	0
1466	205	0
1467	209	0
1468	189	0
1469	217	0
1470	180	0
1471	218	0
1472	210	0
1473	202	0
1474	223	0
1475	199	0
1476	218	0
1477	200	0
1478	200	0
1479	205	0
1480	186	0
1481	192	0
1482	194	0
1483	214	0
1484	212	0
1485	184	0
1486	222	0
1487	189	0
1488	169	0
1489	203	0
1490	186	0
1491	199	0
1492	187	0
1493	197	0
1494	203	0
1495	230	0
1496	216	0
1497	206	0
1498	240	0
1499	212	0
1500	219	0
1501	221	0
1502	203	0
1503	206	0
1504	186	0
1505	212	0
1506	187	0
1507	224	0
1508	204	0
1509	195	0
1510	192	0
1511	229	0
1512	199	0
1513	192	0
1514	198	0
1515	209	0
1516	197	0
1517	225	0
1518	204	0
1519	193	0
1520	195	0
1521	181	0
1522	215	0
1523	233	0
1524	195	0
1525	203	0
1526	195	0
1527	181	0
1528	214	0
1529	189	0
1530	210	0
1531	186	0
1532	204	0
1533	188	0
1534	202	0
1535	221	0
1536	203	0
1537	222	0
1538	215	0
1539	170	0
1540	192	0
1541	181	0
1542	176	0
1543	199	0
1544	175	0
1545	178	0
1546	186	0
1547	183	0
1548	217	0
1549	185	0
1550	220	0
1551	218	0
1552	180	0
1553	191	0
1554	194	0
1555	187	0
1556	178	0
1557	200	0
1558	203	0
1559	188	0
1560	202	0
1561	212	0
1562	184	0
1563	194	0
1564	212	0
1565	200	0
1566	218	0
1567	225	0
1568	209	0
1569	238	0
1570	226	0
1571	205	0
1572	206	0
1573	204	0
1574	222	0
1575	185	0
1576	178	0
1577	184	0
1578	202	0
1579	215	0
1580	238	0
1581	216	0
1582	194	0
1583	193	0
1584	205	0
1585	205	0
1586	198	0
1587	225	0
1588	184	0
1589	201	0
1590	195	0
1591	226	0
1592	195	0
1593	190	0
1594	203	0
1595	190	0
1596	224	0
1597	210	0
1598	184	0
1599	195	0
1600	199	0
1601	213	0
1602	229	0
1603	194	0
1604	215	0
1605	214	0
1606	213	0
1607	185	0
1608	184	0
1609	190	0
1610	198	0
1611	198	0
1612	225	0
1613	190	0
1614	195	0
1615	218	0
1616	188	0
1617	196	0
1618	191	0
1619	206	0
1620	182	0
1621	229	0
1622	200	0
1623	195	0
1624	212	0
1625	197	0
1626	187	0
1627	207	0
1628	181	0
1629	194	0
1630	214	0
1631	211	0
1632	201	0
1633	197	0
1634	188	0
1635	191	0
1636	207	0
1637	221	0
1638	211	0
1639	201	0
1640	204	0
1641	189	0
1642	192	0
1643	193	0
1644	192	0
1645	206	0
1646	184	0
1647	214	0
1648	200	0
1649	193	0
1650	201	0
1651	197	0
1652	224	0
1653	227	0
1654	196	0
1655	210	0
1656	228	0
1657	241	0
1658	212	0
1659	192	0
1660	220	0
1661	197	0
1662	198	0
1663	211	0
1664	207	0
1665	208	0
1666	207	0
1667	208	0
1668	183	0
1669	208	0
1670	208	0
1671	194	0
1672	207	0
1673	201	0
1674	178	0
1675	196	0
1676	202	0
1677	187	0
1678	210	0
1679	205	0
1680	208	0
1681	190	0
1682	183	0
1683	206	0
1684	204	0
1685	215	0
1686	178	0
1687	188	0
1688	194	0
1689	204	0
1690	181	0
1691	215	0
1692	203	0
1693	212	0
1694	192	0
1695	190	0
1696	211	0
1697	196	0
1698	224	0
1699	203	0
1700	213	0
1701	210	0
1702	165	0
1703	216	0
1704	211	0
1705	209	0
1706	219	0
1707	181	0
1708	172	0
1709	193	0
1710	197	0
1711	209	0
1712	198	0
1713	168	0
1714	193	0
1715	183	0
1716	185	0
1717	202	0
1718	188	0
1719	177	0
1720	185	0
1721	192	0
1722	198	0
1723	206	0
1724	184	0
1725	208	0
1726	201	0
1727	201	0
1728	214	0
1729	223	0
1730	203	0
1731	201	0
1732	203	0
1733	199	0
1734	198	0
1735	191	0
1736	187	0
1737	214	0
1738	200	0
1739	174	0
1740	180	0
1741	196	0
1742	211	0
1743	207	0
1744	201	0
1745	179	0
1746	200	0
1747	216	0
1748	183	0
1749	196	0
1750	193	0
1751	186	0
1752	213	0
1753	192	0
1754	192	0
1755	204	0
1756	199	0
1757	185	0
1758	208	0
1759	181	0
1760	205	0
1761	194	0
1762	227	0
1763	193	0
1764	209	0
1765	203	0
1766	201	0
1767	237	0
1768	205	0
1769	198	0
1770	179	0
1771	184	0
1772	175	0
1773	202	0
1774	201	0
1775	188	0
1776	197	0
1777	190	0
1778	197	0
1779	202	0
1780	174	0
1781	209	0
1782	196	0
1783	212	0
1784	173	0
1785	152	0
1786	181	0
1787	214	0
1788	200	0
1789	203	0
1790	224	0
1791	195	0
1792	192	0
1793	176	0
1794	198	0
1795	207	0
1796	201	0
1797	200	0
1798	198	0
1799	212	0
1800	198	0
1801	216	0
1802	186	0
1803	205	0
1804	187	0
1805	199	0
1806	187	0
1807	199	0
1808	198	0
1809	214	0
1810	185	0
1811	192	0
1812	210	0
1813	204	0
1814	204	0
1815	207	0
1816	198	0
1817	227	0
1818	200	0
1819	189	0
1820	224	0
1821	208	0
1822	200	0
1823	197	0
1824	199	0
1825	180	0
1826	208	0
1827	205	0
1828	196	0
1829	206	0
1830	186	0
1831	201	0
1832	195	0
1833	216	0
1834	217	0
1835	226	0
1836	206	0
1837	209	0
1838	215	0
1839	215	0
1840	202	0
1841	203	0
1842	197	0
1843	201	0
1844	171	0
1845	219	0
1846	184	0
1847	191	0
1848	221	0
1849	214	0
1850	203	0
1851	203	0
1852	188	0
1853	197	0
1854	219	0
1855	179	0
1856	185	0
1857	202	0
1858	206	0
1859	221	0
1860	184	0
1861	186	0
1862	185	0
1863	201	0
1864	203	0
1865	204	0
1866	222	0
1867	195	0
1868	188	0
1869	222	0
1870	214	0
1871	218	0
1872	198	0
1873	209	0
1874	191	0
1875	225	0
1876	215	0
1877	203	0
1878	183	0
1879	193	0
1880	194	0
1881	174	0
1882	216	0
1883	190	0
1884	194	0
1885	197	0
1886	201	0
1887	187	0
1888	225	0
1889	216	0
1890	215	0
1891	200	0
1892	188	0
1893	242	0
1894	195	0
1895	185	0
1896	187	0
1897	188	0
1898	201	0
1899	200	0
1900	225	0
1901	189	0
1902	229	0
1903	211	0
1904	163	0
1905	200	0
1906	234	0
1907	220	0
1908	186	0
1909	203	0
1910	210	0
1911	215	0
1912	211	0
1913	196	0
1914	228	0
1915	179	0
1916	206	0
1917	190	0
1918	194	0
1919	193	0
1920	216	0
1921	204	0
1922	201	0
1923	203	0
1924	195	0
1925	208	0
1926	184	0
1927	199	0
1928	209	0
1929	176	0
1930	208	0
1931	203	0
1932	214	0
1933	196	0
1934	207	0
1935	211	0
1936	210	0
1937	188	0
1938	200	0
1939	186	0
1940	221	0
1941	228	0
1942	197	0
1943	214	0
1944	181	0
1945	205	0
1946	198	0
1947	231	0
1948	203	0
1949	218	0
1950	204	0
1951	207	0
1952	197	0
1953	196	0
1954	186	0
1955	179	0
1956	189	0
1957	185	0
1958	209	0
1959	210	0
1960	204	0
1961	217	0
1962	194	0
1963	175	0
1964	194	0
1965	199	0
1966	215	0
1967	188	0
1968	179	0
1969	184	0
1970	209	0
1971	191	0
1972	189	0
1973	180	0
1974	193	0
1975	193	0
1976	197	0
1977	219	0
1978	197	0
1979	186	0
1980	198	0
1981	211	0
1982	207	0
1983	200	0
1984	207	0
1985	214	0
1986	216	0
1987	195	0
1988	211	0
1989	202	0
1990	223	0
1991	240	0
1992	197	0
1993	178	0
1994	178	0
1995	226	0
1996	213	0
1997	182	0
1998	208	0
1999	184	0
2000	184	0
2001	227	0
2002	207	0
2003	216	0
2004	182	0
2005	209	0
2006	188	0
2007	190	0
2008	200	0
2009	192	0
2010	227	0
2011	207	0
2012	191	0
2013	184	0
2014	196	0
2015	199	0
2016	193	0
2017	202	0
2018	202	0
2019	214	0
2020	202	0
2021	193	0
2022	217	0
2023	170	0
2024	177	0
2025	196	0
2026	204	0
2027	218	0
2028	175	0
2029	208	0
2030	191	0
2031	210	0
2032	199	0
2033	184	0
2034	180	0
2035	195	0
2036	183	0
2037	185	0
2038	170	0
2039	202	0
2040	186	0
2041	227	0
2042	182	0
2043	188	0
2044	206	0
2045	178	0
2046	186	0
2047	209	0
2048	176	0
2049	189	0
2050	197	0
2051	186	0
2052	209	0
2053	202	0
2054	212	0
2055	190	0
2056	197	0
2057	203	0
2058	185	0
2059	196	0
2060	197	0
2061	181	0
2062	223	0
2063	209	0
2064	192	0
2065	191	0
2066	207	0
2067	201	0
2068	188	0
2069	199	0
2070	196	0
2071	207	0
2072	205	0
2073	184	0
2074	218	0
2075	196	0
2076	207	0
2077	201	0
2078	210	0
2079	201	0
2080	202	0
2081	175	0
2082	234	0
2083	185	0
2084	194	0
2085	212	0
2086	208	0
2087	214	0
2088	206	0
2089	187	0
2090	214	0
2091	206	0
2092	197	0
2093	180	0
2094	190	0
2095	199	0
2096	182	0
2097	215	0
2098	180	0
2099	214	0
2100	198	0
2101	195	0
2102	172	0
2103	212	0
2104	207	0
2105	211	0
2106	182	0
2107	213	0
2108	228	0
2109	191	0
2110	193	0
2111	211	0
2112	168	0
2113	211	0
2114	177	0
2115	230	0
2116	173	0
2117	188	0
2118	204	0
2119	179	0
2120	188	0
2121	193	0
2122	199	0
2123	217	0
2124	205	0
2125	212	0
2126	196	0
2127	203	0
2128	203	0
2129	190	0
2130	210	0
2131	184	0
2132	182	0
2133	208	0
2134	196	0
2135	206	0
2136	195	0
2137	187	0
2138	198	0
2139	201	0
2140	186	0
2141	208	0
2142	179	0
2143	190	0
2144	183	0
2145	190	0
2146	193	0
2147	207	0
2148	203	0
2149	194	0
2150	180	0
2151	199	0
2152	198	0
2153	173	0
2154	206	0
2155	198	0
2156	203	0
2157	217	0
2158	201	0
2159	196	0
2160	209	0
2161	192	0
2162	188	0
2163	192	0
2164	217	0
2165	202	0
2166	194	0
2167	194	0
2168	230	0
2169	213	0
2170	180	0
2171	170	0
2172	197	0
2173	162	0
2174	184	0
2175	188	0
2176	202	0
2177	206	0
2178	197	0
2179	227	0
2180	169	0
2181	176	0
2182	195	0
2183	196	0
2184	188	0
2185	206	0
2186	195	0
2187	206	0
2188	191	0
2189	190	0
2190	199	0
2191	195	0
2192	209	0
2193	190	0
2194	199	0
2195	209	0
2196	212	0
2197	203	0
2198	212	0
2199	224	0
2200	221	0
2201	201	0
2202	209	0
2203	184	0
2204	203	0
2205	225	0
2206	171	0
2207	225	0
2208	204	0
2209	197	0
2210	185	0
2211	184	0
2212	204	0
2213	182	0
2214	189	0
2215	179	0
2216	207	0
2217	207	0
2218	204	0
2219	175	0
2220	190	0
2221	196	0
2222	193	0
2223	226	0
2224	194	0
2225	201	0
2226	200	0
2227	223	0
2228	210	0
2229	194	0
2230	233	0
2231	200	0
2232	197	0
2233	176	0
2234	215	0
2235	183	0
2236	213	0
2237	194	0
2238	190	0
2239	203	0
2240	207	0
2241	224	0
2242	223	0
2243	183	0
2244	201	0
2245	184	0
2246	210	0
2247	198	0
2248	244	0
2249	203	0
2250	208	0
2251	190	0
2252	214	0
2253	172	0
2254	195	0
2255	201	0
2256	205	0
2257	204	0
2258	207	0
2259	193	0
2260	192	0
2261	183	0
2262	184	0
2263	217	0
2264	186	0
2265	182	0
2266	193	0
2267	201	0
2268	207	0
2269	197	0
2270	200	0
2271	217	0
2272	200	0
2273	210	0
2274	187	0
2275	197	0
2276	219	0
2277	198	0
2278	188	0
2279	169	0
2280	202	0
2281	195	0
2282	200	0
2283	227	0
2284	191	0
2285	181	0
2286	193	0
2287	205	0
2288	225	0
2289	181	0
2290	183	0
2291	197	0
2292	203	0
2293	183	0
2294	172	0
2295	200	0
2296	214	0
2297	207	0
2298	202	0
2299	213	0
2300	199	0
2301	213	0
2302	184	0
2303	190	0
2304	213	0
2305	212	0
2306	205	0
2307	200	0
2308	182	0
2309	189	0
2310	195	0
2311	201	0
2312	207	0
2313	198	0
2314	243	0
2315	184	0
2316	192	0
2317	212	0
2318	197	0
2319	202	0
2320	204	0
2321	210	0
2322	213	0
2323	211	0
2324	194	0
2325	203	0
2326	208	0
2327	221	0
2328	193	0
2329	185	0
2330	185	0
2331	196	0
2332	223	0
2333	182	0
2334	188	0
2335	213	0
2336	200	0
2337	198	0
2338	198	0
2339	198	0
2340	184	0
2341	201	0
2342	185	0
2343	195	0
2344	179	0
2345	208	0
2346	214	0
2347	205	0
2348	192	0
2349	216	0
2350	219	0
2351	192	0
2352	199	0
2353	188	0
2354	193	0
2355	184	0
2356	190	0
2357	205	0
2358	194	0
2359	191	0
2360	194	0
2361	214	0
2362	202	0
2363	214	0
2364	196	0
2365	218	0
2366	186	0
2367	173	0
2368	204	0
2369	189	0
2370	205	0
2371	220	0
2372	198	0
2373	205	0
2374	212	0
2375	216	0
2376	179	0
2377	190	0
2378	174	0
2379	195	0
2380	181	0
2381	218	0
2382	205	0
2383	203	0
2384	177	0
2385	200	0
2386	204	0
2387	191	0
2388	197	0
2389	197	0
2390	175	0
2391	200	0
2392	214	0
2393	194	0
2394	184	0
2395	197	0
2396	208	0
2397	191	0
2398	213	0
2399	182	0
2400	214	0
2401	200	0
2402	201	0
2403	193	0
2404	236	0
2405	199	0
2406	188	0
2407	201	0
2408	186	0
2409	207	0
2410	196	0
2411	178	0
2412	199	0
2413	209	0
2414	200	0
2415	190	0
2416	192	0
2417	180	0
2418	212	0
2419	176	0
2420	185	0
2421	157	0
2422	173	0
2423	187	0
2424	205	0
2425	187	0
2426	216	0
2427	188	0
2428	186	0
2429	194	0
2430	184	0
2431	186	0
2432	175	0
2433	209	0
2434	179	0
2435	214	0
2436	215	0
2437	164	0
2438	193	0
2439	193	0
2440	214	0
2441	194	0
2442	191	0
2443	207	0
2444	208	0
2445	177	0
2446	218	0
2447	194	0
2448	216	0
2449	205	0
2450	191	0
2451	178	0
2452	190	0
2453	189	0
2454	220	0
2455	187	0
2456	211	0
2457	187	0
2458	237	0
2459	189	0
2460	182	0
2461	216	0
2462	195	0
2463	190	0
2464	212	0
2465	206	0
2466	195	0
2467	205	0
2468	210	0
2469	198	0
2470	213	0
2471	171	0
2472	205	0
2473	207	0
2474	227	0
2475	201	0
2476	200	0
2477	190	0
2478	200	0
2479	206	0
2480	194	0
2481	192	0
2482	224	0
2483	209	0
2484	187	0
2485	208	0
2486	173	0
2487	223	0
2488	205	0
2489	198	0
2490	194	0
2491	204	0
2492	217	0
2493	202	0
2494	223	0
2495	166	0
2496	197	0
2497	211	0
2498	199	0
2499	207	0
2500	194	0
2501	232	0
2502	189	0
2503	203	0
2504	191	0
2505	205	0
2506	209	0
2507	186	0
2508	230	0
2509	195	0
2510	198	0
2511	215	0
2512	208	0
2513	194	0
2514	200	0
2515	191	0
2516	171	0
2517	208	0
2518	204	0
2519	209	0
2520	183	0
2521	216	0
2522	203	0
2523	207	0
2524	222	0
2525	226	0
2526	243	0
2527	212	0
2528	223	0
2529	194	0
2530	190	0
2531	218	0
2532	195	0
2533	218	0
2534	206	0
2535	186	0
2536	169	0
2537	182	0
2538	183	0
2539	168	0
2540	192	0
2541	212	0
2542	199	0
2543	191	0
2544	222	0
2545	181	0
2546	229	0
2547	199	0
2548	211	0
2549	191	0
2550	202	0
2551	190	0
2552	184	0
2553	193	0
2554	194	0
2555	220	0
2556	202	0
2557	184	0
2558	197	0
2559	198	0
2560	197	0
2561	216	0
2562	202	0
2563	215	0
2564	201	0
2565	220	0
2566	182	0
2567	236	0
2568	192	0
2569	184	0
2570	208	0
2571	177	0
2572	159	0
2573	199	0
2574	193	0
2575	196	0
2576	192	0
2577	213	0
2578	209	0
2579	209	0
2580	185	0
2581	200	0
2582	193	0
2583	189	0
2584	195	0
2585	193	0
2586	205	0
2587	202	0
2588	219	0
2589	205	0
2590	201	0
2591	183	0
2592	227	0
2593	198	0
2594	212	0
2595	208	0
2596	175	0
2597	217	0
2598	202	0
2599	227	0
2600	202	0
2601	196	0
2602	193	0
2603	168	0
2604	187	0
2605	211	0
2606	184	0
2607	196	0
2608	180	0
2609	179	0
2610	214	0
2611	198	0
2612	183	0
2613	194	0
2614	199	0
2615	190	0
2616	187	0
2617	219	0
2618	206	0
2619	187	0
2620	198	0
2621	227	0
2622	212	0
2623	201	0
2624	174	0
2625	216	0
2626	198	0
2627	197	0
2628	222	0
2629	199	0
2630	189	0
2631	219	0
2632	180	0
2633	195	0
2634	188	0
2635	184	0
2636	203	0
2637	201	0
2638	193	0
2639	206	0
2640	203	0
2641	183	0
2642	234	0
2643	184	0
2644	178	0
2645	195	0
2646	150	0
2647	210	0
2648	220	0
2649	189	0
2650	211	0
2651	179	0
2652	185	0
2653	191	0
2654	193	0
2655	218	0
2656	217	0
2657	200	0
2658	214	0
2659	213	0
2660	191	0
2661	188	0
2662	204	0
2663	193	0
2664	216	0
2665	209	0
2666	190	0
2667	204	0
2668	212	0
2669	178	0
2670	199	0
2671	189	0
2672	179	0
2673	187	0
2674	214	0
2675	237	0
2676	207	0
2677	197	0
2678	205	0
2679	198	0
2680	191	0
2681	228	0
2682	202	0
2683	165	0
2684	206	0
2685	229	0
2686	208	0
2687	185	0
2688	198	0
2689	178	0
2690	206	0
2691	211	0
2692	173	0
2693	181	0
2694	190	0
2695	214	0
2696	204	0
2697	186	0
2698	210	0
2699	194	0
2700	183	0
2701	205	0
2702	205	0
2703	201	0
2704	200	0
2705	211	0
2706	211	0
2707	169	0
2708	195	0
2709	202	0
2710	175	0
2711	187	0
2712	220	0
2713	203	0
2714	200	0
2715	227	0
2716	190	0
2717	170	0
2718	207	0
2719	210	0
2720	196	0
2721	207	0
2722	192	0
2723	200	0
2724	209	0
2725	209	0
2726	160	0
2727	213	0
2728	186	0
2729	199	0
2730	214	0
2731	202	0
2732	191	0
2733	193	0
2734	206	0
2735	232	0
2736	210	0
2737	200	0
2738	199	0
2739	211	0
2740	227	0
2741	201	0
2742	212	0
2743	214	0
2744	191	0
2745	209	0
2746	199	0
2747	213	0
2748	208	0
2749	193	0
2750	196	0
2751	195	0
2752	205	0
2753	206	0
2754	178	0
2755	238	0
2756	184	0
2757	193	0
2758	183	0
2759	198	0
2760	217	0
2761	229	0
2762	198	0
2763	192	0
2764	219	0
2765	201	0
2766	172	0
2767	200	0
2768	185	0
2769	178	0
2770	195	0
2771	185	0
2772	200	0
2773	194	0
2774	208	0
2775	201	0
2776	176	0
2777	194	0
2778	201	0
2779	222	0
2780	216	0
2781	203	0
2782	210	0
2783	166	0
2784	218	0
2785	187	0
2786	185	0
2787	208	0
2788	229	0
2789	182	0
2790	188	0
2791	235	0
2792	214	0
2793	173	0
2794	215	0
2795	196	0
2796	206	0
2797	198	0
2798	195	0
2799	205	0
2800	208	0
2801	171	0
2802	228	0
2803	189	0
2804	201	0
2805	227	0
2806	202	0
2807	214	0
2808	169	0
2809	242	0
2810	153	0
2811	220	0
2812	192	0
2813	195	0
2814	204	0
2815	209	0
2816	202	0
2817	183	0
2818	207	0
2819	195	0
2820	209	0
2821	204	0
2822	208	0
2823	197	0
2824	175	0
2825	185	0
2826	215	0
2827	174	0
2828	222	0
2829	193	0
2830	178	0
2831	219	0
2832	191	0
2833	206	0
2834	205	0
2835	213	0
2836	216	0
2837	179	0
2838	231	0
2839	197	0
2840	186	0
2841	193	0
2842	193	0
2843	193	0
2844	216	0
2845	224	0
2846	167	0
2847	202	0
2848	193	0
2849	177	0
2850	214	0
2851	190	0
2852	181	0
2853	193	0
2854	186	0
2855	218	0
2856	195	0
2857	186	0
2858	222	0
2859	196	0
2860	225	0
2861	188	0
2862	201	0
2863	162	0
2864	201	0
2865	203	0
2866	182	0
2867	196	0
2868	201	0
2869	200	0
2870	179	0
2871	210	0
2872	196	0
2873	198	0
2874	207	0
2875	202	0
2876	203	0
2877	206	0
2878	190	0
2879	191	0
2880	201	0
2881	166	0
2882	214	0
2883	184	0
2884	194	0
2885	193	0
2886	196	0
2887	208	0
2888	172	0
2889	179	0
2890	204	0
2891	197	0
2892	210	0
2893	219	0
2894	198	0
2895	194	0
2896	200	0
2897	201	0
2898	188	0
2899	202	0
2900	224	0
2901	198	0
2902	203	0
2903	181	0
2904	227	0
2905	218	0
2906	187	0
2907	215	0
2908	218	0
2909	194	0
2910	217	0
2911	193	0
2912	213	0
2913	178	0
2914	201	0
2915	216	0
2916	200	0
2917	184	0
2918	234	0
2919	204	0
2920	163	0
2921	208	0
2922	201	0
2923	203	0
2924	196	0
2925	199	0
2926	187	0
2927	178	0
2928	196	0
2929	173	0
2930	193	0
2931	221	0
2932	193	0
2933	201	0
2934	229	0
2935	218	0
2936	179	0
2937	204	0
2938	195	0
2939	174	0
2940	215	0
2941	173	0
2942	200	0
2943	202	0
2944	205	0
2945	186	0
2946	199	0
2947	178	0
2948	192	0
2949	218	0
2950	215	0
2951	221	0
2952	213	0
2953	199	0
2954	225	0
2955	210	0
2956	190	0
2957	200	0
2958	186	0
2959	176	0
2960	205	0
2961	230	0
2962	204	0
2963	194	0
2964	189	0
2965	208	0
2966	187	0
2967	184	0
2968	182	0
2969	222	0
2970	197	0
2971	204	0
2972	206	0
2973	203	0
2974	209	0
2975	177	0
2976	186	0
2977	203	0
2978	218	0
2979	198	0
2980	163	0
2981	207	0
2982	216	0
2983	182	0
2984	197	0
2985	208	0
2986	212	0
2987	204	0
2988	206	0
2989	185	0
2990	203	0
2991	205	0
2992	208	0
2993	208	0
2994	183	0
2995	183	0
2996	180	0
2997	210	0
2998	210	0
2999	194	0
3000	234	0
