1	204	0
2	207	0
3	175	0
4	202	0
5	194	0
6	201	0
7	177	0
8	186	0
9	218	0
10	177	0
11	200	0
12	192	0
13	215	0
14	181	0
15	185	0
16	217	0
17	197	0
18	214	0
19	225	0
20	202	0
21	190	0
22	218	0
23	192	0
24	210	0
25	188	0
26	169	0
27	185	0
28	179	0
29	186	0
30	194	0
31	217	0
32	214	0
33	188	0
34	208	0
35	208	0
36	181	0
37	213	0
38	193	0
39	234	0
40	213	0
41	221	0
42	202	0
43	210	0
44	234	0
45	216	0
46	182	0
47	204	0
48	192	0
49	190	0
50	194	0
51	214	0
52	206	0
53	189	0
54	179	0
55	190	0
56	191	0
57	210	0
58	212	0
59	196	0
60	213	0
61	180	0
62	180	0
63	212	0
64	208	0
65	202	0
66	237	0
67	205	0
68	184	0
69	185	0
70	179	0
71	195	0
72	170	0
73	229	0
74	196	0
75	210	0
76	194	0
77	195	0
78	201	0
79	173	0
80	212	0
81	179	0
82	224	0
83	215	0
84	183	0
85	188	0
86	179	0
87	189	0
88	232	0
89	188	0
90	206	0
91	203	0
92	191	0
93	202	0
94	203	0
95	208	0
96	189	0
97	195	0
98	215	0
99	204	0
100	206	0
101	214	0
102	195	0
103	209	0
104	201	0
105	177	0
106	185	0
107	191	0
108	196	0
109	228	0
110	200	0
111	221	0
112	181	0
113	217	0
114	199	0
115	205	0
116	189	0
117	206	0
118	215	0
119	188	0
120	204	0
121	192	0
122	223	0
123	192	0
124	170	0
125	205	0
126	188	0
127	188	0
128	190	0
129	187	0
130	229	0
131	204	0
132	205	0
133	181	0
134	204	0
135	210	0
136	182	0
137	185	0
138	207	0
139	203	0
140	187	0
141	163	0
142	198	0
143	197	0
144	195	0
145	205	0
146	169	0
147	198	0
148	203	0
149	202	0
150	189	0
151	199	0
152	212	0
153	219	0
154	206	0
155	213	0
156	219	0
157	196	0
158	208	0
159	215	0
160	184	0
161	182	0
162	203	0
163	192	0
164	176	0
165	192	0
166	187	0
167	184	0
168	205	0
169	213	0
170	202	0
171	201	0
172	221	0
173	199	0
174	199	0
175	200	0
176	216	0
177	180	0
178	211	0
179	198	0
180	188	0
181	190	0
182	203	0
183	192	0
184	213	0
185	212	0
186	187	0
187	198	0
188	205	0
189	192	0
190	186	0
191	207	0
192	204	0
193	176	0
194	234	0
195	195	0
196	192	0
197	192	0
198	187	0
199	214	0
200	210	0
201	198	0
202	165	0
203	215	0
204	192	0
205	209	0
206	182	0
207	204	0
208	177	0
209	189	0
210	176	0
211	191	0
212	186	0
213	206	0
214	178	0
215	201	0
216	186	0
217	202	0
218	221	0
219	200	0
220	226	0
221	204	0
222	213	0
223	208	0
224	164	0
225	182	0
226	205	0
227	185	0
228	189	0
229	187	0
230	182	0
231	214	0
232	181	0
233	194	0
234	206	0
235	197	0
236	199	0
237	191	0
238	199	0
239	189	0
240	214	0
241	212	0
242	206	0
243	222	0
244	201	0
245	180	0
246	177	0
247	186	0
248	239	0
249	209	0
250	214	0
251	210	0
252	194	0
253	227	0
254	224	0
255	215	0
256	198	0
257	195	0
258	203	0
259	185	0
260	190	0
261	198	0
262	205	0
263	178	0
264	231	0
265	191	0
266	196	0
267	150	0
268	183	0
269	227	0
270	182	0
271	187	0
272	202	0
273	183	0
274	223	0
275	211	0
276	193	0
277	188	0
278	189	0
279	215	0
280	179	0
281	200	0
282	223	0
283	202	0
284	185	0
285	225	0
286	197	0
287	191	0
288	183	0
289	218	0
290	216	0
291	173	0
292	212	0
293	188	0
294	180	0
295	199	0
296	232	0
297	205	0
298	241	0
299	194	0
300	199	0
301	201	0
302	210	0
303	210	0
304	186	0
305	198	0
306	196	0
307	210	0
308	220	0
309	203	0
310	192	0
311	208	0
312	172	0
313	197	0
314	182	0
315	185	0
316	198	0
317	184	0
318	215	0
319	202	0
320	191	0
321	203	0
322	197	0
323	213	0
324	194	0
325	203	0
326	172	0
327	180	0
328	213	0
329	201	0
330	228	0
331	211	0
332	198	0
333	193	0
334	208	0
335	210	0
336	204	0
337	209	0
338	217	0
339	189	0
340	219	0
341	178	0
342	188	0
343	207	0
344	203	0
345	226	0
346	193	0
347	212	0
348	207	0
349	195	0
350	214	0
351	205	0
352	207	0
353	162	0
354	197	0
355	200	0
356	180	0
357	192	0
358	192	0
359	194	0
360	189	0
361	206	0
362	219	0
363	195	0
364	190	0
365	188	0
366	192	0
367	196	0
368	181	0
369	202	0
370	220	0
371	203	0
372	198	0
373	233	0
374	207	0
375	185	0
376	176	0
377	218	0
378	185	0
379	222	0
380	188	0
381	197	0
382	223	0
383	204	0
384	230	0
385	216	0
386	191	0
387	242	0
388	208	0
389	219	0
390	221	0
391	196	0
392	184	0
393	183	0
394	213	0
395	200	0
396	231	0
397	196	0
398	198	0
399	200	0
400	210	0
401	201	0
402	190	0
403	207	0
404	191	0
405	197	0
406	208	0
407	196	0
408	196	0
409	220	0
410	190	0
411	198	0
412	182	0
413	197	0
414	191	0
415	203	0
416	197	0
417	196	0
418	207	0
419	185	0
420	202	0
421	212	0
422	217	0
423	223	0
424	177	0
425	205	0
426	205	0
427	206	0
428	210	0
429	185	0
430	223	0
431	180	0
432	221	0
433	208	0
434	210	0
435	194	0
436	172	0
437	210	0
438	204	0
439	205	0
440	184	0
441	220	0
442	194	0
443	160	0
444	195	0
445	207	0
446	153	0
447	187	0
448	174	0
449	195	0
450	217	0
451	188	0
452	192	0
453	212	0
454	200	0
455	191	0
456	199	0
457	228	0
458	191	0
459	218	0
460	198	0
461	193	0
462	193	0
463	212	0
464	209	0
465	189	0
466	226	0
467	212	0
468	204	0
469	192	0
470	195	0
471	186	0
472	227	0
473	207	0
474	192	0
475	197	0
476	185	0
477	244	0
478	194	0
479	224	0
480	192	0
481	186	0
482	213	0
483	204	0
484	196	0
485	210	0
486	182	0
487	187	0
488	190	0
489	196	0
490	206	0
491	207	0
492	201	0
493	198	0
494	194	0
495	208	0
496	233	0
497	194	0
498	193	0
499	203	0
500	209	0
501	192	0
502	195	0
503	190	0
504	215	0
505	204	0
506	217	0
507	192	0
508	196	0
509	204	0
510	170	0
511	202	0
512	205	0
513	194	0
514	209	0
515	212	0
516	203	0
517	181	0
518	206	0
519	192	0
520	208	0
521	189	0
522	192	0
523	198	0
524	227	0
525	219	0
526	169	0
527	195	0
528	200	0
529	186	0
530	217	0
531	169	0
532	210	0
533	213	0
534	215	0
535	185	0
536	217	0
537	197	0
538	202	0
539	186	0
540	191	0
541	195	0
542	189	0
543	221	0
544	196	0
545	194	0
546	206	0
547	185	0
548	196	0
549	198	0
550	193	0
551	203	0
552	208	0
553	181	0
554	206	0
555	208	0
556	186	0
557	193	0
558	214	0
559	196	0
560	195	0
561	190	0
562	232	0
563	189	0
564	199	0
565	161	0
566	197	0
567	183	0
568	207	0
569	208	0
570	199	0
571	210	0
572	190	0
573	201	0
574	229	0
575	177	0
576	192	0
577	209	0
578	219	0
579	182	0
580	176	0
581	220	0
582	196	0
583	178	0
584	220	0
585	208	0
586	176	0
587	199	0
588	203	0
589	198	0
590	221	0
591	195	0
592	201	0
593	193	0
594	189	0
595	208	0
596	193	0
597	180	0
598	187	0
599	172	0
600	194	0
601	210	0
602	208	0
603	190	0
604	179	0
605	217	0
606	198	0
607	189	0
608	209	0
609	222	0
610	219	0
611	171	0
612	212	0
613	179	0
614	201	0
615	191	0
616	195	0
617	213	0
618	204	0
619	183	0
620	196	0
621	194	0
622	198	0
623	232	0
624	217	0
625	193	0
626	201	0
627	217	0
628	208	0
629	193	0
630	199	0
631	217	0
632	191	0
633	196	0
634	194	0
635	213	0
636	204	0
637	190	0
638	198	0
639	196	0
640	184	0
641	224	0
642	184	0
643	210	0
644	211	0
645	196	0
646	198	0
647	173	0
648	227	0
649	179	0
650	212	0
651	204	0
652	194	0
653	201	0
654	216	0
655	231	0
656	208	0
657	221	0
658	169	0
659	201	0
660	194	0
661	210	0
662	199	0
663	201	0
664	207	0
665	222	0
666	199	0
667	202	0
668	182	0
669	210	0
670	198	0
671	209	0
672	198	0
673	193	0
674	219	0
675	175	0
676	190	0
677	199	0
678	206	0
679	201	0
680	198	0
681	206	0
682	212	0
683	201	0
684	196	0
685	180	0
686	214	0
687	182	0
688	208	0
689	213	0
690	201	0
691	203	0
692	214	0
693	215	0
694	201	0
695	170	0
696	187	0
697	214	0
698	187	0
699	221	0
700	162	0
701	208	0
702	185	0
703	176	0
704	181	0
705	218	0
706	189	0
707	212	0
708	203	0
709	209	0
710	158	0
711	194	0
712	204	0
713	187	0
714	203	0
715	197	0
716	173	0
717	215	0
718	203	0
719	220	0
720	214	0
721	207	0
722	200	0
723	178	0
724	194	0
725	220	0
726	213	0
727	195	0
728	212	0
729	205	0
730	201	0
731	210	0
732	195	0
733	200	0
734	183	0
735	212	0
736	176	0
737	189	0
738	209	0
739	155	0
740	187	0
741	193	0
742	205	0
743	213	0
744	184	0
745	197	0
746	188	0
747	194	0
748	188	0
749	211	0
750	222	0
751	204	0
752	215	0
753	226	0
754	232	0
755	204	0
756	185	0
757	191	0
758	207	0
759	207	0
760	192	0
761	184	0
762	188	0
763	218	0
764	187	0
765	178	0
766	204	0
767	211	0
768	199	0
769	203	0
770	203	0
771	206	0
772	191	0
773	187	0
774	179	0
775	190	0
776	212	0
777	194	0
778	179	0
779	221	0
780	222	0
781	181	0
782	210	0
783	209	0
784	191	0
785	187	0
786	196	0
787	209	0
788	180	0
789	219	0
790	183	0
791	185	0
792	207	0
793	207	0
794	197	0
795	191	0
796	195	0
797	189	0
798	188	0
799	213	0
800	199	0
801	190	0
802	206	0
803	222	0
804	221	0
805	203	0
806	190	0
807	188	0
808	176	0
809	178	0
810	214	0
811	222	0
812	202	0
813	198	0
814	216	0
815	200	0
816	220	0
817	176	0
818	212	0
819	199	0
820	206	0
821	197	0
822	178	0
823	210	0
824	205	0
825	211	0
826	220	0
827	205	0
828	208	0
829	232	0
830	190	0
831	223	0
832	195	0
833	185	0
834	187	0
835	188	0
836	192	0
837	192	0
838	208	0
839	209	0
840	185	0
841	209	0
842	208	0
843	195	0
844	192	0
845	193	0
846	204	0
847	176	0
848	209	0
849	207	0
850	202	0
851	202	0
852	171	0
853	212	0
854	202	0
855	204	0
856	200	0
857	190	0
858	196	0
859	197	0
860	169	0
861	179	0
862	182	0
863	204	0
864	192	0
865	187	0
866	199	0
867	191	0
868	186	0
869	231	0
870	210	0
871	201	0
872	205	0
873	226	0
874	172	0
875	199	0
876	203	0
877	188	0
878	178	0
879	143	0
880	187	0
881	212	0
882	193	0
883	202	0
884	186	0
885	200	0
886	178	0
887	211	0
888	191	0
889	185	0
890	198	0
891	199	0
892	187	0
893	197	0
894	176	0
895	217	0
896	198	0
897	202	0
898	202	0
899	200	0
900	209	0
901	174	0
902	196	0
903	186	0
904	199	0
905	225	0
906	210	0
907	210	0
908	204	0
909	197	0
910	180	0
911	188	0
912	185	0
913	206	0
914	199	0
915	203	0
916	198	0
917	215	0
918	178	0
919	196	0
920	204	0
921	195	0
922	190	0
923	201	0
924	222	0
925	217	0
926	195	0
927	183	0
928	172	0
929	178	0
930	191	0
931	194	0
932	203	0
933	205	0
934	197	0
935	205	0
936	193	0
937	200	0
938	168	0
939	215	0
940	198	0
941	181	0
942	164	0
943	217	0
944	197	0
945	211	0
946	194	0
947	185	0
948	186	0
949	228	0
950	224	0
951	210	0
952	178	0
953	189	0
954	194	0
955	198	0
956	213	0
957	190	0
958	212	0
959	203	0
960	194	0
961	196	0
962	223	0
963	225	0
964	227	0
965	210	0
966	187	0
967	200	0
968	211	0
969	176	0
970	214	0
971	183	0
972	205	0
973	173	0
974	187	0
975	190	0
976	200	0
977	195	0
978	199	0
979	178	0
980	186	0
981	200	0
982	174	0
983	184	0
984	190	0
985	203	0
986	203	0
987	215	0
988	201	0
989	190	0
990	180	0
991	195	0
992	201	0
993	209	0
994	190	0
995	172	0
996	196	0
997	168	0
998	202	0
999	215	0
1000	183	0
1001	192	0
1002	197	0
1003	191	0
1004	181	0
1005	192	0
1006	196	0
1007	193	0
1008	187	0
1009	217	0
1010	204	0
1011	184	0
1012	202	0
1013	209	0
1014	204	0
1015	201	0
1016	209	0
1017	188	0
1018	194	0
1019	190	0
1020	178	0
1021	210	0
1022	186	0
1023	223	0
1024	217	0
1025	203	0
1026	188	0
1027	203	0
1028	194	0
1029	186	0
1030	182	0
1031	191	0
1032	181	0
1033	181	0
1034	205	0
1035	193	0
1036	199	0
1037	186	0
1038	202	0
1039	210	0
1040	199	0
1041	219	0
1042	218	0
1043	189	0
1044	202	0
1045	203	0
1046	220	0
1047	194	0
1048	207	0
1049	187	0
1050	213	0
1051	189	0
1052	201	0
1053	185	0
1054	213	0
1055	201	0
1056	198	0
1057	214	0
1058	186	0
1059	178	0
1060	205	0
1061	205	0
1062	202	0
1063	190	0
1064	218	0
1065	212	0
1066	194	0
1067	192	0
1068	205	0
1069	174	0
1070	200	0
1071	202	0
1072	206	0
1073	200	0
1074	187	0
1075	166	0
1076	193	0
1077	219	0
1078	205	0
1079	215	0
1080	186	0
1081	184	0
1082	193	0
1083	218	0
1084	208	0
1085	204	0
1086	188	0
1087	184	0
1088	198	0
1089	172	0
1090	197	0
1091	184	0
1092	197	0
1093	197	0
1094	200	0
1095	205	0
1096	196	0
1097	199	0
1098	215	0
1099	201	0
1100	185	0
1101	221	0
1102	199	0
1103	221	0
1104	171	0
1105	193	0
1106	194	0
1107	200	0
1108	171	0
1109	186	0
1110	197	0
1111	219	0
1112	183	0
1113	215	0
1114	205	0
1115	205	0
1116	201	0
1117	207	0
1118	216	0
1119	192	0
1120	188	0
1121	203	0
1122	224	0
1123	224	0
1124	197	0
1125	197	0
1126	212	0
1127	196	0
1128	200	0
1129	223	0
1130	186	0
1131	193	0
1132	191	0
1133	190	0
1134	198	0
1135	231	0
1136	207	0
1137	208	0
1138	204	0
1139	178	0
1140	217	0
1141	200	0
1142	196	0
1143	202	0
1144	229	0
1145	188	0
1146	179	0
1147	195	0
1148	199	0
1149	211	0
1150	217	0
1151	175	0
1152	195	0
1153	186	0
1154	208	0
1155	184	0
1156	165	0
1157	202	0
1158	193	0
1159	209	0
1160	214	0
1161	203	0
1162	206	0
1163	201	0
1164	184	0
1165	183	0
1166	208	0
1167	204	0
1168	209	0
1169	207	0
1170	194	0
1171	182	0
1172	189	0
1173	208	0
1174	181	0
1175	191	0
1176	197	0
1177	214	0
1178	187	0
1179	195	0
1180	181	0
1181	167	0
1182	198	0
1183	199	0
1184	200	0
1185	253	0
1186	213	0
1187	209	0
1188	199	0
1189	199	0
1190	183	0
1191	217	0
1192	201	0
1193	200	0
1194	210	0
1195	198	0
1196	212	0
1197	195	0
1198	192	0
1199	218	0
1200	218	0
1201	176	0
1202	197	0
1203	209	0
1204	228	0
1205	190	0
1206	183	0
1207	182	0
1208	184	0
1209	204	0
1210	201	0
1211	192	0
1212	227	0
1213	202	0
1214	169	0
1215	198	0
1216	222	0
1217	206	0
1218	183	0
1219	207	0
1220	201	0
1221	207	0
1222	176	0
1223	181	0
1224	211	0
1225	227	0
1226	200	0
1227	199	0
1228	219	0
1229	191	0
1230	205	0
1231	207	0
1232	197	0
1233	196	0
1234	203	0
1235	195	0
1236	195	0
1237	189	0
1238	207	0
1239	216	0
1240	162	0
1241	183	0
1242	178	0
1243	184	0
1244	195	0
1245	190	0
1246	178	0
1247	195	0
1248	201	0
1249	199	0
1250	188	0
1251	214	0
1252	189	0
1253	191	0
1254	172	0
1255	217	0
1256	182	0
1257	208	0
1258	184	0
1259	183	0
1260	210	0
1261	191	0
1262	197	0
1263	205	0
1264	191	0
1265	205	0
1266	202	0
1267	202	0
1268	183	0
1269	177	0
1270	205	0
1271	211	0
1272	182	0
1273	215	0
1274	201	0
1275	188	0
1276	215	0
1277	190	0
1278	209	0
1279	205	0
1280	213	0
1281	223	0
1282	222	0
1283	182	0
1284	190	0
1285	184	0
1286	199	0
1287	216	0
1288	202	0
1289	174	0
1290	217	0
1291	205	0
1292	179	0
1293	210	0
1294	188	0
1295	198	0
1296	202	0
1297	193	0
1298	231	0
1299	189	0
1300	180	0
1301	216	0
1302	209	0
1303	220	0
1304	197	0
1305	196	0
1306	204	0
1307	207	0
1308	201	0
1309	202	0
1310	234	0
1311	207	0
1312	208	0
1313	196	0
1314	204	0
1315	183	0
1316	193	0
1317	203	0
1318	189	0
1319	180	0
1320	200	0
1321	212	0
1322	200	0
1323	207	0
1324	206	0
1325	198	0
1326	187	0
1327	185	0
1328	192	0
1329	195	0
1330	231	0
1331	204	0
1332	186	0
1333	221	0
1334	216	0
1335	193	0
1336	187	0
1337	205	0
1338	211	0
1339	206	0
1340	199	0
1341	202	0
1342	213	0
1343	200	0
1344	195	0
1345	180	0
1346	216	0
1347	218	0
1348	207	0
1349	199	0
1350	173	0
1351	209	0
1352	188	0
1353	220	0
1354	206	0
1355	207	0
1356	171	0
1357	210	0
1358	185	0
1359	207	0
1360	231	0
1361	198	0
1362	215	0
1363	226	0
1364	187	0
1365	182	0
1366	211	0
1367	177	0
1368	182	0
1369	201	0
1370	212	0
1371	192	0
1372	204	0
1373	188	0
1374	195	0
1375	193	0
1376	180	0
1377	173	0
1378	168	0
1379	208	0
1380	174	0
1381	194	0
1382	200	0
1383	214	0
1384	182	0
1385	200	0
1386	192	0
1387	203	0
1388	188	0
1389	199	0
1390	230	0
1391	225	0
1392	198	0
1393	213	0
1394	196	0
1395	179	0
1396	209	0
1397	191	0
1398	205	0
1399	195	0
1400	186	0
1401	177	0
1402	229	0
1403	185	0
1404	178	0
1405	200	0
1406	191	0
1407	186	0
1408	196	0
1409	194	0
1410	191	0
1411	193	0
1412	195	0
1413	206	0
1414	213	0
1415	212	0
1416	206	0
1417	214	0
1418	194	0
1419	203	0
1420	175	0
1421	214	0
1422	222	0
1423	197	0
1424	183	0
1425	216	0
1426	182	0
1427	202	0
1428	195	0
1429	204	0
1430	211	0
1431	193	0
1432	199	0
1433	205	0
1434	200	0
1435	184	0
1436	177	0
1437	200	0
1438	186	0
1439	220	0
1440	180	0
1441	171	0
1442	194	0
1443	193	0
1444	204	0
1445	200	0
1446	202	0
1447	181	0
1448	193	0
1449	181	0
1450	200	0
1451	189	0
1452	198	0
1453	199	0
1454	195	0
1455	225	0
1456	199	0
1457	218	0
1458	177	0
1459	200	0
1460	183	0
1461	195	0
1462	230	0
1463	200	0
1464	192	0
1465	219	0
1466	188	0
1467	186	0
1468	212	0
1469	192	0
1470	206	0
1471	162	0
1472	192	0
1473	214	0
1474	192	0
1475	183	0
1476	166	0
1477	201	0
1478	216	0
1479	197	0
1480	194	0
1481	205	0
1482	191	0
1483	209	0
1484	184	0
1485	190	0
1486	185	0
1487	222	0
1488	226	0
1489	217	0
1490	185	0
1491	210	0
1492	189	0
1493	183	0
1494	210	0
1495	219	0
1496	234	0
1497	207	0
1498	178	0
1499	240	0
1500	185	0
1501	186	0
1502	188	0
1503	175	0
1504	178	0
1505	198	0
1506	183	0
1507	205	0
1508	248	0
1509	208	0
1510	194	0
1511	204	0
1512	193	0
1513	173	0
1514	228	0
1515	209	0
1516	199	0
1517	197	0
1518	221	0
1519	200	0
1520	197	0
1521	231	0
1522	210	0
1523	193	0
1524	173	0
1525	205	0
1526	223	0
1527	186	0
1528	217	0
1529	227	0
1530	182	0
1531	194	0
1532	199	0
1533	194	0
1534	203	0
1535	207	0
1536	198	0
1537	206	0
1538	212	0
1539	205	0
1540	189	0
1541	217	0
1542	190	0
1543	185	0
1544	205	0
1545	177	0
1546	209	0
1547	205	0
1548	196	0
1549	201	0
1550	200	0
1551	217	0
1552	181	0
1553	217	0
1554	189	0
1555	170	0
1556	203	0
1557	184	0
1558	195	0
1559	174	0
1560	196	0
1561	176	0
1562	197	0
1563	194	0
1564	172	0
1565	180	0
1566	210	0
1567	222	0
1568	193	0
1569	200	0
1570	182	0
1571	176	0
1572	180	0
1573	183	0
1574	205	0
1575	213	0
1576	192	0
1577	232	0
1578	235	0
1579	207	0
1580	190	0
1581	212	0
1582	192	0
1583	204	0
1584	212	0
1585	204	0
1586	187	0
1587	205	0
1588	196	0
1589	204	0
1590	180	0
1591	200	0
1592	190	0
1593	247	0
1594	198	0
1595	196	0
1596	196	0
1597	205	0
1598	200	0
1599	176	0
1600	198	0
1601	195	0
1602	209	0
1603	187	0
1604	191	0
1605	173	0
1606	194	0
1607	175	0
1608	195	0
1609	194	0
1610	205	0
1611	185	0
1612	186	0
1613	223	0
1614	197	0
1615	188	0
1616	197	0
1617	228	0
1618	231	0
1619	212	0
1620	185	0
1621	212	0
1622	193	0
1623	187	0
1624	191	0
1625	207	0
1626	193	0
1627	196	0
1628	187	0
1629	209	0
1630	192	0
1631	195	0
1632	222	0
1633	204	0
1634	216	0
1635	199	0
1636	161	0
1637	185	0
1638	193	0
1639	194	0
1640	189	0
1641	189	0
1642	185	0
1643	207	0
1644	220	0
1645	185	0
1646	194	0
1647	196	0
1648	188	0
1649	210	0
1650	228	0
1651	182	0
1652	203	0
1653	198	0
1654	184	0
1655	192	0
1656	177	0
1657	204	0
1658	184	0
1659	191	0
1660	218	0
1661	212	0
1662	188	0
1663	205	0
1664	189	0
1665	196	0
1666	203	0
1667	186	0
1668	194	0
1669	196	0
1670	176	0
1671	204	0
1672	221	0
1673	215	0
1674	191	0
1675	180	0
1676	209	0
1677	211	0
1678	196	0
1679	202	0
1680	221	0
1681	200	0
1682	183	0
1683	190	0
1684	218	0
1685	203	0
1686	201	0
1687	203	0
1688	212	0
1689	186	0
1690	204	0
1691	181	0
1692	214	0
1693	202	0
1694	190	0
1695	201	0
1696	202	0
1697	196	0
1698	196	0
1699	218	0
1700	187	0
1701	168	0
1702	181	0
1703	200	0
1704	212	0
1705	204	0
1706	200	0
1707	201	0
1708	204	0
1709	178	0
1710	196	0
1711	199	0
1712	177	0
1713	189	0
1714	201	0
1715	183	0
1716	200	0
1717	169	0
1718	198	0
1719	203	0
1720	192	0
1721	218	0
1722	176	0
1723	221	0
1724	208	0
1725	188	0
1726	205	0
1727	203	0
1728	216	0
1729	167	0
1730	204	0
1731	193	0
1732	201	0
1733	198	0
1734	177	0
1735	192	0
1736	174	0
1737	169	0
1738	182	0
1739	180	0
1740	185	0
1741	204	0
1742	202	0
1743	199	0
1744	166	0
1745	184	0
1746	183	0
1747	203	0
1748	186	0
1749	188	0
1750	206	0
1751	168	0
1752	200	0
1753	204	0
1754	206	0
1755	208	0
1756	205	0
1757	205	0
1758	189	0
1759	187	0
1760	183	0
1761	174	0
1762	197	0
1763	210	0
1764	200	0
1765	209	0
1766	186	0
1767	184	0
1768	190	0
1769	183	0
1770	200	0
1771	217	0
1772	208	0
1773	194	0
1774	197	0
1775	198	0
1776	198	0
1777	219	0
1778	194	0
1779	195	0
1780	197	0
1781	213	0
1782	219	0
1783	216	0
1784	202	0
1785	194	0
1786	180	0
1787	187	0
1788	187	0
1789	179	0
1790	193	0
1791	180	0
1792	177	0
1793	186	0
1794	196	0
1795	215	0
1796	194	0
1797	220	0
1798	187	0
1799	212	0
1800	200	0
1801	168	0
1802	190	0
1803	199	0
1804	183	0
1805	200	0
1806	198	0
1807	197	0
1808	198	0
1809	185	0
1810	205	0
1811	212	0
1812	192	0
1813	214	0
1814	190	0
1815	169	0
1816	224	0
1817	192	0
1818	184	0
1819	192	0
1820	185	0
1821	207	0
1822	206	0
1823	192	0
1824	217	0
1825	186	0
1826	206	0
1827	201	0
1828	191	0
1829	213	0
1830	192	0
1831	189	0
1832	191	0
1833	208	0
1834	190	0
1835	213	0
1836	191	0
1837	177	0
1838	203	0
1839	190	0
1840	190	0
1841	215	0
1842	216	0
1843	206	0
1844	212	0
1845	185	0
1846	201	0
1847	191	0
1848	177	0
1849	200	0
1850	208	0
1851	172	0
1852	198	0
1853	218	0
1854	187	0
1855	203	0
1856	221	0
1857	178	0
1858	195	0
1859	212	0
1860	197	0
1861	190	0
1862	183	0
1863	204	0
1864	206	0
1865	184	0
1866	183	0
1867	209	0
1868	207	0
1869	197	0
1870	186	0
1871	203	0
1872	186	0
1873	203	0
1874	187	0
1875	198	0
1876	197	0
1877	195	0
1878	208	0
1879	215	0
1880	194	0
1881	208	0
1882	200	0
1883	184	0
1884	198	0
1885	193	0
1886	182	0
1887	183	0
1888	203	0
1889	217	0
1890	212	0
1891	164	0
1892	202	0
1893	194	0
1894	226	0
1895	215	0
1896	213	0
1897	183	0
1898	203	0
1899	216	0
1900	175	0
1901	190	0
1902	194	0
1903	194	0
1904	195	0
1905	179	0
1906	216	0
1907	179	0
1908	199	0
1909	236	0
1910	198	0
1911	186	0
1912	212	0
1913	197	0
1914	200	0
1915	216	0
1916	193	0
1917	196	0
1918	202	0
1919	218	0
1920	220	0
1921	197	0
1922	200	0
1923	208	0
1924	222	0
1925	197	0
1926	240	0
1927	202	0
1928	192	0
1929	190	0
1930	176	0
1931	189	0
1932	198	0
1933	208	0
1934	196	0
1935	201	0
1936	185	0
1937	183	0
1938	192	0
1939	166	0
1940	193	0
1941	191	0
1942	206	0
1943	227	0
1944	203	0
1945	197	0
1946	201	0
1947	204	0
1948	179	0
1949	205	0
1950	194	0
1951	210	0
1952	170	0
1953	211	0
1954	197	0
1955	203	0
1956	203	0
1957	189	0
1958	194	0
1959	212	0
1960	183	0
1961	187	0
1962	188	0
1963	194	0
1964	180	0
1965	205	0
1966	183	0
1967	228	0
1968	198	0
1969	228	0
1970	197	0
1971	218	0
1972	186	0
1973	194	0
1974	198	0
1975	212	0
1976	188	0
1977	188	0
1978	202	0
1979	198	0
1980	211	0
1981	199	0
1982	203	0
1983	210	0
1984	182	0
1985	216	0
1986	209	0
1987	231	0
1988	181	0
1989	177	0
1990	175	0
1991	222	0
1992	224	0
1993	178	0
1994	186	0
1995	197	0
1996	223	0
1997	204	0
1998	214	0
1999	211	0
2000	198	0
2001	211	0
2002	221	0
2003	187	0
2004	185	0
2005	204	0
2006	200	0
2007	185	0
2008	196	0
2009	179	0
2010	199	0
2011	205	0
2012	183	0
2013	222	0
2014	201	0
2015	216	0
2016	193	0
2017	179	0
2018	191	0
2019	182	0
2020	195	0
2021	205	0
2022	215	0
2023	195	0
2024	177	0
2025	203	0
2026	214	0
2027	228	0
2028	221	0
2029	206	0
2030	221	0
2031	170	0
2032	177	0
2033	193	0
2034	217	0
2035	219	0
2036	205	0
2037	206	0
2038	186	0
2039	188	0
2040	200	0
2041	191	0
2042	195	0
2043	212	0
2044	168	0
2045	180	0
2046	190	0
2047	196	0
2048	222	0
2049	209	0
2050	190	0
2051	201	0
2052	191	0
2053	219	0
2054	183	0
2055	198	0
2056	202	0
2057	210	0
2058	199	0
2059	194	0
2060	196	0
2061	212	0
2062	196	0
2063	174	0
2064	183	0
2065	206	0
2066	208	0
2067	190	0
2068	203	0
2069	199	0
2070	183	0
2071	185	0
2072	238	0
2073	196	0
2074	188	0
2075	169	0
2076	195	0
2077	207	0
2078	172	0
2079	207	0
2080	182	0
2081	202	0
2082	214	0
2083	184	0
2084	202	0
2085	208	0
2086	202	0
2087	202	0
2088	204	0
2089	177	0
2090	213	0
2091	196	0
2092	195	0
2093	205	0
2094	200	0
2095	172	0
2096	194	0
2097	202	0
2098	205	0
2099	195	0
2100	201	0
2101	175	0
2102	190	0
2103	206	0
2104	176	0
2105	201	0
2106	213	0
2107	200	0
2108	197	0
2109	181	0
2110	170	0
2111	235	0
2112	196	0
2113	177	0
2114	184	0
2115	200	0
2116	216	0
2117	198	0
2118	194	0
2119	215	0
2120	205	0
2121	211	0
2122	195	0
2123	216	0
2124	216	0
2125	212	0
2126	194	0
2127	223	0
2128	202	0
2129	191	0
2130	206	0
2131	185	0
2132	207	0
2133	213	0
2134	220	0
2135	182	0
2136	198	0
2137	206	0
2138	211	0
2139	178	0
2140	199	0
2141	227	0
2142	187	0
2143	201	0
2144	167	0
2145	213	0
2146	211	0
2147	182	0
2148	210	0
2149	192	0
2150	215	0
2151	204	0
2152	213	0
2153	197	0
2154	190	0
2155	196	0
2156	193	0
2157	203	0
2158	196	0
2159	197	0
2160	212	0
2161	194	0
2162	183	0
2163	232	0
2164	189	0
2165	187	0
2166	190	0
2167	198	0
2168	214	0
2169	201	0
2170	205	0
2171	211	0
2172	201	0
2173	205	0
2174	221	0
2175	189	0
2176	199	0
2177	206	0
2178	178	0
2179	218	0
2180	213	0
2181	195	0
2182	175	0
2183	199	0
2184	183	0
2185	213	0
2186	223	0
2187	194	0
2188	181	0
2189	195	0
2190	187	0
2191	194	0
2192	201	0
2193	181	0
2194	191	0
2195	212	0
2196	188	0
2197	172	0
2198	209	0
2199	172	0
2200	185	0
2201	186	0
2202	195	0
2203	195	0
2204	195	0
2205	176	0
2206	196	0
2207	188	0
2208	220	0
2209	174	0
2210	203	0
2211	178	0
2212	194	0
2213	172	0
2214	195	0
2215	180	0
2216	190	0
2217	182	0
2218	202	0
2219	181	0
2220	195	0
2221	182	0
2222	224	0
2223	221	0
2224	185	0
2225	191	0
2226	228	0
2227	198	0
2228	178	0
2229	196	0
2230	198	0
2231	204	0
2232	210	0
2233	196	0
2234	162	0
2235	187	0
2236	188	0
2237	174	0
2238	198	0
2239	193	0
2240	203	0
2241	223	0
2242	177	0
2243	193	0
2244	183	0
2245	242	0
2246	219	0
2247	197	0
2248	190	0
2249	180	0
2250	193	0
2251	199	0
2252	222	0
2253	185	0
2254	194	0
2255	189	0
2256	189	0
2257	200	0
2258	183	0
2259	197	0
2260	192	0
2261	192	0
2262	192	0
2263	185	0
2264	223	0
2265	182	0
2266	185	0
2267	216	0
2268	204	0
2269	185	0
2270	179	0
2271	221	0
2272	218	0
2273	171	0
2274	230	0
2275	187	0
2276	184	0
2277	197	0
2278	202	0
2279	243	0
2280	188	0
2281	208	0
2282	187	0
2283	218	0
2284	198	0
2285	210	0
2286	224	0
2287	217	0
2288	211	0
2289	182	0
2290	193	0
2291	233	0
2292	225	0
2293	201	0
2294	187	0
2295	214	0
2296	180	0
2297	219	0
2298	209	0
2299	171	0
2300	203	0
2301	201	0
2302	214	0
2303	198	0
2304	205	0
2305	211	0
2306	201	0
2307	212	0
2308	194	0
2309	192	0
2310	209	0
2311	203	0
2312	202	0
2313	187	0
2314	191	0
2315	192	0
2316	209	0
2317	213	0
2318	203	0
2319	191	0
2320	202	0
2321	216	0
2322	176	0
2323	198	0
2324	198	0
2325	182	0
2326	176	0
2327	211	0
2328	199	0
2329	216	0
2330	184	0
2331	220	0
2332	234	0
2333	207	0
2334	204	0
2335	177	0
2336	188	0
2337	208	0
2338	195	0
2339	211	0
2340	194	0
2341	193	0
2342	206	0
2343	214	0
2344	196	0
2345	211	0
2346	216	0
2347	203	0
2348	180	0
2349	185	0
2350	211	0
2351	195	0
2352	225	0
2353	186	0
2354	212	0
2355	192	0
2356	194	0
2357	200	0
2358	188	0
2359	213	0
2360	227	0
2361	192	0
2362	216	0
2363	233	0
2364	171	0
2365	194	0
2366	203	0
2367	198	0
2368	167	0
2369	212	0
2370	188	0
2371	200	0
2372	184	0
2373	190	0
2374	192	0
2375	201	0
2376	203	0
2377	166	0
2378	224	0
2379	218	0
2380	220	0
2381	200	0
2382	220	0
2383	207	0
2384	202	0
2385	210	0
2386	176	0
2387	236	0
2388	200	0
2389	213	0
2390	201	0
2391	195	0
2392	200	0
2393	195	0
2394	205	0
2395	177	0
2396	183	0
2397	214	0
2398	208	0
2399	209	0
2400	211	0
2401	207	0
2402	207	0
2403	200	0
2404	208	0
2405	218	0
2406	196	0
2407	192	0
2408	203	0
2409	220	0
2410	198	0
2411	172	0
2412	203	0
2413	205	0
2414	218	0
2415	191	0
2416	209	0
2417	205	0
2418	200	0
2419	202	0
2420	191	0
2421	210	0
2422	209	0
2423	207	0
2424	199	0
2425	178	0
2426	206	0
2427	213	0
2428	193	0
2429	199	0
2430	209	0
2431	205	0
2432	184	0
2433	206	0
2434	198	0
2435	225	0
2436	194	0
2437	211	0
2438	186	0
2439	218	0
2440	208	0
2441	212	0
2442	188	0
2443	198	0
2444	203	0
2445	166	0
2446	195	0
2447	197	0
2448	205	0
2449	192	0
2450	200	0
2451	210	0
2452	211	0
2453	176	0
2454	187	0
2455	229	0
2456	193	0
2457	210	0
2458	207	0
2459	214	0
2460	208	0
2461	205	0
2462	191	0
2463	200	0
2464	171	0
2465	207	0
2466	234	0
2467	195	0
2468	207	0
2469	205	0
2470	201	0
2471	217	0
2472	194	0
2473	179	0
2474	203	0
2475	206	0
2476	192	0
2477	199	0
2478	203	0
2479	185	0
2480	204	0
2481	194	0
2482	213	0
2483	202	0
2484	178	0
2485	168	0
2486	190	0
2487	234	0
2488	227	0
2489	211	0
2490	183	0
2491	209	0
2492	205	0
2493	222	0
2494	199	0
2495	182	0
2496	191	0
2497	156	0
2498	213	0
2499	177	0
2500	174	0
2501	195	0
2502	195	0
2503	187	0
2504	205	0
2505	213	0
2506	206	0
2507	189	0
2508	233	0
2509	175	0
2510	188	0
2511	202	0
2512	212	0
2513	216	0
2514	197	0
2515	179	0
2516	193	0
2517	205	0
2518	184	0
2519	189	0
2520	224	0
2521	214	0
2522	189	0
2523	199	0
2524	181	0
2525	201	0
2526	207	0
2527	198	0
2528	202	0
2529	193	0
2530	211	0
2531	181	0
2532	192	0
2533	215	0
2534	213	0
2535	194	0
2536	207	0
2537	191	0
2538	205	0
2539	208	0
2540	207	0
2541	196	0
2542	178	0
2543	186	0
2544	168	0
2545	173	0
2546	219	0
2547	206	0
2548	212	0
2549	204	0
2550	191	0
2551	218	0
2552	193	0
2553	234	0
2554	195	0
2555	199	0
2556	182	0
2557	192	0
2558	176	0
2559	199	0
2560	188	0
2561	220	0
2562	191	0
2563	219	0
2564	187	0
2565	222	0
2566	195	0
2567	211	0
2568	181	0
2569	221	0
2570	202	0
2571	202	0
2572	199	0
2573	181	0
2574	211	0
2575	187	0
2576	209	0
2577	184	0
2578	216	0
2579	225	0
2580	189	0
2581	205	0
2582	182	0
2583	203	0
2584	204	0
2585	192	0
2586	205	0
2587	236	0
2588	209	0
2589	180	0
2590	174	0
2591	212	0
2592	213	0
2593	199	0
2594	195	0
2595	204	0
2596	205	0
2597	201	0
2598	195	0
2599	193	0
2600	223	0
2601	207	0
2602	178	0
2603	199	0
2604	202	0
2605	173	0
2606	226	0
2607	218	0
2608	208	0
2609	198	0
2610	198	0
2611	206	0
2612	177	0
2613	187	0
2614	190	0
2615	185	0
2616	195	0
2617	201	0
2618	205	0
2619	215	0
2620	218	0
2621	197	0
2622	207	0
2623	206	0
2624	188	0
2625	187	0
2626	209	0
2627	196	0
2628	198	0
2629	226	0
2630	202	0
2631	190	0
2632	203	0
2633	216	0
2634	191	0
2635	207	0
2636	193	0
2637	224	0
2638	220	0
2639	192	0
2640	184	0
2641	196	0
2642	207	0
2643	188	0
2644	178	0
2645	172	0
2646	202	0
2647	205	0
2648	207	0
2649	180	0
2650	185	0
2651	196	0
2652	190	0
2653	210	0
2654	214	0
2655	184	0
2656	210	0
2657	202	0
2658	180	0
2659	217	0
2660	215	0
2661	218	0
2662	204	0
2663	205	0
2664	197	0
2665	190	0
2666	198	0
2667	211	0
2668	193	0
2669	182	0
2670	199	0
2671	201	0
2672	192	0
2673	190	0
2674	169	0
2675	175	0
2676	218	0
2677	192	0
2678	195	0
2679	183	0
2680	202	0
2681	186	0
2682	191	0
2683	202	0
2684	178	0
2685	209	0
2686	214	0
2687	183	0
2688	185	0
2689	206	0
2690	210	0
2691	208	0
2692	199	0
2693	199	0
2694	210	0
2695	213	0
2696	200	0
2697	188	0
2698	193	0
2699	193	0
2700	198	0
2701	203	0
2702	186	0
2703	192	0
2704	209	0
2705	194	0
2706	196	0
2707	180	0
2708	176	0
2709	188	0
2710	194	0
2711	205	0
2712	207	0
2713	202	0
2714	197	0
2715	201	0
2716	214	0
2717	220	0
2718	178	0
2719	215	0
2720	247	0
2721	189	0
2722	217	0
2723	202	0
2724	203	0
2725	217	0
2726	190	0
2727	181	0
2728	198	0
2729	189	0
2730	196	0
2731	202	0
2732	210	0
2733	204	0
2734	223	0
2735	213	0
2736	187	0
2737	232	0
2738	178	0
2739	210	0
2740	208	0
2741	205	0
2742	203	0
2743	204	0
2744	196	0
2745	202	0
2746	204	0
2747	182	0
2748	199	0
2749	212	0
2750	194	0
2751	189	0
2752	208	0
2753	193	0
2754	176	0
2755	213	0
2756	194	0
2757	173	0
2758	214	0
2759	200	0
2760	207	0
2761	189	0
2762	200	0
2763	169	0
2764	188	0
2765	210	0
2766	193	0
2767	189	0
2768	199	0
2769	198	0
2770	227	0
2771	183	0
2772	193	0
2773	200	0
2774	213	0
2775	206	0
2776	217	0
2777	200	0
2778	187	0
2779	213	0
2780	206	0
2781	201	0
2782	236	0
2783	180	0
2784	203	0
2785	195	0
2786	189	0
2787	211	0
2788	193	0
2789	195	0
2790	207	0
2791	195	0
2792	200	0
2793	209	0
2794	186	0
2795	170	0
2796	185	0
2797	217	0
2798	198	0
2799	179	0
2800	163	0
2801	207	0
2802	196	0
2803	208	0
2804	180	0
2805	202	0
2806	201	0
2807	189	0
2808	190	0
2809	177	0
2810	190	0
2811	179	0
2812	207	0
2813	208	0
2814	197	0
2815	196	0
2816	215	0
2817	189	0
2818	210	0
2819	192	0
2820	197	0
2821	204	0
2822	190	0
2823	217	0
2824	195	0
2825	180	0
2826	206	0
2827	212	0
2828	206	0
2829	215	0
2830	185	0
2831	212	0
2832	213	0
2833	207	0
2834	205	0
2835	184	0
2836	212	0
2837	200	0
2838	195	0
2839	198	0
2840	181	0
2841	202	0
2842	213	0
2843	200	0
2844	172	0
2845	200	0
2846	231	0
2847	179	0
2848	193	0
2849	185	0
2850	221	0
2851	199	0
2852	204	0
2853	196	0
2854	212	0
2855	180	0
2856	190	0
2857	206	0
2858	177	0
2859	197	0
2860	173	0
2861	210	0
2862	192	0
2863	200	0
2864	192	0
2865	199	0
2866	197	0
2867	207	0
2868	199	0
2869	205	0
2870	189	0
2871	204	0
2872	201	0
2873	176	0
2874	180	0
2875	222	0
2876	211	0
2877	179	0
2878	187	0
2879	168	0
2880	194	0
2881	206	0
2882	184	0
2883	217	0
2884	212	0
2885	193	0
2886	174	0
2887	217	0
2888	183	0
2889	190	0
2890	204	0
2891	205	0
2892	203	0
2893	188	0
2894	215	0
2895	201	0
2896	198	0
2897	200	0
2898	185	0
2899	219	0
2900	215	0
2901	198	0
2902	224	0
2903	184	0
2904	211	0
2905	216	0
2906	170	0
2907	199	0
2908	222	0
2909	195	0
2910	184	0
2911	204	0
2912	193	0
2913	179	0
2914	206	0
2915	175	0
2916	214	0
2917	194	0
2918	205	0
2919	183	0
2920	216	0
2921	191	0
2922	176	0
2923	194	0
2924	173	0
2925	220	0
2926	181	0
2927	210	0
2928	199	0
2929	202	0
2930	170	0
2931	208	0
2932	193	0
2933	196	0
2934	197	0
2935	215	0
2936	195	0
2937	203	0
2938	218	0
2939	199	0
2940	186	0
2941	200	0
2942	208	0
2943	205	0
2944	202	0
2945	198	0
2946	208	0
2947	190	0
2948	181	0
2949	198	0
2950	217	0
2951	205	0
2952	202	0
2953	197	0
2954	193	0
2955	175	0
2956	208	0
2957	200	0
2958	190	0
2959	217	0
2960	202	0
2961	212	0
2962	196	0
2963	194	0
2964	215	0
2965	167	0
2966	207	0
2967	183	0
2968	222	0
2969	201	0
2970	183	0
2971	191	0
2972	214	0
2973	191	0
2974	217	0
2975	202	0
2976	206	0
2977	187	0
2978	212	0
2979	192	0
2980	180	0
2981	190	0
2982	221	0
2983	215	0
2984	197	0
2985	206	0
2986	188	0
2987	174	0
2988	191	0
2989	203	0
2990	205	0
2991	200	0
2992	181	0
2993	204	0
2994	178	0
2995	206	0
2996	211	0
2997	210	0
2998	211	0
2999	205	0
3000	188	0
