1	188	0
2	184	0
3	195	0
4	196	0
5	167	0
6	179	0
7	183	0
8	207	0
9	205	0
10	192	0
11	193	0
12	163	0
13	194	0
14	174	0
15	166	0
16	177	0
17	204	0
18	197	0
19	213	0
20	189	0
21	228	0
22	185	0
23	191	0
24	191	0
25	196	0
26	203	0
27	182	0
28	201	0
29	180	0
30	214	0
31	209	0
32	201	0
33	177	0
34	181	0
35	186	0
36	175	0
37	184	0
38	201	0
39	217	0
40	181	0
41	193	0
42	168	0
43	185	0
44	194	0
45	217	0
46	194	0
47	213	0
48	195	0
49	209	0
50	187	0
51	202	0
52	197	0
53	204	0
54	186	0
55	194	0
56	195	0
57	192	0
58	213	0
59	207	0
60	184	0
61	205	0
62	197	0
63	193	0
64	189	0
65	180	0
66	203	0
67	201	0
68	208	0
69	176	0
70	212	0
71	194	0
72	211	0
73	209	0
74	192	0
75	208	0
76	210	0
77	195	0
78	213	0
79	175	0
80	206	0
81	197	0
82	180	0
83	193	0
84	196	0
85	177	0
86	190	0
87	211	0
88	199	0
89	179	0
90	203	0
91	194	0
92	197	0
93	188	0
94	172	0
95	196	0
96	197	0
97	187	0
98	193	0
99	180	0
100	195	0
101	181	0
102	194	0
103	199	0
104	182	0
105	193	0
106	186	0
107	182	0
108	196	0
109	209	0
110	235	0
111	189	0
112	190	0
113	207	0
114	171	0
115	181	0
116	189	0
117	190	0
118	166	0
119	193	0
120	183	0
121	203	0
122	205	0
123	191	0
124	194	0
125	181	0
126	197	0
127	202	0
128	187	0
129	197	0
130	201	0
131	190	0
132	190	0
133	195	0
134	234	0
135	190	0
136	178	0
137	209	0
138	200	0
139	210	0
140	216	0
141	192	0
142	190	0
143	182	0
144	185	0
145	205	0
146	206	0
147	212	0
148	197	0
149	212	0
150	197	0
151	230	0
152	199	0
153	177	0
154	187	0
155	203	0
156	223	0
157	204	0
158	184	0
159	194	0
160	218	0
161	179	0
162	188	0
163	154	0
164	185	0
165	182	0
166	194	0
167	212	0
168	182	0
169	204	0
170	231	0
171	183	0
172	228	0
173	209	0
174	217	0
175	237	0
176	181	0
177	230	0
178	192	0
179	183	0
180	202	0
181	197	0
182	184	0
183	188	0
184	154	0
185	200	0
186	184	0
187	220	0
188	191	0
189	198	0
190	227	0
191	194	0
192	156	0
193	185	0
194	175	0
195	183	0
196	195	0
197	195	0
198	212	0
199	166	0
200	204	0
201	211	0
202	194	0
203	201	0
204	215	0
205	197	0
206	183	0
207	197	0
208	205	0
209	214	0
210	198	0
211	189	0
212	196	0
213	203	0
214	210	0
215	196	0
216	191	0
217	205	0
218	203	0
219	199	0
220	189	0
221	184	0
222	214	0
223	203	0
224	176	0
225	190	0
226	170	0
227	204	0
228	188	0
229	192	0
230	202	0
231	175	0
232	186	0
233	204	0
234	219	0
235	225	0
236	207	0
237	206	0
238	207	0
239	204	0
240	195	0
241	194	0
242	192	0
243	209	0
244	178	0
245	174	0
246	174	0
247	193	0
248	200	0
249	198	0
250	187	0
251	203	0
252	197	0
253	185	0
254	227	0
255	183	0
256	181	0
257	196	0
258	201	0
259	208	0
260	185	0
261	199	0
262	202	0
263	201	0
264	194	0
265	179	0
266	174	0
267	203	0
268	183	0
269	190	0
270	215	0
271	203	0
272	178	0
273	196	0
274	217	0
275	197	0
276	197	0
277	197	0
278	189	0
279	199	0
280	219	0
281	178	0
282	184	0
283	182	0
284	196	0
285	186	0
286	203	0
287	192	0
288	177	0
289	191	0
290	209	0
291	148	0
292	185	0
293	183	0
294	204	0
295	198	0
296	182	0
297	204	0
298	184	0
299	211	0
300	199	0
301	214	0
302	197	0
303	195	0
304	208	0
305	207	0
306	203	0
307	191	0
308	178	0
309	209	0
310	213	0
311	201	0
312	200	0
313	192	0
314	175	0
315	166	0
316	179	0
317	185	0
318	203	0
319	196	0
320	212	0
321	193	0
322	212	0
323	209	0
324	206	0
325	180	0
326	179	0
327	207	0
328	190	0
329	185	0
330	216	0
331	202	0
332	191	0
333	181	0
334	226	0
335	193	0
336	214	0
337	217	0
338	199	0
339	178	0
340	215	0
341	185	0
342	201	0
343	193	0
344	224	0
345	191	0
346	189	0
347	193	0
348	212	0
349	195	0
350	192	0
351	196	0
352	192	0
353	177	0
354	182	0
355	185	0
356	190	0
357	194	0
358	192	0
359	185	0
360	210	0
361	221	0
362	173	0
363	179	0
364	198	0
365	165	0
366	159	0
367	209	0
368	183	0
369	196	0
370	214	0
371	204	0
372	211	0
373	231	0
374	187	0
375	203	0
376	181	0
377	187	0
378	189	0
379	205	0
380	189	0
381	177	0
382	196	0
383	177	0
384	189	0
385	196	0
386	179	0
387	197	0
388	179	0
389	211	0
390	195	0
391	173	0
392	213	0
393	210	0
394	196	0
395	194	0
396	197	0
397	199	0
398	194	0
399	204	0
400	196	0
401	194	0
402	189	0
403	192	0
404	195	0
405	190	0
406	203	0
407	188	0
408	205	0
409	204	0
410	206	0
411	198	0
412	220	0
413	193	0
414	206	0
415	190	0
416	196	0
417	179	0
418	205	0
419	189	0
420	197	0
421	192	0
422	217	0
423	224	0
424	217	0
425	191	0
426	186	0
427	219	0
428	190	0
429	184	0
430	189	0
431	191	0
432	184	0
433	184	0
434	187	0
435	211	0
436	199	0
437	198	0
438	194	0
439	179	0
440	217	0
441	191	0
442	197	0
443	174	0
444	204	0
445	205	0
446	188	0
447	210	0
448	181	0
449	210	0
450	183	0
451	201	0
452	213	0
453	185	0
454	214	0
455	195	0
456	193	0
457	206	0
458	182	0
459	203	0
460	172	0
461	160	0
462	191	0
463	196	0
464	197	0
465	189	0
466	187	0
467	192	0
468	182	0
469	167	0
470	173	0
471	188	0
472	208	0
473	182	0
474	212	0
475	177	0
476	165	0
477	190	0
478	191	0
479	240	0
480	196	0
481	175	0
482	177	0
483	209	0
484	150	0
485	195	0
486	212	0
487	199	0
488	203	0
489	206	0
490	204	0
491	191	0
492	181	0
493	210	0
494	209	0
495	209	0
496	182	0
497	202	0
498	187	0
499	220	0
500	197	0
501	169	0
502	192	0
503	201	0
504	212	0
505	173	0
506	201	0
507	220	0
508	192	0
509	207	0
510	189	0
511	165	0
512	200	0
513	171	0
514	175	0
515	169	0
516	228	0
517	204	0
518	185	0
519	196	0
520	204	0
521	200	0
522	216	0
523	204	0
524	173	0
525	191	0
526	209	0
527	193	0
528	211	0
529	183	0
530	210	0
531	195	0
532	187	0
533	179	0
534	214	0
535	208	0
536	194	0
537	206	0
538	211	0
539	210	0
540	179	0
541	182	0
542	178	0
543	206	0
544	186	0
545	176	0
546	238	0
547	229	0
548	226	0
549	209	0
550	178	0
551	192	0
552	223	0
553	214	0
554	181	0
555	177	0
556	177	0
557	196	0
558	198	0
559	195	0
560	184	0
561	193	0
562	181	0
563	189	0
564	212	0
565	188	0
566	193	0
567	179	0
568	215	0
569	217	0
570	220	0
571	202	0
572	188	0
573	185	0
574	181	0
575	172	0
576	209	0
577	211	0
578	206	0
579	199	0
580	196	0
581	213	0
582	196	0
583	197	0
584	187	0
585	198	0
586	177	0
587	238	0
588	216	0
589	199	0
590	195	0
591	184	0
592	195	0
593	187	0
594	186	0
595	207	0
596	177	0
597	184	0
598	202	0
599	176	0
600	199	0
601	185	0
602	191	0
603	208	0
604	192	0
605	201	0
606	209	0
607	200	0
608	153	0
609	178	0
610	180	0
611	204	0
612	184	0
613	230	0
614	181	0
615	203	0
616	227	0
617	175	0
618	207	0
619	208	0
620	201	0
621	181	0
622	212	0
623	218	0
624	181	0
625	209	0
626	204	0
627	193	0
628	207	0
629	203	0
630	187	0
631	182	0
632	200	0
633	179	0
634	164	0
635	189	0
636	189	0
637	182	0
638	190	0
639	204	0
640	191	0
641	196	0
642	195	0
643	187	0
644	198	0
645	200	0
646	184	0
647	228	0
648	207	0
649	205	0
650	211	0
651	218	0
652	181	0
653	213	0
654	171	0
655	185	0
656	231	0
657	196	0
658	188	0
659	190	0
660	189	0
661	208	0
662	212	0
663	203	0
664	214	0
665	207	0
666	189	0
667	206	0
668	203	0
669	188	0
670	197	0
671	199	0
672	191	0
673	212	0
674	181	0
675	216	0
676	199	0
677	217	0
678	204	0
679	168	0
680	206	0
681	200	0
682	196	0
683	191	0
684	211	0
685	179	0
686	191	0
687	184	0
688	214	0
689	194	0
690	206	0
691	188	0
692	207	0
693	195	0
694	187	0
695	205	0
696	190	0
697	215	0
698	212	0
699	201	0
700	190	0
701	201	0
702	196	0
703	183	0
704	225	0
705	189	0
706	181	0
707	183	0
708	186	0
709	196	0
710	185	0
711	192	0
712	171	0
713	202	0
714	206	0
715	194	0
716	196	0
717	191	0
718	177	0
719	184	0
720	182	0
721	205	0
722	176	0
723	226	0
724	204	0
725	208	0
726	193	0
727	222	0
728	206	0
729	210	0
730	208	0
731	225	0
732	207	0
733	199	0
734	186	0
735	201	0
736	182	0
737	181	0
738	166	0
739	203	0
740	213	0
741	177	0
742	195	0
743	209	0
744	214	0
745	209	0
746	201	0
747	205	0
748	201	0
749	162	0
750	203	0
751	190	0
752	179	0
753	209	0
754	214	0
755	196	0
756	191	0
757	197	0
758	204	0
759	188	0
760	198	0
761	206	0
762	187	0
763	191	0
764	208	0
765	210	0
766	179	0
767	237	0
768	217	0
769	188	0
770	189	0
771	199	0
772	200	0
773	191	0
774	178	0
775	219	0
776	197	0
777	212	0
778	213	0
779	185	0
780	196	0
781	198	0
782	185	0
783	190	0
784	196	0
785	184	0
786	207	0
787	175	0
788	186	0
789	188	0
790	207	0
791	202	0
792	175	0
793	181	0
794	195	0
795	196	0
796	198	0
797	199	0
798	192	0
799	207	0
800	218	0
801	192	0
802	193	0
803	211	0
804	180	0
805	180	0
806	206	0
807	210	0
808	234	0
809	181	0
810	202	0
811	165	0
812	195	0
813	211	0
814	188	0
815	193	0
816	212	0
817	206	0
818	217	0
819	189	0
820	213	0
821	190	0
822	183	0
823	154	0
824	198	0
825	206	0
826	183	0
827	189	0
828	203	0
829	197	0
830	182	0
831	193	0
832	200	0
833	198	0
834	184	0
835	204	0
836	180	0
837	196	0
838	202	0
839	198	0
840	210	0
841	195	0
842	197	0
843	185	0
844	197	0
845	198	0
846	191	0
847	194	0
848	214	0
849	190	0
850	219	0
851	206	0
852	233	0
853	189	0
854	202	0
855	228	0
856	188	0
857	175	0
858	224	0
859	193	0
860	198	0
861	179	0
862	177	0
863	184	0
864	180	0
865	203	0
866	212	0
867	189	0
868	183	0
869	203	0
870	244	0
871	195	0
872	181	0
873	177	0
874	188	0
875	162	0
876	216	0
877	184	0
878	224	0
879	208	0
880	198	0
881	195	0
882	203	0
883	225	0
884	190	0
885	201	0
886	203	0
887	207	0
888	161	0
889	186	0
890	201	0
891	194	0
892	181	0
893	190	0
894	201	0
895	209	0
896	180	0
897	209	0
898	201	0
899	175	0
900	187	0
901	217	0
902	168	0
903	203	0
904	195	0
905	197	0
906	180	0
907	185	0
908	189	0
909	199	0
910	200	0
911	207	0
912	184	0
913	187	0
914	193	0
915	192	0
916	204	0
917	181	0
918	208	0
919	196	0
920	187	0
921	192	0
922	196	0
923	203	0
924	194	0
925	195	0
926	192	0
927	182	0
928	172	0
929	183	0
930	214	0
931	191	0
932	185	0
933	191	0
934	194	0
935	229	0
936	210	0
937	187	0
938	188	0
939	203	0
940	199	0
941	193	0
942	192	0
943	190	0
944	200	0
945	197	0
946	181	0
947	179	0
948	217	0
949	171	0
950	172	0
951	187	0
952	205	0
953	179	0
954	169	0
955	223	0
956	198	0
957	211	0
958	184	0
959	184	0
960	204	0
961	164	0
962	201	0
963	179	0
964	201	0
965	206	0
966	230	0
967	197	0
968	165	0
969	187	0
970	205	0
971	195	0
972	203	0
973	203	0
974	188	0
975	179	0
976	234	0
977	193	0
978	208	0
979	181	0
980	186	0
981	211	0
982	216	0
983	196	0
984	186	0
985	187	0
986	209	0
987	179	0
988	197	0
989	190	0
990	216	0
991	180	0
992	212	0
993	230	0
994	158	0
995	203	0
996	192	0
997	176	0
998	225	0
999	209	0
1000	196	0
1001	193	0
1002	209	0
1003	185	0
1004	181	0
1005	198	0
1006	199	0
1007	182	0
1008	205	0
1009	162	0
1010	202	0
1011	184	0
1012	181	0
1013	204	0
1014	174	0
1015	199	0
1016	211	0
1017	206	0
1018	192	0
1019	173	0
1020	217	0
1021	180	0
1022	204	0
1023	197	0
1024	175	0
1025	184	0
1026	209	0
1027	210	0
1028	183	0
1029	178	0
1030	198	0
1031	187	0
1032	185	0
1033	196	0
1034	186	0
1035	170	0
1036	211	0
1037	197	0
1038	206	0
1039	203	0
1040	168	0
1041	192	0
1042	180	0
1043	187	0
1044	180	0
1045	176	0
1046	185	0
1047	213	0
1048	184	0
1049	201	0
1050	141	0
1051	219	0
1052	194	0
1053	175	0
1054	208	0
1055	178	0
1056	197	0
1057	195	0
1058	197	0
1059	183	0
1060	176	0
1061	200	0
1062	205	0
1063	193	0
1064	182	0
1065	204	0
1066	209	0
1067	201	0
1068	190	0
1069	215	0
1070	194	0
1071	197	0
1072	172	0
1073	199	0
1074	206	0
1075	208	0
1076	192	0
1077	191	0
1078	191	0
1079	151	0
1080	192	0
1081	218	0
1082	181	0
1083	208	0
1084	187	0
1085	201	0
1086	172	0
1087	179	0
1088	205	0
1089	180	0
1090	217	0
1091	188	0
1092	212	0
1093	225	0
1094	190	0
1095	205	0
1096	213	0
1097	208	0
1098	223	0
1099	163	0
1100	201	0
1101	192	0
1102	216	0
1103	200	0
1104	209	0
1105	212	0
1106	201	0
1107	204	0
1108	197	0
1109	164	0
1110	206	0
1111	198	0
1112	194	0
1113	215	0
1114	166	0
1115	189	0
1116	191	0
1117	177	0
1118	204	0
1119	201	0
1120	187	0
1121	205	0
1122	155	0
1123	205	0
1124	176	0
1125	177	0
1126	185	0
1127	179	0
1128	186	0
1129	191	0
1130	181	0
1131	193	0
1132	203	0
1133	186	0
1134	209	0
1135	233	0
1136	201	0
1137	189	0
1138	193	0
1139	224	0
1140	199	0
1141	155	0
1142	222	0
1143	209	0
1144	241	0
1145	186	0
1146	183	0
1147	209	0
1148	193	0
1149	186	0
1150	214	0
1151	194	0
1152	186	0
1153	192	0
1154	204	0
1155	194	0
1156	190	0
1157	185	0
1158	193	0
1159	189	0
1160	195	0
1161	194	0
1162	228	0
1163	199	0
1164	194	0
1165	223	0
1166	210	0
1167	195	0
1168	188	0
1169	214	0
1170	222	0
1171	199	0
1172	210	0
1173	191	0
1174	175	0
1175	206	0
1176	179	0
1177	178	0
1178	190	0
1179	202	0
1180	206	0
1181	195	0
1182	178	0
1183	232	0
1184	203	0
1185	169	0
1186	192	0
1187	203	0
1188	199	0
1189	200	0
1190	201	0
1191	194	0
1192	180	0
1193	195	0
1194	213	0
1195	181	0
1196	204	0
1197	181	0
1198	207	0
1199	213	0
1200	197	0
1201	202	0
1202	184	0
1203	215	0
1204	180	0
1205	193	0
1206	178	0
1207	226	0
1208	193	0
1209	195	0
1210	183	0
1211	203	0
1212	195	0
1213	179	0
1214	193	0
1215	214	0
1216	205	0
1217	199	0
1218	207	0
1219	177	0
1220	196	0
1221	188	0
1222	246	0
1223	204	0
1224	208	0
1225	193	0
1226	197	0
1227	196	0
1228	178	0
1229	202	0
1230	182	0
1231	214	0
1232	199	0
1233	179	0
1234	213	0
1235	200	0
1236	218	0
1237	189	0
1238	175	0
1239	192	0
1240	186	0
1241	201	0
1242	193	0
1243	199	0
1244	186	0
1245	156	0
1246	189	0
1247	200	0
1248	189	0
1249	186	0
1250	179	0
1251	202	0
1252	220	0
1253	192	0
1254	206	0
1255	213	0
1256	196	0
1257	195	0
1258	205	0
1259	176	0
1260	200	0
1261	185	0
1262	201	0
1263	190	0
1264	183	0
1265	180	0
1266	181	0
1267	184	0
1268	195	0
1269	198	0
1270	211	0
1271	179	0
1272	189	0
1273	196	0
1274	197	0
1275	184	0
1276	196	0
1277	166	0
1278	195	0
1279	222	0
1280	180	0
1281	192	0
1282	185	0
1283	183	0
1284	173	0
1285	209	0
1286	190	0
1287	192	0
1288	196	0
1289	193	0
1290	220	0
1291	218	0
1292	230	0
1293	202	0
1294	199	0
1295	195	0
1296	181	0
1297	202	0
1298	194	0
1299	208	0
1300	224	0
1301	200	0
1302	192	0
1303	208	0
1304	220	0
1305	189	0
1306	187	0
1307	167	0
1308	198	0
1309	198	0
1310	196	0
1311	208	0
1312	212	0
1313	214	0
1314	188	0
1315	170	0
1316	213	0
1317	172	0
1318	172	0
1319	197	0
1320	190	0
1321	204	0
1322	205	0
1323	203	0
1324	190	0
1325	190	0
1326	198	0
1327	194	0
1328	216	0
1329	194	0
1330	177	0
1331	195	0
1332	182	0
1333	196	0
1334	198	0
1335	200	0
1336	202	0
1337	199	0
1338	190	0
1339	173	0
1340	183	0
1341	173	0
1342	166	0
1343	215	0
1344	187	0
1345	195	0
1346	182	0
1347	205	0
1348	226	0
1349	164	0
1350	186	0
1351	199	0
1352	198	0
1353	199	0
1354	199	0
1355	201	0
1356	182	0
1357	176	0
1358	191	0
1359	228	0
1360	190	0
1361	203	0
1362	191	0
1363	177	0
1364	210	0
1365	214	0
1366	193	0
1367	180	0
1368	206	0
1369	181	0
1370	188	0
1371	188	0
1372	175	0
1373	199	0
1374	181	0
1375	201	0
1376	193	0
1377	187	0
1378	216	0
1379	166	0
1380	208	0
1381	200	0
1382	215	0
1383	232	0
1384	193	0
1385	192	0
1386	214	0
1387	214	0
1388	207	0
1389	200	0
1390	192	0
1391	195	0
1392	179	0
1393	194	0
1394	211	0
1395	194	0
1396	186	0
1397	170	0
1398	189	0
1399	177	0
1400	203	0
1401	177	0
1402	212	0
1403	183	0
1404	205	0
1405	196	0
1406	203	0
1407	191	0
1408	199	0
1409	214	0
1410	188	0
1411	198	0
1412	201	0
1413	179	0
1414	211	0
1415	189	0
1416	224	0
1417	184	0
1418	177	0
1419	205	0
1420	184	0
1421	184	0
1422	182	0
1423	190	0
1424	176	0
1425	210	0
1426	177	0
1427	216	0
1428	204	0
1429	216	0
1430	173	0
1431	189	0
1432	200	0
1433	204	0
1434	191	0
1435	193	0
1436	217	0
1437	194	0
1438	191	0
1439	197	0
1440	197	0
1441	180	0
1442	176	0
1443	183	0
1444	212	0
1445	207	0
1446	199	0
1447	203	0
1448	201	0
1449	166	0
1450	186	0
1451	202	0
1452	201	0
1453	187	0
1454	199	0
1455	196	0
1456	212	0
1457	208	0
1458	194	0
1459	192	0
1460	181	0
1461	179	0
1462	191	0
1463	191	0
1464	199	0
1465	195	0
1466	185	0
1467	184	0
1468	200	0
1469	182	0
1470	174	0
1471	174	0
1472	210	0
1473	217	0
1474	186	0
1475	201	0
1476	222	0
1477	202	0
1478	193	0
1479	184	0
1480	199	0
1481	217	0
1482	193	0
1483	199	0
1484	192	0
1485	199	0
1486	197	0
1487	205	0
1488	185	0
1489	182	0
1490	199	0
1491	190	0
1492	185	0
1493	222	0
1494	195	0
1495	177	0
1496	199	0
1497	192	0
1498	170	0
1499	219	0
1500	190	0
1501	201	0
1502	182	0
1503	216	0
1504	211	0
1505	219	0
1506	191	0
1507	179	0
1508	186	0
1509	193	0
1510	192	0
1511	204	0
1512	196	0
1513	188	0
1514	190	0
1515	199	0
1516	209	0
1517	184	0
1518	155	0
1519	184	0
1520	173	0
1521	193	0
1522	201	0
1523	165	0
1524	195	0
1525	204	0
1526	177	0
1527	198	0
1528	207	0
1529	200	0
1530	187	0
1531	205	0
1532	184	0
1533	221	0
1534	174	0
1535	210	0
1536	203	0
1537	204	0
1538	196	0
1539	202	0
1540	215	0
1541	205	0
1542	199	0
1543	184	0
1544	201	0
1545	176	0
1546	195	0
1547	195	0
1548	195	0
1549	177	0
1550	199	0
1551	188	0
1552	210	0
1553	200	0
1554	186	0
1555	202	0
1556	196	0
1557	208	0
1558	153	0
1559	169	0
1560	183	0
1561	181	0
1562	188	0
1563	193	0
1564	171	0
1565	188	0
1566	217	0
1567	191	0
1568	192	0
1569	195	0
1570	194	0
1571	217	0
1572	187	0
1573	208	0
1574	207	0
1575	199	0
1576	172	0
1577	181	0
1578	209	0
1579	190	0
1580	186	0
1581	214	0
1582	216	0
1583	198	0
1584	211	0
1585	215	0
1586	213	0
1587	193	0
1588	210	0
1589	186	0
1590	192	0
1591	203	0
1592	205	0
1593	212	0
1594	172	0
1595	211	0
1596	197	0
1597	223	0
1598	212	0
1599	197	0
1600	189	0
1601	166	0
1602	196	0
1603	195	0
1604	237	0
1605	204	0
1606	165	0
1607	240	0
1608	190	0
1609	183	0
1610	192	0
1611	200	0
1612	192	0
1613	200	0
1614	182	0
1615	209	0
1616	168	0
1617	194	0
1618	170	0
1619	193	0
1620	199	0
1621	181	0
1622	193	0
1623	201	0
1624	183	0
1625	217	0
1626	208	0
1627	198	0
1628	195	0
1629	180	0
1630	196	0
1631	184	0
1632	183	0
1633	225	0
1634	185	0
1635	193	0
1636	183	0
1637	205	0
1638	215	0
1639	189	0
1640	168	0
1641	228	0
1642	203	0
1643	190	0
1644	202	0
1645	193	0
1646	196	0
1647	202	0
1648	171	0
1649	195	0
1650	208	0
1651	220	0
1652	181	0
1653	211	0
1654	194	0
1655	196	0
1656	207	0
1657	182	0
1658	200	0
1659	188	0
1660	204	0
1661	177	0
1662	159	0
1663	189	0
1664	199	0
1665	190	0
1666	195	0
1667	210	0
1668	189	0
1669	196	0
1670	193	0
1671	177	0
1672	198	0
1673	181	0
1674	213	0
1675	206	0
1676	191	0
1677	201	0
1678	205	0
1679	199	0
1680	186	0
1681	209	0
1682	211	0
1683	188	0
1684	196	0
1685	229	0
1686	190	0
1687	196	0
1688	196	0
1689	180	0
1690	184	0
1691	204	0
1692	185	0
1693	194	0
1694	196	0
1695	172	0
1696	203	0
1697	194	0
1698	186	0
1699	202	0
1700	172	0
1701	204	0
1702	190	0
1703	180	0
1704	211	0
1705	192	0
1706	194	0
1707	188	0
1708	198	0
1709	197	0
1710	162	0
1711	206	0
1712	162	0
1713	190	0
1714	202	0
1715	198	0
1716	200	0
1717	186	0
1718	200	0
1719	195	0
1720	186	0
1721	168	0
1722	204	0
1723	200	0
1724	188	0
1725	222	0
1726	192	0
1727	185	0
1728	191	0
1729	186	0
1730	201	0
1731	192	0
1732	192	0
1733	185	0
1734	180	0
1735	196	0
1736	183	0
1737	210	0
1738	188	0
1739	206	0
1740	200	0
1741	206	0
1742	206	0
1743	177	0
1744	205	0
1745	198	0
1746	210	0
1747	206	0
1748	211	0
1749	187	0
1750	193	0
1751	187	0
1752	181	0
1753	180	0
1754	213	0
1755	189	0
1756	203	0
1757	197	0
1758	173	0
1759	206	0
1760	207	0
1761	183	0
1762	207	0
1763	201	0
1764	200	0
1765	202	0
1766	188	0
1767	202	0
1768	205	0
1769	201	0
1770	212	0
1771	201	0
1772	215	0
1773	223	0
1774	210	0
1775	182	0
1776	203	0
1777	191	0
1778	203	0
1779	207	0
1780	188	0
1781	206	0
1782	202	0
1783	186	0
1784	205	0
1785	191	0
1786	193	0
1787	198	0
1788	187	0
1789	188	0
1790	185	0
1791	201	0
1792	192	0
1793	189	0
1794	198	0
1795	219	0
1796	165	0
1797	200	0
1798	194	0
1799	218	0
1800	185	0
1801	197	0
1802	216	0
1803	196	0
1804	205	0
1805	199	0
1806	210	0
1807	198	0
1808	217	0
1809	208	0
1810	194	0
1811	192	0
1812	200	0
1813	194	0
1814	208	0
1815	198	0
1816	195	0
1817	187	0
1818	204	0
1819	194	0
1820	205	0
1821	211	0
1822	203	0
1823	214	0
1824	210	0
1825	204	0
1826	194	0
1827	184	0
1828	198	0
1829	206	0
1830	192	0
1831	185	0
1832	193	0
1833	215	0
1834	218	0
1835	200	0
1836	176	0
1837	229	0
1838	211	0
1839	213	0
1840	199	0
1841	183	0
1842	196	0
1843	182	0
1844	202	0
1845	225	0
1846	200	0
1847	190	0
1848	214	0
1849	168	0
1850	173	0
1851	194	0
1852	202	0
1853	190	0
1854	201	0
1855	199	0
1856	200	0
1857	199	0
1858	208	0
1859	200	0
1860	177	0
1861	200	0
1862	193	0
1863	208	0
1864	197	0
1865	190	0
1866	192	0
1867	213	0
1868	212	0
1869	191	0
1870	191	0
1871	209	0
1872	183	0
1873	180	0
1874	182	0
1875	190	0
1876	199	0
1877	178	0
1878	200	0
1879	204	0
1880	182	0
1881	174	0
1882	206	0
1883	204	0
1884	179	0
1885	197	0
1886	197	0
1887	203	0
1888	199	0
1889	175	0
1890	202	0
1891	185	0
1892	179	0
1893	166	0
1894	190	0
1895	179	0
1896	202	0
1897	187	0
1898	195	0
1899	197	0
1900	217	0
1901	210	0
1902	213	0
1903	183	0
1904	184	0
1905	157	0
1906	206	0
1907	193	0
1908	202	0
1909	210	0
1910	200	0
1911	205	0
1912	203	0
1913	208	0
1914	204	0
1915	226	0
1916	188	0
1917	205	0
1918	193	0
1919	194	0
1920	207	0
1921	180	0
1922	204	0
1923	206	0
1924	185	0
1925	200	0
1926	177	0
1927	185	0
1928	196	0
1929	188	0
1930	208	0
1931	169	0
1932	189	0
1933	179	0
1934	188	0
1935	196	0
1936	191	0
1937	182	0
1938	194	0
1939	174	0
1940	180	0
1941	204	0
1942	200	0
1943	203	0
1944	210	0
1945	211	0
1946	194	0
1947	173	0
1948	187	0
1949	179	0
1950	187	0
1951	193	0
1952	182	0
1953	195	0
1954	225	0
1955	200	0
1956	188	0
1957	202	0
1958	217	0
1959	229	0
1960	206	0
1961	191	0
1962	180	0
1963	195	0
1964	200	0
1965	172	0
1966	195	0
1967	194	0
1968	203	0
1969	189	0
1970	194	0
1971	212	0
1972	200	0
1973	209	0
1974	214	0
1975	195	0
1976	204	0
1977	175	0
1978	193	0
1979	201	0
1980	187	0
1981	202	0
1982	170	0
1983	207	0
1984	183	0
1985	188	0
1986	181	0
1987	181	0
1988	203	0
1989	191	0
1990	203	0
1991	228	0
1992	179	0
1993	191	0
1994	217	0
1995	188	0
1996	184	0
1997	194	0
1998	180	0
1999	218	0
2000	199	0
2001	190	0
2002	184	0
2003	184	0
2004	186	0
2005	203	0
2006	203	0
2007	208	0
2008	212	0
2009	192	0
2010	214	0
2011	187	0
2012	201	0
2013	235	0
2014	180	0
2015	211	0
2016	202	0
2017	187	0
2018	197	0
2019	217	0
2020	187	0
2021	198	0
2022	183	0
2023	180	0
2024	209	0
2025	193	0
2026	201	0
2027	196	0
2028	202	0
2029	211	0
2030	198	0
2031	190	0
2032	200	0
2033	201	0
2034	196	0
2035	182	0
2036	186	0
2037	168	0
2038	202	0
2039	196	0
2040	217	0
2041	218	0
2042	200	0
2043	191	0
2044	195	0
2045	213	0
2046	185	0
2047	183	0
2048	172	0
2049	206	0
2050	195	0
2051	207	0
2052	187	0
2053	214	0
2054	190	0
2055	186	0
2056	191	0
2057	205	0
2058	205	0
2059	203	0
2060	185	0
2061	203	0
2062	200	0
2063	198	0
2064	220	0
2065	198	0
2066	211	0
2067	196	0
2068	186	0
2069	175	0
2070	186	0
2071	199	0
2072	199	0
2073	151	0
2074	182	0
2075	201	0
2076	206	0
2077	238	0
2078	170	0
2079	178	0
2080	204	0
2081	206	0
2082	217	0
2083	175	0
2084	187	0
2085	180	0
2086	206	0
2087	194	0
2088	190	0
2089	199	0
2090	165	0
2091	186	0
2092	187	0
2093	186	0
2094	190	0
2095	198	0
2096	210	0
2097	185	0
2098	188	0
2099	196	0
2100	190	0
2101	185	0
2102	191	0
2103	206	0
2104	192	0
2105	202	0
2106	205	0
2107	181	0
2108	202	0
2109	196	0
2110	183	0
2111	186	0
2112	174	0
2113	207	0
2114	201	0
2115	194	0
2116	186	0
2117	211	0
2118	202	0
2119	180	0
2120	189	0
2121	197	0
2122	213	0
2123	208	0
2124	172	0
2125	184	0
2126	194	0
2127	215	0
2128	202	0
2129	183	0
2130	172	0
2131	209	0
2132	190	0
2133	210	0
2134	181	0
2135	219	0
2136	198	0
2137	210	0
2138	184	0
2139	208	0
2140	199	0
2141	190	0
2142	187	0
2143	169	0
2144	203	0
2145	212	0
2146	194	0
2147	196	0
2148	192	0
2149	191	0
2150	220	0
2151	223	0
2152	175	0
2153	187	0
2154	160	0
2155	184	0
2156	180	0
2157	205	0
2158	217	0
2159	216	0
2160	179	0
2161	198	0
2162	190	0
2163	187	0
2164	228	0
2165	181	0
2166	205	0
2167	205	0
2168	212	0
2169	211	0
2170	173	0
2171	178	0
2172	179	0
2173	189	0
2174	173	0
2175	211	0
2176	192	0
2177	192	0
2178	182	0
2179	174	0
2180	190	0
2181	195	0
2182	196	0
2183	174	0
2184	206	0
2185	195	0
2186	191	0
2187	204	0
2188	185	0
2189	198	0
2190	183	0
2191	184	0
2192	180	0
2193	198	0
2194	225	0
2195	209	0
2196	218	0
2197	220	0
2198	205	0
2199	168	0
2200	203	0
2201	179	0
2202	199	0
2203	225	0
2204	187	0
2205	211	0
2206	213	0
2207	180	0
2208	201	0
2209	191	0
2210	207	0
2211	174	0
2212	203	0
2213	200	0
2214	198	0
2215	195	0
2216	198	0
2217	182	0
2218	206	0
2219	168	0
2220	190	0
2221	226	0
2222	221	0
2223	180	0
2224	188	0
2225	189	0
2226	230	0
2227	173	0
2228	240	0
2229	164	0
2230	190	0
2231	190	0
2232	182	0
2233	196	0
2234	183	0
2235	179	0
2236	196	0
2237	200	0
2238	231	0
2239	189	0
2240	214	0
2241	204	0
2242	192	0
2243	188	0
2244	193	0
2245	215	0
2246	193	0
2247	193	0
2248	184	0
2249	193	0
2250	200	0
2251	178	0
2252	186	0
2253	185	0
2254	203	0
2255	211	0
2256	195	0
2257	205	0
2258	194	0
2259	179	0
2260	198	0
2261	184	0
2262	224	0
2263	198	0
2264	170	0
2265	206	0
2266	215	0
2267	198	0
2268	177	0
2269	155	0
2270	179	0
2271	205	0
2272	213	0
2273	213	0
2274	204	0
2275	213	0
2276	200	0
2277	198	0
2278	204	0
2279	206	0
2280	191	0
2281	196	0
2282	191	0
2283	215	0
2284	214	0
2285	202	0
2286	181	0
2287	166	0
2288	191	0
2289	194	0
2290	199	0
2291	193	0
2292	185	0
2293	195	0
2294	190	0
2295	201	0
2296	199	0
2297	185	0
2298	199	0
2299	198	0
2300	181	0
2301	183	0
2302	207	0
2303	184	0
2304	228	0
2305	200	0
2306	196	0
2307	189	0
2308	203	0
2309	205	0
2310	214	0
2311	195	0
2312	203	0
2313	183	0
2314	207	0
2315	179	0
2316	177	0
2317	190	0
2318	192	0
2319	173	0
2320	164	0
2321	170	0
2322	203	0
2323	174	0
2324	214	0
2325	171	0
2326	152	0
2327	193	0
2328	192	0
2329	185	0
2330	197	0
2331	203	0
2332	186	0
2333	193	0
2334	200	0
2335	211	0
2336	208	0
2337	208	0
2338	200	0
2339	180	0
2340	206	0
2341	201	0
2342	193	0
2343	206	0
2344	207	0
2345	172	0
2346	203	0
2347	190	0
2348	204	0
2349	188	0
2350	183	0
2351	200	0
2352	191	0
2353	191	0
2354	197	0
2355	173	0
2356	213	0
2357	205	0
2358	190	0
2359	199	0
2360	181	0
2361	223	0
2362	184	0
2363	178	0
2364	184	0
2365	190	0
2366	210	0
2367	208	0
2368	189	0
2369	204	0
2370	211	0
2371	201	0
2372	216	0
2373	217	0
2374	189	0
2375	208	0
2376	211	0
2377	201	0
2378	194	0
2379	197	0
2380	189	0
2381	216	0
2382	196	0
2383	192	0
2384	158	0
2385	204	0
2386	159	0
2387	180	0
2388	209	0
2389	208	0
2390	210	0
2391	187	0
2392	184	0
2393	198	0
2394	209	0
2395	205	0
2396	199	0
2397	171	0
2398	204	0
2399	169	0
2400	177	0
2401	190	0
2402	205	0
2403	187	0
2404	206	0
2405	178	0
2406	198	0
2407	199	0
2408	193	0
2409	218	0
2410	173	0
2411	207	0
2412	204	0
2413	189	0
2414	187	0
2415	203	0
2416	193	0
2417	184	0
2418	213	0
2419	190	0
2420	204	0
2421	214	0
2422	193	0
2423	200	0
2424	186	0
2425	203	0
2426	213	0
2427	202	0
2428	195	0
2429	167	0
2430	204	0
2431	194	0
2432	190	0
2433	183	0
2434	211	0
2435	209	0
2436	190	0
2437	224	0
2438	215	0
2439	205	0
2440	194	0
2441	193	0
2442	177	0
2443	189	0
2444	184	0
2445	180	0
2446	193	0
2447	190	0
2448	178	0
2449	209	0
2450	234	0
2451	170	0
2452	217	0
2453	184	0
2454	234	0
2455	189	0
2456	198	0
2457	191	0
2458	204	0
2459	194	0
2460	206	0
2461	228	0
2462	196	0
2463	216	0
2464	206	0
2465	219	0
2466	188	0
2467	181	0
2468	201	0
2469	208	0
2470	191	0
2471	171	0
2472	187	0
2473	188	0
2474	194	0
2475	199	0
2476	210	0
2477	202	0
2478	170	0
2479	177	0
2480	196	0
2481	187	0
2482	207	0
2483	187	0
2484	181	0
2485	214	0
2486	226	0
2487	199	0
2488	199	0
2489	181	0
2490	198	0
2491	195	0
2492	199	0
2493	195	0
2494	196	0
2495	209	0
2496	190	0
2497	198	0
2498	167	0
2499	190	0
2500	208	0
2501	220	0
2502	196	0
2503	170	0
2504	192	0
2505	204	0
2506	240	0
2507	188	0
2508	168	0
2509	189	0
2510	194	0
2511	204	0
2512	183	0
2513	209	0
2514	202	0
2515	173	0
2516	201	0
2517	186	0
2518	175	0
2519	192	0
2520	170	0
2521	182	0
2522	188	0
2523	205	0
2524	224	0
2525	203	0
2526	196	0
2527	207	0
2528	187	0
2529	195	0
2530	200	0
2531	212	0
2532	174	0
2533	183	0
2534	200	0
2535	181	0
2536	203	0
2537	212	0
2538	189	0
2539	198	0
2540	185	0
2541	188	0
2542	196	0
2543	196	0
2544	229	0
2545	214	0
2546	165	0
2547	213	0
2548	196	0
2549	204	0
2550	203	0
2551	186	0
2552	199	0
2553	204	0
2554	214	0
2555	198	0
2556	207	0
2557	199	0
2558	185	0
2559	215	0
2560	186	0
2561	176	0
2562	203	0
2563	219	0
2564	216	0
2565	198	0
2566	186	0
2567	187	0
2568	176	0
2569	189	0
2570	196	0
2571	207	0
2572	212	0
2573	210	0
2574	195	0
2575	171	0
2576	194	0
2577	206	0
2578	182	0
2579	213	0
2580	178	0
2581	199	0
2582	204	0
2583	188	0
2584	169	0
2585	225	0
2586	202	0
2587	185	0
2588	201	0
2589	205	0
2590	190	0
2591	199	0
2592	225	0
2593	214	0
2594	181	0
2595	190	0
2596	209	0
2597	188	0
2598	199	0
2599	217	0
2600	205	0
2601	179	0
2602	179	0
2603	184	0
2604	188	0
2605	193	0
2606	178	0
2607	184	0
2608	207	0
2609	227	0
2610	201	0
2611	198	0
2612	207	0
2613	202	0
2614	186	0
2615	182	0
2616	227	0
2617	178	0
2618	213	0
2619	182	0
2620	188	0
2621	183	0
2622	189	0
2623	193	0
2624	203	0
2625	193	0
2626	177	0
2627	215	0
2628	179	0
2629	203	0
2630	186	0
2631	224	0
2632	184	0
2633	190	0
2634	210	0
2635	178	0
2636	193	0
2637	202	0
2638	200	0
2639	197	0
2640	222	0
2641	192	0
2642	203	0
2643	214	0
2644	177	0
2645	219	0
2646	184	0
2647	196	0
2648	183	0
2649	207	0
2650	179	0
2651	190	0
2652	192	0
2653	191	0
2654	205	0
2655	176	0
2656	205	0
2657	189	0
2658	201	0
2659	187	0
2660	218	0
2661	197	0
2662	211	0
2663	159	0
2664	190	0
2665	190	0
2666	195	0
2667	211	0
2668	195	0
2669	169	0
2670	179	0
2671	179	0
2672	197	0
2673	190	0
2674	166	0
2675	160	0
2676	192	0
2677	205	0
2678	193	0
2679	199	0
2680	182	0
2681	191	0
2682	211	0
2683	212	0
2684	226	0
2685	208	0
2686	200	0
2687	192	0
2688	201	0
2689	188	0
2690	190	0
2691	209	0
2692	188	0
2693	206	0
2694	214	0
2695	196	0
2696	189	0
2697	193	0
2698	196	0
2699	198	0
2700	187	0
2701	194	0
2702	201	0
2703	187	0
2704	193	0
2705	189	0
2706	199	0
2707	191	0
2708	195	0
2709	183	0
2710	201	0
2711	191	0
2712	179	0
2713	194	0
2714	178	0
2715	199	0
2716	219	0
2717	192	0
2718	208	0
2719	186	0
2720	216	0
2721	199	0
2722	197	0
2723	204	0
2724	207	0
2725	202	0
2726	222	0
2727	215	0
2728	188	0
2729	211	0
2730	190	0
2731	184	0
2732	200	0
2733	180	0
2734	204	0
2735	196	0
2736	176	0
2737	185	0
2738	187	0
2739	200	0
2740	167	0
2741	179	0
2742	189	0
2743	232	0
2744	185	0
2745	199	0
2746	196	0
2747	171	0
2748	180	0
2749	200	0
2750	184	0
2751	199	0
2752	210	0
2753	185	0
2754	183	0
2755	170	0
2756	238	0
2757	184	0
2758	190	0
2759	180	0
2760	189	0
2761	207	0
2762	194	0
2763	203	0
2764	219	0
2765	201	0
2766	202	0
2767	194	0
2768	200	0
2769	217	0
2770	192	0
2771	179	0
2772	195	0
2773	231	0
2774	181	0
2775	199	0
2776	180	0
2777	171	0
2778	208	0
2779	201	0
2780	193	0
2781	188	0
2782	219	0
2783	181	0
2784	213	0
2785	163	0
2786	171	0
2787	193	0
2788	175	0
2789	190	0
2790	181	0
2791	201	0
2792	205	0
2793	197	0
2794	193	0
2795	193	0
2796	192	0
2797	187	0
2798	196	0
2799	215	0
2800	182	0
2801	201	0
2802	177	0
2803	200	0
2804	205	0
2805	197	0
2806	202	0
2807	195	0
2808	173	0
2809	191	0
2810	184	0
2811	168	0
2812	187	0
2813	200	0
2814	177	0
2815	208	0
2816	208	0
2817	205	0
2818	187	0
2819	215	0
2820	197	0
2821	211	0
2822	200	0
2823	173	0
2824	181	0
2825	189	0
2826	205	0
2827	183	0
2828	215	0
2829	204	0
2830	184	0
2831	211	0
2832	198	0
2833	193	0
2834	188	0
2835	175	0
2836	201	0
2837	186	0
2838	224	0
2839	202	0
2840	178	0
2841	224	0
2842	178	0
2843	196	0
2844	187	0
2845	211	0
2846	204	0
2847	182	0
2848	194	0
2849	198	0
2850	195	0
2851	196	0
2852	213	0
2853	173	0
2854	198	0
2855	184	0
2856	205	0
2857	197	0
2858	186	0
2859	197	0
2860	214	0
2861	193	0
2862	192	0
2863	213	0
2864	207	0
2865	207	0
2866	174	0
2867	199	0
2868	173	0
2869	181	0
2870	197	0
2871	198	0
2872	217	0
2873	208	0
2874	186	0
2875	188	0
2876	179	0
2877	162	0
2878	200	0
2879	182	0
2880	200	0
2881	196	0
2882	181	0
2883	181	0
2884	190	0
2885	223	0
2886	218	0
2887	183	0
2888	194	0
2889	195	0
2890	192	0
2891	196	0
2892	209	0
2893	196	0
2894	179	0
2895	179	0
2896	197	0
2897	183	0
2898	195	0
2899	174	0
2900	201	0
2901	174	0
2902	184	0
2903	200	0
2904	196	0
2905	188	0
2906	197	0
2907	197	0
2908	185	0
2909	192	0
2910	205	0
2911	195	0
2912	186	0
2913	206	0
2914	178	0
2915	208	0
2916	226	0
2917	209	0
2918	215	0
2919	176	0
2920	194	0
2921	185	0
2922	208	0
2923	190	0
2924	212	0
2925	195	0
2926	207	0
2927	207	0
2928	191	0
2929	194	0
2930	208	0
2931	191	0
2932	226	0
2933	220	0
2934	179	0
2935	164	0
2936	196	0
2937	199	0
2938	201	0
2939	186	0
2940	200	0
2941	207	0
2942	189	0
2943	184	0
2944	197	0
2945	192	0
2946	201	0
2947	202	0
2948	199	0
2949	205	0
2950	237	0
2951	210	0
2952	194	0
2953	187	0
2954	185	0
2955	213	0
2956	201	0
2957	182	0
2958	216	0
2959	198	0
2960	191	0
2961	192	0
2962	203	0
2963	177	0
2964	199	0
2965	178	0
2966	202	0
2967	207	0
2968	199	0
2969	192	0
2970	197	0
2971	207	0
2972	196	0
2973	184	0
2974	197	0
2975	197	0
2976	211	0
2977	189	0
2978	190	0
2979	176	0
2980	205	0
2981	197	0
2982	195	0
2983	190	0
2984	198	0
2985	176	0
2986	194	0
2987	200	0
2988	201	0
2989	185	0
2990	195	0
2991	176	0
2992	194	0
2993	231	0
2994	211	0
2995	203	0
2996	195	0
2997	198	0
2998	213	0
2999	209	0
3000	185	0
