1	203	0
2	189	0
3	209	0
4	191	0
5	176	0
6	208	0
7	234	0
8	198	0
9	202	0
10	197	0
11	208	0
12	212	0
13	201	0
14	206	0
15	207	0
16	197	0
17	200	0
18	195	0
19	210	0
20	210	0
21	229	0
22	207	0
23	185	0
24	225	0
25	209	0
26	200	0
27	187	0
28	215	0
29	225	0
30	186	0
31	202	0
32	207	0
33	192	0
34	192	0
35	244	0
36	204	0
37	206	0
38	193	0
39	185	0
40	206	0
41	205	0
42	181	0
43	212	0
44	198	0
45	212	0
46	207	0
47	228	0
48	213	0
49	186	0
50	191	0
51	162	0
52	232	0
53	207	0
54	194	0
55	210	0
56	213	0
57	188	0
58	180	0
59	227	0
60	221	0
61	201	0
62	205	0
63	199	0
64	186	0
65	190	0
66	211	0
67	203	0
68	185	0
69	205	0
70	217	0
71	216	0
72	205	0
73	218	0
74	186	0
75	202	0
76	206	0
77	197	0
78	207	0
79	198	0
80	224	0
81	214	0
82	214	0
83	180	0
84	192	0
85	210	0
86	195	0
87	222	0
88	207	0
89	199	0
90	196	0
91	203	0
92	185	0
93	232	0
94	208	0
95	215	0
96	197	0
97	189	0
98	204	0
99	205	0
100	201	0
101	203	0
102	221	0
103	193	0
104	210	0
105	212	0
106	191	0
107	217	0
108	189	0
109	198	0
110	189	0
111	179	0
112	184	0
113	198	0
114	210	0
115	209	0
116	229	0
117	223	0
118	182	0
119	218	0
120	190	0
121	200	0
122	184	0
123	192	0
124	183	0
125	210	0
126	184	0
127	195	0
128	202	0
129	203	0
130	195	0
131	229	0
132	205	0
133	233	0
134	192	0
135	203	0
136	215	0
137	200	0
138	224	0
139	183	0
140	200	0
141	191	0
142	190	0
143	204	0
144	209	0
145	194	0
146	243	0
147	207	0
148	216	0
149	184	0
150	201	0
151	215	0
152	210	0
153	198	0
154	217	0
155	199	0
156	212	0
157	190	0
158	189	0
159	216	0
160	204	0
161	193	0
162	193	0
163	185	0
164	208	0
165	225	0
166	229	0
167	214	0
168	208	0
169	185	0
170	207	0
171	222	0
172	213	0
173	208	0
174	207	0
175	203	0
176	194	0
177	182	0
178	217	0
179	191	0
180	230	0
181	192	0
182	217	0
183	202	0
184	220	0
185	183	0
186	187	0
187	203	0
188	220	0
189	186	0
190	210	0
191	224	0
192	207	0
193	198	0
194	182	0
195	214	0
196	217	0
197	193	0
198	201	0
199	207	0
200	230	0
201	204	0
202	206	0
203	220	0
204	187	0
205	181	0
206	229	0
207	215	0
208	220	0
209	194	0
210	195	0
211	197	0
212	228	0
213	213	0
214	203	0
215	178	0
216	207	0
217	210	0
218	195	0
219	188	0
220	222	0
221	190	0
222	197	0
223	225	0
224	215	0
225	187	0
226	199	0
227	202	0
228	200	0
229	191	0
230	209	0
231	230	0
232	199	0
233	224	0
234	182	0
235	215	0
236	214	0
237	204	0
238	186	0
239	200	0
240	199	0
241	228	0
242	214	0
243	199	0
244	194	0
245	214	0
246	186	0
247	189	0
248	187	0
249	205	0
250	210	0
251	199	0
252	216	0
253	204	0
254	188	0
255	208	0
256	197	0
257	209	0
258	175	0
259	182	0
260	191	0
261	207	0
262	194	0
263	225	0
264	183	0
265	211	0
266	179	0
267	213	0
268	198	0
269	207	0
270	211	0
271	210	0
272	213	0
273	208	0
274	196	0
275	193	0
276	222	0
277	211	0
278	189	0
279	202	0
280	231	0
281	213	0
282	185	0
283	198	0
284	229	0
285	176	0
286	208	0
287	194	0
288	225	0
289	213	0
290	220	0
291	197	0
292	208	0
293	201	0
294	197	0
295	221	0
296	185	0
297	208	0
298	181	0
299	189	0
300	204	0
301	165	0
302	220	0
303	184	0
304	210	0
305	217	0
306	209	0
307	205	0
308	186	0
309	227	0
310	195	0
311	171	0
312	193	0
313	222	0
314	173	0
315	240	0
316	220	0
317	193	0
318	203	0
319	212	0
320	182	0
321	231	0
322	193	0
323	208	0
324	196	0
325	218	0
326	199	0
327	186	0
328	205	0
329	184	0
330	217	0
331	189	0
332	208	0
333	211	0
334	191	0
335	210	0
336	188	0
337	206	0
338	217	0
339	189	0
340	197	0
341	212	0
342	211	0
343	185	0
344	203	0
345	213	0
346	228	0
347	199	0
348	212	0
349	188	0
350	185	0
351	218	0
352	191	0
353	198	0
354	204	0
355	220	0
356	201	0
357	179	0
358	211	0
359	207	0
360	213	0
361	214	0
362	220	0
363	197	0
364	197	0
365	234	0
366	181	0
367	169	0
368	204	0
369	202	0
370	216	0
371	192	0
372	189	0
373	185	0
374	237	0
375	225	0
376	204	0
377	195	0
378	196	0
379	193	0
380	197	0
381	217	0
382	213	0
383	230	0
384	231	0
385	195	0
386	197	0
387	194	0
388	203	0
389	200	0
390	199	0
391	184	0
392	215	0
393	184	0
394	205	0
395	194	0
396	225	0
397	191	0
398	233	0
399	198	0
400	215	0
401	217	0
402	211	0
403	176	0
404	220	0
405	195	0
406	220	0
407	200	0
408	216	0
409	221	0
410	193	0
411	204	0
412	183	0
413	193	0
414	198	0
415	186	0
416	184	0
417	209	0
418	202	0
419	199	0
420	203	0
421	192	0
422	208	0
423	210	0
424	197	0
425	186	0
426	209	0
427	229	0
428	215	0
429	201	0
430	181	0
431	188	0
432	198	0
433	205	0
434	218	0
435	211	0
436	200	0
437	240	0
438	176	0
439	193	0
440	207	0
441	214	0
442	190	0
443	199	0
444	210	0
445	197	0
446	183	0
447	182	0
448	223	0
449	239	0
450	221	0
451	212	0
452	235	0
453	226	0
454	226	0
455	198	0
456	212	0
457	191	0
458	213	0
459	223	0
460	244	0
461	198	0
462	181	0
463	218	0
464	204	0
465	206	0
466	168	0
467	207	0
468	206	0
469	229	0
470	203	0
471	208	0
472	202	0
473	204	0
474	192	0
475	202	0
476	165	0
477	212	0
478	190	0
479	194	0
480	213	0
481	197	0
482	171	0
483	185	0
484	192	0
485	204	0
486	229	0
487	232	0
488	200	0
489	219	0
490	211	0
491	190	0
492	194	0
493	189	0
494	211	0
495	220	0
496	189	0
497	207	0
498	185	0
499	229	0
500	217	0
501	197	0
502	219	0
503	218	0
504	212	0
505	200	0
506	200	0
507	197	0
508	208	0
509	192	0
510	195	0
511	195	0
512	214	0
513	195	0
514	170	0
515	220	0
516	187	0
517	205	0
518	172	0
519	197	0
520	191	0
521	202	0
522	207	0
523	213	0
524	198	0
525	183	0
526	207	0
527	202	0
528	206	0
529	181	0
530	201	0
531	224	0
532	193	0
533	211	0
534	201	0
535	213	0
536	185	0
537	201	0
538	207	0
539	224	0
540	206	0
541	186	0
542	210	0
543	210	0
544	180	0
545	198	0
546	229	0
547	198	0
548	193	0
549	198	0
550	194	0
551	215	0
552	216	0
553	185	0
554	199	0
555	200	0
556	202	0
557	229	0
558	218	0
559	206	0
560	179	0
561	198	0
562	200	0
563	181	0
564	197	0
565	198	0
566	219	0
567	195	0
568	207	0
569	178	0
570	242	0
571	231	0
572	201	0
573	199	0
574	200	0
575	215	0
576	211	0
577	207	0
578	207	0
579	178	0
580	206	0
581	198	0
582	199	0
583	189	0
584	217	0
585	225	0
586	191	0
587	225	0
588	181	0
589	208	0
590	191	0
591	225	0
592	195	0
593	221	0
594	166	0
595	215	0
596	194	0
597	200	0
598	204	0
599	206	0
600	190	0
601	199	0
602	216	0
603	244	0
604	202	0
605	198	0
606	203	0
607	227	0
608	202	0
609	201	0
610	191	0
611	218	0
612	204	0
613	205	0
614	196	0
615	196	0
616	195	0
617	201	0
618	221	0
619	219	0
620	190	0
621	198	0
622	199	0
623	209	0
624	178	0
625	172	0
626	212	0
627	193	0
628	209	0
629	204	0
630	212	0
631	205	0
632	190	0
633	228	0
634	212	0
635	184	0
636	220	0
637	181	0
638	222	0
639	212	0
640	197	0
641	199	0
642	198	0
643	246	0
644	210	0
645	214	0
646	181	0
647	221	0
648	199	0
649	220	0
650	199	0
651	189	0
652	201	0
653	183	0
654	201	0
655	179	0
656	208	0
657	190	0
658	176	0
659	187	0
660	192	0
661	194	0
662	169	0
663	214	0
664	218	0
665	207	0
666	221	0
667	216	0
668	189	0
669	207	0
670	200	0
671	192	0
672	201	0
673	193	0
674	202	0
675	194	0
676	231	0
677	178	0
678	232	0
679	220	0
680	214	0
681	238	0
682	201	0
683	211	0
684	187	0
685	197	0
686	206	0
687	181	0
688	174	0
689	193	0
690	206	0
691	202	0
692	202	0
693	171	0
694	191	0
695	208	0
696	208	0
697	211	0
698	219	0
699	224	0
700	199	0
701	208	0
702	191	0
703	199	0
704	195	0
705	199	0
706	208	0
707	191	0
708	212	0
709	201	0
710	165	0
711	199	0
712	205	0
713	207	0
714	196	0
715	176	0
716	198	0
717	190	0
718	211	0
719	166	0
720	229	0
721	210	0
722	186	0
723	202	0
724	205	0
725	212	0
726	226	0
727	171	0
728	185	0
729	195	0
730	224	0
731	210	0
732	214	0
733	202	0
734	211	0
735	216	0
736	204	0
737	214	0
738	188	0
739	197	0
740	221	0
741	201	0
742	178	0
743	216	0
744	212	0
745	190	0
746	218	0
747	191	0
748	191	0
749	205	0
750	208	0
751	197	0
752	194	0
753	188	0
754	216	0
755	176	0
756	208	0
757	216	0
758	200	0
759	202	0
760	228	0
761	200	0
762	211	0
763	201	0
764	217	0
765	212	0
766	173	0
767	228	0
768	174	0
769	195	0
770	190	0
771	208	0
772	192	0
773	202	0
774	237	0
775	184	0
776	223	0
777	189	0
778	187	0
779	224	0
780	194	0
781	222	0
782	195	0
783	203	0
784	207	0
785	185	0
786	260	0
787	217	0
788	199	0
789	226	0
790	217	0
791	211	0
792	217	0
793	197	0
794	173	0
795	187	0
796	208	0
797	214	0
798	182	0
799	217	0
800	219	0
801	210	0
802	188	0
803	198	0
804	191	0
805	183	0
806	170	0
807	197	0
808	199	0
809	181	0
810	239	0
811	206	0
812	230	0
813	196	0
814	217	0
815	212	0
816	200	0
817	210	0
818	158	0
819	206	0
820	229	0
821	228	0
822	198	0
823	208	0
824	205	0
825	218	0
826	203	0
827	209	0
828	205	0
829	198	0
830	207	0
831	196	0
832	174	0
833	212	0
834	216	0
835	203	0
836	224	0
837	191	0
838	210	0
839	197	0
840	181	0
841	221	0
842	224	0
843	203	0
844	206	0
845	177	0
846	217	0
847	203	0
848	199	0
849	176	0
850	172	0
851	194	0
852	190	0
853	205	0
854	216	0
855	205	0
856	199	0
857	182	0
858	177	0
859	230	0
860	221	0
861	202	0
862	213	0
863	218	0
864	188	0
865	201	0
866	193	0
867	216	0
868	197	0
869	175	0
870	215	0
871	197	0
872	207	0
873	209	0
874	199	0
875	229	0
876	180	0
877	188	0
878	213	0
879	209	0
880	205	0
881	212	0
882	220	0
883	217	0
884	191	0
885	206	0
886	217	0
887	189	0
888	167	0
889	185	0
890	195	0
891	214	0
892	231	0
893	191	0
894	201	0
895	209	0
896	201	0
897	201	0
898	183	0
899	234	0
900	201	0
901	196	0
902	185	0
903	239	0
904	210	0
905	185	0
906	214	0
907	189	0
908	197	0
909	199	0
910	204	0
911	215	0
912	235	0
913	223	0
914	194	0
915	198	0
916	189	0
917	184	0
918	222	0
919	203	0
920	182	0
921	161	0
922	221	0
923	199	0
924	218	0
925	192	0
926	186	0
927	204	0
928	211	0
929	201	0
930	209	0
931	212	0
932	216	0
933	206	0
934	191	0
935	192	0
936	216	0
937	195	0
938	214	0
939	186	0
940	219	0
941	202	0
942	175	0
943	217	0
944	216	0
945	208	0
946	212	0
947	223	0
948	196	0
949	185	0
950	216	0
951	233	0
952	209	0
953	210	0
954	214	0
955	185	0
956	189	0
957	212	0
958	204	0
959	200	0
960	201	0
961	228	0
962	191	0
963	203	0
964	198	0
965	183	0
966	186	0
967	194	0
968	205	0
969	180	0
970	187	0
971	213	0
972	214	0
973	194	0
974	213	0
975	194	0
976	198	0
977	212	0
978	219	0
979	192	0
980	201	0
981	202	0
982	205	0
983	208	0
984	206	0
985	190	0
986	209	0
987	197	0
988	198	0
989	187	0
990	193	0
991	205	0
992	191	0
993	199	0
994	214	0
995	210	0
996	195	0
997	204	0
998	225	0
999	201	0
1000	207	0
1001	201	0
1002	198	0
1003	206	0
1004	191	0
1005	217	0
1006	185	0
1007	209	0
1008	185	0
1009	222	0
1010	190	0
1011	196	0
1012	208	0
1013	202	0
1014	204	0
1015	212	0
1016	213	0
1017	198	0
1018	201	0
1019	188	0
1020	241	0
1021	209	0
1022	194	0
1023	197	0
1024	184	0
1025	214	0
1026	231	0
1027	172	0
1028	217	0
1029	216	0
1030	190	0
1031	207	0
1032	228	0
1033	185	0
1034	212	0
1035	232	0
1036	201	0
1037	192	0
1038	181	0
1039	202	0
1040	186	0
1041	224	0
1042	211	0
1043	195	0
1044	192	0
1045	194	0
1046	204	0
1047	194	0
1048	201	0
1049	215	0
1050	192	0
1051	203	0
1052	238	0
1053	204	0
1054	223	0
1055	224	0
1056	193	0
1057	198	0
1058	207	0
1059	196	0
1060	212	0
1061	193	0
1062	215	0
1063	196	0
1064	201	0
1065	192	0
1066	191	0
1067	193	0
1068	218	0
1069	196	0
1070	187	0
1071	197	0
1072	187	0
1073	231	0
1074	207	0
1075	196	0
1076	188	0
1077	185	0
1078	212	0
1079	185	0
1080	204	0
1081	190	0
1082	190	0
1083	190	0
1084	235	0
1085	190	0
1086	184	0
1087	212	0
1088	225	0
1089	213	0
1090	188	0
1091	218	0
1092	189	0
1093	219	0
1094	193	0
1095	200	0
1096	189	0
1097	209	0
1098	216	0
1099	215	0
1100	194	0
1101	177	0
1102	203	0
1103	187	0
1104	197	0
1105	179	0
1106	212	0
1107	210	0
1108	204	0
1109	221	0
1110	168	0
1111	227	0
1112	224	0
1113	222	0
1114	221	0
1115	218	0
1116	230	0
1117	214	0
1118	206	0
1119	194	0
1120	194	0
1121	181	0
1122	214	0
1123	186	0
1124	216	0
1125	202	0
1126	205	0
1127	204	0
1128	204	0
1129	199	0
1130	202	0
1131	189	0
1132	211	0
1133	200	0
1134	208	0
1135	206	0
1136	194	0
1137	223	0
1138	210	0
1139	197	0
1140	184	0
1141	173	0
1142	210	0
1143	202	0
1144	193	0
1145	194	0
1146	221	0
1147	221	0
1148	209	0
1149	201	0
1150	205	0
1151	191	0
1152	197	0
1153	215	0
1154	234	0
1155	211	0
1156	205	0
1157	213	0
1158	206	0
1159	207	0
1160	211	0
1161	166	0
1162	215	0
1163	218	0
1164	203	0
1165	200	0
1166	198	0
1167	193	0
1168	236	0
1169	210	0
1170	212	0
1171	210	0
1172	206	0
1173	204	0
1174	221	0
1175	209	0
1176	169	0
1177	223	0
1178	190	0
1179	202	0
1180	219	0
1181	209	0
1182	225	0
1183	188	0
1184	208	0
1185	220	0
1186	201	0
1187	200	0
1188	196	0
1189	211	0
1190	198	0
1191	199	0
1192	197	0
1193	205	0
1194	202	0
1195	193	0
1196	200	0
1197	215	0
1198	193	0
1199	197	0
1200	199	0
1201	208	0
1202	192	0
1203	180	0
1204	215	0
1205	197	0
1206	188	0
1207	197	0
1208	196	0
1209	228	0
1210	232	0
1211	220	0
1212	214	0
1213	205	0
1214	214	0
1215	196	0
1216	183	0
1217	183	0
1218	169	0
1219	223	0
1220	220	0
1221	203	0
1222	212	0
1223	218	0
1224	220	0
1225	174	0
1226	224	0
1227	197	0
1228	205	0
1229	224	0
1230	193	0
1231	189	0
1232	197	0
1233	204	0
1234	216	0
1235	194	0
1236	201	0
1237	224	0
1238	196	0
1239	211	0
1240	186	0
1241	205	0
1242	234	0
1243	190	0
1244	197	0
1245	229	0
1246	198	0
1247	212	0
1248	218	0
1249	198	0
1250	210	0
1251	182	0
1252	219	0
1253	203	0
1254	188	0
1255	202	0
1256	196	0
1257	207	0
1258	203	0
1259	200	0
1260	213	0
1261	178	0
1262	212	0
1263	208	0
1264	186	0
1265	179	0
1266	221	0
1267	203	0
1268	214	0
1269	203	0
1270	201	0
1271	179	0
1272	188	0
1273	208	0
1274	194	0
1275	217	0
1276	193	0
1277	204	0
1278	236	0
1279	238	0
1280	205	0
1281	179	0
1282	210	0
1283	198	0
1284	220	0
1285	192	0
1286	214	0
1287	207	0
1288	217	0
1289	226	0
1290	206	0
1291	217	0
1292	205	0
1293	188	0
1294	168	0
1295	210	0
1296	205	0
1297	190	0
1298	213	0
1299	213	0
1300	188	0
1301	222	0
1302	208	0
1303	215	0
1304	201	0
1305	200	0
1306	193	0
1307	196	0
1308	206	0
1309	190	0
1310	225	0
1311	214	0
1312	202	0
1313	207	0
1314	167	0
1315	221	0
1316	189	0
1317	219	0
1318	212	0
1319	213	0
1320	229	0
1321	219	0
1322	221	0
1323	197	0
1324	174	0
1325	201	0
1326	203	0
1327	197	0
1328	200	0
1329	221	0
1330	201	0
1331	185	0
1332	199	0
1333	235	0
1334	177	0
1335	215	0
1336	229	0
1337	189	0
1338	204	0
1339	202	0
1340	199	0
1341	224	0
1342	211	0
1343	211	0
1344	185	0
1345	201	0
1346	194	0
1347	178	0
1348	195	0
1349	188	0
1350	214	0
1351	217	0
1352	205	0
1353	195	0
1354	189	0
1355	209	0
1356	182	0
1357	176	0
1358	200	0
1359	189	0
1360	187	0
1361	210	0
1362	221	0
1363	219	0
1364	206	0
1365	205	0
1366	203	0
1367	213	0
1368	187	0
1369	195	0
1370	205	0
1371	196	0
1372	210	0
1373	199	0
1374	200	0
1375	193	0
1376	210	0
1377	180	0
1378	208	0
1379	218	0
1380	182	0
1381	216	0
1382	186	0
1383	219	0
1384	188	0
1385	207	0
1386	190	0
1387	170	0
1388	212	0
1389	195	0
1390	202	0
1391	211	0
1392	219	0
1393	190	0
1394	199	0
1395	200	0
1396	217	0
1397	200	0
1398	231	0
1399	220	0
1400	212	0
1401	183	0
1402	183	0
1403	218	0
1404	224	0
1405	190	0
1406	214	0
1407	223	0
1408	197	0
1409	215	0
1410	227	0
1411	223	0
1412	214	0
1413	197	0
1414	224	0
1415	188	0
1416	204	0
1417	193	0
1418	204	0
1419	215	0
1420	198	0
1421	202	0
1422	205	0
1423	223	0
1424	193	0
1425	226	0
1426	190	0
1427	228	0
1428	191	0
1429	206	0
1430	200	0
1431	213	0
1432	195	0
1433	197	0
1434	213	0
1435	213	0
1436	202	0
1437	200	0
1438	196	0
1439	214	0
1440	216	0
1441	207	0
1442	213	0
1443	206	0
1444	193	0
1445	210	0
1446	213	0
1447	231	0
1448	219	0
1449	219	0
1450	213	0
1451	199	0
1452	223	0
1453	190	0
1454	212	0
1455	197	0
1456	204	0
1457	187	0
1458	214	0
1459	215	0
1460	215	0
1461	210	0
1462	212	0
1463	212	0
1464	196	0
1465	197	0
1466	209	0
1467	182	0
1468	209	0
1469	180	0
1470	231	0
1471	190	0
1472	202	0
1473	204	0
1474	183	0
1475	197	0
1476	195	0
1477	200	0
1478	206	0
1479	219	0
1480	218	0
1481	194	0
1482	184	0
1483	205	0
1484	210	0
1485	204	0
1486	189	0
1487	220	0
1488	188	0
1489	213	0
1490	212	0
1491	201	0
1492	214	0
1493	212	0
1494	221	0
1495	174	0
1496	173	0
1497	185	0
1498	223	0
1499	212	0
1500	209	0
1501	210	0
1502	193	0
1503	213	0
1504	187	0
1505	203	0
1506	196	0
1507	178	0
1508	202	0
1509	200	0
1510	184	0
1511	199	0
1512	194	0
1513	212	0
1514	184	0
1515	206	0
1516	191	0
1517	209	0
1518	219	0
1519	188	0
1520	207	0
1521	199	0
1522	226	0
1523	205	0
1524	197	0
1525	194	0
1526	209	0
1527	204	0
1528	206	0
1529	192	0
1530	195	0
1531	196	0
1532	207	0
1533	212	0
1534	204	0
1535	208	0
1536	195	0
1537	204	0
1538	205	0
1539	194	0
1540	209	0
1541	201	0
1542	232	0
1543	196	0
1544	228	0
1545	191	0
1546	191	0
1547	204	0
1548	208	0
1549	186	0
1550	221	0
1551	209	0
1552	230	0
1553	190	0
1554	254	0
1555	204	0
1556	183	0
1557	222	0
1558	206	0
1559	194	0
1560	232	0
1561	193	0
1562	211	0
1563	211	0
1564	206	0
1565	187	0
1566	186	0
1567	224	0
1568	212	0
1569	211	0
1570	195	0
1571	224	0
1572	210	0
1573	200	0
1574	183	0
1575	178	0
1576	205	0
1577	215	0
1578	208	0
1579	192	0
1580	233	0
1581	232	0
1582	201	0
1583	185	0
1584	256	0
1585	191	0
1586	196	0
1587	225	0
1588	220	0
1589	178	0
1590	218	0
1591	200	0
1592	184	0
1593	197	0
1594	203	0
1595	202	0
1596	231	0
1597	201	0
1598	201	0
1599	187	0
1600	200	0
1601	204	0
1602	189	0
1603	183	0
1604	232	0
1605	199	0
1606	215	0
1607	217	0
1608	203	0
1609	231	0
1610	215	0
1611	218	0
1612	200	0
1613	208	0
1614	230	0
1615	178	0
1616	214	0
1617	196	0
1618	160	0
1619	198	0
1620	202	0
1621	185	0
1622	196	0
1623	206	0
1624	209	0
1625	177	0
1626	197	0
1627	207	0
1628	195	0
1629	214	0
1630	194	0
1631	195	0
1632	212	0
1633	209	0
1634	211	0
1635	202	0
1636	169	0
1637	194	0
1638	201	0
1639	182	0
1640	205	0
1641	201	0
1642	183	0
1643	182	0
1644	240	0
1645	180	0
1646	200	0
1647	218	0
1648	226	0
1649	203	0
1650	206	0
1651	214	0
1652	186	0
1653	166	0
1654	189	0
1655	202	0
1656	201	0
1657	189	0
1658	203	0
1659	177	0
1660	219	0
1661	205	0
1662	228	0
1663	176	0
1664	235	0
1665	190	0
1666	202	0
1667	196	0
1668	196	0
1669	188	0
1670	223	0
1671	219	0
1672	193	0
1673	194	0
1674	214	0
1675	206	0
1676	212	0
1677	192	0
1678	212	0
1679	204	0
1680	209	0
1681	229	0
1682	217	0
1683	198	0
1684	205	0
1685	203	0
1686	207	0
1687	174	0
1688	217	0
1689	208	0
1690	189	0
1691	183	0
1692	218	0
1693	171	0
1694	156	0
1695	196	0
1696	176	0
1697	187	0
1698	231	0
1699	190	0
1700	177	0
1701	225	0
1702	187	0
1703	204	0
1704	170	0
1705	195	0
1706	201	0
1707	223	0
1708	212	0
1709	202	0
1710	179	0
1711	198	0
1712	199	0
1713	196	0
1714	217	0
1715	229	0
1716	182	0
1717	203	0
1718	187	0
1719	163	0
1720	196	0
1721	189	0
1722	214	0
1723	205	0
1724	198	0
1725	197	0
1726	191	0
1727	196	0
1728	211	0
1729	208	0
1730	214	0
1731	183	0
1732	231	0
1733	173	0
1734	199	0
1735	213	0
1736	223	0
1737	205	0
1738	224	0
1739	181	0
1740	206	0
1741	204	0
1742	184	0
1743	186	0
1744	202	0
1745	202	0
1746	209	0
1747	237	0
1748	194	0
1749	215	0
1750	206	0
1751	196	0
1752	191	0
1753	210	0
1754	219	0
1755	210	0
1756	198	0
1757	213	0
1758	172	0
1759	212	0
1760	196	0
1761	224	0
1762	199	0
1763	205	0
1764	220	0
1765	219	0
1766	194	0
1767	216	0
1768	211	0
1769	190	0
1770	227	0
1771	211	0
1772	212	0
1773	203	0
1774	198	0
1775	193	0
1776	213	0
1777	211	0
1778	204	0
1779	208	0
1780	220	0
1781	209	0
1782	205	0
1783	204	0
1784	194	0
1785	202	0
1786	209	0
1787	232	0
1788	194	0
1789	222	0
1790	208	0
1791	230	0
1792	208	0
1793	191	0
1794	212	0
1795	235	0
1796	201	0
1797	211	0
1798	229	0
1799	198	0
1800	179	0
1801	207	0
1802	188	0
1803	215	0
1804	207	0
1805	189	0
1806	175	0
1807	207	0
1808	208	0
1809	195	0
1810	179	0
1811	175	0
1812	222	0
1813	182	0
1814	205	0
1815	217	0
1816	194	0
1817	199	0
1818	189	0
1819	186	0
1820	216	0
1821	223	0
1822	216	0
1823	207	0
1824	219	0
1825	191	0
1826	210	0
1827	212	0
1828	213	0
1829	210	0
1830	227	0
1831	179	0
1832	181	0
1833	211	0
1834	219	0
1835	213	0
1836	196	0
1837	201	0
1838	191	0
1839	207	0
1840	186	0
1841	195	0
1842	193	0
1843	185	0
1844	214	0
1845	183	0
1846	197	0
1847	217	0
1848	227	0
1849	197	0
1850	187	0
1851	188	0
1852	191	0
1853	216	0
1854	211	0
1855	242	0
1856	197	0
1857	179	0
1858	195	0
1859	203	0
1860	209	0
1861	231	0
1862	197	0
1863	211	0
1864	210	0
1865	219	0
1866	211	0
1867	197	0
1868	199	0
1869	198	0
1870	207	0
1871	197	0
1872	222	0
1873	215	0
1874	180	0
1875	195	0
1876	194	0
1877	205	0
1878	213	0
1879	209	0
1880	179	0
1881	200	0
1882	198	0
1883	221	0
1884	197	0
1885	220	0
1886	185	0
1887	212	0
1888	193	0
1889	196	0
1890	188	0
1891	230	0
1892	195	0
1893	205	0
1894	202	0
1895	218	0
1896	218	0
1897	213	0
1898	226	0
1899	212	0
1900	197	0
1901	220	0
1902	193	0
1903	223	0
1904	209	0
1905	197	0
1906	186	0
1907	212	0
1908	186	0
1909	221	0
1910	236	0
1911	201	0
1912	211	0
1913	211	0
1914	207	0
1915	222	0
1916	195	0
1917	204	0
1918	211	0
1919	228	0
1920	193	0
1921	190	0
1922	189	0
1923	207	0
1924	209	0
1925	198	0
1926	194	0
1927	198	0
1928	182	0
1929	193	0
1930	208	0
1931	210	0
1932	238	0
1933	206	0
1934	204	0
1935	212	0
1936	207	0
1937	217	0
1938	189	0
1939	206	0
1940	224	0
1941	162	0
1942	213	0
1943	200	0
1944	188	0
1945	194	0
1946	181	0
1947	182	0
1948	201	0
1949	216	0
1950	213	0
1951	198	0
1952	211	0
1953	209	0
1954	186	0
1955	187	0
1956	201	0
1957	212	0
1958	176	0
1959	190	0
1960	191	0
1961	191	0
1962	219	0
1963	212	0
1964	197	0
1965	200	0
1966	203	0
1967	209	0
1968	198	0
1969	180	0
1970	219	0
1971	172	0
1972	199	0
1973	209	0
1974	179	0
1975	195	0
1976	204	0
1977	181	0
1978	181	0
1979	209	0
1980	209	0
1981	224	0
1982	198	0
1983	205	0
1984	185	0
1985	201	0
1986	201	0
1987	191	0
1988	211	0
1989	229	0
1990	215	0
1991	203	0
1992	216	0
1993	216	0
1994	177	0
1995	188	0
1996	207	0
1997	213	0
1998	196	0
1999	215	0
2000	239	0
2001	198	0
2002	208	0
2003	200	0
2004	180	0
2005	198	0
2006	200	0
2007	194	0
2008	202	0
2009	190	0
2010	199	0
2011	201	0
2012	214	0
2013	215	0
2014	216	0
2015	194	0
2016	200	0
2017	213	0
2018	212	0
2019	204	0
2020	221	0
2021	220	0
2022	196	0
2023	208	0
2024	214	0
2025	222	0
2026	206	0
2027	207	0
2028	205	0
2029	197	0
2030	213	0
2031	201	0
2032	176	0
2033	194	0
2034	211	0
2035	194	0
2036	195	0
2037	193	0
2038	208	0
2039	172	0
2040	192	0
2041	211	0
2042	210	0
2043	208	0
2044	176	0
2045	204	0
2046	221	0
2047	194	0
2048	235	0
2049	207	0
2050	181	0
2051	188	0
2052	196	0
2053	198	0
2054	198	0
2055	195	0
2056	195	0
2057	190	0
2058	203	0
2059	189	0
2060	232	0
2061	216	0
2062	195	0
2063	213	0
2064	189	0
2065	184	0
2066	198	0
2067	199	0
2068	204	0
2069	180	0
2070	222	0
2071	195	0
2072	208	0
2073	195	0
2074	208	0
2075	213	0
2076	209	0
2077	210	0
2078	209	0
2079	208	0
2080	198	0
2081	207	0
2082	197	0
2083	209	0
2084	186	0
2085	175	0
2086	217	0
2087	182	0
2088	220	0
2089	227	0
2090	203	0
2091	177	0
2092	230	0
2093	205	0
2094	219	0
2095	190	0
2096	198	0
2097	200	0
2098	205	0
2099	205	0
2100	193	0
2101	186	0
2102	206	0
2103	209	0
2104	177	0
2105	185	0
2106	211	0
2107	207	0
2108	202	0
2109	222	0
2110	210	0
2111	178	0
2112	207	0
2113	187	0
2114	215	0
2115	194	0
2116	211	0
2117	197	0
2118	205	0
2119	227	0
2120	244	0
2121	205	0
2122	219	0
2123	200	0
2124	187	0
2125	190	0
2126	207	0
2127	198	0
2128	195	0
2129	192	0
2130	192	0
2131	189	0
2132	193	0
2133	189	0
2134	213	0
2135	208	0
2136	195	0
2137	192	0
2138	219	0
2139	205	0
2140	209	0
2141	184	0
2142	228	0
2143	213	0
2144	199	0
2145	212	0
2146	221	0
2147	196	0
2148	180	0
2149	170	0
2150	189	0
2151	197	0
2152	202	0
2153	191	0
2154	197	0
2155	197	0
2156	211	0
2157	211	0
2158	188	0
2159	212	0
2160	213	0
2161	204	0
2162	218	0
2163	201	0
2164	235	0
2165	202	0
2166	197	0
2167	203	0
2168	191	0
2169	185	0
2170	192	0
2171	167	0
2172	221	0
2173	181	0
2174	211	0
2175	218	0
2176	187	0
2177	195	0
2178	192	0
2179	197	0
2180	183	0
2181	219	0
2182	206	0
2183	186	0
2184	203	0
2185	211	0
2186	187	0
2187	214	0
2188	205	0
2189	230	0
2190	192	0
2191	187	0
2192	193	0
2193	209	0
2194	195	0
2195	191	0
2196	199	0
2197	215	0
2198	217	0
2199	214	0
2200	168	0
2201	194	0
2202	210	0
2203	204	0
2204	201	0
2205	182	0
2206	194	0
2207	183	0
2208	189	0
2209	181	0
2210	210	0
2211	209	0
2212	202	0
2213	197	0
2214	202	0
2215	211	0
2216	192	0
2217	212	0
2218	207	0
2219	198	0
2220	185	0
2221	206	0
2222	211	0
2223	175	0
2224	231	0
2225	197	0
2226	174	0
2227	217	0
2228	224	0
2229	199	0
2230	186	0
2231	184	0
2232	176	0
2233	214	0
2234	178	0
2235	183	0
2236	229	0
2237	246	0
2238	205	0
2239	193	0
2240	254	0
2241	211	0
2242	216	0
2243	196	0
2244	213	0
2245	233	0
2246	191	0
2247	179	0
2248	197	0
2249	166	0
2250	229	0
2251	238	0
2252	187	0
2253	211	0
2254	189	0
2255	204	0
2256	163	0
2257	208	0
2258	181	0
2259	171	0
2260	200	0
2261	199	0
2262	191	0
2263	203	0
2264	234	0
2265	188	0
2266	205	0
2267	184	0
2268	225	0
2269	203	0
2270	160	0
2271	219	0
2272	208	0
2273	208	0
2274	168	0
2275	233	0
2276	217	0
2277	208	0
2278	233	0
2279	218	0
2280	188	0
2281	190	0
2282	208	0
2283	216	0
2284	178	0
2285	212	0
2286	226	0
2287	170	0
2288	192	0
2289	187	0
2290	204	0
2291	199	0
2292	224	0
2293	192	0
2294	195	0
2295	205	0
2296	203	0
2297	212	0
2298	201	0
2299	212	0
2300	209	0
2301	183	0
2302	212	0
2303	196	0
2304	192	0
2305	178	0
2306	202	0
2307	198	0
2308	210	0
2309	190	0
2310	191	0
2311	197	0
2312	190	0
2313	187	0
2314	212	0
2315	175	0
2316	204	0
2317	234	0
2318	191	0
2319	196	0
2320	223	0
2321	200	0
2322	193	0
2323	214	0
2324	191	0
2325	199	0
2326	208	0
2327	192	0
2328	190	0
2329	232	0
2330	216	0
2331	192	0
2332	191	0
2333	196	0
2334	190	0
2335	185	0
2336	182	0
2337	217	0
2338	228	0
2339	224	0
2340	193	0
2341	199	0
2342	222	0
2343	185	0
2344	189	0
2345	199	0
2346	188	0
2347	228	0
2348	182	0
2349	225	0
2350	217	0
2351	199	0
2352	196	0
2353	184	0
2354	200	0
2355	216	0
2356	226	0
2357	194	0
2358	185	0
2359	175	0
2360	195	0
2361	210	0
2362	196	0
2363	205	0
2364	212	0
2365	181	0
2366	226	0
2367	222	0
2368	206	0
2369	197	0
2370	238	0
2371	226	0
2372	193	0
2373	205	0
2374	189	0
2375	197	0
2376	235	0
2377	226	0
2378	209	0
2379	205	0
2380	211	0
2381	204	0
2382	226	0
2383	189	0
2384	184	0
2385	202	0
2386	207	0
2387	178	0
2388	199	0
2389	184	0
2390	210	0
2391	191	0
2392	197	0
2393	194	0
2394	198	0
2395	191	0
2396	166	0
2397	190	0
2398	185	0
2399	195	0
2400	195	0
2401	205	0
2402	207	0
2403	204	0
2404	185	0
2405	197	0
2406	192	0
2407	211	0
2408	207	0
2409	197	0
2410	210	0
2411	213	0
2412	206	0
2413	233	0
2414	194	0
2415	208	0
2416	197	0
2417	194	0
2418	224	0
2419	188	0
2420	187	0
2421	202	0
2422	207	0
2423	241	0
2424	201	0
2425	217	0
2426	211	0
2427	182	0
2428	215	0
2429	205	0
2430	205	0
2431	201	0
2432	212	0
2433	200	0
2434	209	0
2435	202	0
2436	221	0
2437	182	0
2438	183	0
2439	219	0
2440	208	0
2441	182	0
2442	177	0
2443	221	0
2444	187	0
2445	201	0
2446	194	0
2447	181	0
2448	213	0
2449	208	0
2450	211	0
2451	208	0
2452	190	0
2453	208	0
2454	214	0
2455	241	0
2456	218	0
2457	233	0
2458	186	0
2459	207	0
2460	212	0
2461	163	0
2462	186	0
2463	175	0
2464	207	0
2465	205	0
2466	179	0
2467	191	0
2468	197	0
2469	191	0
2470	199	0
2471	197	0
2472	194	0
2473	184	0
2474	185	0
2475	186	0
2476	215	0
2477	193	0
2478	224	0
2479	198	0
2480	222	0
2481	215	0
2482	185	0
2483	230	0
2484	187	0
2485	186	0
2486	221	0
2487	220	0
2488	197	0
2489	234	0
2490	192	0
2491	190	0
2492	173	0
2493	205	0
2494	210	0
2495	214	0
2496	212	0
2497	184	0
2498	209	0
2499	199	0
2500	187	0
2501	203	0
2502	186	0
2503	219	0
2504	209	0
2505	205	0
2506	187	0
2507	201	0
2508	195	0
2509	225	0
2510	195	0
2511	190	0
2512	221	0
2513	213	0
2514	208	0
2515	192	0
2516	221	0
2517	237	0
2518	226	0
2519	218	0
2520	201	0
2521	205	0
2522	207	0
2523	203	0
2524	197	0
2525	182	0
2526	203	0
2527	211	0
2528	195	0
2529	214	0
2530	211	0
2531	189	0
2532	209	0
2533	192	0
2534	193	0
2535	202	0
2536	210	0
2537	215	0
2538	203	0
2539	209	0
2540	233	0
2541	195	0
2542	203	0
2543	228	0
2544	200	0
2545	205	0
2546	196	0
2547	208	0
2548	213	0
2549	213	0
2550	209	0
2551	198	0
2552	209	0
2553	197	0
2554	213	0
2555	205	0
2556	191	0
2557	191	0
2558	231	0
2559	164	0
2560	227	0
2561	187	0
2562	207	0
2563	200	0
2564	207	0
2565	212	0
2566	191	0
2567	220	0
2568	203	0
2569	201	0
2570	190	0
2571	205	0
2572	188	0
2573	193	0
2574	182	0
2575	208	0
2576	224	0
2577	180	0
2578	214	0
2579	202	0
2580	218	0
2581	223	0
2582	186	0
2583	217	0
2584	209	0
2585	199	0
2586	213	0
2587	208	0
2588	196	0
2589	211	0
2590	179	0
2591	212	0
2592	202	0
2593	173	0
2594	193	0
2595	200	0
2596	196	0
2597	224	0
2598	200	0
2599	193	0
2600	219	0
2601	168	0
2602	207	0
2603	216	0
2604	232	0
2605	226	0
2606	188	0
2607	196	0
2608	196	0
2609	193	0
2610	186	0
2611	184	0
2612	213	0
2613	209	0
2614	211	0
2615	193	0
2616	209	0
2617	195	0
2618	197	0
2619	225	0
2620	196	0
2621	194	0
2622	207	0
2623	187	0
2624	189	0
2625	193	0
2626	198	0
2627	186	0
2628	172	0
2629	212	0
2630	214	0
2631	211	0
2632	204	0
2633	186	0
2634	171	0
2635	211	0
2636	209	0
2637	200	0
2638	198	0
2639	210	0
2640	216	0
2641	229	0
2642	215	0
2643	202	0
2644	182	0
2645	229	0
2646	204	0
2647	186	0
2648	166	0
2649	196	0
2650	192	0
2651	212	0
2652	176	0
2653	207	0
2654	197	0
2655	201	0
2656	185	0
2657	196	0
2658	169	0
2659	224	0
2660	184	0
2661	200	0
2662	205	0
2663	196	0
2664	194	0
2665	187	0
2666	204	0
2667	192	0
2668	183	0
2669	204	0
2670	196	0
2671	206	0
2672	217	0
2673	214	0
2674	193	0
2675	189	0
2676	217	0
2677	202	0
2678	229	0
2679	185	0
2680	193	0
2681	221	0
2682	207	0
2683	192	0
2684	178	0
2685	212	0
2686	210	0
2687	194	0
2688	194	0
2689	226	0
2690	187	0
2691	188	0
2692	202	0
2693	226	0
2694	210	0
2695	213	0
2696	195	0
2697	190	0
2698	218	0
2699	249	0
2700	207	0
2701	209	0
2702	186	0
2703	196	0
2704	200	0
2705	181	0
2706	216	0
2707	222	0
2708	228	0
2709	187	0
2710	199	0
2711	174	0
2712	185	0
2713	183	0
2714	187	0
2715	212	0
2716	215	0
2717	230	0
2718	216	0
2719	205	0
2720	203	0
2721	186	0
2722	202	0
2723	225	0
2724	212	0
2725	197	0
2726	186	0
2727	220	0
2728	226	0
2729	206	0
2730	186	0
2731	222	0
2732	215	0
2733	193	0
2734	204	0
2735	182	0
2736	202	0
2737	225	0
2738	172	0
2739	198	0
2740	195	0
2741	222	0
2742	209	0
2743	203	0
2744	190	0
2745	206	0
2746	210	0
2747	203	0
2748	202	0
2749	211	0
2750	217	0
2751	209	0
2752	187	0
2753	217	0
2754	198	0
2755	215	0
2756	184	0
2757	210	0
2758	214	0
2759	207	0
2760	171	0
2761	185	0
2762	221	0
2763	212	0
2764	228	0
2765	174	0
2766	197	0
2767	199	0
2768	198	0
2769	226	0
2770	225	0
2771	206	0
2772	202	0
2773	201	0
2774	214	0
2775	189	0
2776	200	0
2777	198	0
2778	213	0
2779	197	0
2780	212	0
2781	207	0
2782	195	0
2783	180	0
2784	207	0
2785	215	0
2786	227	0
2787	202	0
2788	216	0
2789	209	0
2790	185	0
2791	226	0
2792	227	0
2793	188	0
2794	194	0
2795	215	0
2796	218	0
2797	226	0
2798	204	0
2799	206	0
2800	216	0
2801	203	0
2802	190	0
2803	200	0
2804	180	0
2805	188	0
2806	206	0
2807	220	0
2808	212	0
2809	201	0
2810	185	0
2811	216	0
2812	192	0
2813	201	0
2814	201	0
2815	197	0
2816	186	0
2817	206	0
2818	188	0
2819	179	0
2820	206	0
2821	199	0
2822	207	0
2823	193	0
2824	205	0
2825	194	0
2826	220	0
2827	194	0
2828	199	0
2829	226	0
2830	212	0
2831	197	0
2832	211	0
2833	192	0
2834	209	0
2835	189	0
2836	197	0
2837	210	0
2838	191	0
2839	193	0
2840	190	0
2841	199	0
2842	207	0
2843	190	0
2844	197	0
2845	197	0
2846	208	0
2847	161	0
2848	217	0
2849	203	0
2850	183	0
2851	209	0
2852	208	0
2853	204	0
2854	228	0
2855	195	0
2856	209	0
2857	210	0
2858	224	0
2859	172	0
2860	213	0
2861	191	0
2862	228	0
2863	188	0
2864	194	0
2865	208	0
2866	205	0
2867	199	0
2868	212	0
2869	172	0
2870	212	0
2871	218	0
2872	188	0
2873	212	0
2874	187	0
2875	199	0
2876	218	0
2877	208	0
2878	200	0
2879	180	0
2880	178	0
2881	199	0
2882	210	0
2883	184	0
2884	211	0
2885	214	0
2886	214	0
2887	198	0
2888	185	0
2889	182	0
2890	192	0
2891	212	0
2892	185	0
2893	192	0
2894	204	0
2895	203	0
2896	222	0
2897	174	0
2898	187	0
2899	209	0
2900	213	0
2901	192	0
2902	202	0
2903	231	0
2904	207	0
2905	176	0
2906	189	0
2907	205	0
2908	219	0
2909	215	0
2910	185	0
2911	199	0
2912	214	0
2913	220	0
2914	170	0
2915	231	0
2916	186	0
2917	190	0
2918	214	0
2919	225	0
2920	171	0
2921	211	0
2922	204	0
2923	198	0
2924	208	0
2925	181	0
2926	203	0
2927	212	0
2928	215	0
2929	190	0
2930	181	0
2931	225	0
2932	175	0
2933	212	0
2934	180	0
2935	194	0
2936	193	0
2937	192	0
2938	213	0
2939	227	0
2940	208	0
2941	202	0
2942	224	0
2943	203	0
2944	221	0
2945	199	0
2946	222	0
2947	223	0
2948	219	0
2949	197	0
2950	208	0
2951	173	0
2952	200	0
2953	217	0
2954	221	0
2955	211	0
2956	207	0
2957	195	0
2958	211	0
2959	208	0
2960	202	0
2961	212	0
2962	201	0
2963	197	0
2964	211	0
2965	214	0
2966	216	0
2967	193	0
2968	211	0
2969	216	0
2970	219	0
2971	207	0
2972	183	0
2973	194	0
2974	207	0
2975	205	0
2976	222	0
2977	201	0
2978	208	0
2979	212	0
2980	221	0
2981	199	0
2982	207	0
2983	188	0
2984	213	0
2985	225	0
2986	206	0
2987	188	0
2988	209	0
2989	212	0
2990	205	0
2991	199	0
2992	194	0
2993	224	0
2994	205	0
2995	191	0
2996	219	0
2997	206	0
2998	216	0
2999	188	0
3000	196	0
