1	188	0
2	229	0
3	199	0
4	195	0
5	177	0
6	205	0
7	213	0
8	198	0
9	207	0
10	190	0
11	199	0
12	178	0
13	199	0
14	208	0
15	190	0
16	191	0
17	204	0
18	204	0
19	219	0
20	217	0
21	172	0
22	170	0
23	189	0
24	181	0
25	175	0
26	183	0
27	201	0
28	196	0
29	203	0
30	201	0
31	189	0
32	206	0
33	210	0
34	185	0
35	217	0
36	198	0
37	209	0
38	195	0
39	200	0
40	176	0
41	220	0
42	203	0
43	195	0
44	176	0
45	197	0
46	218	0
47	200	0
48	204	0
49	191	0
50	176	0
51	197	0
52	197	0
53	204	0
54	218	0
55	169	0
56	202	0
57	191	0
58	206	0
59	199	0
60	201	0
61	180	0
62	176	0
63	216	0
64	209	0
65	185	0
66	176	0
67	213	0
68	217	0
69	183	0
70	209	0
71	192	0
72	218	0
73	196	0
74	178	0
75	168	0
76	206	0
77	169	0
78	192	0
79	203	0
80	194	0
81	173	0
82	208	0
83	191	0
84	216	0
85	197	0
86	197	0
87	206	0
88	222	0
89	192	0
90	197	0
91	209	0
92	194	0
93	193	0
94	188	0
95	173	0
96	202	0
97	190	0
98	177	0
99	173	0
100	221	0
101	205	0
102	198	0
103	184	0
104	185	0
105	177	0
106	207	0
107	206	0
108	198	0
109	198	0
110	176	0
111	187	0
112	179	0
113	200	0
114	206	0
115	195	0
116	179	0
117	191	0
118	199	0
119	206	0
120	218	0
121	230	0
122	176	0
123	173	0
124	171	0
125	186	0
126	198	0
127	191	0
128	197	0
129	216	0
130	209	0
131	176	0
132	199	0
133	206	0
134	198	0
135	185	0
136	204	0
137	180	0
138	190	0
139	210	0
140	196	0
141	212	0
142	218	0
143	201	0
144	191	0
145	201	0
146	190	0
147	196	0
148	201	0
149	203	0
150	200	0
151	229	0
152	181	0
153	186	0
154	210	0
155	205	0
156	184	0
157	185	0
158	181	0
159	206	0
160	224	0
161	174	0
162	194	0
163	188	0
164	194	0
165	173	0
166	224	0
167	199	0
168	187	0
169	180	0
170	195	0
171	214	0
172	194	0
173	196	0
174	200	0
175	195	0
176	177	0
177	221	0
178	215	0
179	193	0
180	226	0
181	199	0
182	214	0
183	191	0
184	173	0
185	205	0
186	170	0
187	185	0
188	187	0
189	209	0
190	201	0
191	170	0
192	205	0
193	192	0
194	196	0
195	180	0
196	199	0
197	194	0
198	201	0
199	204	0
200	187	0
201	197	0
202	198	0
203	181	0
204	209	0
205	210	0
206	187	0
207	193	0
208	178	0
209	180	0
210	169	0
211	177	0
212	182	0
213	220	0
214	198	0
215	207	0
216	204	0
217	188	0
218	216	0
219	205	0
220	198	0
221	192	0
222	190	0
223	209	0
224	191	0
225	198	0
226	202	0
227	205	0
228	207	0
229	189	0
230	194	0
231	186	0
232	191	0
233	209	0
234	194	0
235	193	0
236	209	0
237	194	0
238	201	0
239	201	0
240	211	0
241	181	0
242	232	0
243	193	0
244	208	0
245	213	0
246	207	0
247	207	0
248	200	0
249	203	0
250	208	0
251	206	0
252	236	0
253	178	0
254	205	0
255	210	0
256	215	0
257	203	0
258	206	0
259	192	0
260	198	0
261	174	0
262	202	0
263	196	0
264	191	0
265	205	0
266	238	0
267	185	0
268	192	0
269	171	0
270	220	0
271	188	0
272	182	0
273	220	0
274	160	0
275	179	0
276	176	0
277	186	0
278	201	0
279	216	0
280	193	0
281	202	0
282	213	0
283	219	0
284	209	0
285	204	0
286	210	0
287	215	0
288	202	0
289	173	0
290	173	0
291	220	0
292	195	0
293	196	0
294	204	0
295	181	0
296	195	0
297	176	0
298	203	0
299	178	0
300	211	0
301	213	0
302	190	0
303	216	0
304	200	0
305	187	0
306	193	0
307	213	0
308	174	0
309	189	0
310	213	0
311	187	0
312	209	0
313	188	0
314	175	0
315	199	0
316	215	0
317	202	0
318	193	0
319	204	0
320	202	0
321	169	0
322	202	0
323	193	0
324	198	0
325	194	0
326	223	0
327	235	0
328	197	0
329	184	0
330	195	0
331	195	0
332	201	0
333	183	0
334	244	0
335	199	0
336	181	0
337	196	0
338	181	0
339	197	0
340	199	0
341	190	0
342	203	0
343	213	0
344	206	0
345	204	0
346	186	0
347	191	0
348	204	0
349	186	0
350	183	0
351	201	0
352	190	0
353	184	0
354	195	0
355	232	0
356	191	0
357	196	0
358	201	0
359	224	0
360	206	0
361	192	0
362	207	0
363	203	0
364	209	0
365	164	0
366	208	0
367	187	0
368	207	0
369	195	0
370	219	0
371	178	0
372	185	0
373	240	0
374	198	0
375	224	0
376	207	0
377	211	0
378	214	0
379	210	0
380	203	0
381	211	0
382	184	0
383	179	0
384	182	0
385	184	0
386	218	0
387	210	0
388	209	0
389	217	0
390	216	0
391	206	0
392	203	0
393	214	0
394	182	0
395	204	0
396	186	0
397	197	0
398	203	0
399	181	0
400	201	0
401	195	0
402	195	0
403	216	0
404	212	0
405	195	0
406	203	0
407	214	0
408	193	0
409	206	0
410	204	0
411	199	0
412	208	0
413	220	0
414	196	0
415	191	0
416	182	0
417	178	0
418	207	0
419	186	0
420	205	0
421	207	0
422	194	0
423	196	0
424	215	0
425	183	0
426	208	0
427	173	0
428	225	0
429	188	0
430	218	0
431	189	0
432	184	0
433	173	0
434	223	0
435	198	0
436	182	0
437	181	0
438	197	0
439	196	0
440	194	0
441	199	0
442	173	0
443	202	0
444	209	0
445	189	0
446	195	0
447	195	0
448	181	0
449	225	0
450	179	0
451	201	0
452	221	0
453	201	0
454	177	0
455	203	0
456	207	0
457	168	0
458	205	0
459	185	0
460	224	0
461	218	0
462	206	0
463	209	0
464	181	0
465	172	0
466	181	0
467	195	0
468	194	0
469	207	0
470	195	0
471	189	0
472	195	0
473	213	0
474	205	0
475	197	0
476	211	0
477	188	0
478	202	0
479	186	0
480	212	0
481	182	0
482	199	0
483	189	0
484	187	0
485	204	0
486	181	0
487	193	0
488	208	0
489	205	0
490	222	0
491	176	0
492	226	0
493	196	0
494	233	0
495	203	0
496	195	0
497	198	0
498	201	0
499	173	0
500	194	0
501	210	0
502	190	0
503	191	0
504	197	0
505	190	0
506	200	0
507	193	0
508	180	0
509	171	0
510	187	0
511	186	0
512	181	0
513	203	0
514	202	0
515	170	0
516	224	0
517	206	0
518	187	0
519	198	0
520	216	0
521	171	0
522	181	0
523	191	0
524	186	0
525	216	0
526	183	0
527	171	0
528	181	0
529	203	0
530	195	0
531	184	0
532	187	0
533	195	0
534	200	0
535	164	0
536	201	0
537	192	0
538	178	0
539	196	0
540	205	0
541	202	0
542	202	0
543	207	0
544	195	0
545	186	0
546	191	0
547	174	0
548	177	0
549	212	0
550	212	0
551	209	0
552	207	0
553	216	0
554	194	0
555	181	0
556	188	0
557	189	0
558	215	0
559	203	0
560	183	0
561	199	0
562	193	0
563	200	0
564	214	0
565	204	0
566	220	0
567	177	0
568	198	0
569	190	0
570	200	0
571	202	0
572	198	0
573	179	0
574	192	0
575	185	0
576	194	0
577	213	0
578	192	0
579	212	0
580	203	0
581	185	0
582	188	0
583	185	0
584	157	0
585	210	0
586	199	0
587	172	0
588	207	0
589	173	0
590	200	0
591	203	0
592	187	0
593	189	0
594	204	0
595	209	0
596	212	0
597	201	0
598	220	0
599	159	0
600	211	0
601	223	0
602	212	0
603	213	0
604	203	0
605	172	0
606	211	0
607	208	0
608	191	0
609	188	0
610	188	0
611	209	0
612	205	0
613	180	0
614	197	0
615	214	0
616	218	0
617	221	0
618	194	0
619	195	0
620	210	0
621	196	0
622	195	0
623	201	0
624	194	0
625	163	0
626	204	0
627	189	0
628	198	0
629	197	0
630	192	0
631	207	0
632	192	0
633	188	0
634	212	0
635	216	0
636	200	0
637	196	0
638	194	0
639	178	0
640	183	0
641	224	0
642	195	0
643	181	0
644	180	0
645	211	0
646	203	0
647	186	0
648	192	0
649	190	0
650	208	0
651	188	0
652	161	0
653	191	0
654	190	0
655	199	0
656	218	0
657	200	0
658	185	0
659	205	0
660	196	0
661	193	0
662	208	0
663	195	0
664	205	0
665	210	0
666	183	0
667	195	0
668	218	0
669	197	0
670	217	0
671	208	0
672	175	0
673	200	0
674	185	0
675	203	0
676	211	0
677	198	0
678	216	0
679	198	0
680	183	0
681	201	0
682	214	0
683	188	0
684	181	0
685	218	0
686	221	0
687	208	0
688	155	0
689	170	0
690	174	0
691	206	0
692	197	0
693	193	0
694	184	0
695	242	0
696	199	0
697	211	0
698	191	0
699	202	0
700	198	0
701	157	0
702	221	0
703	210	0
704	204	0
705	211	0
706	194	0
707	227	0
708	202	0
709	201	0
710	207	0
711	208	0
712	188	0
713	235	0
714	212	0
715	186	0
716	202	0
717	185	0
718	200	0
719	216	0
720	213	0
721	183	0
722	188	0
723	180	0
724	219	0
725	205	0
726	177	0
727	202	0
728	176	0
729	196	0
730	181	0
731	197	0
732	225	0
733	198	0
734	203	0
735	207	0
736	205	0
737	200	0
738	192	0
739	181	0
740	216	0
741	193	0
742	193	0
743	190	0
744	174	0
745	222	0
746	201	0
747	192	0
748	214	0
749	207	0
750	220	0
751	184	0
752	192	0
753	186	0
754	195	0
755	185	0
756	232	0
757	193	0
758	193	0
759	198	0
760	193	0
761	182	0
762	184	0
763	175	0
764	214	0
765	193	0
766	214	0
767	200	0
768	190	0
769	192	0
770	185	0
771	182	0
772	197	0
773	208	0
774	202	0
775	213	0
776	186	0
777	203	0
778	189	0
779	189	0
780	180	0
781	174	0
782	189	0
783	215	0
784	194	0
785	196	0
786	182	0
787	214	0
788	153	0
789	220	0
790	213	0
791	215	0
792	193	0
793	196	0
794	204	0
795	214	0
796	202	0
797	182	0
798	212	0
799	207	0
800	184	0
801	215	0
802	220	0
803	194	0
804	186	0
805	198	0
806	192	0
807	226	0
808	209	0
809	218	0
810	189	0
811	173	0
812	194	0
813	176	0
814	223	0
815	188	0
816	171	0
817	204	0
818	182	0
819	201	0
820	210	0
821	194	0
822	219	0
823	180	0
824	206	0
825	179	0
826	205	0
827	200	0
828	187	0
829	179	0
830	193	0
831	196	0
832	207	0
833	199	0
834	191	0
835	209	0
836	189	0
837	190	0
838	181	0
839	199	0
840	184	0
841	194	0
842	189	0
843	211	0
844	186	0
845	189	0
846	203	0
847	222	0
848	189	0
849	231	0
850	211	0
851	195	0
852	199	0
853	233	0
854	210	0
855	215	0
856	198	0
857	212	0
858	218	0
859	191	0
860	217	0
861	179	0
862	190	0
863	218	0
864	197	0
865	200	0
866	183	0
867	202	0
868	188	0
869	188	0
870	199	0
871	193	0
872	196	0
873	198	0
874	197	0
875	205	0
876	206	0
877	219	0
878	191	0
879	215	0
880	200	0
881	198	0
882	190	0
883	182	0
884	188	0
885	202	0
886	213	0
887	173	0
888	201	0
889	190	0
890	189	0
891	201	0
892	180	0
893	207	0
894	191	0
895	214	0
896	202	0
897	201	0
898	182	0
899	198	0
900	211	0
901	179	0
902	181	0
903	189	0
904	200	0
905	213	0
906	220	0
907	194	0
908	203	0
909	180	0
910	198	0
911	202	0
912	188	0
913	220	0
914	200	0
915	221	0
916	183	0
917	212	0
918	173	0
919	197	0
920	207	0
921	192	0
922	220	0
923	193	0
924	213	0
925	194	0
926	204	0
927	210	0
928	196	0
929	184	0
930	185	0
931	192	0
932	192	0
933	205	0
934	194	0
935	197	0
936	221	0
937	179	0
938	200	0
939	193	0
940	202	0
941	230	0
942	170	0
943	182	0
944	190	0
945	208	0
946	203	0
947	191	0
948	179	0
949	198	0
950	213	0
951	203	0
952	228	0
953	206	0
954	198	0
955	199	0
956	192	0
957	215	0
958	195	0
959	193	0
960	165	0
961	172	0
962	234	0
963	213	0
964	193	0
965	173	0
966	217	0
967	193	0
968	178	0
969	189	0
970	190	0
971	189	0
972	191	0
973	173	0
974	201	0
975	200	0
976	207	0
977	186	0
978	218	0
979	213	0
980	189	0
981	201	0
982	213	0
983	181	0
984	208	0
985	179	0
986	200	0
987	176	0
988	179	0
989	208	0
990	197	0
991	219	0
992	215	0
993	197	0
994	200	0
995	189	0
996	184	0
997	183	0
998	209	0
999	193	0
1000	209	0
1001	197	0
1002	188	0
1003	212	0
1004	172	0
1005	174	0
1006	174	0
1007	201	0
1008	203	0
1009	187	0
1010	199	0
1011	189	0
1012	194	0
1013	207	0
1014	173	0
1015	186	0
1016	211	0
1017	192	0
1018	213	0
1019	221	0
1020	166	0
1021	189	0
1022	185	0
1023	179	0
1024	185	0
1025	184	0
1026	186	0
1027	210	0
1028	213	0
1029	177	0
1030	206	0
1031	193	0
1032	218	0
1033	205	0
1034	190	0
1035	200	0
1036	167	0
1037	208	0
1038	222	0
1039	188	0
1040	217	0
1041	197	0
1042	197	0
1043	226	0
1044	199	0
1045	188	0
1046	192	0
1047	213	0
1048	210	0
1049	202	0
1050	185	0
1051	185	0
1052	198	0
1053	197	0
1054	213	0
1055	192	0
1056	211	0
1057	171	0
1058	177	0
1059	190	0
1060	207	0
1061	193	0
1062	225	0
1063	206	0
1064	231	0
1065	202	0
1066	201	0
1067	198	0
1068	194	0
1069	235	0
1070	187	0
1071	183	0
1072	207	0
1073	214	0
1074	194	0
1075	196	0
1076	201	0
1077	209	0
1078	189	0
1079	189	0
1080	218	0
1081	205	0
1082	209	0
1083	211	0
1084	188	0
1085	193	0
1086	201	0
1087	206	0
1088	213	0
1089	205	0
1090	214	0
1091	188	0
1092	208	0
1093	197	0
1094	199	0
1095	235	0
1096	213	0
1097	202	0
1098	201	0
1099	207	0
1100	198	0
1101	175	0
1102	214	0
1103	197	0
1104	211	0
1105	179	0
1106	199	0
1107	201	0
1108	184	0
1109	199	0
1110	198	0
1111	188	0
1112	214	0
1113	176	0
1114	185	0
1115	222	0
1116	216	0
1117	200	0
1118	210	0
1119	202	0
1120	183	0
1121	211	0
1122	186	0
1123	198	0
1124	211	0
1125	194	0
1126	183	0
1127	199	0
1128	190	0
1129	209	0
1130	184	0
1131	217	0
1132	219	0
1133	189	0
1134	188	0
1135	194	0
1136	200	0
1137	185	0
1138	204	0
1139	208	0
1140	186	0
1141	194	0
1142	201	0
1143	198	0
1144	197	0
1145	201	0
1146	174	0
1147	205	0
1148	192	0
1149	205	0
1150	219	0
1151	175	0
1152	196	0
1153	191	0
1154	199	0
1155	179	0
1156	193	0
1157	197	0
1158	186	0
1159	218	0
1160	177	0
1161	215	0
1162	198	0
1163	172	0
1164	207	0
1165	210	0
1166	194	0
1167	187	0
1168	182	0
1169	205	0
1170	190	0
1171	192	0
1172	199	0
1173	198	0
1174	207	0
1175	187	0
1176	197	0
1177	187	0
1178	196	0
1179	209	0
1180	205	0
1181	219	0
1182	177	0
1183	215	0
1184	212	0
1185	172	0
1186	192	0
1187	229	0
1188	200	0
1189	203	0
1190	203	0
1191	224	0
1192	197	0
1193	223	0
1194	185	0
1195	189	0
1196	205	0
1197	198	0
1198	210	0
1199	212	0
1200	199	0
1201	195	0
1202	207	0
1203	199	0
1204	194	0
1205	197	0
1206	196	0
1207	162	0
1208	186	0
1209	211	0
1210	187	0
1211	209	0
1212	196	0
1213	189	0
1214	201	0
1215	185	0
1216	198	0
1217	212	0
1218	197	0
1219	210	0
1220	196	0
1221	178	0
1222	186	0
1223	205	0
1224	193	0
1225	218	0
1226	198	0
1227	190	0
1228	184	0
1229	210	0
1230	205	0
1231	199	0
1232	192	0
1233	181	0
1234	183	0
1235	177	0
1236	192	0
1237	191	0
1238	196	0
1239	191	0
1240	204	0
1241	164	0
1242	187	0
1243	235	0
1244	185	0
1245	208	0
1246	193	0
1247	227	0
1248	199	0
1249	196	0
1250	183	0
1251	180	0
1252	203	0
1253	219	0
1254	207	0
1255	192	0
1256	217	0
1257	200	0
1258	202	0
1259	202	0
1260	207	0
1261	212	0
1262	202	0
1263	187	0
1264	180	0
1265	175	0
1266	195	0
1267	214	0
1268	176	0
1269	199	0
1270	187	0
1271	195	0
1272	200	0
1273	214	0
1274	189	0
1275	206	0
1276	201	0
1277	219	0
1278	182	0
1279	192	0
1280	204	0
1281	205	0
1282	198	0
1283	194	0
1284	204	0
1285	217	0
1286	187	0
1287	228	0
1288	209	0
1289	188	0
1290	194	0
1291	205	0
1292	204	0
1293	192	0
1294	198	0
1295	222	0
1296	216	0
1297	191	0
1298	216	0
1299	208	0
1300	195	0
1301	195	0
1302	184	0
1303	165	0
1304	181	0
1305	194	0
1306	211	0
1307	206	0
1308	203	0
1309	192	0
1310	191	0
1311	192	0
1312	167	0
1313	203	0
1314	180	0
1315	205	0
1316	179	0
1317	219	0
1318	204	0
1319	193	0
1320	208	0
1321	220	0
1322	173	0
1323	219	0
1324	205	0
1325	188	0
1326	202	0
1327	190	0
1328	189	0
1329	175	0
1330	167	0
1331	185	0
1332	183	0
1333	201	0
1334	185	0
1335	200	0
1336	181	0
1337	174	0
1338	211	0
1339	227	0
1340	199	0
1341	209	0
1342	208	0
1343	181	0
1344	221	0
1345	189	0
1346	181	0
1347	217	0
1348	212	0
1349	184	0
1350	211	0
1351	207	0
1352	202	0
1353	209	0
1354	176	0
1355	211	0
1356	209	0
1357	189	0
1358	190	0
1359	197	0
1360	180	0
1361	187	0
1362	189	0
1363	188	0
1364	198	0
1365	190	0
1366	172	0
1367	199	0
1368	199	0
1369	189	0
1370	178	0
1371	197	0
1372	206	0
1373	196	0
1374	184	0
1375	204	0
1376	198	0
1377	185	0
1378	197	0
1379	188	0
1380	208	0
1381	203	0
1382	187	0
1383	213	0
1384	213	0
1385	205	0
1386	221	0
1387	184	0
1388	184	0
1389	190	0
1390	204	0
1391	184	0
1392	206	0
1393	202	0
1394	222	0
1395	195	0
1396	212	0
1397	204	0
1398	208	0
1399	214	0
1400	182	0
1401	187	0
1402	177	0
1403	204	0
1404	177	0
1405	198	0
1406	209	0
1407	214	0
1408	203	0
1409	218	0
1410	191	0
1411	202	0
1412	193	0
1413	212	0
1414	226	0
1415	202	0
1416	210	0
1417	189	0
1418	200	0
1419	217	0
1420	219	0
1421	193	0
1422	212	0
1423	222	0
1424	204	0
1425	224	0
1426	193	0
1427	192	0
1428	225	0
1429	201	0
1430	206	0
1431	171	0
1432	189	0
1433	219	0
1434	210	0
1435	199	0
1436	211	0
1437	213	0
1438	185	0
1439	212	0
1440	177	0
1441	227	0
1442	176	0
1443	194	0
1444	208	0
1445	210	0
1446	187	0
1447	198	0
1448	189	0
1449	196	0
1450	189	0
1451	182	0
1452	197	0
1453	209	0
1454	190	0
1455	210	0
1456	191	0
1457	193	0
1458	194	0
1459	209	0
1460	179	0
1461	247	0
1462	206	0
1463	189	0
1464	193	0
1465	202	0
1466	220	0
1467	216	0
1468	213	0
1469	189	0
1470	208	0
1471	197	0
1472	206	0
1473	203	0
1474	197	0
1475	190	0
1476	213	0
1477	198	0
1478	202	0
1479	202	0
1480	202	0
1481	193	0
1482	197	0
1483	163	0
1484	203	0
1485	210	0
1486	185	0
1487	175	0
1488	180	0
1489	194	0
1490	205	0
1491	221	0
1492	166	0
1493	207	0
1494	211	0
1495	198	0
1496	200	0
1497	187	0
1498	184	0
1499	179	0
1500	206	0
1501	178	0
1502	208	0
1503	189	0
1504	200	0
1505	209	0
1506	199	0
1507	216	0
1508	199	0
1509	184	0
1510	207	0
1511	195	0
1512	194	0
1513	218	0
1514	202	0
1515	193	0
1516	183	0
1517	208	0
1518	202	0
1519	198	0
1520	238	0
1521	185	0
1522	181	0
1523	186	0
1524	227	0
1525	167	0
1526	217	0
1527	199	0
1528	190	0
1529	198	0
1530	188	0
1531	201	0
1532	223	0
1533	181	0
1534	187	0
1535	189	0
1536	207	0
1537	190	0
1538	210	0
1539	214	0
1540	202	0
1541	216	0
1542	204	0
1543	195	0
1544	200	0
1545	194	0
1546	187	0
1547	182	0
1548	192	0
1549	180	0
1550	208	0
1551	216	0
1552	177	0
1553	184	0
1554	199	0
1555	201	0
1556	203	0
1557	200	0
1558	196	0
1559	197	0
1560	187	0
1561	208	0
1562	210	0
1563	178	0
1564	202	0
1565	181	0
1566	181	0
1567	208	0
1568	188	0
1569	210	0
1570	187	0
1571	207	0
1572	207	0
1573	188	0
1574	200	0
1575	184	0
1576	191	0
1577	196	0
1578	191	0
1579	222	0
1580	188	0
1581	205	0
1582	207	0
1583	195	0
1584	213	0
1585	226	0
1586	193	0
1587	192	0
1588	201	0
1589	198	0
1590	199	0
1591	188	0
1592	189	0
1593	210	0
1594	183	0
1595	169	0
1596	172	0
1597	192	0
1598	174	0
1599	180	0
1600	193	0
1601	197	0
1602	178	0
1603	204	0
1604	210	0
1605	212	0
1606	221	0
1607	178	0
1608	186	0
1609	192	0
1610	187	0
1611	175	0
1612	200	0
1613	177	0
1614	183	0
1615	212	0
1616	199	0
1617	206	0
1618	173	0
1619	208	0
1620	200	0
1621	196	0
1622	180	0
1623	180	0
1624	199	0
1625	237	0
1626	197	0
1627	191	0
1628	199	0
1629	172	0
1630	226	0
1631	167	0
1632	193	0
1633	190	0
1634	201	0
1635	184	0
1636	202	0
1637	188	0
1638	205	0
1639	206	0
1640	199	0
1641	186	0
1642	196	0
1643	169	0
1644	202	0
1645	201	0
1646	173	0
1647	190	0
1648	185	0
1649	162	0
1650	183	0
1651	214	0
1652	176	0
1653	191	0
1654	188	0
1655	175	0
1656	189	0
1657	182	0
1658	190	0
1659	194	0
1660	222	0
1661	198	0
1662	180	0
1663	197	0
1664	185	0
1665	187	0
1666	179	0
1667	176	0
1668	192	0
1669	200	0
1670	184	0
1671	212	0
1672	178	0
1673	205	0
1674	200	0
1675	211	0
1676	182	0
1677	193	0
1678	203	0
1679	200	0
1680	190	0
1681	221	0
1682	202	0
1683	193	0
1684	194	0
1685	218	0
1686	195	0
1687	192	0
1688	186	0
1689	194	0
1690	172	0
1691	202	0
1692	204	0
1693	197	0
1694	211	0
1695	203	0
1696	188	0
1697	190	0
1698	189	0
1699	212	0
1700	192	0
1701	197	0
1702	215	0
1703	215	0
1704	179	0
1705	201	0
1706	202	0
1707	172	0
1708	227	0
1709	200	0
1710	215	0
1711	208	0
1712	209	0
1713	210	0
1714	202	0
1715	201	0
1716	214	0
1717	188	0
1718	207	0
1719	202	0
1720	187	0
1721	196	0
1722	207	0
1723	203	0
1724	169	0
1725	196	0
1726	186	0
1727	192	0
1728	176	0
1729	196	0
1730	209	0
1731	195	0
1732	245	0
1733	189	0
1734	201	0
1735	200	0
1736	202	0
1737	166	0
1738	220	0
1739	188	0
1740	193	0
1741	196	0
1742	194	0
1743	186	0
1744	221	0
1745	175	0
1746	181	0
1747	209	0
1748	228	0
1749	203	0
1750	194	0
1751	196	0
1752	223	0
1753	181	0
1754	222	0
1755	182	0
1756	190	0
1757	204	0
1758	189	0
1759	202	0
1760	199	0
1761	199	0
1762	186	0
1763	221	0
1764	179	0
1765	200	0
1766	191	0
1767	198	0
1768	161	0
1769	202	0
1770	185	0
1771	217	0
1772	175	0
1773	196	0
1774	189	0
1775	203	0
1776	188	0
1777	187	0
1778	207	0
1779	220	0
1780	169	0
1781	185	0
1782	206	0
1783	186	0
1784	208	0
1785	211	0
1786	203	0
1787	171	0
1788	198	0
1789	188	0
1790	223	0
1791	171	0
1792	202	0
1793	202	0
1794	192	0
1795	203	0
1796	214	0
1797	196	0
1798	191	0
1799	198	0
1800	201	0
1801	195	0
1802	197	0
1803	222	0
1804	216	0
1805	200	0
1806	211	0
1807	175	0
1808	209	0
1809	221	0
1810	191	0
1811	202	0
1812	162	0
1813	228	0
1814	177	0
1815	157	0
1816	185	0
1817	182	0
1818	210	0
1819	221	0
1820	188	0
1821	210	0
1822	169	0
1823	225	0
1824	205	0
1825	180	0
1826	208	0
1827	177	0
1828	190	0
1829	211	0
1830	192	0
1831	219	0
1832	179	0
1833	177	0
1834	191	0
1835	205	0
1836	204	0
1837	202	0
1838	175	0
1839	190	0
1840	205	0
1841	194	0
1842	201	0
1843	193	0
1844	205	0
1845	198	0
1846	172	0
1847	211	0
1848	206	0
1849	205	0
1850	214	0
1851	191	0
1852	180	0
1853	178	0
1854	198	0
1855	200	0
1856	180	0
1857	203	0
1858	201	0
1859	190	0
1860	189	0
1861	209	0
1862	206	0
1863	176	0
1864	218	0
1865	201	0
1866	193	0
1867	190	0
1868	208	0
1869	153	0
1870	172	0
1871	196	0
1872	209	0
1873	183	0
1874	186	0
1875	186	0
1876	178	0
1877	193	0
1878	189	0
1879	191	0
1880	210	0
1881	203	0
1882	198	0
1883	217	0
1884	193	0
1885	199	0
1886	186	0
1887	199	0
1888	218	0
1889	198	0
1890	206	0
1891	202	0
1892	194	0
1893	195	0
1894	224	0
1895	225	0
1896	209	0
1897	223	0
1898	206	0
1899	218	0
1900	180	0
1901	198	0
1902	207	0
1903	172	0
1904	208	0
1905	196	0
1906	214	0
1907	192	0
1908	194	0
1909	220	0
1910	182	0
1911	173	0
1912	173	0
1913	187	0
1914	187	0
1915	193	0
1916	191	0
1917	203	0
1918	173	0
1919	212	0
1920	182	0
1921	198	0
1922	214	0
1923	197	0
1924	187	0
1925	187	0
1926	215	0
1927	205	0
1928	209	0
1929	178	0
1930	166	0
1931	215	0
1932	189	0
1933	185	0
1934	206	0
1935	210	0
1936	178	0
1937	185	0
1938	176	0
1939	176	0
1940	199	0
1941	188	0
1942	191	0
1943	183	0
1944	182	0
1945	195	0
1946	184	0
1947	187	0
1948	219	0
1949	181	0
1950	180	0
1951	219	0
1952	177	0
1953	204	0
1954	192	0
1955	203	0
1956	203	0
1957	175	0
1958	205	0
1959	203	0
1960	213	0
1961	203	0
1962	193	0
1963	199	0
1964	200	0
1965	192	0
1966	203	0
1967	208	0
1968	195	0
1969	193	0
1970	199	0
1971	200	0
1972	201	0
1973	186	0
1974	198	0
1975	182	0
1976	211	0
1977	197	0
1978	180	0
1979	208	0
1980	175	0
1981	194	0
1982	205	0
1983	221	0
1984	184	0
1985	211	0
1986	186	0
1987	190	0
1988	214	0
1989	191	0
1990	198	0
1991	190	0
1992	182	0
1993	188	0
1994	209	0
1995	203	0
1996	175	0
1997	193	0
1998	179	0
1999	207	0
2000	230	0
2001	180	0
2002	221	0
2003	178	0
2004	173	0
2005	199	0
2006	220	0
2007	237	0
2008	192	0
2009	192	0
2010	181	0
2011	222	0
2012	200	0
2013	215	0
2014	197	0
2015	203	0
2016	207	0
2017	191	0
2018	192	0
2019	188	0
2020	210	0
2021	193	0
2022	201	0
2023	200	0
2024	191	0
2025	202	0
2026	204	0
2027	212	0
2028	202	0
2029	195	0
2030	193	0
2031	210	0
2032	182	0
2033	176	0
2034	204	0
2035	206	0
2036	178	0
2037	179	0
2038	184	0
2039	180	0
2040	174	0
2041	189	0
2042	211	0
2043	198	0
2044	206	0
2045	182	0
2046	193	0
2047	215	0
2048	199	0
2049	190	0
2050	214	0
2051	201	0
2052	209	0
2053	174	0
2054	227	0
2055	190	0
2056	193	0
2057	173	0
2058	211	0
2059	181	0
2060	198	0
2061	205	0
2062	196	0
2063	198	0
2064	196	0
2065	193	0
2066	209	0
2067	213	0
2068	185	0
2069	212	0
2070	195	0
2071	214	0
2072	166	0
2073	213	0
2074	209	0
2075	186	0
2076	191	0
2077	174	0
2078	196	0
2079	190	0
2080	201	0
2081	208	0
2082	204	0
2083	190	0
2084	192	0
2085	189	0
2086	158	0
2087	191	0
2088	174	0
2089	196	0
2090	200	0
2091	201	0
2092	196	0
2093	195	0
2094	205	0
2095	212	0
2096	177	0
2097	193	0
2098	180	0
2099	201	0
2100	191	0
2101	212	0
2102	218	0
2103	190	0
2104	200	0
2105	178	0
2106	186	0
2107	206	0
2108	192	0
2109	193	0
2110	234	0
2111	186	0
2112	218	0
2113	218	0
2114	179	0
2115	220	0
2116	199	0
2117	202	0
2118	189	0
2119	217	0
2120	222	0
2121	211	0
2122	217	0
2123	187	0
2124	220	0
2125	203	0
2126	217	0
2127	192	0
2128	176	0
2129	202	0
2130	220	0
2131	195	0
2132	198	0
2133	169	0
2134	176	0
2135	196	0
2136	180	0
2137	238	0
2138	199	0
2139	215	0
2140	213	0
2141	200	0
2142	232	0
2143	188	0
2144	203	0
2145	195	0
2146	161	0
2147	212	0
2148	215	0
2149	187	0
2150	208	0
2151	218	0
2152	193	0
2153	186	0
2154	192	0
2155	192	0
2156	199	0
2157	188	0
2158	201	0
2159	197	0
2160	216	0
2161	215	0
2162	198	0
2163	180	0
2164	169	0
2165	185	0
2166	192	0
2167	182	0
2168	187	0
2169	201	0
2170	180	0
2171	202	0
2172	189	0
2173	189	0
2174	161	0
2175	203	0
2176	177	0
2177	181	0
2178	196	0
2179	184	0
2180	196	0
2181	183	0
2182	189	0
2183	186	0
2184	179	0
2185	205	0
2186	194	0
2187	181	0
2188	179	0
2189	177	0
2190	220	0
2191	210	0
2192	196	0
2193	200	0
2194	193	0
2195	199	0
2196	196	0
2197	177	0
2198	239	0
2199	180	0
2200	209	0
2201	178	0
2202	205	0
2203	179	0
2204	192	0
2205	196	0
2206	178	0
2207	212	0
2208	203	0
2209	184	0
2210	222	0
2211	211	0
2212	192	0
2213	213	0
2214	159	0
2215	214	0
2216	188	0
2217	202	0
2218	193	0
2219	188	0
2220	168	0
2221	203	0
2222	170	0
2223	190	0
2224	194	0
2225	172	0
2226	199	0
2227	207	0
2228	198	0
2229	185	0
2230	202	0
2231	191	0
2232	214	0
2233	209	0
2234	219	0
2235	187	0
2236	203	0
2237	194	0
2238	215	0
2239	214	0
2240	188	0
2241	195	0
2242	191	0
2243	171	0
2244	215	0
2245	198	0
2246	159	0
2247	207	0
2248	201	0
2249	194	0
2250	170	0
2251	205	0
2252	250	0
2253	173	0
2254	197	0
2255	188	0
2256	195	0
2257	200	0
2258	191	0
2259	192	0
2260	201	0
2261	198	0
2262	201	0
2263	221	0
2264	183	0
2265	213	0
2266	191	0
2267	207	0
2268	200	0
2269	202	0
2270	192	0
2271	165	0
2272	178	0
2273	192	0
2274	222	0
2275	186	0
2276	205	0
2277	177	0
2278	213	0
2279	186	0
2280	187	0
2281	178	0
2282	179	0
2283	195	0
2284	222	0
2285	188	0
2286	178	0
2287	193	0
2288	186	0
2289	174	0
2290	190	0
2291	201	0
2292	190	0
2293	196	0
2294	215	0
2295	208	0
2296	193	0
2297	195	0
2298	184	0
2299	195	0
2300	210	0
2301	196	0
2302	214	0
2303	195	0
2304	195	0
2305	188	0
2306	199	0
2307	196	0
2308	211	0
2309	177	0
2310	190	0
2311	183	0
2312	237	0
2313	186	0
2314	203	0
2315	221	0
2316	178	0
2317	216	0
2318	184	0
2319	186	0
2320	213	0
2321	199	0
2322	186	0
2323	202	0
2324	185	0
2325	183	0
2326	214	0
2327	213	0
2328	184	0
2329	217	0
2330	194	0
2331	187	0
2332	204	0
2333	185	0
2334	203	0
2335	187	0
2336	175	0
2337	179	0
2338	200	0
2339	192	0
2340	207	0
2341	197	0
2342	215	0
2343	194	0
2344	205	0
2345	197	0
2346	193	0
2347	215	0
2348	194	0
2349	199	0
2350	215	0
2351	211	0
2352	198	0
2353	203	0
2354	168	0
2355	203	0
2356	202	0
2357	189	0
2358	193	0
2359	223	0
2360	203	0
2361	213	0
2362	191	0
2363	209	0
2364	170	0
2365	190	0
2366	204	0
2367	179	0
2368	211	0
2369	177	0
2370	199	0
2371	194	0
2372	193	0
2373	186	0
2374	207	0
2375	221	0
2376	184	0
2377	187	0
2378	188	0
2379	225	0
2380	224	0
2381	177	0
2382	179	0
2383	193	0
2384	202	0
2385	230	0
2386	165	0
2387	200	0
2388	204	0
2389	175	0
2390	206	0
2391	214	0
2392	182	0
2393	216	0
2394	189	0
2395	178	0
2396	236	0
2397	199	0
2398	181	0
2399	184	0
2400	191	0
2401	169	0
2402	189	0
2403	178	0
2404	219	0
2405	206	0
2406	202	0
2407	223	0
2408	190	0
2409	188	0
2410	199	0
2411	195	0
2412	197	0
2413	168	0
2414	227	0
2415	180	0
2416	206	0
2417	192	0
2418	184	0
2419	210	0
2420	190	0
2421	200	0
2422	196	0
2423	189	0
2424	202	0
2425	204	0
2426	210	0
2427	178	0
2428	187	0
2429	179	0
2430	202	0
2431	187	0
2432	207	0
2433	194	0
2434	202	0
2435	177	0
2436	203	0
2437	202	0
2438	197	0
2439	204	0
2440	195	0
2441	168	0
2442	193	0
2443	192	0
2444	191	0
2445	200	0
2446	211	0
2447	187	0
2448	192	0
2449	195	0
2450	189	0
2451	217	0
2452	201	0
2453	219	0
2454	202	0
2455	191	0
2456	202	0
2457	175	0
2458	206	0
2459	229	0
2460	180	0
2461	214	0
2462	209	0
2463	191	0
2464	187	0
2465	211	0
2466	201	0
2467	179	0
2468	208	0
2469	180	0
2470	202	0
2471	187	0
2472	191	0
2473	188	0
2474	187	0
2475	224	0
2476	195	0
2477	201	0
2478	226	0
2479	201	0
2480	192	0
2481	200	0
2482	182	0
2483	198	0
2484	178	0
2485	205	0
2486	191	0
2487	199	0
2488	184	0
2489	201	0
2490	209	0
2491	195	0
2492	196	0
2493	202	0
2494	178	0
2495	195	0
2496	197	0
2497	212	0
2498	207	0
2499	173	0
2500	183	0
2501	215	0
2502	211	0
2503	194	0
2504	209	0
2505	208	0
2506	203	0
2507	198	0
2508	190	0
2509	145	0
2510	213	0
2511	183	0
2512	175	0
2513	198	0
2514	164	0
2515	193	0
2516	173	0
2517	206	0
2518	207	0
2519	197	0
2520	211	0
2521	179	0
2522	198	0
2523	214	0
2524	194	0
2525	209	0
2526	175	0
2527	205	0
2528	209	0
2529	207	0
2530	173	0
2531	190	0
2532	199	0
2533	197	0
2534	221	0
2535	196	0
2536	195	0
2537	226	0
2538	197	0
2539	198	0
2540	223	0
2541	220	0
2542	186	0
2543	195	0
2544	199	0
2545	173	0
2546	217	0
2547	197	0
2548	180	0
2549	175	0
2550	198	0
2551	187	0
2552	181	0
2553	212	0
2554	196	0
2555	184	0
2556	193	0
2557	198	0
2558	212	0
2559	203	0
2560	209	0
2561	178	0
2562	203	0
2563	215	0
2564	188	0
2565	226	0
2566	190	0
2567	235	0
2568	215	0
2569	205	0
2570	215	0
2571	212	0
2572	204	0
2573	205	0
2574	185	0
2575	209	0
2576	199	0
2577	202	0
2578	224	0
2579	198	0
2580	205	0
2581	181	0
2582	173	0
2583	205	0
2584	167	0
2585	223	0
2586	229	0
2587	206	0
2588	203	0
2589	177	0
2590	195	0
2591	184	0
2592	182	0
2593	204	0
2594	200	0
2595	214	0
2596	182	0
2597	224	0
2598	185	0
2599	189	0
2600	187	0
2601	189	0
2602	229	0
2603	190	0
2604	187	0
2605	177	0
2606	235	0
2607	189	0
2608	177	0
2609	221	0
2610	185	0
2611	192	0
2612	186	0
2613	199	0
2614	202	0
2615	186	0
2616	215	0
2617	201	0
2618	185	0
2619	218	0
2620	212	0
2621	190	0
2622	198	0
2623	203	0
2624	193	0
2625	215	0
2626	213	0
2627	206	0
2628	199	0
2629	179	0
2630	196	0
2631	216	0
2632	187	0
2633	196	0
2634	232	0
2635	194	0
2636	212	0
2637	191	0
2638	205	0
2639	200	0
2640	190	0
2641	209	0
2642	202	0
2643	208	0
2644	197	0
2645	163	0
2646	202	0
2647	193	0
2648	201	0
2649	157	0
2650	218	0
2651	201	0
2652	182	0
2653	169	0
2654	202	0
2655	199	0
2656	207	0
2657	191	0
2658	194	0
2659	188	0
2660	202	0
2661	211	0
2662	187	0
2663	181	0
2664	216	0
2665	199	0
2666	181	0
2667	190	0
2668	198	0
2669	197	0
2670	189	0
2671	222	0
2672	192	0
2673	185	0
2674	230	0
2675	185	0
2676	195	0
2677	171	0
2678	209	0
2679	197	0
2680	192	0
2681	199	0
2682	217	0
2683	200	0
2684	210	0
2685	220	0
2686	203	0
2687	214	0
2688	203	0
2689	173	0
2690	203	0
2691	193	0
2692	228	0
2693	192	0
2694	189	0
2695	182	0
2696	209	0
2697	194	0
2698	162	0
2699	236	0
2700	226	0
2701	176	0
2702	181	0
2703	198	0
2704	223	0
2705	188	0
2706	200	0
2707	191	0
2708	175	0
2709	220	0
2710	218	0
2711	190	0
2712	200	0
2713	208	0
2714	180	0
2715	188	0
2716	178	0
2717	179	0
2718	199	0
2719	186	0
2720	184	0
2721	199	0
2722	192	0
2723	219	0
2724	187	0
2725	216	0
2726	185	0
2727	188	0
2728	213	0
2729	199	0
2730	185	0
2731	184	0
2732	184	0
2733	182	0
2734	149	0
2735	174	0
2736	204	0
2737	191	0
2738	217	0
2739	178	0
2740	203	0
2741	187	0
2742	200	0
2743	200	0
2744	185	0
2745	208	0
2746	197	0
2747	206	0
2748	210	0
2749	182	0
2750	192	0
2751	209	0
2752	229	0
2753	224	0
2754	202	0
2755	172	0
2756	210	0
2757	174	0
2758	185	0
2759	208	0
2760	213	0
2761	213	0
2762	196	0
2763	190	0
2764	211	0
2765	205	0
2766	191	0
2767	198	0
2768	203	0
2769	209	0
2770	230	0
2771	243	0
2772	207	0
2773	188	0
2774	174	0
2775	216	0
2776	220	0
2777	197	0
2778	190	0
2779	203	0
2780	177	0
2781	190	0
2782	191	0
2783	197	0
2784	190	0
2785	210	0
2786	187	0
2787	207	0
2788	175	0
2789	223	0
2790	183	0
2791	169	0
2792	188	0
2793	200	0
2794	173	0
2795	219	0
2796	213	0
2797	201	0
2798	202	0
2799	198	0
2800	210	0
2801	193	0
2802	216	0
2803	203	0
2804	183	0
2805	223	0
2806	189	0
2807	223	0
2808	205	0
2809	201	0
2810	163	0
2811	207	0
2812	195	0
2813	182	0
2814	203	0
2815	185	0
2816	198	0
2817	200	0
2818	242	0
2819	201	0
2820	187	0
2821	206	0
2822	187	0
2823	186	0
2824	201	0
2825	178	0
2826	185	0
2827	217	0
2828	183	0
2829	164	0
2830	195	0
2831	179	0
2832	193	0
2833	187	0
2834	206	0
2835	194	0
2836	227	0
2837	202	0
2838	196	0
2839	194	0
2840	199	0
2841	191	0
2842	197	0
2843	172	0
2844	202	0
2845	198	0
2846	220	0
2847	211	0
2848	205	0
2849	200	0
2850	199	0
2851	188	0
2852	174	0
2853	202	0
2854	169	0
2855	189	0
2856	204	0
2857	197	0
2858	184	0
2859	201	0
2860	204	0
2861	207	0
2862	202	0
2863	191	0
2864	180	0
2865	210	0
2866	215	0
2867	200	0
2868	187	0
2869	207	0
2870	184	0
2871	195	0
2872	205	0
2873	180	0
2874	190	0
2875	210	0
2876	202	0
2877	207	0
2878	184	0
2879	188	0
2880	193	0
2881	218	0
2882	215	0
2883	215	0
2884	209	0
2885	203	0
2886	220	0
2887	217	0
2888	194	0
2889	205	0
2890	193	0
2891	195	0
2892	184	0
2893	186	0
2894	217	0
2895	193	0
2896	203	0
2897	206	0
2898	203	0
2899	183	0
2900	202	0
2901	203	0
2902	210	0
2903	163	0
2904	198	0
2905	190	0
2906	189	0
2907	212	0
2908	179	0
2909	192	0
2910	177	0
2911	178	0
2912	196	0
2913	188	0
2914	215	0
2915	191	0
2916	217	0
2917	166	0
2918	204	0
2919	199	0
2920	200	0
2921	194	0
2922	189	0
2923	194	0
2924	195	0
2925	205	0
2926	192	0
2927	215	0
2928	194	0
2929	213	0
2930	229	0
2931	211	0
2932	219	0
2933	206	0
2934	199	0
2935	173	0
2936	171	0
2937	209	0
2938	206	0
2939	186	0
2940	191	0
2941	175	0
2942	212	0
2943	190	0
2944	189	0
2945	193	0
2946	211	0
2947	198	0
2948	186	0
2949	230	0
2950	189	0
2951	213	0
2952	211	0
2953	192	0
2954	203	0
2955	196	0
2956	204	0
2957	194	0
2958	193	0
2959	217	0
2960	183	0
2961	184	0
2962	180	0
2963	172	0
2964	203	0
2965	204	0
2966	178	0
2967	206	0
2968	204	0
2969	185	0
2970	211	0
2971	208	0
2972	225	0
2973	169	0
2974	192	0
2975	211	0
2976	191	0
2977	187	0
2978	208	0
2979	188	0
2980	213	0
2981	202	0
2982	186	0
2983	216	0
2984	187	0
2985	218	0
2986	179	0
2987	209	0
2988	213	0
2989	192	0
2990	195	0
2991	185	0
2992	198	0
2993	195	0
2994	179	0
2995	203	0
2996	173	0
2997	196	0
2998	177	0
2999	204	0
3000	180	0
