1	197	0
2	207	0
3	231	0
4	199	0
5	159	0
6	171	0
7	220	0
8	186	0
9	222	0
10	198	0
11	212	0
12	209	0
13	212	0
14	207	0
15	209	0
16	209	0
17	177	0
18	157	0
19	204	0
20	214	0
21	198	0
22	212	0
23	188	0
24	178	0
25	197	0
26	205	0
27	195	0
28	181	0
29	233	0
30	228	0
31	190	0
32	188	0
33	191	0
34	197	0
35	199	0
36	229	0
37	167	0
38	169	0
39	218	0
40	200	0
41	205	0
42	199	0
43	191	0
44	220	0
45	210	0
46	198	0
47	201	0
48	213	0
49	220	0
50	207	0
51	195	0
52	188	0
53	212	0
54	199	0
55	186	0
56	189	0
57	213	0
58	207	0
59	198	0
60	212	0
61	209	0
62	213	0
63	216	0
64	198	0
65	181	0
66	220	0
67	197	0
68	186	0
69	190	0
70	213	0
71	197	0
72	203	0
73	193	0
74	215	0
75	234	0
76	205	0
77	200	0
78	205	0
79	195	0
80	218	0
81	199	0
82	202	0
83	187	0
84	213	0
85	216	0
86	179	0
87	231	0
88	195	0
89	181	0
90	197	0
91	200	0
92	190	0
93	202	0
94	200	0
95	207	0
96	193	0
97	215	0
98	193	0
99	198	0
100	177	0
101	181	0
102	183	0
103	178	0
104	195	0
105	186	0
106	198	0
107	178	0
108	196	0
109	214	0
110	165	0
111	199	0
112	156	0
113	212	0
114	184	0
115	195	0
116	191	0
117	216	0
118	182	0
119	198	0
120	195	0
121	196	0
122	191	0
123	177	0
124	199	0
125	230	0
126	179	0
127	211	0
128	184	0
129	184	0
130	191	0
131	198	0
132	210	0
133	209	0
134	218	0
135	209	0
136	196	0
137	170	0
138	200	0
139	245	0
140	204	0
141	196	0
142	165	0
143	196	0
144	208	0
145	186	0
146	199	0
147	192	0
148	216	0
149	208	0
150	216	0
151	201	0
152	211	0
153	166	0
154	188	0
155	190	0
156	201	0
157	204	0
158	225	0
159	212	0
160	210	0
161	191	0
162	187	0
163	203	0
164	172	0
165	207	0
166	201	0
167	199	0
168	193	0
169	191	0
170	209	0
171	213	0
172	177	0
173	195	0
174	192	0
175	190	0
176	187	0
177	190	0
178	196	0
179	215	0
180	206	0
181	181	0
182	178	0
183	207	0
184	203	0
185	224	0
186	194	0
187	189	0
188	192	0
189	201	0
190	208	0
191	210	0
192	185	0
193	214	0
194	199	0
195	181	0
196	193	0
197	174	0
198	206	0
199	209	0
200	189	0
201	208	0
202	220	0
203	194	0
204	205	0
205	238	0
206	220	0
207	205	0
208	201	0
209	180	0
210	202	0
211	185	0
212	179	0
213	179	0
214	177	0
215	227	0
216	205	0
217	191	0
218	175	0
219	206	0
220	180	0
221	174	0
222	173	0
223	211	0
224	216	0
225	182	0
226	206	0
227	188	0
228	181	0
229	192	0
230	218	0
231	196	0
232	200	0
233	179	0
234	208	0
235	177	0
236	201	0
237	185	0
238	193	0
239	195	0
240	207	0
241	191	0
242	202	0
243	208	0
244	214	0
245	180	0
246	192	0
247	155	0
248	221	0
249	180	0
250	196	0
251	184	0
252	193	0
253	202	0
254	194	0
255	213	0
256	207	0
257	192	0
258	182	0
259	209	0
260	184	0
261	192	0
262	230	0
263	201	0
264	175	0
265	210	0
266	207	0
267	191	0
268	167	0
269	177	0
270	207	0
271	220	0
272	183	0
273	209	0
274	194	0
275	179	0
276	182	0
277	210	0
278	180	0
279	204	0
280	223	0
281	223	0
282	193	0
283	179	0
284	184	0
285	197	0
286	178	0
287	188	0
288	183	0
289	207	0
290	226	0
291	201	0
292	195	0
293	187	0
294	192	0
295	182	0
296	202	0
297	201	0
298	199	0
299	196	0
300	209	0
301	212	0
302	179	0
303	167	0
304	216	0
305	187	0
306	182	0
307	196	0
308	199	0
309	194	0
310	184	0
311	189	0
312	192	0
313	197	0
314	210	0
315	188	0
316	196	0
317	181	0
318	193	0
319	190	0
320	198	0
321	199	0
322	215	0
323	192	0
324	217	0
325	223	0
326	178	0
327	193	0
328	189	0
329	182	0
330	194	0
331	199	0
332	186	0
333	202	0
334	174	0
335	207	0
336	210	0
337	164	0
338	223	0
339	180	0
340	209	0
341	205	0
342	201	0
343	208	0
344	199	0
345	219	0
346	188	0
347	201	0
348	213	0
349	195	0
350	193	0
351	196	0
352	203	0
353	201	0
354	214	0
355	199	0
356	217	0
357	175	0
358	213	0
359	203	0
360	223	0
361	204	0
362	203	0
363	183	0
364	203	0
365	167	0
366	203	0
367	187	0
368	212	0
369	187	0
370	185	0
371	196	0
372	193	0
373	191	0
374	214	0
375	187	0
376	203	0
377	208	0
378	188	0
379	214	0
380	166	0
381	200	0
382	230	0
383	176	0
384	201	0
385	225	0
386	174	0
387	175	0
388	206	0
389	177	0
390	202	0
391	209	0
392	175	0
393	213	0
394	190	0
395	185	0
396	182	0
397	207	0
398	210	0
399	216	0
400	189	0
401	199	0
402	167	0
403	185	0
404	181	0
405	199	0
406	205	0
407	210	0
408	171	0
409	175	0
410	211	0
411	206	0
412	170	0
413	181	0
414	199	0
415	206	0
416	218	0
417	219	0
418	191	0
419	192	0
420	196	0
421	203	0
422	207	0
423	214	0
424	179	0
425	215	0
426	195	0
427	196	0
428	216	0
429	192	0
430	191	0
431	190	0
432	219	0
433	186	0
434	197	0
435	211	0
436	204	0
437	224	0
438	189	0
439	201	0
440	182	0
441	194	0
442	196	0
443	193	0
444	199	0
445	198	0
446	216	0
447	183	0
448	205	0
449	193	0
450	191	0
451	210	0
452	203	0
453	193	0
454	206	0
455	208	0
456	217	0
457	175	0
458	181	0
459	163	0
460	208	0
461	174	0
462	220	0
463	202	0
464	205	0
465	179	0
466	193	0
467	195	0
468	227	0
469	196	0
470	204	0
471	183	0
472	197	0
473	180	0
474	211	0
475	201	0
476	200	0
477	208	0
478	185	0
479	180	0
480	200	0
481	220	0
482	201	0
483	187	0
484	203	0
485	183	0
486	193	0
487	197	0
488	220	0
489	160	0
490	182	0
491	208	0
492	199	0
493	210	0
494	191	0
495	198	0
496	197	0
497	188	0
498	216	0
499	183	0
500	223	0
501	223	0
502	200	0
503	192	0
504	185	0
505	195	0
506	209	0
507	206	0
508	199	0
509	191	0
510	189	0
511	187	0
512	196	0
513	185	0
514	205	0
515	213	0
516	200	0
517	172	0
518	189	0
519	196	0
520	188	0
521	186	0
522	181	0
523	205	0
524	182	0
525	222	0
526	179	0
527	196	0
528	203	0
529	172	0
530	219	0
531	196	0
532	190	0
533	172	0
534	207	0
535	182	0
536	205	0
537	180	0
538	199	0
539	194	0
540	215	0
541	187	0
542	246	0
543	188	0
544	155	0
545	203	0
546	185	0
547	211	0
548	196	0
549	187	0
550	194	0
551	208	0
552	206	0
553	204	0
554	184	0
555	195	0
556	212	0
557	182	0
558	197	0
559	202	0
560	214	0
561	185	0
562	218	0
563	191	0
564	210	0
565	194	0
566	203	0
567	196	0
568	205	0
569	206	0
570	180	0
571	199	0
572	206	0
573	220	0
574	182	0
575	194	0
576	208	0
577	196	0
578	213	0
579	182	0
580	154	0
581	231	0
582	182	0
583	180	0
584	175	0
585	176	0
586	204	0
587	204	0
588	188	0
589	182	0
590	190	0
591	205	0
592	215	0
593	202	0
594	199	0
595	188	0
596	191	0
597	171	0
598	186	0
599	190	0
600	207	0
601	216	0
602	198	0
603	205	0
604	199	0
605	190	0
606	201	0
607	199	0
608	186	0
609	186	0
610	194	0
611	194	0
612	192	0
613	208	0
614	183	0
615	187	0
616	185	0
617	196	0
618	183	0
619	184	0
620	195	0
621	168	0
622	189	0
623	194	0
624	209	0
625	189	0
626	196	0
627	209	0
628	183	0
629	209	0
630	208	0
631	180	0
632	176	0
633	199	0
634	199	0
635	199	0
636	197	0
637	212	0
638	189	0
639	191	0
640	190	0
641	177	0
642	201	0
643	204	0
644	165	0
645	194	0
646	201	0
647	197	0
648	207	0
649	198	0
650	199	0
651	181	0
652	168	0
653	180	0
654	171	0
655	223	0
656	205	0
657	183	0
658	211	0
659	203	0
660	184	0
661	163	0
662	195	0
663	202	0
664	191	0
665	182	0
666	212	0
667	216	0
668	223	0
669	178	0
670	192	0
671	206	0
672	199	0
673	182	0
674	212	0
675	209	0
676	190	0
677	187	0
678	160	0
679	205	0
680	173	0
681	177	0
682	188	0
683	173	0
684	192	0
685	193	0
686	191	0
687	180	0
688	183	0
689	214	0
690	180	0
691	209	0
692	193	0
693	185	0
694	170	0
695	200	0
696	202	0
697	186	0
698	204	0
699	196	0
700	206	0
701	216	0
702	177	0
703	178	0
704	174	0
705	200	0
706	202	0
707	178	0
708	196	0
709	186	0
710	196	0
711	196	0
712	206	0
713	200	0
714	217	0
715	193	0
716	194	0
717	179	0
718	189	0
719	192	0
720	184	0
721	201	0
722	167	0
723	182	0
724	195	0
725	180	0
726	186	0
727	182	0
728	218	0
729	190	0
730	216	0
731	220	0
732	216	0
733	197	0
734	185	0
735	192	0
736	217	0
737	199	0
738	201	0
739	200	0
740	196	0
741	200	0
742	191	0
743	191	0
744	187	0
745	193	0
746	190	0
747	190	0
748	205	0
749	205	0
750	201	0
751	200	0
752	216	0
753	217	0
754	215	0
755	190	0
756	188	0
757	173	0
758	205	0
759	199	0
760	200	0
761	202	0
762	207	0
763	202	0
764	212	0
765	198	0
766	209	0
767	204	0
768	205	0
769	226	0
770	188	0
771	216	0
772	195	0
773	217	0
774	195	0
775	188	0
776	194	0
777	193	0
778	201	0
779	198	0
780	227	0
781	180	0
782	184	0
783	224	0
784	184	0
785	211	0
786	158	0
787	176	0
788	202	0
789	183	0
790	194	0
791	178	0
792	177	0
793	202	0
794	197	0
795	201	0
796	168	0
797	181	0
798	216	0
799	194	0
800	194	0
801	183	0
802	215	0
803	195	0
804	175	0
805	202	0
806	187	0
807	205	0
808	171	0
809	210	0
810	219	0
811	190	0
812	146	0
813	187	0
814	182	0
815	187	0
816	201	0
817	204	0
818	182	0
819	175	0
820	201	0
821	192	0
822	211	0
823	215	0
824	166	0
825	191	0
826	213	0
827	203	0
828	211	0
829	177	0
830	206	0
831	186	0
832	170	0
833	210	0
834	165	0
835	211	0
836	204	0
837	224	0
838	238	0
839	191	0
840	204	0
841	176	0
842	184	0
843	207	0
844	173	0
845	211	0
846	186	0
847	209	0
848	198	0
849	195	0
850	186	0
851	165	0
852	197	0
853	184	0
854	214	0
855	202	0
856	195	0
857	196	0
858	184	0
859	170	0
860	208	0
861	219	0
862	195	0
863	193	0
864	163	0
865	211	0
866	180	0
867	180	0
868	178	0
869	194	0
870	207	0
871	206	0
872	181	0
873	203	0
874	194	0
875	213	0
876	188	0
877	185	0
878	190	0
879	222	0
880	203	0
881	181	0
882	189	0
883	205	0
884	203	0
885	194	0
886	206	0
887	173	0
888	172	0
889	196	0
890	193	0
891	178	0
892	199	0
893	189	0
894	192	0
895	210	0
896	207	0
897	196	0
898	211	0
899	199	0
900	196	0
901	176	0
902	209	0
903	180	0
904	185	0
905	219	0
906	185	0
907	190	0
908	192	0
909	175	0
910	209	0
911	188	0
912	190	0
913	201	0
914	227	0
915	227	0
916	190	0
917	202	0
918	195	0
919	198	0
920	202	0
921	219	0
922	175	0
923	224	0
924	191	0
925	208	0
926	209	0
927	204	0
928	183	0
929	184	0
930	216	0
931	197	0
932	191	0
933	203	0
934	193	0
935	215	0
936	180	0
937	208	0
938	186	0
939	220	0
940	175	0
941	213	0
942	198	0
943	207	0
944	182	0
945	215	0
946	195	0
947	194	0
948	200	0
949	211	0
950	202	0
951	207	0
952	205	0
953	177	0
954	209	0
955	199	0
956	188	0
957	190	0
958	204	0
959	222	0
960	181	0
961	189	0
962	203	0
963	193	0
964	174	0
965	203	0
966	228	0
967	218	0
968	201	0
969	213	0
970	201	0
971	204	0
972	204	0
973	170	0
974	197	0
975	192	0
976	203	0
977	179	0
978	185	0
979	203	0
980	199	0
981	202	0
982	209	0
983	174	0
984	209	0
985	182	0
986	205	0
987	175	0
988	182	0
989	173	0
990	202	0
991	203	0
992	169	0
993	210	0
994	192	0
995	197	0
996	210	0
997	191	0
998	202	0
999	196	0
1000	221	0
1001	187	0
1002	199	0
1003	200	0
1004	178	0
1005	207	0
1006	200	0
1007	229	0
1008	195	0
1009	192	0
1010	183	0
1011	205	0
1012	213	0
1013	223	0
1014	195	0
1015	210	0
1016	202	0
1017	182	0
1018	202	0
1019	193	0
1020	203	0
1021	188	0
1022	186	0
1023	216	0
1024	181	0
1025	198	0
1026	223	0
1027	198	0
1028	198	0
1029	191	0
1030	200	0
1031	201	0
1032	189	0
1033	179	0
1034	188	0
1035	192	0
1036	177	0
1037	218	0
1038	196	0
1039	199	0
1040	183	0
1041	211	0
1042	187	0
1043	197	0
1044	183	0
1045	186	0
1046	153	0
1047	185	0
1048	208	0
1049	169	0
1050	171	0
1051	207	0
1052	193	0
1053	206	0
1054	176	0
1055	195	0
1056	186	0
1057	184	0
1058	221	0
1059	182	0
1060	212	0
1061	200	0
1062	209	0
1063	169	0
1064	196	0
1065	189	0
1066	195	0
1067	201	0
1068	194	0
1069	189	0
1070	210	0
1071	217	0
1072	173	0
1073	200	0
1074	187	0
1075	192	0
1076	198	0
1077	178	0
1078	199	0
1079	183	0
1080	185	0
1081	196	0
1082	206	0
1083	201	0
1084	185	0
1085	201	0
1086	200	0
1087	187	0
1088	188	0
1089	206	0
1090	200	0
1091	216	0
1092	214	0
1093	174	0
1094	200	0
1095	179	0
1096	199	0
1097	210	0
1098	201	0
1099	193	0
1100	199	0
1101	213	0
1102	174	0
1103	199	0
1104	189	0
1105	161	0
1106	187	0
1107	229	0
1108	238	0
1109	217	0
1110	176	0
1111	197	0
1112	213	0
1113	185	0
1114	171	0
1115	185	0
1116	199	0
1117	205	0
1118	188	0
1119	191	0
1120	179	0
1121	182	0
1122	197	0
1123	187	0
1124	178	0
1125	183	0
1126	190	0
1127	204	0
1128	221	0
1129	215	0
1130	173	0
1131	204	0
1132	202	0
1133	208	0
1134	193	0
1135	179	0
1136	195	0
1137	198	0
1138	201	0
1139	196	0
1140	175	0
1141	204	0
1142	205	0
1143	202	0
1144	207	0
1145	227	0
1146	186	0
1147	198	0
1148	176	0
1149	225	0
1150	195	0
1151	217	0
1152	217	0
1153	216	0
1154	200	0
1155	199	0
1156	212	0
1157	228	0
1158	208	0
1159	195	0
1160	188	0
1161	195	0
1162	186	0
1163	220	0
1164	239	0
1165	173	0
1166	181	0
1167	189	0
1168	203	0
1169	171	0
1170	189	0
1171	200	0
1172	184	0
1173	179	0
1174	215	0
1175	184	0
1176	195	0
1177	212	0
1178	219	0
1179	182	0
1180	195	0
1181	176	0
1182	225	0
1183	192	0
1184	205	0
1185	219	0
1186	200	0
1187	229	0
1188	210	0
1189	204	0
1190	183	0
1191	206	0
1192	195	0
1193	208	0
1194	191	0
1195	214	0
1196	192	0
1197	208	0
1198	206	0
1199	167	0
1200	190	0
1201	191	0
1202	169	0
1203	208	0
1204	221	0
1205	201	0
1206	209	0
1207	233	0
1208	187	0
1209	205	0
1210	184	0
1211	193	0
1212	191	0
1213	191	0
1214	158	0
1215	186	0
1216	192	0
1217	189	0
1218	200	0
1219	176	0
1220	181	0
1221	183	0
1222	210	0
1223	217	0
1224	196	0
1225	203	0
1226	190	0
1227	201	0
1228	208	0
1229	193	0
1230	184	0
1231	202	0
1232	199	0
1233	197	0
1234	209	0
1235	207	0
1236	181	0
1237	208	0
1238	217	0
1239	190	0
1240	206	0
1241	200	0
1242	171	0
1243	187	0
1244	221	0
1245	194	0
1246	217	0
1247	209	0
1248	186	0
1249	196	0
1250	226	0
1251	193	0
1252	204	0
1253	181	0
1254	179	0
1255	194	0
1256	206	0
1257	193	0
1258	189	0
1259	217	0
1260	193	0
1261	217	0
1262	194	0
1263	192	0
1264	188	0
1265	207	0
1266	196	0
1267	193	0
1268	195	0
1269	216	0
1270	216	0
1271	201	0
1272	198	0
1273	202	0
1274	204	0
1275	195	0
1276	210	0
1277	181	0
1278	185	0
1279	217	0
1280	200	0
1281	182	0
1282	199	0
1283	203	0
1284	199	0
1285	197	0
1286	173	0
1287	182	0
1288	165	0
1289	187	0
1290	174	0
1291	181	0
1292	201	0
1293	198	0
1294	180	0
1295	175	0
1296	170	0
1297	201	0
1298	178	0
1299	194	0
1300	216	0
1301	219	0
1302	192	0
1303	198	0
1304	201	0
1305	219	0
1306	203	0
1307	186	0
1308	181	0
1309	185	0
1310	208	0
1311	183	0
1312	205	0
1313	193	0
1314	196	0
1315	197	0
1316	184	0
1317	184	0
1318	211	0
1319	206	0
1320	191	0
1321	189	0
1322	156	0
1323	199	0
1324	224	0
1325	199	0
1326	197	0
1327	207	0
1328	182	0
1329	197	0
1330	187	0
1331	193	0
1332	192	0
1333	184	0
1334	206	0
1335	182	0
1336	190	0
1337	182	0
1338	193	0
1339	198	0
1340	181	0
1341	218	0
1342	174	0
1343	203	0
1344	205	0
1345	197	0
1346	189	0
1347	194	0
1348	195	0
1349	187	0
1350	213	0
1351	190	0
1352	182	0
1353	206	0
1354	208	0
1355	195	0
1356	171	0
1357	171	0
1358	191	0
1359	192	0
1360	184	0
1361	206	0
1362	177	0
1363	194	0
1364	202	0
1365	200	0
1366	193	0
1367	165	0
1368	207	0
1369	200	0
1370	177	0
1371	176	0
1372	176	0
1373	185	0
1374	209	0
1375	176	0
1376	199	0
1377	200	0
1378	204	0
1379	191	0
1380	217	0
1381	216	0
1382	204	0
1383	203	0
1384	216	0
1385	198	0
1386	198	0
1387	171	0
1388	185	0
1389	191	0
1390	206	0
1391	197	0
1392	204	0
1393	211	0
1394	168	0
1395	217	0
1396	192	0
1397	207	0
1398	174	0
1399	209	0
1400	209	0
1401	250	0
1402	185	0
1403	194	0
1404	177	0
1405	200	0
1406	213	0
1407	209	0
1408	187	0
1409	198	0
1410	192	0
1411	222	0
1412	178	0
1413	197	0
1414	200	0
1415	198	0
1416	178	0
1417	175	0
1418	191	0
1419	194	0
1420	222	0
1421	194	0
1422	189	0
1423	185	0
1424	190	0
1425	195	0
1426	203	0
1427	207	0
1428	203	0
1429	201	0
1430	208	0
1431	222	0
1432	192	0
1433	210	0
1434	170	0
1435	194	0
1436	172	0
1437	168	0
1438	201	0
1439	215	0
1440	197	0
1441	221	0
1442	181	0
1443	199	0
1444	212	0
1445	173	0
1446	190	0
1447	206	0
1448	191	0
1449	183	0
1450	190	0
1451	201	0
1452	214	0
1453	211	0
1454	216	0
1455	169	0
1456	213	0
1457	191	0
1458	175	0
1459	201	0
1460	173	0
1461	176	0
1462	194	0
1463	178	0
1464	188	0
1465	203	0
1466	201	0
1467	207	0
1468	190	0
1469	188	0
1470	193	0
1471	215	0
1472	211	0
1473	232	0
1474	187	0
1475	160	0
1476	207	0
1477	197	0
1478	207	0
1479	193	0
1480	200	0
1481	194	0
1482	174	0
1483	219	0
1484	222	0
1485	208	0
1486	180	0
1487	196	0
1488	193	0
1489	202	0
1490	173	0
1491	173	0
1492	205	0
1493	209	0
1494	180	0
1495	191	0
1496	193	0
1497	208	0
1498	213	0
1499	195	0
1500	181	0
1501	159	0
1502	186	0
1503	204	0
1504	192	0
1505	199	0
1506	171	0
1507	198	0
1508	196	0
1509	222	0
1510	185	0
1511	203	0
1512	207	0
1513	195	0
1514	207	0
1515	213	0
1516	202	0
1517	186	0
1518	189	0
1519	185	0
1520	223	0
1521	195	0
1522	197	0
1523	188	0
1524	175	0
1525	187	0
1526	197	0
1527	189	0
1528	191	0
1529	198	0
1530	222	0
1531	179	0
1532	198	0
1533	175	0
1534	185	0
1535	179	0
1536	172	0
1537	174	0
1538	186	0
1539	201	0
1540	205	0
1541	200	0
1542	213	0
1543	208	0
1544	220	0
1545	201	0
1546	182	0
1547	201	0
1548	202	0
1549	184	0
1550	212	0
1551	190	0
1552	217	0
1553	209	0
1554	198	0
1555	180	0
1556	197	0
1557	211	0
1558	193	0
1559	200	0
1560	194	0
1561	225	0
1562	186	0
1563	179	0
1564	203	0
1565	193	0
1566	202	0
1567	191	0
1568	197	0
1569	162	0
1570	165	0
1571	195	0
1572	217	0
1573	177	0
1574	214	0
1575	200	0
1576	191	0
1577	216	0
1578	215	0
1579	202	0
1580	169	0
1581	206	0
1582	212	0
1583	172	0
1584	196	0
1585	201	0
1586	191	0
1587	197	0
1588	212	0
1589	221	0
1590	183	0
1591	182	0
1592	198	0
1593	217	0
1594	207	0
1595	192	0
1596	185	0
1597	213	0
1598	182	0
1599	206	0
1600	200	0
1601	216	0
1602	206	0
1603	195	0
1604	184	0
1605	193	0
1606	187	0
1607	194	0
1608	177	0
1609	169	0
1610	211	0
1611	199	0
1612	203	0
1613	202	0
1614	201	0
1615	192	0
1616	177	0
1617	194	0
1618	185	0
1619	183	0
1620	204	0
1621	187	0
1622	200	0
1623	190	0
1624	175	0
1625	179	0
1626	207	0
1627	191	0
1628	208	0
1629	211	0
1630	195	0
1631	204	0
1632	184	0
1633	218	0
1634	213	0
1635	188	0
1636	204	0
1637	197	0
1638	208	0
1639	209	0
1640	214	0
1641	210	0
1642	213	0
1643	200	0
1644	201	0
1645	190	0
1646	210	0
1647	199	0
1648	185	0
1649	207	0
1650	198	0
1651	216	0
1652	181	0
1653	203	0
1654	215	0
1655	187	0
1656	198	0
1657	217	0
1658	175	0
1659	187	0
1660	214	0
1661	197	0
1662	220	0
1663	216	0
1664	220	0
1665	211	0
1666	186	0
1667	206	0
1668	191	0
1669	200	0
1670	212	0
1671	199	0
1672	214	0
1673	193	0
1674	192	0
1675	174	0
1676	211	0
1677	192	0
1678	208	0
1679	188	0
1680	162	0
1681	229	0
1682	201	0
1683	184	0
1684	196	0
1685	172	0
1686	202	0
1687	207	0
1688	197	0
1689	198	0
1690	218	0
1691	228	0
1692	192	0
1693	213	0
1694	178	0
1695	193	0
1696	225	0
1697	198	0
1698	198	0
1699	176	0
1700	204	0
1701	197	0
1702	204	0
1703	236	0
1704	196	0
1705	191	0
1706	200	0
1707	176	0
1708	224	0
1709	193	0
1710	206	0
1711	182	0
1712	238	0
1713	191	0
1714	209	0
1715	203	0
1716	184	0
1717	227	0
1718	210	0
1719	184	0
1720	178	0
1721	202	0
1722	185	0
1723	215	0
1724	194	0
1725	204	0
1726	204	0
1727	210	0
1728	201	0
1729	197	0
1730	192	0
1731	197	0
1732	209	0
1733	176	0
1734	189	0
1735	171	0
1736	216	0
1737	203	0
1738	202	0
1739	205	0
1740	195	0
1741	213	0
1742	187	0
1743	179	0
1744	186	0
1745	208	0
1746	206	0
1747	217	0
1748	190	0
1749	195	0
1750	182	0
1751	187	0
1752	172	0
1753	190	0
1754	215	0
1755	183	0
1756	194	0
1757	220	0
1758	176	0
1759	210	0
1760	168	0
1761	209	0
1762	209	0
1763	227	0
1764	193	0
1765	233	0
1766	181	0
1767	200	0
1768	189	0
1769	203	0
1770	192	0
1771	193	0
1772	178	0
1773	193	0
1774	175	0
1775	209	0
1776	188	0
1777	197	0
1778	189	0
1779	184	0
1780	195	0
1781	178	0
1782	184	0
1783	178	0
1784	186	0
1785	178	0
1786	201	0
1787	208	0
1788	180	0
1789	207	0
1790	207	0
1791	205	0
1792	197	0
1793	203	0
1794	195	0
1795	175	0
1796	189	0
1797	187	0
1798	203	0
1799	191	0
1800	186	0
1801	197	0
1802	195	0
1803	210	0
1804	180	0
1805	200	0
1806	170	0
1807	208	0
1808	190	0
1809	188	0
1810	189	0
1811	184	0
1812	191	0
1813	212	0
1814	220	0
1815	172	0
1816	188	0
1817	193	0
1818	171	0
1819	196	0
1820	220	0
1821	189	0
1822	214	0
1823	202	0
1824	193	0
1825	177	0
1826	188	0
1827	212	0
1828	168	0
1829	180	0
1830	196	0
1831	200	0
1832	200	0
1833	183	0
1834	194	0
1835	195	0
1836	200	0
1837	207	0
1838	203	0
1839	184	0
1840	185	0
1841	206	0
1842	205	0
1843	180	0
1844	206	0
1845	222	0
1846	184	0
1847	187	0
1848	195	0
1849	178	0
1850	221	0
1851	162	0
1852	213	0
1853	168	0
1854	182	0
1855	182	0
1856	195	0
1857	196	0
1858	225	0
1859	205	0
1860	215	0
1861	183	0
1862	187	0
1863	188	0
1864	217	0
1865	206	0
1866	196	0
1867	199	0
1868	207	0
1869	208	0
1870	190	0
1871	182	0
1872	189	0
1873	211	0
1874	186	0
1875	208	0
1876	173	0
1877	189	0
1878	190	0
1879	189	0
1880	194	0
1881	181	0
1882	171	0
1883	164	0
1884	223	0
1885	163	0
1886	193	0
1887	189	0
1888	184	0
1889	227	0
1890	186	0
1891	190	0
1892	190	0
1893	210	0
1894	174	0
1895	186	0
1896	214	0
1897	209	0
1898	198	0
1899	183	0
1900	224	0
1901	199	0
1902	203	0
1903	205	0
1904	197	0
1905	215	0
1906	199	0
1907	197	0
1908	183	0
1909	187	0
1910	217	0
1911	202	0
1912	207	0
1913	187	0
1914	220	0
1915	175	0
1916	193	0
1917	208	0
1918	193	0
1919	189	0
1920	203	0
1921	201	0
1922	194	0
1923	235	0
1924	190	0
1925	176	0
1926	179	0
1927	193	0
1928	202	0
1929	194	0
1930	179	0
1931	214	0
1932	206	0
1933	219	0
1934	182	0
1935	158	0
1936	167	0
1937	184	0
1938	198	0
1939	206	0
1940	202	0
1941	193	0
1942	183	0
1943	193	0
1944	200	0
1945	184	0
1946	208	0
1947	168	0
1948	209	0
1949	206	0
1950	191	0
1951	203	0
1952	198	0
1953	188	0
1954	187	0
1955	208	0
1956	170	0
1957	185	0
1958	188	0
1959	177	0
1960	203	0
1961	195	0
1962	183	0
1963	220	0
1964	194	0
1965	222	0
1966	191	0
1967	200	0
1968	207	0
1969	196	0
1970	219	0
1971	202	0
1972	206	0
1973	213	0
1974	190	0
1975	206	0
1976	207	0
1977	188	0
1978	170	0
1979	221	0
1980	217	0
1981	174	0
1982	190	0
1983	164	0
1984	208	0
1985	207	0
1986	213	0
1987	196	0
1988	220	0
1989	200	0
1990	210	0
1991	183	0
1992	189	0
1993	180	0
1994	196	0
1995	196	0
1996	195	0
1997	215	0
1998	201	0
1999	184	0
2000	190	0
2001	186	0
2002	196	0
2003	182	0
2004	195	0
2005	202	0
2006	209	0
2007	226	0
2008	176	0
2009	219	0
2010	219	0
2011	196	0
2012	227	0
2013	198	0
2014	190	0
2015	185	0
2016	169	0
2017	180	0
2018	196	0
2019	158	0
2020	188	0
2021	186	0
2022	192	0
2023	191	0
2024	230	0
2025	201	0
2026	206	0
2027	199	0
2028	195	0
2029	210	0
2030	190	0
2031	206	0
2032	193	0
2033	192	0
2034	204	0
2035	191	0
2036	183	0
2037	207	0
2038	201	0
2039	201	0
2040	181	0
2041	189	0
2042	214	0
2043	214	0
2044	191	0
2045	191	0
2046	195	0
2047	199	0
2048	172	0
2049	198	0
2050	191	0
2051	186	0
2052	216	0
2053	189	0
2054	174	0
2055	194	0
2056	172	0
2057	199	0
2058	193	0
2059	177	0
2060	221	0
2061	214	0
2062	184	0
2063	186	0
2064	199	0
2065	205	0
2066	162	0
2067	196	0
2068	191	0
2069	189	0
2070	204	0
2071	193	0
2072	209	0
2073	180	0
2074	217	0
2075	166	0
2076	154	0
2077	208	0
2078	220	0
2079	189	0
2080	193	0
2081	203	0
2082	209	0
2083	217	0
2084	177	0
2085	205	0
2086	195	0
2087	176	0
2088	178	0
2089	176	0
2090	197	0
2091	198	0
2092	202	0
2093	177	0
2094	223	0
2095	181	0
2096	188	0
2097	194	0
2098	208	0
2099	195	0
2100	189	0
2101	211	0
2102	194	0
2103	205	0
2104	174	0
2105	204	0
2106	208	0
2107	192	0
2108	186	0
2109	200	0
2110	163	0
2111	210	0
2112	180	0
2113	182	0
2114	198	0
2115	201	0
2116	180	0
2117	195	0
2118	202	0
2119	184	0
2120	204	0
2121	191	0
2122	223	0
2123	221	0
2124	173	0
2125	208	0
2126	209	0
2127	183	0
2128	174	0
2129	184	0
2130	207	0
2131	195	0
2132	204	0
2133	192	0
2134	215	0
2135	189	0
2136	179	0
2137	173	0
2138	216	0
2139	201	0
2140	202	0
2141	223	0
2142	196	0
2143	199	0
2144	185	0
2145	195	0
2146	193	0
2147	194	0
2148	206	0
2149	191	0
2150	180	0
2151	196	0
2152	231	0
2153	197	0
2154	189	0
2155	189	0
2156	191	0
2157	203	0
2158	188	0
2159	178	0
2160	175	0
2161	181	0
2162	174	0
2163	195	0
2164	203	0
2165	179	0
2166	186	0
2167	217	0
2168	203	0
2169	174	0
2170	192	0
2171	214	0
2172	157	0
2173	201	0
2174	207	0
2175	203	0
2176	219	0
2177	191	0
2178	191	0
2179	200	0
2180	196	0
2181	200	0
2182	189	0
2183	196	0
2184	221	0
2185	187	0
2186	215	0
2187	197	0
2188	221	0
2189	180	0
2190	239	0
2191	174	0
2192	201	0
2193	202	0
2194	187	0
2195	180	0
2196	219	0
2197	187	0
2198	196	0
2199	170	0
2200	198	0
2201	209	0
2202	199	0
2203	222	0
2204	179	0
2205	193	0
2206	192	0
2207	204	0
2208	193	0
2209	198	0
2210	201	0
2211	206	0
2212	183	0
2213	210	0
2214	194	0
2215	208	0
2216	159	0
2217	182	0
2218	181	0
2219	216	0
2220	184	0
2221	205	0
2222	180	0
2223	204	0
2224	208	0
2225	210	0
2226	222	0
2227	201	0
2228	194	0
2229	189	0
2230	186	0
2231	210	0
2232	206	0
2233	166	0
2234	208	0
2235	169	0
2236	228	0
2237	178	0
2238	200	0
2239	207	0
2240	183	0
2241	224	0
2242	209	0
2243	187	0
2244	160	0
2245	200	0
2246	210	0
2247	199	0
2248	174	0
2249	208	0
2250	202	0
2251	204	0
2252	179	0
2253	194	0
2254	226	0
2255	211	0
2256	184	0
2257	205	0
2258	190	0
2259	203	0
2260	173	0
2261	222	0
2262	186	0
2263	213	0
2264	207	0
2265	199	0
2266	218	0
2267	212	0
2268	192	0
2269	225	0
2270	212	0
2271	211	0
2272	177	0
2273	215	0
2274	174	0
2275	157	0
2276	187	0
2277	179	0
2278	196	0
2279	165	0
2280	210	0
2281	183	0
2282	196	0
2283	195	0
2284	155	0
2285	223	0
2286	204	0
2287	193	0
2288	194	0
2289	199	0
2290	186	0
2291	183	0
2292	185	0
2293	186	0
2294	199	0
2295	190	0
2296	165	0
2297	210	0
2298	190	0
2299	174	0
2300	191	0
2301	178	0
2302	189	0
2303	203	0
2304	175	0
2305	200	0
2306	217	0
2307	197	0
2308	180	0
2309	201	0
2310	200	0
2311	208	0
2312	195	0
2313	185	0
2314	199	0
2315	215	0
2316	236	0
2317	206	0
2318	186	0
2319	213	0
2320	175	0
2321	201	0
2322	174	0
2323	209	0
2324	195	0
2325	202	0
2326	194	0
2327	207	0
2328	197	0
2329	211	0
2330	182	0
2331	209	0
2332	188	0
2333	188	0
2334	209	0
2335	205	0
2336	207	0
2337	192	0
2338	200	0
2339	193	0
2340	214	0
2341	215	0
2342	198	0
2343	191	0
2344	213	0
2345	165	0
2346	179	0
2347	205	0
2348	222	0
2349	193	0
2350	193	0
2351	192	0
2352	206	0
2353	199	0
2354	167	0
2355	201	0
2356	194	0
2357	199	0
2358	175	0
2359	190	0
2360	184	0
2361	193	0
2362	206	0
2363	190	0
2364	199	0
2365	179	0
2366	208	0
2367	199	0
2368	185	0
2369	205	0
2370	223	0
2371	195	0
2372	207	0
2373	194	0
2374	165	0
2375	214	0
2376	200	0
2377	199	0
2378	208	0
2379	190	0
2380	205	0
2381	184	0
2382	191	0
2383	200	0
2384	200	0
2385	197	0
2386	206	0
2387	200	0
2388	218	0
2389	181	0
2390	195	0
2391	201	0
2392	191	0
2393	192	0
2394	200	0
2395	194	0
2396	203	0
2397	204	0
2398	182	0
2399	181	0
2400	210	0
2401	212	0
2402	229	0
2403	226	0
2404	191	0
2405	188	0
2406	172	0
2407	190	0
2408	177	0
2409	204	0
2410	190	0
2411	180	0
2412	192	0
2413	197	0
2414	196	0
2415	185	0
2416	201	0
2417	210	0
2418	201	0
2419	207	0
2420	195	0
2421	199	0
2422	200	0
2423	203	0
2424	194	0
2425	177	0
2426	193	0
2427	184	0
2428	165	0
2429	184	0
2430	215	0
2431	182	0
2432	219	0
2433	205	0
2434	199	0
2435	184	0
2436	207	0
2437	185	0
2438	185	0
2439	209	0
2440	210	0
2441	200	0
2442	185	0
2443	212	0
2444	192	0
2445	172	0
2446	195	0
2447	181	0
2448	196	0
2449	191	0
2450	186	0
2451	186	0
2452	170	0
2453	229	0
2454	193	0
2455	197	0
2456	201	0
2457	203	0
2458	185	0
2459	186	0
2460	194	0
2461	206	0
2462	208	0
2463	209	0
2464	216	0
2465	193	0
2466	213	0
2467	187	0
2468	178	0
2469	189	0
2470	199	0
2471	204	0
2472	162	0
2473	228	0
2474	200	0
2475	197	0
2476	172	0
2477	199	0
2478	189	0
2479	172	0
2480	194	0
2481	197	0
2482	188	0
2483	186	0
2484	187	0
2485	190	0
2486	189	0
2487	206	0
2488	212	0
2489	178	0
2490	193	0
2491	212	0
2492	194	0
2493	203	0
2494	195	0
2495	217	0
2496	194	0
2497	205	0
2498	191	0
2499	174	0
2500	218	0
2501	211	0
2502	215	0
2503	189	0
2504	209	0
2505	181	0
2506	210	0
2507	226	0
2508	193	0
2509	199	0
2510	209	0
2511	195	0
2512	188	0
2513	197	0
2514	191	0
2515	179	0
2516	224	0
2517	187	0
2518	183	0
2519	169	0
2520	169	0
2521	168	0
2522	190	0
2523	213	0
2524	183	0
2525	200	0
2526	195	0
2527	186	0
2528	190	0
2529	195	0
2530	186	0
2531	177	0
2532	198	0
2533	179	0
2534	215	0
2535	165	0
2536	193	0
2537	209	0
2538	208	0
2539	189	0
2540	180	0
2541	180	0
2542	181	0
2543	210	0
2544	200	0
2545	207	0
2546	206	0
2547	184	0
2548	186	0
2549	211	0
2550	210	0
2551	178	0
2552	184	0
2553	175	0
2554	205	0
2555	213	0
2556	175	0
2557	197	0
2558	177	0
2559	193	0
2560	205	0
2561	172	0
2562	190	0
2563	185	0
2564	199	0
2565	177	0
2566	213	0
2567	212	0
2568	200	0
2569	200	0
2570	173	0
2571	198	0
2572	192	0
2573	165	0
2574	214	0
2575	183	0
2576	195	0
2577	193	0
2578	196	0
2579	199	0
2580	183	0
2581	226	0
2582	188	0
2583	211	0
2584	206	0
2585	195	0
2586	207	0
2587	186	0
2588	202	0
2589	182	0
2590	193	0
2591	195	0
2592	205	0
2593	196	0
2594	189	0
2595	185	0
2596	173	0
2597	176	0
2598	195	0
2599	206	0
2600	205	0
2601	206	0
2602	189	0
2603	182	0
2604	174	0
2605	216	0
2606	188	0
2607	193	0
2608	219	0
2609	188	0
2610	190	0
2611	219	0
2612	192	0
2613	201	0
2614	192	0
2615	190	0
2616	213	0
2617	208	0
2618	188	0
2619	194	0
2620	221	0
2621	209	0
2622	218	0
2623	203	0
2624	157	0
2625	197	0
2626	210	0
2627	209	0
2628	207	0
2629	175	0
2630	206	0
2631	208	0
2632	211	0
2633	209	0
2634	201	0
2635	196	0
2636	179	0
2637	165	0
2638	198	0
2639	215	0
2640	197	0
2641	224	0
2642	222	0
2643	189	0
2644	210	0
2645	225	0
2646	217	0
2647	213	0
2648	203	0
2649	182	0
2650	199	0
2651	195	0
2652	216	0
2653	209	0
2654	209	0
2655	174	0
2656	190	0
2657	230	0
2658	185	0
2659	197	0
2660	187	0
2661	195	0
2662	185	0
2663	203	0
2664	196	0
2665	198	0
2666	206	0
2667	204	0
2668	195	0
2669	191	0
2670	206	0
2671	198	0
2672	203	0
2673	176	0
2674	198	0
2675	202	0
2676	193	0
2677	225	0
2678	201	0
2679	220	0
2680	186	0
2681	225	0
2682	226	0
2683	179	0
2684	197	0
2685	211	0
2686	177	0
2687	207	0
2688	198	0
2689	221	0
2690	193	0
2691	195	0
2692	216	0
2693	181	0
2694	167	0
2695	166	0
2696	191	0
2697	207	0
2698	210	0
2699	197	0
2700	185	0
2701	198	0
2702	199	0
2703	188	0
2704	199	0
2705	191	0
2706	199	0
2707	184	0
2708	215	0
2709	224	0
2710	204	0
2711	201	0
2712	202	0
2713	167	0
2714	188	0
2715	215	0
2716	210	0
2717	191	0
2718	169	0
2719	199	0
2720	188	0
2721	186	0
2722	182	0
2723	184	0
2724	197	0
2725	185	0
2726	195	0
2727	199	0
2728	183	0
2729	204	0
2730	200	0
2731	204	0
2732	211	0
2733	198	0
2734	190	0
2735	192	0
2736	196	0
2737	200	0
2738	190	0
2739	220	0
2740	168	0
2741	194	0
2742	188	0
2743	201	0
2744	188	0
2745	211	0
2746	170	0
2747	182	0
2748	191	0
2749	201	0
2750	182	0
2751	213	0
2752	208	0
2753	180	0
2754	207	0
2755	194	0
2756	192	0
2757	204	0
2758	195	0
2759	201	0
2760	203	0
2761	168	0
2762	210	0
2763	207	0
2764	194	0
2765	224	0
2766	225	0
2767	209	0
2768	189	0
2769	189	0
2770	175	0
2771	196	0
2772	216	0
2773	198	0
2774	216	0
2775	223	0
2776	185	0
2777	211	0
2778	197	0
2779	215	0
2780	191	0
2781	203	0
2782	200	0
2783	183	0
2784	191	0
2785	200	0
2786	197	0
2787	193	0
2788	201	0
2789	203	0
2790	202	0
2791	182	0
2792	200	0
2793	188	0
2794	216	0
2795	200	0
2796	177	0
2797	200	0
2798	207	0
2799	198	0
2800	218	0
2801	187	0
2802	175	0
2803	165	0
2804	176	0
2805	203	0
2806	199	0
2807	204	0
2808	197	0
2809	223	0
2810	225	0
2811	208	0
2812	197	0
2813	189	0
2814	177	0
2815	193	0
2816	179	0
2817	214	0
2818	191	0
2819	177	0
2820	170	0
2821	183	0
2822	187	0
2823	204	0
2824	171	0
2825	178	0
2826	154	0
2827	186	0
2828	191	0
2829	221	0
2830	201	0
2831	170	0
2832	186	0
2833	192	0
2834	200	0
2835	195	0
2836	193	0
2837	206	0
2838	184	0
2839	216	0
2840	182	0
2841	201	0
2842	217	0
2843	234	0
2844	209	0
2845	204	0
2846	171	0
2847	194	0
2848	209	0
2849	188	0
2850	194	0
2851	212	0
2852	174	0
2853	203	0
2854	195	0
2855	190	0
2856	188	0
2857	189	0
2858	205	0
2859	191	0
2860	187	0
2861	189	0
2862	206	0
2863	199	0
2864	208	0
2865	209	0
2866	209	0
2867	205	0
2868	188	0
2869	197	0
2870	189	0
2871	200	0
2872	185	0
2873	183	0
2874	183	0
2875	172	0
2876	170	0
2877	198	0
2878	194	0
2879	194	0
2880	182	0
2881	185	0
2882	199	0
2883	229	0
2884	216	0
2885	209	0
2886	207	0
2887	194	0
2888	217	0
2889	186	0
2890	194	0
2891	235	0
2892	191	0
2893	199	0
2894	200	0
2895	191	0
2896	203	0
2897	199	0
2898	205	0
2899	202	0
2900	216	0
2901	165	0
2902	185	0
2903	216	0
2904	205	0
2905	207	0
2906	189	0
2907	186	0
2908	207	0
2909	168	0
2910	209	0
2911	204	0
2912	182	0
2913	190	0
2914	192	0
2915	188	0
2916	220	0
2917	214	0
2918	182	0
2919	167	0
2920	191	0
2921	229	0
2922	213	0
2923	200	0
2924	192	0
2925	223	0
2926	205	0
2927	189	0
2928	193	0
2929	200	0
2930	199	0
2931	199	0
2932	189	0
2933	192	0
2934	168	0
2935	193	0
2936	208	0
2937	208	0
2938	204	0
2939	197	0
2940	204	0
2941	183	0
2942	205	0
2943	215	0
2944	210	0
2945	220	0
2946	215	0
2947	222	0
2948	216	0
2949	185	0
2950	175	0
2951	183	0
2952	200	0
2953	200	0
2954	197	0
2955	216	0
2956	207	0
2957	190	0
2958	192	0
2959	204	0
2960	189	0
2961	203	0
2962	206	0
2963	214	0
2964	225	0
2965	213	0
2966	182	0
2967	188	0
2968	202	0
2969	183	0
2970	187	0
2971	192	0
2972	181	0
2973	210	0
2974	234	0
2975	210	0
2976	201	0
2977	202	0
2978	212	0
2979	192	0
2980	203	0
2981	189	0
2982	211	0
2983	198	0
2984	204	0
2985	196	0
2986	185	0
2987	205	0
2988	182	0
2989	211	0
2990	211	0
2991	191	0
2992	184	0
2993	186	0
2994	204	0
2995	194	0
2996	202	0
2997	191	0
2998	198	0
2999	176	0
3000	180	0
