1	169	0
2	200	0
3	202	0
4	177	0
5	203	0
6	204	0
7	210	0
8	182	0
9	212	0
10	177	0
11	184	0
12	189	0
13	169	0
14	201	0
15	183	0
16	157	0
17	207	0
18	176	0
19	216	0
20	236	0
21	185	0
22	203	0
23	191	0
24	194	0
25	169	0
26	200	0
27	186	0
28	190	0
29	204	0
30	193	0
31	178	0
32	198	0
33	178	0
34	188	0
35	200	0
36	206	0
37	197	0
38	184	0
39	213	0
40	212	0
41	206	0
42	192	0
43	191	0
44	196	0
45	182	0
46	201	0
47	178	0
48	188	0
49	255	0
50	204	0
51	209	0
52	178	0
53	185	0
54	196	0
55	212	0
56	178	0
57	206	0
58	191	0
59	204	0
60	186	0
61	178	0
62	204	0
63	195	0
64	182	0
65	176	0
66	208	0
67	203	0
68	211	0
69	205	0
70	211	0
71	188	0
72	235	0
73	195	0
74	179	0
75	196	0
76	222	0
77	180	0
78	216	0
79	174	0
80	195	0
81	202	0
82	200	0
83	200	0
84	190	0
85	190	0
86	233	0
87	222	0
88	228	0
89	213	0
90	178	0
91	167	0
92	182	0
93	207	0
94	182	0
95	231	0
96	211	0
97	194	0
98	192	0
99	201	0
100	170	0
101	222	0
102	170	0
103	202	0
104	210	0
105	184	0
106	207	0
107	189	0
108	184	0
109	179	0
110	186	0
111	214	0
112	177	0
113	184	0
114	202	0
115	197	0
116	191	0
117	200	0
118	169	0
119	224	0
120	215	0
121	203	0
122	197	0
123	203	0
124	196	0
125	177	0
126	185	0
127	187	0
128	184	0
129	184	0
130	239	0
131	210	0
132	197	0
133	207	0
134	197	0
135	205	0
136	207	0
137	217	0
138	195	0
139	200	0
140	194	0
141	195	0
142	209	0
143	178	0
144	191	0
145	199	0
146	205	0
147	200	0
148	204	0
149	187	0
150	213	0
151	200	0
152	200	0
153	223	0
154	197	0
155	177	0
156	193	0
157	191	0
158	196	0
159	192	0
160	189	0
161	198	0
162	202	0
163	184	0
164	173	0
165	200	0
166	220	0
167	216	0
168	207	0
169	191	0
170	214	0
171	178	0
172	187	0
173	177	0
174	175	0
175	194	0
176	185	0
177	178	0
178	205	0
179	224	0
180	184	0
181	226	0
182	187	0
183	221	0
184	206	0
185	182	0
186	207	0
187	197	0
188	182	0
189	214	0
190	200	0
191	207	0
192	168	0
193	196	0
194	182	0
195	196	0
196	220	0
197	211	0
198	185	0
199	203	0
200	222	0
201	169	0
202	220	0
203	202	0
204	188	0
205	192	0
206	187	0
207	189	0
208	205	0
209	180	0
210	174	0
211	203	0
212	176	0
213	220	0
214	188	0
215	181	0
216	200	0
217	229	0
218	183	0
219	199	0
220	190	0
221	174	0
222	181	0
223	180	0
224	197	0
225	203	0
226	220	0
227	168	0
228	195	0
229	205	0
230	211	0
231	208	0
232	228	0
233	202	0
234	156	0
235	200	0
236	178	0
237	215	0
238	184	0
239	194	0
240	193	0
241	195	0
242	210	0
243	203	0
244	197	0
245	212	0
246	201	0
247	197	0
248	183	0
249	183	0
250	219	0
251	190	0
252	181	0
253	198	0
254	186	0
255	169	0
256	197	0
257	218	0
258	199	0
259	202	0
260	209	0
261	179	0
262	193	0
263	228	0
264	220	0
265	186	0
266	174	0
267	192	0
268	201	0
269	178	0
270	225	0
271	187	0
272	191	0
273	213	0
274	177	0
275	252	0
276	202	0
277	192	0
278	181	0
279	200	0
280	194	0
281	220	0
282	211	0
283	176	0
284	180	0
285	200	0
286	182	0
287	200	0
288	204	0
289	214	0
290	212	0
291	211	0
292	176	0
293	200	0
294	191	0
295	205	0
296	169	0
297	199	0
298	189	0
299	211	0
300	174	0
301	205	0
302	195	0
303	190	0
304	181	0
305	186	0
306	180	0
307	184	0
308	193	0
309	210	0
310	215	0
311	188	0
312	207	0
313	196	0
314	193	0
315	184	0
316	202	0
317	206	0
318	218	0
319	207	0
320	191	0
321	202	0
322	192	0
323	186	0
324	189	0
325	171	0
326	188	0
327	172	0
328	185	0
329	188	0
330	176	0
331	192	0
332	186	0
333	207	0
334	205	0
335	194	0
336	190	0
337	193	0
338	178	0
339	200	0
340	198	0
341	178	0
342	190	0
343	225	0
344	174	0
345	177	0
346	191	0
347	182	0
348	219	0
349	178	0
350	220	0
351	197	0
352	163	0
353	221	0
354	219	0
355	203	0
356	224	0
357	192	0
358	205	0
359	194	0
360	194	0
361	186	0
362	183	0
363	210	0
364	215	0
365	156	0
366	191	0
367	175	0
368	207	0
369	204	0
370	182	0
371	204	0
372	213	0
373	188	0
374	232	0
375	204	0
376	173	0
377	201	0
378	205	0
379	201	0
380	187	0
381	171	0
382	177	0
383	190	0
384	213	0
385	209	0
386	189	0
387	219	0
388	204	0
389	199	0
390	203	0
391	163	0
392	200	0
393	179	0
394	211	0
395	175	0
396	196	0
397	213	0
398	195	0
399	177	0
400	174	0
401	196	0
402	206	0
403	206	0
404	208	0
405	208	0
406	216	0
407	197	0
408	168	0
409	214	0
410	186	0
411	193	0
412	187	0
413	181	0
414	234	0
415	187	0
416	184	0
417	171	0
418	200	0
419	210	0
420	199	0
421	171	0
422	170	0
423	210	0
424	212	0
425	194	0
426	186	0
427	207	0
428	189	0
429	193	0
430	207	0
431	216	0
432	207	0
433	175	0
434	189	0
435	194	0
436	205	0
437	196	0
438	185	0
439	175	0
440	189	0
441	210	0
442	231	0
443	198	0
444	209	0
445	194	0
446	212	0
447	191	0
448	205	0
449	200	0
450	205	0
451	174	0
452	201	0
453	221	0
454	180	0
455	200	0
456	188	0
457	223	0
458	233	0
459	205	0
460	203	0
461	198	0
462	180	0
463	186	0
464	232	0
465	200	0
466	177	0
467	174	0
468	172	0
469	187	0
470	186	0
471	206	0
472	194	0
473	201	0
474	212	0
475	232	0
476	188	0
477	198	0
478	177	0
479	208	0
480	185	0
481	190	0
482	199	0
483	178	0
484	206	0
485	221	0
486	195	0
487	208	0
488	190	0
489	189	0
490	178	0
491	184	0
492	182	0
493	208	0
494	195	0
495	186	0
496	196	0
497	218	0
498	201	0
499	194	0
500	181	0
501	201	0
502	201	0
503	202	0
504	196	0
505	216	0
506	199	0
507	161	0
508	191	0
509	199	0
510	204	0
511	187	0
512	215	0
513	209	0
514	242	0
515	196	0
516	216	0
517	204	0
518	175	0
519	203	0
520	186	0
521	203	0
522	200	0
523	197	0
524	200	0
525	216	0
526	192	0
527	197	0
528	202	0
529	198	0
530	203	0
531	212	0
532	190	0
533	209	0
534	197	0
535	197	0
536	186	0
537	187	0
538	192	0
539	199	0
540	189	0
541	240	0
542	185	0
543	189	0
544	185	0
545	233	0
546	187	0
547	186	0
548	200	0
549	188	0
550	193	0
551	190	0
552	171	0
553	214	0
554	186	0
555	196	0
556	198	0
557	231	0
558	188	0
559	196	0
560	182	0
561	204	0
562	194	0
563	210	0
564	191	0
565	190	0
566	188	0
567	188	0
568	210	0
569	213	0
570	180	0
571	173	0
572	228	0
573	177	0
574	183	0
575	176	0
576	184	0
577	207	0
578	184	0
579	211	0
580	203	0
581	217	0
582	213	0
583	206	0
584	199	0
585	209	0
586	160	0
587	169	0
588	210	0
589	203	0
590	199	0
591	209	0
592	197	0
593	214	0
594	189	0
595	184	0
596	216	0
597	182	0
598	185	0
599	206	0
600	167	0
601	194	0
602	209	0
603	199	0
604	186	0
605	191	0
606	182	0
607	185	0
608	170	0
609	191	0
610	220	0
611	192	0
612	176	0
613	173	0
614	237	0
615	212	0
616	194	0
617	183	0
618	206	0
619	214	0
620	195	0
621	187	0
622	229	0
623	184	0
624	219	0
625	204	0
626	181	0
627	197	0
628	200	0
629	207	0
630	202	0
631	194	0
632	213	0
633	216	0
634	194	0
635	205	0
636	189	0
637	204	0
638	208	0
639	199	0
640	206	0
641	216	0
642	200	0
643	195	0
644	199	0
645	192	0
646	192	0
647	195	0
648	190	0
649	181	0
650	202	0
651	204	0
652	170	0
653	186	0
654	183	0
655	201	0
656	198	0
657	207	0
658	204	0
659	192	0
660	193	0
661	186	0
662	184	0
663	200	0
664	197	0
665	173	0
666	176	0
667	209	0
668	213	0
669	225	0
670	187	0
671	207	0
672	193	0
673	162	0
674	187	0
675	197	0
676	179	0
677	186	0
678	199	0
679	177	0
680	179	0
681	197	0
682	194	0
683	206	0
684	195	0
685	210	0
686	202	0
687	190	0
688	198	0
689	219	0
690	189	0
691	187	0
692	191	0
693	210	0
694	209	0
695	177	0
696	211	0
697	213	0
698	210	0
699	194	0
700	210	0
701	176	0
702	203	0
703	202	0
704	210	0
705	213	0
706	186	0
707	188	0
708	200	0
709	189	0
710	188	0
711	197	0
712	229	0
713	201	0
714	211	0
715	207	0
716	201	0
717	176	0
718	207	0
719	192	0
720	199	0
721	195	0
722	187	0
723	191	0
724	183	0
725	190	0
726	192	0
727	202	0
728	204	0
729	203	0
730	196	0
731	200	0
732	204	0
733	213	0
734	184	0
735	201	0
736	204	0
737	197	0
738	196	0
739	212	0
740	185	0
741	215	0
742	169	0
743	177	0
744	180	0
745	183	0
746	203	0
747	186	0
748	193	0
749	214	0
750	219	0
751	193	0
752	201	0
753	186	0
754	201	0
755	192	0
756	188	0
757	185	0
758	213	0
759	192	0
760	202	0
761	199	0
762	190	0
763	203	0
764	191	0
765	167	0
766	220	0
767	193	0
768	178	0
769	181	0
770	190	0
771	194	0
772	215	0
773	181	0
774	195	0
775	202	0
776	193	0
777	188	0
778	203	0
779	187	0
780	187	0
781	195	0
782	168	0
783	211	0
784	191	0
785	195	0
786	188	0
787	167	0
788	230	0
789	226	0
790	214	0
791	178	0
792	180	0
793	183	0
794	195	0
795	210	0
796	212	0
797	190	0
798	191	0
799	176	0
800	185	0
801	191	0
802	174	0
803	191	0
804	197	0
805	213	0
806	174	0
807	195	0
808	210	0
809	218	0
810	224	0
811	198	0
812	173	0
813	191	0
814	216	0
815	196	0
816	203	0
817	193	0
818	207	0
819	198	0
820	198	0
821	197	0
822	186	0
823	219	0
824	199	0
825	195	0
826	197	0
827	176	0
828	213	0
829	208	0
830	204	0
831	199	0
832	215	0
833	190	0
834	184	0
835	194	0
836	196	0
837	209	0
838	189	0
839	176	0
840	195	0
841	193	0
842	174	0
843	179	0
844	194	0
845	194	0
846	191	0
847	184	0
848	189	0
849	200	0
850	214	0
851	206	0
852	187	0
853	195	0
854	190	0
855	193	0
856	197	0
857	183	0
858	180	0
859	194	0
860	185	0
861	197	0
862	189	0
863	186	0
864	202	0
865	191	0
866	179	0
867	201	0
868	219	0
869	209	0
870	190	0
871	185	0
872	174	0
873	222	0
874	202	0
875	214	0
876	202	0
877	225	0
878	222	0
879	183	0
880	204	0
881	182	0
882	214	0
883	193	0
884	223	0
885	159	0
886	202	0
887	163	0
888	186	0
889	210	0
890	211	0
891	201	0
892	197	0
893	186	0
894	204	0
895	209	0
896	179	0
897	177	0
898	186	0
899	192	0
900	202	0
901	205	0
902	203	0
903	205	0
904	178	0
905	174	0
906	208	0
907	220	0
908	221	0
909	179	0
910	192	0
911	202	0
912	194	0
913	198	0
914	184	0
915	204	0
916	209	0
917	218	0
918	168	0
919	185	0
920	175	0
921	189	0
922	197	0
923	190	0
924	204	0
925	189	0
926	176	0
927	199	0
928	194	0
929	207	0
930	189	0
931	200	0
932	183	0
933	208	0
934	201	0
935	200	0
936	201	0
937	186	0
938	184	0
939	219	0
940	199	0
941	200	0
942	190	0
943	193	0
944	203	0
945	187	0
946	189	0
947	194	0
948	198	0
949	185	0
950	191	0
951	188	0
952	201	0
953	209	0
954	201	0
955	206	0
956	207	0
957	213	0
958	198	0
959	212	0
960	210	0
961	227	0
962	207	0
963	207	0
964	171	0
965	191	0
966	192	0
967	178	0
968	202	0
969	182	0
970	205	0
971	200	0
972	219	0
973	214	0
974	206	0
975	179	0
976	185	0
977	222	0
978	191	0
979	180	0
980	203	0
981	214	0
982	215	0
983	210	0
984	216	0
985	190	0
986	218	0
987	193	0
988	191	0
989	180	0
990	197	0
991	205	0
992	200	0
993	182	0
994	200	0
995	207	0
996	191	0
997	178	0
998	205	0
999	206	0
1000	202	0
1001	192	0
1002	190	0
1003	192	0
1004	217	0
1005	220	0
1006	209	0
1007	183	0
1008	206	0
1009	211	0
1010	196	0
1011	209	0
1012	215	0
1013	188	0
1014	233	0
1015	178	0
1016	193	0
1017	197	0
1018	178	0
1019	199	0
1020	185	0
1021	178	0
1022	198	0
1023	179	0
1024	184	0
1025	184	0
1026	190	0
1027	205	0
1028	216	0
1029	203	0
1030	201	0
1031	179	0
1032	198	0
1033	197	0
1034	211	0
1035	193	0
1036	202	0
1037	204	0
1038	217	0
1039	199	0
1040	184	0
1041	196	0
1042	186	0
1043	212	0
1044	210	0
1045	170	0
1046	251	0
1047	180	0
1048	204	0
1049	191	0
1050	212	0
1051	198	0
1052	190	0
1053	221	0
1054	177	0
1055	194	0
1056	188	0
1057	201	0
1058	187	0
1059	189	0
1060	194	0
1061	207	0
1062	193	0
1063	212	0
1064	203	0
1065	205	0
1066	188	0
1067	193	0
1068	195	0
1069	210	0
1070	181	0
1071	200	0
1072	208	0
1073	194	0
1074	199	0
1075	199	0
1076	199	0
1077	216	0
1078	204	0
1079	177	0
1080	198	0
1081	202	0
1082	173	0
1083	198	0
1084	213	0
1085	185	0
1086	221	0
1087	201	0
1088	181	0
1089	188	0
1090	187	0
1091	182	0
1092	194	0
1093	191	0
1094	200	0
1095	171	0
1096	207	0
1097	200	0
1098	211	0
1099	187	0
1100	208	0
1101	195	0
1102	201	0
1103	179	0
1104	215	0
1105	194	0
1106	186	0
1107	207	0
1108	212	0
1109	186	0
1110	209	0
1111	191	0
1112	194	0
1113	204	0
1114	168	0
1115	186	0
1116	213	0
1117	190	0
1118	217	0
1119	217	0
1120	194	0
1121	211	0
1122	217	0
1123	194	0
1124	200	0
1125	188	0
1126	215	0
1127	204	0
1128	190	0
1129	208	0
1130	185	0
1131	178	0
1132	210	0
1133	194	0
1134	211	0
1135	227	0
1136	198	0
1137	221	0
1138	215	0
1139	203	0
1140	201	0
1141	203	0
1142	189	0
1143	192	0
1144	188	0
1145	200	0
1146	193	0
1147	185	0
1148	184	0
1149	194	0
1150	200	0
1151	213	0
1152	207	0
1153	189	0
1154	216	0
1155	193	0
1156	174	0
1157	204	0
1158	229	0
1159	197	0
1160	230	0
1161	184	0
1162	198	0
1163	210	0
1164	167	0
1165	229	0
1166	197	0
1167	171	0
1168	205	0
1169	209	0
1170	177	0
1171	194	0
1172	202	0
1173	205	0
1174	206	0
1175	219	0
1176	200	0
1177	191	0
1178	206	0
1179	209	0
1180	211	0
1181	179	0
1182	194	0
1183	214	0
1184	194	0
1185	181	0
1186	206	0
1187	205	0
1188	171	0
1189	188	0
1190	192	0
1191	207	0
1192	220	0
1193	194	0
1194	215	0
1195	185	0
1196	167	0
1197	178	0
1198	215	0
1199	200	0
1200	197	0
1201	191	0
1202	200	0
1203	232	0
1204	189	0
1205	205	0
1206	212	0
1207	197	0
1208	181	0
1209	206	0
1210	197	0
1211	203	0
1212	209	0
1213	201	0
1214	212	0
1215	179	0
1216	184	0
1217	195	0
1218	216	0
1219	172	0
1220	228	0
1221	189	0
1222	181	0
1223	198	0
1224	201	0
1225	193	0
1226	227	0
1227	179	0
1228	198	0
1229	180	0
1230	187	0
1231	190	0
1232	200	0
1233	226	0
1234	211	0
1235	173	0
1236	206	0
1237	211	0
1238	207	0
1239	209	0
1240	187	0
1241	208	0
1242	209	0
1243	208	0
1244	215	0
1245	166	0
1246	218	0
1247	220	0
1248	172	0
1249	190	0
1250	219	0
1251	202	0
1252	201	0
1253	216	0
1254	174	0
1255	179	0
1256	218	0
1257	182	0
1258	190	0
1259	191	0
1260	182	0
1261	200	0
1262	200	0
1263	176	0
1264	215	0
1265	170	0
1266	193	0
1267	206	0
1268	196	0
1269	208	0
1270	197	0
1271	193	0
1272	215	0
1273	211	0
1274	198	0
1275	199	0
1276	214	0
1277	166	0
1278	182	0
1279	191	0
1280	208	0
1281	181	0
1282	197	0
1283	204	0
1284	182	0
1285	203	0
1286	181	0
1287	210	0
1288	200	0
1289	187	0
1290	215	0
1291	192	0
1292	203	0
1293	199	0
1294	195	0
1295	191	0
1296	184	0
1297	195	0
1298	180	0
1299	234	0
1300	186	0
1301	208	0
1302	209	0
1303	189	0
1304	218	0
1305	205	0
1306	192	0
1307	184	0
1308	204	0
1309	195	0
1310	233	0
1311	216	0
1312	204	0
1313	203	0
1314	209	0
1315	179	0
1316	203	0
1317	180	0
1318	197	0
1319	207	0
1320	196	0
1321	197	0
1322	198	0
1323	182	0
1324	202	0
1325	212	0
1326	192	0
1327	191	0
1328	220	0
1329	182	0
1330	187	0
1331	180	0
1332	223	0
1333	205	0
1334	224	0
1335	201	0
1336	220	0
1337	178	0
1338	208	0
1339	187	0
1340	192	0
1341	186	0
1342	175	0
1343	192	0
1344	191	0
1345	216	0
1346	191	0
1347	200	0
1348	198	0
1349	202	0
1350	174	0
1351	195	0
1352	184	0
1353	178	0
1354	207	0
1355	201	0
1356	237	0
1357	195	0
1358	179	0
1359	188	0
1360	185	0
1361	200	0
1362	190	0
1363	190	0
1364	215	0
1365	215	0
1366	214	0
1367	226	0
1368	189	0
1369	180	0
1370	169	0
1371	180	0
1372	186	0
1373	190	0
1374	177	0
1375	198	0
1376	198	0
1377	177	0
1378	218	0
1379	203	0
1380	201	0
1381	191	0
1382	195	0
1383	191	0
1384	198	0
1385	203	0
1386	196	0
1387	206	0
1388	189	0
1389	202	0
1390	182	0
1391	183	0
1392	195	0
1393	201	0
1394	193	0
1395	201	0
1396	187	0
1397	197	0
1398	222	0
1399	188	0
1400	191	0
1401	203	0
1402	186	0
1403	188	0
1404	187	0
1405	185	0
1406	195	0
1407	197	0
1408	206	0
1409	207	0
1410	188	0
1411	181	0
1412	183	0
1413	197	0
1414	198	0
1415	216	0
1416	195	0
1417	218	0
1418	207	0
1419	186	0
1420	190	0
1421	214	0
1422	224	0
1423	182	0
1424	193	0
1425	187	0
1426	185	0
1427	201	0
1428	190	0
1429	195	0
1430	182	0
1431	201	0
1432	206	0
1433	200	0
1434	192	0
1435	194	0
1436	176	0
1437	187	0
1438	216	0
1439	230	0
1440	172	0
1441	191	0
1442	165	0
1443	195	0
1444	182	0
1445	206	0
1446	193	0
1447	205	0
1448	188	0
1449	221	0
1450	207	0
1451	206	0
1452	194	0
1453	199	0
1454	189	0
1455	184	0
1456	216	0
1457	202	0
1458	223	0
1459	225	0
1460	189	0
1461	176	0
1462	207	0
1463	181	0
1464	189	0
1465	202	0
1466	169	0
1467	204	0
1468	200	0
1469	176	0
1470	206	0
1471	171	0
1472	190	0
1473	210	0
1474	189	0
1475	174	0
1476	182	0
1477	221	0
1478	168	0
1479	206	0
1480	177	0
1481	192	0
1482	197	0
1483	205	0
1484	178	0
1485	218	0
1486	215	0
1487	219	0
1488	212	0
1489	196	0
1490	189	0
1491	186	0
1492	186	0
1493	217	0
1494	205	0
1495	216	0
1496	175	0
1497	182	0
1498	193	0
1499	179	0
1500	196	0
1501	208	0
1502	213	0
1503	196	0
1504	184	0
1505	198	0
1506	199	0
1507	192	0
1508	200	0
1509	186	0
1510	164	0
1511	219	0
1512	167	0
1513	187	0
1514	216	0
1515	200	0
1516	211	0
1517	173	0
1518	193	0
1519	207	0
1520	195	0
1521	195	0
1522	164	0
1523	193	0
1524	187	0
1525	201	0
1526	177	0
1527	196	0
1528	193	0
1529	213	0
1530	177	0
1531	221	0
1532	194	0
1533	198	0
1534	192	0
1535	184	0
1536	180	0
1537	211	0
1538	209	0
1539	183	0
1540	211	0
1541	187	0
1542	206	0
1543	196	0
1544	207	0
1545	209	0
1546	209	0
1547	202	0
1548	178	0
1549	196	0
1550	205	0
1551	196	0
1552	233	0
1553	206	0
1554	195	0
1555	193	0
1556	214	0
1557	185	0
1558	196	0
1559	183	0
1560	216	0
1561	196	0
1562	209	0
1563	197	0
1564	169	0
1565	213	0
1566	177	0
1567	196	0
1568	204	0
1569	185	0
1570	183	0
1571	180	0
1572	231	0
1573	211	0
1574	185	0
1575	188	0
1576	210	0
1577	187	0
1578	196	0
1579	196	0
1580	232	0
1581	203	0
1582	217	0
1583	184	0
1584	219	0
1585	194	0
1586	219	0
1587	197	0
1588	201	0
1589	192	0
1590	210	0
1591	182	0
1592	172	0
1593	216	0
1594	177	0
1595	213	0
1596	179	0
1597	204	0
1598	189	0
1599	203	0
1600	198	0
1601	186	0
1602	192	0
1603	199	0
1604	197	0
1605	197	0
1606	189	0
1607	162	0
1608	195	0
1609	208	0
1610	202	0
1611	213	0
1612	186	0
1613	212	0
1614	195	0
1615	174	0
1616	202	0
1617	176	0
1618	188	0
1619	202	0
1620	210	0
1621	204	0
1622	179	0
1623	176	0
1624	191	0
1625	198	0
1626	185	0
1627	199	0
1628	194	0
1629	223	0
1630	188	0
1631	183	0
1632	208	0
1633	187	0
1634	201	0
1635	214	0
1636	179	0
1637	184	0
1638	205	0
1639	182	0
1640	220	0
1641	206	0
1642	196	0
1643	177	0
1644	199	0
1645	184	0
1646	188	0
1647	189	0
1648	192	0
1649	213	0
1650	204	0
1651	183	0
1652	202	0
1653	188	0
1654	193	0
1655	210	0
1656	190	0
1657	192	0
1658	190	0
1659	209	0
1660	205	0
1661	196	0
1662	183	0
1663	169	0
1664	222	0
1665	185	0
1666	221	0
1667	210	0
1668	202	0
1669	211	0
1670	164	0
1671	215	0
1672	200	0
1673	201	0
1674	196	0
1675	161	0
1676	190	0
1677	212	0
1678	205	0
1679	215	0
1680	222	0
1681	177	0
1682	198	0
1683	178	0
1684	203	0
1685	179	0
1686	196	0
1687	192	0
1688	179	0
1689	189	0
1690	174	0
1691	204	0
1692	203	0
1693	185	0
1694	199	0
1695	190	0
1696	198	0
1697	201	0
1698	167	0
1699	170	0
1700	208	0
1701	186	0
1702	182	0
1703	205	0
1704	176	0
1705	196	0
1706	219	0
1707	180	0
1708	186	0
1709	195	0
1710	196	0
1711	170	0
1712	202	0
1713	198	0
1714	194	0
1715	212	0
1716	165	0
1717	196	0
1718	191	0
1719	199	0
1720	176	0
1721	217	0
1722	156	0
1723	197	0
1724	196	0
1725	194	0
1726	186	0
1727	201	0
1728	200	0
1729	173	0
1730	193	0
1731	209	0
1732	219	0
1733	182	0
1734	200	0
1735	197	0
1736	198	0
1737	225	0
1738	204	0
1739	186	0
1740	184	0
1741	197	0
1742	206	0
1743	207	0
1744	204	0
1745	202	0
1746	209	0
1747	185	0
1748	220	0
1749	191	0
1750	213	0
1751	200	0
1752	194	0
1753	208	0
1754	211	0
1755	203	0
1756	227	0
1757	191	0
1758	230	0
1759	180	0
1760	167	0
1761	178	0
1762	165	0
1763	196	0
1764	179	0
1765	229	0
1766	204	0
1767	191	0
1768	212	0
1769	217	0
1770	210	0
1771	202	0
1772	200	0
1773	189	0
1774	206	0
1775	223	0
1776	191	0
1777	208	0
1778	191	0
1779	187	0
1780	182	0
1781	194	0
1782	204	0
1783	207	0
1784	192	0
1785	217	0
1786	211	0
1787	192	0
1788	198	0
1789	207	0
1790	184	0
1791	186	0
1792	222	0
1793	208	0
1794	170	0
1795	197	0
1796	189	0
1797	232	0
1798	199	0
1799	204	0
1800	203	0
1801	214	0
1802	205	0
1803	204	0
1804	195	0
1805	195	0
1806	213	0
1807	212	0
1808	224	0
1809	190	0
1810	212	0
1811	197	0
1812	170	0
1813	198	0
1814	202	0
1815	216	0
1816	200	0
1817	224	0
1818	202	0
1819	195	0
1820	198	0
1821	217	0
1822	168	0
1823	211	0
1824	186	0
1825	199	0
1826	202	0
1827	200	0
1828	172	0
1829	212	0
1830	180	0
1831	202	0
1832	207	0
1833	206	0
1834	193	0
1835	183	0
1836	171	0
1837	183	0
1838	173	0
1839	195	0
1840	226	0
1841	209	0
1842	181	0
1843	195	0
1844	208	0
1845	226	0
1846	203	0
1847	201	0
1848	184	0
1849	204	0
1850	219	0
1851	235	0
1852	196	0
1853	195	0
1854	231	0
1855	199	0
1856	179	0
1857	169	0
1858	202	0
1859	189	0
1860	211	0
1861	221	0
1862	165	0
1863	193	0
1864	205	0
1865	189	0
1866	181	0
1867	159	0
1868	201	0
1869	204	0
1870	196	0
1871	216	0
1872	190	0
1873	194	0
1874	193	0
1875	198	0
1876	225	0
1877	187	0
1878	171	0
1879	186	0
1880	185	0
1881	189	0
1882	212	0
1883	206	0
1884	186	0
1885	194	0
1886	196	0
1887	209	0
1888	195	0
1889	205	0
1890	241	0
1891	195	0
1892	228	0
1893	207	0
1894	204	0
1895	203	0
1896	213	0
1897	182	0
1898	184	0
1899	171	0
1900	191	0
1901	178	0
1902	188	0
1903	225	0
1904	193	0
1905	210	0
1906	205	0
1907	215	0
1908	188	0
1909	184	0
1910	187	0
1911	188	0
1912	202	0
1913	187	0
1914	201	0
1915	209	0
1916	216	0
1917	176	0
1918	225	0
1919	199	0
1920	194	0
1921	190	0
1922	210	0
1923	212	0
1924	201	0
1925	206	0
1926	197	0
1927	177	0
1928	208	0
1929	211	0
1930	216	0
1931	191	0
1932	212	0
1933	178	0
1934	191	0
1935	191	0
1936	192	0
1937	197	0
1938	194	0
1939	186	0
1940	209	0
1941	191	0
1942	242	0
1943	225	0
1944	192	0
1945	187	0
1946	186	0
1947	207	0
1948	169	0
1949	198	0
1950	207	0
1951	190	0
1952	176	0
1953	187	0
1954	181	0
1955	167	0
1956	205	0
1957	205	0
1958	223	0
1959	189	0
1960	203	0
1961	189	0
1962	186	0
1963	209	0
1964	179	0
1965	201	0
1966	206	0
1967	192	0
1968	202	0
1969	187	0
1970	208	0
1971	188	0
1972	181	0
1973	190	0
1974	179	0
1975	205	0
1976	204	0
1977	208	0
1978	163	0
1979	200	0
1980	208	0
1981	205	0
1982	204	0
1983	206	0
1984	196	0
1985	168	0
1986	195	0
1987	169	0
1988	192	0
1989	208	0
1990	190	0
1991	165	0
1992	208	0
1993	215	0
1994	178	0
1995	178	0
1996	173	0
1997	204	0
1998	200	0
1999	201	0
2000	189	0
2001	184	0
2002	200	0
2003	182	0
2004	191	0
2005	209	0
2006	189	0
2007	218	0
2008	190	0
2009	212	0
2010	198	0
2011	211	0
2012	196	0
2013	216	0
2014	204	0
2015	202	0
2016	205	0
2017	223	0
2018	217	0
2019	194	0
2020	177	0
2021	204	0
2022	183	0
2023	184	0
2024	188	0
2025	200	0
2026	224	0
2027	206	0
2028	178	0
2029	203	0
2030	185	0
2031	213	0
2032	213	0
2033	214	0
2034	186	0
2035	213	0
2036	192	0
2037	198	0
2038	208	0
2039	193	0
2040	193	0
2041	180	0
2042	211	0
2043	185	0
2044	184	0
2045	214	0
2046	224	0
2047	208	0
2048	187	0
2049	206	0
2050	224	0
2051	203	0
2052	225	0
2053	193	0
2054	193	0
2055	182	0
2056	187	0
2057	214	0
2058	205	0
2059	189	0
2060	188	0
2061	166	0
2062	189	0
2063	186	0
2064	199	0
2065	196	0
2066	209	0
2067	192	0
2068	199	0
2069	198	0
2070	230	0
2071	193	0
2072	189	0
2073	228	0
2074	215	0
2075	210	0
2076	167	0
2077	194	0
2078	193	0
2079	187	0
2080	195	0
2081	213	0
2082	218	0
2083	183	0
2084	198	0
2085	200	0
2086	206	0
2087	197	0
2088	183	0
2089	208	0
2090	195	0
2091	230	0
2092	181	0
2093	188	0
2094	217	0
2095	207	0
2096	222	0
2097	198	0
2098	216	0
2099	191	0
2100	204	0
2101	226	0
2102	212	0
2103	227	0
2104	168	0
2105	192	0
2106	200	0
2107	178	0
2108	216	0
2109	191	0
2110	213	0
2111	184	0
2112	193	0
2113	200	0
2114	169	0
2115	212	0
2116	180	0
2117	187	0
2118	200	0
2119	202	0
2120	197	0
2121	165	0
2122	194	0
2123	208	0
2124	190	0
2125	211	0
2126	191	0
2127	219	0
2128	194	0
2129	200	0
2130	201	0
2131	195	0
2132	181	0
2133	192	0
2134	213	0
2135	204	0
2136	204	0
2137	179	0
2138	191	0
2139	197	0
2140	214	0
2141	206	0
2142	212	0
2143	213	0
2144	179	0
2145	214	0
2146	213	0
2147	198	0
2148	220	0
2149	223	0
2150	181	0
2151	214	0
2152	208	0
2153	176	0
2154	217	0
2155	216	0
2156	197	0
2157	215	0
2158	229	0
2159	186	0
2160	189	0
2161	232	0
2162	210	0
2163	215	0
2164	188	0
2165	185	0
2166	190	0
2167	203	0
2168	183	0
2169	196	0
2170	212	0
2171	192	0
2172	162	0
2173	201	0
2174	200	0
2175	210	0
2176	226	0
2177	197	0
2178	207	0
2179	218	0
2180	215	0
2181	202	0
2182	213	0
2183	176	0
2184	191	0
2185	209	0
2186	181	0
2187	193	0
2188	202	0
2189	186	0
2190	192	0
2191	182	0
2192	187	0
2193	187	0
2194	195	0
2195	221	0
2196	203	0
2197	217	0
2198	174	0
2199	187	0
2200	193	0
2201	169	0
2202	220	0
2203	213	0
2204	190	0
2205	205	0
2206	184	0
2207	184	0
2208	212	0
2209	218	0
2210	166	0
2211	222	0
2212	183	0
2213	222	0
2214	195	0
2215	190	0
2216	178	0
2217	216	0
2218	227	0
2219	189	0
2220	181	0
2221	204	0
2222	178	0
2223	206	0
2224	204	0
2225	208	0
2226	187	0
2227	202	0
2228	202	0
2229	179	0
2230	176	0
2231	204	0
2232	207	0
2233	189	0
2234	189	0
2235	195	0
2236	188	0
2237	184	0
2238	194	0
2239	191	0
2240	204	0
2241	185	0
2242	175	0
2243	185	0
2244	172	0
2245	208	0
2246	209	0
2247	186	0
2248	184	0
2249	192	0
2250	211	0
2251	211	0
2252	198	0
2253	184	0
2254	201	0
2255	184	0
2256	166	0
2257	208	0
2258	197	0
2259	212	0
2260	210	0
2261	172	0
2262	185	0
2263	225	0
2264	212	0
2265	194	0
2266	180	0
2267	183	0
2268	202	0
2269	221	0
2270	202	0
2271	188	0
2272	186	0
2273	211	0
2274	202	0
2275	229	0
2276	200	0
2277	205	0
2278	197	0
2279	198	0
2280	196	0
2281	194	0
2282	206	0
2283	184	0
2284	202	0
2285	193	0
2286	200	0
2287	192	0
2288	211	0
2289	187	0
2290	172	0
2291	219	0
2292	194	0
2293	202	0
2294	207	0
2295	215	0
2296	209	0
2297	171	0
2298	180	0
2299	185	0
2300	199	0
2301	191	0
2302	185	0
2303	205	0
2304	225	0
2305	207	0
2306	194	0
2307	195	0
2308	202	0
2309	190	0
2310	195	0
2311	182	0
2312	203	0
2313	187	0
2314	204	0
2315	195	0
2316	196	0
2317	212	0
2318	207	0
2319	185	0
2320	196	0
2321	213	0
2322	194	0
2323	184	0
2324	186	0
2325	185	0
2326	216	0
2327	182	0
2328	195	0
2329	214	0
2330	204	0
2331	188	0
2332	192	0
2333	217	0
2334	174	0
2335	190	0
2336	173	0
2337	191	0
2338	196	0
2339	164	0
2340	183	0
2341	206	0
2342	203	0
2343	172	0
2344	188	0
2345	217	0
2346	176	0
2347	178	0
2348	189	0
2349	199	0
2350	201	0
2351	192	0
2352	206	0
2353	201	0
2354	193	0
2355	181	0
2356	226	0
2357	177	0
2358	190	0
2359	189	0
2360	186	0
2361	190	0
2362	192	0
2363	161	0
2364	189	0
2365	200	0
2366	201	0
2367	220	0
2368	218	0
2369	194	0
2370	208	0
2371	189	0
2372	206	0
2373	222	0
2374	184	0
2375	196	0
2376	202	0
2377	203	0
2378	183	0
2379	164	0
2380	206	0
2381	197	0
2382	186	0
2383	199	0
2384	197	0
2385	208	0
2386	180	0
2387	151	0
2388	187	0
2389	179	0
2390	197	0
2391	218	0
2392	205	0
2393	193	0
2394	203	0
2395	241	0
2396	217	0
2397	203	0
2398	170	0
2399	200	0
2400	183	0
2401	191	0
2402	205	0
2403	216	0
2404	185	0
2405	185	0
2406	202	0
2407	178	0
2408	211	0
2409	207	0
2410	206	0
2411	203	0
2412	200	0
2413	198	0
2414	220	0
2415	164	0
2416	207	0
2417	188	0
2418	207	0
2419	185	0
2420	198	0
2421	176	0
2422	184	0
2423	196	0
2424	183	0
2425	190	0
2426	212	0
2427	199	0
2428	193	0
2429	191	0
2430	198	0
2431	199	0
2432	183	0
2433	212	0
2434	204	0
2435	220	0
2436	205	0
2437	183	0
2438	199	0
2439	199	0
2440	215	0
2441	204	0
2442	201	0
2443	196	0
2444	186	0
2445	200	0
2446	205	0
2447	190	0
2448	215	0
2449	192	0
2450	171	0
2451	207	0
2452	196	0
2453	197	0
2454	203	0
2455	200	0
2456	207	0
2457	197	0
2458	185	0
2459	208	0
2460	202	0
2461	206	0
2462	204	0
2463	201	0
2464	168	0
2465	182	0
2466	188	0
2467	206	0
2468	195	0
2469	203	0
2470	186	0
2471	190	0
2472	214	0
2473	224	0
2474	195	0
2475	211	0
2476	238	0
2477	185	0
2478	216	0
2479	191	0
2480	209	0
2481	181	0
2482	187	0
2483	191	0
2484	202	0
2485	186	0
2486	212	0
2487	165	0
2488	184	0
2489	196	0
2490	207	0
2491	204	0
2492	197	0
2493	186	0
2494	204	0
2495	181	0
2496	203	0
2497	205	0
2498	185	0
2499	214	0
2500	192	0
2501	204	0
2502	169	0
2503	186	0
2504	199	0
2505	198	0
2506	218	0
2507	207	0
2508	193	0
2509	202	0
2510	197	0
2511	197	0
2512	206	0
2513	194	0
2514	199	0
2515	233	0
2516	178	0
2517	196	0
2518	179	0
2519	215	0
2520	199	0
2521	163	0
2522	191	0
2523	210	0
2524	181	0
2525	194	0
2526	204	0
2527	180	0
2528	203	0
2529	165	0
2530	185	0
2531	199	0
2532	208	0
2533	185	0
2534	179	0
2535	204	0
2536	184	0
2537	198	0
2538	186	0
2539	210	0
2540	194	0
2541	183	0
2542	217	0
2543	207	0
2544	168	0
2545	218	0
2546	202	0
2547	183	0
2548	201	0
2549	186	0
2550	195	0
2551	214	0
2552	178	0
2553	207	0
2554	218	0
2555	208	0
2556	183	0
2557	181	0
2558	214	0
2559	160	0
2560	182	0
2561	169	0
2562	195	0
2563	166	0
2564	201	0
2565	182	0
2566	187	0
2567	209	0
2568	179	0
2569	191	0
2570	203	0
2571	175	0
2572	183	0
2573	169	0
2574	194	0
2575	204	0
2576	205	0
2577	196	0
2578	205	0
2579	195	0
2580	198	0
2581	197	0
2582	189	0
2583	201	0
2584	184	0
2585	179	0
2586	189	0
2587	211	0
2588	197	0
2589	195	0
2590	202	0
2591	179	0
2592	194	0
2593	196	0
2594	213	0
2595	207	0
2596	207	0
2597	217	0
2598	208	0
2599	208	0
2600	201	0
2601	206	0
2602	169	0
2603	210	0
2604	175	0
2605	194	0
2606	197	0
2607	191	0
2608	210	0
2609	229	0
2610	218	0
2611	201	0
2612	203	0
2613	210	0
2614	201	0
2615	213	0
2616	208	0
2617	175	0
2618	206	0
2619	204	0
2620	199	0
2621	213	0
2622	183	0
2623	207	0
2624	198	0
2625	190	0
2626	228	0
2627	183	0
2628	196	0
2629	190	0
2630	201	0
2631	203	0
2632	209	0
2633	218	0
2634	186	0
2635	196	0
2636	203	0
2637	192	0
2638	208	0
2639	187	0
2640	210	0
2641	194	0
2642	183	0
2643	188	0
2644	204	0
2645	201	0
2646	179	0
2647	183	0
2648	197	0
2649	179	0
2650	217	0
2651	204	0
2652	192	0
2653	215	0
2654	194	0
2655	185	0
2656	208	0
2657	224	0
2658	191	0
2659	201	0
2660	218	0
2661	199	0
2662	178	0
2663	177	0
2664	203	0
2665	175	0
2666	210	0
2667	204	0
2668	168	0
2669	207	0
2670	205	0
2671	195	0
2672	227	0
2673	191	0
2674	218	0
2675	219	0
2676	167	0
2677	197	0
2678	206	0
2679	206	0
2680	193	0
2681	184	0
2682	162	0
2683	209	0
2684	214	0
2685	199	0
2686	187	0
2687	173	0
2688	212	0
2689	181	0
2690	186	0
2691	203	0
2692	193	0
2693	195	0
2694	210	0
2695	201	0
2696	199	0
2697	167	0
2698	178	0
2699	180	0
2700	207	0
2701	178	0
2702	212	0
2703	192	0
2704	182	0
2705	208	0
2706	199	0
2707	209	0
2708	198	0
2709	185	0
2710	179	0
2711	189	0
2712	182	0
2713	207	0
2714	205	0
2715	194	0
2716	200	0
2717	188	0
2718	203	0
2719	182	0
2720	189	0
2721	207	0
2722	186	0
2723	225	0
2724	194	0
2725	203	0
2726	203	0
2727	205	0
2728	203	0
2729	182	0
2730	202	0
2731	216	0
2732	201	0
2733	195	0
2734	194	0
2735	204	0
2736	174	0
2737	178	0
2738	170	0
2739	197	0
2740	199	0
2741	193	0
2742	176	0
2743	202	0
2744	202	0
2745	229	0
2746	209	0
2747	196	0
2748	211	0
2749	205	0
2750	209	0
2751	194	0
2752	210	0
2753	206	0
2754	196	0
2755	228	0
2756	197	0
2757	205	0
2758	209	0
2759	209	0
2760	238	0
2761	198	0
2762	202	0
2763	198	0
2764	209	0
2765	190	0
2766	187	0
2767	203	0
2768	226	0
2769	192	0
2770	194	0
2771	201	0
2772	202	0
2773	193	0
2774	198	0
2775	232	0
2776	168	0
2777	202	0
2778	175	0
2779	226	0
2780	201	0
2781	183	0
2782	207	0
2783	198	0
2784	206	0
2785	189	0
2786	219	0
2787	213	0
2788	186	0
2789	191	0
2790	179	0
2791	204	0
2792	211	0
2793	222	0
2794	191	0
2795	206	0
2796	198	0
2797	201	0
2798	202	0
2799	231	0
2800	191	0
2801	213	0
2802	190	0
2803	199	0
2804	217	0
2805	217	0
2806	204	0
2807	201	0
2808	201	0
2809	190	0
2810	189	0
2811	198	0
2812	197	0
2813	184	0
2814	205	0
2815	200	0
2816	199	0
2817	193	0
2818	196	0
2819	191	0
2820	178	0
2821	215	0
2822	201	0
2823	187	0
2824	181	0
2825	189	0
2826	201	0
2827	210	0
2828	178	0
2829	195	0
2830	228	0
2831	200	0
2832	197	0
2833	209	0
2834	211	0
2835	163	0
2836	191	0
2837	190	0
2838	204	0
2839	216	0
2840	181	0
2841	212	0
2842	188	0
2843	167	0
2844	222	0
2845	190	0
2846	215	0
2847	204	0
2848	216	0
2849	199	0
2850	195	0
2851	208	0
2852	168	0
2853	185	0
2854	220	0
2855	195	0
2856	211	0
2857	179	0
2858	189	0
2859	175	0
2860	195	0
2861	211	0
2862	178	0
2863	205	0
2864	185	0
2865	206	0
2866	203	0
2867	216	0
2868	199	0
2869	178	0
2870	201	0
2871	200	0
2872	204	0
2873	185	0
2874	191	0
2875	184	0
2876	187	0
2877	208	0
2878	196	0
2879	196	0
2880	226	0
2881	190	0
2882	187	0
2883	199	0
2884	201	0
2885	215	0
2886	181	0
2887	213	0
2888	225	0
2889	187	0
2890	208	0
2891	203	0
2892	188	0
2893	193	0
2894	179	0
2895	176	0
2896	202	0
2897	189	0
2898	202	0
2899	208	0
2900	177	0
2901	196	0
2902	192	0
2903	202	0
2904	192	0
2905	204	0
2906	214	0
2907	217	0
2908	201	0
2909	187	0
2910	206	0
2911	212	0
2912	209	0
2913	204	0
2914	199	0
2915	196	0
2916	181	0
2917	215	0
2918	215	0
2919	208	0
2920	209	0
2921	195	0
2922	201	0
2923	212	0
2924	198	0
2925	243	0
2926	225	0
2927	209	0
2928	199	0
2929	183	0
2930	198	0
2931	187	0
2932	215	0
2933	216	0
2934	166	0
2935	177	0
2936	166	0
2937	216	0
2938	195	0
2939	192	0
2940	200	0
2941	192	0
2942	211	0
2943	180	0
2944	197	0
2945	202	0
2946	197	0
2947	204	0
2948	199	0
2949	203	0
2950	224	0
2951	203	0
2952	218	0
2953	213	0
2954	217	0
2955	200	0
2956	195	0
2957	186	0
2958	197	0
2959	194	0
2960	187	0
2961	203	0
2962	213	0
2963	216	0
2964	216	0
2965	180	0
2966	204	0
2967	172	0
2968	187	0
2969	188	0
2970	189	0
2971	215	0
2972	201	0
2973	179	0
2974	197	0
2975	177	0
2976	179	0
2977	196	0
2978	182	0
2979	178	0
2980	216	0
2981	183	0
2982	221	0
2983	215	0
2984	186	0
2985	170	0
2986	226	0
2987	200	0
2988	201	0
2989	186	0
2990	190	0
2991	206	0
2992	180	0
2993	170	0
2994	169	0
2995	198	0
2996	195	0
2997	206	0
2998	210	0
2999	191	0
3000	194	0
