1	219	0
2	211	0
3	188	0
4	188	0
5	178	0
6	198	0
7	193	0
8	175	0
9	195	0
10	183	0
11	179	0
12	179	0
13	198	0
14	228	0
15	199	0
16	211	0
17	211	0
18	197	0
19	188	0
20	211	0
21	188	0
22	213	0
23	197	0
24	186	0
25	202	0
26	208	0
27	244	0
28	219	0
29	209	0
30	204	0
31	205	0
32	190	0
33	197	0
34	205	0
35	175	0
36	177	0
37	195	0
38	195	0
39	211	0
40	203	0
41	200	0
42	214	0
43	197	0
44	210	0
45	218	0
46	230	0
47	197	0
48	210	0
49	186	0
50	224	0
51	191	0
52	179	0
53	220	0
54	193	0
55	186	0
56	200	0
57	173	0
58	189	0
59	210	0
60	184	0
61	196	0
62	211	0
63	204	0
64	195	0
65	204	0
66	200	0
67	211	0
68	203	0
69	187	0
70	195	0
71	213	0
72	205	0
73	200	0
74	190	0
75	207	0
76	184	0
77	191	0
78	188	0
79	199	0
80	181	0
81	187	0
82	198	0
83	212	0
84	195	0
85	198	0
86	184	0
87	208	0
88	221	0
89	201	0
90	177	0
91	226	0
92	206	0
93	190	0
94	209	0
95	202	0
96	173	0
97	229	0
98	202	0
99	202	0
100	200	0
101	191	0
102	206	0
103	202	0
104	191	0
105	221	0
106	206	0
107	183	0
108	184	0
109	200	0
110	208	0
111	218	0
112	176	0
113	178	0
114	194	0
115	199	0
116	217	0
117	195	0
118	187	0
119	206	0
120	184	0
121	229	0
122	206	0
123	183	0
124	189	0
125	190	0
126	198	0
127	205	0
128	220	0
129	176	0
130	208	0
131	196	0
132	164	0
133	212	0
134	224	0
135	202	0
136	178	0
137	191	0
138	202	0
139	211	0
140	209	0
141	208	0
142	167	0
143	212	0
144	183	0
145	177	0
146	189	0
147	184	0
148	208	0
149	177	0
150	213	0
151	191	0
152	212	0
153	207	0
154	215	0
155	191	0
156	207	0
157	184	0
158	201	0
159	214	0
160	179	0
161	183	0
162	215	0
163	180	0
164	189	0
165	205	0
166	193	0
167	201	0
168	195	0
169	199	0
170	220	0
171	190	0
172	188	0
173	180	0
174	185	0
175	192	0
176	225	0
177	191	0
178	203	0
179	198	0
180	225	0
181	204	0
182	208	0
183	184	0
184	200	0
185	209	0
186	196	0
187	189	0
188	212	0
189	196	0
190	209	0
191	208	0
192	199	0
193	199	0
194	200	0
195	180	0
196	201	0
197	206	0
198	204	0
199	207	0
200	189	0
201	185	0
202	190	0
203	186	0
204	224	0
205	197	0
206	202	0
207	192	0
208	220	0
209	198	0
210	203	0
211	196	0
212	200	0
213	194	0
214	223	0
215	203	0
216	200	0
217	218	0
218	209	0
219	184	0
220	192	0
221	199	0
222	192	0
223	205	0
224	220	0
225	189	0
226	190	0
227	195	0
228	194	0
229	197	0
230	187	0
231	178	0
232	192	0
233	164	0
234	206	0
235	208	0
236	199	0
237	212	0
238	191	0
239	213	0
240	189	0
241	197	0
242	202	0
243	219	0
244	202	0
245	199	0
246	206	0
247	201	0
248	206	0
249	191	0
250	224	0
251	192	0
252	219	0
253	229	0
254	207	0
255	186	0
256	204	0
257	219	0
258	199	0
259	197	0
260	193	0
261	210	0
262	210	0
263	197	0
264	184	0
265	207	0
266	198	0
267	170	0
268	182	0
269	223	0
270	204	0
271	214	0
272	207	0
273	199	0
274	202	0
275	192	0
276	186	0
277	185	0
278	190	0
279	191	0
280	194	0
281	193	0
282	200	0
283	173	0
284	205	0
285	207	0
286	202	0
287	176	0
288	173	0
289	204	0
290	214	0
291	252	0
292	193	0
293	176	0
294	188	0
295	187	0
296	188	0
297	195	0
298	194	0
299	211	0
300	201	0
301	207	0
302	201	0
303	199	0
304	194	0
305	171	0
306	214	0
307	184	0
308	201	0
309	199	0
310	207	0
311	199	0
312	215	0
313	201	0
314	165	0
315	210	0
316	212	0
317	211	0
318	214	0
319	212	0
320	199	0
321	196	0
322	201	0
323	204	0
324	209	0
325	175	0
326	189	0
327	190	0
328	212	0
329	225	0
330	165	0
331	204	0
332	207	0
333	206	0
334	192	0
335	207	0
336	212	0
337	200	0
338	209	0
339	208	0
340	197	0
341	205	0
342	210	0
343	191	0
344	215	0
345	205	0
346	189	0
347	215	0
348	194	0
349	198	0
350	176	0
351	204	0
352	177	0
353	195	0
354	198	0
355	208	0
356	200	0
357	205	0
358	207	0
359	221	0
360	206	0
361	213	0
362	196	0
363	200	0
364	181	0
365	204	0
366	225	0
367	205	0
368	233	0
369	202	0
370	222	0
371	190	0
372	183	0
373	187	0
374	230	0
375	209	0
376	192	0
377	203	0
378	194	0
379	202	0
380	193	0
381	178	0
382	208	0
383	202	0
384	204	0
385	182	0
386	217	0
387	213	0
388	224	0
389	206	0
390	200	0
391	209	0
392	178	0
393	193	0
394	221	0
395	227	0
396	194	0
397	188	0
398	190	0
399	179	0
400	233	0
401	181	0
402	185	0
403	204	0
404	212	0
405	183	0
406	210	0
407	189	0
408	198	0
409	196	0
410	194	0
411	181	0
412	181	0
413	204	0
414	183	0
415	214	0
416	171	0
417	233	0
418	217	0
419	215	0
420	180	0
421	206	0
422	212	0
423	208	0
424	186	0
425	170	0
426	211	0
427	199	0
428	221	0
429	166	0
430	191	0
431	231	0
432	182	0
433	176	0
434	179	0
435	193	0
436	206	0
437	189	0
438	216	0
439	241	0
440	183	0
441	194	0
442	206	0
443	188	0
444	208	0
445	232	0
446	235	0
447	194	0
448	202	0
449	187	0
450	168	0
451	235	0
452	212	0
453	185	0
454	211	0
455	203	0
456	206	0
457	200	0
458	219	0
459	219	0
460	243	0
461	188	0
462	215	0
463	206	0
464	195	0
465	188	0
466	199	0
467	180	0
468	220	0
469	207	0
470	198	0
471	224	0
472	185	0
473	236	0
474	205	0
475	177	0
476	195	0
477	207	0
478	200	0
479	189	0
480	186	0
481	206	0
482	211	0
483	181	0
484	196	0
485	198	0
486	208	0
487	194	0
488	197	0
489	189	0
490	206	0
491	176	0
492	206	0
493	192	0
494	204	0
495	181	0
496	206	0
497	185	0
498	201	0
499	188	0
500	181	0
501	210	0
502	195	0
503	193	0
504	189	0
505	199	0
506	212	0
507	181	0
508	191	0
509	181	0
510	197	0
511	198	0
512	194	0
513	230	0
514	211	0
515	205	0
516	211	0
517	194	0
518	194	0
519	215	0
520	191	0
521	205	0
522	205	0
523	211	0
524	186	0
525	215	0
526	196	0
527	205	0
528	216	0
529	198	0
530	213	0
531	193	0
532	173	0
533	229	0
534	197	0
535	194	0
536	203	0
537	204	0
538	218	0
539	225	0
540	202	0
541	179	0
542	196	0
543	232	0
544	187	0
545	206	0
546	182	0
547	196	0
548	191	0
549	196	0
550	214	0
551	192	0
552	194	0
553	219	0
554	225	0
555	218	0
556	224	0
557	200	0
558	183	0
559	189	0
560	200	0
561	202	0
562	212	0
563	223	0
564	185	0
565	192	0
566	192	0
567	244	0
568	193	0
569	191	0
570	201	0
571	205	0
572	183	0
573	217	0
574	187	0
575	192	0
576	211	0
577	209	0
578	197	0
579	215	0
580	219	0
581	202	0
582	225	0
583	188	0
584	186	0
585	192	0
586	192	0
587	201	0
588	186	0
589	199	0
590	227	0
591	215	0
592	216	0
593	204	0
594	197	0
595	194	0
596	215	0
597	191	0
598	194	0
599	185	0
600	209	0
601	232	0
602	209	0
603	180	0
604	218	0
605	217	0
606	189	0
607	199	0
608	220	0
609	233	0
610	204	0
611	212	0
612	187	0
613	210	0
614	191	0
615	209	0
616	170	0
617	196	0
618	199	0
619	201	0
620	204	0
621	176	0
622	191	0
623	195	0
624	207	0
625	190	0
626	201	0
627	193	0
628	184	0
629	202	0
630	201	0
631	226	0
632	178	0
633	206	0
634	167	0
635	191	0
636	201	0
637	200	0
638	203	0
639	162	0
640	200	0
641	200	0
642	192	0
643	208	0
644	209	0
645	192	0
646	175	0
647	234	0
648	209	0
649	183	0
650	181	0
651	180	0
652	181	0
653	195	0
654	192	0
655	177	0
656	218	0
657	190	0
658	183	0
659	187	0
660	196	0
661	212	0
662	215	0
663	193	0
664	214	0
665	183	0
666	198	0
667	199	0
668	211	0
669	197	0
670	196	0
671	202	0
672	188	0
673	205	0
674	207	0
675	203	0
676	221	0
677	170	0
678	199	0
679	181	0
680	179	0
681	210	0
682	225	0
683	206	0
684	192	0
685	201	0
686	198	0
687	186	0
688	190	0
689	201	0
690	206	0
691	209	0
692	196	0
693	208	0
694	184	0
695	219	0
696	195	0
697	206	0
698	223	0
699	207	0
700	202	0
701	205	0
702	180	0
703	195	0
704	191	0
705	201	0
706	215	0
707	185	0
708	198	0
709	203	0
710	201	0
711	221	0
712	202	0
713	207	0
714	219	0
715	217	0
716	183	0
717	209	0
718	207	0
719	213	0
720	218	0
721	184	0
722	191	0
723	210	0
724	198	0
725	181	0
726	209	0
727	194	0
728	215	0
729	187	0
730	197	0
731	190	0
732	207	0
733	181	0
734	219	0
735	212	0
736	190	0
737	205	0
738	209	0
739	186	0
740	206	0
741	190	0
742	186	0
743	211	0
744	199	0
745	208	0
746	185	0
747	190	0
748	203	0
749	203	0
750	182	0
751	201	0
752	195	0
753	202	0
754	197	0
755	184	0
756	184	0
757	158	0
758	196	0
759	202	0
760	202	0
761	185	0
762	188	0
763	174	0
764	184	0
765	212	0
766	205	0
767	206	0
768	191	0
769	188	0
770	217	0
771	183	0
772	174	0
773	198	0
774	220	0
775	210	0
776	207	0
777	199	0
778	203	0
779	232	0
780	220	0
781	240	0
782	193	0
783	215	0
784	193	0
785	192	0
786	214	0
787	223	0
788	209	0
789	226	0
790	179	0
791	215	0
792	202	0
793	200	0
794	220	0
795	201	0
796	198	0
797	200	0
798	199	0
799	188	0
800	196	0
801	215	0
802	204	0
803	225	0
804	209	0
805	178	0
806	202	0
807	186	0
808	201	0
809	214	0
810	189	0
811	183	0
812	190	0
813	201	0
814	193	0
815	200	0
816	185	0
817	184	0
818	207	0
819	195	0
820	186	0
821	215	0
822	153	0
823	192	0
824	195	0
825	201	0
826	199	0
827	219	0
828	232	0
829	226	0
830	210	0
831	198	0
832	209	0
833	215	0
834	194	0
835	197	0
836	220	0
837	197	0
838	201	0
839	197	0
840	190	0
841	206	0
842	208	0
843	201	0
844	212	0
845	213	0
846	222	0
847	212	0
848	233	0
849	214	0
850	207	0
851	212	0
852	184	0
853	227	0
854	206	0
855	204	0
856	187	0
857	215	0
858	222	0
859	216	0
860	193	0
861	200	0
862	195	0
863	201	0
864	232	0
865	189	0
866	192	0
867	200	0
868	218	0
869	189	0
870	216	0
871	194	0
872	181	0
873	210	0
874	205	0
875	192	0
876	185	0
877	205	0
878	178	0
879	206	0
880	201	0
881	200	0
882	198	0
883	218	0
884	187	0
885	205	0
886	201	0
887	191	0
888	199	0
889	210	0
890	224	0
891	186	0
892	189	0
893	192	0
894	214	0
895	222	0
896	187	0
897	197	0
898	211	0
899	203	0
900	177	0
901	202	0
902	183	0
903	215	0
904	219	0
905	201	0
906	210	0
907	195	0
908	212	0
909	197	0
910	208	0
911	209	0
912	197	0
913	237	0
914	198	0
915	209	0
916	184	0
917	217	0
918	199	0
919	193	0
920	193	0
921	208	0
922	215	0
923	199	0
924	204	0
925	206	0
926	207	0
927	197	0
928	214	0
929	204	0
930	197	0
931	210	0
932	186	0
933	214	0
934	192	0
935	193	0
936	213	0
937	192	0
938	205	0
939	198	0
940	177	0
941	227	0
942	212	0
943	175	0
944	201	0
945	208	0
946	208	0
947	226	0
948	197	0
949	203	0
950	194	0
951	199	0
952	207	0
953	200	0
954	198	0
955	214	0
956	208	0
957	193	0
958	224	0
959	189	0
960	181	0
961	204	0
962	198	0
963	210	0
964	203	0
965	184	0
966	214	0
967	189	0
968	206	0
969	197	0
970	208	0
971	215	0
972	227	0
973	201	0
974	224	0
975	219	0
976	210	0
977	202	0
978	209	0
979	222	0
980	223	0
981	198	0
982	214	0
983	205	0
984	207	0
985	217	0
986	212	0
987	182	0
988	185	0
989	206	0
990	218	0
991	200	0
992	211	0
993	186	0
994	191	0
995	182	0
996	182	0
997	188	0
998	200	0
999	188	0
1000	201	0
1001	201	0
1002	196	0
1003	187	0
1004	163	0
1005	198	0
1006	204	0
1007	202	0
1008	218	0
1009	196	0
1010	228	0
1011	205	0
1012	216	0
1013	196	0
1014	217	0
1015	218	0
1016	217	0
1017	191	0
1018	222	0
1019	223	0
1020	191	0
1021	195	0
1022	176	0
1023	219	0
1024	201	0
1025	200	0
1026	193	0
1027	201	0
1028	232	0
1029	190	0
1030	227	0
1031	181	0
1032	199	0
1033	223	0
1034	187	0
1035	184	0
1036	223	0
1037	177	0
1038	198	0
1039	219	0
1040	174	0
1041	205	0
1042	182	0
1043	217	0
1044	217	0
1045	208	0
1046	193	0
1047	228	0
1048	189	0
1049	207	0
1050	192	0
1051	171	0
1052	190	0
1053	206	0
1054	176	0
1055	206	0
1056	197	0
1057	189	0
1058	199	0
1059	216	0
1060	190	0
1061	224	0
1062	200	0
1063	204	0
1064	223	0
1065	185	0
1066	220	0
1067	199	0
1068	197	0
1069	180	0
1070	221	0
1071	174	0
1072	208	0
1073	189	0
1074	195	0
1075	193	0
1076	196	0
1077	182	0
1078	206	0
1079	198	0
1080	199	0
1081	201	0
1082	206	0
1083	186	0
1084	212	0
1085	223	0
1086	206	0
1087	193	0
1088	194	0
1089	187	0
1090	206	0
1091	183	0
1092	214	0
1093	177	0
1094	180	0
1095	191	0
1096	210	0
1097	223	0
1098	228	0
1099	190	0
1100	209	0
1101	218	0
1102	179	0
1103	183	0
1104	200	0
1105	190	0
1106	200	0
1107	171	0
1108	202	0
1109	192	0
1110	223	0
1111	210	0
1112	193	0
1113	201	0
1114	202	0
1115	182	0
1116	214	0
1117	193	0
1118	222	0
1119	198	0
1120	214	0
1121	217	0
1122	196	0
1123	191	0
1124	204	0
1125	206	0
1126	207	0
1127	196	0
1128	202	0
1129	193	0
1130	199	0
1131	203	0
1132	209	0
1133	208	0
1134	181	0
1135	195	0
1136	184	0
1137	169	0
1138	179	0
1139	187	0
1140	175	0
1141	211	0
1142	204	0
1143	202	0
1144	241	0
1145	180	0
1146	188	0
1147	190	0
1148	212	0
1149	221	0
1150	194	0
1151	217	0
1152	199	0
1153	191	0
1154	198	0
1155	221	0
1156	194	0
1157	205	0
1158	196	0
1159	206	0
1160	175	0
1161	215	0
1162	194	0
1163	224	0
1164	233	0
1165	212	0
1166	195	0
1167	177	0
1168	190	0
1169	203	0
1170	186	0
1171	214	0
1172	192	0
1173	201	0
1174	217	0
1175	203	0
1176	188	0
1177	171	0
1178	215	0
1179	210	0
1180	210	0
1181	193	0
1182	229	0
1183	191	0
1184	194	0
1185	207	0
1186	198	0
1187	207	0
1188	211	0
1189	208	0
1190	212	0
1191	210	0
1192	202	0
1193	174	0
1194	191	0
1195	181	0
1196	193	0
1197	197	0
1198	195	0
1199	187	0
1200	185	0
1201	210	0
1202	189	0
1203	217	0
1204	167	0
1205	198	0
1206	213	0
1207	179	0
1208	206	0
1209	197	0
1210	192	0
1211	207	0
1212	197	0
1213	190	0
1214	199	0
1215	217	0
1216	193	0
1217	219	0
1218	191	0
1219	220	0
1220	179	0
1221	243	0
1222	208	0
1223	223	0
1224	194	0
1225	187	0
1226	208	0
1227	203	0
1228	191	0
1229	177	0
1230	204	0
1231	216	0
1232	214	0
1233	200	0
1234	217	0
1235	184	0
1236	196	0
1237	198	0
1238	192	0
1239	206	0
1240	192	0
1241	227	0
1242	197	0
1243	249	0
1244	203	0
1245	193	0
1246	193	0
1247	207	0
1248	205	0
1249	204	0
1250	179	0
1251	177	0
1252	205	0
1253	200	0
1254	207	0
1255	211	0
1256	215	0
1257	196	0
1258	192	0
1259	201	0
1260	185	0
1261	189	0
1262	199	0
1263	215	0
1264	194	0
1265	218	0
1266	189	0
1267	224	0
1268	212	0
1269	203	0
1270	195	0
1271	172	0
1272	205	0
1273	170	0
1274	175	0
1275	194	0
1276	209	0
1277	199	0
1278	219	0
1279	210	0
1280	204	0
1281	204	0
1282	194	0
1283	193	0
1284	214	0
1285	206	0
1286	175	0
1287	192	0
1288	202	0
1289	187	0
1290	203	0
1291	189	0
1292	175	0
1293	176	0
1294	214	0
1295	194	0
1296	207	0
1297	195	0
1298	201	0
1299	199	0
1300	212	0
1301	184	0
1302	182	0
1303	189	0
1304	205	0
1305	185	0
1306	210	0
1307	198	0
1308	195	0
1309	198	0
1310	201	0
1311	199	0
1312	187	0
1313	179	0
1314	215	0
1315	169	0
1316	216	0
1317	199	0
1318	189	0
1319	230	0
1320	208	0
1321	206	0
1322	191	0
1323	194	0
1324	229	0
1325	197	0
1326	227	0
1327	216	0
1328	168	0
1329	229	0
1330	179	0
1331	193	0
1332	216	0
1333	203	0
1334	203	0
1335	198	0
1336	200	0
1337	198	0
1338	205	0
1339	215	0
1340	218	0
1341	207	0
1342	195	0
1343	220	0
1344	188	0
1345	206	0
1346	206	0
1347	192	0
1348	213	0
1349	199	0
1350	170	0
1351	220	0
1352	203	0
1353	205	0
1354	200	0
1355	207	0
1356	166	0
1357	232	0
1358	210	0
1359	190	0
1360	195	0
1361	213	0
1362	222	0
1363	195	0
1364	210	0
1365	201	0
1366	226	0
1367	194	0
1368	219	0
1369	202	0
1370	216	0
1371	193	0
1372	193	0
1373	191	0
1374	205	0
1375	209	0
1376	184	0
1377	193	0
1378	212	0
1379	183	0
1380	200	0
1381	226	0
1382	183	0
1383	179	0
1384	186	0
1385	186	0
1386	177	0
1387	185	0
1388	183	0
1389	200	0
1390	203	0
1391	217	0
1392	240	0
1393	203	0
1394	194	0
1395	222	0
1396	193	0
1397	169	0
1398	219	0
1399	203	0
1400	195	0
1401	207	0
1402	198	0
1403	205	0
1404	221	0
1405	221	0
1406	227	0
1407	218	0
1408	209	0
1409	223	0
1410	157	0
1411	178	0
1412	207	0
1413	196	0
1414	192	0
1415	197	0
1416	199	0
1417	206	0
1418	195	0
1419	209	0
1420	195	0
1421	217	0
1422	205	0
1423	195	0
1424	197	0
1425	188	0
1426	195	0
1427	197	0
1428	194	0
1429	194	0
1430	222	0
1431	228	0
1432	220	0
1433	184	0
1434	211	0
1435	174	0
1436	213	0
1437	192	0
1438	196	0
1439	181	0
1440	187	0
1441	177	0
1442	192	0
1443	192	0
1444	215	0
1445	204	0
1446	209	0
1447	195	0
1448	202	0
1449	190	0
1450	195	0
1451	198	0
1452	206	0
1453	197	0
1454	182	0
1455	206	0
1456	183	0
1457	192	0
1458	214	0
1459	201	0
1460	200	0
1461	200	0
1462	170	0
1463	193	0
1464	208	0
1465	203	0
1466	192	0
1467	209	0
1468	216	0
1469	193	0
1470	187	0
1471	210	0
1472	206	0
1473	172	0
1474	189	0
1475	190	0
1476	206	0
1477	216	0
1478	189	0
1479	182	0
1480	208	0
1481	188	0
1482	185	0
1483	222	0
1484	192	0
1485	202	0
1486	189	0
1487	188	0
1488	210	0
1489	168	0
1490	206	0
1491	199	0
1492	193	0
1493	162	0
1494	202	0
1495	215	0
1496	203	0
1497	219	0
1498	205	0
1499	208	0
1500	202	0
1501	185	0
1502	191	0
1503	197	0
1504	202	0
1505	211	0
1506	212	0
1507	211	0
1508	196	0
1509	212	0
1510	204	0
1511	174	0
1512	194	0
1513	201	0
1514	196	0
1515	210	0
1516	194	0
1517	216	0
1518	195	0
1519	192	0
1520	184	0
1521	213	0
1522	186	0
1523	220	0
1524	225	0
1525	184	0
1526	178	0
1527	213	0
1528	199	0
1529	179	0
1530	193	0
1531	191	0
1532	202	0
1533	198	0
1534	175	0
1535	186	0
1536	173	0
1537	196	0
1538	200	0
1539	208	0
1540	193	0
1541	202	0
1542	208	0
1543	220	0
1544	187	0
1545	188	0
1546	195	0
1547	196	0
1548	195	0
1549	248	0
1550	198	0
1551	211	0
1552	211	0
1553	208	0
1554	200	0
1555	181	0
1556	190	0
1557	194	0
1558	216	0
1559	224	0
1560	210	0
1561	198	0
1562	207	0
1563	162	0
1564	175	0
1565	188	0
1566	206	0
1567	183	0
1568	192	0
1569	202	0
1570	188	0
1571	194	0
1572	198	0
1573	213	0
1574	225	0
1575	188	0
1576	168	0
1577	197	0
1578	226	0
1579	207	0
1580	196	0
1581	194	0
1582	203	0
1583	194	0
1584	175	0
1585	190	0
1586	199	0
1587	186	0
1588	193	0
1589	186	0
1590	196	0
1591	187	0
1592	214	0
1593	198	0
1594	205	0
1595	207	0
1596	243	0
1597	219	0
1598	169	0
1599	204	0
1600	207	0
1601	211	0
1602	191	0
1603	230	0
1604	182	0
1605	229	0
1606	214	0
1607	199	0
1608	207	0
1609	202	0
1610	204	0
1611	215	0
1612	176	0
1613	204	0
1614	184	0
1615	201	0
1616	201	0
1617	209	0
1618	197	0
1619	201	0
1620	201	0
1621	216	0
1622	188	0
1623	216	0
1624	223	0
1625	196	0
1626	202	0
1627	211	0
1628	215	0
1629	195	0
1630	187	0
1631	214	0
1632	191	0
1633	201	0
1634	209	0
1635	192	0
1636	193	0
1637	201	0
1638	196	0
1639	175	0
1640	192	0
1641	208	0
1642	185	0
1643	184	0
1644	199	0
1645	197	0
1646	191	0
1647	219	0
1648	179	0
1649	187	0
1650	199	0
1651	178	0
1652	211	0
1653	190	0
1654	212	0
1655	188	0
1656	194	0
1657	169	0
1658	191	0
1659	222	0
1660	220	0
1661	231	0
1662	201	0
1663	208	0
1664	196	0
1665	196	0
1666	189	0
1667	202	0
1668	216	0
1669	217	0
1670	207	0
1671	184	0
1672	195	0
1673	182	0
1674	209	0
1675	219	0
1676	178	0
1677	189	0
1678	183	0
1679	200	0
1680	221	0
1681	209	0
1682	193	0
1683	200	0
1684	199	0
1685	219	0
1686	213	0
1687	175	0
1688	196	0
1689	197	0
1690	214	0
1691	192	0
1692	197	0
1693	227	0
1694	208	0
1695	202	0
1696	223	0
1697	235	0
1698	180	0
1699	180	0
1700	179	0
1701	219	0
1702	187	0
1703	214	0
1704	201	0
1705	191	0
1706	204	0
1707	206	0
1708	207	0
1709	204	0
1710	192	0
1711	202	0
1712	195	0
1713	181	0
1714	191	0
1715	204	0
1716	177	0
1717	192	0
1718	188	0
1719	200	0
1720	206	0
1721	190	0
1722	204	0
1723	210	0
1724	200	0
1725	188	0
1726	185	0
1727	202	0
1728	174	0
1729	188	0
1730	218	0
1731	192	0
1732	210	0
1733	211	0
1734	194	0
1735	174	0
1736	187	0
1737	203	0
1738	209	0
1739	201	0
1740	197	0
1741	194	0
1742	201	0
1743	183	0
1744	188	0
1745	197	0
1746	191	0
1747	210	0
1748	184	0
1749	209	0
1750	205	0
1751	197	0
1752	211	0
1753	188	0
1754	195	0
1755	211	0
1756	207	0
1757	194	0
1758	191	0
1759	179	0
1760	198	0
1761	202	0
1762	202	0
1763	193	0
1764	214	0
1765	198	0
1766	188	0
1767	203	0
1768	188	0
1769	203	0
1770	195	0
1771	206	0
1772	220	0
1773	202	0
1774	196	0
1775	189	0
1776	180	0
1777	187	0
1778	196	0
1779	204	0
1780	199	0
1781	192	0
1782	219	0
1783	184	0
1784	169	0
1785	193	0
1786	215	0
1787	198	0
1788	198	0
1789	200	0
1790	208	0
1791	190	0
1792	226	0
1793	179	0
1794	203	0
1795	205	0
1796	208	0
1797	214	0
1798	194	0
1799	211	0
1800	197	0
1801	204	0
1802	196	0
1803	178	0
1804	186	0
1805	205	0
1806	213	0
1807	209	0
1808	193	0
1809	225	0
1810	205	0
1811	183	0
1812	193	0
1813	205	0
1814	200	0
1815	207	0
1816	207	0
1817	214	0
1818	185	0
1819	190	0
1820	199	0
1821	205	0
1822	200	0
1823	192	0
1824	224	0
1825	197	0
1826	210	0
1827	191	0
1828	213	0
1829	211	0
1830	190	0
1831	213	0
1832	199	0
1833	191	0
1834	207	0
1835	198	0
1836	207	0
1837	197	0
1838	201	0
1839	190	0
1840	190	0
1841	204	0
1842	195	0
1843	193	0
1844	184	0
1845	176	0
1846	195	0
1847	190	0
1848	189	0
1849	199	0
1850	190	0
1851	210	0
1852	196	0
1853	210	0
1854	195	0
1855	196	0
1856	204	0
1857	194	0
1858	206	0
1859	165	0
1860	181	0
1861	226	0
1862	196	0
1863	210	0
1864	214	0
1865	202	0
1866	199	0
1867	200	0
1868	228	0
1869	216	0
1870	193	0
1871	205	0
1872	199	0
1873	180	0
1874	186	0
1875	175	0
1876	188	0
1877	203	0
1878	223	0
1879	192	0
1880	190	0
1881	186	0
1882	198	0
1883	198	0
1884	200	0
1885	201	0
1886	208	0
1887	194	0
1888	199	0
1889	206	0
1890	216	0
1891	207	0
1892	231	0
1893	174	0
1894	188	0
1895	178	0
1896	211	0
1897	200	0
1898	213	0
1899	199	0
1900	204	0
1901	190	0
1902	198	0
1903	186	0
1904	204	0
1905	183	0
1906	209	0
1907	193	0
1908	209	0
1909	228	0
1910	179	0
1911	201	0
1912	193	0
1913	188	0
1914	191	0
1915	190	0
1916	215	0
1917	238	0
1918	232	0
1919	183	0
1920	185	0
1921	183	0
1922	191	0
1923	207	0
1924	202	0
1925	191	0
1926	196	0
1927	194	0
1928	217	0
1929	197	0
1930	194	0
1931	199	0
1932	197	0
1933	184	0
1934	206	0
1935	196	0
1936	200	0
1937	183	0
1938	202	0
1939	193	0
1940	194	0
1941	196	0
1942	204	0
1943	216	0
1944	204	0
1945	188	0
1946	190	0
1947	218	0
1948	201	0
1949	209	0
1950	223	0
1951	196	0
1952	225	0
1953	213	0
1954	200	0
1955	192	0
1956	218	0
1957	170	0
1958	167	0
1959	219	0
1960	224	0
1961	189	0
1962	169	0
1963	209	0
1964	222	0
1965	188	0
1966	200	0
1967	189	0
1968	209	0
1969	219	0
1970	198	0
1971	201	0
1972	206	0
1973	200	0
1974	184	0
1975	217	0
1976	196	0
1977	184	0
1978	206	0
1979	206	0
1980	199	0
1981	223	0
1982	202	0
1983	183	0
1984	190	0
1985	207	0
1986	205	0
1987	204	0
1988	217	0
1989	199	0
1990	206	0
1991	203	0
1992	207	0
1993	197	0
1994	184	0
1995	214	0
1996	171	0
1997	178	0
1998	207	0
1999	216	0
2000	196	0
2001	210	0
2002	195	0
2003	213	0
2004	186	0
2005	182	0
2006	208	0
2007	194	0
2008	189	0
2009	191	0
2010	209	0
2011	193	0
2012	206	0
2013	221	0
2014	217	0
2015	202	0
2016	245	0
2017	191	0
2018	231	0
2019	178	0
2020	209	0
2021	192	0
2022	200	0
2023	218	0
2024	204	0
2025	201	0
2026	196	0
2027	169	0
2028	193	0
2029	186	0
2030	187	0
2031	220	0
2032	199	0
2033	218	0
2034	204	0
2035	217	0
2036	210	0
2037	189	0
2038	180	0
2039	183	0
2040	199	0
2041	216	0
2042	215	0
2043	202	0
2044	211	0
2045	233	0
2046	202	0
2047	192	0
2048	214	0
2049	219	0
2050	216	0
2051	181	0
2052	227	0
2053	218	0
2054	186	0
2055	215	0
2056	193	0
2057	180	0
2058	203	0
2059	206	0
2060	223	0
2061	184	0
2062	194	0
2063	210	0
2064	208	0
2065	188	0
2066	207	0
2067	192	0
2068	212	0
2069	198	0
2070	201	0
2071	193	0
2072	213	0
2073	207	0
2074	208	0
2075	185	0
2076	210	0
2077	200	0
2078	179	0
2079	166	0
2080	221	0
2081	230	0
2082	214	0
2083	201	0
2084	196	0
2085	235	0
2086	172	0
2087	214	0
2088	212	0
2089	175	0
2090	205	0
2091	184	0
2092	204	0
2093	216	0
2094	184	0
2095	183	0
2096	193	0
2097	177	0
2098	203	0
2099	198	0
2100	204	0
2101	221	0
2102	204	0
2103	184	0
2104	229	0
2105	210	0
2106	207	0
2107	174	0
2108	228	0
2109	228	0
2110	195	0
2111	189	0
2112	201	0
2113	195	0
2114	232	0
2115	203	0
2116	214	0
2117	219	0
2118	207	0
2119	180	0
2120	203	0
2121	174	0
2122	228	0
2123	190	0
2124	211	0
2125	192	0
2126	150	0
2127	209	0
2128	208	0
2129	189	0
2130	192	0
2131	206	0
2132	185	0
2133	200	0
2134	206	0
2135	196	0
2136	207	0
2137	205	0
2138	206	0
2139	203	0
2140	212	0
2141	186	0
2142	201	0
2143	200	0
2144	189	0
2145	198	0
2146	199	0
2147	180	0
2148	209	0
2149	170	0
2150	179	0
2151	189	0
2152	183	0
2153	184	0
2154	211	0
2155	206	0
2156	169	0
2157	187	0
2158	211	0
2159	186	0
2160	219	0
2161	207	0
2162	216	0
2163	204	0
2164	216	0
2165	183	0
2166	175	0
2167	203	0
2168	197	0
2169	206	0
2170	206	0
2171	176	0
2172	202	0
2173	206	0
2174	223	0
2175	180	0
2176	188	0
2177	190	0
2178	184	0
2179	181	0
2180	191	0
2181	194	0
2182	231	0
2183	195	0
2184	181	0
2185	210	0
2186	189	0
2187	199	0
2188	210	0
2189	170	0
2190	197	0
2191	204	0
2192	201	0
2193	185	0
2194	203	0
2195	217	0
2196	211	0
2197	189	0
2198	200	0
2199	191	0
2200	197	0
2201	191	0
2202	209	0
2203	206	0
2204	216	0
2205	205	0
2206	216	0
2207	185	0
2208	193	0
2209	221	0
2210	198	0
2211	195	0
2212	197	0
2213	172	0
2214	184	0
2215	187	0
2216	180	0
2217	185	0
2218	187	0
2219	211	0
2220	173	0
2221	239	0
2222	219	0
2223	198	0
2224	198	0
2225	208	0
2226	187	0
2227	182	0
2228	185	0
2229	212	0
2230	216	0
2231	210	0
2232	197	0
2233	173	0
2234	208	0
2235	217	0
2236	185	0
2237	191	0
2238	188	0
2239	190	0
2240	202	0
2241	186	0
2242	187	0
2243	191	0
2244	222	0
2245	184	0
2246	181	0
2247	210	0
2248	196	0
2249	198	0
2250	192	0
2251	213	0
2252	231	0
2253	190	0
2254	180	0
2255	203	0
2256	172	0
2257	194	0
2258	198	0
2259	195	0
2260	217	0
2261	177	0
2262	218	0
2263	196	0
2264	199	0
2265	190	0
2266	183	0
2267	196	0
2268	203	0
2269	182	0
2270	209	0
2271	203	0
2272	215	0
2273	205	0
2274	178	0
2275	183	0
2276	186	0
2277	197	0
2278	190	0
2279	197	0
2280	192	0
2281	185	0
2282	176	0
2283	181	0
2284	198	0
2285	192	0
2286	201	0
2287	199	0
2288	207	0
2289	205	0
2290	182	0
2291	184	0
2292	217	0
2293	183	0
2294	195	0
2295	194	0
2296	210	0
2297	206	0
2298	188	0
2299	188	0
2300	207	0
2301	195	0
2302	181	0
2303	187	0
2304	192	0
2305	204	0
2306	193	0
2307	184	0
2308	194	0
2309	180	0
2310	184	0
2311	209	0
2312	204	0
2313	187	0
2314	207	0
2315	217	0
2316	213	0
2317	211	0
2318	196	0
2319	199	0
2320	177	0
2321	191	0
2322	214	0
2323	196	0
2324	201	0
2325	170	0
2326	228	0
2327	199	0
2328	185	0
2329	176	0
2330	192	0
2331	197	0
2332	201	0
2333	205	0
2334	214	0
2335	195	0
2336	193	0
2337	216	0
2338	219	0
2339	184	0
2340	208	0
2341	223	0
2342	222	0
2343	196	0
2344	201	0
2345	192	0
2346	187	0
2347	173	0
2348	202	0
2349	227	0
2350	187	0
2351	225	0
2352	177	0
2353	185	0
2354	199	0
2355	214	0
2356	212	0
2357	201	0
2358	212	0
2359	198	0
2360	229	0
2361	197	0
2362	217	0
2363	183	0
2364	195	0
2365	208	0
2366	208	0
2367	204	0
2368	208	0
2369	207	0
2370	187	0
2371	177	0
2372	214	0
2373	213	0
2374	222	0
2375	224	0
2376	192	0
2377	191	0
2378	202	0
2379	184	0
2380	201	0
2381	193	0
2382	221	0
2383	193	0
2384	185	0
2385	177	0
2386	196	0
2387	213	0
2388	187	0
2389	179	0
2390	214	0
2391	187	0
2392	189	0
2393	201	0
2394	194	0
2395	198	0
2396	196	0
2397	210	0
2398	204	0
2399	170	0
2400	227	0
2401	221	0
2402	210	0
2403	214	0
2404	191	0
2405	202	0
2406	218	0
2407	198	0
2408	210	0
2409	190	0
2410	175	0
2411	195	0
2412	184	0
2413	194	0
2414	194	0
2415	223	0
2416	204	0
2417	207	0
2418	200	0
2419	200	0
2420	208	0
2421	213	0
2422	191	0
2423	199	0
2424	190	0
2425	173	0
2426	200	0
2427	217	0
2428	192	0
2429	204	0
2430	203	0
2431	181	0
2432	194	0
2433	226	0
2434	211	0
2435	220	0
2436	199	0
2437	196	0
2438	210	0
2439	200	0
2440	176	0
2441	183	0
2442	204	0
2443	193	0
2444	199	0
2445	199	0
2446	205	0
2447	185	0
2448	212	0
2449	223	0
2450	187	0
2451	192	0
2452	203	0
2453	211	0
2454	219	0
2455	212	0
2456	153	0
2457	189	0
2458	193	0
2459	186	0
2460	191	0
2461	211	0
2462	210	0
2463	198	0
2464	197	0
2465	197	0
2466	199	0
2467	201	0
2468	182	0
2469	198	0
2470	202	0
2471	197	0
2472	195	0
2473	214	0
2474	186	0
2475	203	0
2476	174	0
2477	197	0
2478	183	0
2479	218	0
2480	185	0
2481	212	0
2482	202	0
2483	208	0
2484	198	0
2485	191	0
2486	195	0
2487	199	0
2488	210	0
2489	198	0
2490	203	0
2491	217	0
2492	200	0
2493	197	0
2494	209	0
2495	179	0
2496	197	0
2497	196	0
2498	204	0
2499	209	0
2500	209	0
2501	175	0
2502	224	0
2503	208	0
2504	185	0
2505	194	0
2506	190	0
2507	196	0
2508	216	0
2509	219	0
2510	200	0
2511	194	0
2512	198	0
2513	187	0
2514	207	0
2515	214	0
2516	218	0
2517	210	0
2518	219	0
2519	201	0
2520	186	0
2521	206	0
2522	209	0
2523	186	0
2524	205	0
2525	234	0
2526	209	0
2527	193	0
2528	220	0
2529	175	0
2530	210	0
2531	196	0
2532	238	0
2533	188	0
2534	211	0
2535	208	0
2536	184	0
2537	233	0
2538	212	0
2539	195	0
2540	199	0
2541	204	0
2542	207	0
2543	194	0
2544	187	0
2545	191	0
2546	213	0
2547	190	0
2548	178	0
2549	226	0
2550	186	0
2551	187	0
2552	214	0
2553	201	0
2554	209	0
2555	193	0
2556	203	0
2557	213	0
2558	199	0
2559	219	0
2560	210	0
2561	191	0
2562	190	0
2563	200	0
2564	203	0
2565	199	0
2566	211	0
2567	221	0
2568	187	0
2569	200	0
2570	195	0
2571	200	0
2572	192	0
2573	188	0
2574	208	0
2575	226	0
2576	206	0
2577	190	0
2578	194	0
2579	195	0
2580	185	0
2581	203	0
2582	230	0
2583	206	0
2584	200	0
2585	212	0
2586	198	0
2587	185	0
2588	208	0
2589	187	0
2590	184	0
2591	193	0
2592	193	0
2593	158	0
2594	199	0
2595	213	0
2596	201	0
2597	172	0
2598	246	0
2599	170	0
2600	178	0
2601	194	0
2602	207	0
2603	220	0
2604	191	0
2605	200	0
2606	183	0
2607	212	0
2608	220	0
2609	205	0
2610	175	0
2611	208	0
2612	215	0
2613	199	0
2614	204	0
2615	213	0
2616	216	0
2617	209	0
2618	207	0
2619	193	0
2620	198	0
2621	186	0
2622	194	0
2623	207	0
2624	213	0
2625	217	0
2626	245	0
2627	194	0
2628	208	0
2629	188	0
2630	206	0
2631	198	0
2632	211	0
2633	205	0
2634	202	0
2635	207	0
2636	179	0
2637	200	0
2638	233	0
2639	211	0
2640	208	0
2641	204	0
2642	209	0
2643	187	0
2644	185	0
2645	200	0
2646	231	0
2647	191	0
2648	198	0
2649	212	0
2650	174	0
2651	185	0
2652	188	0
2653	220	0
2654	216	0
2655	189	0
2656	195	0
2657	211	0
2658	195	0
2659	173	0
2660	213	0
2661	215	0
2662	208	0
2663	212	0
2664	183	0
2665	219	0
2666	213	0
2667	222	0
2668	187	0
2669	204	0
2670	217	0
2671	172	0
2672	189	0
2673	218	0
2674	187	0
2675	189	0
2676	188	0
2677	202	0
2678	185	0
2679	213	0
2680	191	0
2681	226	0
2682	202	0
2683	203	0
2684	198	0
2685	222	0
2686	203	0
2687	214	0
2688	194	0
2689	226	0
2690	206	0
2691	207	0
2692	189	0
2693	206	0
2694	181	0
2695	191	0
2696	187	0
2697	194	0
2698	188	0
2699	175	0
2700	216	0
2701	217	0
2702	222	0
2703	179	0
2704	222	0
2705	217	0
2706	208	0
2707	214	0
2708	219	0
2709	192	0
2710	196	0
2711	219	0
2712	213	0
2713	176	0
2714	183	0
2715	191	0
2716	190	0
2717	218	0
2718	198	0
2719	184	0
2720	223	0
2721	197	0
2722	190	0
2723	190	0
2724	212	0
2725	197	0
2726	229	0
2727	183	0
2728	210	0
2729	202	0
2730	205	0
2731	225	0
2732	187	0
2733	206	0
2734	189	0
2735	187	0
2736	202	0
2737	196	0
2738	207	0
2739	194	0
2740	200	0
2741	194	0
2742	206	0
2743	185	0
2744	188	0
2745	200	0
2746	181	0
2747	227	0
2748	197	0
2749	193	0
2750	220	0
2751	235	0
2752	182	0
2753	199	0
2754	217	0
2755	192	0
2756	198	0
2757	178	0
2758	202	0
2759	183	0
2760	191	0
2761	194	0
2762	200	0
2763	187	0
2764	211	0
2765	202	0
2766	216	0
2767	202	0
2768	188	0
2769	192	0
2770	208	0
2771	189	0
2772	187	0
2773	202	0
2774	174	0
2775	197	0
2776	205	0
2777	165	0
2778	206	0
2779	194	0
2780	209	0
2781	211	0
2782	222	0
2783	209	0
2784	211	0
2785	193	0
2786	198	0
2787	200	0
2788	192	0
2789	201	0
2790	191	0
2791	198	0
2792	190	0
2793	218	0
2794	189	0
2795	183	0
2796	188	0
2797	205	0
2798	199	0
2799	198	0
2800	184	0
2801	198	0
2802	194	0
2803	199	0
2804	176	0
2805	204	0
2806	187	0
2807	198	0
2808	184	0
2809	198	0
2810	188	0
2811	160	0
2812	233	0
2813	230	0
2814	218	0
2815	194	0
2816	201	0
2817	198	0
2818	198	0
2819	179	0
2820	223	0
2821	204	0
2822	205	0
2823	216	0
2824	211	0
2825	198	0
2826	223	0
2827	192	0
2828	202	0
2829	221	0
2830	193	0
2831	175	0
2832	177	0
2833	216	0
2834	194	0
2835	214	0
2836	185	0
2837	218	0
2838	187	0
2839	171	0
2840	212	0
2841	184	0
2842	214	0
2843	200	0
2844	208	0
2845	193	0
2846	199	0
2847	210	0
2848	212	0
2849	186	0
2850	210	0
2851	230	0
2852	188	0
2853	197	0
2854	214	0
2855	198	0
2856	176	0
2857	180	0
2858	218	0
2859	203	0
2860	203	0
2861	194	0
2862	198	0
2863	204	0
2864	215	0
2865	215	0
2866	185	0
2867	181	0
2868	185	0
2869	197	0
2870	172	0
2871	195	0
2872	186	0
2873	212	0
2874	211	0
2875	189	0
2876	196	0
2877	195	0
2878	196	0
2879	204	0
2880	177	0
2881	198	0
2882	201	0
2883	204	0
2884	203	0
2885	210	0
2886	188	0
2887	183	0
2888	189	0
2889	200	0
2890	210	0
2891	189	0
2892	185	0
2893	208	0
2894	187	0
2895	192	0
2896	164	0
2897	195	0
2898	188	0
2899	210	0
2900	216	0
2901	209	0
2902	198	0
2903	195	0
2904	206	0
2905	192	0
2906	204	0
2907	203	0
2908	191	0
2909	187	0
2910	204	0
2911	202	0
2912	199	0
2913	203	0
2914	208	0
2915	191	0
2916	200	0
2917	213	0
2918	188	0
2919	204	0
2920	204	0
2921	206	0
2922	208	0
2923	212	0
2924	196	0
2925	194	0
2926	225	0
2927	192	0
2928	212	0
2929	202	0
2930	198	0
2931	190	0
2932	200	0
2933	180	0
2934	207	0
2935	219	0
2936	215	0
2937	193	0
2938	213	0
2939	232	0
2940	186	0
2941	205	0
2942	194	0
2943	209	0
2944	216	0
2945	187	0
2946	172	0
2947	216	0
2948	181	0
2949	199	0
2950	205	0
2951	193	0
2952	188	0
2953	187	0
2954	174	0
2955	220	0
2956	192	0
2957	213	0
2958	220	0
2959	225	0
2960	201	0
2961	183	0
2962	196	0
2963	213	0
2964	201	0
2965	215	0
2966	184	0
2967	200	0
2968	204	0
2969	194	0
2970	214	0
2971	195	0
2972	199	0
2973	192	0
2974	180	0
2975	223	0
2976	210	0
2977	213	0
2978	179	0
2979	188	0
2980	194	0
2981	179	0
2982	211	0
2983	178	0
2984	206	0
2985	198	0
2986	191	0
2987	201	0
2988	192	0
2989	192	0
2990	219	0
2991	184	0
2992	232	0
2993	183	0
2994	210	0
2995	190	0
2996	211	0
2997	212	0
2998	202	0
2999	213	0
3000	185	0
