1	212	0
2	184	0
3	210	0
4	221	0
5	184	0
6	217	0
7	176	0
8	195	0
9	205	0
10	214	0
11	220	0
12	187	0
13	220	0
14	199	0
15	207	0
16	176	0
17	207	0
18	189	0
19	223	0
20	233	0
21	198	0
22	215	0
23	187	0
24	199	0
25	205	0
26	198	0
27	207	0
28	210	0
29	171	0
30	209	0
31	189	0
32	188	0
33	204	0
34	191	0
35	195	0
36	170	0
37	190	0
38	213	0
39	224	0
40	188	0
41	213	0
42	221	0
43	211	0
44	179	0
45	190	0
46	203	0
47	203	0
48	183	0
49	189	0
50	190	0
51	198	0
52	205	0
53	197	0
54	212	0
55	181	0
56	205	0
57	225	0
58	207	0
59	214	0
60	224	0
61	192	0
62	198	0
63	196	0
64	187	0
65	189	0
66	200	0
67	210	0
68	199	0
69	187	0
70	197	0
71	198	0
72	203	0
73	204	0
74	215	0
75	204	0
76	215	0
77	225	0
78	205	0
79	212	0
80	196	0
81	187	0
82	211	0
83	208	0
84	207	0
85	214	0
86	175	0
87	191	0
88	223	0
89	212	0
90	194	0
91	199	0
92	181	0
93	191	0
94	179	0
95	237	0
96	185	0
97	173	0
98	206	0
99	196	0
100	171	0
101	223	0
102	200	0
103	187	0
104	199	0
105	206	0
106	220	0
107	211	0
108	218	0
109	189	0
110	209	0
111	204	0
112	188	0
113	209	0
114	180	0
115	196	0
116	214	0
117	214	0
118	202	0
119	222	0
120	218	0
121	192	0
122	189	0
123	224	0
124	188	0
125	201	0
126	193	0
127	188	0
128	194	0
129	187	0
130	171	0
131	198	0
132	202	0
133	201	0
134	176	0
135	203	0
136	224	0
137	189	0
138	217	0
139	195	0
140	214	0
141	202	0
142	221	0
143	185	0
144	176	0
145	207	0
146	161	0
147	217	0
148	215	0
149	183	0
150	177	0
151	188	0
152	201	0
153	208	0
154	210	0
155	200	0
156	202	0
157	203	0
158	227	0
159	176	0
160	224	0
161	199	0
162	175	0
163	205	0
164	198	0
165	184	0
166	201	0
167	216	0
168	188	0
169	185	0
170	208	0
171	233	0
172	204	0
173	222	0
174	202	0
175	229	0
176	147	0
177	190	0
178	196	0
179	180	0
180	213	0
181	196	0
182	193	0
183	201	0
184	211	0
185	205	0
186	198	0
187	194	0
188	184	0
189	202	0
190	204	0
191	201	0
192	184	0
193	208	0
194	208	0
195	185	0
196	224	0
197	211	0
198	199	0
199	202	0
200	209	0
201	195	0
202	193	0
203	217	0
204	201	0
205	170	0
206	184	0
207	176	0
208	194	0
209	209	0
210	202	0
211	191	0
212	195	0
213	186	0
214	205	0
215	194	0
216	205	0
217	181	0
218	219	0
219	204	0
220	186	0
221	202	0
222	187	0
223	199	0
224	217	0
225	206	0
226	176	0
227	208	0
228	162	0
229	199	0
230	217	0
231	191	0
232	192	0
233	198	0
234	197	0
235	189	0
236	195	0
237	190	0
238	235	0
239	209	0
240	189	0
241	210	0
242	208	0
243	201	0
244	204	0
245	191	0
246	202	0
247	190	0
248	236	0
249	209	0
250	198	0
251	194	0
252	208	0
253	178	0
254	213	0
255	213	0
256	201	0
257	200	0
258	217	0
259	200	0
260	201	0
261	191	0
262	201	0
263	189	0
264	197	0
265	213	0
266	195	0
267	188	0
268	184	0
269	187	0
270	202	0
271	205	0
272	216	0
273	193	0
274	213	0
275	196	0
276	200	0
277	206	0
278	219	0
279	217	0
280	216	0
281	179	0
282	199	0
283	198	0
284	183	0
285	190	0
286	209	0
287	195	0
288	179	0
289	211	0
290	218	0
291	197	0
292	203	0
293	192	0
294	187	0
295	217	0
296	179	0
297	232	0
298	217	0
299	175	0
300	181	0
301	209	0
302	214	0
303	192	0
304	213	0
305	173	0
306	218	0
307	188	0
308	207	0
309	198	0
310	189	0
311	185	0
312	199	0
313	212	0
314	197	0
315	199	0
316	224	0
317	191	0
318	188	0
319	210	0
320	219	0
321	221	0
322	190	0
323	188	0
324	214	0
325	191	0
326	188	0
327	211	0
328	203	0
329	190	0
330	192	0
331	180	0
332	210	0
333	206	0
334	179	0
335	194	0
336	203	0
337	232	0
338	206	0
339	218	0
340	216	0
341	181	0
342	216	0
343	204	0
344	179	0
345	198	0
346	204	0
347	203	0
348	205	0
349	208	0
350	209	0
351	200	0
352	208	0
353	198	0
354	208	0
355	213	0
356	210	0
357	194	0
358	215	0
359	220	0
360	193	0
361	200	0
362	209	0
363	185	0
364	188	0
365	183	0
366	207	0
367	205	0
368	198	0
369	185	0
370	177	0
371	190	0
372	187	0
373	178	0
374	203	0
375	200	0
376	205	0
377	208	0
378	204	0
379	192	0
380	226	0
381	196	0
382	187	0
383	176	0
384	185	0
385	163	0
386	213	0
387	204	0
388	189	0
389	200	0
390	198	0
391	168	0
392	206	0
393	192	0
394	215	0
395	197	0
396	212	0
397	205	0
398	199	0
399	213	0
400	189	0
401	183	0
402	198	0
403	198	0
404	171	0
405	205	0
406	199	0
407	196	0
408	182	0
409	184	0
410	182	0
411	218	0
412	187	0
413	216	0
414	192	0
415	202	0
416	194	0
417	194	0
418	200	0
419	194	0
420	193	0
421	180	0
422	174	0
423	197	0
424	214	0
425	200	0
426	176	0
427	179	0
428	199	0
429	194	0
430	203	0
431	183	0
432	204	0
433	204	0
434	177	0
435	188	0
436	231	0
437	198	0
438	211	0
439	195	0
440	214	0
441	195	0
442	207	0
443	192	0
444	199	0
445	207	0
446	190	0
447	207	0
448	186	0
449	197	0
450	207	0
451	211	0
452	201	0
453	183	0
454	231	0
455	217	0
456	201	0
457	201	0
458	220	0
459	203	0
460	195	0
461	187	0
462	190	0
463	214	0
464	196	0
465	198	0
466	221	0
467	201	0
468	221	0
469	215	0
470	199	0
471	193	0
472	218	0
473	195	0
474	193	0
475	212	0
476	191	0
477	215	0
478	215	0
479	190	0
480	192	0
481	182	0
482	199	0
483	212	0
484	198	0
485	183	0
486	224	0
487	185	0
488	196	0
489	214	0
490	230	0
491	201	0
492	205	0
493	202	0
494	202	0
495	208	0
496	212	0
497	224	0
498	201	0
499	176	0
500	212	0
501	217	0
502	205	0
503	194	0
504	187	0
505	198	0
506	179	0
507	197	0
508	226	0
509	183	0
510	187	0
511	196	0
512	225	0
513	207	0
514	217	0
515	232	0
516	223	0
517	189	0
518	188	0
519	200	0
520	205	0
521	178	0
522	193	0
523	207	0
524	193	0
525	177	0
526	177	0
527	199	0
528	217	0
529	180	0
530	212	0
531	204	0
532	175	0
533	203	0
534	211	0
535	184	0
536	229	0
537	169	0
538	216	0
539	197	0
540	188	0
541	203	0
542	191	0
543	203	0
544	176	0
545	236	0
546	224	0
547	202	0
548	216	0
549	208	0
550	206	0
551	175	0
552	209	0
553	214	0
554	186	0
555	220	0
556	202	0
557	197	0
558	227	0
559	209	0
560	189	0
561	202	0
562	177	0
563	202	0
564	200	0
565	197	0
566	215	0
567	195	0
568	181	0
569	197	0
570	204	0
571	225	0
572	198	0
573	196	0
574	186	0
575	213	0
576	193	0
577	206	0
578	212	0
579	233	0
580	212	0
581	213	0
582	186	0
583	192	0
584	193	0
585	190	0
586	208	0
587	197	0
588	190	0
589	200	0
590	177	0
591	232	0
592	203	0
593	193	0
594	195	0
595	202	0
596	203	0
597	195	0
598	180	0
599	188	0
600	214	0
601	199	0
602	205	0
603	185	0
604	200	0
605	200	0
606	184	0
607	203	0
608	192	0
609	196	0
610	197	0
611	184	0
612	195	0
613	168	0
614	201	0
615	246	0
616	193	0
617	214	0
618	196	0
619	177	0
620	212	0
621	205	0
622	207	0
623	176	0
624	206	0
625	214	0
626	205	0
627	192	0
628	196	0
629	199	0
630	214	0
631	203	0
632	207	0
633	193	0
634	212	0
635	178	0
636	203	0
637	236	0
638	198	0
639	188	0
640	194	0
641	219	0
642	190	0
643	212	0
644	226	0
645	187	0
646	195	0
647	215	0
648	187	0
649	185	0
650	204	0
651	213	0
652	200	0
653	202	0
654	196	0
655	218	0
656	196	0
657	223	0
658	204	0
659	177	0
660	208	0
661	198	0
662	184	0
663	185	0
664	194	0
665	193	0
666	201	0
667	202	0
668	187	0
669	193	0
670	184	0
671	184	0
672	223	0
673	196	0
674	194	0
675	178	0
676	201	0
677	204	0
678	193	0
679	225	0
680	172	0
681	196	0
682	204	0
683	182	0
684	204	0
685	196	0
686	250	0
687	202	0
688	195	0
689	202	0
690	191	0
691	183	0
692	201	0
693	185	0
694	197	0
695	213	0
696	183	0
697	204	0
698	200	0
699	213	0
700	212	0
701	191	0
702	192	0
703	216	0
704	189	0
705	211	0
706	185	0
707	191	0
708	208	0
709	219	0
710	193	0
711	223	0
712	223	0
713	204	0
714	196	0
715	196	0
716	207	0
717	221	0
718	187	0
719	202	0
720	225	0
721	191	0
722	230	0
723	218	0
724	227	0
725	187	0
726	181	0
727	181	0
728	203	0
729	234	0
730	190	0
731	194	0
732	190	0
733	221	0
734	196	0
735	204	0
736	201	0
737	208	0
738	201	0
739	207	0
740	183	0
741	180	0
742	204	0
743	199	0
744	192	0
745	205	0
746	202	0
747	200	0
748	219	0
749	188	0
750	199	0
751	205	0
752	175	0
753	198	0
754	205	0
755	203	0
756	216	0
757	166	0
758	206	0
759	162	0
760	183	0
761	197	0
762	206	0
763	183	0
764	197	0
765	210	0
766	223	0
767	201	0
768	168	0
769	184	0
770	186	0
771	209	0
772	195	0
773	185	0
774	199	0
775	177	0
776	204	0
777	186	0
778	197	0
779	208	0
780	190	0
781	216	0
782	171	0
783	209	0
784	193	0
785	178	0
786	210	0
787	208	0
788	189	0
789	168	0
790	209	0
791	213	0
792	191	0
793	206	0
794	223	0
795	206	0
796	179	0
797	189	0
798	200	0
799	184	0
800	206	0
801	187	0
802	168	0
803	210	0
804	217	0
805	212	0
806	190	0
807	193	0
808	168	0
809	199	0
810	216	0
811	216	0
812	191	0
813	183	0
814	210	0
815	192	0
816	201	0
817	228	0
818	201	0
819	199	0
820	196	0
821	200	0
822	194	0
823	182	0
824	194	0
825	209	0
826	200	0
827	209	0
828	201	0
829	210	0
830	192	0
831	189	0
832	200	0
833	203	0
834	204	0
835	202	0
836	197	0
837	193	0
838	186	0
839	218	0
840	198	0
841	170	0
842	195	0
843	214	0
844	186	0
845	201	0
846	192	0
847	211	0
848	204	0
849	199	0
850	177	0
851	182	0
852	221	0
853	196	0
854	190	0
855	178	0
856	198	0
857	205	0
858	192	0
859	180	0
860	198	0
861	182	0
862	169	0
863	229	0
864	200	0
865	198	0
866	197	0
867	197	0
868	195	0
869	198	0
870	188	0
871	191	0
872	181	0
873	194	0
874	212	0
875	193	0
876	187	0
877	182	0
878	212	0
879	199	0
880	202	0
881	200	0
882	180	0
883	208	0
884	207	0
885	195	0
886	209	0
887	188	0
888	203	0
889	215	0
890	204	0
891	190	0
892	171	0
893	209	0
894	184	0
895	201	0
896	199	0
897	193	0
898	183	0
899	192	0
900	195	0
901	190	0
902	187	0
903	221	0
904	188	0
905	200	0
906	203	0
907	183	0
908	217	0
909	196	0
910	209	0
911	201	0
912	218	0
913	183	0
914	188	0
915	215	0
916	223	0
917	200	0
918	190	0
919	193	0
920	211	0
921	199	0
922	210	0
923	185	0
924	188	0
925	170	0
926	188	0
927	202	0
928	193	0
929	206	0
930	190	0
931	176	0
932	217	0
933	233	0
934	210	0
935	199	0
936	212	0
937	181	0
938	191	0
939	178	0
940	184	0
941	184	0
942	186	0
943	217	0
944	210	0
945	228	0
946	204	0
947	211	0
948	222	0
949	204	0
950	179	0
951	203	0
952	199	0
953	208	0
954	205	0
955	204	0
956	213	0
957	193	0
958	200	0
959	201	0
960	205	0
961	180	0
962	190	0
963	198	0
964	181	0
965	213	0
966	185	0
967	210	0
968	207	0
969	179	0
970	207	0
971	243	0
972	204	0
973	190	0
974	186	0
975	198	0
976	167	0
977	228	0
978	191	0
979	217	0
980	203	0
981	215	0
982	198	0
983	197	0
984	184	0
985	202	0
986	220	0
987	209	0
988	197	0
989	222	0
990	205	0
991	216	0
992	199	0
993	198	0
994	218	0
995	216	0
996	199	0
997	190	0
998	186	0
999	195	0
1000	201	0
1001	190	0
1002	194	0
1003	188	0
1004	183	0
1005	209	0
1006	187	0
1007	188	0
1008	189	0
1009	201	0
1010	181	0
1011	200	0
1012	207	0
1013	178	0
1014	195	0
1015	219	0
1016	227	0
1017	209	0
1018	213	0
1019	176	0
1020	193	0
1021	184	0
1022	215	0
1023	209	0
1024	191	0
1025	223	0
1026	185	0
1027	194	0
1028	226	0
1029	234	0
1030	190	0
1031	188	0
1032	181	0
1033	203	0
1034	213	0
1035	214	0
1036	181	0
1037	183	0
1038	205	0
1039	192	0
1040	185	0
1041	224	0
1042	170	0
1043	215	0
1044	179	0
1045	196	0
1046	231	0
1047	193	0
1048	197	0
1049	194	0
1050	187	0
1051	223	0
1052	209	0
1053	193	0
1054	203	0
1055	225	0
1056	206	0
1057	215	0
1058	195	0
1059	220	0
1060	203	0
1061	182	0
1062	171	0
1063	186	0
1064	201	0
1065	197	0
1066	207	0
1067	194	0
1068	207	0
1069	193	0
1070	189	0
1071	202	0
1072	179	0
1073	198	0
1074	202	0
1075	203	0
1076	194	0
1077	196	0
1078	211	0
1079	188	0
1080	205	0
1081	190	0
1082	183	0
1083	187	0
1084	206	0
1085	204	0
1086	181	0
1087	186	0
1088	215	0
1089	211	0
1090	218	0
1091	193	0
1092	178	0
1093	208	0
1094	182	0
1095	191	0
1096	211	0
1097	201	0
1098	187	0
1099	198	0
1100	211	0
1101	203	0
1102	204	0
1103	222	0
1104	203	0
1105	194	0
1106	204	0
1107	216	0
1108	207	0
1109	176	0
1110	183	0
1111	212	0
1112	179	0
1113	198	0
1114	196	0
1115	192	0
1116	216	0
1117	197	0
1118	213	0
1119	193	0
1120	193	0
1121	196	0
1122	200	0
1123	219	0
1124	182	0
1125	214	0
1126	212	0
1127	204	0
1128	198	0
1129	206	0
1130	183	0
1131	210	0
1132	203	0
1133	193	0
1134	200	0
1135	189	0
1136	212	0
1137	186	0
1138	191	0
1139	182	0
1140	211	0
1141	181	0
1142	204	0
1143	213	0
1144	192	0
1145	197	0
1146	203	0
1147	196	0
1148	193	0
1149	187	0
1150	219	0
1151	204	0
1152	229	0
1153	204	0
1154	211	0
1155	217	0
1156	172	0
1157	200	0
1158	210	0
1159	224	0
1160	220	0
1161	193	0
1162	194	0
1163	178	0
1164	188	0
1165	188	0
1166	207	0
1167	192	0
1168	190	0
1169	221	0
1170	188	0
1171	193	0
1172	175	0
1173	173	0
1174	208	0
1175	208	0
1176	172	0
1177	185	0
1178	174	0
1179	187	0
1180	197	0
1181	192	0
1182	205	0
1183	197	0
1184	201	0
1185	219	0
1186	203	0
1187	206	0
1188	226	0
1189	195	0
1190	207	0
1191	210	0
1192	199	0
1193	207	0
1194	199	0
1195	196	0
1196	229	0
1197	220	0
1198	209	0
1199	187	0
1200	202	0
1201	203	0
1202	189	0
1203	190	0
1204	191	0
1205	205	0
1206	188	0
1207	215	0
1208	182	0
1209	183	0
1210	200	0
1211	211	0
1212	200	0
1213	197	0
1214	198	0
1215	183	0
1216	184	0
1217	207	0
1218	198	0
1219	200	0
1220	181	0
1221	210	0
1222	205	0
1223	212	0
1224	210	0
1225	211	0
1226	204	0
1227	182	0
1228	226	0
1229	206	0
1230	207	0
1231	171	0
1232	196	0
1233	219	0
1234	199	0
1235	213	0
1236	206	0
1237	190	0
1238	196	0
1239	204	0
1240	220	0
1241	188	0
1242	187	0
1243	185	0
1244	203	0
1245	221	0
1246	218	0
1247	195	0
1248	214	0
1249	206	0
1250	201	0
1251	211	0
1252	175	0
1253	187	0
1254	207	0
1255	203	0
1256	224	0
1257	199	0
1258	193	0
1259	225	0
1260	214	0
1261	182	0
1262	229	0
1263	206	0
1264	219	0
1265	203	0
1266	204	0
1267	197	0
1268	213	0
1269	198	0
1270	206	0
1271	180	0
1272	185	0
1273	214	0
1274	182	0
1275	212	0
1276	185	0
1277	206	0
1278	206	0
1279	191	0
1280	198	0
1281	189	0
1282	226	0
1283	218	0
1284	200	0
1285	216	0
1286	169	0
1287	227	0
1288	169	0
1289	200	0
1290	183	0
1291	185	0
1292	212	0
1293	214	0
1294	213	0
1295	179	0
1296	205	0
1297	213	0
1298	219	0
1299	201	0
1300	182	0
1301	234	0
1302	229	0
1303	176	0
1304	219	0
1305	177	0
1306	216	0
1307	216	0
1308	211	0
1309	219	0
1310	182	0
1311	180	0
1312	185	0
1313	184	0
1314	203	0
1315	238	0
1316	206	0
1317	186	0
1318	173	0
1319	204	0
1320	226	0
1321	191	0
1322	209	0
1323	192	0
1324	198	0
1325	204	0
1326	181	0
1327	237	0
1328	153	0
1329	188	0
1330	208	0
1331	203	0
1332	176	0
1333	181	0
1334	206	0
1335	226	0
1336	233	0
1337	187	0
1338	186	0
1339	204	0
1340	220	0
1341	197	0
1342	179	0
1343	203	0
1344	167	0
1345	229	0
1346	194	0
1347	175	0
1348	231	0
1349	208	0
1350	192	0
1351	205	0
1352	188	0
1353	187	0
1354	205	0
1355	191	0
1356	198	0
1357	180	0
1358	235	0
1359	199	0
1360	185	0
1361	210	0
1362	206	0
1363	206	0
1364	155	0
1365	187	0
1366	194	0
1367	188	0
1368	188	0
1369	194	0
1370	227	0
1371	205	0
1372	196	0
1373	182	0
1374	199	0
1375	202	0
1376	207	0
1377	190	0
1378	208	0
1379	198	0
1380	186	0
1381	193	0
1382	170	0
1383	183	0
1384	200	0
1385	236	0
1386	203	0
1387	199	0
1388	206	0
1389	206	0
1390	183	0
1391	207	0
1392	175	0
1393	216	0
1394	186	0
1395	200	0
1396	231	0
1397	194	0
1398	208	0
1399	190	0
1400	200	0
1401	171	0
1402	226	0
1403	180	0
1404	197	0
1405	206	0
1406	204	0
1407	206	0
1408	183	0
1409	201	0
1410	191	0
1411	206	0
1412	195	0
1413	180	0
1414	219	0
1415	210	0
1416	185	0
1417	219	0
1418	233	0
1419	198	0
1420	229	0
1421	210	0
1422	194	0
1423	182	0
1424	210	0
1425	168	0
1426	203	0
1427	207	0
1428	209	0
1429	218	0
1430	200	0
1431	191	0
1432	204	0
1433	200	0
1434	161	0
1435	205	0
1436	238	0
1437	192	0
1438	202	0
1439	185	0
1440	204	0
1441	211	0
1442	201	0
1443	214	0
1444	200	0
1445	228	0
1446	195	0
1447	209	0
1448	198	0
1449	179	0
1450	200	0
1451	188	0
1452	212	0
1453	189	0
1454	201	0
1455	177	0
1456	183	0
1457	213	0
1458	212	0
1459	201	0
1460	202	0
1461	219	0
1462	169	0
1463	190	0
1464	204	0
1465	226	0
1466	199	0
1467	190	0
1468	197	0
1469	205	0
1470	190	0
1471	233	0
1472	183	0
1473	191	0
1474	193	0
1475	194	0
1476	198	0
1477	190	0
1478	200	0
1479	199	0
1480	191	0
1481	179	0
1482	185	0
1483	191	0
1484	181	0
1485	198	0
1486	180	0
1487	189	0
1488	181	0
1489	191	0
1490	235	0
1491	203	0
1492	206	0
1493	196	0
1494	201	0
1495	209	0
1496	195	0
1497	228	0
1498	193	0
1499	214	0
1500	187	0
1501	208	0
1502	181	0
1503	222	0
1504	212	0
1505	199	0
1506	173	0
1507	225	0
1508	191	0
1509	200	0
1510	221	0
1511	202	0
1512	214	0
1513	201	0
1514	162	0
1515	199	0
1516	178	0
1517	216	0
1518	182	0
1519	192	0
1520	201	0
1521	175	0
1522	189	0
1523	204	0
1524	194	0
1525	194	0
1526	204	0
1527	205	0
1528	195	0
1529	212	0
1530	206	0
1531	222	0
1532	209	0
1533	181	0
1534	205	0
1535	224	0
1536	206	0
1537	207	0
1538	216	0
1539	221	0
1540	196	0
1541	189	0
1542	221	0
1543	198	0
1544	202	0
1545	218	0
1546	205	0
1547	205	0
1548	183	0
1549	212	0
1550	193	0
1551	229	0
1552	204	0
1553	216	0
1554	198	0
1555	200	0
1556	215	0
1557	225	0
1558	194	0
1559	202	0
1560	174	0
1561	209	0
1562	196	0
1563	217	0
1564	205	0
1565	198	0
1566	206	0
1567	207	0
1568	185	0
1569	196	0
1570	217	0
1571	199	0
1572	197	0
1573	205	0
1574	207	0
1575	172	0
1576	204	0
1577	223	0
1578	200	0
1579	216	0
1580	198	0
1581	189	0
1582	218	0
1583	198	0
1584	187	0
1585	206	0
1586	183	0
1587	211	0
1588	199	0
1589	228	0
1590	211	0
1591	205	0
1592	201	0
1593	219	0
1594	181	0
1595	202	0
1596	211	0
1597	210	0
1598	208	0
1599	207	0
1600	213	0
1601	177	0
1602	198	0
1603	212	0
1604	200	0
1605	194	0
1606	208	0
1607	192	0
1608	205	0
1609	201	0
1610	180	0
1611	209	0
1612	194	0
1613	209	0
1614	185	0
1615	195	0
1616	225	0
1617	194	0
1618	230	0
1619	191	0
1620	176	0
1621	209	0
1622	206	0
1623	218	0
1624	199	0
1625	241	0
1626	182	0
1627	213	0
1628	202	0
1629	187	0
1630	227	0
1631	204	0
1632	180	0
1633	201	0
1634	220	0
1635	190	0
1636	197	0
1637	211	0
1638	191	0
1639	184	0
1640	222	0
1641	195	0
1642	203	0
1643	209	0
1644	188	0
1645	197	0
1646	198	0
1647	181	0
1648	214	0
1649	202	0
1650	217	0
1651	212	0
1652	190	0
1653	177	0
1654	229	0
1655	209	0
1656	224	0
1657	210	0
1658	171	0
1659	187	0
1660	202	0
1661	182	0
1662	198	0
1663	201	0
1664	167	0
1665	186	0
1666	195	0
1667	230	0
1668	231	0
1669	185	0
1670	213	0
1671	207	0
1672	182	0
1673	215	0
1674	209	0
1675	197	0
1676	213	0
1677	202	0
1678	189	0
1679	212	0
1680	190	0
1681	196	0
1682	192	0
1683	219	0
1684	200	0
1685	208	0
1686	209	0
1687	210	0
1688	195	0
1689	230	0
1690	182	0
1691	181	0
1692	217	0
1693	204	0
1694	196	0
1695	184	0
1696	197	0
1697	219	0
1698	190	0
1699	218	0
1700	224	0
1701	197	0
1702	183	0
1703	207	0
1704	205	0
1705	217	0
1706	191	0
1707	198	0
1708	205	0
1709	218	0
1710	198	0
1711	202	0
1712	192	0
1713	203	0
1714	213	0
1715	218	0
1716	190	0
1717	196	0
1718	213	0
1719	191	0
1720	210	0
1721	170	0
1722	193	0
1723	195	0
1724	180	0
1725	224	0
1726	189	0
1727	202	0
1728	187	0
1729	222	0
1730	219	0
1731	175	0
1732	208	0
1733	208	0
1734	198	0
1735	198	0
1736	207	0
1737	212	0
1738	198	0
1739	200	0
1740	181	0
1741	186	0
1742	207	0
1743	208	0
1744	193	0
1745	187	0
1746	179	0
1747	190	0
1748	155	0
1749	198	0
1750	176	0
1751	191	0
1752	196	0
1753	204	0
1754	181	0
1755	184	0
1756	175	0
1757	193	0
1758	204	0
1759	233	0
1760	191	0
1761	188	0
1762	218	0
1763	189	0
1764	192	0
1765	202	0
1766	218	0
1767	203	0
1768	194	0
1769	194	0
1770	217	0
1771	203	0
1772	187	0
1773	244	0
1774	188	0
1775	225	0
1776	200	0
1777	197	0
1778	191	0
1779	163	0
1780	210	0
1781	198	0
1782	216	0
1783	198	0
1784	196	0
1785	173	0
1786	172	0
1787	210	0
1788	206	0
1789	208	0
1790	220	0
1791	173	0
1792	203	0
1793	206	0
1794	188	0
1795	228	0
1796	195	0
1797	191	0
1798	187	0
1799	207	0
1800	233	0
1801	177	0
1802	214	0
1803	199	0
1804	206	0
1805	185	0
1806	170	0
1807	194	0
1808	196	0
1809	187	0
1810	217	0
1811	224	0
1812	206	0
1813	214	0
1814	180	0
1815	221	0
1816	189	0
1817	195	0
1818	180	0
1819	204	0
1820	200	0
1821	202	0
1822	215	0
1823	189	0
1824	191	0
1825	183	0
1826	229	0
1827	232	0
1828	200	0
1829	190	0
1830	162	0
1831	202	0
1832	196	0
1833	182	0
1834	194	0
1835	199	0
1836	214	0
1837	199	0
1838	207	0
1839	204	0
1840	170	0
1841	192	0
1842	193	0
1843	220	0
1844	169	0
1845	169	0
1846	201	0
1847	242	0
1848	180	0
1849	196	0
1850	186	0
1851	220	0
1852	207	0
1853	201	0
1854	194	0
1855	195	0
1856	203	0
1857	206	0
1858	212	0
1859	201	0
1860	194	0
1861	202	0
1862	186	0
1863	206	0
1864	175	0
1865	196	0
1866	210	0
1867	202	0
1868	178	0
1869	209	0
1870	198	0
1871	207	0
1872	207	0
1873	209	0
1874	199	0
1875	194	0
1876	198	0
1877	197	0
1878	180	0
1879	218	0
1880	235	0
1881	185	0
1882	213	0
1883	192	0
1884	196	0
1885	179	0
1886	187	0
1887	177	0
1888	193	0
1889	195	0
1890	185	0
1891	207	0
1892	191	0
1893	223	0
1894	217	0
1895	188	0
1896	189	0
1897	197	0
1898	194	0
1899	199	0
1900	203	0
1901	179	0
1902	187	0
1903	178	0
1904	192	0
1905	213	0
1906	191	0
1907	180	0
1908	188	0
1909	199	0
1910	209	0
1911	190	0
1912	205	0
1913	237	0
1914	158	0
1915	207	0
1916	198	0
1917	185	0
1918	193	0
1919	213	0
1920	192	0
1921	183	0
1922	193	0
1923	201	0
1924	206	0
1925	197	0
1926	192	0
1927	202	0
1928	198	0
1929	200	0
1930	197	0
1931	230	0
1932	210	0
1933	176	0
1934	193	0
1935	189	0
1936	189	0
1937	215	0
1938	209	0
1939	182	0
1940	210	0
1941	206	0
1942	246	0
1943	204	0
1944	198	0
1945	214	0
1946	202	0
1947	213	0
1948	224	0
1949	197	0
1950	182	0
1951	203	0
1952	197	0
1953	206	0
1954	203	0
1955	206	0
1956	175	0
1957	206	0
1958	207	0
1959	197	0
1960	191	0
1961	206	0
1962	204	0
1963	194	0
1964	195	0
1965	219	0
1966	224	0
1967	176	0
1968	202	0
1969	220	0
1970	146	0
1971	198	0
1972	200	0
1973	199	0
1974	230	0
1975	167	0
1976	205	0
1977	221	0
1978	206	0
1979	194	0
1980	213	0
1981	214	0
1982	205	0
1983	198	0
1984	207	0
1985	179	0
1986	209	0
1987	202	0
1988	196	0
1989	190	0
1990	207	0
1991	205	0
1992	204	0
1993	198	0
1994	223	0
1995	211	0
1996	189	0
1997	209	0
1998	205	0
1999	202	0
2000	204	0
2001	225	0
2002	191	0
2003	207	0
2004	177	0
2005	200	0
2006	202	0
2007	211	0
2008	181	0
2009	211	0
2010	217	0
2011	200	0
2012	188	0
2013	223	0
2014	225	0
2015	185	0
2016	208	0
2017	176	0
2018	183	0
2019	194	0
2020	220	0
2021	183	0
2022	193	0
2023	183	0
2024	199	0
2025	203	0
2026	208	0
2027	192	0
2028	190	0
2029	196	0
2030	205	0
2031	197	0
2032	203	0
2033	199	0
2034	200	0
2035	193	0
2036	192	0
2037	202	0
2038	210	0
2039	193	0
2040	207	0
2041	215	0
2042	212	0
2043	199	0
2044	228	0
2045	182	0
2046	171	0
2047	201	0
2048	200	0
2049	189	0
2050	192	0
2051	218	0
2052	214	0
2053	206	0
2054	183	0
2055	233	0
2056	185	0
2057	200	0
2058	183	0
2059	198	0
2060	202	0
2061	210	0
2062	199	0
2063	228	0
2064	212	0
2065	194	0
2066	191	0
2067	199	0
2068	171	0
2069	212	0
2070	187	0
2071	214	0
2072	176	0
2073	244	0
2074	213	0
2075	180	0
2076	200	0
2077	191	0
2078	194	0
2079	221	0
2080	199	0
2081	222	0
2082	210	0
2083	204	0
2084	180	0
2085	199	0
2086	207	0
2087	173	0
2088	182	0
2089	199	0
2090	203	0
2091	212	0
2092	213	0
2093	183	0
2094	205	0
2095	190	0
2096	184	0
2097	194	0
2098	193	0
2099	185	0
2100	199	0
2101	216	0
2102	189	0
2103	179	0
2104	189	0
2105	206	0
2106	225	0
2107	200	0
2108	198	0
2109	206	0
2110	219	0
2111	211	0
2112	198	0
2113	194	0
2114	231	0
2115	205	0
2116	210	0
2117	189	0
2118	196	0
2119	190	0
2120	190	0
2121	188	0
2122	223	0
2123	196	0
2124	176	0
2125	199	0
2126	211	0
2127	217	0
2128	190	0
2129	190	0
2130	202	0
2131	179	0
2132	201	0
2133	190	0
2134	183	0
2135	208	0
2136	210	0
2137	199	0
2138	187	0
2139	200	0
2140	224	0
2141	193	0
2142	201	0
2143	200	0
2144	192	0
2145	216	0
2146	199	0
2147	205	0
2148	212	0
2149	195	0
2150	213	0
2151	193	0
2152	210	0
2153	200	0
2154	186	0
2155	221	0
2156	200	0
2157	186	0
2158	196	0
2159	235	0
2160	188	0
2161	235	0
2162	214	0
2163	221	0
2164	201	0
2165	194	0
2166	205	0
2167	212	0
2168	252	0
2169	204	0
2170	196	0
2171	186	0
2172	217	0
2173	204	0
2174	209	0
2175	205	0
2176	194	0
2177	217	0
2178	186	0
2179	192	0
2180	204	0
2181	198	0
2182	212	0
2183	198	0
2184	194	0
2185	214	0
2186	218	0
2187	212	0
2188	205	0
2189	227	0
2190	206	0
2191	207	0
2192	174	0
2193	188	0
2194	202	0
2195	199	0
2196	187	0
2197	201	0
2198	209	0
2199	210	0
2200	192	0
2201	206	0
2202	187	0
2203	208	0
2204	198	0
2205	200	0
2206	192	0
2207	201	0
2208	214	0
2209	212	0
2210	205	0
2211	199	0
2212	219	0
2213	209	0
2214	188	0
2215	214	0
2216	199	0
2217	224	0
2218	215	0
2219	204	0
2220	199	0
2221	209	0
2222	219	0
2223	195	0
2224	203	0
2225	213	0
2226	220	0
2227	195	0
2228	186	0
2229	196	0
2230	195	0
2231	230	0
2232	200	0
2233	215	0
2234	212	0
2235	223	0
2236	179	0
2237	188	0
2238	188	0
2239	193	0
2240	215	0
2241	212	0
2242	192	0
2243	207	0
2244	200	0
2245	200	0
2246	186	0
2247	193	0
2248	209	0
2249	211	0
2250	201	0
2251	231	0
2252	203	0
2253	205	0
2254	190	0
2255	197	0
2256	198	0
2257	178	0
2258	185	0
2259	186	0
2260	213	0
2261	205	0
2262	233	0
2263	195	0
2264	204	0
2265	204	0
2266	182	0
2267	164	0
2268	189	0
2269	197	0
2270	188	0
2271	202	0
2272	223	0
2273	216	0
2274	199	0
2275	187	0
2276	207	0
2277	179	0
2278	191	0
2279	202	0
2280	210	0
2281	175	0
2282	218	0
2283	213	0
2284	183	0
2285	207	0
2286	181	0
2287	206	0
2288	200	0
2289	219	0
2290	195	0
2291	180	0
2292	208	0
2293	188	0
2294	219	0
2295	211	0
2296	188	0
2297	210	0
2298	188	0
2299	198	0
2300	184	0
2301	228	0
2302	204	0
2303	198	0
2304	210	0
2305	194	0
2306	180	0
2307	175	0
2308	214	0
2309	211	0
2310	209	0
2311	204	0
2312	171	0
2313	188	0
2314	206	0
2315	194	0
2316	190	0
2317	212	0
2318	191	0
2319	205	0
2320	219	0
2321	185	0
2322	195	0
2323	210	0
2324	189	0
2325	183	0
2326	217	0
2327	201	0
2328	188	0
2329	195	0
2330	216	0
2331	184	0
2332	194	0
2333	207	0
2334	208	0
2335	229	0
2336	215	0
2337	222	0
2338	194	0
2339	208	0
2340	198	0
2341	184	0
2342	217	0
2343	200	0
2344	196	0
2345	185	0
2346	194	0
2347	204	0
2348	205	0
2349	201	0
2350	186	0
2351	218	0
2352	208	0
2353	175	0
2354	191	0
2355	207	0
2356	214	0
2357	207	0
2358	200	0
2359	190	0
2360	227	0
2361	207	0
2362	174	0
2363	202	0
2364	197	0
2365	209	0
2366	222	0
2367	197	0
2368	185	0
2369	201	0
2370	216	0
2371	186	0
2372	183	0
2373	204	0
2374	234	0
2375	201	0
2376	198	0
2377	189	0
2378	198	0
2379	208	0
2380	199	0
2381	181	0
2382	200	0
2383	182	0
2384	208	0
2385	198	0
2386	221	0
2387	193	0
2388	204	0
2389	213	0
2390	207	0
2391	181	0
2392	184	0
2393	207	0
2394	192	0
2395	201	0
2396	184	0
2397	202	0
2398	220	0
2399	162	0
2400	228	0
2401	182	0
2402	223	0
2403	201	0
2404	199	0
2405	202	0
2406	197	0
2407	217	0
2408	198	0
2409	187	0
2410	190	0
2411	199	0
2412	196	0
2413	183	0
2414	189	0
2415	200	0
2416	233	0
2417	193	0
2418	199	0
2419	186	0
2420	184	0
2421	197	0
2422	197	0
2423	182	0
2424	211	0
2425	215	0
2426	180	0
2427	192	0
2428	212	0
2429	188	0
2430	241	0
2431	205	0
2432	188	0
2433	205	0
2434	207	0
2435	213	0
2436	194	0
2437	178	0
2438	196	0
2439	214	0
2440	212	0
2441	197	0
2442	197	0
2443	191	0
2444	207	0
2445	210	0
2446	218	0
2447	190	0
2448	185	0
2449	172	0
2450	185	0
2451	200	0
2452	198	0
2453	185	0
2454	213	0
2455	193	0
2456	180	0
2457	183	0
2458	177	0
2459	199	0
2460	188	0
2461	227	0
2462	184	0
2463	178	0
2464	207	0
2465	193	0
2466	224	0
2467	197	0
2468	222	0
2469	214	0
2470	205	0
2471	183	0
2472	211	0
2473	176	0
2474	187	0
2475	192	0
2476	200	0
2477	216	0
2478	181	0
2479	213	0
2480	215	0
2481	200	0
2482	170	0
2483	205	0
2484	207	0
2485	184	0
2486	199	0
2487	200	0
2488	226	0
2489	210	0
2490	188	0
2491	205	0
2492	180	0
2493	216	0
2494	209	0
2495	192	0
2496	195	0
2497	189	0
2498	205	0
2499	183	0
2500	169	0
2501	189	0
2502	232	0
2503	199	0
2504	181	0
2505	188	0
2506	191	0
2507	218	0
2508	215	0
2509	215	0
2510	220	0
2511	193	0
2512	203	0
2513	199	0
2514	186	0
2515	198	0
2516	220	0
2517	207	0
2518	199	0
2519	184	0
2520	206	0
2521	206	0
2522	201	0
2523	199	0
2524	213	0
2525	207	0
2526	203	0
2527	214	0
2528	202	0
2529	199	0
2530	208	0
2531	222	0
2532	199	0
2533	208	0
2534	230	0
2535	189	0
2536	198	0
2537	207	0
2538	174	0
2539	210	0
2540	192	0
2541	206	0
2542	192	0
2543	192	0
2544	209	0
2545	202	0
2546	226	0
2547	226	0
2548	201	0
2549	192	0
2550	211	0
2551	199	0
2552	195	0
2553	205	0
2554	217	0
2555	207	0
2556	192	0
2557	217	0
2558	203	0
2559	186	0
2560	195	0
2561	172	0
2562	204	0
2563	179	0
2564	210	0
2565	166	0
2566	190	0
2567	175	0
2568	184	0
2569	197	0
2570	197	0
2571	186	0
2572	201	0
2573	213	0
2574	173	0
2575	194	0
2576	176	0
2577	197	0
2578	184	0
2579	182	0
2580	191	0
2581	222	0
2582	199	0
2583	199	0
2584	222	0
2585	210	0
2586	209	0
2587	199	0
2588	214	0
2589	186	0
2590	182	0
2591	246	0
2592	213	0
2593	192	0
2594	199	0
2595	220	0
2596	222	0
2597	215	0
2598	202	0
2599	194	0
2600	193	0
2601	198	0
2602	201	0
2603	184	0
2604	208	0
2605	186	0
2606	205	0
2607	191	0
2608	213	0
2609	182	0
2610	173	0
2611	221	0
2612	210	0
2613	205	0
2614	207	0
2615	218	0
2616	199	0
2617	224	0
2618	208	0
2619	198	0
2620	228	0
2621	208	0
2622	216	0
2623	225	0
2624	219	0
2625	195	0
2626	212	0
2627	212	0
2628	175	0
2629	185	0
2630	208	0
2631	221	0
2632	199	0
2633	171	0
2634	210	0
2635	224	0
2636	222	0
2637	204	0
2638	199	0
2639	197	0
2640	197	0
2641	196	0
2642	209	0
2643	188	0
2644	207	0
2645	183	0
2646	192	0
2647	206	0
2648	199	0
2649	204	0
2650	200	0
2651	176	0
2652	198	0
2653	195	0
2654	230	0
2655	219	0
2656	178	0
2657	187	0
2658	211	0
2659	216	0
2660	179	0
2661	220	0
2662	199	0
2663	210	0
2664	190	0
2665	210	0
2666	193	0
2667	229	0
2668	191	0
2669	189	0
2670	197	0
2671	190	0
2672	205	0
2673	210	0
2674	202	0
2675	169	0
2676	203	0
2677	216	0
2678	187	0
2679	196	0
2680	191	0
2681	178	0
2682	203	0
2683	193	0
2684	221	0
2685	207	0
2686	213	0
2687	180	0
2688	185	0
2689	197	0
2690	180	0
2691	188	0
2692	196	0
2693	210	0
2694	191	0
2695	204	0
2696	214	0
2697	208	0
2698	212	0
2699	185	0
2700	203	0
2701	224	0
2702	174	0
2703	187	0
2704	184	0
2705	183	0
2706	210	0
2707	195	0
2708	169	0
2709	196	0
2710	193	0
2711	195	0
2712	183	0
2713	219	0
2714	220	0
2715	233	0
2716	190	0
2717	172	0
2718	208	0
2719	196	0
2720	207	0
2721	194	0
2722	208	0
2723	204	0
2724	181	0
2725	191	0
2726	231	0
2727	180	0
2728	182	0
2729	200	0
2730	223	0
2731	189	0
2732	175	0
2733	185	0
2734	197	0
2735	191	0
2736	204	0
2737	213	0
2738	184	0
2739	203	0
2740	215	0
2741	180	0
2742	215	0
2743	201	0
2744	214	0
2745	192	0
2746	195	0
2747	192	0
2748	225	0
2749	191	0
2750	198	0
2751	230	0
2752	214	0
2753	240	0
2754	220	0
2755	213	0
2756	195	0
2757	221	0
2758	180	0
2759	226	0
2760	187	0
2761	168	0
2762	189	0
2763	210	0
2764	172	0
2765	215	0
2766	162	0
2767	207	0
2768	215	0
2769	200	0
2770	187	0
2771	198	0
2772	182	0
2773	195	0
2774	186	0
2775	193	0
2776	199	0
2777	224	0
2778	198	0
2779	204	0
2780	200	0
2781	192	0
2782	193	0
2783	199	0
2784	240	0
2785	190	0
2786	204	0
2787	171	0
2788	212	0
2789	191	0
2790	207	0
2791	175	0
2792	201	0
2793	191	0
2794	169	0
2795	205	0
2796	198	0
2797	192	0
2798	195	0
2799	188	0
2800	196	0
2801	174	0
2802	197	0
2803	200	0
2804	204	0
2805	197	0
2806	207	0
2807	221	0
2808	195	0
2809	182	0
2810	236	0
2811	173	0
2812	211	0
2813	176	0
2814	187	0
2815	212	0
2816	187	0
2817	184	0
2818	197	0
2819	217	0
2820	206	0
2821	198	0
2822	197	0
2823	206	0
2824	193	0
2825	168	0
2826	218	0
2827	190	0
2828	204	0
2829	228	0
2830	181	0
2831	198	0
2832	198	0
2833	174	0
2834	206	0
2835	183	0
2836	203	0
2837	214	0
2838	199	0
2839	198	0
2840	214	0
2841	190	0
2842	195	0
2843	201	0
2844	209	0
2845	203	0
2846	209	0
2847	205	0
2848	216	0
2849	194	0
2850	232	0
2851	176	0
2852	193	0
2853	186	0
2854	205	0
2855	220	0
2856	188	0
2857	183	0
2858	184	0
2859	197	0
2860	189	0
2861	195	0
2862	230	0
2863	208	0
2864	192	0
2865	184	0
2866	207	0
2867	182	0
2868	208	0
2869	172	0
2870	195	0
2871	164	0
2872	187	0
2873	202	0
2874	190	0
2875	196	0
2876	229	0
2877	194	0
2878	195	0
2879	193	0
2880	193	0
2881	175	0
2882	209	0
2883	204	0
2884	204	0
2885	205	0
2886	190	0
2887	191	0
2888	199	0
2889	207	0
2890	191	0
2891	188	0
2892	217	0
2893	222	0
2894	206	0
2895	185	0
2896	169	0
2897	227	0
2898	222	0
2899	197	0
2900	185	0
2901	176	0
2902	178	0
2903	186	0
2904	182	0
2905	197	0
2906	179	0
2907	202	0
2908	207	0
2909	202	0
2910	201	0
2911	196	0
2912	211	0
2913	225	0
2914	220	0
2915	221	0
2916	215	0
2917	191	0
2918	175	0
2919	181	0
2920	213	0
2921	187	0
2922	185	0
2923	194	0
2924	205	0
2925	197	0
2926	227	0
2927	220	0
2928	204	0
2929	216	0
2930	229	0
2931	222	0
2932	185	0
2933	178	0
2934	195	0
2935	172	0
2936	189	0
2937	216	0
2938	193	0
2939	204	0
2940	213	0
2941	211	0
2942	204	0
2943	227	0
2944	216	0
2945	195	0
2946	210	0
2947	197	0
2948	173	0
2949	214	0
2950	185	0
2951	218	0
2952	193	0
2953	215	0
2954	216	0
2955	233	0
2956	206	0
2957	176	0
2958	204	0
2959	195	0
2960	211	0
2961	188	0
2962	223	0
2963	205	0
2964	191	0
2965	192	0
2966	197	0
2967	196	0
2968	186	0
2969	205	0
2970	201	0
2971	212	0
2972	214	0
2973	182	0
2974	185	0
2975	193	0
2976	212	0
2977	186	0
2978	208	0
2979	207	0
2980	204	0
2981	186	0
2982	206	0
2983	173	0
2984	190	0
2985	169	0
2986	215	0
2987	203	0
2988	213	0
2989	200	0
2990	216	0
2991	207	0
2992	201	0
2993	213	0
2994	203	0
2995	199	0
2996	196	0
2997	204	0
2998	159	0
2999	196	0
3000	175	0
