1	204	0
2	166	0
3	171	0
4	182	0
5	195	0
6	186	0
7	204	0
8	192	0
9	197	0
10	178	0
11	197	0
12	187	0
13	212	0
14	204	0
15	179	0
16	180	0
17	208	0
18	217	0
19	187	0
20	186	0
21	204	0
22	188	0
23	192	0
24	206	0
25	202	0
26	210	0
27	210	0
28	186	0
29	212	0
30	197	0
31	210	0
32	195	0
33	198	0
34	197	0
35	193	0
36	194	0
37	203	0
38	233	0
39	217	0
40	187	0
41	197	0
42	203	0
43	179	0
44	174	0
45	175	0
46	212	0
47	195	0
48	201	0
49	196	0
50	197	0
51	203	0
52	188	0
53	179	0
54	199	0
55	190	0
56	215	0
57	220	0
58	219	0
59	195	0
60	195	0
61	209	0
62	192	0
63	182	0
64	187	0
65	200	0
66	198	0
67	184	0
68	178	0
69	206	0
70	211	0
71	185	0
72	206	0
73	180	0
74	198	0
75	214	0
76	215	0
77	204	0
78	185	0
79	213	0
80	215	0
81	194	0
82	182	0
83	192	0
84	191	0
85	211	0
86	202	0
87	196	0
88	206	0
89	196	0
90	209	0
91	206	0
92	202	0
93	176	0
94	221	0
95	214	0
96	189	0
97	202	0
98	174	0
99	178	0
100	181	0
101	174	0
102	212	0
103	201	0
104	205	0
105	225	0
106	193	0
107	222	0
108	193	0
109	170	0
110	178	0
111	216	0
112	171	0
113	184	0
114	179	0
115	187	0
116	216	0
117	210	0
118	204	0
119	159	0
120	205	0
121	179	0
122	188	0
123	190	0
124	188	0
125	185	0
126	189	0
127	168	0
128	193	0
129	199	0
130	181	0
131	197	0
132	180	0
133	184	0
134	198	0
135	190	0
136	181	0
137	181	0
138	194	0
139	192	0
140	200	0
141	189	0
142	207	0
143	191	0
144	197	0
145	191	0
146	196	0
147	183	0
148	208	0
149	198	0
150	203	0
151	213	0
152	191	0
153	202	0
154	193	0
155	176	0
156	202	0
157	193	0
158	202	0
159	192	0
160	188	0
161	191	0
162	163	0
163	187	0
164	202	0
165	188	0
166	208	0
167	188	0
168	202	0
169	187	0
170	213	0
171	219	0
172	183	0
173	201	0
174	209	0
175	191	0
176	204	0
177	221	0
178	217	0
179	187	0
180	201	0
181	186	0
182	216	0
183	212	0
184	215	0
185	200	0
186	199	0
187	169	0
188	227	0
189	188	0
190	193	0
191	211	0
192	203	0
193	185	0
194	170	0
195	210	0
196	201	0
197	163	0
198	168	0
199	197	0
200	201	0
201	174	0
202	204	0
203	202	0
204	171	0
205	190	0
206	190	0
207	190	0
208	195	0
209	195	0
210	201	0
211	213	0
212	181	0
213	204	0
214	173	0
215	186	0
216	188	0
217	211	0
218	200	0
219	195	0
220	209	0
221	189	0
222	194	0
223	199	0
224	209	0
225	212	0
226	156	0
227	192	0
228	191	0
229	186	0
230	210	0
231	186	0
232	192	0
233	196	0
234	198	0
235	202	0
236	190	0
237	218	0
238	217	0
239	201	0
240	193	0
241	223	0
242	204	0
243	192	0
244	185	0
245	172	0
246	198	0
247	190	0
248	199	0
249	192	0
250	171	0
251	210	0
252	204	0
253	180	0
254	193	0
255	194	0
256	203	0
257	168	0
258	185	0
259	181	0
260	166	0
261	196	0
262	196	0
263	212	0
264	192	0
265	179	0
266	196	0
267	196	0
268	193	0
269	188	0
270	192	0
271	198	0
272	191	0
273	179	0
274	183	0
275	193	0
276	183	0
277	196	0
278	194	0
279	191	0
280	206	0
281	179	0
282	181	0
283	163	0
284	196	0
285	185	0
286	213	0
287	199	0
288	183	0
289	222	0
290	201	0
291	203	0
292	191	0
293	188	0
294	193	0
295	207	0
296	190	0
297	184	0
298	200	0
299	182	0
300	206	0
301	181	0
302	191	0
303	195	0
304	180	0
305	185	0
306	204	0
307	193	0
308	191	0
309	212	0
310	154	0
311	203	0
312	187	0
313	180	0
314	193	0
315	213	0
316	196	0
317	205	0
318	193	0
319	189	0
320	207	0
321	201	0
322	198	0
323	187	0
324	199	0
325	206	0
326	191	0
327	173	0
328	204	0
329	192	0
330	217	0
331	211	0
332	184	0
333	180	0
334	209	0
335	194	0
336	233	0
337	190	0
338	191	0
339	207	0
340	229	0
341	208	0
342	191	0
343	215	0
344	199	0
345	188	0
346	185	0
347	212	0
348	217	0
349	163	0
350	234	0
351	186	0
352	162	0
353	203	0
354	197	0
355	191	0
356	188	0
357	203	0
358	194	0
359	198	0
360	191	0
361	173	0
362	198	0
363	198	0
364	199	0
365	194	0
366	198	0
367	195	0
368	199	0
369	191	0
370	194	0
371	180	0
372	193	0
373	207	0
374	194	0
375	186	0
376	174	0
377	213	0
378	174	0
379	193	0
380	197	0
381	216	0
382	216	0
383	194	0
384	234	0
385	225	0
386	174	0
387	179	0
388	227	0
389	191	0
390	201	0
391	195	0
392	183	0
393	197	0
394	200	0
395	187	0
396	203	0
397	196	0
398	191	0
399	182	0
400	185	0
401	203	0
402	202	0
403	183	0
404	183	0
405	203	0
406	206	0
407	202	0
408	207	0
409	201	0
410	194	0
411	206	0
412	209	0
413	224	0
414	189	0
415	224	0
416	201	0
417	193	0
418	214	0
419	164	0
420	179	0
421	209	0
422	197	0
423	203	0
424	203	0
425	190	0
426	220	0
427	188	0
428	183	0
429	180	0
430	200	0
431	219	0
432	203	0
433	172	0
434	190	0
435	200	0
436	208	0
437	233	0
438	179	0
439	201	0
440	185	0
441	228	0
442	187	0
443	190	0
444	209	0
445	204	0
446	214	0
447	199	0
448	190	0
449	177	0
450	201	0
451	208	0
452	198	0
453	188	0
454	196	0
455	184	0
456	201	0
457	187	0
458	198	0
459	191	0
460	172	0
461	193	0
462	207	0
463	201	0
464	191	0
465	210	0
466	168	0
467	217	0
468	196	0
469	228	0
470	194	0
471	184	0
472	198	0
473	225	0
474	192	0
475	203	0
476	220	0
477	197	0
478	214	0
479	201	0
480	199	0
481	185	0
482	194	0
483	212	0
484	180	0
485	241	0
486	210	0
487	215	0
488	189	0
489	161	0
490	216	0
491	178	0
492	176	0
493	174	0
494	181	0
495	203	0
496	203	0
497	171	0
498	209	0
499	200	0
500	207	0
501	211	0
502	204	0
503	192	0
504	218	0
505	198	0
506	191	0
507	196	0
508	191	0
509	193	0
510	212	0
511	199	0
512	187	0
513	187	0
514	201	0
515	193	0
516	198	0
517	188	0
518	191	0
519	221	0
520	191	0
521	204	0
522	178	0
523	172	0
524	179	0
525	221	0
526	195	0
527	192	0
528	187	0
529	216	0
530	202	0
531	188	0
532	208	0
533	188	0
534	186	0
535	197	0
536	224	0
537	215	0
538	188	0
539	192	0
540	175	0
541	181	0
542	207	0
543	227	0
544	172	0
545	177	0
546	220	0
547	183	0
548	204	0
549	173	0
550	208	0
551	187	0
552	213	0
553	217	0
554	185	0
555	216	0
556	185	0
557	177	0
558	197	0
559	208	0
560	178	0
561	212	0
562	196	0
563	190	0
564	188	0
565	189	0
566	226	0
567	179	0
568	216	0
569	188	0
570	190	0
571	211	0
572	183	0
573	208	0
574	180	0
575	187	0
576	195	0
577	165	0
578	195	0
579	180	0
580	210	0
581	203	0
582	190	0
583	188	0
584	204	0
585	201	0
586	215	0
587	202	0
588	194	0
589	161	0
590	198	0
591	177	0
592	206	0
593	194	0
594	182	0
595	176	0
596	174	0
597	215	0
598	195	0
599	200	0
600	166	0
601	215	0
602	187	0
603	200	0
604	176	0
605	188	0
606	198	0
607	192	0
608	178	0
609	211	0
610	203	0
611	210	0
612	187	0
613	202	0
614	186	0
615	202	0
616	215	0
617	199	0
618	190	0
619	211	0
620	196	0
621	212	0
622	209	0
623	207	0
624	205	0
625	194	0
626	195	0
627	215	0
628	199	0
629	206	0
630	203	0
631	204	0
632	157	0
633	220	0
634	172	0
635	201	0
636	214	0
637	192	0
638	197	0
639	179	0
640	195	0
641	200	0
642	197	0
643	202	0
644	193	0
645	195	0
646	191	0
647	201	0
648	179	0
649	193	0
650	161	0
651	182	0
652	195	0
653	181	0
654	180	0
655	212	0
656	201	0
657	193	0
658	194	0
659	186	0
660	201	0
661	207	0
662	169	0
663	203	0
664	180	0
665	190	0
666	204	0
667	205	0
668	189	0
669	197	0
670	191	0
671	189	0
672	221	0
673	200	0
674	186	0
675	186	0
676	206	0
677	183	0
678	215	0
679	209	0
680	205	0
681	196	0
682	165	0
683	201	0
684	194	0
685	189	0
686	177	0
687	181	0
688	200	0
689	211	0
690	211	0
691	170	0
692	164	0
693	186	0
694	191	0
695	197	0
696	221	0
697	180	0
698	175	0
699	182	0
700	176	0
701	182	0
702	196	0
703	186	0
704	193	0
705	215	0
706	194	0
707	210	0
708	201	0
709	198	0
710	187	0
711	188	0
712	202	0
713	197	0
714	207	0
715	181	0
716	167	0
717	212	0
718	180	0
719	182	0
720	193	0
721	195	0
722	201	0
723	191	0
724	209	0
725	194	0
726	179	0
727	223	0
728	210	0
729	192	0
730	209	0
731	197	0
732	206	0
733	217	0
734	187	0
735	200	0
736	215	0
737	223	0
738	197	0
739	176	0
740	168	0
741	217	0
742	177	0
743	194	0
744	209	0
745	217	0
746	192	0
747	199	0
748	230	0
749	208	0
750	218	0
751	195	0
752	217	0
753	200	0
754	191	0
755	183	0
756	201	0
757	194	0
758	195	0
759	188	0
760	206	0
761	186	0
762	191	0
763	208	0
764	184	0
765	200	0
766	199	0
767	214	0
768	181	0
769	202	0
770	202	0
771	186	0
772	215	0
773	224	0
774	200	0
775	181	0
776	194	0
777	170	0
778	211	0
779	202	0
780	170	0
781	219	0
782	231	0
783	150	0
784	227	0
785	197	0
786	193	0
787	180	0
788	174	0
789	186	0
790	192	0
791	190	0
792	211	0
793	176	0
794	207	0
795	188	0
796	186	0
797	205	0
798	174	0
799	178	0
800	189	0
801	217	0
802	178	0
803	180	0
804	200	0
805	193	0
806	200	0
807	186	0
808	177	0
809	184	0
810	169	0
811	189	0
812	193	0
813	203	0
814	206	0
815	172	0
816	186	0
817	179	0
818	184	0
819	221	0
820	192	0
821	208	0
822	220	0
823	176	0
824	188	0
825	215	0
826	195	0
827	183	0
828	204	0
829	220	0
830	188	0
831	216	0
832	203	0
833	185	0
834	174	0
835	191	0
836	224	0
837	208	0
838	220	0
839	204	0
840	165	0
841	191	0
842	181	0
843	181	0
844	206	0
845	179	0
846	193	0
847	197	0
848	180	0
849	192	0
850	206	0
851	186	0
852	195	0
853	212	0
854	229	0
855	197	0
856	191	0
857	203	0
858	187	0
859	211	0
860	185	0
861	190	0
862	196	0
863	214	0
864	199	0
865	199	0
866	217	0
867	182	0
868	214	0
869	192	0
870	195	0
871	205	0
872	187	0
873	182	0
874	201	0
875	208	0
876	204	0
877	161	0
878	190	0
879	197	0
880	187	0
881	193	0
882	231	0
883	191	0
884	180	0
885	188	0
886	179	0
887	189	0
888	204	0
889	181	0
890	178	0
891	195	0
892	178	0
893	180	0
894	212	0
895	210	0
896	210	0
897	193	0
898	192	0
899	180	0
900	196	0
901	220	0
902	191	0
903	226	0
904	209	0
905	217	0
906	195	0
907	197	0
908	182	0
909	211	0
910	225	0
911	169	0
912	228	0
913	171	0
914	196	0
915	213	0
916	232	0
917	178	0
918	167	0
919	214	0
920	198	0
921	196	0
922	177	0
923	178	0
924	194	0
925	193	0
926	203	0
927	204	0
928	201	0
929	196	0
930	195	0
931	187	0
932	207	0
933	193	0
934	191	0
935	220	0
936	204	0
937	217	0
938	211	0
939	190	0
940	201	0
941	178	0
942	200	0
943	217	0
944	179	0
945	208	0
946	221	0
947	212	0
948	207	0
949	185	0
950	201	0
951	221	0
952	218	0
953	233	0
954	215	0
955	197	0
956	192	0
957	187	0
958	172	0
959	181	0
960	200	0
961	173	0
962	187	0
963	217	0
964	216	0
965	189	0
966	209	0
967	222	0
968	176	0
969	205	0
970	211	0
971	196	0
972	178	0
973	222	0
974	222	0
975	195	0
976	178	0
977	206	0
978	203	0
979	215	0
980	196	0
981	195	0
982	198	0
983	184	0
984	202	0
985	195	0
986	199	0
987	212	0
988	193	0
989	192	0
990	189	0
991	188	0
992	200	0
993	226	0
994	213	0
995	182	0
996	215	0
997	177	0
998	217	0
999	212	0
1000	190	0
1001	198	0
1002	190	0
1003	209	0
1004	171	0
1005	195	0
1006	196	0
1007	176	0
1008	191	0
1009	188	0
1010	176	0
1011	199	0
1012	184	0
1013	181	0
1014	195	0
1015	187	0
1016	170	0
1017	195	0
1018	187	0
1019	199	0
1020	198	0
1021	201	0
1022	191	0
1023	202	0
1024	214	0
1025	194	0
1026	215	0
1027	181	0
1028	195	0
1029	203	0
1030	182	0
1031	187	0
1032	221	0
1033	186	0
1034	189	0
1035	198	0
1036	197	0
1037	192	0
1038	206	0
1039	194	0
1040	191	0
1041	193	0
1042	163	0
1043	185	0
1044	218	0
1045	177	0
1046	193	0
1047	185	0
1048	204	0
1049	235	0
1050	217	0
1051	191	0
1052	194	0
1053	204	0
1054	191	0
1055	179	0
1056	185	0
1057	198	0
1058	203	0
1059	198	0
1060	202	0
1061	169	0
1062	206	0
1063	176	0
1064	214	0
1065	202	0
1066	192	0
1067	195	0
1068	209	0
1069	202	0
1070	226	0
1071	186	0
1072	179	0
1073	199	0
1074	199	0
1075	185	0
1076	201	0
1077	179	0
1078	189	0
1079	212	0
1080	194	0
1081	220	0
1082	208	0
1083	226	0
1084	188	0
1085	190	0
1086	200	0
1087	191	0
1088	201	0
1089	187	0
1090	188	0
1091	185	0
1092	226	0
1093	186	0
1094	206	0
1095	194	0
1096	190	0
1097	189	0
1098	201	0
1099	212	0
1100	195	0
1101	170	0
1102	185	0
1103	193	0
1104	171	0
1105	189	0
1106	204	0
1107	195	0
1108	213	0
1109	212	0
1110	221	0
1111	182	0
1112	190	0
1113	197	0
1114	206	0
1115	204	0
1116	197	0
1117	193	0
1118	192	0
1119	185	0
1120	196	0
1121	197	0
1122	198	0
1123	178	0
1124	219	0
1125	201	0
1126	173	0
1127	215	0
1128	212	0
1129	202	0
1130	205	0
1131	206	0
1132	191	0
1133	178	0
1134	215	0
1135	192	0
1136	208	0
1137	182	0
1138	200	0
1139	179	0
1140	217	0
1141	203	0
1142	188	0
1143	226	0
1144	189	0
1145	200	0
1146	209	0
1147	196	0
1148	195	0
1149	184	0
1150	219	0
1151	201	0
1152	188	0
1153	179	0
1154	173	0
1155	196	0
1156	207	0
1157	217	0
1158	183	0
1159	223	0
1160	215	0
1161	203	0
1162	170	0
1163	198	0
1164	188	0
1165	198	0
1166	223	0
1167	187	0
1168	233	0
1169	202	0
1170	176	0
1171	205	0
1172	224	0
1173	190	0
1174	166	0
1175	181	0
1176	199	0
1177	201	0
1178	181	0
1179	187	0
1180	206	0
1181	232	0
1182	206	0
1183	208	0
1184	212	0
1185	186	0
1186	183	0
1187	159	0
1188	192	0
1189	179	0
1190	177	0
1191	199	0
1192	213	0
1193	158	0
1194	186	0
1195	195	0
1196	225	0
1197	175	0
1198	168	0
1199	181	0
1200	195	0
1201	210	0
1202	194	0
1203	200	0
1204	184	0
1205	220	0
1206	212	0
1207	202	0
1208	168	0
1209	206	0
1210	185	0
1211	194	0
1212	203	0
1213	200	0
1214	186	0
1215	185	0
1216	196	0
1217	196	0
1218	200	0
1219	196	0
1220	182	0
1221	203	0
1222	189	0
1223	181	0
1224	213	0
1225	210	0
1226	211	0
1227	179	0
1228	170	0
1229	180	0
1230	195	0
1231	183	0
1232	198	0
1233	198	0
1234	208	0
1235	192	0
1236	208	0
1237	194	0
1238	183	0
1239	212	0
1240	179	0
1241	194	0
1242	222	0
1243	196	0
1244	211	0
1245	195	0
1246	175	0
1247	191	0
1248	191	0
1249	193	0
1250	180	0
1251	186	0
1252	182	0
1253	201	0
1254	206	0
1255	216	0
1256	187	0
1257	206	0
1258	215	0
1259	206	0
1260	184	0
1261	180	0
1262	206	0
1263	204	0
1264	204	0
1265	185	0
1266	176	0
1267	179	0
1268	198	0
1269	206	0
1270	206	0
1271	191	0
1272	195	0
1273	201	0
1274	186	0
1275	207	0
1276	197	0
1277	193	0
1278	198	0
1279	201	0
1280	191	0
1281	197	0
1282	211	0
1283	209	0
1284	197	0
1285	225	0
1286	187	0
1287	183	0
1288	214	0
1289	153	0
1290	215	0
1291	198	0
1292	207	0
1293	189	0
1294	189	0
1295	196	0
1296	213	0
1297	220	0
1298	173	0
1299	195	0
1300	180	0
1301	213	0
1302	168	0
1303	178	0
1304	221	0
1305	197	0
1306	196	0
1307	177	0
1308	203	0
1309	196	0
1310	198	0
1311	190	0
1312	207	0
1313	189	0
1314	205	0
1315	193	0
1316	214	0
1317	192	0
1318	177	0
1319	200	0
1320	186	0
1321	198	0
1322	202	0
1323	195	0
1324	226	0
1325	183	0
1326	199	0
1327	172	0
1328	170	0
1329	190	0
1330	196	0
1331	189	0
1332	224	0
1333	194	0
1334	197	0
1335	203	0
1336	193	0
1337	198	0
1338	194	0
1339	183	0
1340	204	0
1341	203	0
1342	190	0
1343	202	0
1344	198	0
1345	193	0
1346	190	0
1347	194	0
1348	210	0
1349	204	0
1350	188	0
1351	217	0
1352	196	0
1353	190	0
1354	196	0
1355	206	0
1356	228	0
1357	203	0
1358	189	0
1359	198	0
1360	188	0
1361	199	0
1362	201	0
1363	203	0
1364	221	0
1365	182	0
1366	189	0
1367	172	0
1368	204	0
1369	174	0
1370	191	0
1371	206	0
1372	210	0
1373	173	0
1374	202	0
1375	223	0
1376	188	0
1377	189	0
1378	210	0
1379	196	0
1380	205	0
1381	199	0
1382	202	0
1383	211	0
1384	193	0
1385	205	0
1386	198	0
1387	198	0
1388	214	0
1389	203	0
1390	204	0
1391	193	0
1392	209	0
1393	193	0
1394	167	0
1395	185	0
1396	212	0
1397	203	0
1398	166	0
1399	194	0
1400	191	0
1401	193	0
1402	152	0
1403	211	0
1404	220	0
1405	186	0
1406	221	0
1407	197	0
1408	215	0
1409	188	0
1410	198	0
1411	194	0
1412	189	0
1413	175	0
1414	212	0
1415	195	0
1416	198	0
1417	188	0
1418	202	0
1419	172	0
1420	197	0
1421	214	0
1422	216	0
1423	180	0
1424	207	0
1425	186	0
1426	204	0
1427	197	0
1428	193	0
1429	220	0
1430	173	0
1431	198	0
1432	217	0
1433	173	0
1434	196	0
1435	188	0
1436	195	0
1437	200	0
1438	200	0
1439	197	0
1440	168	0
1441	189	0
1442	193	0
1443	212	0
1444	211	0
1445	202	0
1446	191	0
1447	199	0
1448	201	0
1449	173	0
1450	188	0
1451	200	0
1452	195	0
1453	201	0
1454	179	0
1455	201	0
1456	204	0
1457	189	0
1458	191	0
1459	200	0
1460	175	0
1461	209	0
1462	180	0
1463	193	0
1464	186	0
1465	154	0
1466	174	0
1467	186	0
1468	194	0
1469	197	0
1470	202	0
1471	189	0
1472	175	0
1473	177	0
1474	173	0
1475	169	0
1476	188	0
1477	230	0
1478	200	0
1479	223	0
1480	185	0
1481	217	0
1482	224	0
1483	197	0
1484	186	0
1485	188	0
1486	190	0
1487	187	0
1488	190	0
1489	180	0
1490	198	0
1491	189	0
1492	172	0
1493	189	0
1494	212	0
1495	174	0
1496	182	0
1497	204	0
1498	208	0
1499	211	0
1500	219	0
1501	201	0
1502	216	0
1503	190	0
1504	180	0
1505	203	0
1506	222	0
1507	195	0
1508	206	0
1509	183	0
1510	199	0
1511	199	0
1512	193	0
1513	175	0
1514	184	0
1515	191	0
1516	213	0
1517	207	0
1518	177	0
1519	209	0
1520	208	0
1521	189	0
1522	204	0
1523	184	0
1524	203	0
1525	194	0
1526	184	0
1527	187	0
1528	205	0
1529	199	0
1530	209	0
1531	164	0
1532	196	0
1533	186	0
1534	185	0
1535	173	0
1536	210	0
1537	230	0
1538	199	0
1539	204	0
1540	192	0
1541	211	0
1542	190	0
1543	195	0
1544	201	0
1545	221	0
1546	212	0
1547	190	0
1548	208	0
1549	181	0
1550	189	0
1551	199	0
1552	188	0
1553	173	0
1554	197	0
1555	196	0
1556	194	0
1557	173	0
1558	226	0
1559	227	0
1560	189	0
1561	190	0
1562	210	0
1563	163	0
1564	208	0
1565	195	0
1566	187	0
1567	208	0
1568	181	0
1569	209	0
1570	191	0
1571	197	0
1572	197	0
1573	187	0
1574	199	0
1575	215	0
1576	172	0
1577	204	0
1578	205	0
1579	210	0
1580	211	0
1581	187	0
1582	182	0
1583	229	0
1584	197	0
1585	204	0
1586	197	0
1587	170	0
1588	224	0
1589	184	0
1590	214	0
1591	198	0
1592	185	0
1593	161	0
1594	194	0
1595	202	0
1596	194	0
1597	196	0
1598	220	0
1599	205	0
1600	203	0
1601	191	0
1602	208	0
1603	192	0
1604	178	0
1605	203	0
1606	211	0
1607	167	0
1608	204	0
1609	218	0
1610	184	0
1611	183	0
1612	181	0
1613	175	0
1614	204	0
1615	203	0
1616	184	0
1617	209	0
1618	212	0
1619	189	0
1620	183	0
1621	212	0
1622	229	0
1623	199	0
1624	200	0
1625	199	0
1626	194	0
1627	204	0
1628	204	0
1629	199	0
1630	201	0
1631	201	0
1632	198	0
1633	216	0
1634	180	0
1635	181	0
1636	180	0
1637	189	0
1638	196	0
1639	189	0
1640	200	0
1641	204	0
1642	210	0
1643	175	0
1644	229	0
1645	187	0
1646	194	0
1647	194	0
1648	183	0
1649	183	0
1650	196	0
1651	200	0
1652	183	0
1653	204	0
1654	191	0
1655	203	0
1656	185	0
1657	186	0
1658	182	0
1659	198	0
1660	207	0
1661	176	0
1662	192	0
1663	165	0
1664	230	0
1665	186	0
1666	191	0
1667	175	0
1668	179	0
1669	183	0
1670	180	0
1671	189	0
1672	200	0
1673	192	0
1674	198	0
1675	229	0
1676	209	0
1677	236	0
1678	193	0
1679	201	0
1680	206	0
1681	165	0
1682	204	0
1683	203	0
1684	184	0
1685	186	0
1686	206	0
1687	203	0
1688	224	0
1689	170	0
1690	215	0
1691	189	0
1692	202	0
1693	201	0
1694	182	0
1695	171	0
1696	188	0
1697	193	0
1698	171	0
1699	213	0
1700	172	0
1701	219	0
1702	179	0
1703	198	0
1704	203	0
1705	196	0
1706	162	0
1707	210	0
1708	215	0
1709	222	0
1710	208	0
1711	211	0
1712	179	0
1713	176	0
1714	231	0
1715	205	0
1716	192	0
1717	210	0
1718	200	0
1719	185	0
1720	187	0
1721	201	0
1722	199	0
1723	183	0
1724	202	0
1725	212	0
1726	172	0
1727	223	0
1728	204	0
1729	185	0
1730	195	0
1731	210	0
1732	191	0
1733	195	0
1734	192	0
1735	205	0
1736	190	0
1737	189	0
1738	215	0
1739	187	0
1740	220	0
1741	199	0
1742	193	0
1743	185	0
1744	203	0
1745	177	0
1746	199	0
1747	169	0
1748	202	0
1749	193	0
1750	180	0
1751	186	0
1752	179	0
1753	185	0
1754	201	0
1755	181	0
1756	224	0
1757	204	0
1758	219	0
1759	178	0
1760	194	0
1761	190	0
1762	218	0
1763	203	0
1764	195	0
1765	197	0
1766	198	0
1767	212	0
1768	188	0
1769	195	0
1770	202	0
1771	156	0
1772	189	0
1773	198	0
1774	184	0
1775	167	0
1776	199	0
1777	187	0
1778	188	0
1779	197	0
1780	200	0
1781	180	0
1782	208	0
1783	215	0
1784	226	0
1785	216	0
1786	210	0
1787	192	0
1788	194	0
1789	186	0
1790	199	0
1791	196	0
1792	167	0
1793	206	0
1794	211	0
1795	174	0
1796	203	0
1797	218	0
1798	190	0
1799	192	0
1800	206	0
1801	201	0
1802	183	0
1803	208	0
1804	196	0
1805	205	0
1806	199	0
1807	191	0
1808	187	0
1809	197	0
1810	198	0
1811	190	0
1812	222	0
1813	197	0
1814	186	0
1815	203	0
1816	191	0
1817	192	0
1818	178	0
1819	193	0
1820	202	0
1821	167	0
1822	208	0
1823	211	0
1824	193	0
1825	203	0
1826	172	0
1827	178	0
1828	193	0
1829	177	0
1830	176	0
1831	183	0
1832	197	0
1833	236	0
1834	208	0
1835	220	0
1836	195	0
1837	192	0
1838	172	0
1839	174	0
1840	180	0
1841	182	0
1842	169	0
1843	195	0
1844	184	0
1845	196	0
1846	199	0
1847	168	0
1848	215	0
1849	156	0
1850	213	0
1851	209	0
1852	166	0
1853	214	0
1854	216	0
1855	173	0
1856	198	0
1857	186	0
1858	199	0
1859	208	0
1860	215	0
1861	191	0
1862	206	0
1863	208	0
1864	193	0
1865	188	0
1866	189	0
1867	193	0
1868	190	0
1869	196	0
1870	197	0
1871	210	0
1872	176	0
1873	221	0
1874	216	0
1875	193	0
1876	203	0
1877	202	0
1878	225	0
1879	186	0
1880	199	0
1881	194	0
1882	182	0
1883	189	0
1884	205	0
1885	201	0
1886	186	0
1887	206	0
1888	189	0
1889	201	0
1890	185	0
1891	221	0
1892	208	0
1893	187	0
1894	153	0
1895	201	0
1896	182	0
1897	194	0
1898	191	0
1899	193	0
1900	199	0
1901	199	0
1902	198	0
1903	189	0
1904	195	0
1905	207	0
1906	173	0
1907	201	0
1908	195	0
1909	211	0
1910	213	0
1911	193	0
1912	200	0
1913	196	0
1914	205	0
1915	204	0
1916	228	0
1917	209	0
1918	202	0
1919	203	0
1920	214	0
1921	217	0
1922	207	0
1923	199	0
1924	211	0
1925	192	0
1926	195	0
1927	196	0
1928	198	0
1929	203	0
1930	197	0
1931	191	0
1932	187	0
1933	208	0
1934	178	0
1935	168	0
1936	218	0
1937	217	0
1938	204	0
1939	223	0
1940	179	0
1941	215	0
1942	174	0
1943	198	0
1944	206	0
1945	184	0
1946	203	0
1947	192	0
1948	186	0
1949	193	0
1950	210	0
1951	191	0
1952	177	0
1953	212	0
1954	191	0
1955	192	0
1956	193	0
1957	203	0
1958	194	0
1959	166	0
1960	186	0
1961	196	0
1962	199	0
1963	181	0
1964	182	0
1965	196	0
1966	198	0
1967	200	0
1968	186	0
1969	212	0
1970	201	0
1971	202	0
1972	211	0
1973	189	0
1974	203	0
1975	199	0
1976	189	0
1977	172	0
1978	189	0
1979	188	0
1980	215	0
1981	206	0
1982	209	0
1983	194	0
1984	172	0
1985	170	0
1986	229	0
1987	232	0
1988	180	0
1989	205	0
1990	191	0
1991	191	0
1992	192	0
1993	206	0
1994	189	0
1995	194	0
1996	194	0
1997	207	0
1998	176	0
1999	185	0
2000	200	0
2001	183	0
2002	214	0
2003	169	0
2004	176	0
2005	204	0
2006	183	0
2007	198	0
2008	186	0
2009	189	0
2010	185	0
2011	185	0
2012	225	0
2013	208	0
2014	195	0
2015	203	0
2016	209	0
2017	181	0
2018	174	0
2019	191	0
2020	213	0
2021	182	0
2022	187	0
2023	221	0
2024	185	0
2025	202	0
2026	201	0
2027	220	0
2028	193	0
2029	195	0
2030	198	0
2031	227	0
2032	216	0
2033	209	0
2034	207	0
2035	215	0
2036	177	0
2037	205	0
2038	212	0
2039	187	0
2040	194	0
2041	170	0
2042	200	0
2043	208	0
2044	224	0
2045	180	0
2046	201	0
2047	196	0
2048	172	0
2049	195	0
2050	210	0
2051	192	0
2052	198	0
2053	203	0
2054	189	0
2055	185	0
2056	175	0
2057	197	0
2058	186	0
2059	202	0
2060	182	0
2061	187	0
2062	176	0
2063	192	0
2064	202	0
2065	196	0
2066	190	0
2067	200	0
2068	195	0
2069	179	0
2070	206	0
2071	212	0
2072	202	0
2073	202	0
2074	198	0
2075	207	0
2076	199	0
2077	199	0
2078	186	0
2079	166	0
2080	178	0
2081	207	0
2082	217	0
2083	193	0
2084	206	0
2085	208	0
2086	199	0
2087	202	0
2088	192	0
2089	188	0
2090	170	0
2091	183	0
2092	223	0
2093	193	0
2094	212	0
2095	181	0
2096	195	0
2097	196	0
2098	208	0
2099	208	0
2100	218	0
2101	185	0
2102	180	0
2103	183	0
2104	198	0
2105	194	0
2106	171	0
2107	214	0
2108	176	0
2109	210	0
2110	186	0
2111	201	0
2112	208	0
2113	196	0
2114	190	0
2115	192	0
2116	199	0
2117	198	0
2118	193	0
2119	217	0
2120	185	0
2121	208	0
2122	212	0
2123	197	0
2124	163	0
2125	190	0
2126	201	0
2127	197	0
2128	180	0
2129	176	0
2130	203	0
2131	203	0
2132	225	0
2133	193	0
2134	185	0
2135	210	0
2136	196	0
2137	199	0
2138	208	0
2139	181	0
2140	180	0
2141	174	0
2142	200	0
2143	222	0
2144	213	0
2145	186	0
2146	243	0
2147	181	0
2148	187	0
2149	205	0
2150	190	0
2151	182	0
2152	230	0
2153	182	0
2154	214	0
2155	192	0
2156	201	0
2157	202	0
2158	230	0
2159	201	0
2160	216	0
2161	217	0
2162	183	0
2163	194	0
2164	182	0
2165	188	0
2166	186	0
2167	194	0
2168	175	0
2169	222	0
2170	200	0
2171	184	0
2172	201	0
2173	182	0
2174	178	0
2175	172	0
2176	210	0
2177	194	0
2178	199	0
2179	200	0
2180	220	0
2181	209	0
2182	206	0
2183	192	0
2184	201	0
2185	185	0
2186	174	0
2187	221	0
2188	197	0
2189	198	0
2190	214	0
2191	172	0
2192	203	0
2193	180	0
2194	222	0
2195	220	0
2196	177	0
2197	229	0
2198	246	0
2199	193	0
2200	186	0
2201	170	0
2202	200	0
2203	194	0
2204	181	0
2205	212	0
2206	193	0
2207	207	0
2208	202	0
2209	178	0
2210	187	0
2211	193	0
2212	221	0
2213	209	0
2214	204	0
2215	217	0
2216	211	0
2217	191	0
2218	207	0
2219	222	0
2220	191	0
2221	207	0
2222	201	0
2223	218	0
2224	174	0
2225	199	0
2226	195	0
2227	173	0
2228	205	0
2229	217	0
2230	194	0
2231	211	0
2232	195	0
2233	209	0
2234	196	0
2235	176	0
2236	196	0
2237	205	0
2238	208	0
2239	198	0
2240	187	0
2241	177	0
2242	169	0
2243	217	0
2244	175	0
2245	190	0
2246	183	0
2247	182	0
2248	184	0
2249	180	0
2250	216	0
2251	204	0
2252	175	0
2253	211	0
2254	189	0
2255	184	0
2256	204	0
2257	182	0
2258	175	0
2259	182	0
2260	208	0
2261	179	0
2262	198	0
2263	200	0
2264	191	0
2265	188	0
2266	176	0
2267	189	0
2268	197	0
2269	200	0
2270	213	0
2271	216	0
2272	194	0
2273	215	0
2274	191	0
2275	196	0
2276	187	0
2277	190	0
2278	188	0
2279	199	0
2280	203	0
2281	210	0
2282	213	0
2283	188	0
2284	195	0
2285	187	0
2286	202	0
2287	212	0
2288	200	0
2289	187	0
2290	192	0
2291	202	0
2292	199	0
2293	201	0
2294	155	0
2295	220	0
2296	207	0
2297	198	0
2298	222	0
2299	193	0
2300	212	0
2301	192	0
2302	148	0
2303	191	0
2304	191	0
2305	195	0
2306	213	0
2307	152	0
2308	183	0
2309	184	0
2310	196	0
2311	199	0
2312	213	0
2313	174	0
2314	178	0
2315	192	0
2316	213	0
2317	197	0
2318	224	0
2319	187	0
2320	194	0
2321	202	0
2322	211	0
2323	210	0
2324	185	0
2325	202	0
2326	180	0
2327	192	0
2328	179	0
2329	205	0
2330	186	0
2331	205	0
2332	206	0
2333	193	0
2334	201	0
2335	210	0
2336	189	0
2337	200	0
2338	186	0
2339	190	0
2340	211	0
2341	196	0
2342	204	0
2343	192	0
2344	211	0
2345	196	0
2346	209	0
2347	228	0
2348	182	0
2349	202	0
2350	201	0
2351	193	0
2352	176	0
2353	208	0
2354	183	0
2355	173	0
2356	202	0
2357	204	0
2358	187	0
2359	190	0
2360	208	0
2361	189	0
2362	197	0
2363	190	0
2364	174	0
2365	169	0
2366	225	0
2367	202	0
2368	199	0
2369	195	0
2370	177	0
2371	178	0
2372	189	0
2373	179	0
2374	184	0
2375	189	0
2376	216	0
2377	207	0
2378	181	0
2379	194	0
2380	184	0
2381	202	0
2382	183	0
2383	186	0
2384	200	0
2385	165	0
2386	187	0
2387	188	0
2388	195	0
2389	189	0
2390	215	0
2391	188	0
2392	201	0
2393	188	0
2394	171	0
2395	202	0
2396	167	0
2397	225	0
2398	239	0
2399	175	0
2400	189	0
2401	204	0
2402	201	0
2403	205	0
2404	205	0
2405	175	0
2406	199	0
2407	198	0
2408	191	0
2409	201	0
2410	214	0
2411	213	0
2412	190	0
2413	198	0
2414	202	0
2415	188	0
2416	206	0
2417	186	0
2418	210	0
2419	202	0
2420	199	0
2421	169	0
2422	212	0
2423	185	0
2424	208	0
2425	198	0
2426	183	0
2427	172	0
2428	184	0
2429	222	0
2430	201	0
2431	192	0
2432	194	0
2433	177	0
2434	212	0
2435	208	0
2436	187	0
2437	201	0
2438	194	0
2439	193	0
2440	207	0
2441	199	0
2442	235	0
2443	187	0
2444	181	0
2445	231	0
2446	223	0
2447	207	0
2448	206	0
2449	169	0
2450	202	0
2451	189	0
2452	204	0
2453	196	0
2454	175	0
2455	196	0
2456	192	0
2457	184	0
2458	182	0
2459	194	0
2460	197	0
2461	187	0
2462	199	0
2463	211	0
2464	195	0
2465	222	0
2466	180	0
2467	201	0
2468	182	0
2469	206	0
2470	189	0
2471	197	0
2472	209	0
2473	203	0
2474	216	0
2475	192	0
2476	194	0
2477	188	0
2478	203	0
2479	212	0
2480	169	0
2481	178	0
2482	180	0
2483	186	0
2484	204	0
2485	207	0
2486	186	0
2487	198	0
2488	188	0
2489	183	0
2490	189	0
2491	190	0
2492	198	0
2493	183	0
2494	200	0
2495	181	0
2496	198	0
2497	214	0
2498	203	0
2499	198	0
2500	207	0
2501	206	0
2502	207	0
2503	179	0
2504	210	0
2505	199	0
2506	196	0
2507	216	0
2508	196	0
2509	222	0
2510	212	0
2511	155	0
2512	200	0
2513	184	0
2514	184	0
2515	208	0
2516	176	0
2517	191	0
2518	199	0
2519	197	0
2520	206	0
2521	188	0
2522	182	0
2523	206	0
2524	208	0
2525	206	0
2526	198	0
2527	194	0
2528	210	0
2529	205	0
2530	219	0
2531	196	0
2532	211	0
2533	198	0
2534	214	0
2535	188	0
2536	219	0
2537	221	0
2538	217	0
2539	196	0
2540	211	0
2541	187	0
2542	195	0
2543	195	0
2544	207	0
2545	204	0
2546	198	0
2547	193	0
2548	196	0
2549	192	0
2550	187	0
2551	196	0
2552	191	0
2553	208	0
2554	193	0
2555	198	0
2556	187	0
2557	203	0
2558	191	0
2559	188	0
2560	192	0
2561	228	0
2562	198	0
2563	194	0
2564	197	0
2565	185	0
2566	198	0
2567	204	0
2568	175	0
2569	188	0
2570	233	0
2571	191	0
2572	217	0
2573	196	0
2574	228	0
2575	197	0
2576	194	0
2577	194	0
2578	209	0
2579	217	0
2580	199	0
2581	215	0
2582	237	0
2583	193	0
2584	198	0
2585	190	0
2586	208	0
2587	203	0
2588	193	0
2589	201	0
2590	203	0
2591	193	0
2592	207	0
2593	173	0
2594	199	0
2595	204	0
2596	175	0
2597	183	0
2598	221	0
2599	197	0
2600	190	0
2601	192	0
2602	206	0
2603	194	0
2604	219	0
2605	189	0
2606	221	0
2607	190	0
2608	171	0
2609	178	0
2610	183	0
2611	215	0
2612	223	0
2613	177	0
2614	179	0
2615	202	0
2616	213	0
2617	194	0
2618	198	0
2619	191	0
2620	194	0
2621	190	0
2622	189	0
2623	182	0
2624	185	0
2625	206	0
2626	207	0
2627	194	0
2628	216	0
2629	206	0
2630	180	0
2631	223	0
2632	182	0
2633	197	0
2634	209	0
2635	163	0
2636	189	0
2637	177	0
2638	196	0
2639	210	0
2640	167	0
2641	220	0
2642	200	0
2643	195	0
2644	200	0
2645	220	0
2646	208	0
2647	204	0
2648	204	0
2649	194	0
2650	227	0
2651	187	0
2652	216	0
2653	192	0
2654	179	0
2655	170	0
2656	175	0
2657	209	0
2658	208	0
2659	210	0
2660	187	0
2661	202	0
2662	195	0
2663	192	0
2664	182	0
2665	191	0
2666	204	0
2667	164	0
2668	183	0
2669	199	0
2670	199	0
2671	183	0
2672	206	0
2673	210	0
2674	188	0
2675	200	0
2676	207	0
2677	187	0
2678	182	0
2679	184	0
2680	193	0
2681	177	0
2682	201	0
2683	208	0
2684	204	0
2685	208	0
2686	212	0
2687	172	0
2688	186	0
2689	194	0
2690	207	0
2691	182	0
2692	202	0
2693	180	0
2694	205	0
2695	149	0
2696	174	0
2697	210	0
2698	202	0
2699	168	0
2700	199	0
2701	179	0
2702	190	0
2703	204	0
2704	196	0
2705	195	0
2706	180	0
2707	210	0
2708	183	0
2709	183	0
2710	189	0
2711	202	0
2712	196	0
2713	197	0
2714	203	0
2715	205	0
2716	168	0
2717	179	0
2718	200	0
2719	199	0
2720	194	0
2721	184	0
2722	191	0
2723	182	0
2724	199	0
2725	199	0
2726	234	0
2727	170	0
2728	165	0
2729	213	0
2730	211	0
2731	205	0
2732	242	0
2733	200	0
2734	219	0
2735	225	0
2736	215	0
2737	181	0
2738	188	0
2739	188	0
2740	194	0
2741	206	0
2742	201	0
2743	191	0
2744	188	0
2745	180	0
2746	183	0
2747	175	0
2748	178	0
2749	223	0
2750	214	0
2751	167	0
2752	178	0
2753	177	0
2754	186	0
2755	195	0
2756	205	0
2757	192	0
2758	193	0
2759	190	0
2760	176	0
2761	196	0
2762	194	0
2763	202	0
2764	219	0
2765	209	0
2766	190	0
2767	193	0
2768	171	0
2769	206	0
2770	216	0
2771	188	0
2772	182	0
2773	223	0
2774	193	0
2775	207	0
2776	192	0
2777	197	0
2778	168	0
2779	191	0
2780	213	0
2781	176	0
2782	184	0
2783	188	0
2784	188	0
2785	184	0
2786	223	0
2787	203	0
2788	207	0
2789	201	0
2790	193	0
2791	206	0
2792	167	0
2793	202	0
2794	185	0
2795	205	0
2796	206	0
2797	217	0
2798	200	0
2799	183	0
2800	176	0
2801	193	0
2802	207	0
2803	210	0
2804	202	0
2805	178	0
2806	196	0
2807	187	0
2808	199	0
2809	199	0
2810	207	0
2811	183	0
2812	205	0
2813	200	0
2814	200	0
2815	213	0
2816	217	0
2817	183	0
2818	189	0
2819	178	0
2820	199	0
2821	196	0
2822	175	0
2823	202	0
2824	193	0
2825	205	0
2826	174	0
2827	202	0
2828	223	0
2829	178	0
2830	191	0
2831	236	0
2832	215	0
2833	204	0
2834	189	0
2835	212	0
2836	212	0
2837	183	0
2838	181	0
2839	194	0
2840	195	0
2841	197	0
2842	200	0
2843	206	0
2844	171	0
2845	169	0
2846	192	0
2847	222	0
2848	181	0
2849	192	0
2850	211	0
2851	197	0
2852	204	0
2853	182	0
2854	194	0
2855	193	0
2856	192	0
2857	217	0
2858	228	0
2859	176	0
2860	211	0
2861	157	0
2862	208	0
2863	207	0
2864	192	0
2865	196	0
2866	201	0
2867	187	0
2868	203	0
2869	191	0
2870	201	0
2871	214	0
2872	191	0
2873	195	0
2874	187	0
2875	190	0
2876	188	0
2877	200	0
2878	189	0
2879	206	0
2880	189	0
2881	201	0
2882	201	0
2883	209	0
2884	171	0
2885	180	0
2886	219	0
2887	156	0
2888	215	0
2889	181	0
2890	206	0
2891	184	0
2892	199	0
2893	211	0
2894	201	0
2895	187	0
2896	203	0
2897	187	0
2898	214	0
2899	198	0
2900	192	0
2901	209	0
2902	199	0
2903	225	0
2904	206	0
2905	210	0
2906	191	0
2907	203	0
2908	177	0
2909	223	0
2910	218	0
2911	195	0
2912	217	0
2913	176	0
2914	217	0
2915	182	0
2916	201	0
2917	192	0
2918	211	0
2919	220	0
2920	181	0
2921	217	0
2922	157	0
2923	194	0
2924	215	0
2925	195	0
2926	199	0
2927	176	0
2928	189	0
2929	178	0
2930	211	0
2931	167	0
2932	196	0
2933	199	0
2934	191	0
2935	216	0
2936	207	0
2937	198	0
2938	193	0
2939	197	0
2940	216	0
2941	192	0
2942	230	0
2943	206	0
2944	198	0
2945	205	0
2946	222	0
2947	195	0
2948	202	0
2949	211	0
2950	184	0
2951	179	0
2952	194	0
2953	202	0
2954	226	0
2955	182	0
2956	186	0
2957	182	0
2958	170	0
2959	204	0
2960	198	0
2961	205	0
2962	189	0
2963	208	0
2964	179	0
2965	203	0
2966	204	0
2967	202	0
2968	185	0
2969	186	0
2970	219	0
2971	176	0
2972	181	0
2973	174	0
2974	171	0
2975	203	0
2976	197	0
2977	192	0
2978	183	0
2979	186	0
2980	183	0
2981	200	0
2982	197	0
2983	194	0
2984	201	0
2985	192	0
2986	199	0
2987	197	0
2988	184	0
2989	190	0
2990	189	0
2991	206	0
2992	199	0
2993	213	0
2994	195	0
2995	216	0
2996	190	0
2997	204	0
2998	209	0
2999	180	0
3000	174	0
