1	204	0
2	204	0
3	198	0
4	170	0
5	196	0
6	194	0
7	179	0
8	195	0
9	206	0
10	188	0
11	216	0
12	202	0
13	198	0
14	191	0
15	193	0
16	182	0
17	196	0
18	196	0
19	167	0
20	198	0
21	211	0
22	195	0
23	225	0
24	187	0
25	193	0
26	176	0
27	188	0
28	212	0
29	178	0
30	168	0
31	209	0
32	198	0
33	193	0
34	220	0
35	177	0
36	201	0
37	200	0
38	195	0
39	175	0
40	199	0
41	196	0
42	185	0
43	207	0
44	213	0
45	232	0
46	173	0
47	187	0
48	196	0
49	212	0
50	204	0
51	198	0
52	204	0
53	224	0
54	200	0
55	185	0
56	197	0
57	212	0
58	188	0
59	196	0
60	189	0
61	201	0
62	220	0
63	206	0
64	203	0
65	193	0
66	193	0
67	192	0
68	205	0
69	207	0
70	198	0
71	189	0
72	198	0
73	204	0
74	199	0
75	206	0
76	214	0
77	206	0
78	209	0
79	187	0
80	219	0
81	201	0
82	221	0
83	180	0
84	208	0
85	207	0
86	204	0
87	181	0
88	209	0
89	192	0
90	177	0
91	178	0
92	200	0
93	204	0
94	198	0
95	200	0
96	199	0
97	194	0
98	227	0
99	214	0
100	188	0
101	193	0
102	197	0
103	180	0
104	204	0
105	207	0
106	223	0
107	190	0
108	176	0
109	191	0
110	192	0
111	189	0
112	204	0
113	203	0
114	176	0
115	188	0
116	181	0
117	206	0
118	186	0
119	176	0
120	210	0
121	209	0
122	192	0
123	201	0
124	206	0
125	196	0
126	188	0
127	214	0
128	205	0
129	221	0
130	218	0
131	208	0
132	209	0
133	213	0
134	213	0
135	180	0
136	196	0
137	188	0
138	201	0
139	194	0
140	204	0
141	221	0
142	212	0
143	185	0
144	189	0
145	198	0
146	201	0
147	192	0
148	210	0
149	192	0
150	216	0
151	224	0
152	195	0
153	192	0
154	197	0
155	204	0
156	172	0
157	199	0
158	208	0
159	198	0
160	212	0
161	192	0
162	211	0
163	211	0
164	181	0
165	204	0
166	216	0
167	183	0
168	191	0
169	207	0
170	210	0
171	214	0
172	211	0
173	192	0
174	198	0
175	184	0
176	206	0
177	201	0
178	170	0
179	178	0
180	214	0
181	212	0
182	185	0
183	201	0
184	194	0
185	172	0
186	199	0
187	207	0
188	225	0
189	192	0
190	186	0
191	198	0
192	187	0
193	196	0
194	194	0
195	209	0
196	208	0
197	217	0
198	186	0
199	206	0
200	207	0
201	199	0
202	202	0
203	195	0
204	181	0
205	200	0
206	186	0
207	215	0
208	212	0
209	205	0
210	178	0
211	198	0
212	203	0
213	181	0
214	203	0
215	182	0
216	212	0
217	221	0
218	213	0
219	186	0
220	183	0
221	213	0
222	190	0
223	192	0
224	206	0
225	184	0
226	182	0
227	214	0
228	186	0
229	181	0
230	206	0
231	185	0
232	186	0
233	179	0
234	201	0
235	174	0
236	186	0
237	206	0
238	168	0
239	193	0
240	212	0
241	188	0
242	167	0
243	206	0
244	224	0
245	220	0
246	213	0
247	222	0
248	214	0
249	180	0
250	192	0
251	191	0
252	203	0
253	206	0
254	201	0
255	186	0
256	182	0
257	196	0
258	201	0
259	187	0
260	183	0
261	189	0
262	224	0
263	182	0
264	213	0
265	220	0
266	207	0
267	172	0
268	187	0
269	191	0
270	187	0
271	218	0
272	177	0
273	189	0
274	194	0
275	192	0
276	193	0
277	199	0
278	188	0
279	177	0
280	192	0
281	216	0
282	205	0
283	200	0
284	177	0
285	201	0
286	193	0
287	187	0
288	195	0
289	187	0
290	186	0
291	213	0
292	210	0
293	212	0
294	220	0
295	181	0
296	203	0
297	200	0
298	206	0
299	222	0
300	205	0
301	186	0
302	203	0
303	196	0
304	188	0
305	215	0
306	220	0
307	184	0
308	207	0
309	190	0
310	208	0
311	191	0
312	181	0
313	192	0
314	196	0
315	176	0
316	193	0
317	178	0
318	180	0
319	204	0
320	186	0
321	205	0
322	197	0
323	192	0
324	208	0
325	216	0
326	198	0
327	198	0
328	211	0
329	182	0
330	187	0
331	205	0
332	225	0
333	190	0
334	181	0
335	206	0
336	219	0
337	200	0
338	211	0
339	208	0
340	211	0
341	206	0
342	218	0
343	195	0
344	203	0
345	192	0
346	190	0
347	216	0
348	211	0
349	196	0
350	227	0
351	200	0
352	190	0
353	198	0
354	179	0
355	174	0
356	179	0
357	202	0
358	213	0
359	204	0
360	174	0
361	179	0
362	215	0
363	184	0
364	213	0
365	205	0
366	216	0
367	182	0
368	228	0
369	188	0
370	186	0
371	207	0
372	205	0
373	212	0
374	184	0
375	181	0
376	223	0
377	191	0
378	221	0
379	222	0
380	200	0
381	168	0
382	197	0
383	213	0
384	201	0
385	202	0
386	195	0
387	236	0
388	211	0
389	201	0
390	202	0
391	207	0
392	193	0
393	202	0
394	219	0
395	206	0
396	212	0
397	202	0
398	209	0
399	180	0
400	234	0
401	184	0
402	186	0
403	203	0
404	224	0
405	207	0
406	165	0
407	224	0
408	187	0
409	210	0
410	205	0
411	199	0
412	171	0
413	211	0
414	210	0
415	210	0
416	185	0
417	209	0
418	177	0
419	194	0
420	193	0
421	225	0
422	231	0
423	195	0
424	201	0
425	225	0
426	212	0
427	204	0
428	215	0
429	205	0
430	195	0
431	203	0
432	173	0
433	183	0
434	193	0
435	175	0
436	219	0
437	207	0
438	204	0
439	174	0
440	193	0
441	187	0
442	197	0
443	187	0
444	214	0
445	197	0
446	212	0
447	208	0
448	190	0
449	223	0
450	218	0
451	218	0
452	200	0
453	195	0
454	186	0
455	220	0
456	183	0
457	198	0
458	193	0
459	197	0
460	201	0
461	182	0
462	210	0
463	194	0
464	202	0
465	193	0
466	217	0
467	236	0
468	213	0
469	187	0
470	172	0
471	202	0
472	217	0
473	179	0
474	200	0
475	192	0
476	187	0
477	195	0
478	209	0
479	211	0
480	187	0
481	213	0
482	183	0
483	214	0
484	201	0
485	180	0
486	193	0
487	215	0
488	207	0
489	220	0
490	193	0
491	211	0
492	207	0
493	183	0
494	223	0
495	169	0
496	195	0
497	181	0
498	199	0
499	219	0
500	203	0
501	180	0
502	213	0
503	239	0
504	196	0
505	219	0
506	219	0
507	222	0
508	177	0
509	188	0
510	213	0
511	187	0
512	189	0
513	232	0
514	200	0
515	216	0
516	195	0
517	178	0
518	176	0
519	201	0
520	201	0
521	216	0
522	195	0
523	196	0
524	207	0
525	205	0
526	208	0
527	202	0
528	195	0
529	204	0
530	194	0
531	218	0
532	197	0
533	212	0
534	212	0
535	192	0
536	209	0
537	204	0
538	228	0
539	215	0
540	218	0
541	167	0
542	207	0
543	217	0
544	182	0
545	199	0
546	200	0
547	206	0
548	189	0
549	181	0
550	182	0
551	223	0
552	182	0
553	185	0
554	202	0
555	176	0
556	189	0
557	205	0
558	217	0
559	225	0
560	205	0
561	178	0
562	185	0
563	173	0
564	199	0
565	181	0
566	200	0
567	193	0
568	187	0
569	201	0
570	168	0
571	201	0
572	179	0
573	188	0
574	222	0
575	191	0
576	181	0
577	227	0
578	184	0
579	210	0
580	203	0
581	170	0
582	223	0
583	181	0
584	210	0
585	180	0
586	179	0
587	185	0
588	192	0
589	194	0
590	215	0
591	204	0
592	192	0
593	219	0
594	204	0
595	214	0
596	221	0
597	187	0
598	204	0
599	197	0
600	198	0
601	216	0
602	221	0
603	207	0
604	181	0
605	190	0
606	198	0
607	194	0
608	193	0
609	184	0
610	192	0
611	192	0
612	198	0
613	178	0
614	201	0
615	208	0
616	212	0
617	215	0
618	187	0
619	176	0
620	215	0
621	168	0
622	212	0
623	200	0
624	193	0
625	232	0
626	186	0
627	183	0
628	189	0
629	205	0
630	188	0
631	185	0
632	180	0
633	172	0
634	213	0
635	182	0
636	213	0
637	193	0
638	182	0
639	180	0
640	198	0
641	190	0
642	225	0
643	209	0
644	193	0
645	182	0
646	175	0
647	232	0
648	205	0
649	182	0
650	205	0
651	218	0
652	177	0
653	220	0
654	208	0
655	195	0
656	180	0
657	184	0
658	221	0
659	226	0
660	212	0
661	187	0
662	194	0
663	203	0
664	179	0
665	188	0
666	207	0
667	209	0
668	206	0
669	237	0
670	170	0
671	200	0
672	199	0
673	154	0
674	188	0
675	206	0
676	202	0
677	185	0
678	199	0
679	210	0
680	195	0
681	211	0
682	221	0
683	211	0
684	203	0
685	198	0
686	190	0
687	193	0
688	196	0
689	214	0
690	188	0
691	183	0
692	204	0
693	202	0
694	197	0
695	207	0
696	213	0
697	180	0
698	200	0
699	201	0
700	219	0
701	187	0
702	204	0
703	193	0
704	204	0
705	207	0
706	211	0
707	204	0
708	187	0
709	194	0
710	194	0
711	180	0
712	194	0
713	201	0
714	194	0
715	205	0
716	203	0
717	209	0
718	215	0
719	199	0
720	186	0
721	202	0
722	211	0
723	198	0
724	185	0
725	222	0
726	210	0
727	207	0
728	208	0
729	186	0
730	190	0
731	188	0
732	201	0
733	187	0
734	229	0
735	187	0
736	212	0
737	196	0
738	204	0
739	181	0
740	200	0
741	193	0
742	196	0
743	184	0
744	190	0
745	213	0
746	212	0
747	197	0
748	189	0
749	209	0
750	186	0
751	221	0
752	185	0
753	205	0
754	177	0
755	177	0
756	187	0
757	199	0
758	214	0
759	213	0
760	205	0
761	183	0
762	187	0
763	213	0
764	198	0
765	207	0
766	179	0
767	192	0
768	170	0
769	182	0
770	183	0
771	194	0
772	175	0
773	211	0
774	196	0
775	215	0
776	220	0
777	219	0
778	201	0
779	202	0
780	224	0
781	195	0
782	188	0
783	194	0
784	199	0
785	220	0
786	232	0
787	192	0
788	212	0
789	185	0
790	179	0
791	195	0
792	199	0
793	188	0
794	218	0
795	201	0
796	189	0
797	202	0
798	208	0
799	205	0
800	212	0
801	167	0
802	203	0
803	199	0
804	221	0
805	214	0
806	197	0
807	190	0
808	183	0
809	188	0
810	179	0
811	206	0
812	194	0
813	196	0
814	165	0
815	206	0
816	197	0
817	206	0
818	188	0
819	200	0
820	193	0
821	210	0
822	177	0
823	201	0
824	188	0
825	227	0
826	232	0
827	193	0
828	198	0
829	193	0
830	206	0
831	200	0
832	205	0
833	204	0
834	167	0
835	189	0
836	211	0
837	186	0
838	192	0
839	211	0
840	176	0
841	192	0
842	198	0
843	204	0
844	218	0
845	181	0
846	197	0
847	193	0
848	171	0
849	209	0
850	189	0
851	194	0
852	185	0
853	200	0
854	198	0
855	179	0
856	210	0
857	206	0
858	218	0
859	172	0
860	216	0
861	216	0
862	208	0
863	195	0
864	219	0
865	188	0
866	196	0
867	176	0
868	211	0
869	204	0
870	204	0
871	208	0
872	189	0
873	202	0
874	203	0
875	205	0
876	175	0
877	219	0
878	210	0
879	213	0
880	207	0
881	201	0
882	181	0
883	170	0
884	192	0
885	183	0
886	195	0
887	215	0
888	181	0
889	213	0
890	199	0
891	214	0
892	203	0
893	211	0
894	198	0
895	213	0
896	199	0
897	189	0
898	224	0
899	202	0
900	199	0
901	209	0
902	200	0
903	216	0
904	210	0
905	201	0
906	210	0
907	200	0
908	209	0
909	231	0
910	187	0
911	192	0
912	201	0
913	208	0
914	203	0
915	183	0
916	206	0
917	206	0
918	183	0
919	207	0
920	185	0
921	196	0
922	191	0
923	195	0
924	186	0
925	204	0
926	207	0
927	217	0
928	195	0
929	211	0
930	210	0
931	195	0
932	203	0
933	208	0
934	196	0
935	194	0
936	201	0
937	213	0
938	213	0
939	199	0
940	197	0
941	178	0
942	198	0
943	216	0
944	208	0
945	198	0
946	192	0
947	207	0
948	210	0
949	206	0
950	186	0
951	201	0
952	219	0
953	208	0
954	196	0
955	162	0
956	223	0
957	175	0
958	200	0
959	195	0
960	209	0
961	199	0
962	204	0
963	193	0
964	230	0
965	205	0
966	201	0
967	223	0
968	210	0
969	234	0
970	190	0
971	200	0
972	214	0
973	185	0
974	199	0
975	190	0
976	230	0
977	202	0
978	181	0
979	175	0
980	197	0
981	193	0
982	209	0
983	236	0
984	193	0
985	194	0
986	207	0
987	208	0
988	213	0
989	212	0
990	199	0
991	188	0
992	180	0
993	196	0
994	205	0
995	201	0
996	208	0
997	216	0
998	206	0
999	202	0
1000	186	0
1001	177	0
1002	211	0
1003	197	0
1004	210	0
1005	188	0
1006	214	0
1007	189	0
1008	207	0
1009	204	0
1010	179	0
1011	205	0
1012	206	0
1013	197	0
1014	199	0
1015	201	0
1016	192	0
1017	197	0
1018	209	0
1019	197	0
1020	223	0
1021	219	0
1022	221	0
1023	151	0
1024	199	0
1025	200	0
1026	230	0
1027	202	0
1028	217	0
1029	192	0
1030	193	0
1031	192	0
1032	208	0
1033	211	0
1034	203	0
1035	211	0
1036	194	0
1037	186	0
1038	218	0
1039	188	0
1040	205	0
1041	183	0
1042	185	0
1043	190	0
1044	188	0
1045	171	0
1046	191	0
1047	218	0
1048	182	0
1049	185	0
1050	197	0
1051	209	0
1052	202	0
1053	177	0
1054	228	0
1055	192	0
1056	209	0
1057	213	0
1058	218	0
1059	197	0
1060	189	0
1061	184	0
1062	197	0
1063	185	0
1064	214	0
1065	192	0
1066	211	0
1067	205	0
1068	183	0
1069	196	0
1070	186	0
1071	188	0
1072	212	0
1073	208	0
1074	222	0
1075	187	0
1076	223	0
1077	198	0
1078	180	0
1079	202	0
1080	207	0
1081	189	0
1082	193	0
1083	186	0
1084	188	0
1085	202	0
1086	191	0
1087	210	0
1088	206	0
1089	201	0
1090	212	0
1091	203	0
1092	210	0
1093	182	0
1094	166	0
1095	212	0
1096	205	0
1097	201	0
1098	213	0
1099	215	0
1100	212	0
1101	193	0
1102	197	0
1103	190	0
1104	208	0
1105	181	0
1106	216	0
1107	214	0
1108	212	0
1109	208	0
1110	211	0
1111	227	0
1112	218	0
1113	195	0
1114	194	0
1115	178	0
1116	184	0
1117	190	0
1118	202	0
1119	206	0
1120	195	0
1121	186	0
1122	196	0
1123	197	0
1124	184	0
1125	188	0
1126	198	0
1127	187	0
1128	199	0
1129	218	0
1130	207	0
1131	219	0
1132	200	0
1133	203	0
1134	195	0
1135	212	0
1136	220	0
1137	184	0
1138	201	0
1139	189	0
1140	195	0
1141	193	0
1142	196	0
1143	205	0
1144	201	0
1145	205	0
1146	224	0
1147	202	0
1148	209	0
1149	184	0
1150	229	0
1151	196	0
1152	211	0
1153	203	0
1154	201	0
1155	192	0
1156	185	0
1157	200	0
1158	209	0
1159	200	0
1160	178	0
1161	228	0
1162	198	0
1163	192	0
1164	174	0
1165	195	0
1166	193	0
1167	221	0
1168	175	0
1169	208	0
1170	192	0
1171	182	0
1172	191	0
1173	221	0
1174	213	0
1175	195	0
1176	214	0
1177	223	0
1178	193	0
1179	194	0
1180	203	0
1181	225	0
1182	187	0
1183	192	0
1184	200	0
1185	199	0
1186	200	0
1187	186	0
1188	215	0
1189	198	0
1190	229	0
1191	200	0
1192	189	0
1193	217	0
1194	210	0
1195	194	0
1196	192	0
1197	229	0
1198	209	0
1199	176	0
1200	193	0
1201	228	0
1202	199	0
1203	207	0
1204	231	0
1205	189	0
1206	186	0
1207	201	0
1208	230	0
1209	214	0
1210	215	0
1211	206	0
1212	217	0
1213	198	0
1214	202	0
1215	202	0
1216	163	0
1217	199	0
1218	195	0
1219	208	0
1220	172	0
1221	204	0
1222	184	0
1223	199	0
1224	182	0
1225	196	0
1226	208	0
1227	210	0
1228	209	0
1229	181	0
1230	217	0
1231	197	0
1232	216	0
1233	214	0
1234	199	0
1235	207	0
1236	194	0
1237	220	0
1238	191	0
1239	190	0
1240	205	0
1241	180	0
1242	202	0
1243	207	0
1244	201	0
1245	196	0
1246	199	0
1247	214	0
1248	193	0
1249	172	0
1250	200	0
1251	176	0
1252	200	0
1253	204	0
1254	204	0
1255	166	0
1256	173	0
1257	197	0
1258	189	0
1259	176	0
1260	202	0
1261	193	0
1262	193	0
1263	205	0
1264	180	0
1265	195	0
1266	206	0
1267	204	0
1268	177	0
1269	216	0
1270	196	0
1271	176	0
1272	197	0
1273	199	0
1274	165	0
1275	190	0
1276	214	0
1277	201	0
1278	228	0
1279	203	0
1280	190	0
1281	188	0
1282	173	0
1283	223	0
1284	220	0
1285	198	0
1286	201	0
1287	190	0
1288	193	0
1289	200	0
1290	194	0
1291	195	0
1292	210	0
1293	183	0
1294	221	0
1295	209	0
1296	187	0
1297	180	0
1298	214	0
1299	200	0
1300	199	0
1301	199	0
1302	201	0
1303	170	0
1304	213	0
1305	204	0
1306	194	0
1307	201	0
1308	173	0
1309	180	0
1310	180	0
1311	210	0
1312	203	0
1313	180	0
1314	205	0
1315	191	0
1316	203	0
1317	196	0
1318	199	0
1319	212	0
1320	183	0
1321	191	0
1322	190	0
1323	192	0
1324	211	0
1325	215	0
1326	211	0
1327	203	0
1328	183	0
1329	187	0
1330	219	0
1331	196	0
1332	178	0
1333	184	0
1334	198	0
1335	201	0
1336	179	0
1337	199	0
1338	174	0
1339	189	0
1340	189	0
1341	183	0
1342	182	0
1343	194	0
1344	210	0
1345	216	0
1346	205	0
1347	213	0
1348	200	0
1349	197	0
1350	202	0
1351	188	0
1352	216	0
1353	186	0
1354	202	0
1355	172	0
1356	183	0
1357	200	0
1358	178	0
1359	204	0
1360	187	0
1361	214	0
1362	210	0
1363	180	0
1364	206	0
1365	207	0
1366	208	0
1367	164	0
1368	184	0
1369	227	0
1370	208	0
1371	226	0
1372	215	0
1373	188	0
1374	222	0
1375	209	0
1376	195	0
1377	209	0
1378	204	0
1379	196	0
1380	206	0
1381	224	0
1382	207	0
1383	188	0
1384	179	0
1385	214	0
1386	222	0
1387	203	0
1388	225	0
1389	209	0
1390	178	0
1391	209	0
1392	220	0
1393	199	0
1394	206	0
1395	195	0
1396	192	0
1397	209	0
1398	220	0
1399	191	0
1400	189	0
1401	200	0
1402	223	0
1403	186	0
1404	196	0
1405	212	0
1406	213	0
1407	204	0
1408	207	0
1409	205	0
1410	217	0
1411	186	0
1412	196	0
1413	229	0
1414	175	0
1415	219	0
1416	194	0
1417	215	0
1418	168	0
1419	184	0
1420	196	0
1421	203	0
1422	197	0
1423	198	0
1424	171	0
1425	193	0
1426	197	0
1427	203	0
1428	172	0
1429	210	0
1430	214	0
1431	201	0
1432	203	0
1433	190	0
1434	186	0
1435	199	0
1436	210	0
1437	203	0
1438	168	0
1439	209	0
1440	192	0
1441	190	0
1442	174	0
1443	215	0
1444	207	0
1445	180	0
1446	203	0
1447	188	0
1448	195	0
1449	222	0
1450	206	0
1451	188	0
1452	178	0
1453	183	0
1454	198	0
1455	182	0
1456	229	0
1457	199	0
1458	202	0
1459	157	0
1460	194	0
1461	235	0
1462	193	0
1463	216	0
1464	197	0
1465	215	0
1466	187	0
1467	178	0
1468	231	0
1469	197	0
1470	187	0
1471	169	0
1472	197	0
1473	199	0
1474	203	0
1475	197	0
1476	182	0
1477	207	0
1478	198	0
1479	210	0
1480	228	0
1481	191	0
1482	183	0
1483	216	0
1484	204	0
1485	208	0
1486	189	0
1487	208	0
1488	179	0
1489	226	0
1490	228	0
1491	226	0
1492	182	0
1493	178	0
1494	197	0
1495	191	0
1496	218	0
1497	185	0
1498	188	0
1499	202	0
1500	197	0
1501	198	0
1502	212	0
1503	204	0
1504	198	0
1505	193	0
1506	173	0
1507	189	0
1508	199	0
1509	206	0
1510	215	0
1511	198	0
1512	189	0
1513	208	0
1514	214	0
1515	208	0
1516	212	0
1517	200	0
1518	207	0
1519	184	0
1520	203	0
1521	172	0
1522	186	0
1523	202	0
1524	211	0
1525	192	0
1526	195	0
1527	183	0
1528	217	0
1529	185	0
1530	207	0
1531	174	0
1532	202	0
1533	220	0
1534	196	0
1535	204	0
1536	194	0
1537	206	0
1538	180	0
1539	179	0
1540	191	0
1541	198	0
1542	180	0
1543	174	0
1544	188	0
1545	189	0
1546	193	0
1547	209	0
1548	181	0
1549	198	0
1550	236	0
1551	216	0
1552	190	0
1553	212	0
1554	165	0
1555	179	0
1556	196	0
1557	219	0
1558	228	0
1559	202	0
1560	168	0
1561	209	0
1562	200	0
1563	195	0
1564	228	0
1565	219	0
1566	185	0
1567	191	0
1568	217	0
1569	203	0
1570	196	0
1571	219	0
1572	190	0
1573	188	0
1574	160	0
1575	212	0
1576	179	0
1577	200	0
1578	193	0
1579	203	0
1580	205	0
1581	203	0
1582	209	0
1583	177	0
1584	208	0
1585	194	0
1586	227	0
1587	188	0
1588	234	0
1589	207	0
1590	203	0
1591	189	0
1592	176	0
1593	188	0
1594	188	0
1595	202	0
1596	188	0
1597	195	0
1598	201	0
1599	179	0
1600	185	0
1601	215	0
1602	208	0
1603	183	0
1604	204	0
1605	215	0
1606	200	0
1607	169	0
1608	189	0
1609	172	0
1610	183	0
1611	208	0
1612	207	0
1613	193	0
1614	172	0
1615	191	0
1616	181	0
1617	192	0
1618	184	0
1619	187	0
1620	184	0
1621	178	0
1622	204	0
1623	198	0
1624	196	0
1625	202	0
1626	157	0
1627	217	0
1628	190	0
1629	166	0
1630	190	0
1631	201	0
1632	174	0
1633	188	0
1634	180	0
1635	219	0
1636	201	0
1637	216	0
1638	199	0
1639	202	0
1640	181	0
1641	177	0
1642	192	0
1643	206	0
1644	210	0
1645	191	0
1646	176	0
1647	199	0
1648	181	0
1649	200	0
1650	194	0
1651	208	0
1652	181	0
1653	191	0
1654	209	0
1655	202	0
1656	212	0
1657	199	0
1658	209	0
1659	182	0
1660	189	0
1661	187	0
1662	182	0
1663	201	0
1664	195	0
1665	217	0
1666	220	0
1667	177	0
1668	195	0
1669	238	0
1670	216	0
1671	212	0
1672	197	0
1673	200	0
1674	195	0
1675	227	0
1676	201	0
1677	226	0
1678	184	0
1679	207	0
1680	213	0
1681	188	0
1682	202	0
1683	202	0
1684	184	0
1685	210	0
1686	188	0
1687	200	0
1688	198	0
1689	180	0
1690	195	0
1691	196	0
1692	194	0
1693	194	0
1694	179	0
1695	193	0
1696	199	0
1697	223	0
1698	188	0
1699	191	0
1700	196	0
1701	184	0
1702	179	0
1703	209	0
1704	181	0
1705	201	0
1706	207	0
1707	173	0
1708	189	0
1709	188	0
1710	207	0
1711	195	0
1712	183	0
1713	206	0
1714	205	0
1715	189	0
1716	196	0
1717	214	0
1718	190	0
1719	213	0
1720	201	0
1721	188	0
1722	212	0
1723	211	0
1724	198	0
1725	206	0
1726	189	0
1727	234	0
1728	170	0
1729	215	0
1730	168	0
1731	203	0
1732	195	0
1733	182	0
1734	188	0
1735	192	0
1736	192	0
1737	195	0
1738	196	0
1739	223	0
1740	201	0
1741	207	0
1742	168	0
1743	221	0
1744	201	0
1745	201	0
1746	195	0
1747	199	0
1748	185	0
1749	211	0
1750	176	0
1751	213	0
1752	209	0
1753	195	0
1754	190	0
1755	190	0
1756	227	0
1757	198	0
1758	203	0
1759	190	0
1760	183	0
1761	199	0
1762	199	0
1763	199	0
1764	220	0
1765	187	0
1766	200	0
1767	200	0
1768	203	0
1769	211	0
1770	179	0
1771	202	0
1772	216	0
1773	192	0
1774	188	0
1775	202	0
1776	195	0
1777	182	0
1778	226	0
1779	189	0
1780	212	0
1781	202	0
1782	227	0
1783	185	0
1784	197	0
1785	211	0
1786	196	0
1787	214	0
1788	199	0
1789	202	0
1790	192	0
1791	234	0
1792	198	0
1793	186	0
1794	195	0
1795	198	0
1796	202	0
1797	216	0
1798	175	0
1799	211	0
1800	221	0
1801	229	0
1802	215	0
1803	196	0
1804	185	0
1805	185	0
1806	207	0
1807	197	0
1808	206	0
1809	193	0
1810	212	0
1811	216	0
1812	170	0
1813	188	0
1814	201	0
1815	216	0
1816	180	0
1817	214	0
1818	165	0
1819	189	0
1820	197	0
1821	194	0
1822	194	0
1823	189	0
1824	190	0
1825	200	0
1826	190	0
1827	178	0
1828	217	0
1829	222	0
1830	202	0
1831	179	0
1832	191	0
1833	199	0
1834	200	0
1835	195	0
1836	215	0
1837	182	0
1838	186	0
1839	177	0
1840	190	0
1841	209	0
1842	217	0
1843	165	0
1844	188	0
1845	197	0
1846	185	0
1847	177	0
1848	222	0
1849	215	0
1850	214	0
1851	205	0
1852	215	0
1853	169	0
1854	228	0
1855	154	0
1856	203	0
1857	185	0
1858	204	0
1859	196	0
1860	200	0
1861	213	0
1862	175	0
1863	217	0
1864	194	0
1865	207	0
1866	221	0
1867	220	0
1868	210	0
1869	211	0
1870	196	0
1871	206	0
1872	225	0
1873	221	0
1874	195	0
1875	211	0
1876	200	0
1877	175	0
1878	203	0
1879	189	0
1880	183	0
1881	212	0
1882	215	0
1883	184	0
1884	203	0
1885	228	0
1886	189	0
1887	180	0
1888	189	0
1889	185	0
1890	201	0
1891	192	0
1892	202	0
1893	206	0
1894	199	0
1895	195	0
1896	225	0
1897	208	0
1898	202	0
1899	208	0
1900	200	0
1901	195	0
1902	209	0
1903	202	0
1904	200	0
1905	199	0
1906	183	0
1907	188	0
1908	206	0
1909	186	0
1910	233	0
1911	195	0
1912	194	0
1913	199	0
1914	198	0
1915	175	0
1916	170	0
1917	200	0
1918	202	0
1919	177	0
1920	189	0
1921	179	0
1922	197	0
1923	182	0
1924	195	0
1925	220	0
1926	206	0
1927	204	0
1928	193	0
1929	214	0
1930	203	0
1931	182	0
1932	204	0
1933	189	0
1934	190	0
1935	179	0
1936	229	0
1937	201	0
1938	199	0
1939	181	0
1940	190	0
1941	165	0
1942	192	0
1943	192	0
1944	211	0
1945	206	0
1946	204	0
1947	234	0
1948	200	0
1949	224	0
1950	202	0
1951	216	0
1952	198	0
1953	179	0
1954	187	0
1955	203	0
1956	199	0
1957	198	0
1958	185	0
1959	199	0
1960	192	0
1961	192	0
1962	209	0
1963	198	0
1964	206	0
1965	199	0
1966	203	0
1967	223	0
1968	168	0
1969	196	0
1970	185	0
1971	195	0
1972	209	0
1973	182	0
1974	169	0
1975	194	0
1976	234	0
1977	189	0
1978	210	0
1979	195	0
1980	218	0
1981	206	0
1982	227	0
1983	216	0
1984	199	0
1985	212	0
1986	209	0
1987	199	0
1988	207	0
1989	190	0
1990	209	0
1991	193	0
1992	191	0
1993	211	0
1994	195	0
1995	205	0
1996	188	0
1997	175	0
1998	182	0
1999	168	0
2000	205	0
2001	211	0
2002	202	0
2003	207	0
2004	173	0
2005	210	0
2006	214	0
2007	190	0
2008	188	0
2009	200	0
2010	202	0
2011	183	0
2012	206	0
2013	184	0
2014	205	0
2015	182	0
2016	198	0
2017	226	0
2018	227	0
2019	224	0
2020	196	0
2021	185	0
2022	233	0
2023	210	0
2024	209	0
2025	213	0
2026	178	0
2027	178	0
2028	185	0
2029	186	0
2030	194	0
2031	196	0
2032	212	0
2033	197	0
2034	196	0
2035	205	0
2036	194	0
2037	201	0
2038	194	0
2039	202	0
2040	186	0
2041	188	0
2042	213	0
2043	212	0
2044	214	0
2045	199	0
2046	218	0
2047	186	0
2048	195	0
2049	191	0
2050	172	0
2051	192	0
2052	193	0
2053	188	0
2054	207	0
2055	201	0
2056	216	0
2057	226	0
2058	197	0
2059	180	0
2060	175	0
2061	188	0
2062	226	0
2063	183	0
2064	205	0
2065	180	0
2066	198	0
2067	219	0
2068	185	0
2069	179	0
2070	200	0
2071	202	0
2072	196	0
2073	204	0
2074	197	0
2075	185	0
2076	225	0
2077	203	0
2078	192	0
2079	214	0
2080	246	0
2081	210	0
2082	163	0
2083	183	0
2084	197	0
2085	211	0
2086	202	0
2087	189	0
2088	189	0
2089	192	0
2090	193	0
2091	209	0
2092	201	0
2093	242	0
2094	196	0
2095	203	0
2096	177	0
2097	210	0
2098	197	0
2099	222	0
2100	212	0
2101	163	0
2102	210	0
2103	194	0
2104	193	0
2105	192	0
2106	202	0
2107	232	0
2108	187	0
2109	198	0
2110	218	0
2111	207	0
2112	195	0
2113	212	0
2114	210	0
2115	197	0
2116	207	0
2117	207	0
2118	213	0
2119	198	0
2120	209	0
2121	203	0
2122	207	0
2123	177	0
2124	210	0
2125	197	0
2126	208	0
2127	187	0
2128	208	0
2129	197	0
2130	206	0
2131	193	0
2132	206	0
2133	190	0
2134	220	0
2135	210	0
2136	179	0
2137	209	0
2138	185	0
2139	210	0
2140	189	0
2141	226	0
2142	203	0
2143	211	0
2144	229	0
2145	196	0
2146	194	0
2147	200	0
2148	172	0
2149	198	0
2150	168	0
2151	181	0
2152	199	0
2153	206	0
2154	226	0
2155	203	0
2156	214	0
2157	179	0
2158	220	0
2159	203	0
2160	210	0
2161	211	0
2162	215	0
2163	199	0
2164	186	0
2165	210	0
2166	180	0
2167	193	0
2168	199	0
2169	197	0
2170	228	0
2171	198	0
2172	215	0
2173	212	0
2174	210	0
2175	210	0
2176	216	0
2177	193	0
2178	211	0
2179	177	0
2180	231	0
2181	184	0
2182	225	0
2183	205	0
2184	181	0
2185	193	0
2186	220	0
2187	199	0
2188	187	0
2189	207	0
2190	191	0
2191	205	0
2192	189	0
2193	208	0
2194	196	0
2195	202	0
2196	155	0
2197	206	0
2198	217	0
2199	199	0
2200	234	0
2201	205	0
2202	183	0
2203	213	0
2204	181	0
2205	184	0
2206	207	0
2207	195	0
2208	204	0
2209	220	0
2210	197	0
2211	193	0
2212	187	0
2213	211	0
2214	205	0
2215	200	0
2216	215	0
2217	212	0
2218	207	0
2219	203	0
2220	221	0
2221	207	0
2222	206	0
2223	214	0
2224	204	0
2225	197	0
2226	200	0
2227	217	0
2228	201	0
2229	212	0
2230	194	0
2231	176	0
2232	203	0
2233	194	0
2234	177	0
2235	206	0
2236	188	0
2237	199	0
2238	193	0
2239	196	0
2240	205	0
2241	217	0
2242	219	0
2243	177	0
2244	205	0
2245	195	0
2246	192	0
2247	211	0
2248	196	0
2249	221	0
2250	211	0
2251	205	0
2252	193	0
2253	180	0
2254	211	0
2255	232	0
2256	194	0
2257	201	0
2258	194	0
2259	199	0
2260	200	0
2261	175	0
2262	193	0
2263	191	0
2264	202	0
2265	178	0
2266	198	0
2267	196	0
2268	193	0
2269	209	0
2270	200	0
2271	182	0
2272	220	0
2273	183	0
2274	196	0
2275	169	0
2276	230	0
2277	199	0
2278	185	0
2279	232	0
2280	187	0
2281	207	0
2282	190	0
2283	186	0
2284	200	0
2285	205	0
2286	199	0
2287	216	0
2288	209	0
2289	175	0
2290	201	0
2291	200	0
2292	192	0
2293	218	0
2294	185	0
2295	192	0
2296	210	0
2297	188	0
2298	193	0
2299	199	0
2300	173	0
2301	192	0
2302	196	0
2303	203	0
2304	189	0
2305	204	0
2306	198	0
2307	213	0
2308	204	0
2309	176	0
2310	192	0
2311	204	0
2312	236	0
2313	199	0
2314	203	0
2315	195	0
2316	216	0
2317	192	0
2318	197	0
2319	191	0
2320	194	0
2321	214	0
2322	190	0
2323	177	0
2324	207	0
2325	195	0
2326	218	0
2327	189	0
2328	211	0
2329	217	0
2330	219	0
2331	190	0
2332	196	0
2333	220	0
2334	215	0
2335	211	0
2336	229	0
2337	182	0
2338	178	0
2339	209	0
2340	183	0
2341	183	0
2342	188	0
2343	194	0
2344	211	0
2345	218	0
2346	186	0
2347	197	0
2348	189	0
2349	207	0
2350	214	0
2351	207	0
2352	201	0
2353	206	0
2354	200	0
2355	224	0
2356	196	0
2357	167	0
2358	185	0
2359	228	0
2360	236	0
2361	192	0
2362	223	0
2363	214	0
2364	189	0
2365	218	0
2366	193	0
2367	224	0
2368	191	0
2369	196	0
2370	187	0
2371	187	0
2372	197	0
2373	223	0
2374	198	0
2375	175	0
2376	205	0
2377	198	0
2378	215	0
2379	209	0
2380	205	0
2381	210	0
2382	227	0
2383	175	0
2384	173	0
2385	188	0
2386	205	0
2387	173	0
2388	194	0
2389	149	0
2390	219	0
2391	244	0
2392	198	0
2393	215	0
2394	186	0
2395	218	0
2396	211	0
2397	207	0
2398	208	0
2399	186	0
2400	202	0
2401	203	0
2402	190	0
2403	190	0
2404	175	0
2405	205	0
2406	169	0
2407	199	0
2408	226	0
2409	220	0
2410	164	0
2411	202	0
2412	185	0
2413	203	0
2414	183	0
2415	215	0
2416	201	0
2417	192	0
2418	190	0
2419	203	0
2420	237	0
2421	215	0
2422	202	0
2423	244	0
2424	206	0
2425	175	0
2426	179	0
2427	213	0
2428	212	0
2429	201	0
2430	211	0
2431	174	0
2432	194	0
2433	202	0
2434	205	0
2435	192	0
2436	180	0
2437	210	0
2438	188	0
2439	213	0
2440	203	0
2441	182	0
2442	206	0
2443	200	0
2444	215	0
2445	182	0
2446	198	0
2447	190	0
2448	211	0
2449	218	0
2450	195	0
2451	173	0
2452	237	0
2453	203	0
2454	211	0
2455	203	0
2456	228	0
2457	189	0
2458	215	0
2459	204	0
2460	204	0
2461	197	0
2462	192	0
2463	218	0
2464	195	0
2465	193	0
2466	218	0
2467	182	0
2468	198	0
2469	221	0
2470	187	0
2471	214	0
2472	212	0
2473	180	0
2474	197	0
2475	214	0
2476	201	0
2477	185	0
2478	210	0
2479	189	0
2480	191	0
2481	195	0
2482	173	0
2483	208	0
2484	207	0
2485	197	0
2486	221	0
2487	195	0
2488	206	0
2489	205	0
2490	208	0
2491	172	0
2492	199	0
2493	208	0
2494	192	0
2495	207	0
2496	207	0
2497	211	0
2498	200	0
2499	211	0
2500	176	0
2501	199	0
2502	203	0
2503	190	0
2504	186	0
2505	208	0
2506	195	0
2507	192	0
2508	204	0
2509	196	0
2510	207	0
2511	194	0
2512	195	0
2513	200	0
2514	190	0
2515	200	0
2516	182	0
2517	184	0
2518	177	0
2519	201	0
2520	209	0
2521	221	0
2522	170	0
2523	180	0
2524	205	0
2525	189	0
2526	165	0
2527	201	0
2528	193	0
2529	168	0
2530	179	0
2531	190	0
2532	195	0
2533	202	0
2534	201	0
2535	179	0
2536	184	0
2537	225	0
2538	182	0
2539	175	0
2540	200	0
2541	188	0
2542	181	0
2543	186	0
2544	177	0
2545	219	0
2546	197	0
2547	188	0
2548	201	0
2549	187	0
2550	187	0
2551	206	0
2552	212	0
2553	224	0
2554	212	0
2555	189	0
2556	200	0
2557	203	0
2558	193	0
2559	190	0
2560	217	0
2561	214	0
2562	188	0
2563	186	0
2564	193	0
2565	204	0
2566	201	0
2567	188	0
2568	173	0
2569	186	0
2570	196	0
2571	192	0
2572	188	0
2573	194	0
2574	192	0
2575	182	0
2576	199	0
2577	209	0
2578	200	0
2579	206	0
2580	190	0
2581	187	0
2582	211	0
2583	184	0
2584	213	0
2585	221	0
2586	222	0
2587	191	0
2588	191	0
2589	176	0
2590	195	0
2591	200	0
2592	194	0
2593	208	0
2594	205	0
2595	237	0
2596	201	0
2597	209	0
2598	196	0
2599	213	0
2600	196	0
2601	176	0
2602	199	0
2603	197	0
2604	202	0
2605	171	0
2606	194	0
2607	192	0
2608	158	0
2609	237	0
2610	211	0
2611	189	0
2612	215	0
2613	214	0
2614	227	0
2615	190	0
2616	214	0
2617	246	0
2618	209	0
2619	206	0
2620	208	0
2621	193	0
2622	198	0
2623	217	0
2624	218	0
2625	206	0
2626	196	0
2627	192	0
2628	189	0
2629	221	0
2630	199	0
2631	216	0
2632	175	0
2633	206	0
2634	205	0
2635	194	0
2636	194	0
2637	213	0
2638	195	0
2639	173	0
2640	199	0
2641	218	0
2642	219	0
2643	183	0
2644	216	0
2645	202	0
2646	182	0
2647	223	0
2648	199	0
2649	187	0
2650	206	0
2651	191	0
2652	170	0
2653	231	0
2654	175	0
2655	195	0
2656	208	0
2657	178	0
2658	170	0
2659	208	0
2660	195	0
2661	171	0
2662	228	0
2663	188	0
2664	194	0
2665	180	0
2666	187	0
2667	201	0
2668	208	0
2669	215	0
2670	187	0
2671	194	0
2672	177	0
2673	211	0
2674	189	0
2675	165	0
2676	171	0
2677	193	0
2678	230	0
2679	214	0
2680	197	0
2681	221	0
2682	189	0
2683	202	0
2684	214	0
2685	202	0
2686	200	0
2687	208	0
2688	207	0
2689	199	0
2690	214	0
2691	225	0
2692	172	0
2693	205	0
2694	221	0
2695	215	0
2696	227	0
2697	194	0
2698	207	0
2699	210	0
2700	217	0
2701	194	0
2702	180	0
2703	189	0
2704	209	0
2705	193	0
2706	212	0
2707	171	0
2708	182	0
2709	213	0
2710	187	0
2711	197	0
2712	226	0
2713	209	0
2714	201	0
2715	193	0
2716	169	0
2717	225	0
2718	201	0
2719	188	0
2720	177	0
2721	202	0
2722	207	0
2723	184	0
2724	199	0
2725	219	0
2726	199	0
2727	189	0
2728	201	0
2729	197	0
2730	176	0
2731	177	0
2732	201	0
2733	216	0
2734	200	0
2735	207	0
2736	182	0
2737	176	0
2738	179	0
2739	217	0
2740	200	0
2741	201	0
2742	198	0
2743	202	0
2744	195	0
2745	183	0
2746	207	0
2747	191	0
2748	181	0
2749	188	0
2750	210	0
2751	229	0
2752	170	0
2753	199	0
2754	190	0
2755	218	0
2756	214	0
2757	206	0
2758	187	0
2759	220	0
2760	188	0
2761	205	0
2762	190	0
2763	209	0
2764	208	0
2765	229	0
2766	182	0
2767	199	0
2768	190	0
2769	186	0
2770	185	0
2771	182	0
2772	224	0
2773	204	0
2774	200	0
2775	185	0
2776	173	0
2777	203	0
2778	202	0
2779	223	0
2780	209	0
2781	204	0
2782	204	0
2783	214	0
2784	184	0
2785	213	0
2786	171	0
2787	180	0
2788	214	0
2789	196	0
2790	200	0
2791	189	0
2792	186	0
2793	180	0
2794	181	0
2795	184	0
2796	204	0
2797	210	0
2798	189	0
2799	195	0
2800	180	0
2801	190	0
2802	218	0
2803	191	0
2804	175	0
2805	189	0
2806	207	0
2807	186	0
2808	193	0
2809	190	0
2810	183	0
2811	211	0
2812	205	0
2813	211	0
2814	208	0
2815	199	0
2816	217	0
2817	215	0
2818	202	0
2819	196	0
2820	195	0
2821	197	0
2822	182	0
2823	193	0
2824	196	0
2825	209	0
2826	177	0
2827	190	0
2828	179	0
2829	172	0
2830	200	0
2831	191	0
2832	194	0
2833	213	0
2834	196	0
2835	166	0
2836	213	0
2837	219	0
2838	185	0
2839	183	0
2840	206	0
2841	214	0
2842	243	0
2843	218	0
2844	185	0
2845	187	0
2846	206	0
2847	240	0
2848	213	0
2849	185	0
2850	195	0
2851	206	0
2852	211	0
2853	191	0
2854	194	0
2855	179	0
2856	197	0
2857	194	0
2858	206	0
2859	193	0
2860	180	0
2861	194	0
2862	218	0
2863	217	0
2864	224	0
2865	204	0
2866	180	0
2867	242	0
2868	200	0
2869	221	0
2870	198	0
2871	214	0
2872	190	0
2873	197	0
2874	191	0
2875	225	0
2876	207	0
2877	205	0
2878	174	0
2879	227	0
2880	214	0
2881	192	0
2882	193	0
2883	209	0
2884	170	0
2885	226	0
2886	173	0
2887	190	0
2888	172	0
2889	200	0
2890	207	0
2891	180	0
2892	208	0
2893	220	0
2894	224	0
2895	202	0
2896	188	0
2897	198	0
2898	198	0
2899	206	0
2900	196	0
2901	198	0
2902	181	0
2903	179	0
2904	189	0
2905	190	0
2906	212	0
2907	195	0
2908	209	0
2909	199	0
2910	208	0
2911	203	0
2912	193	0
2913	234	0
2914	210	0
2915	187	0
2916	193	0
2917	197	0
2918	197	0
2919	222	0
2920	197	0
2921	185	0
2922	185	0
2923	193	0
2924	200	0
2925	176	0
2926	186	0
2927	178	0
2928	194	0
2929	221	0
2930	195	0
2931	186	0
2932	189	0
2933	199	0
2934	193	0
2935	194	0
2936	199	0
2937	221	0
2938	216	0
2939	207	0
2940	175	0
2941	206	0
2942	208	0
2943	172	0
2944	192	0
2945	208	0
2946	204	0
2947	189	0
2948	210	0
2949	191	0
2950	165	0
2951	226	0
2952	216	0
2953	183	0
2954	179	0
2955	180	0
2956	203	0
2957	176	0
2958	206	0
2959	202	0
2960	209	0
2961	213	0
2962	195	0
2963	197	0
2964	201	0
2965	189	0
2966	208	0
2967	187	0
2968	190	0
2969	230	0
2970	177	0
2971	190	0
2972	196	0
2973	197	0
2974	202	0
2975	187	0
2976	197	0
2977	205	0
2978	200	0
2979	214	0
2980	204	0
2981	188	0
2982	210	0
2983	205	0
2984	226	0
2985	202	0
2986	200	0
2987	224	0
2988	207	0
2989	193	0
2990	191	0
2991	212	0
2992	200	0
2993	202	0
2994	197	0
2995	209	0
2996	204	0
2997	183	0
2998	190	0
2999	205	0
3000	218	0
