1	207	0
2	197	0
3	197	0
4	222	0
5	181	0
6	185	0
7	197	0
8	196	0
9	184	0
10	182	0
11	202	0
12	169	0
13	206	0
14	202	0
15	213	0
16	185	0
17	206	0
18	197	0
19	206	0
20	198	0
21	177	0
22	194	0
23	205	0
24	202	0
25	202	0
26	199	0
27	195	0
28	184	0
29	201	0
30	199	0
31	183	0
32	222	0
33	221	0
34	199	0
35	210	0
36	214	0
37	185	0
38	217	0
39	221	0
40	186	0
41	190	0
42	159	0
43	191	0
44	203	0
45	198	0
46	198	0
47	196	0
48	188	0
49	196	0
50	191	0
51	202	0
52	197	0
53	197	0
54	176	0
55	208	0
56	173	0
57	187	0
58	181	0
59	197	0
60	208	0
61	218	0
62	216	0
63	201	0
64	199	0
65	196	0
66	194	0
67	188	0
68	210	0
69	208	0
70	184	0
71	178	0
72	172	0
73	184	0
74	188	0
75	183	0
76	190	0
77	201	0
78	192	0
79	183	0
80	190	0
81	191	0
82	215	0
83	191	0
84	194	0
85	208	0
86	231	0
87	224	0
88	194	0
89	218	0
90	179	0
91	196	0
92	200	0
93	165	0
94	186	0
95	211	0
96	194	0
97	186	0
98	181	0
99	206	0
100	203	0
101	208	0
102	210	0
103	216	0
104	172	0
105	202	0
106	201	0
107	198	0
108	196	0
109	189	0
110	199	0
111	204	0
112	197	0
113	226	0
114	206	0
115	178	0
116	171	0
117	184	0
118	215	0
119	217	0
120	215	0
121	204	0
122	186	0
123	206	0
124	204	0
125	188	0
126	217	0
127	225	0
128	205	0
129	193	0
130	202	0
131	204	0
132	231	0
133	208	0
134	204	0
135	223	0
136	183	0
137	194	0
138	190	0
139	190	0
140	216	0
141	206	0
142	188	0
143	176	0
144	223	0
145	191	0
146	191	0
147	177	0
148	193	0
149	185	0
150	194	0
151	187	0
152	170	0
153	190	0
154	195	0
155	183	0
156	198	0
157	185	0
158	182	0
159	204	0
160	214	0
161	191	0
162	206	0
163	151	0
164	200	0
165	224	0
166	179	0
167	203	0
168	195	0
169	176	0
170	212	0
171	185	0
172	229	0
173	193	0
174	224	0
175	193	0
176	198	0
177	194	0
178	201	0
179	207	0
180	178	0
181	196	0
182	195	0
183	223	0
184	192	0
185	194	0
186	179	0
187	188	0
188	216	0
189	194	0
190	192	0
191	199	0
192	191	0
193	197	0
194	200	0
195	214	0
196	200	0
197	185	0
198	173	0
199	180	0
200	192	0
201	193	0
202	197	0
203	203	0
204	219	0
205	205	0
206	185	0
207	176	0
208	203	0
209	199	0
210	201	0
211	210	0
212	191	0
213	181	0
214	200	0
215	205	0
216	204	0
217	189	0
218	220	0
219	179	0
220	188	0
221	189	0
222	176	0
223	206	0
224	163	0
225	212	0
226	183	0
227	201	0
228	200	0
229	182	0
230	211	0
231	198	0
232	170	0
233	177	0
234	181	0
235	194	0
236	199	0
237	203	0
238	203	0
239	192	0
240	209	0
241	223	0
242	217	0
243	194	0
244	192	0
245	177	0
246	197	0
247	165	0
248	214	0
249	216	0
250	166	0
251	195	0
252	191	0
253	160	0
254	189	0
255	186	0
256	212	0
257	192	0
258	209	0
259	193	0
260	202	0
261	205	0
262	214	0
263	204	0
264	180	0
265	222	0
266	195	0
267	185	0
268	194	0
269	191	0
270	177	0
271	203	0
272	186	0
273	189	0
274	218	0
275	212	0
276	190	0
277	200	0
278	207	0
279	192	0
280	189	0
281	215	0
282	184	0
283	195	0
284	209	0
285	180	0
286	183	0
287	169	0
288	199	0
289	182	0
290	198	0
291	180	0
292	207	0
293	184	0
294	198	0
295	210	0
296	172	0
297	224	0
298	202	0
299	195	0
300	182	0
301	194	0
302	175	0
303	188	0
304	179	0
305	209	0
306	182	0
307	218	0
308	202	0
309	185	0
310	187	0
311	187	0
312	191	0
313	169	0
314	196	0
315	210	0
316	191	0
317	212	0
318	179	0
319	200	0
320	183	0
321	208	0
322	188	0
323	199	0
324	186	0
325	238	0
326	190	0
327	184	0
328	225	0
329	198	0
330	177	0
331	211	0
332	189	0
333	197	0
334	206	0
335	198	0
336	210	0
337	210	0
338	174	0
339	211	0
340	195	0
341	196	0
342	206	0
343	186	0
344	178	0
345	185	0
346	208	0
347	200	0
348	187	0
349	172	0
350	198	0
351	203	0
352	220	0
353	213	0
354	196	0
355	203	0
356	229	0
357	175	0
358	209	0
359	169	0
360	171	0
361	210	0
362	154	0
363	177	0
364	213	0
365	188	0
366	204	0
367	233	0
368	210	0
369	190	0
370	200	0
371	207	0
372	180	0
373	200	0
374	206	0
375	190	0
376	223	0
377	224	0
378	200	0
379	184	0
380	208	0
381	195	0
382	217	0
383	202	0
384	222	0
385	208	0
386	193	0
387	196	0
388	181	0
389	201	0
390	200	0
391	201	0
392	178	0
393	194	0
394	183	0
395	196	0
396	185	0
397	218	0
398	181	0
399	213	0
400	208	0
401	182	0
402	201	0
403	184	0
404	206	0
405	206	0
406	175	0
407	212	0
408	185	0
409	199	0
410	184	0
411	173	0
412	167	0
413	215	0
414	208	0
415	172	0
416	188	0
417	196	0
418	192	0
419	205	0
420	193	0
421	195	0
422	219	0
423	196	0
424	204	0
425	204	0
426	175	0
427	169	0
428	194	0
429	195	0
430	198	0
431	200	0
432	210	0
433	187	0
434	188	0
435	183	0
436	198	0
437	213	0
438	177	0
439	217	0
440	191	0
441	187	0
442	182	0
443	202	0
444	213	0
445	207	0
446	211	0
447	194	0
448	190	0
449	221	0
450	197	0
451	228	0
452	197	0
453	177	0
454	214	0
455	193	0
456	216	0
457	199	0
458	221	0
459	212	0
460	173	0
461	193	0
462	215	0
463	212	0
464	226	0
465	180	0
466	218	0
467	191	0
468	195	0
469	193	0
470	196	0
471	202	0
472	179	0
473	187	0
474	217	0
475	186	0
476	186	0
477	181	0
478	182	0
479	200	0
480	201	0
481	231	0
482	170	0
483	184	0
484	189	0
485	223	0
486	185	0
487	184	0
488	232	0
489	180	0
490	188	0
491	197	0
492	180	0
493	194	0
494	224	0
495	203	0
496	202	0
497	204	0
498	208	0
499	202	0
500	224	0
501	170	0
502	190	0
503	224	0
504	189	0
505	207	0
506	203	0
507	187	0
508	191	0
509	177	0
510	212	0
511	205	0
512	203	0
513	192	0
514	205	0
515	207	0
516	200	0
517	194	0
518	193	0
519	199	0
520	199	0
521	211	0
522	199	0
523	183	0
524	177	0
525	197	0
526	211	0
527	207	0
528	207	0
529	186	0
530	188	0
531	206	0
532	194	0
533	190	0
534	215	0
535	206	0
536	184	0
537	189	0
538	191	0
539	213	0
540	202	0
541	188	0
542	246	0
543	164	0
544	202	0
545	198	0
546	235	0
547	215	0
548	178	0
549	198	0
550	197	0
551	196	0
552	200	0
553	190	0
554	214	0
555	193	0
556	187	0
557	197	0
558	192	0
559	202	0
560	187	0
561	198	0
562	203	0
563	211	0
564	191	0
565	189	0
566	190	0
567	211	0
568	200	0
569	198	0
570	184	0
571	207	0
572	194	0
573	192	0
574	214	0
575	221	0
576	219	0
577	231	0
578	181	0
579	199	0
580	169	0
581	217	0
582	168	0
583	189	0
584	171	0
585	172	0
586	212	0
587	209	0
588	183	0
589	199	0
590	190	0
591	187	0
592	183	0
593	195	0
594	208	0
595	198	0
596	192	0
597	170	0
598	213	0
599	198	0
600	218	0
601	202	0
602	178	0
603	178	0
604	180	0
605	192	0
606	193	0
607	203	0
608	207	0
609	210	0
610	187	0
611	195	0
612	178	0
613	187	0
614	179	0
615	197	0
616	149	0
617	225	0
618	169	0
619	209	0
620	187	0
621	185	0
622	185	0
623	184	0
624	207	0
625	213	0
626	167	0
627	212	0
628	194	0
629	167	0
630	181	0
631	205	0
632	213	0
633	200	0
634	183	0
635	171	0
636	187	0
637	197	0
638	191	0
639	205	0
640	214	0
641	184	0
642	207	0
643	205	0
644	230	0
645	189	0
646	195	0
647	189	0
648	207	0
649	184	0
650	210	0
651	182	0
652	235	0
653	230	0
654	224	0
655	183	0
656	198	0
657	208	0
658	187	0
659	195	0
660	163	0
661	193	0
662	187	0
663	189	0
664	208	0
665	230	0
666	196	0
667	196	0
668	209	0
669	198	0
670	169	0
671	191	0
672	224	0
673	201	0
674	190	0
675	187	0
676	198	0
677	230	0
678	197	0
679	199	0
680	174	0
681	223	0
682	223	0
683	215	0
684	212	0
685	176	0
686	215	0
687	207	0
688	182	0
689	216	0
690	221	0
691	187	0
692	176	0
693	197	0
694	206	0
695	198	0
696	171	0
697	178	0
698	196	0
699	183	0
700	208	0
701	214	0
702	202	0
703	210	0
704	177	0
705	215	0
706	203	0
707	217	0
708	183	0
709	204	0
710	179	0
711	212	0
712	209	0
713	220	0
714	178	0
715	201	0
716	180	0
717	194	0
718	179	0
719	191	0
720	180	0
721	208	0
722	184	0
723	197	0
724	191	0
725	216	0
726	180	0
727	185	0
728	189	0
729	186	0
730	191	0
731	207	0
732	205	0
733	193	0
734	190	0
735	187	0
736	187	0
737	202	0
738	199	0
739	189	0
740	213	0
741	197	0
742	203	0
743	200	0
744	214	0
745	208	0
746	200	0
747	188	0
748	189	0
749	200	0
750	199	0
751	204	0
752	190	0
753	170	0
754	188	0
755	223	0
756	232	0
757	199	0
758	184	0
759	199	0
760	193	0
761	206	0
762	194	0
763	175	0
764	197	0
765	199	0
766	177	0
767	173	0
768	216	0
769	217	0
770	202	0
771	198	0
772	188	0
773	198	0
774	179	0
775	208	0
776	211	0
777	199	0
778	199	0
779	200	0
780	202	0
781	202	0
782	179	0
783	206	0
784	171	0
785	212	0
786	210	0
787	189	0
788	179	0
789	183	0
790	185	0
791	182	0
792	212	0
793	195	0
794	214	0
795	202	0
796	205	0
797	210	0
798	222	0
799	209	0
800	205	0
801	211	0
802	192	0
803	202	0
804	186	0
805	164	0
806	218	0
807	176	0
808	179	0
809	203	0
810	189	0
811	219	0
812	181	0
813	219	0
814	216	0
815	197	0
816	186	0
817	189	0
818	164	0
819	202	0
820	201	0
821	205	0
822	180	0
823	210	0
824	212	0
825	194	0
826	207	0
827	184	0
828	204	0
829	216	0
830	183	0
831	179	0
832	208	0
833	166	0
834	196	0
835	198	0
836	209	0
837	191	0
838	186	0
839	208	0
840	195	0
841	202	0
842	203	0
843	192	0
844	206	0
845	206	0
846	218	0
847	184	0
848	198	0
849	195	0
850	181	0
851	193	0
852	209	0
853	194	0
854	189	0
855	231	0
856	196	0
857	205	0
858	205	0
859	205	0
860	180	0
861	191	0
862	219	0
863	191	0
864	212	0
865	185	0
866	203	0
867	194	0
868	207	0
869	200	0
870	195	0
871	193	0
872	192	0
873	181	0
874	199	0
875	194	0
876	209	0
877	164	0
878	215	0
879	184	0
880	211	0
881	218	0
882	210	0
883	168	0
884	203	0
885	222	0
886	208	0
887	189	0
888	203	0
889	183	0
890	220	0
891	184	0
892	207	0
893	203	0
894	198	0
895	222	0
896	206	0
897	189	0
898	179	0
899	201	0
900	188	0
901	197	0
902	176	0
903	201	0
904	181	0
905	227	0
906	192	0
907	202	0
908	179	0
909	189	0
910	179	0
911	220	0
912	192	0
913	202	0
914	192	0
915	215	0
916	176	0
917	187	0
918	178	0
919	199	0
920	187	0
921	203	0
922	191	0
923	206	0
924	206	0
925	196	0
926	169	0
927	207	0
928	200	0
929	192	0
930	220	0
931	169	0
932	201	0
933	207	0
934	196	0
935	195	0
936	195	0
937	208	0
938	179	0
939	193	0
940	177	0
941	190	0
942	200	0
943	187	0
944	216	0
945	176	0
946	207	0
947	193	0
948	184	0
949	196	0
950	202	0
951	228	0
952	178	0
953	193	0
954	185	0
955	183	0
956	201	0
957	180	0
958	206	0
959	205	0
960	228	0
961	199	0
962	206	0
963	219	0
964	197	0
965	180	0
966	198	0
967	199	0
968	209	0
969	189	0
970	182	0
971	208	0
972	192	0
973	186	0
974	209	0
975	193	0
976	228	0
977	226	0
978	188	0
979	183	0
980	197	0
981	194	0
982	188	0
983	192	0
984	192	0
985	210	0
986	208	0
987	208	0
988	213	0
989	193	0
990	185	0
991	194	0
992	216	0
993	188	0
994	204	0
995	197	0
996	184	0
997	199	0
998	202	0
999	217	0
1000	181	0
1001	174	0
1002	187	0
1003	198	0
1004	201	0
1005	214	0
1006	215	0
1007	191	0
1008	234	0
1009	189	0
1010	205	0
1011	190	0
1012	191	0
1013	184	0
1014	216	0
1015	158	0
1016	171	0
1017	219	0
1018	192	0
1019	164	0
1020	217	0
1021	217	0
1022	174	0
1023	191	0
1024	201	0
1025	205	0
1026	207	0
1027	212	0
1028	223	0
1029	218	0
1030	186	0
1031	189	0
1032	188	0
1033	207	0
1034	215	0
1035	186	0
1036	218	0
1037	188	0
1038	207	0
1039	204	0
1040	229	0
1041	187	0
1042	200	0
1043	183	0
1044	201	0
1045	209	0
1046	212	0
1047	203	0
1048	231	0
1049	215	0
1050	202	0
1051	180	0
1052	171	0
1053	177	0
1054	217	0
1055	198	0
1056	185	0
1057	193	0
1058	191	0
1059	185	0
1060	177	0
1061	190	0
1062	194	0
1063	177	0
1064	216	0
1065	225	0
1066	200	0
1067	207	0
1068	170	0
1069	192	0
1070	219	0
1071	220	0
1072	195	0
1073	176	0
1074	198	0
1075	214	0
1076	160	0
1077	213	0
1078	208	0
1079	215	0
1080	206	0
1081	210	0
1082	197	0
1083	202	0
1084	188	0
1085	182	0
1086	161	0
1087	187	0
1088	205	0
1089	185	0
1090	184	0
1091	190	0
1092	168	0
1093	204	0
1094	226	0
1095	210	0
1096	204	0
1097	206	0
1098	208	0
1099	191	0
1100	195	0
1101	188	0
1102	193	0
1103	209	0
1104	198	0
1105	201	0
1106	184	0
1107	217	0
1108	183	0
1109	190	0
1110	187	0
1111	198	0
1112	180	0
1113	212	0
1114	195	0
1115	191	0
1116	200	0
1117	190	0
1118	216	0
1119	201	0
1120	188	0
1121	170	0
1122	233	0
1123	191	0
1124	208	0
1125	185	0
1126	208	0
1127	184	0
1128	195	0
1129	212	0
1130	216	0
1131	204	0
1132	221	0
1133	185	0
1134	181	0
1135	201	0
1136	198	0
1137	181	0
1138	222	0
1139	212	0
1140	194	0
1141	180	0
1142	196	0
1143	214	0
1144	197	0
1145	206	0
1146	185	0
1147	161	0
1148	166	0
1149	203	0
1150	201	0
1151	167	0
1152	174	0
1153	202	0
1154	189	0
1155	193	0
1156	185	0
1157	193	0
1158	175	0
1159	193	0
1160	198	0
1161	216	0
1162	216	0
1163	216	0
1164	225	0
1165	195	0
1166	190	0
1167	187	0
1168	177	0
1169	180	0
1170	226	0
1171	224	0
1172	209	0
1173	200	0
1174	189	0
1175	199	0
1176	219	0
1177	201	0
1178	207	0
1179	175	0
1180	198	0
1181	179	0
1182	194	0
1183	204	0
1184	223	0
1185	199	0
1186	187	0
1187	204	0
1188	208	0
1189	159	0
1190	205	0
1191	221	0
1192	214	0
1193	189	0
1194	182	0
1195	203	0
1196	198	0
1197	205	0
1198	208	0
1199	192	0
1200	189	0
1201	181	0
1202	198	0
1203	193	0
1204	196	0
1205	194	0
1206	201	0
1207	199	0
1208	223	0
1209	208	0
1210	202	0
1211	202	0
1212	204	0
1213	186	0
1214	211	0
1215	212	0
1216	194	0
1217	187	0
1218	209	0
1219	188	0
1220	206	0
1221	212	0
1222	210	0
1223	195	0
1224	192	0
1225	207	0
1226	191	0
1227	219	0
1228	200	0
1229	192	0
1230	217	0
1231	211	0
1232	193	0
1233	187	0
1234	198	0
1235	188	0
1236	176	0
1237	212	0
1238	191	0
1239	197	0
1240	206	0
1241	216	0
1242	204	0
1243	222	0
1244	204	0
1245	214	0
1246	180	0
1247	188	0
1248	171	0
1249	212	0
1250	213	0
1251	181	0
1252	205	0
1253	185	0
1254	184	0
1255	179	0
1256	178	0
1257	205	0
1258	223	0
1259	189	0
1260	180	0
1261	186	0
1262	184	0
1263	207	0
1264	197	0
1265	180	0
1266	216	0
1267	198	0
1268	194	0
1269	208	0
1270	194	0
1271	194	0
1272	174	0
1273	195	0
1274	191	0
1275	210	0
1276	201	0
1277	175	0
1278	202	0
1279	201	0
1280	219	0
1281	216	0
1282	191	0
1283	187	0
1284	186	0
1285	211	0
1286	190	0
1287	206	0
1288	180	0
1289	181	0
1290	186	0
1291	191	0
1292	249	0
1293	226	0
1294	188	0
1295	186	0
1296	187	0
1297	199	0
1298	232	0
1299	213	0
1300	192	0
1301	207	0
1302	183	0
1303	187	0
1304	213	0
1305	174	0
1306	204	0
1307	233	0
1308	213	0
1309	216	0
1310	189	0
1311	220	0
1312	200	0
1313	217	0
1314	166	0
1315	203	0
1316	188	0
1317	202	0
1318	190	0
1319	185	0
1320	217	0
1321	208	0
1322	186	0
1323	198	0
1324	213	0
1325	214	0
1326	194	0
1327	192	0
1328	189	0
1329	189	0
1330	182	0
1331	222	0
1332	210	0
1333	166	0
1334	184	0
1335	219	0
1336	183	0
1337	199	0
1338	200	0
1339	200	0
1340	190	0
1341	207	0
1342	190	0
1343	210	0
1344	183	0
1345	189	0
1346	188	0
1347	218	0
1348	198	0
1349	202	0
1350	192	0
1351	205	0
1352	182	0
1353	213	0
1354	200	0
1355	205	0
1356	199	0
1357	187	0
1358	186	0
1359	196	0
1360	202	0
1361	200	0
1362	205	0
1363	206	0
1364	198	0
1365	188	0
1366	178	0
1367	199	0
1368	184	0
1369	206	0
1370	183	0
1371	207	0
1372	203	0
1373	212	0
1374	189	0
1375	193	0
1376	182	0
1377	207	0
1378	194	0
1379	188	0
1380	196	0
1381	193	0
1382	201	0
1383	194	0
1384	210	0
1385	190	0
1386	194	0
1387	189	0
1388	196	0
1389	193	0
1390	184	0
1391	186	0
1392	176	0
1393	180	0
1394	215	0
1395	198	0
1396	199	0
1397	208	0
1398	181	0
1399	194	0
1400	181	0
1401	183	0
1402	193	0
1403	219	0
1404	196	0
1405	181	0
1406	197	0
1407	196	0
1408	186	0
1409	177	0
1410	206	0
1411	174	0
1412	207	0
1413	212	0
1414	210	0
1415	205	0
1416	195	0
1417	217	0
1418	197	0
1419	175	0
1420	211	0
1421	187	0
1422	178	0
1423	196	0
1424	195	0
1425	214	0
1426	192	0
1427	192	0
1428	181	0
1429	213	0
1430	209	0
1431	196	0
1432	207	0
1433	189	0
1434	185	0
1435	188	0
1436	209	0
1437	179	0
1438	177	0
1439	207	0
1440	221	0
1441	200	0
1442	218	0
1443	196	0
1444	208	0
1445	204	0
1446	173	0
1447	180	0
1448	199	0
1449	201	0
1450	224	0
1451	198	0
1452	210	0
1453	178	0
1454	197	0
1455	192	0
1456	208	0
1457	197	0
1458	194	0
1459	205	0
1460	192	0
1461	212	0
1462	184	0
1463	198	0
1464	196	0
1465	181	0
1466	219	0
1467	227	0
1468	200	0
1469	175	0
1470	188	0
1471	198	0
1472	216	0
1473	205	0
1474	175	0
1475	188	0
1476	195	0
1477	211	0
1478	178	0
1479	183	0
1480	197	0
1481	190	0
1482	191	0
1483	167	0
1484	209	0
1485	219	0
1486	205	0
1487	177	0
1488	195	0
1489	205	0
1490	212	0
1491	195	0
1492	221	0
1493	201	0
1494	206	0
1495	196	0
1496	202	0
1497	172	0
1498	192	0
1499	201	0
1500	192	0
1501	220	0
1502	213	0
1503	224	0
1504	212	0
1505	209	0
1506	200	0
1507	221	0
1508	215	0
1509	183	0
1510	184	0
1511	175	0
1512	197	0
1513	204	0
1514	222	0
1515	193	0
1516	180	0
1517	149	0
1518	199	0
1519	184	0
1520	196	0
1521	189	0
1522	206	0
1523	218	0
1524	186	0
1525	209	0
1526	193	0
1527	194	0
1528	200	0
1529	204	0
1530	197	0
1531	194	0
1532	184	0
1533	205	0
1534	207	0
1535	203	0
1536	182	0
1537	210	0
1538	218	0
1539	228	0
1540	218	0
1541	188	0
1542	196	0
1543	197	0
1544	186	0
1545	189	0
1546	194	0
1547	212	0
1548	214	0
1549	198	0
1550	212	0
1551	219	0
1552	209	0
1553	208	0
1554	194	0
1555	177	0
1556	209	0
1557	201	0
1558	212	0
1559	208	0
1560	177	0
1561	195	0
1562	215	0
1563	167	0
1564	194	0
1565	235	0
1566	220	0
1567	215	0
1568	198	0
1569	193	0
1570	198	0
1571	168	0
1572	206	0
1573	183	0
1574	184	0
1575	196	0
1576	169	0
1577	199	0
1578	199	0
1579	180	0
1580	193	0
1581	200	0
1582	223	0
1583	198	0
1584	198	0
1585	172	0
1586	162	0
1587	225	0
1588	203	0
1589	206	0
1590	183	0
1591	227	0
1592	179	0
1593	189	0
1594	191	0
1595	177	0
1596	176	0
1597	162	0
1598	186	0
1599	178	0
1600	195	0
1601	167	0
1602	188	0
1603	196	0
1604	213	0
1605	209	0
1606	206	0
1607	220	0
1608	193	0
1609	178	0
1610	200	0
1611	204	0
1612	184	0
1613	160	0
1614	187	0
1615	170	0
1616	201	0
1617	198	0
1618	185	0
1619	215	0
1620	197	0
1621	188	0
1622	187	0
1623	183	0
1624	172	0
1625	208	0
1626	185	0
1627	195	0
1628	191	0
1629	192	0
1630	195	0
1631	183	0
1632	189	0
1633	187	0
1634	208	0
1635	215	0
1636	182	0
1637	189	0
1638	201	0
1639	199	0
1640	176	0
1641	187	0
1642	190	0
1643	170	0
1644	201	0
1645	185	0
1646	182	0
1647	175	0
1648	195	0
1649	197	0
1650	183	0
1651	205	0
1652	191	0
1653	222	0
1654	196	0
1655	191	0
1656	203	0
1657	183	0
1658	206	0
1659	193	0
1660	214	0
1661	191	0
1662	212	0
1663	192	0
1664	205	0
1665	182	0
1666	177	0
1667	173	0
1668	212	0
1669	200	0
1670	188	0
1671	187	0
1672	227	0
1673	206	0
1674	178	0
1675	185	0
1676	177	0
1677	205	0
1678	187	0
1679	178	0
1680	212	0
1681	205	0
1682	196	0
1683	176	0
1684	210	0
1685	186	0
1686	199	0
1687	213	0
1688	192	0
1689	179	0
1690	203	0
1691	183	0
1692	192	0
1693	203	0
1694	207	0
1695	199	0
1696	193	0
1697	216	0
1698	193	0
1699	204	0
1700	201	0
1701	195	0
1702	188	0
1703	187	0
1704	198	0
1705	160	0
1706	186	0
1707	189	0
1708	200	0
1709	229	0
1710	213	0
1711	190	0
1712	215	0
1713	205	0
1714	194	0
1715	198	0
1716	199	0
1717	216	0
1718	194	0
1719	175	0
1720	211	0
1721	199	0
1722	187	0
1723	201	0
1724	192	0
1725	185	0
1726	172	0
1727	191	0
1728	166	0
1729	211	0
1730	222	0
1731	182	0
1732	193	0
1733	223	0
1734	238	0
1735	199	0
1736	215	0
1737	192	0
1738	180	0
1739	193	0
1740	198	0
1741	208	0
1742	232	0
1743	207	0
1744	187	0
1745	204	0
1746	202	0
1747	194	0
1748	205	0
1749	179	0
1750	209	0
1751	232	0
1752	201	0
1753	194	0
1754	206	0
1755	187	0
1756	216	0
1757	193	0
1758	185	0
1759	223	0
1760	183	0
1761	224	0
1762	182	0
1763	207	0
1764	202	0
1765	187	0
1766	203	0
1767	218	0
1768	206	0
1769	234	0
1770	186	0
1771	165	0
1772	169	0
1773	192	0
1774	197	0
1775	195	0
1776	206	0
1777	212	0
1778	194	0
1779	210	0
1780	188	0
1781	216	0
1782	192	0
1783	186	0
1784	224	0
1785	199	0
1786	190	0
1787	190	0
1788	188	0
1789	201	0
1790	182	0
1791	202	0
1792	216	0
1793	189	0
1794	197	0
1795	185	0
1796	187	0
1797	214	0
1798	217	0
1799	193	0
1800	184	0
1801	200	0
1802	174	0
1803	236	0
1804	167	0
1805	202	0
1806	190	0
1807	220	0
1808	193	0
1809	178	0
1810	198	0
1811	197	0
1812	209	0
1813	188	0
1814	200	0
1815	200	0
1816	191	0
1817	163	0
1818	207	0
1819	209	0
1820	180	0
1821	203	0
1822	177	0
1823	193	0
1824	172	0
1825	184	0
1826	176	0
1827	207	0
1828	172	0
1829	183	0
1830	185	0
1831	221	0
1832	182	0
1833	206	0
1834	203	0
1835	198	0
1836	196	0
1837	195	0
1838	202	0
1839	204	0
1840	206	0
1841	215	0
1842	174	0
1843	203	0
1844	209	0
1845	209	0
1846	191	0
1847	203	0
1848	210	0
1849	199	0
1850	207	0
1851	179	0
1852	218	0
1853	186	0
1854	186	0
1855	178	0
1856	199	0
1857	183	0
1858	198	0
1859	192	0
1860	183	0
1861	193	0
1862	195	0
1863	198	0
1864	191	0
1865	179	0
1866	184	0
1867	183	0
1868	180	0
1869	204	0
1870	209	0
1871	208	0
1872	216	0
1873	162	0
1874	209	0
1875	205	0
1876	194	0
1877	180	0
1878	186	0
1879	185	0
1880	202	0
1881	207	0
1882	197	0
1883	198	0
1884	198	0
1885	184	0
1886	185	0
1887	187	0
1888	184	0
1889	218	0
1890	200	0
1891	197	0
1892	201	0
1893	197	0
1894	210	0
1895	194	0
1896	195	0
1897	196	0
1898	176	0
1899	214	0
1900	198	0
1901	176	0
1902	215	0
1903	189	0
1904	216	0
1905	183	0
1906	197	0
1907	200	0
1908	206	0
1909	201	0
1910	217	0
1911	181	0
1912	211	0
1913	200	0
1914	210	0
1915	187	0
1916	198	0
1917	213	0
1918	205	0
1919	196	0
1920	208	0
1921	202	0
1922	178	0
1923	183	0
1924	219	0
1925	198	0
1926	166	0
1927	206	0
1928	190	0
1929	197	0
1930	193	0
1931	188	0
1932	202	0
1933	207	0
1934	204	0
1935	198	0
1936	191	0
1937	204	0
1938	211	0
1939	198	0
1940	203	0
1941	199	0
1942	208	0
1943	188	0
1944	222	0
1945	165	0
1946	224	0
1947	211	0
1948	187	0
1949	180	0
1950	192	0
1951	223	0
1952	203	0
1953	189	0
1954	189	0
1955	180	0
1956	194	0
1957	201	0
1958	203	0
1959	203	0
1960	205	0
1961	207	0
1962	170	0
1963	220	0
1964	192	0
1965	186	0
1966	222	0
1967	209	0
1968	202	0
1969	183	0
1970	209	0
1971	195	0
1972	189	0
1973	196	0
1974	183	0
1975	224	0
1976	202	0
1977	186	0
1978	200	0
1979	188	0
1980	230	0
1981	193	0
1982	177	0
1983	184	0
1984	203	0
1985	200	0
1986	184	0
1987	177	0
1988	202	0
1989	218	0
1990	201	0
1991	223	0
1992	199	0
1993	190	0
1994	212	0
1995	203	0
1996	211	0
1997	207	0
1998	219	0
1999	190	0
2000	194	0
2001	199	0
2002	208	0
2003	189	0
2004	215	0
2005	187	0
2006	193	0
2007	208	0
2008	204	0
2009	187	0
2010	188	0
2011	193	0
2012	190	0
2013	233	0
2014	181	0
2015	183	0
2016	189	0
2017	190	0
2018	169	0
2019	171	0
2020	180	0
2021	197	0
2022	223	0
2023	220	0
2024	189	0
2025	216	0
2026	214	0
2027	223	0
2028	189	0
2029	173	0
2030	187	0
2031	185	0
2032	199	0
2033	235	0
2034	211	0
2035	186	0
2036	190	0
2037	207	0
2038	216	0
2039	189	0
2040	194	0
2041	204	0
2042	177	0
2043	197	0
2044	194	0
2045	183	0
2046	197	0
2047	198	0
2048	178	0
2049	189	0
2050	165	0
2051	179	0
2052	169	0
2053	190	0
2054	205	0
2055	202	0
2056	184	0
2057	228	0
2058	197	0
2059	179	0
2060	198	0
2061	184	0
2062	215	0
2063	221	0
2064	192	0
2065	209	0
2066	205	0
2067	214	0
2068	203	0
2069	206	0
2070	193	0
2071	192	0
2072	205	0
2073	206	0
2074	198	0
2075	211	0
2076	195	0
2077	196	0
2078	196	0
2079	197	0
2080	210	0
2081	203	0
2082	202	0
2083	175	0
2084	215	0
2085	193	0
2086	165	0
2087	192	0
2088	198	0
2089	204	0
2090	209	0
2091	224	0
2092	194	0
2093	190	0
2094	180	0
2095	198	0
2096	207	0
2097	198	0
2098	179	0
2099	224	0
2100	197	0
2101	211	0
2102	199	0
2103	223	0
2104	201	0
2105	187	0
2106	181	0
2107	186	0
2108	203	0
2109	182	0
2110	178	0
2111	224	0
2112	200	0
2113	192	0
2114	211	0
2115	180	0
2116	156	0
2117	189	0
2118	210	0
2119	213	0
2120	236	0
2121	192	0
2122	192	0
2123	206	0
2124	201	0
2125	191	0
2126	206	0
2127	190	0
2128	201	0
2129	221	0
2130	232	0
2131	181	0
2132	209	0
2133	220	0
2134	199	0
2135	211	0
2136	188	0
2137	193	0
2138	210	0
2139	179	0
2140	183	0
2141	183	0
2142	185	0
2143	189	0
2144	193	0
2145	200	0
2146	227	0
2147	203	0
2148	190	0
2149	199	0
2150	204	0
2151	205	0
2152	196	0
2153	189	0
2154	222	0
2155	229	0
2156	196	0
2157	202	0
2158	200	0
2159	201	0
2160	189	0
2161	223	0
2162	212	0
2163	191	0
2164	194	0
2165	213	0
2166	199	0
2167	209	0
2168	201	0
2169	205	0
2170	206	0
2171	211	0
2172	195	0
2173	202	0
2174	227	0
2175	192	0
2176	196	0
2177	199	0
2178	195	0
2179	206	0
2180	181	0
2181	235	0
2182	176	0
2183	202	0
2184	192	0
2185	205	0
2186	193	0
2187	180	0
2188	197	0
2189	211	0
2190	225	0
2191	221	0
2192	180	0
2193	201	0
2194	199	0
2195	186	0
2196	189	0
2197	191	0
2198	195	0
2199	170	0
2200	197	0
2201	199	0
2202	195	0
2203	209	0
2204	203	0
2205	223	0
2206	197	0
2207	198	0
2208	191	0
2209	180	0
2210	211	0
2211	195	0
2212	203	0
2213	196	0
2214	195	0
2215	179	0
2216	209	0
2217	212	0
2218	189	0
2219	184	0
2220	193	0
2221	195	0
2222	185	0
2223	198	0
2224	180	0
2225	175	0
2226	192	0
2227	183	0
2228	192	0
2229	216	0
2230	201	0
2231	209	0
2232	222	0
2233	185	0
2234	203	0
2235	202	0
2236	196	0
2237	189	0
2238	215	0
2239	249	0
2240	216	0
2241	190	0
2242	221	0
2243	208	0
2244	204	0
2245	187	0
2246	192	0
2247	187	0
2248	195	0
2249	221	0
2250	215	0
2251	215	0
2252	193	0
2253	174	0
2254	175	0
2255	214	0
2256	209	0
2257	190	0
2258	182	0
2259	193	0
2260	179	0
2261	201	0
2262	201	0
2263	203	0
2264	182	0
2265	218	0
2266	196	0
2267	160	0
2268	182	0
2269	204	0
2270	194	0
2271	175	0
2272	200	0
2273	206	0
2274	190	0
2275	178	0
2276	210	0
2277	182	0
2278	176	0
2279	175	0
2280	193	0
2281	233	0
2282	189	0
2283	178	0
2284	198	0
2285	186	0
2286	199	0
2287	212	0
2288	173	0
2289	174	0
2290	211	0
2291	209	0
2292	224	0
2293	176	0
2294	177	0
2295	204	0
2296	176	0
2297	189	0
2298	215	0
2299	219	0
2300	203	0
2301	214	0
2302	215	0
2303	191	0
2304	196	0
2305	215	0
2306	202	0
2307	231	0
2308	205	0
2309	184	0
2310	182	0
2311	183	0
2312	209	0
2313	186	0
2314	192	0
2315	187	0
2316	203	0
2317	187	0
2318	193	0
2319	214	0
2320	195	0
2321	201	0
2322	211	0
2323	182	0
2324	198	0
2325	184	0
2326	192	0
2327	189	0
2328	190	0
2329	193	0
2330	214	0
2331	202	0
2332	173	0
2333	204	0
2334	212	0
2335	177	0
2336	202	0
2337	207	0
2338	228	0
2339	216	0
2340	193	0
2341	208	0
2342	184	0
2343	185	0
2344	189	0
2345	199	0
2346	198	0
2347	187	0
2348	207	0
2349	197	0
2350	188	0
2351	202	0
2352	184	0
2353	196	0
2354	160	0
2355	192	0
2356	202	0
2357	171	0
2358	211	0
2359	206	0
2360	197	0
2361	190	0
2362	205	0
2363	190	0
2364	168	0
2365	197	0
2366	195	0
2367	190	0
2368	174	0
2369	190	0
2370	193	0
2371	170	0
2372	211	0
2373	198	0
2374	200	0
2375	235	0
2376	215	0
2377	208	0
2378	182	0
2379	176	0
2380	187	0
2381	179	0
2382	218	0
2383	198	0
2384	189	0
2385	180	0
2386	212	0
2387	212	0
2388	220	0
2389	193	0
2390	213	0
2391	200	0
2392	193	0
2393	191	0
2394	207	0
2395	213	0
2396	200	0
2397	203	0
2398	242	0
2399	206	0
2400	184	0
2401	180	0
2402	228	0
2403	216	0
2404	202	0
2405	200	0
2406	209	0
2407	203	0
2408	182	0
2409	196	0
2410	195	0
2411	200	0
2412	210	0
2413	181	0
2414	191	0
2415	224	0
2416	207	0
2417	177	0
2418	188	0
2419	185	0
2420	185	0
2421	193	0
2422	168	0
2423	215	0
2424	194	0
2425	178	0
2426	185	0
2427	197	0
2428	204	0
2429	175	0
2430	192	0
2431	202	0
2432	191	0
2433	208	0
2434	194	0
2435	186	0
2436	205	0
2437	180	0
2438	193	0
2439	185	0
2440	192	0
2441	194	0
2442	194	0
2443	180	0
2444	206	0
2445	209	0
2446	212	0
2447	198	0
2448	242	0
2449	192	0
2450	180	0
2451	230	0
2452	190	0
2453	204	0
2454	186	0
2455	193	0
2456	187	0
2457	190	0
2458	199	0
2459	192	0
2460	214	0
2461	204	0
2462	186	0
2463	180	0
2464	184	0
2465	214	0
2466	170	0
2467	187	0
2468	207	0
2469	215	0
2470	191	0
2471	214	0
2472	212	0
2473	192	0
2474	207	0
2475	194	0
2476	195	0
2477	176	0
2478	168	0
2479	207	0
2480	209	0
2481	202	0
2482	194	0
2483	193	0
2484	187	0
2485	201	0
2486	190	0
2487	194	0
2488	209	0
2489	205	0
2490	188	0
2491	185	0
2492	185	0
2493	199	0
2494	214	0
2495	171	0
2496	199	0
2497	195	0
2498	225	0
2499	185	0
2500	209	0
2501	187	0
2502	208	0
2503	197	0
2504	202	0
2505	187	0
2506	195	0
2507	203	0
2508	183	0
2509	199	0
2510	188	0
2511	188	0
2512	224	0
2513	209	0
2514	192	0
2515	168	0
2516	186	0
2517	205	0
2518	200	0
2519	196	0
2520	181	0
2521	205	0
2522	206	0
2523	149	0
2524	179	0
2525	203	0
2526	211	0
2527	207	0
2528	216	0
2529	176	0
2530	207	0
2531	189	0
2532	194	0
2533	187	0
2534	200	0
2535	198	0
2536	175	0
2537	200	0
2538	190	0
2539	183	0
2540	181	0
2541	187	0
2542	201	0
2543	194	0
2544	195	0
2545	187	0
2546	181	0
2547	216	0
2548	191	0
2549	190	0
2550	189	0
2551	176	0
2552	212	0
2553	186	0
2554	186	0
2555	177	0
2556	180	0
2557	201	0
2558	197	0
2559	212	0
2560	235	0
2561	197	0
2562	185	0
2563	199	0
2564	205	0
2565	176	0
2566	191	0
2567	184	0
2568	197	0
2569	205	0
2570	183	0
2571	192	0
2572	187	0
2573	200	0
2574	191	0
2575	170	0
2576	204	0
2577	200	0
2578	201	0
2579	214	0
2580	207	0
2581	197	0
2582	215	0
2583	209	0
2584	204	0
2585	189	0
2586	221	0
2587	185	0
2588	186	0
2589	183	0
2590	209	0
2591	192	0
2592	200	0
2593	197	0
2594	202	0
2595	205	0
2596	189	0
2597	210	0
2598	183	0
2599	171	0
2600	204	0
2601	210	0
2602	206	0
2603	184	0
2604	212	0
2605	200	0
2606	183	0
2607	196	0
2608	207	0
2609	227	0
2610	217	0
2611	199	0
2612	188	0
2613	206	0
2614	228	0
2615	198	0
2616	204	0
2617	185	0
2618	192	0
2619	214	0
2620	203	0
2621	199	0
2622	190	0
2623	174	0
2624	187	0
2625	199	0
2626	182	0
2627	218	0
2628	188	0
2629	206	0
2630	221	0
2631	198	0
2632	202	0
2633	203	0
2634	189	0
2635	192	0
2636	194	0
2637	193	0
2638	180	0
2639	210	0
2640	206	0
2641	169	0
2642	181	0
2643	225	0
2644	187	0
2645	232	0
2646	210	0
2647	203	0
2648	215	0
2649	185	0
2650	182	0
2651	196	0
2652	197	0
2653	191	0
2654	200	0
2655	193	0
2656	198	0
2657	174	0
2658	211	0
2659	207	0
2660	189	0
2661	210	0
2662	196	0
2663	187	0
2664	204	0
2665	194	0
2666	200	0
2667	187	0
2668	196	0
2669	224	0
2670	210	0
2671	191	0
2672	185	0
2673	182	0
2674	198	0
2675	192	0
2676	202	0
2677	183	0
2678	197	0
2679	199	0
2680	188	0
2681	183	0
2682	173	0
2683	179	0
2684	211	0
2685	191	0
2686	197	0
2687	190	0
2688	181	0
2689	182	0
2690	214	0
2691	198	0
2692	200	0
2693	216	0
2694	183	0
2695	206	0
2696	217	0
2697	214	0
2698	218	0
2699	190	0
2700	240	0
2701	197	0
2702	203	0
2703	196	0
2704	184	0
2705	179	0
2706	208	0
2707	199	0
2708	212	0
2709	190	0
2710	201	0
2711	208	0
2712	199	0
2713	191	0
2714	184	0
2715	215	0
2716	209	0
2717	190	0
2718	203	0
2719	203	0
2720	213	0
2721	190	0
2722	205	0
2723	216	0
2724	194	0
2725	218	0
2726	214	0
2727	176	0
2728	231	0
2729	206	0
2730	192	0
2731	209	0
2732	199	0
2733	216	0
2734	209	0
2735	200	0
2736	187	0
2737	176	0
2738	174	0
2739	185	0
2740	186	0
2741	205	0
2742	194	0
2743	184	0
2744	183	0
2745	194	0
2746	210	0
2747	221	0
2748	186	0
2749	195	0
2750	185	0
2751	176	0
2752	205	0
2753	218	0
2754	207	0
2755	195	0
2756	211	0
2757	198	0
2758	171	0
2759	203	0
2760	208	0
2761	213	0
2762	196	0
2763	188	0
2764	190	0
2765	183	0
2766	187	0
2767	207	0
2768	193	0
2769	202	0
2770	202	0
2771	192	0
2772	226	0
2773	191	0
2774	190	0
2775	194	0
2776	180	0
2777	170	0
2778	185	0
2779	204	0
2780	191	0
2781	208	0
2782	185	0
2783	201	0
2784	203	0
2785	187	0
2786	206	0
2787	196	0
2788	179	0
2789	204	0
2790	189	0
2791	166	0
2792	226	0
2793	203	0
2794	220	0
2795	192	0
2796	202	0
2797	189	0
2798	183	0
2799	205	0
2800	204	0
2801	161	0
2802	195	0
2803	209	0
2804	187	0
2805	180	0
2806	182	0
2807	189	0
2808	193	0
2809	196	0
2810	193	0
2811	169	0
2812	194	0
2813	209	0
2814	219	0
2815	176	0
2816	197	0
2817	174	0
2818	221	0
2819	198	0
2820	218	0
2821	209	0
2822	191	0
2823	209	0
2824	210	0
2825	221	0
2826	204	0
2827	226	0
2828	206	0
2829	182	0
2830	175	0
2831	194	0
2832	207	0
2833	207	0
2834	183	0
2835	197	0
2836	213	0
2837	191	0
2838	193	0
2839	195	0
2840	194	0
2841	208	0
2842	181	0
2843	172	0
2844	205	0
2845	192	0
2846	228	0
2847	204	0
2848	197	0
2849	188	0
2850	219	0
2851	179	0
2852	199	0
2853	212	0
2854	185	0
2855	195	0
2856	187	0
2857	192	0
2858	209	0
2859	200	0
2860	176	0
2861	184	0
2862	210	0
2863	203	0
2864	202	0
2865	207	0
2866	233	0
2867	165	0
2868	183	0
2869	208	0
2870	176	0
2871	209	0
2872	171	0
2873	234	0
2874	204	0
2875	226	0
2876	220	0
2877	183	0
2878	186	0
2879	207	0
2880	196	0
2881	195	0
2882	193	0
2883	180	0
2884	205	0
2885	181	0
2886	220	0
2887	210	0
2888	200	0
2889	191	0
2890	198	0
2891	207	0
2892	219	0
2893	195	0
2894	220	0
2895	183	0
2896	177	0
2897	207	0
2898	202	0
2899	169	0
2900	185	0
2901	185	0
2902	203	0
2903	196	0
2904	206	0
2905	188	0
2906	198	0
2907	208	0
2908	191	0
2909	205	0
2910	183	0
2911	233	0
2912	209	0
2913	229	0
2914	199	0
2915	221	0
2916	196	0
2917	199	0
2918	189	0
2919	226	0
2920	187	0
2921	210	0
2922	201	0
2923	186	0
2924	196	0
2925	188	0
2926	191	0
2927	230	0
2928	182	0
2929	196	0
2930	220	0
2931	191	0
2932	179	0
2933	210	0
2934	209	0
2935	181	0
2936	175	0
2937	202	0
2938	185	0
2939	194	0
2940	205	0
2941	221	0
2942	221	0
2943	189	0
2944	205	0
2945	170	0
2946	189	0
2947	180	0
2948	217	0
2949	205	0
2950	193	0
2951	201	0
2952	194	0
2953	213	0
2954	189	0
2955	187	0
2956	220	0
2957	206	0
2958	202	0
2959	214	0
2960	203	0
2961	212	0
2962	188	0
2963	199	0
2964	174	0
2965	206	0
2966	200	0
2967	217	0
2968	168	0
2969	188	0
2970	194	0
2971	202	0
2972	192	0
2973	185	0
2974	216	0
2975	193	0
2976	208	0
2977	202	0
2978	187	0
2979	197	0
2980	177	0
2981	185	0
2982	189	0
2983	160	0
2984	207	0
2985	200	0
2986	218	0
2987	196	0
2988	187	0
2989	183	0
2990	204	0
2991	193	0
2992	192	0
2993	167	0
2994	197	0
2995	204	0
2996	187	0
2997	176	0
2998	202	0
2999	184	0
3000	199	0
