1	205	0
2	184	0
3	182	0
4	221	0
5	204	0
6	195	0
7	203	0
8	191	0
9	205	0
10	201	0
11	186	0
12	206	0
13	196	0
14	190	0
15	208	0
16	178	0
17	180	0
18	181	0
19	201	0
20	181	0
21	198	0
22	190	0
23	196	0
24	200	0
25	208	0
26	202	0
27	202	0
28	193	0
29	203	0
30	189	0
31	188	0
32	185	0
33	201	0
34	211	0
35	176	0
36	205	0
37	195	0
38	198	0
39	187	0
40	225	0
41	166	0
42	194	0
43	193	0
44	191	0
45	190	0
46	213	0
47	179	0
48	199	0
49	185	0
50	195	0
51	189	0
52	188	0
53	200	0
54	191	0
55	194	0
56	210	0
57	186	0
58	190	0
59	211	0
60	194	0
61	182	0
62	195	0
63	218	0
64	213	0
65	183	0
66	196	0
67	187	0
68	188	0
69	174	0
70	215	0
71	215	0
72	204	0
73	199	0
74	199	0
75	191	0
76	201	0
77	197	0
78	171	0
79	201	0
80	189	0
81	192	0
82	220	0
83	192	0
84	172	0
85	234	0
86	181	0
87	185	0
88	205	0
89	200	0
90	223	0
91	220	0
92	204	0
93	166	0
94	184	0
95	186	0
96	215	0
97	190	0
98	170	0
99	196	0
100	188	0
101	185	0
102	184	0
103	195	0
104	191	0
105	184	0
106	198	0
107	196	0
108	195	0
109	201	0
110	201	0
111	236	0
112	227	0
113	195	0
114	189	0
115	196	0
116	210	0
117	220	0
118	219	0
119	173	0
120	205	0
121	217	0
122	210	0
123	201	0
124	205	0
125	182	0
126	193	0
127	207	0
128	192	0
129	202	0
130	191	0
131	189	0
132	217	0
133	195	0
134	188	0
135	197	0
136	186	0
137	195	0
138	178	0
139	195	0
140	201	0
141	200	0
142	199	0
143	218	0
144	197	0
145	203	0
146	199	0
147	206	0
148	191	0
149	196	0
150	194	0
151	189	0
152	198	0
153	201	0
154	212	0
155	182	0
156	199	0
157	209	0
158	193	0
159	202	0
160	222	0
161	221	0
162	174	0
163	194	0
164	199	0
165	182	0
166	189	0
167	214	0
168	209	0
169	205	0
170	198	0
171	212	0
172	195	0
173	195	0
174	175	0
175	186	0
176	196	0
177	185	0
178	183	0
179	196	0
180	214	0
181	204	0
182	186	0
183	190	0
184	209	0
185	175	0
186	189	0
187	198	0
188	166	0
189	178	0
190	230	0
191	206	0
192	211	0
193	205	0
194	218	0
195	208	0
196	197	0
197	186	0
198	171	0
199	183	0
200	218	0
201	194	0
202	212	0
203	174	0
204	180	0
205	198	0
206	181	0
207	200	0
208	210	0
209	215	0
210	197	0
211	185	0
212	205	0
213	174	0
214	175	0
215	184	0
216	189	0
217	212	0
218	201	0
219	186	0
220	213	0
221	184	0
222	216	0
223	197	0
224	193	0
225	195	0
226	187	0
227	223	0
228	200	0
229	214	0
230	194	0
231	191	0
232	208	0
233	175	0
234	178	0
235	174	0
236	218	0
237	185	0
238	192	0
239	201	0
240	174	0
241	205	0
242	200	0
243	207	0
244	211	0
245	196	0
246	217	0
247	202	0
248	182	0
249	192	0
250	195	0
251	215	0
252	191	0
253	195	0
254	181	0
255	183	0
256	176	0
257	207	0
258	191	0
259	177	0
260	219	0
261	180	0
262	193	0
263	195	0
264	205	0
265	208	0
266	238	0
267	201	0
268	198	0
269	191	0
270	183	0
271	185	0
272	204	0
273	191	0
274	212	0
275	195	0
276	212	0
277	202	0
278	179	0
279	197	0
280	201	0
281	171	0
282	204	0
283	207	0
284	177	0
285	193	0
286	185	0
287	219	0
288	203	0
289	213	0
290	197	0
291	182	0
292	198	0
293	219	0
294	208	0
295	193	0
296	180	0
297	158	0
298	202	0
299	196	0
300	194	0
301	185	0
302	229	0
303	189	0
304	201	0
305	179	0
306	166	0
307	207	0
308	160	0
309	193	0
310	191	0
311	181	0
312	202	0
313	171	0
314	201	0
315	193	0
316	189	0
317	191	0
318	215	0
319	216	0
320	184	0
321	185	0
322	188	0
323	197	0
324	199	0
325	185	0
326	228	0
327	171	0
328	199	0
329	217	0
330	209	0
331	207	0
332	215	0
333	201	0
334	185	0
335	203	0
336	197	0
337	214	0
338	170	0
339	199	0
340	190	0
341	180	0
342	199	0
343	206	0
344	175	0
345	190	0
346	163	0
347	183	0
348	211	0
349	214	0
350	194	0
351	196	0
352	194	0
353	177	0
354	235	0
355	210	0
356	201	0
357	216	0
358	178	0
359	194	0
360	196	0
361	183	0
362	200	0
363	191	0
364	191	0
365	221	0
366	174	0
367	174	0
368	192	0
369	197	0
370	173	0
371	191	0
372	226	0
373	191	0
374	202	0
375	183	0
376	194	0
377	203	0
378	201	0
379	216	0
380	179	0
381	190	0
382	182	0
383	211	0
384	187	0
385	180	0
386	187	0
387	183	0
388	162	0
389	204	0
390	218	0
391	189	0
392	193	0
393	205	0
394	203	0
395	172	0
396	180	0
397	180	0
398	218	0
399	195	0
400	196	0
401	200	0
402	200	0
403	187	0
404	200	0
405	187	0
406	204	0
407	194	0
408	215	0
409	198	0
410	199	0
411	172	0
412	210	0
413	178	0
414	188	0
415	227	0
416	181	0
417	181	0
418	170	0
419	170	0
420	205	0
421	185	0
422	192	0
423	201	0
424	208	0
425	189	0
426	174	0
427	191	0
428	181	0
429	208	0
430	194	0
431	173	0
432	215	0
433	186	0
434	213	0
435	202	0
436	180	0
437	197	0
438	200	0
439	221	0
440	188	0
441	213	0
442	193	0
443	209	0
444	180	0
445	178	0
446	218	0
447	181	0
448	207	0
449	184	0
450	189	0
451	216	0
452	179	0
453	179	0
454	192	0
455	180	0
456	204	0
457	202	0
458	200	0
459	217	0
460	198	0
461	177	0
462	197	0
463	162	0
464	175	0
465	199	0
466	211	0
467	201	0
468	180	0
469	196	0
470	191	0
471	181	0
472	189	0
473	199	0
474	183	0
475	183	0
476	205	0
477	197	0
478	183	0
479	211	0
480	223	0
481	182	0
482	210	0
483	199	0
484	182	0
485	210	0
486	197	0
487	196	0
488	210	0
489	193	0
490	196	0
491	189	0
492	185	0
493	196	0
494	181	0
495	190	0
496	179	0
497	204	0
498	208	0
499	201	0
500	183	0
501	168	0
502	190	0
503	197	0
504	186	0
505	187	0
506	172	0
507	222	0
508	205	0
509	207	0
510	179	0
511	211	0
512	187	0
513	186	0
514	180	0
515	217	0
516	165	0
517	177	0
518	148	0
519	189	0
520	193	0
521	191	0
522	214	0
523	202	0
524	187	0
525	178	0
526	214	0
527	180	0
528	226	0
529	201	0
530	183	0
531	206	0
532	210	0
533	193	0
534	188	0
535	213	0
536	202	0
537	186	0
538	193	0
539	195	0
540	197	0
541	208	0
542	224	0
543	203	0
544	187	0
545	195	0
546	171	0
547	226	0
548	211	0
549	205	0
550	183	0
551	219	0
552	209	0
553	209	0
554	209	0
555	192	0
556	223	0
557	201	0
558	196	0
559	199	0
560	164	0
561	205	0
562	214	0
563	233	0
564	211	0
565	199	0
566	206	0
567	191	0
568	188	0
569	222	0
570	193	0
571	169	0
572	194	0
573	188	0
574	169	0
575	163	0
576	224	0
577	197	0
578	192	0
579	203	0
580	200	0
581	169	0
582	179	0
583	203	0
584	190	0
585	206	0
586	238	0
587	170	0
588	187	0
589	199	0
590	187	0
591	201	0
592	195	0
593	184	0
594	197	0
595	188	0
596	194	0
597	174	0
598	198	0
599	214	0
600	183	0
601	198	0
602	214	0
603	188	0
604	214	0
605	212	0
606	174	0
607	213	0
608	211	0
609	210	0
610	226	0
611	177	0
612	191	0
613	188	0
614	196	0
615	213	0
616	207	0
617	180	0
618	203	0
619	185	0
620	190	0
621	183	0
622	210	0
623	201	0
624	186	0
625	215	0
626	202	0
627	204	0
628	184	0
629	184	0
630	202	0
631	189	0
632	176	0
633	168	0
634	185	0
635	181	0
636	200	0
637	177	0
638	192	0
639	201	0
640	208	0
641	196	0
642	194	0
643	185	0
644	216	0
645	178	0
646	187	0
647	179	0
648	198	0
649	177	0
650	216	0
651	201	0
652	209	0
653	195	0
654	192	0
655	185	0
656	192	0
657	194	0
658	171	0
659	181	0
660	190	0
661	205	0
662	186	0
663	207	0
664	222	0
665	211	0
666	202	0
667	163	0
668	174	0
669	193	0
670	199	0
671	202	0
672	191	0
673	165	0
674	182	0
675	181	0
676	193	0
677	217	0
678	198	0
679	208	0
680	196	0
681	191	0
682	247	0
683	177	0
684	195	0
685	237	0
686	201	0
687	186	0
688	226	0
689	188	0
690	202	0
691	211	0
692	188	0
693	196	0
694	184	0
695	196	0
696	209	0
697	197	0
698	197	0
699	216	0
700	201	0
701	213	0
702	198	0
703	228	0
704	200	0
705	202	0
706	213	0
707	225	0
708	218	0
709	220	0
710	202	0
711	199	0
712	200	0
713	214	0
714	205	0
715	204	0
716	214	0
717	197	0
718	171	0
719	182	0
720	197	0
721	199	0
722	183	0
723	191	0
724	170	0
725	206	0
726	187	0
727	202	0
728	219	0
729	208	0
730	195	0
731	195	0
732	216	0
733	187	0
734	205	0
735	234	0
736	198	0
737	203	0
738	198	0
739	187	0
740	188	0
741	199	0
742	198	0
743	207	0
744	170	0
745	215	0
746	197	0
747	213	0
748	172	0
749	194	0
750	217	0
751	197	0
752	209	0
753	178	0
754	188	0
755	193	0
756	198	0
757	204	0
758	221	0
759	194	0
760	149	0
761	190	0
762	178	0
763	199	0
764	191	0
765	181	0
766	213	0
767	187	0
768	221	0
769	217	0
770	178	0
771	191	0
772	185	0
773	184	0
774	227	0
775	186	0
776	205	0
777	202	0
778	178	0
779	215	0
780	169	0
781	184	0
782	205	0
783	193	0
784	182	0
785	200	0
786	180	0
787	206	0
788	207	0
789	198	0
790	187	0
791	219	0
792	201	0
793	206	0
794	201	0
795	219	0
796	189	0
797	185	0
798	199	0
799	173	0
800	173	0
801	214	0
802	205	0
803	195	0
804	199	0
805	208	0
806	212	0
807	185	0
808	178	0
809	195	0
810	202	0
811	181	0
812	208	0
813	177	0
814	175	0
815	187	0
816	217	0
817	216	0
818	170	0
819	201	0
820	212	0
821	224	0
822	195	0
823	195	0
824	219	0
825	191	0
826	201	0
827	183	0
828	207	0
829	199	0
830	193	0
831	203	0
832	189	0
833	209	0
834	184	0
835	194	0
836	177	0
837	181	0
838	194	0
839	201	0
840	203	0
841	175	0
842	185	0
843	196	0
844	196	0
845	207	0
846	192	0
847	172	0
848	170	0
849	204	0
850	201	0
851	191	0
852	182	0
853	213	0
854	208	0
855	216	0
856	220	0
857	198	0
858	216	0
859	216	0
860	188	0
861	215	0
862	183	0
863	199	0
864	210	0
865	206	0
866	203	0
867	224	0
868	212	0
869	196	0
870	233	0
871	216	0
872	196	0
873	222	0
874	234	0
875	193	0
876	217	0
877	212	0
878	185	0
879	191	0
880	193	0
881	186	0
882	191	0
883	172	0
884	217	0
885	217	0
886	194	0
887	192	0
888	194	0
889	183	0
890	197	0
891	162	0
892	198	0
893	215	0
894	189	0
895	196	0
896	190	0
897	193	0
898	209	0
899	180	0
900	219	0
901	179	0
902	202	0
903	170	0
904	201	0
905	175	0
906	187	0
907	200	0
908	185	0
909	211	0
910	207	0
911	212	0
912	199	0
913	197	0
914	214	0
915	191	0
916	180	0
917	202	0
918	195	0
919	197	0
920	232	0
921	193	0
922	194	0
923	212	0
924	207	0
925	238	0
926	188	0
927	204	0
928	189	0
929	181	0
930	182	0
931	192	0
932	206	0
933	186	0
934	212	0
935	207	0
936	225	0
937	212	0
938	202	0
939	208	0
940	188	0
941	184	0
942	205	0
943	183	0
944	194	0
945	203	0
946	182	0
947	186	0
948	185	0
949	200	0
950	180	0
951	188	0
952	200	0
953	202	0
954	191	0
955	195	0
956	224	0
957	193	0
958	206	0
959	200	0
960	200	0
961	208	0
962	179	0
963	201	0
964	180	0
965	212	0
966	196	0
967	215	0
968	214	0
969	207	0
970	203	0
971	198	0
972	207	0
973	182	0
974	206	0
975	195	0
976	221	0
977	195	0
978	210	0
979	225	0
980	215	0
981	174	0
982	223	0
983	199	0
984	189	0
985	203	0
986	192	0
987	210	0
988	195	0
989	198	0
990	204	0
991	192	0
992	185	0
993	191	0
994	192	0
995	175	0
996	191	0
997	214	0
998	182	0
999	191	0
1000	185	0
1001	207	0
1002	211	0
1003	187	0
1004	215	0
1005	166	0
1006	200	0
1007	194	0
1008	185	0
1009	189	0
1010	199	0
1011	190	0
1012	203	0
1013	208	0
1014	158	0
1015	210	0
1016	214	0
1017	232	0
1018	197	0
1019	203	0
1020	199	0
1021	204	0
1022	194	0
1023	178	0
1024	175	0
1025	225	0
1026	204	0
1027	189	0
1028	175	0
1029	198	0
1030	201	0
1031	178	0
1032	216	0
1033	188	0
1034	217	0
1035	186	0
1036	191	0
1037	217	0
1038	198	0
1039	198	0
1040	205	0
1041	205	0
1042	161	0
1043	207	0
1044	176	0
1045	181	0
1046	201	0
1047	198	0
1048	210	0
1049	213	0
1050	195	0
1051	174	0
1052	216	0
1053	179	0
1054	199	0
1055	198	0
1056	192	0
1057	195	0
1058	197	0
1059	184	0
1060	203	0
1061	211	0
1062	206	0
1063	182	0
1064	221	0
1065	198	0
1066	210	0
1067	191	0
1068	187	0
1069	189	0
1070	216	0
1071	197	0
1072	195	0
1073	193	0
1074	200	0
1075	207	0
1076	190	0
1077	181	0
1078	196	0
1079	189	0
1080	205	0
1081	187	0
1082	209	0
1083	188	0
1084	201	0
1085	205	0
1086	218	0
1087	171	0
1088	210	0
1089	205	0
1090	210	0
1091	202	0
1092	198	0
1093	223	0
1094	173	0
1095	212	0
1096	185	0
1097	209	0
1098	193	0
1099	189	0
1100	162	0
1101	209	0
1102	205	0
1103	216	0
1104	181	0
1105	203	0
1106	226	0
1107	199	0
1108	173	0
1109	203	0
1110	190	0
1111	177	0
1112	203	0
1113	181	0
1114	184	0
1115	220	0
1116	212	0
1117	186	0
1118	189	0
1119	223	0
1120	205	0
1121	207	0
1122	174	0
1123	190	0
1124	192	0
1125	188	0
1126	210	0
1127	176	0
1128	206	0
1129	198	0
1130	170	0
1131	208	0
1132	189	0
1133	170	0
1134	186	0
1135	179	0
1136	198	0
1137	193	0
1138	196	0
1139	190	0
1140	196	0
1141	196	0
1142	206	0
1143	226	0
1144	212	0
1145	200	0
1146	208	0
1147	215	0
1148	184	0
1149	211	0
1150	204	0
1151	181	0
1152	220	0
1153	202	0
1154	205	0
1155	214	0
1156	212	0
1157	194	0
1158	187	0
1159	193	0
1160	197	0
1161	186	0
1162	194	0
1163	192	0
1164	190	0
1165	195	0
1166	206	0
1167	228	0
1168	186	0
1169	181	0
1170	182	0
1171	191	0
1172	192	0
1173	169	0
1174	211	0
1175	196	0
1176	197	0
1177	178	0
1178	166	0
1179	178	0
1180	180	0
1181	194	0
1182	224	0
1183	226	0
1184	199	0
1185	193	0
1186	194	0
1187	211	0
1188	201	0
1189	219	0
1190	208	0
1191	195	0
1192	193	0
1193	211	0
1194	205	0
1195	201	0
1196	200	0
1197	200	0
1198	210	0
1199	217	0
1200	208	0
1201	208	0
1202	214	0
1203	174	0
1204	218	0
1205	164	0
1206	230	0
1207	214	0
1208	189	0
1209	206	0
1210	198	0
1211	190	0
1212	225	0
1213	179	0
1214	192	0
1215	199	0
1216	210	0
1217	203	0
1218	201	0
1219	199	0
1220	197	0
1221	209	0
1222	200	0
1223	193	0
1224	194	0
1225	185	0
1226	185	0
1227	190	0
1228	193	0
1229	194	0
1230	183	0
1231	196	0
1232	188	0
1233	188	0
1234	210	0
1235	221	0
1236	190	0
1237	230	0
1238	198	0
1239	219	0
1240	210	0
1241	183	0
1242	206	0
1243	180	0
1244	221	0
1245	185	0
1246	165	0
1247	205	0
1248	195	0
1249	194	0
1250	203	0
1251	182	0
1252	185	0
1253	205	0
1254	193	0
1255	195	0
1256	187	0
1257	217	0
1258	181	0
1259	193	0
1260	194	0
1261	205	0
1262	191	0
1263	196	0
1264	182	0
1265	195	0
1266	198	0
1267	223	0
1268	182	0
1269	192	0
1270	190	0
1271	209	0
1272	200	0
1273	185	0
1274	198	0
1275	212	0
1276	194	0
1277	189	0
1278	175	0
1279	196	0
1280	206	0
1281	198	0
1282	195	0
1283	228	0
1284	240	0
1285	217	0
1286	187	0
1287	213	0
1288	194	0
1289	194	0
1290	190	0
1291	181	0
1292	201	0
1293	219	0
1294	191	0
1295	196	0
1296	208	0
1297	218	0
1298	183	0
1299	206	0
1300	200	0
1301	176	0
1302	192	0
1303	200	0
1304	195	0
1305	184	0
1306	194	0
1307	180	0
1308	196	0
1309	190	0
1310	196	0
1311	180	0
1312	211	0
1313	212	0
1314	199	0
1315	190	0
1316	209	0
1317	198	0
1318	187	0
1319	209	0
1320	191	0
1321	197	0
1322	188	0
1323	194	0
1324	212	0
1325	190	0
1326	199	0
1327	195	0
1328	193	0
1329	193	0
1330	201	0
1331	179	0
1332	167	0
1333	188	0
1334	202	0
1335	203	0
1336	174	0
1337	205	0
1338	208	0
1339	196	0
1340	189	0
1341	193	0
1342	174	0
1343	190	0
1344	169	0
1345	181	0
1346	197	0
1347	171	0
1348	231	0
1349	190	0
1350	198	0
1351	207	0
1352	205	0
1353	179	0
1354	195	0
1355	178	0
1356	194	0
1357	194	0
1358	210	0
1359	203	0
1360	208	0
1361	182	0
1362	195	0
1363	221	0
1364	202	0
1365	198	0
1366	195	0
1367	213	0
1368	179	0
1369	207	0
1370	213	0
1371	177	0
1372	194	0
1373	186	0
1374	186	0
1375	231	0
1376	186	0
1377	189	0
1378	199	0
1379	203	0
1380	206	0
1381	192	0
1382	191	0
1383	181	0
1384	216	0
1385	184	0
1386	202	0
1387	191	0
1388	204	0
1389	177	0
1390	203	0
1391	198	0
1392	185	0
1393	190	0
1394	202	0
1395	207	0
1396	207	0
1397	206	0
1398	203	0
1399	197	0
1400	237	0
1401	181	0
1402	164	0
1403	187	0
1404	206	0
1405	198	0
1406	170	0
1407	192	0
1408	175	0
1409	189	0
1410	201	0
1411	159	0
1412	174	0
1413	201	0
1414	211	0
1415	203	0
1416	180	0
1417	179	0
1418	192	0
1419	193	0
1420	206	0
1421	189	0
1422	182	0
1423	204	0
1424	178	0
1425	182	0
1426	200	0
1427	202	0
1428	200	0
1429	221	0
1430	205	0
1431	193	0
1432	197	0
1433	214	0
1434	212	0
1435	202	0
1436	213	0
1437	215	0
1438	199	0
1439	188	0
1440	183	0
1441	206	0
1442	228	0
1443	192	0
1444	176	0
1445	205	0
1446	203	0
1447	207	0
1448	184	0
1449	179	0
1450	180	0
1451	190	0
1452	194	0
1453	179	0
1454	196	0
1455	182	0
1456	190	0
1457	177	0
1458	202	0
1459	207	0
1460	185	0
1461	209	0
1462	185	0
1463	191	0
1464	190	0
1465	184	0
1466	190	0
1467	205	0
1468	188	0
1469	173	0
1470	182	0
1471	213	0
1472	213	0
1473	189	0
1474	205	0
1475	212	0
1476	193	0
1477	198	0
1478	168	0
1479	202	0
1480	210	0
1481	199	0
1482	217	0
1483	203	0
1484	210	0
1485	167	0
1486	190	0
1487	201	0
1488	215	0
1489	206	0
1490	186	0
1491	186	0
1492	204	0
1493	177	0
1494	186	0
1495	206	0
1496	172	0
1497	173	0
1498	199	0
1499	205	0
1500	181	0
1501	186	0
1502	208	0
1503	204	0
1504	192	0
1505	177	0
1506	200	0
1507	209	0
1508	231	0
1509	211	0
1510	203	0
1511	194	0
1512	218	0
1513	204	0
1514	174	0
1515	212	0
1516	212	0
1517	208	0
1518	183	0
1519	190	0
1520	176	0
1521	181	0
1522	198	0
1523	198	0
1524	174	0
1525	207	0
1526	216	0
1527	191	0
1528	197	0
1529	197	0
1530	194	0
1531	199	0
1532	159	0
1533	209	0
1534	158	0
1535	192	0
1536	203	0
1537	196	0
1538	195	0
1539	190	0
1540	189	0
1541	181	0
1542	199	0
1543	186	0
1544	191	0
1545	185	0
1546	189	0
1547	225	0
1548	216	0
1549	184	0
1550	194	0
1551	174	0
1552	230	0
1553	192	0
1554	190	0
1555	205	0
1556	192	0
1557	191	0
1558	189	0
1559	209	0
1560	218	0
1561	172	0
1562	163	0
1563	219	0
1564	201	0
1565	195	0
1566	179	0
1567	218	0
1568	201	0
1569	167	0
1570	215	0
1571	171	0
1572	177	0
1573	217	0
1574	191	0
1575	198	0
1576	193	0
1577	183	0
1578	210	0
1579	209	0
1580	205	0
1581	192	0
1582	175	0
1583	200	0
1584	215	0
1585	189	0
1586	203	0
1587	211	0
1588	191	0
1589	207	0
1590	204	0
1591	204	0
1592	196	0
1593	201	0
1594	221	0
1595	179	0
1596	201	0
1597	205	0
1598	222	0
1599	208	0
1600	190	0
1601	218	0
1602	196	0
1603	197	0
1604	193	0
1605	197	0
1606	190	0
1607	203	0
1608	202	0
1609	195	0
1610	176	0
1611	208	0
1612	194	0
1613	201	0
1614	207	0
1615	169	0
1616	195	0
1617	175	0
1618	206	0
1619	202	0
1620	187	0
1621	208	0
1622	217	0
1623	186	0
1624	190	0
1625	192	0
1626	203	0
1627	172	0
1628	177	0
1629	191	0
1630	196	0
1631	216	0
1632	217	0
1633	179	0
1634	170	0
1635	231	0
1636	196	0
1637	206	0
1638	183	0
1639	183	0
1640	190	0
1641	218	0
1642	183	0
1643	209	0
1644	221	0
1645	208	0
1646	195	0
1647	234	0
1648	219	0
1649	206	0
1650	201	0
1651	178	0
1652	200	0
1653	210	0
1654	166	0
1655	195	0
1656	184	0
1657	213	0
1658	202	0
1659	199	0
1660	198	0
1661	185	0
1662	211	0
1663	211	0
1664	193	0
1665	193	0
1666	217	0
1667	190	0
1668	219	0
1669	193	0
1670	223	0
1671	210	0
1672	181	0
1673	200	0
1674	190	0
1675	197	0
1676	201	0
1677	183	0
1678	218	0
1679	182	0
1680	200	0
1681	208	0
1682	176	0
1683	199	0
1684	183	0
1685	202	0
1686	184	0
1687	188	0
1688	198	0
1689	171	0
1690	193	0
1691	189	0
1692	174	0
1693	216	0
1694	210	0
1695	202	0
1696	191	0
1697	164	0
1698	208	0
1699	175	0
1700	189	0
1701	197	0
1702	187	0
1703	200	0
1704	200	0
1705	188	0
1706	214	0
1707	213	0
1708	192	0
1709	196	0
1710	196	0
1711	175	0
1712	196	0
1713	183	0
1714	185	0
1715	194	0
1716	233	0
1717	209	0
1718	176	0
1719	207	0
1720	153	0
1721	178	0
1722	198	0
1723	196	0
1724	192	0
1725	206	0
1726	179	0
1727	213	0
1728	217	0
1729	201	0
1730	192	0
1731	198	0
1732	207	0
1733	190	0
1734	198	0
1735	205	0
1736	200	0
1737	208	0
1738	186	0
1739	180	0
1740	218	0
1741	210	0
1742	181	0
1743	237	0
1744	187	0
1745	196	0
1746	197	0
1747	174	0
1748	176	0
1749	200	0
1750	174	0
1751	209	0
1752	179	0
1753	210	0
1754	209	0
1755	200	0
1756	203	0
1757	199	0
1758	187	0
1759	183	0
1760	194	0
1761	198	0
1762	202	0
1763	189	0
1764	186	0
1765	169	0
1766	190	0
1767	205	0
1768	189	0
1769	186	0
1770	202	0
1771	188	0
1772	225	0
1773	197	0
1774	180	0
1775	194	0
1776	219	0
1777	185	0
1778	203	0
1779	196	0
1780	189	0
1781	168	0
1782	200	0
1783	209	0
1784	194	0
1785	205	0
1786	184	0
1787	187	0
1788	195	0
1789	194	0
1790	191	0
1791	202	0
1792	193	0
1793	192	0
1794	212	0
1795	181	0
1796	192	0
1797	200	0
1798	195	0
1799	174	0
1800	210	0
1801	214	0
1802	198	0
1803	218	0
1804	182	0
1805	216	0
1806	179	0
1807	190	0
1808	193	0
1809	173	0
1810	206	0
1811	227	0
1812	216	0
1813	202	0
1814	192	0
1815	182	0
1816	177	0
1817	206	0
1818	192	0
1819	188	0
1820	199	0
1821	197	0
1822	193	0
1823	203	0
1824	224	0
1825	195	0
1826	202	0
1827	179	0
1828	203	0
1829	186	0
1830	196	0
1831	193	0
1832	200	0
1833	194	0
1834	201	0
1835	184	0
1836	180	0
1837	211	0
1838	189	0
1839	186	0
1840	190	0
1841	191	0
1842	179	0
1843	188	0
1844	209	0
1845	204	0
1846	178	0
1847	228	0
1848	194	0
1849	224	0
1850	197	0
1851	195	0
1852	195	0
1853	215	0
1854	200	0
1855	192	0
1856	201	0
1857	218	0
1858	179	0
1859	197	0
1860	186	0
1861	186	0
1862	194	0
1863	197	0
1864	224	0
1865	205	0
1866	179	0
1867	197	0
1868	208	0
1869	212	0
1870	197	0
1871	184	0
1872	183	0
1873	193	0
1874	204	0
1875	187	0
1876	185	0
1877	197	0
1878	207	0
1879	200	0
1880	185	0
1881	188	0
1882	214	0
1883	191	0
1884	201	0
1885	201	0
1886	190	0
1887	191	0
1888	207	0
1889	185	0
1890	216	0
1891	202	0
1892	195	0
1893	235	0
1894	172	0
1895	196	0
1896	187	0
1897	188	0
1898	177	0
1899	191	0
1900	212	0
1901	191	0
1902	202	0
1903	201	0
1904	193	0
1905	185	0
1906	208	0
1907	201	0
1908	172	0
1909	192	0
1910	185	0
1911	201	0
1912	195	0
1913	219	0
1914	190	0
1915	202	0
1916	183	0
1917	181	0
1918	178	0
1919	193	0
1920	180	0
1921	208	0
1922	189	0
1923	166	0
1924	208	0
1925	199	0
1926	223	0
1927	170	0
1928	203	0
1929	213	0
1930	219	0
1931	178	0
1932	193	0
1933	214	0
1934	206	0
1935	205	0
1936	203	0
1937	204	0
1938	196	0
1939	175	0
1940	207	0
1941	208	0
1942	199	0
1943	194	0
1944	189	0
1945	178	0
1946	170	0
1947	188	0
1948	197	0
1949	200	0
1950	200	0
1951	203	0
1952	203	0
1953	190	0
1954	204	0
1955	203	0
1956	182	0
1957	202	0
1958	184	0
1959	196	0
1960	185	0
1961	195	0
1962	185	0
1963	193	0
1964	203	0
1965	188	0
1966	202	0
1967	183	0
1968	210	0
1969	194	0
1970	210	0
1971	204	0
1972	207	0
1973	190	0
1974	187	0
1975	205	0
1976	185	0
1977	194	0
1978	195	0
1979	169	0
1980	166	0
1981	196	0
1982	197	0
1983	182	0
1984	199	0
1985	196	0
1986	192	0
1987	216	0
1988	189	0
1989	204	0
1990	229	0
1991	188	0
1992	187	0
1993	183	0
1994	193	0
1995	180	0
1996	177	0
1997	193	0
1998	178	0
1999	205	0
2000	192	0
2001	172	0
2002	195	0
2003	207	0
2004	196	0
2005	203	0
2006	192	0
2007	201	0
2008	203	0
2009	193	0
2010	235	0
2011	205	0
2012	215	0
2013	211	0
2014	204	0
2015	190	0
2016	193	0
2017	173	0
2018	174	0
2019	194	0
2020	187	0
2021	186	0
2022	187	0
2023	205	0
2024	200	0
2025	178	0
2026	201	0
2027	186	0
2028	194	0
2029	203	0
2030	191	0
2031	193	0
2032	215	0
2033	181	0
2034	196	0
2035	178	0
2036	196	0
2037	193	0
2038	176	0
2039	189	0
2040	189	0
2041	206	0
2042	221	0
2043	211	0
2044	207	0
2045	197	0
2046	193	0
2047	192	0
2048	210	0
2049	183	0
2050	217	0
2051	185	0
2052	161	0
2053	217	0
2054	229	0
2055	168	0
2056	180	0
2057	176	0
2058	209	0
2059	182	0
2060	201	0
2061	187	0
2062	178	0
2063	188	0
2064	209	0
2065	214	0
2066	206	0
2067	178	0
2068	180	0
2069	208	0
2070	201	0
2071	212	0
2072	207	0
2073	189	0
2074	217	0
2075	185	0
2076	197	0
2077	172	0
2078	200	0
2079	198	0
2080	190	0
2081	172	0
2082	198	0
2083	206	0
2084	204	0
2085	199	0
2086	188	0
2087	196	0
2088	184	0
2089	194	0
2090	182	0
2091	218	0
2092	219	0
2093	215	0
2094	198	0
2095	207	0
2096	174	0
2097	202	0
2098	215	0
2099	195	0
2100	197	0
2101	179	0
2102	196	0
2103	187	0
2104	194	0
2105	192	0
2106	217	0
2107	189	0
2108	191	0
2109	188	0
2110	192	0
2111	206	0
2112	210	0
2113	195	0
2114	201	0
2115	179	0
2116	208	0
2117	189	0
2118	199	0
2119	202	0
2120	189	0
2121	189	0
2122	194	0
2123	220	0
2124	200	0
2125	194	0
2126	180	0
2127	195	0
2128	186	0
2129	193	0
2130	169	0
2131	206	0
2132	186	0
2133	199	0
2134	172	0
2135	201	0
2136	196	0
2137	180	0
2138	205	0
2139	188	0
2140	201	0
2141	177	0
2142	178	0
2143	191	0
2144	204	0
2145	190	0
2146	205	0
2147	207	0
2148	187	0
2149	225	0
2150	215	0
2151	207	0
2152	200	0
2153	172	0
2154	218	0
2155	197	0
2156	191	0
2157	191	0
2158	224	0
2159	205	0
2160	212	0
2161	198	0
2162	188	0
2163	213	0
2164	197	0
2165	189	0
2166	215	0
2167	194	0
2168	209	0
2169	201	0
2170	197	0
2171	175	0
2172	210	0
2173	190	0
2174	184	0
2175	190	0
2176	209	0
2177	212	0
2178	207	0
2179	201	0
2180	199	0
2181	197	0
2182	183	0
2183	190	0
2184	202	0
2185	201	0
2186	178	0
2187	196	0
2188	208	0
2189	182	0
2190	167	0
2191	201	0
2192	188	0
2193	218	0
2194	192	0
2195	187	0
2196	191	0
2197	200	0
2198	191	0
2199	186	0
2200	174	0
2201	162	0
2202	187	0
2203	206	0
2204	202	0
2205	191	0
2206	195	0
2207	179	0
2208	222	0
2209	188	0
2210	205	0
2211	216	0
2212	205	0
2213	203	0
2214	185	0
2215	191	0
2216	179	0
2217	195	0
2218	185	0
2219	198	0
2220	230	0
2221	188	0
2222	203	0
2223	181	0
2224	195	0
2225	197	0
2226	204	0
2227	193	0
2228	199	0
2229	208	0
2230	181	0
2231	206	0
2232	184	0
2233	207	0
2234	209	0
2235	170	0
2236	192	0
2237	169	0
2238	223	0
2239	198	0
2240	163	0
2241	187	0
2242	207	0
2243	187	0
2244	227	0
2245	227	0
2246	204	0
2247	196	0
2248	167	0
2249	191	0
2250	212	0
2251	198	0
2252	203	0
2253	198	0
2254	185	0
2255	204	0
2256	190	0
2257	214	0
2258	174	0
2259	205	0
2260	206	0
2261	192	0
2262	182	0
2263	193	0
2264	182	0
2265	178	0
2266	176	0
2267	214	0
2268	207	0
2269	204	0
2270	215	0
2271	198	0
2272	198	0
2273	189	0
2274	179	0
2275	198	0
2276	180	0
2277	203	0
2278	185	0
2279	199	0
2280	196	0
2281	221	0
2282	183	0
2283	182	0
2284	214	0
2285	197	0
2286	195	0
2287	180	0
2288	186	0
2289	171	0
2290	175	0
2291	203	0
2292	188	0
2293	194	0
2294	168	0
2295	223	0
2296	196	0
2297	183	0
2298	199	0
2299	238	0
2300	184	0
2301	193	0
2302	160	0
2303	198	0
2304	200	0
2305	180	0
2306	207	0
2307	198	0
2308	226	0
2309	198	0
2310	228	0
2311	188	0
2312	222	0
2313	215	0
2314	197	0
2315	190	0
2316	210	0
2317	212	0
2318	198	0
2319	158	0
2320	206	0
2321	218	0
2322	195	0
2323	181	0
2324	193	0
2325	205	0
2326	204	0
2327	190	0
2328	205	0
2329	190	0
2330	206	0
2331	201	0
2332	184	0
2333	220	0
2334	188	0
2335	167	0
2336	194	0
2337	192	0
2338	194	0
2339	211	0
2340	190	0
2341	195	0
2342	187	0
2343	205	0
2344	222	0
2345	161	0
2346	204	0
2347	191	0
2348	200	0
2349	203	0
2350	196	0
2351	170	0
2352	216	0
2353	185	0
2354	216	0
2355	189	0
2356	185	0
2357	187	0
2358	201	0
2359	236	0
2360	196	0
2361	226	0
2362	224	0
2363	214	0
2364	201	0
2365	192	0
2366	177	0
2367	194	0
2368	196	0
2369	178	0
2370	203	0
2371	188	0
2372	203	0
2373	191	0
2374	193	0
2375	183	0
2376	179	0
2377	195	0
2378	174	0
2379	201	0
2380	199	0
2381	184	0
2382	187	0
2383	203	0
2384	188	0
2385	210	0
2386	219	0
2387	220	0
2388	203	0
2389	204	0
2390	193	0
2391	170	0
2392	224	0
2393	204	0
2394	212	0
2395	200	0
2396	184	0
2397	191	0
2398	182	0
2399	176	0
2400	202	0
2401	218	0
2402	202	0
2403	213	0
2404	181	0
2405	181	0
2406	209	0
2407	215	0
2408	204	0
2409	199	0
2410	195	0
2411	176	0
2412	212	0
2413	193	0
2414	176	0
2415	202	0
2416	196	0
2417	224	0
2418	196	0
2419	196	0
2420	208	0
2421	210	0
2422	184	0
2423	166	0
2424	195	0
2425	200	0
2426	183	0
2427	205	0
2428	186	0
2429	182	0
2430	210	0
2431	188	0
2432	183	0
2433	198	0
2434	171	0
2435	197	0
2436	190	0
2437	219	0
2438	213	0
2439	205	0
2440	197	0
2441	167	0
2442	207	0
2443	202	0
2444	223	0
2445	197	0
2446	191	0
2447	194	0
2448	193	0
2449	204	0
2450	194	0
2451	184	0
2452	193	0
2453	188	0
2454	178	0
2455	196	0
2456	192	0
2457	190	0
2458	202	0
2459	197	0
2460	194	0
2461	228	0
2462	192	0
2463	232	0
2464	215	0
2465	169	0
2466	174	0
2467	199	0
2468	200	0
2469	208	0
2470	192	0
2471	184	0
2472	176	0
2473	197	0
2474	228	0
2475	210	0
2476	203	0
2477	214	0
2478	212	0
2479	183	0
2480	194	0
2481	193	0
2482	184	0
2483	193	0
2484	200	0
2485	189	0
2486	201	0
2487	182	0
2488	215	0
2489	218	0
2490	200	0
2491	202	0
2492	197	0
2493	192	0
2494	214	0
2495	195	0
2496	173	0
2497	205	0
2498	218	0
2499	192	0
2500	203	0
2501	205	0
2502	190	0
2503	174	0
2504	176	0
2505	203	0
2506	214	0
2507	195	0
2508	212	0
2509	221	0
2510	188	0
2511	188	0
2512	201	0
2513	198	0
2514	191	0
2515	211	0
2516	198	0
2517	190	0
2518	206	0
2519	178	0
2520	204	0
2521	183	0
2522	199	0
2523	172	0
2524	184	0
2525	201	0
2526	215	0
2527	179	0
2528	215	0
2529	204	0
2530	213	0
2531	182	0
2532	214	0
2533	190	0
2534	190	0
2535	184	0
2536	200	0
2537	192	0
2538	184	0
2539	207	0
2540	188	0
2541	203	0
2542	213	0
2543	211	0
2544	188	0
2545	198	0
2546	178	0
2547	211	0
2548	185	0
2549	167	0
2550	187	0
2551	178	0
2552	203	0
2553	200	0
2554	203	0
2555	191	0
2556	195	0
2557	203	0
2558	222	0
2559	205	0
2560	193	0
2561	209	0
2562	211	0
2563	176	0
2564	203	0
2565	196	0
2566	183	0
2567	172	0
2568	213	0
2569	196	0
2570	176	0
2571	192	0
2572	192	0
2573	197	0
2574	186	0
2575	194	0
2576	198	0
2577	201	0
2578	189	0
2579	191	0
2580	191	0
2581	198	0
2582	167	0
2583	161	0
2584	180	0
2585	190	0
2586	183	0
2587	186	0
2588	207	0
2589	192	0
2590	195	0
2591	198	0
2592	179	0
2593	169	0
2594	207	0
2595	186	0
2596	220	0
2597	189	0
2598	189	0
2599	230	0
2600	207	0
2601	192	0
2602	197	0
2603	183	0
2604	209	0
2605	209	0
2606	167	0
2607	200	0
2608	211	0
2609	194	0
2610	205	0
2611	156	0
2612	200	0
2613	200	0
2614	196	0
2615	200	0
2616	189	0
2617	188	0
2618	195	0
2619	213	0
2620	192	0
2621	192	0
2622	193	0
2623	200	0
2624	208	0
2625	178	0
2626	209	0
2627	190	0
2628	213	0
2629	220	0
2630	209	0
2631	209	0
2632	230	0
2633	222	0
2634	197	0
2635	212	0
2636	182	0
2637	197	0
2638	189	0
2639	209	0
2640	196	0
2641	202	0
2642	196	0
2643	202	0
2644	194	0
2645	196	0
2646	207	0
2647	186	0
2648	183	0
2649	199	0
2650	224	0
2651	188	0
2652	198	0
2653	173	0
2654	188	0
2655	212	0
2656	197	0
2657	219	0
2658	233	0
2659	205	0
2660	222	0
2661	227	0
2662	184	0
2663	198	0
2664	199	0
2665	206	0
2666	190	0
2667	186	0
2668	187	0
2669	203	0
2670	193	0
2671	204	0
2672	194	0
2673	195	0
2674	173	0
2675	173	0
2676	202	0
2677	185	0
2678	191	0
2679	199	0
2680	177	0
2681	207	0
2682	201	0
2683	203	0
2684	204	0
2685	198	0
2686	184	0
2687	220	0
2688	213	0
2689	193	0
2690	203	0
2691	186	0
2692	205	0
2693	214	0
2694	154	0
2695	196	0
2696	194	0
2697	202	0
2698	194	0
2699	192	0
2700	232	0
2701	193	0
2702	224	0
2703	198	0
2704	212	0
2705	211	0
2706	165	0
2707	200	0
2708	207	0
2709	185	0
2710	195	0
2711	193	0
2712	192	0
2713	172	0
2714	212	0
2715	200	0
2716	234	0
2717	198	0
2718	208	0
2719	208	0
2720	182	0
2721	182	0
2722	207	0
2723	193	0
2724	194	0
2725	202	0
2726	205	0
2727	200	0
2728	212	0
2729	198	0
2730	187	0
2731	191	0
2732	201	0
2733	210	0
2734	198	0
2735	218	0
2736	206	0
2737	206	0
2738	187	0
2739	213	0
2740	195	0
2741	192	0
2742	204	0
2743	195	0
2744	214	0
2745	192	0
2746	204	0
2747	210	0
2748	201	0
2749	173	0
2750	199	0
2751	177	0
2752	242	0
2753	200	0
2754	193	0
2755	202	0
2756	191	0
2757	177	0
2758	188	0
2759	193	0
2760	181	0
2761	182	0
2762	220	0
2763	210	0
2764	178	0
2765	192	0
2766	195	0
2767	198	0
2768	154	0
2769	177	0
2770	170	0
2771	216	0
2772	171	0
2773	200	0
2774	211	0
2775	188	0
2776	220	0
2777	201	0
2778	185	0
2779	223	0
2780	185	0
2781	187	0
2782	193	0
2783	182	0
2784	175	0
2785	193	0
2786	176	0
2787	203	0
2788	179	0
2789	172	0
2790	198	0
2791	206	0
2792	193	0
2793	199	0
2794	187	0
2795	182	0
2796	192	0
2797	195	0
2798	194	0
2799	209	0
2800	182	0
2801	196	0
2802	199	0
2803	194	0
2804	199	0
2805	203	0
2806	199	0
2807	219	0
2808	195	0
2809	189	0
2810	205	0
2811	222	0
2812	208	0
2813	181	0
2814	201	0
2815	183	0
2816	198	0
2817	209	0
2818	219	0
2819	174	0
2820	184	0
2821	191	0
2822	180	0
2823	178	0
2824	177	0
2825	187	0
2826	223	0
2827	191	0
2828	190	0
2829	208	0
2830	190	0
2831	198	0
2832	191	0
2833	209	0
2834	210	0
2835	210	0
2836	169	0
2837	196	0
2838	212	0
2839	199	0
2840	217	0
2841	190	0
2842	203	0
2843	183	0
2844	199	0
2845	193	0
2846	208	0
2847	179	0
2848	207	0
2849	182	0
2850	196	0
2851	197	0
2852	230	0
2853	195	0
2854	208	0
2855	183	0
2856	200	0
2857	201	0
2858	189	0
2859	186	0
2860	187	0
2861	250	0
2862	191	0
2863	171	0
2864	226	0
2865	188	0
2866	184	0
2867	215	0
2868	210	0
2869	202	0
2870	182	0
2871	188	0
2872	199	0
2873	207	0
2874	211	0
2875	225	0
2876	201	0
2877	188	0
2878	207	0
2879	213	0
2880	204	0
2881	200	0
2882	211	0
2883	191	0
2884	228	0
2885	187	0
2886	220	0
2887	209	0
2888	194	0
2889	197	0
2890	195	0
2891	184	0
2892	191	0
2893	208	0
2894	200	0
2895	199	0
2896	230	0
2897	179	0
2898	210	0
2899	187	0
2900	182	0
2901	215	0
2902	174	0
2903	206	0
2904	191	0
2905	193	0
2906	203	0
2907	175	0
2908	196	0
2909	191	0
2910	186	0
2911	198	0
2912	185	0
2913	195	0
2914	187	0
2915	193	0
2916	218	0
2917	180	0
2918	170	0
2919	220	0
2920	187	0
2921	198	0
2922	181	0
2923	190	0
2924	180	0
2925	206	0
2926	166	0
2927	221	0
2928	184	0
2929	198	0
2930	201	0
2931	182	0
2932	218	0
2933	199	0
2934	208	0
2935	199	0
2936	193	0
2937	172	0
2938	209	0
2939	212	0
2940	215	0
2941	192	0
2942	206	0
2943	199	0
2944	186	0
2945	186	0
2946	192	0
2947	205	0
2948	199	0
2949	189	0
2950	213	0
2951	188	0
2952	204	0
2953	190	0
2954	173	0
2955	194	0
2956	213	0
2957	211	0
2958	194	0
2959	189	0
2960	192	0
2961	189	0
2962	159	0
2963	193	0
2964	186	0
2965	170	0
2966	206	0
2967	209	0
2968	222	0
2969	191	0
2970	186	0
2971	183	0
2972	199	0
2973	183	0
2974	173	0
2975	209	0
2976	194	0
2977	210	0
2978	167	0
2979	183	0
2980	184	0
2981	181	0
2982	196	0
2983	194	0
2984	198	0
2985	185	0
2986	187	0
2987	212	0
2988	206	0
2989	180	0
2990	189	0
2991	183	0
2992	198	0
2993	209	0
2994	188	0
2995	166	0
2996	212	0
2997	191	0
2998	205	0
2999	200	0
3000	209	0
