1	202	0
2	193	0
3	197	0
4	214	0
5	183	0
6	200	0
7	190	0
8	190	0
9	186	0
10	158	0
11	200	0
12	183	0
13	210	0
14	189	0
15	180	0
16	198	0
17	194	0
18	193	0
19	205	0
20	208	0
21	208	0
22	201	0
23	197	0
24	198	0
25	198	0
26	216	0
27	212	0
28	202	0
29	190	0
30	197	0
31	203	0
32	198	0
33	202	0
34	209	0
35	214	0
36	194	0
37	193	0
38	217	0
39	185	0
40	187	0
41	189	0
42	198	0
43	202	0
44	184	0
45	181	0
46	207	0
47	218	0
48	186	0
49	196	0
50	191	0
51	201	0
52	183	0
53	162	0
54	201	0
55	199	0
56	162	0
57	227	0
58	202	0
59	183	0
60	210	0
61	200	0
62	187	0
63	217	0
64	205	0
65	190	0
66	197	0
67	176	0
68	207	0
69	189	0
70	202	0
71	197	0
72	194	0
73	205	0
74	211	0
75	205	0
76	200	0
77	191	0
78	199	0
79	203	0
80	207	0
81	207	0
82	228	0
83	192	0
84	209	0
85	202	0
86	217	0
87	206	0
88	209	0
89	171	0
90	213	0
91	206	0
92	192	0
93	209	0
94	194	0
95	190	0
96	208	0
97	196	0
98	241	0
99	206	0
100	198	0
101	194	0
102	195	0
103	204	0
104	226	0
105	191	0
106	206	0
107	207	0
108	201	0
109	179	0
110	191	0
111	193	0
112	197	0
113	211	0
114	196	0
115	180	0
116	175	0
117	185	0
118	187	0
119	229	0
120	215	0
121	213	0
122	232	0
123	215	0
124	202	0
125	163	0
126	223	0
127	196	0
128	175	0
129	187	0
130	197	0
131	201	0
132	169	0
133	228	0
134	173	0
135	215	0
136	190	0
137	190	0
138	177	0
139	216	0
140	211	0
141	225	0
142	182	0
143	217	0
144	201	0
145	205	0
146	223	0
147	192	0
148	182	0
149	181	0
150	198	0
151	206	0
152	214	0
153	163	0
154	210	0
155	219	0
156	214	0
157	206	0
158	180	0
159	194	0
160	191	0
161	207	0
162	199	0
163	191	0
164	207	0
165	202	0
166	190	0
167	195	0
168	196	0
169	190	0
170	193	0
171	185	0
172	180	0
173	238	0
174	194	0
175	217	0
176	213	0
177	208	0
178	191	0
179	226	0
180	179	0
181	226	0
182	220	0
183	231	0
184	216	0
185	191	0
186	191	0
187	202	0
188	205	0
189	221	0
190	191	0
191	214	0
192	192	0
193	204	0
194	216	0
195	212	0
196	188	0
197	219	0
198	190	0
199	208	0
200	192	0
201	218	0
202	201	0
203	190	0
204	199	0
205	176	0
206	196	0
207	184	0
208	183	0
209	198	0
210	174	0
211	215	0
212	201	0
213	199	0
214	193	0
215	205	0
216	199	0
217	196	0
218	225	0
219	181	0
220	188	0
221	210	0
222	207	0
223	217	0
224	190	0
225	232	0
226	170	0
227	211	0
228	210	0
229	205	0
230	172	0
231	189	0
232	193	0
233	195	0
234	207	0
235	191	0
236	227	0
237	216	0
238	227	0
239	195	0
240	194	0
241	169	0
242	216	0
243	215	0
244	209	0
245	219	0
246	191	0
247	192	0
248	220	0
249	187	0
250	189	0
251	192	0
252	225	0
253	183	0
254	207	0
255	184	0
256	183	0
257	231	0
258	205	0
259	205	0
260	182	0
261	182	0
262	207	0
263	199	0
264	213	0
265	200	0
266	221	0
267	182	0
268	212	0
269	192	0
270	200	0
271	209	0
272	196	0
273	211	0
274	191	0
275	218	0
276	179	0
277	173	0
278	202	0
279	236	0
280	189	0
281	175	0
282	192	0
283	203	0
284	195	0
285	218	0
286	161	0
287	200	0
288	204	0
289	199	0
290	194	0
291	204	0
292	206	0
293	241	0
294	199	0
295	204	0
296	224	0
297	188	0
298	216	0
299	198	0
300	185	0
301	204	0
302	189	0
303	228	0
304	225	0
305	207	0
306	208	0
307	197	0
308	193	0
309	219	0
310	186	0
311	198	0
312	183	0
313	194	0
314	206	0
315	195	0
316	223	0
317	204	0
318	160	0
319	218	0
320	188	0
321	191	0
322	232	0
323	189	0
324	209	0
325	194	0
326	192	0
327	220	0
328	203	0
329	229	0
330	192	0
331	217	0
332	191	0
333	235	0
334	201	0
335	196	0
336	202	0
337	205	0
338	201	0
339	210	0
340	197	0
341	181	0
342	211	0
343	212	0
344	183	0
345	191	0
346	203	0
347	201	0
348	190	0
349	197	0
350	196	0
351	172	0
352	188	0
353	208	0
354	205	0
355	231	0
356	232	0
357	189	0
358	216	0
359	198	0
360	209	0
361	200	0
362	206	0
363	201	0
364	211	0
365	198	0
366	209	0
367	218	0
368	187	0
369	206	0
370	211	0
371	206	0
372	212	0
373	202	0
374	188	0
375	193	0
376	194	0
377	217	0
378	221	0
379	176	0
380	178	0
381	201	0
382	215	0
383	198	0
384	186	0
385	185	0
386	225	0
387	207	0
388	203	0
389	177	0
390	195	0
391	218	0
392	201	0
393	193	0
394	214	0
395	212	0
396	216	0
397	218	0
398	185	0
399	212	0
400	216	0
401	171	0
402	188	0
403	208	0
404	216	0
405	204	0
406	188	0
407	197	0
408	195	0
409	208	0
410	191	0
411	236	0
412	207	0
413	207	0
414	190	0
415	198	0
416	204	0
417	176	0
418	186	0
419	189	0
420	215	0
421	216	0
422	202	0
423	204	0
424	188	0
425	180	0
426	172	0
427	174	0
428	176	0
429	191	0
430	210	0
431	201	0
432	167	0
433	188	0
434	170	0
435	198	0
436	213	0
437	217	0
438	226	0
439	175	0
440	204	0
441	196	0
442	191	0
443	181	0
444	211	0
445	211	0
446	207	0
447	211	0
448	203	0
449	203	0
450	222	0
451	178	0
452	208	0
453	196	0
454	189	0
455	189	0
456	187	0
457	209	0
458	217	0
459	217	0
460	198	0
461	190	0
462	219	0
463	203	0
464	184	0
465	214	0
466	207	0
467	210	0
468	235	0
469	178	0
470	204	0
471	197	0
472	203	0
473	199	0
474	206	0
475	202	0
476	212	0
477	211	0
478	196	0
479	218	0
480	198	0
481	189	0
482	204	0
483	218	0
484	218	0
485	207	0
486	168	0
487	209	0
488	196	0
489	219	0
490	179	0
491	182	0
492	199	0
493	173	0
494	182	0
495	190	0
496	193	0
497	176	0
498	209	0
499	192	0
500	208	0
501	192	0
502	183	0
503	212	0
504	194	0
505	201	0
506	208	0
507	187	0
508	200	0
509	215	0
510	217	0
511	206	0
512	206	0
513	172	0
514	216	0
515	177	0
516	219	0
517	186	0
518	235	0
519	196	0
520	200	0
521	180	0
522	205	0
523	229	0
524	189	0
525	230	0
526	229	0
527	190	0
528	194	0
529	210	0
530	235	0
531	216	0
532	189	0
533	194	0
534	200	0
535	234	0
536	203	0
537	187	0
538	176	0
539	188	0
540	197	0
541	170	0
542	177	0
543	199	0
544	229	0
545	221	0
546	168	0
547	190	0
548	221	0
549	203	0
550	248	0
551	199	0
552	180	0
553	209	0
554	193	0
555	186	0
556	203	0
557	173	0
558	203	0
559	202	0
560	194	0
561	197	0
562	185	0
563	197	0
564	190	0
565	212	0
566	181	0
567	203	0
568	199	0
569	206	0
570	196	0
571	205	0
572	221	0
573	201	0
574	224	0
575	197	0
576	214	0
577	176	0
578	173	0
579	192	0
580	229	0
581	187	0
582	191	0
583	197	0
584	201	0
585	209	0
586	177	0
587	221	0
588	207	0
589	201	0
590	195	0
591	206	0
592	201	0
593	189	0
594	186	0
595	198	0
596	215	0
597	221	0
598	193	0
599	196	0
600	190	0
601	209	0
602	210	0
603	184	0
604	212	0
605	184	0
606	221	0
607	178	0
608	214	0
609	177	0
610	203	0
611	216	0
612	188	0
613	208	0
614	217	0
615	160	0
616	214	0
617	198	0
618	182	0
619	227	0
620	186	0
621	205	0
622	199	0
623	185	0
624	210	0
625	206	0
626	178	0
627	183	0
628	176	0
629	204	0
630	200	0
631	226	0
632	187	0
633	199	0
634	202	0
635	205	0
636	206	0
637	186	0
638	211	0
639	180	0
640	206	0
641	213	0
642	204	0
643	179	0
644	215	0
645	185	0
646	204	0
647	224	0
648	192	0
649	193	0
650	171	0
651	203	0
652	198	0
653	160	0
654	187	0
655	175	0
656	202	0
657	192	0
658	189	0
659	199	0
660	202	0
661	221	0
662	205	0
663	205	0
664	182	0
665	208	0
666	193	0
667	185	0
668	187	0
669	185	0
670	208	0
671	192	0
672	191	0
673	220	0
674	183	0
675	176	0
676	202	0
677	192	0
678	193	0
679	216	0
680	201	0
681	188	0
682	207	0
683	196	0
684	198	0
685	176	0
686	194	0
687	183	0
688	184	0
689	183	0
690	191	0
691	182	0
692	181	0
693	194	0
694	211	0
695	175	0
696	210	0
697	202	0
698	210	0
699	217	0
700	200	0
701	216	0
702	207	0
703	212	0
704	204	0
705	199	0
706	203	0
707	193	0
708	178	0
709	202	0
710	212	0
711	193	0
712	188	0
713	208	0
714	207	0
715	182	0
716	179	0
717	192	0
718	206	0
719	180	0
720	180	0
721	201	0
722	173	0
723	187	0
724	211	0
725	189	0
726	197	0
727	222	0
728	217	0
729	211	0
730	210	0
731	187	0
732	196	0
733	205	0
734	214	0
735	204	0
736	193	0
737	190	0
738	207	0
739	183	0
740	186	0
741	222	0
742	174	0
743	198	0
744	209	0
745	216	0
746	192	0
747	214	0
748	189	0
749	208	0
750	187	0
751	184	0
752	208	0
753	182	0
754	212	0
755	186	0
756	195	0
757	202	0
758	184	0
759	189	0
760	195	0
761	192	0
762	211	0
763	168	0
764	220	0
765	197	0
766	197	0
767	207	0
768	187	0
769	229	0
770	206	0
771	194	0
772	186	0
773	202	0
774	194	0
775	192	0
776	202	0
777	220	0
778	191	0
779	194	0
780	213	0
781	209	0
782	188	0
783	211	0
784	212	0
785	178	0
786	194	0
787	197	0
788	188	0
789	169	0
790	178	0
791	188	0
792	206	0
793	210	0
794	190	0
795	182	0
796	189	0
797	189	0
798	190	0
799	185	0
800	198	0
801	214	0
802	174	0
803	186	0
804	196	0
805	199	0
806	180	0
807	196	0
808	189	0
809	191	0
810	185	0
811	210	0
812	199	0
813	201	0
814	204	0
815	196	0
816	196	0
817	218	0
818	196	0
819	198	0
820	197	0
821	210	0
822	202	0
823	231	0
824	179	0
825	213	0
826	229	0
827	197	0
828	187	0
829	224	0
830	200	0
831	196	0
832	196	0
833	202	0
834	195	0
835	194	0
836	186	0
837	204	0
838	228	0
839	193	0
840	207	0
841	193	0
842	215	0
843	203	0
844	170	0
845	221	0
846	192	0
847	173	0
848	196	0
849	191	0
850	193	0
851	205	0
852	222	0
853	202	0
854	219	0
855	199	0
856	219	0
857	204	0
858	222	0
859	234	0
860	209	0
861	194	0
862	192	0
863	205	0
864	198	0
865	206	0
866	201	0
867	212	0
868	183	0
869	200	0
870	193	0
871	205	0
872	217	0
873	192	0
874	221	0
875	177	0
876	208	0
877	195	0
878	192	0
879	212	0
880	209	0
881	187	0
882	193	0
883	201	0
884	190	0
885	216	0
886	211	0
887	183	0
888	189	0
889	186	0
890	193	0
891	151	0
892	198	0
893	197	0
894	207	0
895	192	0
896	180	0
897	199	0
898	213	0
899	209	0
900	183	0
901	213	0
902	174	0
903	202	0
904	192	0
905	204	0
906	219	0
907	212	0
908	203	0
909	204	0
910	176	0
911	227	0
912	214	0
913	197	0
914	203	0
915	194	0
916	188	0
917	197	0
918	175	0
919	195	0
920	220	0
921	192	0
922	209	0
923	202	0
924	194	0
925	208	0
926	199	0
927	190	0
928	191	0
929	191	0
930	225	0
931	216	0
932	215	0
933	163	0
934	178	0
935	205	0
936	184	0
937	207	0
938	198	0
939	178	0
940	185	0
941	181	0
942	194	0
943	183	0
944	190	0
945	209	0
946	196	0
947	212	0
948	191	0
949	198	0
950	225	0
951	187	0
952	209	0
953	213	0
954	208	0
955	212	0
956	199	0
957	195	0
958	189	0
959	199	0
960	205	0
961	211	0
962	219	0
963	184	0
964	202	0
965	213	0
966	196	0
967	195	0
968	213	0
969	192	0
970	176	0
971	191	0
972	177	0
973	194	0
974	210	0
975	204	0
976	218	0
977	181	0
978	195	0
979	195	0
980	178	0
981	194	0
982	164	0
983	216	0
984	207	0
985	193	0
986	197	0
987	182	0
988	188	0
989	204	0
990	210	0
991	202	0
992	198	0
993	210	0
994	207	0
995	188	0
996	205	0
997	186	0
998	190	0
999	192	0
1000	194	0
1001	182	0
1002	208	0
1003	169	0
1004	226	0
1005	184	0
1006	180	0
1007	188	0
1008	237	0
1009	195	0
1010	220	0
1011	210	0
1012	238	0
1013	199	0
1014	195	0
1015	203	0
1016	200	0
1017	225	0
1018	194	0
1019	203	0
1020	215	0
1021	189	0
1022	188	0
1023	191	0
1024	199	0
1025	203	0
1026	177	0
1027	195	0
1028	210	0
1029	194	0
1030	184	0
1031	215	0
1032	218	0
1033	208	0
1034	220	0
1035	187	0
1036	182	0
1037	221	0
1038	186	0
1039	189	0
1040	192	0
1041	197	0
1042	197	0
1043	218	0
1044	201	0
1045	207	0
1046	201	0
1047	204	0
1048	195	0
1049	189	0
1050	189	0
1051	173	0
1052	196	0
1053	184	0
1054	201	0
1055	195	0
1056	188	0
1057	186	0
1058	187	0
1059	185	0
1060	177	0
1061	191	0
1062	186	0
1063	203	0
1064	192	0
1065	185	0
1066	196	0
1067	188	0
1068	206	0
1069	175	0
1070	190	0
1071	179	0
1072	178	0
1073	202	0
1074	210	0
1075	185	0
1076	212	0
1077	199	0
1078	214	0
1079	211	0
1080	183	0
1081	204	0
1082	200	0
1083	218	0
1084	201	0
1085	226	0
1086	202	0
1087	201	0
1088	197	0
1089	174	0
1090	173	0
1091	179	0
1092	228	0
1093	193	0
1094	201	0
1095	207	0
1096	189	0
1097	198	0
1098	211	0
1099	190	0
1100	217	0
1101	176	0
1102	203	0
1103	188	0
1104	195	0
1105	178	0
1106	194	0
1107	181	0
1108	191	0
1109	206	0
1110	199	0
1111	211	0
1112	208	0
1113	194	0
1114	195	0
1115	198	0
1116	183	0
1117	183	0
1118	183	0
1119	211	0
1120	211	0
1121	173	0
1122	203	0
1123	206	0
1124	186	0
1125	179	0
1126	196	0
1127	208	0
1128	166	0
1129	186	0
1130	202	0
1131	194	0
1132	211	0
1133	197	0
1134	198	0
1135	179	0
1136	200	0
1137	181	0
1138	208	0
1139	178	0
1140	182	0
1141	224	0
1142	199	0
1143	203	0
1144	200	0
1145	198	0
1146	179	0
1147	181	0
1148	217	0
1149	208	0
1150	180	0
1151	226	0
1152	216	0
1153	190	0
1154	190	0
1155	201	0
1156	197	0
1157	186	0
1158	187	0
1159	209	0
1160	211	0
1161	213	0
1162	209	0
1163	191	0
1164	225	0
1165	197	0
1166	207	0
1167	188	0
1168	199	0
1169	189	0
1170	216	0
1171	184	0
1172	204	0
1173	183	0
1174	202	0
1175	215	0
1176	204	0
1177	205	0
1178	182	0
1179	207	0
1180	226	0
1181	204	0
1182	197	0
1183	179	0
1184	210	0
1185	205	0
1186	184	0
1187	198	0
1188	176	0
1189	202	0
1190	202	0
1191	190	0
1192	182	0
1193	205	0
1194	222	0
1195	198	0
1196	194	0
1197	152	0
1198	179	0
1199	209	0
1200	201	0
1201	203	0
1202	235	0
1203	198	0
1204	214	0
1205	186	0
1206	207	0
1207	206	0
1208	185	0
1209	183	0
1210	215	0
1211	218	0
1212	225	0
1213	187	0
1214	197	0
1215	204	0
1216	194	0
1217	196	0
1218	180	0
1219	193	0
1220	204	0
1221	194	0
1222	206	0
1223	193	0
1224	180	0
1225	203	0
1226	197	0
1227	206	0
1228	219	0
1229	210	0
1230	216	0
1231	193	0
1232	224	0
1233	197	0
1234	200	0
1235	207	0
1236	162	0
1237	190	0
1238	221	0
1239	194	0
1240	190	0
1241	196	0
1242	174	0
1243	188	0
1244	201	0
1245	209	0
1246	207	0
1247	231	0
1248	206	0
1249	233	0
1250	213	0
1251	192	0
1252	203	0
1253	196	0
1254	191	0
1255	201	0
1256	196	0
1257	198	0
1258	204	0
1259	198	0
1260	198	0
1261	200	0
1262	195	0
1263	219	0
1264	192	0
1265	190	0
1266	192	0
1267	200	0
1268	194	0
1269	170	0
1270	222	0
1271	192	0
1272	217	0
1273	200	0
1274	204	0
1275	216	0
1276	202	0
1277	179	0
1278	182	0
1279	189	0
1280	205	0
1281	206	0
1282	192	0
1283	183	0
1284	189	0
1285	215	0
1286	196	0
1287	172	0
1288	172	0
1289	217	0
1290	213	0
1291	202	0
1292	179	0
1293	188	0
1294	182	0
1295	196	0
1296	192	0
1297	199	0
1298	164	0
1299	197	0
1300	209	0
1301	202	0
1302	193	0
1303	198	0
1304	201	0
1305	191	0
1306	216	0
1307	199	0
1308	189	0
1309	221	0
1310	203	0
1311	196	0
1312	187	0
1313	191	0
1314	184	0
1315	223	0
1316	222	0
1317	195	0
1318	215	0
1319	186	0
1320	192	0
1321	182	0
1322	188	0
1323	202	0
1324	187	0
1325	210	0
1326	180	0
1327	197	0
1328	225	0
1329	174	0
1330	163	0
1331	201	0
1332	210	0
1333	198	0
1334	177	0
1335	206	0
1336	210	0
1337	191	0
1338	183	0
1339	191	0
1340	208	0
1341	190	0
1342	182	0
1343	211	0
1344	223	0
1345	190	0
1346	200	0
1347	189	0
1348	205	0
1349	197	0
1350	179	0
1351	193	0
1352	213	0
1353	200	0
1354	182	0
1355	180	0
1356	182	0
1357	172	0
1358	182	0
1359	215	0
1360	198	0
1361	211	0
1362	205	0
1363	195	0
1364	192	0
1365	192	0
1366	195	0
1367	188	0
1368	193	0
1369	201	0
1370	229	0
1371	199	0
1372	216	0
1373	197	0
1374	200	0
1375	193	0
1376	186	0
1377	210	0
1378	181	0
1379	198	0
1380	187	0
1381	207	0
1382	215	0
1383	213	0
1384	189	0
1385	213	0
1386	208	0
1387	194	0
1388	199	0
1389	203	0
1390	211	0
1391	201	0
1392	201	0
1393	180	0
1394	195	0
1395	210	0
1396	202	0
1397	189	0
1398	214	0
1399	199	0
1400	193	0
1401	181	0
1402	191	0
1403	190	0
1404	160	0
1405	209	0
1406	207	0
1407	216	0
1408	201	0
1409	221	0
1410	196	0
1411	193	0
1412	190	0
1413	185	0
1414	215	0
1415	189	0
1416	224	0
1417	204	0
1418	208	0
1419	223	0
1420	211	0
1421	178	0
1422	204	0
1423	215	0
1424	179	0
1425	176	0
1426	195	0
1427	207	0
1428	186	0
1429	189	0
1430	189	0
1431	195	0
1432	179	0
1433	200	0
1434	180	0
1435	192	0
1436	210	0
1437	206	0
1438	223	0
1439	205	0
1440	183	0
1441	207	0
1442	221	0
1443	182	0
1444	224	0
1445	184	0
1446	192	0
1447	199	0
1448	185	0
1449	213	0
1450	175	0
1451	176	0
1452	190	0
1453	198	0
1454	182	0
1455	202	0
1456	203	0
1457	190	0
1458	206	0
1459	202	0
1460	202	0
1461	195	0
1462	198	0
1463	212	0
1464	196	0
1465	203	0
1466	217	0
1467	231	0
1468	230	0
1469	199	0
1470	188	0
1471	206	0
1472	195	0
1473	175	0
1474	192	0
1475	170	0
1476	200	0
1477	183	0
1478	196	0
1479	196	0
1480	198	0
1481	190	0
1482	206	0
1483	187	0
1484	210	0
1485	201	0
1486	192	0
1487	214	0
1488	195	0
1489	194	0
1490	220	0
1491	194	0
1492	210	0
1493	187	0
1494	198	0
1495	194	0
1496	191	0
1497	191	0
1498	192	0
1499	210	0
1500	203	0
1501	196	0
1502	220	0
1503	209	0
1504	185	0
1505	187	0
1506	225	0
1507	189	0
1508	191	0
1509	215	0
1510	190	0
1511	203	0
1512	185	0
1513	193	0
1514	196	0
1515	200	0
1516	222	0
1517	200	0
1518	224	0
1519	186	0
1520	177	0
1521	216	0
1522	206	0
1523	209	0
1524	188	0
1525	208	0
1526	189	0
1527	198	0
1528	191	0
1529	201	0
1530	195	0
1531	189	0
1532	198	0
1533	206	0
1534	203	0
1535	202	0
1536	206	0
1537	198	0
1538	214	0
1539	188	0
1540	201	0
1541	172	0
1542	210	0
1543	170	0
1544	200	0
1545	195	0
1546	183	0
1547	198	0
1548	231	0
1549	183	0
1550	188	0
1551	195	0
1552	189	0
1553	206	0
1554	218	0
1555	184	0
1556	188	0
1557	199	0
1558	219	0
1559	196	0
1560	198	0
1561	193	0
1562	193	0
1563	194	0
1564	234	0
1565	192	0
1566	178	0
1567	190	0
1568	201	0
1569	207	0
1570	191	0
1571	199	0
1572	194	0
1573	200	0
1574	188	0
1575	205	0
1576	196	0
1577	163	0
1578	215	0
1579	188	0
1580	200	0
1581	184	0
1582	191	0
1583	213	0
1584	212	0
1585	192	0
1586	221	0
1587	200	0
1588	188	0
1589	196	0
1590	201	0
1591	187	0
1592	195	0
1593	189	0
1594	185	0
1595	182	0
1596	197	0
1597	183	0
1598	200	0
1599	194	0
1600	207	0
1601	197	0
1602	202	0
1603	228	0
1604	190	0
1605	206	0
1606	199	0
1607	191	0
1608	175	0
1609	187	0
1610	203	0
1611	195	0
1612	234	0
1613	186	0
1614	200	0
1615	186	0
1616	199	0
1617	186	0
1618	222	0
1619	204	0
1620	189	0
1621	201	0
1622	182	0
1623	215	0
1624	213	0
1625	199	0
1626	219	0
1627	196	0
1628	199	0
1629	207	0
1630	181	0
1631	204	0
1632	190	0
1633	215	0
1634	209	0
1635	205	0
1636	197	0
1637	198	0
1638	191	0
1639	210	0
1640	208	0
1641	225	0
1642	221	0
1643	189	0
1644	220	0
1645	177	0
1646	201	0
1647	200	0
1648	163	0
1649	196	0
1650	198	0
1651	227	0
1652	223	0
1653	190	0
1654	205	0
1655	189	0
1656	189	0
1657	195	0
1658	192	0
1659	195	0
1660	195	0
1661	202	0
1662	202	0
1663	181	0
1664	188	0
1665	195	0
1666	201	0
1667	186	0
1668	205	0
1669	207	0
1670	192	0
1671	174	0
1672	203	0
1673	202	0
1674	223	0
1675	205	0
1676	218	0
1677	202	0
1678	237	0
1679	201	0
1680	187	0
1681	196	0
1682	204	0
1683	202	0
1684	198	0
1685	192	0
1686	172	0
1687	201	0
1688	186	0
1689	189	0
1690	190	0
1691	176	0
1692	196	0
1693	202	0
1694	208	0
1695	205	0
1696	201	0
1697	195	0
1698	187	0
1699	172	0
1700	216	0
1701	197	0
1702	184	0
1703	202	0
1704	201	0
1705	200	0
1706	200	0
1707	189	0
1708	197	0
1709	206	0
1710	203	0
1711	203	0
1712	224	0
1713	213	0
1714	209	0
1715	207	0
1716	211	0
1717	205	0
1718	206	0
1719	204	0
1720	227	0
1721	181	0
1722	202	0
1723	205	0
1724	202	0
1725	196	0
1726	200	0
1727	204	0
1728	190	0
1729	208	0
1730	172	0
1731	213	0
1732	209	0
1733	194	0
1734	206	0
1735	185	0
1736	179	0
1737	210	0
1738	184	0
1739	209	0
1740	181	0
1741	198	0
1742	225	0
1743	218	0
1744	184	0
1745	179	0
1746	217	0
1747	219	0
1748	181	0
1749	188	0
1750	203	0
1751	188	0
1752	200	0
1753	195	0
1754	180	0
1755	202	0
1756	204	0
1757	209	0
1758	218	0
1759	189	0
1760	186	0
1761	204	0
1762	183	0
1763	200	0
1764	198	0
1765	190	0
1766	215	0
1767	179	0
1768	171	0
1769	237	0
1770	168	0
1771	204	0
1772	198	0
1773	177	0
1774	182	0
1775	205	0
1776	197	0
1777	176	0
1778	201	0
1779	193	0
1780	191	0
1781	190	0
1782	192	0
1783	195	0
1784	189	0
1785	218	0
1786	201	0
1787	201	0
1788	199	0
1789	199	0
1790	195	0
1791	216	0
1792	198	0
1793	226	0
1794	185	0
1795	188	0
1796	169	0
1797	210	0
1798	191	0
1799	205	0
1800	218	0
1801	210	0
1802	202	0
1803	201	0
1804	191	0
1805	226	0
1806	207	0
1807	200	0
1808	198	0
1809	197	0
1810	214	0
1811	198	0
1812	198	0
1813	212	0
1814	207	0
1815	215	0
1816	190	0
1817	220	0
1818	177	0
1819	207	0
1820	176	0
1821	201	0
1822	177	0
1823	202	0
1824	194	0
1825	212	0
1826	174	0
1827	147	0
1828	187	0
1829	196	0
1830	181	0
1831	219	0
1832	177	0
1833	186	0
1834	176	0
1835	210	0
1836	209	0
1837	198	0
1838	220	0
1839	204	0
1840	188	0
1841	186	0
1842	212	0
1843	216	0
1844	195	0
1845	183	0
1846	210	0
1847	197	0
1848	204	0
1849	195	0
1850	227	0
1851	198	0
1852	193	0
1853	175	0
1854	203	0
1855	195	0
1856	186	0
1857	171	0
1858	226	0
1859	182	0
1860	234	0
1861	212	0
1862	200	0
1863	213	0
1864	207	0
1865	194	0
1866	187	0
1867	192	0
1868	181	0
1869	183	0
1870	197	0
1871	221	0
1872	204	0
1873	185	0
1874	189	0
1875	190	0
1876	177	0
1877	181	0
1878	185	0
1879	184	0
1880	223	0
1881	210	0
1882	196	0
1883	236	0
1884	218	0
1885	195	0
1886	212	0
1887	198	0
1888	174	0
1889	203	0
1890	224	0
1891	195	0
1892	231	0
1893	219	0
1894	189	0
1895	193	0
1896	193	0
1897	187	0
1898	210	0
1899	206	0
1900	184	0
1901	187	0
1902	192	0
1903	207	0
1904	216	0
1905	196	0
1906	203	0
1907	221	0
1908	190	0
1909	198	0
1910	193	0
1911	212	0
1912	202	0
1913	202	0
1914	201	0
1915	202	0
1916	198	0
1917	189	0
1918	235	0
1919	228	0
1920	199	0
1921	190	0
1922	185	0
1923	187	0
1924	222	0
1925	203	0
1926	199	0
1927	175	0
1928	211	0
1929	203	0
1930	178	0
1931	194	0
1932	206	0
1933	210	0
1934	195	0
1935	198	0
1936	211	0
1937	163	0
1938	190	0
1939	202	0
1940	185	0
1941	217	0
1942	245	0
1943	222	0
1944	212	0
1945	213	0
1946	214	0
1947	195	0
1948	183	0
1949	210	0
1950	196	0
1951	191	0
1952	195	0
1953	201	0
1954	209	0
1955	175	0
1956	185	0
1957	213	0
1958	174	0
1959	191	0
1960	172	0
1961	180	0
1962	194	0
1963	201	0
1964	203	0
1965	196	0
1966	203	0
1967	216	0
1968	197	0
1969	224	0
1970	186	0
1971	198	0
1972	209	0
1973	188	0
1974	184	0
1975	206	0
1976	199	0
1977	219	0
1978	202	0
1979	185	0
1980	209	0
1981	184	0
1982	181	0
1983	196	0
1984	202	0
1985	205	0
1986	175	0
1987	218	0
1988	201	0
1989	208	0
1990	200	0
1991	164	0
1992	217	0
1993	189	0
1994	167	0
1995	200	0
1996	180	0
1997	212	0
1998	205	0
1999	200	0
2000	192	0
2001	212	0
2002	211	0
2003	204	0
2004	193	0
2005	207	0
2006	192	0
2007	195	0
2008	188	0
2009	228	0
2010	200	0
2011	205	0
2012	211	0
2013	193	0
2014	213	0
2015	216	0
2016	189	0
2017	191	0
2018	197	0
2019	198	0
2020	192	0
2021	217	0
2022	182	0
2023	173	0
2024	213	0
2025	223	0
2026	195	0
2027	212	0
2028	204	0
2029	188	0
2030	197	0
2031	189	0
2032	183	0
2033	177	0
2034	166	0
2035	218	0
2036	186	0
2037	219	0
2038	195	0
2039	195	0
2040	177	0
2041	184	0
2042	184	0
2043	210	0
2044	179	0
2045	194	0
2046	198	0
2047	191	0
2048	188	0
2049	205	0
2050	198	0
2051	218	0
2052	194	0
2053	201	0
2054	178	0
2055	185	0
2056	220	0
2057	173	0
2058	182	0
2059	181	0
2060	192	0
2061	217	0
2062	178	0
2063	210	0
2064	193	0
2065	192	0
2066	197	0
2067	218	0
2068	181	0
2069	206	0
2070	201	0
2071	203	0
2072	195	0
2073	210	0
2074	202	0
2075	203	0
2076	204	0
2077	210	0
2078	195	0
2079	184	0
2080	186	0
2081	196	0
2082	208	0
2083	213	0
2084	175	0
2085	217	0
2086	210	0
2087	192	0
2088	209	0
2089	230	0
2090	182	0
2091	217	0
2092	191	0
2093	179	0
2094	206	0
2095	202	0
2096	187	0
2097	185	0
2098	193	0
2099	183	0
2100	185	0
2101	189	0
2102	220	0
2103	189	0
2104	172	0
2105	216	0
2106	185	0
2107	229	0
2108	200	0
2109	221	0
2110	185	0
2111	211	0
2112	181	0
2113	177	0
2114	193	0
2115	203	0
2116	182	0
2117	194	0
2118	205	0
2119	188	0
2120	201	0
2121	204	0
2122	208	0
2123	220	0
2124	203	0
2125	180	0
2126	223	0
2127	209	0
2128	180	0
2129	213	0
2130	177	0
2131	172	0
2132	183	0
2133	217	0
2134	181	0
2135	202	0
2136	228	0
2137	195	0
2138	207	0
2139	206	0
2140	185	0
2141	192	0
2142	202	0
2143	194	0
2144	180	0
2145	200	0
2146	213	0
2147	214	0
2148	193	0
2149	200	0
2150	196	0
2151	187	0
2152	182	0
2153	198	0
2154	211	0
2155	168	0
2156	177	0
2157	187	0
2158	206	0
2159	203	0
2160	178	0
2161	186	0
2162	202	0
2163	202	0
2164	199	0
2165	223	0
2166	215	0
2167	207	0
2168	200	0
2169	191	0
2170	205	0
2171	180	0
2172	197	0
2173	193	0
2174	213	0
2175	199	0
2176	200	0
2177	188	0
2178	220	0
2179	223	0
2180	212	0
2181	220	0
2182	198	0
2183	221	0
2184	213	0
2185	199	0
2186	213	0
2187	183	0
2188	189	0
2189	212	0
2190	196	0
2191	207	0
2192	206	0
2193	187	0
2194	198	0
2195	188	0
2196	199	0
2197	209	0
2198	194	0
2199	206	0
2200	220	0
2201	193	0
2202	215	0
2203	217	0
2204	197	0
2205	189	0
2206	193	0
2207	200	0
2208	169	0
2209	195	0
2210	193	0
2211	205	0
2212	197	0
2213	208	0
2214	207	0
2215	205	0
2216	204	0
2217	205	0
2218	211	0
2219	185	0
2220	191	0
2221	180	0
2222	198	0
2223	190	0
2224	194	0
2225	192	0
2226	185	0
2227	180	0
2228	212	0
2229	191	0
2230	204	0
2231	208	0
2232	186	0
2233	208	0
2234	199	0
2235	222	0
2236	209	0
2237	188	0
2238	210	0
2239	213	0
2240	173	0
2241	197	0
2242	193	0
2243	189	0
2244	191	0
2245	214	0
2246	197	0
2247	200	0
2248	212	0
2249	180	0
2250	222	0
2251	179	0
2252	205	0
2253	199	0
2254	229	0
2255	207	0
2256	186	0
2257	180	0
2258	215	0
2259	175	0
2260	159	0
2261	201	0
2262	167	0
2263	208	0
2264	207	0
2265	222	0
2266	212	0
2267	201	0
2268	201	0
2269	179	0
2270	195	0
2271	218	0
2272	222	0
2273	186	0
2274	220	0
2275	203	0
2276	196	0
2277	211	0
2278	224	0
2279	172	0
2280	179	0
2281	182	0
2282	208	0
2283	193	0
2284	216	0
2285	179	0
2286	192	0
2287	201	0
2288	202	0
2289	220	0
2290	216	0
2291	175	0
2292	170	0
2293	215	0
2294	158	0
2295	218	0
2296	221	0
2297	225	0
2298	197	0
2299	197	0
2300	193	0
2301	201	0
2302	209	0
2303	206	0
2304	196	0
2305	179	0
2306	192	0
2307	201	0
2308	195	0
2309	158	0
2310	219	0
2311	205	0
2312	203	0
2313	204	0
2314	222	0
2315	193	0
2316	223	0
2317	182	0
2318	197	0
2319	197	0
2320	188	0
2321	187	0
2322	207	0
2323	194	0
2324	159	0
2325	188	0
2326	215	0
2327	210	0
2328	221	0
2329	204	0
2330	200	0
2331	178	0
2332	217	0
2333	170	0
2334	197	0
2335	196	0
2336	196	0
2337	200	0
2338	201	0
2339	233	0
2340	205	0
2341	196	0
2342	221	0
2343	190	0
2344	175	0
2345	214	0
2346	190	0
2347	205	0
2348	219	0
2349	199	0
2350	213	0
2351	192	0
2352	220	0
2353	203	0
2354	186	0
2355	190	0
2356	190	0
2357	207	0
2358	173	0
2359	203	0
2360	173	0
2361	190	0
2362	210	0
2363	194	0
2364	185	0
2365	196	0
2366	193	0
2367	214	0
2368	204	0
2369	204	0
2370	200	0
2371	184	0
2372	198	0
2373	191	0
2374	205	0
2375	210	0
2376	228	0
2377	211	0
2378	196	0
2379	176	0
2380	236	0
2381	205	0
2382	221	0
2383	196	0
2384	192	0
2385	192	0
2386	185	0
2387	179	0
2388	207	0
2389	207	0
2390	194	0
2391	188	0
2392	185	0
2393	189	0
2394	200	0
2395	205	0
2396	201	0
2397	202	0
2398	229	0
2399	187	0
2400	213	0
2401	184	0
2402	206	0
2403	214	0
2404	221	0
2405	189	0
2406	179	0
2407	220	0
2408	179	0
2409	220	0
2410	172	0
2411	183	0
2412	224	0
2413	201	0
2414	206	0
2415	203	0
2416	198	0
2417	203	0
2418	208	0
2419	189	0
2420	197	0
2421	212	0
2422	205	0
2423	208	0
2424	204	0
2425	192	0
2426	182	0
2427	177	0
2428	212	0
2429	219	0
2430	181	0
2431	177	0
2432	199	0
2433	183	0
2434	187	0
2435	222	0
2436	177	0
2437	201	0
2438	175	0
2439	208	0
2440	212	0
2441	182	0
2442	222	0
2443	175	0
2444	190	0
2445	196	0
2446	183	0
2447	185	0
2448	180	0
2449	200	0
2450	208	0
2451	204	0
2452	186	0
2453	204	0
2454	219	0
2455	185	0
2456	213	0
2457	197	0
2458	216	0
2459	238	0
2460	207	0
2461	200	0
2462	201	0
2463	200	0
2464	222	0
2465	182	0
2466	176	0
2467	176	0
2468	190	0
2469	189	0
2470	202	0
2471	187	0
2472	222	0
2473	195	0
2474	190	0
2475	190	0
2476	202	0
2477	183	0
2478	178	0
2479	186	0
2480	186	0
2481	185	0
2482	196	0
2483	213	0
2484	200	0
2485	203	0
2486	179	0
2487	187	0
2488	180	0
2489	178	0
2490	203	0
2491	198	0
2492	187	0
2493	199	0
2494	201	0
2495	183	0
2496	223	0
2497	209	0
2498	212	0
2499	189	0
2500	186	0
2501	172	0
2502	196	0
2503	183	0
2504	213	0
2505	177	0
2506	183	0
2507	192	0
2508	220	0
2509	189	0
2510	199	0
2511	204	0
2512	193	0
2513	208	0
2514	200	0
2515	203	0
2516	191	0
2517	224	0
2518	217	0
2519	178	0
2520	190	0
2521	211	0
2522	199	0
2523	212	0
2524	200	0
2525	214	0
2526	201	0
2527	201	0
2528	186	0
2529	191	0
2530	201	0
2531	220	0
2532	184	0
2533	212	0
2534	189	0
2535	192	0
2536	163	0
2537	188	0
2538	200	0
2539	204	0
2540	232	0
2541	202	0
2542	175	0
2543	189	0
2544	199	0
2545	199	0
2546	202	0
2547	187	0
2548	202	0
2549	209	0
2550	200	0
2551	194	0
2552	199	0
2553	196	0
2554	194	0
2555	201	0
2556	219	0
2557	193	0
2558	170	0
2559	202	0
2560	198	0
2561	186	0
2562	213	0
2563	201	0
2564	221	0
2565	222	0
2566	179	0
2567	202	0
2568	220	0
2569	197	0
2570	171	0
2571	228	0
2572	206	0
2573	210	0
2574	180	0
2575	198	0
2576	206	0
2577	196	0
2578	199	0
2579	214	0
2580	178	0
2581	185	0
2582	188	0
2583	189	0
2584	177	0
2585	171	0
2586	210	0
2587	192	0
2588	214	0
2589	224	0
2590	190	0
2591	170	0
2592	205	0
2593	203	0
2594	207	0
2595	200	0
2596	190	0
2597	163	0
2598	190	0
2599	187	0
2600	202	0
2601	191	0
2602	220	0
2603	221	0
2604	192	0
2605	202	0
2606	195	0
2607	199	0
2608	203	0
2609	231	0
2610	223	0
2611	192	0
2612	207	0
2613	180	0
2614	213	0
2615	176	0
2616	172	0
2617	182	0
2618	195	0
2619	161	0
2620	190	0
2621	210	0
2622	190	0
2623	159	0
2624	226	0
2625	203	0
2626	202	0
2627	203	0
2628	236	0
2629	197	0
2630	175	0
2631	192	0
2632	199	0
2633	177	0
2634	179	0
2635	214	0
2636	227	0
2637	203	0
2638	182	0
2639	196	0
2640	207	0
2641	199	0
2642	193	0
2643	186	0
2644	191	0
2645	203	0
2646	194	0
2647	193	0
2648	209	0
2649	199	0
2650	177	0
2651	195	0
2652	190	0
2653	197	0
2654	209	0
2655	178	0
2656	185	0
2657	225	0
2658	205	0
2659	213	0
2660	184	0
2661	166	0
2662	201	0
2663	205	0
2664	167	0
2665	194	0
2666	197	0
2667	206	0
2668	201	0
2669	205	0
2670	200	0
2671	201	0
2672	211	0
2673	202	0
2674	165	0
2675	194	0
2676	222	0
2677	204	0
2678	191	0
2679	198	0
2680	187	0
2681	187	0
2682	218	0
2683	182	0
2684	186	0
2685	197	0
2686	215	0
2687	204	0
2688	194	0
2689	201	0
2690	174	0
2691	211	0
2692	212	0
2693	204	0
2694	210	0
2695	214	0
2696	192	0
2697	214	0
2698	216	0
2699	215	0
2700	206	0
2701	197	0
2702	204	0
2703	196	0
2704	220	0
2705	172	0
2706	210	0
2707	168	0
2708	208	0
2709	175	0
2710	214	0
2711	212	0
2712	212	0
2713	206	0
2714	210	0
2715	204	0
2716	206	0
2717	194	0
2718	215	0
2719	228	0
2720	200	0
2721	187	0
2722	199	0
2723	202	0
2724	205	0
2725	212	0
2726	176	0
2727	182	0
2728	196	0
2729	191	0
2730	182	0
2731	217	0
2732	202	0
2733	190	0
2734	221	0
2735	224	0
2736	208	0
2737	207	0
2738	204	0
2739	178	0
2740	177	0
2741	178	0
2742	167	0
2743	191	0
2744	185	0
2745	173	0
2746	198	0
2747	201	0
2748	176	0
2749	165	0
2750	224	0
2751	188	0
2752	213	0
2753	207	0
2754	212	0
2755	200	0
2756	201	0
2757	209	0
2758	186	0
2759	185	0
2760	201	0
2761	202	0
2762	196	0
2763	200	0
2764	200	0
2765	189	0
2766	231	0
2767	215	0
2768	216	0
2769	193	0
2770	199	0
2771	205	0
2772	186	0
2773	201	0
2774	198	0
2775	205	0
2776	216	0
2777	203	0
2778	218	0
2779	183	0
2780	210	0
2781	203	0
2782	186	0
2783	210	0
2784	177	0
2785	203	0
2786	200	0
2787	216	0
2788	197	0
2789	178	0
2790	231	0
2791	184	0
2792	216	0
2793	199	0
2794	178	0
2795	197	0
2796	177	0
2797	195	0
2798	195	0
2799	204	0
2800	194	0
2801	193	0
2802	202	0
2803	207	0
2804	180	0
2805	193	0
2806	203	0
2807	193	0
2808	176	0
2809	222	0
2810	214	0
2811	189	0
2812	211	0
2813	207	0
2814	193	0
2815	203	0
2816	231	0
2817	205	0
2818	185	0
2819	189	0
2820	212	0
2821	193	0
2822	181	0
2823	191	0
2824	189	0
2825	188	0
2826	178	0
2827	195	0
2828	177	0
2829	188	0
2830	163	0
2831	196	0
2832	212	0
2833	221	0
2834	194	0
2835	213	0
2836	197	0
2837	192	0
2838	189	0
2839	187	0
2840	203	0
2841	165	0
2842	190	0
2843	208	0
2844	207	0
2845	219	0
2846	213	0
2847	206	0
2848	213	0
2849	190	0
2850	195	0
2851	184	0
2852	215	0
2853	179	0
2854	213	0
2855	220	0
2856	192	0
2857	208	0
2858	211	0
2859	181	0
2860	179	0
2861	203	0
2862	207	0
2863	209	0
2864	191	0
2865	196	0
2866	166	0
2867	199	0
2868	209	0
2869	188	0
2870	227	0
2871	195	0
2872	220	0
2873	211	0
2874	206	0
2875	176	0
2876	223	0
2877	216	0
2878	206	0
2879	186	0
2880	196	0
2881	197	0
2882	191	0
2883	191	0
2884	209	0
2885	225	0
2886	175	0
2887	204	0
2888	201	0
2889	169	0
2890	202	0
2891	187	0
2892	196	0
2893	175	0
2894	204	0
2895	185	0
2896	214	0
2897	193	0
2898	210	0
2899	187	0
2900	210	0
2901	198	0
2902	208	0
2903	202	0
2904	180	0
2905	185	0
2906	219	0
2907	195	0
2908	209	0
2909	170	0
2910	215	0
2911	228	0
2912	182	0
2913	201	0
2914	205	0
2915	187	0
2916	179	0
2917	194	0
2918	193	0
2919	191	0
2920	187	0
2921	186	0
2922	229	0
2923	219	0
2924	182	0
2925	192	0
2926	188	0
2927	203	0
2928	201	0
2929	175	0
2930	204	0
2931	209	0
2932	188	0
2933	206	0
2934	199	0
2935	206	0
2936	217	0
2937	187	0
2938	214	0
2939	190	0
2940	199	0
2941	197	0
2942	229	0
2943	199	0
2944	218	0
2945	198	0
2946	213	0
2947	226	0
2948	190	0
2949	186	0
2950	201	0
2951	205	0
2952	217	0
2953	173	0
2954	177	0
2955	220	0
2956	199	0
2957	206	0
2958	206	0
2959	236	0
2960	178	0
2961	189	0
2962	210	0
2963	209	0
2964	196	0
2965	184	0
2966	197	0
2967	211	0
2968	212	0
2969	176	0
2970	227	0
2971	214	0
2972	188	0
2973	188	0
2974	204	0
2975	217	0
2976	182	0
2977	200	0
2978	196	0
2979	213	0
2980	229	0
2981	168	0
2982	195	0
2983	195	0
2984	189	0
2985	232	0
2986	221	0
2987	182	0
2988	168	0
2989	208	0
2990	204	0
2991	218	0
2992	187	0
2993	215	0
2994	227	0
2995	210	0
2996	215	0
2997	187	0
2998	195	0
2999	221	0
3000	197	0
