1	191	0
2	198	0
3	184	0
4	190	0
5	204	0
6	186	0
7	206	0
8	188	0
9	197	0
10	194	0
11	220	0
12	187	0
13	172	0
14	220	0
15	218	0
16	196	0
17	204	0
18	160	0
19	195	0
20	195	0
21	203	0
22	204	0
23	182	0
24	194	0
25	230	0
26	210	0
27	203	0
28	191	0
29	214	0
30	192	0
31	184	0
32	202	0
33	221	0
34	197	0
35	204	0
36	187	0
37	208	0
38	192	0
39	211	0
40	175	0
41	205	0
42	196	0
43	203	0
44	208	0
45	187	0
46	185	0
47	180	0
48	212	0
49	174	0
50	211	0
51	187	0
52	206	0
53	205	0
54	223	0
55	210	0
56	196	0
57	210	0
58	172	0
59	209	0
60	201	0
61	185	0
62	177	0
63	188	0
64	197	0
65	205	0
66	197	0
67	168	0
68	207	0
69	218	0
70	213	0
71	190	0
72	194	0
73	201	0
74	225	0
75	197	0
76	229	0
77	188	0
78	204	0
79	193	0
80	219	0
81	174	0
82	201	0
83	191	0
84	175	0
85	196	0
86	216	0
87	219	0
88	214	0
89	222	0
90	171	0
91	203	0
92	198	0
93	201	0
94	195	0
95	181	0
96	191	0
97	209	0
98	188	0
99	183	0
100	189	0
101	204	0
102	209	0
103	238	0
104	187	0
105	205	0
106	209	0
107	187	0
108	200	0
109	199	0
110	202	0
111	178	0
112	202	0
113	186	0
114	202	0
115	194	0
116	174	0
117	202	0
118	195	0
119	224	0
120	205	0
121	175	0
122	187	0
123	219	0
124	202	0
125	182	0
126	176	0
127	219	0
128	202	0
129	196	0
130	213	0
131	188	0
132	210	0
133	190	0
134	207	0
135	215	0
136	212	0
137	181	0
138	220	0
139	186	0
140	186	0
141	203	0
142	223	0
143	206	0
144	168	0
145	190	0
146	211	0
147	199	0
148	175	0
149	189	0
150	230	0
151	202	0
152	219	0
153	196	0
154	219	0
155	185	0
156	185	0
157	206	0
158	209	0
159	196	0
160	197	0
161	200	0
162	206	0
163	201	0
164	195	0
165	204	0
166	219	0
167	176	0
168	180	0
169	193	0
170	211	0
171	196	0
172	209	0
173	211	0
174	180	0
175	197	0
176	215	0
177	169	0
178	193	0
179	192	0
180	212	0
181	188	0
182	222	0
183	194	0
184	182	0
185	200	0
186	202	0
187	211	0
188	214	0
189	214	0
190	182	0
191	219	0
192	215	0
193	198	0
194	194	0
195	190	0
196	193	0
197	193	0
198	186	0
199	204	0
200	199	0
201	204	0
202	203	0
203	205	0
204	206	0
205	189	0
206	225	0
207	227	0
208	188	0
209	217	0
210	190	0
211	199	0
212	195	0
213	185	0
214	211	0
215	192	0
216	205	0
217	209	0
218	175	0
219	183	0
220	183	0
221	203	0
222	233	0
223	190	0
224	204	0
225	239	0
226	200	0
227	191	0
228	207	0
229	194	0
230	230	0
231	192	0
232	217	0
233	199	0
234	204	0
235	226	0
236	189	0
237	206	0
238	183	0
239	218	0
240	209	0
241	170	0
242	188	0
243	199	0
244	225	0
245	198	0
246	201	0
247	219	0
248	212	0
249	195	0
250	207	0
251	192	0
252	185	0
253	209	0
254	208	0
255	208	0
256	179	0
257	198	0
258	191	0
259	183	0
260	211	0
261	193	0
262	193	0
263	193	0
264	206	0
265	216	0
266	203	0
267	204	0
268	224	0
269	200	0
270	192	0
271	183	0
272	177	0
273	197	0
274	227	0
275	186	0
276	208	0
277	197	0
278	199	0
279	210	0
280	196	0
281	196	0
282	210	0
283	184	0
284	206	0
285	199	0
286	216	0
287	173	0
288	183	0
289	177	0
290	179	0
291	184	0
292	182	0
293	207	0
294	220	0
295	212	0
296	208	0
297	220	0
298	207	0
299	205	0
300	182	0
301	167	0
302	200	0
303	186	0
304	187	0
305	191	0
306	179	0
307	181	0
308	179	0
309	190	0
310	193	0
311	206	0
312	190	0
313	176	0
314	212	0
315	213	0
316	193	0
317	176	0
318	204	0
319	236	0
320	214	0
321	191	0
322	191	0
323	204	0
324	207	0
325	201	0
326	229	0
327	188	0
328	229	0
329	168	0
330	183	0
331	205	0
332	192	0
333	188	0
334	196	0
335	184	0
336	193	0
337	189	0
338	210	0
339	206	0
340	200	0
341	201	0
342	197	0
343	224	0
344	203	0
345	178	0
346	201	0
347	209	0
348	202	0
349	210	0
350	182	0
351	200	0
352	209	0
353	195	0
354	200	0
355	185	0
356	206	0
357	201	0
358	200	0
359	190	0
360	196	0
361	199	0
362	196	0
363	178	0
364	226	0
365	191	0
366	187	0
367	196	0
368	209	0
369	217	0
370	202	0
371	202	0
372	176	0
373	194	0
374	213	0
375	224	0
376	205	0
377	190	0
378	175	0
379	215	0
380	215	0
381	198	0
382	209	0
383	201	0
384	205	0
385	200	0
386	197	0
387	182	0
388	216	0
389	209	0
390	201	0
391	196	0
392	211	0
393	212	0
394	212	0
395	215	0
396	201	0
397	206	0
398	216	0
399	162	0
400	194	0
401	188	0
402	203	0
403	199	0
404	185	0
405	193	0
406	194	0
407	172	0
408	248	0
409	220	0
410	210	0
411	205	0
412	217	0
413	192	0
414	194	0
415	178	0
416	183	0
417	215	0
418	181	0
419	187	0
420	184	0
421	181	0
422	204	0
423	198	0
424	172	0
425	185	0
426	216	0
427	184	0
428	209	0
429	181	0
430	196	0
431	187	0
432	195	0
433	196	0
434	206	0
435	176	0
436	188	0
437	226	0
438	173	0
439	200	0
440	199	0
441	212	0
442	217	0
443	202	0
444	172	0
445	225	0
446	183	0
447	188	0
448	188	0
449	192	0
450	212	0
451	199	0
452	207	0
453	209	0
454	196	0
455	222	0
456	180	0
457	190	0
458	228	0
459	177	0
460	230	0
461	199	0
462	189	0
463	181	0
464	184	0
465	214	0
466	193	0
467	196	0
468	178	0
469	206	0
470	182	0
471	222	0
472	199	0
473	189	0
474	179	0
475	209	0
476	204	0
477	195	0
478	199	0
479	215	0
480	205	0
481	209	0
482	202	0
483	184	0
484	204	0
485	199	0
486	205	0
487	195	0
488	223	0
489	216	0
490	224	0
491	201	0
492	196	0
493	214	0
494	200	0
495	221	0
496	223	0
497	191	0
498	215	0
499	205	0
500	178	0
501	176	0
502	218	0
503	214	0
504	238	0
505	197	0
506	227	0
507	199	0
508	213	0
509	202	0
510	221	0
511	218	0
512	190	0
513	190	0
514	200	0
515	212	0
516	190	0
517	181	0
518	210	0
519	199	0
520	195	0
521	214	0
522	209	0
523	186	0
524	168	0
525	208	0
526	210	0
527	214	0
528	208	0
529	205	0
530	199	0
531	214	0
532	202	0
533	218	0
534	201	0
535	191	0
536	191	0
537	213	0
538	200	0
539	202	0
540	188	0
541	185	0
542	203	0
543	192	0
544	186	0
545	193	0
546	200	0
547	185	0
548	193	0
549	202	0
550	199	0
551	199	0
552	204	0
553	189	0
554	202	0
555	201	0
556	202	0
557	174	0
558	205	0
559	187	0
560	186	0
561	189	0
562	196	0
563	202	0
564	192	0
565	196	0
566	239	0
567	211	0
568	186	0
569	199	0
570	204	0
571	221	0
572	214	0
573	190	0
574	204	0
575	202	0
576	200	0
577	195	0
578	198	0
579	214	0
580	189	0
581	210	0
582	221	0
583	196	0
584	189	0
585	197	0
586	212	0
587	205	0
588	166	0
589	183	0
590	210	0
591	202	0
592	188	0
593	196	0
594	177	0
595	213	0
596	221	0
597	210	0
598	232	0
599	205	0
600	200	0
601	205	0
602	202	0
603	204	0
604	209	0
605	170	0
606	194	0
607	215	0
608	200	0
609	204	0
610	213	0
611	194	0
612	198	0
613	191	0
614	189	0
615	206	0
616	203	0
617	204	0
618	207	0
619	186	0
620	211	0
621	196	0
622	183	0
623	186	0
624	198	0
625	188	0
626	195	0
627	190	0
628	182	0
629	191	0
630	211	0
631	175	0
632	200	0
633	184	0
634	214	0
635	179	0
636	193	0
637	227	0
638	217	0
639	176	0
640	201	0
641	195	0
642	157	0
643	185	0
644	190	0
645	236	0
646	218	0
647	219	0
648	184	0
649	204	0
650	204	0
651	182	0
652	206	0
653	194	0
654	203	0
655	188	0
656	194	0
657	215	0
658	223	0
659	224	0
660	196	0
661	209	0
662	190	0
663	205	0
664	189	0
665	182	0
666	176	0
667	186	0
668	199	0
669	178	0
670	188	0
671	206	0
672	171	0
673	189	0
674	209	0
675	194	0
676	185	0
677	201	0
678	187	0
679	206	0
680	207	0
681	202	0
682	191	0
683	179	0
684	203	0
685	230	0
686	211	0
687	219	0
688	177	0
689	203	0
690	221	0
691	202	0
692	196	0
693	195	0
694	178	0
695	191	0
696	210	0
697	214	0
698	205	0
699	210	0
700	202	0
701	203	0
702	193	0
703	183	0
704	211	0
705	188	0
706	220	0
707	214	0
708	178	0
709	186	0
710	205	0
711	214	0
712	205	0
713	228	0
714	199	0
715	220	0
716	204	0
717	215	0
718	190	0
719	192	0
720	212	0
721	196	0
722	211	0
723	197	0
724	197	0
725	232	0
726	223	0
727	189	0
728	222	0
729	218	0
730	196	0
731	188	0
732	190	0
733	197	0
734	193	0
735	203	0
736	228	0
737	213	0
738	227	0
739	216	0
740	193	0
741	195	0
742	212	0
743	181	0
744	195	0
745	236	0
746	227	0
747	191	0
748	180	0
749	192	0
750	190	0
751	194	0
752	202	0
753	182	0
754	204	0
755	218	0
756	195	0
757	222	0
758	206	0
759	207	0
760	201	0
761	180	0
762	204	0
763	185	0
764	219	0
765	213	0
766	205	0
767	210	0
768	216	0
769	204	0
770	205	0
771	163	0
772	223	0
773	213	0
774	204	0
775	196	0
776	212	0
777	189	0
778	197	0
779	206	0
780	205	0
781	184	0
782	173	0
783	211	0
784	193	0
785	198	0
786	204	0
787	179	0
788	194	0
789	204	0
790	211	0
791	204	0
792	184	0
793	196	0
794	192	0
795	180	0
796	182	0
797	170	0
798	183	0
799	210	0
800	199	0
801	221	0
802	225	0
803	201	0
804	208	0
805	230	0
806	187	0
807	209	0
808	226	0
809	185	0
810	186	0
811	176	0
812	211	0
813	212	0
814	209	0
815	174	0
816	208	0
817	211	0
818	191	0
819	198	0
820	209	0
821	202	0
822	189	0
823	218	0
824	186	0
825	177	0
826	194	0
827	200	0
828	177	0
829	187	0
830	192	0
831	203	0
832	210	0
833	218	0
834	176	0
835	213	0
836	166	0
837	201	0
838	214	0
839	190	0
840	190	0
841	187	0
842	205	0
843	199	0
844	178	0
845	219	0
846	199	0
847	222	0
848	187	0
849	162	0
850	189	0
851	215	0
852	189	0
853	200	0
854	173	0
855	173	0
856	210	0
857	178	0
858	195	0
859	190	0
860	180	0
861	170	0
862	211	0
863	218	0
864	223	0
865	187	0
866	198	0
867	202	0
868	206	0
869	192	0
870	195	0
871	196	0
872	192	0
873	210	0
874	201	0
875	182	0
876	183	0
877	200	0
878	210	0
879	173	0
880	188	0
881	208	0
882	218	0
883	189	0
884	176	0
885	214	0
886	186	0
887	204	0
888	213	0
889	186	0
890	200	0
891	192	0
892	198	0
893	191	0
894	216	0
895	186	0
896	206	0
897	192	0
898	209	0
899	191	0
900	200	0
901	180	0
902	193	0
903	201	0
904	203	0
905	226	0
906	176	0
907	195	0
908	185	0
909	208	0
910	180	0
911	191	0
912	215	0
913	178	0
914	185	0
915	191	0
916	196	0
917	166	0
918	178	0
919	198	0
920	186	0
921	193	0
922	195	0
923	175	0
924	191	0
925	187	0
926	209	0
927	177	0
928	202	0
929	202	0
930	186	0
931	190	0
932	217	0
933	194	0
934	186	0
935	212	0
936	215	0
937	212	0
938	210	0
939	199	0
940	207	0
941	210	0
942	193	0
943	177	0
944	202	0
945	189	0
946	210	0
947	202	0
948	203	0
949	196	0
950	193	0
951	170	0
952	175	0
953	194	0
954	193	0
955	213	0
956	197	0
957	198	0
958	207	0
959	207	0
960	206	0
961	200	0
962	206	0
963	203	0
964	197	0
965	188	0
966	183	0
967	233	0
968	207	0
969	184	0
970	190	0
971	163	0
972	205	0
973	201	0
974	199	0
975	195	0
976	219	0
977	224	0
978	188	0
979	208	0
980	178	0
981	198	0
982	188	0
983	193	0
984	187	0
985	219	0
986	205	0
987	209	0
988	210	0
989	175	0
990	209	0
991	186	0
992	195	0
993	170	0
994	199	0
995	213	0
996	195	0
997	188	0
998	193	0
999	189	0
1000	180	0
1001	214	0
1002	214	0
1003	235	0
1004	204	0
1005	192	0
1006	198	0
1007	204	0
1008	177	0
1009	195	0
1010	201	0
1011	211	0
1012	205	0
1013	203	0
1014	169	0
1015	209	0
1016	197	0
1017	191	0
1018	208	0
1019	200	0
1020	197	0
1021	208	0
1022	197	0
1023	203	0
1024	194	0
1025	223	0
1026	196	0
1027	222	0
1028	175	0
1029	212	0
1030	194	0
1031	203	0
1032	165	0
1033	178	0
1034	185	0
1035	205	0
1036	191	0
1037	213	0
1038	211	0
1039	171	0
1040	175	0
1041	191	0
1042	206	0
1043	148	0
1044	206	0
1045	178	0
1046	199	0
1047	172	0
1048	200	0
1049	217	0
1050	173	0
1051	197	0
1052	179	0
1053	196	0
1054	185	0
1055	223	0
1056	188	0
1057	192	0
1058	193	0
1059	207	0
1060	192	0
1061	212	0
1062	218	0
1063	189	0
1064	188	0
1065	224	0
1066	186	0
1067	220	0
1068	196	0
1069	192	0
1070	213	0
1071	212	0
1072	191	0
1073	177	0
1074	208	0
1075	203	0
1076	190	0
1077	201	0
1078	212	0
1079	202	0
1080	234	0
1081	208	0
1082	176	0
1083	209	0
1084	188	0
1085	180	0
1086	212	0
1087	194	0
1088	179	0
1089	195	0
1090	204	0
1091	195	0
1092	192	0
1093	198	0
1094	210	0
1095	188	0
1096	198	0
1097	196	0
1098	205	0
1099	188	0
1100	196	0
1101	176	0
1102	185	0
1103	200	0
1104	176	0
1105	191	0
1106	196	0
1107	178	0
1108	201	0
1109	179	0
1110	196	0
1111	178	0
1112	213	0
1113	212	0
1114	193	0
1115	222	0
1116	202	0
1117	172	0
1118	201	0
1119	191	0
1120	208	0
1121	211	0
1122	194	0
1123	215	0
1124	213	0
1125	208	0
1126	208	0
1127	206	0
1128	195	0
1129	197	0
1130	211	0
1131	183	0
1132	209	0
1133	199	0
1134	180	0
1135	213	0
1136	192	0
1137	183	0
1138	208	0
1139	200	0
1140	189	0
1141	212	0
1142	197	0
1143	195	0
1144	209	0
1145	199	0
1146	180	0
1147	189	0
1148	203	0
1149	195	0
1150	207	0
1151	177	0
1152	220	0
1153	219	0
1154	220	0
1155	204	0
1156	228	0
1157	208	0
1158	212	0
1159	181	0
1160	201	0
1161	177	0
1162	203	0
1163	181	0
1164	224	0
1165	194	0
1166	203	0
1167	199	0
1168	208	0
1169	184	0
1170	192	0
1171	200	0
1172	180	0
1173	188	0
1174	191	0
1175	211	0
1176	193	0
1177	159	0
1178	199	0
1179	193	0
1180	203	0
1181	164	0
1182	167	0
1183	214	0
1184	198	0
1185	220	0
1186	181	0
1187	198	0
1188	185	0
1189	203	0
1190	170	0
1191	219	0
1192	193	0
1193	191	0
1194	215	0
1195	205	0
1196	208	0
1197	168	0
1198	187	0
1199	193	0
1200	186	0
1201	198	0
1202	198	0
1203	157	0
1204	207	0
1205	181	0
1206	233	0
1207	208	0
1208	198	0
1209	189	0
1210	201	0
1211	188	0
1212	191	0
1213	218	0
1214	204	0
1215	173	0
1216	184	0
1217	195	0
1218	195	0
1219	208	0
1220	189	0
1221	181	0
1222	194	0
1223	216	0
1224	202	0
1225	198	0
1226	228	0
1227	216	0
1228	201	0
1229	208	0
1230	198	0
1231	192	0
1232	218	0
1233	212	0
1234	202	0
1235	201	0
1236	209	0
1237	178	0
1238	203	0
1239	219	0
1240	184	0
1241	201	0
1242	191	0
1243	197	0
1244	172	0
1245	189	0
1246	212	0
1247	209	0
1248	186	0
1249	186	0
1250	184	0
1251	203	0
1252	184	0
1253	186	0
1254	203	0
1255	200	0
1256	177	0
1257	200	0
1258	216	0
1259	198	0
1260	197	0
1261	197	0
1262	187	0
1263	219	0
1264	229	0
1265	168	0
1266	203	0
1267	197	0
1268	214	0
1269	172	0
1270	202	0
1271	214	0
1272	177	0
1273	198	0
1274	231	0
1275	199	0
1276	227	0
1277	201	0
1278	219	0
1279	191	0
1280	193	0
1281	184	0
1282	201	0
1283	224	0
1284	179	0
1285	212	0
1286	217	0
1287	209	0
1288	203	0
1289	201	0
1290	195	0
1291	205	0
1292	191	0
1293	191	0
1294	221	0
1295	205	0
1296	226	0
1297	199	0
1298	189	0
1299	223	0
1300	187	0
1301	193	0
1302	189	0
1303	197	0
1304	212	0
1305	195	0
1306	191	0
1307	218	0
1308	211	0
1309	220	0
1310	196	0
1311	208	0
1312	215	0
1313	190	0
1314	208	0
1315	169	0
1316	209	0
1317	190	0
1318	199	0
1319	202	0
1320	216	0
1321	204	0
1322	217	0
1323	204	0
1324	199	0
1325	193	0
1326	194	0
1327	214	0
1328	217	0
1329	174	0
1330	235	0
1331	220	0
1332	171	0
1333	198	0
1334	209	0
1335	212	0
1336	191	0
1337	186	0
1338	203	0
1339	182	0
1340	199	0
1341	190	0
1342	203	0
1343	210	0
1344	206	0
1345	179	0
1346	197	0
1347	179	0
1348	196	0
1349	203	0
1350	185	0
1351	199	0
1352	200	0
1353	201	0
1354	187	0
1355	182	0
1356	195	0
1357	185	0
1358	202	0
1359	200	0
1360	202	0
1361	221	0
1362	205	0
1363	196	0
1364	199	0
1365	204	0
1366	166	0
1367	187	0
1368	213	0
1369	198	0
1370	180	0
1371	197	0
1372	219	0
1373	172	0
1374	198	0
1375	205	0
1376	199	0
1377	183	0
1378	205	0
1379	223	0
1380	217	0
1381	208	0
1382	191	0
1383	205	0
1384	178	0
1385	180	0
1386	204	0
1387	210	0
1388	186	0
1389	195	0
1390	190	0
1391	201	0
1392	215	0
1393	199	0
1394	207	0
1395	184	0
1396	191	0
1397	201	0
1398	204	0
1399	191	0
1400	171	0
1401	193	0
1402	218	0
1403	201	0
1404	181	0
1405	226	0
1406	219	0
1407	182	0
1408	190	0
1409	183	0
1410	194	0
1411	208	0
1412	183	0
1413	160	0
1414	180	0
1415	193	0
1416	169	0
1417	190	0
1418	189	0
1419	175	0
1420	179	0
1421	204	0
1422	206	0
1423	201	0
1424	209	0
1425	206	0
1426	191	0
1427	195	0
1428	202	0
1429	202	0
1430	215	0
1431	208	0
1432	205	0
1433	197	0
1434	198	0
1435	192	0
1436	194	0
1437	215	0
1438	185	0
1439	199	0
1440	203	0
1441	205	0
1442	210	0
1443	188	0
1444	213	0
1445	167	0
1446	185	0
1447	199	0
1448	194	0
1449	219	0
1450	222	0
1451	189	0
1452	184	0
1453	205	0
1454	206	0
1455	199	0
1456	194	0
1457	209	0
1458	203	0
1459	199	0
1460	204	0
1461	191	0
1462	199	0
1463	186	0
1464	214	0
1465	161	0
1466	225	0
1467	175	0
1468	219	0
1469	177	0
1470	192	0
1471	219	0
1472	211	0
1473	198	0
1474	205	0
1475	195	0
1476	193	0
1477	193	0
1478	208	0
1479	215	0
1480	174	0
1481	183	0
1482	199	0
1483	167	0
1484	212	0
1485	174	0
1486	180	0
1487	222	0
1488	220	0
1489	195	0
1490	207	0
1491	202	0
1492	194	0
1493	213	0
1494	219	0
1495	217	0
1496	197	0
1497	196	0
1498	201	0
1499	181	0
1500	175	0
1501	186	0
1502	174	0
1503	177	0
1504	191	0
1505	202	0
1506	212	0
1507	200	0
1508	193	0
1509	185	0
1510	206	0
1511	191	0
1512	198	0
1513	191	0
1514	181	0
1515	195	0
1516	178	0
1517	197	0
1518	185	0
1519	198	0
1520	174	0
1521	209	0
1522	189	0
1523	197	0
1524	223	0
1525	191	0
1526	194	0
1527	223	0
1528	185	0
1529	189	0
1530	203	0
1531	200	0
1532	217	0
1533	231	0
1534	194	0
1535	192	0
1536	162	0
1537	194	0
1538	211	0
1539	197	0
1540	206	0
1541	177	0
1542	197	0
1543	243	0
1544	197	0
1545	172	0
1546	206	0
1547	210	0
1548	202	0
1549	165	0
1550	194	0
1551	210	0
1552	214	0
1553	167	0
1554	181	0
1555	168	0
1556	207	0
1557	189	0
1558	188	0
1559	212	0
1560	206	0
1561	220	0
1562	182	0
1563	191	0
1564	201	0
1565	193	0
1566	216	0
1567	210	0
1568	202	0
1569	198	0
1570	198	0
1571	195	0
1572	218	0
1573	185	0
1574	203	0
1575	196	0
1576	194	0
1577	192	0
1578	192	0
1579	221	0
1580	185	0
1581	206	0
1582	202	0
1583	181	0
1584	164	0
1585	198	0
1586	210	0
1587	212	0
1588	196	0
1589	214	0
1590	186	0
1591	198	0
1592	186	0
1593	236	0
1594	178	0
1595	180	0
1596	186	0
1597	195	0
1598	215	0
1599	192	0
1600	197	0
1601	201	0
1602	192	0
1603	207	0
1604	195	0
1605	217	0
1606	206	0
1607	226	0
1608	188	0
1609	186	0
1610	212	0
1611	177	0
1612	174	0
1613	200	0
1614	196	0
1615	233	0
1616	210	0
1617	213	0
1618	202	0
1619	197	0
1620	199	0
1621	188	0
1622	222	0
1623	211	0
1624	229	0
1625	201	0
1626	192	0
1627	204	0
1628	200	0
1629	188	0
1630	182	0
1631	194	0
1632	220	0
1633	220	0
1634	179	0
1635	207	0
1636	202	0
1637	173	0
1638	202	0
1639	239	0
1640	177	0
1641	179	0
1642	211	0
1643	204	0
1644	194	0
1645	208	0
1646	181	0
1647	239	0
1648	195	0
1649	185	0
1650	182	0
1651	176	0
1652	190	0
1653	205	0
1654	217	0
1655	176	0
1656	215	0
1657	211	0
1658	240	0
1659	215	0
1660	178	0
1661	200	0
1662	200	0
1663	207	0
1664	229	0
1665	209	0
1666	186	0
1667	176	0
1668	202	0
1669	174	0
1670	197	0
1671	184	0
1672	189	0
1673	221	0
1674	185	0
1675	171	0
1676	184	0
1677	214	0
1678	224	0
1679	187	0
1680	199	0
1681	198	0
1682	216	0
1683	220	0
1684	225	0
1685	197	0
1686	180	0
1687	208	0
1688	190	0
1689	184	0
1690	183	0
1691	236	0
1692	186	0
1693	193	0
1694	203	0
1695	195	0
1696	191	0
1697	210	0
1698	203	0
1699	205	0
1700	183	0
1701	204	0
1702	195	0
1703	200	0
1704	195	0
1705	193	0
1706	200	0
1707	176	0
1708	181	0
1709	172	0
1710	215	0
1711	197	0
1712	223	0
1713	211	0
1714	197	0
1715	201	0
1716	212	0
1717	219	0
1718	195	0
1719	198	0
1720	198	0
1721	210	0
1722	210	0
1723	212	0
1724	157	0
1725	201	0
1726	200	0
1727	207	0
1728	180	0
1729	174	0
1730	210	0
1731	187	0
1732	234	0
1733	191	0
1734	189	0
1735	214	0
1736	181	0
1737	173	0
1738	200	0
1739	158	0
1740	190	0
1741	186	0
1742	180	0
1743	186	0
1744	207	0
1745	232	0
1746	189	0
1747	200	0
1748	195	0
1749	182	0
1750	201	0
1751	230	0
1752	210	0
1753	183	0
1754	217	0
1755	201	0
1756	202	0
1757	194	0
1758	204	0
1759	194	0
1760	215	0
1761	207	0
1762	206	0
1763	206	0
1764	222	0
1765	203	0
1766	210	0
1767	222	0
1768	204	0
1769	180	0
1770	174	0
1771	211	0
1772	197	0
1773	182	0
1774	175	0
1775	189	0
1776	200	0
1777	189	0
1778	190	0
1779	195	0
1780	178	0
1781	201	0
1782	227	0
1783	180	0
1784	214	0
1785	193	0
1786	182	0
1787	195	0
1788	214	0
1789	223	0
1790	211	0
1791	210	0
1792	183	0
1793	215	0
1794	195	0
1795	205	0
1796	232	0
1797	208	0
1798	195	0
1799	213	0
1800	190	0
1801	186	0
1802	210	0
1803	196	0
1804	203	0
1805	192	0
1806	204	0
1807	216	0
1808	213	0
1809	230	0
1810	198	0
1811	188	0
1812	184	0
1813	196	0
1814	206	0
1815	191	0
1816	183	0
1817	203	0
1818	166	0
1819	206	0
1820	179	0
1821	199	0
1822	192	0
1823	235	0
1824	191	0
1825	208	0
1826	211	0
1827	212	0
1828	192	0
1829	192	0
1830	170	0
1831	185	0
1832	199	0
1833	197	0
1834	187	0
1835	196	0
1836	201	0
1837	212	0
1838	194	0
1839	189	0
1840	185	0
1841	186	0
1842	158	0
1843	188	0
1844	197	0
1845	193	0
1846	202	0
1847	206	0
1848	185	0
1849	178	0
1850	180	0
1851	219	0
1852	185	0
1853	195	0
1854	186	0
1855	198	0
1856	206	0
1857	221	0
1858	190	0
1859	206	0
1860	211	0
1861	202	0
1862	198	0
1863	198	0
1864	174	0
1865	169	0
1866	204	0
1867	197	0
1868	203	0
1869	189	0
1870	192	0
1871	209	0
1872	187	0
1873	186	0
1874	188	0
1875	193	0
1876	186	0
1877	222	0
1878	187	0
1879	193	0
1880	216	0
1881	178	0
1882	196	0
1883	200	0
1884	219	0
1885	197	0
1886	174	0
1887	183	0
1888	209	0
1889	171	0
1890	209	0
1891	202	0
1892	212	0
1893	206	0
1894	211	0
1895	194	0
1896	222	0
1897	202	0
1898	205	0
1899	203	0
1900	218	0
1901	216	0
1902	205	0
1903	185	0
1904	202	0
1905	180	0
1906	188	0
1907	191	0
1908	219	0
1909	199	0
1910	209	0
1911	213	0
1912	198	0
1913	210	0
1914	191	0
1915	191	0
1916	180	0
1917	205	0
1918	189	0
1919	203	0
1920	216	0
1921	189	0
1922	189	0
1923	186	0
1924	226	0
1925	174	0
1926	203	0
1927	190	0
1928	185	0
1929	202	0
1930	177	0
1931	202	0
1932	187	0
1933	198	0
1934	220	0
1935	230	0
1936	200	0
1937	198	0
1938	183	0
1939	201	0
1940	177	0
1941	220	0
1942	187	0
1943	173	0
1944	191	0
1945	190	0
1946	187	0
1947	211	0
1948	208	0
1949	206	0
1950	194	0
1951	204	0
1952	185	0
1953	188	0
1954	203	0
1955	178	0
1956	215	0
1957	188	0
1958	220	0
1959	196	0
1960	204	0
1961	193	0
1962	195	0
1963	205	0
1964	201	0
1965	212	0
1966	187	0
1967	200	0
1968	215	0
1969	206	0
1970	178	0
1971	225	0
1972	206	0
1973	200	0
1974	204	0
1975	172	0
1976	184	0
1977	209	0
1978	195	0
1979	221	0
1980	176	0
1981	167	0
1982	204	0
1983	198	0
1984	202	0
1985	202	0
1986	203	0
1987	210	0
1988	207	0
1989	184	0
1990	246	0
1991	187	0
1992	219	0
1993	196	0
1994	181	0
1995	192	0
1996	198	0
1997	192	0
1998	209	0
1999	205	0
2000	177	0
2001	185	0
2002	193	0
2003	196	0
2004	193	0
2005	221	0
2006	188	0
2007	183	0
2008	206	0
2009	201	0
2010	175	0
2011	216	0
2012	193	0
2013	194	0
2014	204	0
2015	196	0
2016	205	0
2017	196	0
2018	200	0
2019	190	0
2020	213	0
2021	181	0
2022	205	0
2023	212	0
2024	183	0
2025	207	0
2026	193	0
2027	178	0
2028	198	0
2029	211	0
2030	211	0
2031	219	0
2032	221	0
2033	182	0
2034	204	0
2035	186	0
2036	187	0
2037	172	0
2038	177	0
2039	198	0
2040	188	0
2041	193	0
2042	180	0
2043	200	0
2044	186	0
2045	215	0
2046	206	0
2047	193	0
2048	185	0
2049	199	0
2050	210	0
2051	198	0
2052	199	0
2053	191	0
2054	185	0
2055	209	0
2056	196	0
2057	196	0
2058	180	0
2059	216	0
2060	191	0
2061	192	0
2062	210	0
2063	196	0
2064	183	0
2065	207	0
2066	209	0
2067	180	0
2068	188	0
2069	213	0
2070	209	0
2071	208	0
2072	188	0
2073	198	0
2074	178	0
2075	207	0
2076	193	0
2077	201	0
2078	216	0
2079	187	0
2080	198	0
2081	206	0
2082	174	0
2083	204	0
2084	214	0
2085	188	0
2086	190	0
2087	212	0
2088	190	0
2089	179	0
2090	200	0
2091	217	0
2092	203	0
2093	212	0
2094	215	0
2095	186	0
2096	196	0
2097	197	0
2098	213	0
2099	210	0
2100	177	0
2101	202	0
2102	192	0
2103	214	0
2104	228	0
2105	208	0
2106	205	0
2107	191	0
2108	218	0
2109	185	0
2110	201	0
2111	198	0
2112	192	0
2113	196	0
2114	192	0
2115	185	0
2116	178	0
2117	215	0
2118	214	0
2119	203	0
2120	193	0
2121	194	0
2122	213	0
2123	186	0
2124	215	0
2125	207	0
2126	178	0
2127	186	0
2128	178	0
2129	206	0
2130	175	0
2131	221	0
2132	190	0
2133	178	0
2134	215	0
2135	185	0
2136	228	0
2137	227	0
2138	218	0
2139	201	0
2140	167	0
2141	219	0
2142	209	0
2143	191	0
2144	198	0
2145	200	0
2146	193	0
2147	217	0
2148	215	0
2149	208	0
2150	210	0
2151	190	0
2152	190	0
2153	170	0
2154	172	0
2155	204	0
2156	173	0
2157	219	0
2158	210	0
2159	220	0
2160	196	0
2161	203	0
2162	192	0
2163	195	0
2164	200	0
2165	181	0
2166	203	0
2167	198	0
2168	179	0
2169	175	0
2170	197	0
2171	211	0
2172	215	0
2173	225	0
2174	193	0
2175	184	0
2176	188	0
2177	201	0
2178	217	0
2179	194	0
2180	223	0
2181	207	0
2182	193	0
2183	197	0
2184	179	0
2185	193	0
2186	191	0
2187	178	0
2188	202	0
2189	226	0
2190	221	0
2191	199	0
2192	223	0
2193	167	0
2194	195	0
2195	201	0
2196	199	0
2197	197	0
2198	169	0
2199	182	0
2200	210	0
2201	204	0
2202	199	0
2203	209	0
2204	195	0
2205	201	0
2206	192	0
2207	197	0
2208	176	0
2209	183	0
2210	191	0
2211	215	0
2212	171	0
2213	191	0
2214	200	0
2215	192	0
2216	188	0
2217	199	0
2218	210	0
2219	216	0
2220	200	0
2221	211	0
2222	213	0
2223	186	0
2224	203	0
2225	190	0
2226	202	0
2227	194	0
2228	214	0
2229	211	0
2230	220	0
2231	199	0
2232	199	0
2233	195	0
2234	224	0
2235	191	0
2236	207	0
2237	186	0
2238	199	0
2239	199	0
2240	189	0
2241	182	0
2242	205	0
2243	214	0
2244	165	0
2245	197	0
2246	201	0
2247	196	0
2248	195	0
2249	172	0
2250	202	0
2251	209	0
2252	207	0
2253	194	0
2254	210	0
2255	206	0
2256	206	0
2257	200	0
2258	201	0
2259	210	0
2260	192	0
2261	218	0
2262	191	0
2263	193	0
2264	209	0
2265	201	0
2266	223	0
2267	198	0
2268	208	0
2269	225	0
2270	216	0
2271	176	0
2272	186	0
2273	197	0
2274	191	0
2275	189	0
2276	202	0
2277	199	0
2278	194	0
2279	198	0
2280	218	0
2281	213	0
2282	166	0
2283	193	0
2284	210	0
2285	203	0
2286	196	0
2287	201	0
2288	182	0
2289	195	0
2290	212	0
2291	200	0
2292	164	0
2293	187	0
2294	203	0
2295	201	0
2296	196	0
2297	205	0
2298	220	0
2299	202	0
2300	203	0
2301	198	0
2302	223	0
2303	203	0
2304	197	0
2305	167	0
2306	210	0
2307	202	0
2308	210	0
2309	201	0
2310	219	0
2311	213	0
2312	215	0
2313	194	0
2314	213	0
2315	186	0
2316	202	0
2317	186	0
2318	190	0
2319	209	0
2320	193	0
2321	185	0
2322	224	0
2323	206	0
2324	193	0
2325	196	0
2326	201	0
2327	197	0
2328	203	0
2329	216	0
2330	207	0
2331	203	0
2332	196	0
2333	211	0
2334	205	0
2335	182	0
2336	211	0
2337	233	0
2338	212	0
2339	216	0
2340	175	0
2341	183	0
2342	205	0
2343	220	0
2344	187	0
2345	209	0
2346	206	0
2347	197	0
2348	197	0
2349	212	0
2350	203	0
2351	217	0
2352	200	0
2353	220	0
2354	190	0
2355	212	0
2356	190	0
2357	191	0
2358	212	0
2359	191	0
2360	188	0
2361	187	0
2362	204	0
2363	190	0
2364	188	0
2365	178	0
2366	208	0
2367	194	0
2368	201	0
2369	196	0
2370	184	0
2371	212	0
2372	213	0
2373	214	0
2374	194	0
2375	187	0
2376	221	0
2377	192	0
2378	198	0
2379	221	0
2380	206	0
2381	201	0
2382	201	0
2383	181	0
2384	192	0
2385	189	0
2386	185	0
2387	214	0
2388	212	0
2389	219	0
2390	227	0
2391	213	0
2392	189	0
2393	204	0
2394	214	0
2395	202	0
2396	225	0
2397	197	0
2398	195	0
2399	200	0
2400	211	0
2401	188	0
2402	183	0
2403	200	0
2404	189	0
2405	183	0
2406	209	0
2407	176	0
2408	219	0
2409	193	0
2410	201	0
2411	192	0
2412	216	0
2413	202	0
2414	193	0
2415	213	0
2416	215	0
2417	222	0
2418	191	0
2419	192	0
2420	207	0
2421	194	0
2422	197	0
2423	202	0
2424	207	0
2425	180	0
2426	182	0
2427	180	0
2428	200	0
2429	203	0
2430	201	0
2431	195	0
2432	203	0
2433	192	0
2434	196	0
2435	223	0
2436	226	0
2437	189	0
2438	209	0
2439	221	0
2440	193	0
2441	187	0
2442	203	0
2443	210	0
2444	194	0
2445	201	0
2446	184	0
2447	200	0
2448	187	0
2449	205	0
2450	217	0
2451	211	0
2452	193	0
2453	209	0
2454	179	0
2455	209	0
2456	198	0
2457	209	0
2458	196	0
2459	212	0
2460	164	0
2461	219	0
2462	188	0
2463	200	0
2464	197	0
2465	189	0
2466	194	0
2467	178	0
2468	172	0
2469	186	0
2470	234	0
2471	209	0
2472	199	0
2473	190	0
2474	185	0
2475	223	0
2476	218	0
2477	220	0
2478	208	0
2479	195	0
2480	199	0
2481	236	0
2482	211	0
2483	191	0
2484	193	0
2485	165	0
2486	208	0
2487	192	0
2488	203	0
2489	225	0
2490	208	0
2491	211	0
2492	182	0
2493	216	0
2494	193	0
2495	185	0
2496	190	0
2497	219	0
2498	184	0
2499	193	0
2500	194	0
2501	198	0
2502	186	0
2503	197	0
2504	199	0
2505	196	0
2506	192	0
2507	197	0
2508	185	0
2509	202	0
2510	201	0
2511	178	0
2512	221	0
2513	195	0
2514	212	0
2515	176	0
2516	209	0
2517	207	0
2518	205	0
2519	206	0
2520	203	0
2521	199	0
2522	208	0
2523	207	0
2524	210	0
2525	174	0
2526	200	0
2527	201	0
2528	204	0
2529	190	0
2530	220	0
2531	164	0
2532	200	0
2533	187	0
2534	179	0
2535	194	0
2536	188	0
2537	212	0
2538	186	0
2539	196	0
2540	205	0
2541	184	0
2542	201	0
2543	195	0
2544	212	0
2545	196	0
2546	181	0
2547	203	0
2548	196	0
2549	187	0
2550	197	0
2551	204	0
2552	190	0
2553	211	0
2554	184	0
2555	183	0
2556	200	0
2557	204	0
2558	213	0
2559	215	0
2560	198	0
2561	210	0
2562	190	0
2563	214	0
2564	177	0
2565	200	0
2566	190	0
2567	209	0
2568	206	0
2569	217	0
2570	206	0
2571	208	0
2572	192	0
2573	209	0
2574	230	0
2575	189	0
2576	193	0
2577	197	0
2578	216	0
2579	220	0
2580	171	0
2581	217	0
2582	206	0
2583	203	0
2584	217	0
2585	223	0
2586	202	0
2587	192	0
2588	201	0
2589	191	0
2590	199	0
2591	241	0
2592	210	0
2593	212	0
2594	201	0
2595	192	0
2596	205	0
2597	189	0
2598	201	0
2599	212	0
2600	207	0
2601	213	0
2602	210	0
2603	186	0
2604	178	0
2605	185	0
2606	200	0
2607	206	0
2608	202	0
2609	212	0
2610	187	0
2611	202	0
2612	205	0
2613	204	0
2614	220	0
2615	179	0
2616	240	0
2617	205	0
2618	186	0
2619	191	0
2620	220	0
2621	194	0
2622	220	0
2623	184	0
2624	192	0
2625	190	0
2626	191	0
2627	201	0
2628	193	0
2629	193	0
2630	184	0
2631	214	0
2632	193	0
2633	181	0
2634	183	0
2635	191	0
2636	194	0
2637	199	0
2638	176	0
2639	186	0
2640	232	0
2641	176	0
2642	184	0
2643	218	0
2644	186	0
2645	207	0
2646	174	0
2647	223	0
2648	197	0
2649	197	0
2650	202	0
2651	178	0
2652	203	0
2653	216	0
2654	198	0
2655	214	0
2656	227	0
2657	206	0
2658	191	0
2659	185	0
2660	209	0
2661	180	0
2662	194	0
2663	219	0
2664	217	0
2665	233	0
2666	202	0
2667	203	0
2668	193	0
2669	209	0
2670	192	0
2671	215	0
2672	188	0
2673	181	0
2674	187	0
2675	213	0
2676	211	0
2677	221	0
2678	191	0
2679	182	0
2680	174	0
2681	177	0
2682	184	0
2683	201	0
2684	195	0
2685	179	0
2686	203	0
2687	186	0
2688	201	0
2689	212	0
2690	177	0
2691	205	0
2692	173	0
2693	197	0
2694	204	0
2695	206	0
2696	199	0
2697	202	0
2698	193	0
2699	213	0
2700	223	0
2701	189	0
2702	214	0
2703	190	0
2704	194	0
2705	187	0
2706	202	0
2707	180	0
2708	197	0
2709	171	0
2710	164	0
2711	205	0
2712	183	0
2713	202	0
2714	182	0
2715	227	0
2716	228	0
2717	209	0
2718	199	0
2719	208	0
2720	192	0
2721	188	0
2722	183	0
2723	190	0
2724	195	0
2725	218	0
2726	197	0
2727	195	0
2728	216	0
2729	207	0
2730	214	0
2731	237	0
2732	201	0
2733	206	0
2734	191	0
2735	194	0
2736	193	0
2737	211	0
2738	214	0
2739	202	0
2740	220	0
2741	209	0
2742	200	0
2743	194	0
2744	182	0
2745	182	0
2746	227	0
2747	210	0
2748	187	0
2749	187	0
2750	171	0
2751	203	0
2752	199	0
2753	207	0
2754	210	0
2755	200	0
2756	213	0
2757	181	0
2758	210	0
2759	168	0
2760	190	0
2761	192	0
2762	179	0
2763	210	0
2764	206	0
2765	198	0
2766	192	0
2767	226	0
2768	185	0
2769	202	0
2770	196	0
2771	202	0
2772	212	0
2773	210	0
2774	210	0
2775	190	0
2776	173	0
2777	208	0
2778	176	0
2779	202	0
2780	203	0
2781	198	0
2782	179	0
2783	204	0
2784	187	0
2785	212	0
2786	198	0
2787	200	0
2788	171	0
2789	201	0
2790	209	0
2791	175	0
2792	198	0
2793	209	0
2794	177	0
2795	188	0
2796	189	0
2797	166	0
2798	175	0
2799	208	0
2800	185	0
2801	216	0
2802	219	0
2803	192	0
2804	188	0
2805	205	0
2806	197	0
2807	209	0
2808	188	0
2809	195	0
2810	217	0
2811	214	0
2812	196	0
2813	180	0
2814	212	0
2815	187	0
2816	208	0
2817	224	0
2818	195	0
2819	201	0
2820	188	0
2821	190	0
2822	194	0
2823	211	0
2824	207	0
2825	222	0
2826	189	0
2827	197	0
2828	199	0
2829	198	0
2830	200	0
2831	173	0
2832	177	0
2833	212	0
2834	190	0
2835	231	0
2836	203	0
2837	207	0
2838	183	0
2839	187	0
2840	218	0
2841	194	0
2842	200	0
2843	221	0
2844	247	0
2845	179	0
2846	191	0
2847	192	0
2848	183	0
2849	184	0
2850	182	0
2851	218	0
2852	188	0
2853	174	0
2854	184	0
2855	212	0
2856	204	0
2857	198	0
2858	232	0
2859	188	0
2860	206	0
2861	213	0
2862	181	0
2863	199	0
2864	189	0
2865	209	0
2866	211	0
2867	195	0
2868	195	0
2869	200	0
2870	188	0
2871	204	0
2872	203	0
2873	216	0
2874	221	0
2875	193	0
2876	197	0
2877	206	0
2878	193	0
2879	182	0
2880	201	0
2881	182	0
2882	182	0
2883	219	0
2884	196	0
2885	203	0
2886	186	0
2887	211	0
2888	161	0
2889	200	0
2890	220	0
2891	196	0
2892	213	0
2893	199	0
2894	202	0
2895	199	0
2896	205	0
2897	197	0
2898	184	0
2899	248	0
2900	192	0
2901	189	0
2902	177	0
2903	191	0
2904	201	0
2905	201	0
2906	207	0
2907	206	0
2908	201	0
2909	213	0
2910	208	0
2911	185	0
2912	203	0
2913	219	0
2914	192	0
2915	180	0
2916	196	0
2917	194	0
2918	179	0
2919	211	0
2920	185	0
2921	211	0
2922	203	0
2923	190	0
2924	213	0
2925	189	0
2926	216	0
2927	228	0
2928	181	0
2929	185	0
2930	208	0
2931	214	0
2932	210	0
2933	185	0
2934	202	0
2935	203	0
2936	230	0
2937	202	0
2938	182	0
2939	185	0
2940	209	0
2941	206	0
2942	212	0
2943	180	0
2944	211	0
2945	200	0
2946	192	0
2947	181	0
2948	224	0
2949	207	0
2950	212	0
2951	198	0
2952	183	0
2953	198	0
2954	195	0
2955	184	0
2956	194	0
2957	226	0
2958	198	0
2959	185	0
2960	195	0
2961	191	0
2962	184	0
2963	176	0
2964	209	0
2965	210	0
2966	204	0
2967	220	0
2968	211	0
2969	221	0
2970	199	0
2971	207	0
2972	199	0
2973	210	0
2974	200	0
2975	195	0
2976	210	0
2977	185	0
2978	217	0
2979	194	0
2980	199	0
2981	179	0
2982	213	0
2983	221	0
2984	205	0
2985	198	0
2986	186	0
2987	166	0
2988	204	0
2989	222	0
2990	194	0
2991	192	0
2992	208	0
2993	190	0
2994	212	0
2995	197	0
2996	234	0
2997	184	0
2998	210	0
2999	227	0
3000	222	0
