1	211	0
2	193	0
3	180	0
4	210	0
5	189	0
6	183	0
7	179	0
8	208	0
9	197	0
10	203	0
11	184	0
12	202	0
13	198	0
14	221	0
15	199	0
16	177	0
17	209	0
18	188	0
19	210	0
20	190	0
21	219	0
22	206	0
23	187	0
24	189	0
25	185	0
26	199	0
27	207	0
28	208	0
29	213	0
30	209	0
31	200	0
32	169	0
33	178	0
34	196	0
35	207	0
36	186	0
37	192	0
38	200	0
39	174	0
40	222	0
41	201	0
42	184	0
43	190	0
44	194	0
45	194	0
46	196	0
47	200	0
48	213	0
49	184	0
50	222	0
51	187	0
52	216	0
53	197	0
54	191	0
55	166	0
56	207	0
57	208	0
58	203	0
59	208	0
60	184	0
61	194	0
62	195	0
63	208	0
64	196	0
65	204	0
66	217	0
67	205	0
68	182	0
69	206	0
70	190	0
71	205	0
72	201	0
73	190	0
74	197	0
75	196	0
76	177	0
77	186	0
78	196	0
79	179	0
80	189	0
81	225	0
82	148	0
83	188	0
84	219	0
85	225	0
86	196	0
87	187	0
88	226	0
89	226	0
90	192	0
91	225	0
92	194	0
93	208	0
94	159	0
95	197	0
96	218	0
97	217	0
98	220	0
99	205	0
100	197	0
101	206	0
102	197	0
103	188	0
104	215	0
105	172	0
106	197	0
107	200	0
108	180	0
109	223	0
110	204	0
111	185	0
112	184	0
113	204	0
114	198	0
115	189	0
116	179	0
117	195	0
118	211	0
119	200	0
120	197	0
121	195	0
122	202	0
123	183	0
124	206	0
125	170	0
126	198	0
127	212	0
128	202	0
129	209	0
130	218	0
131	198	0
132	223	0
133	188	0
134	190	0
135	215	0
136	200	0
137	188	0
138	200	0
139	162	0
140	200	0
141	177	0
142	200	0
143	200	0
144	201	0
145	193	0
146	214	0
147	178	0
148	191	0
149	193	0
150	208	0
151	206	0
152	223	0
153	185	0
154	183	0
155	181	0
156	187	0
157	194	0
158	198	0
159	200	0
160	204	0
161	187	0
162	190	0
163	188	0
164	195	0
165	215	0
166	190	0
167	192	0
168	184	0
169	200	0
170	221	0
171	214	0
172	217	0
173	186	0
174	237	0
175	176	0
176	194	0
177	197	0
178	204	0
179	192	0
180	204	0
181	188	0
182	190	0
183	207	0
184	190	0
185	190	0
186	215	0
187	212	0
188	193	0
189	197	0
190	197	0
191	200	0
192	206	0
193	225	0
194	192	0
195	207	0
196	203	0
197	183	0
198	230	0
199	181	0
200	201	0
201	210	0
202	205	0
203	173	0
204	213	0
205	194	0
206	188	0
207	206	0
208	197	0
209	186	0
210	195	0
211	197	0
212	203	0
213	211	0
214	204	0
215	208	0
216	196	0
217	202	0
218	212	0
219	181	0
220	212	0
221	175	0
222	191	0
223	193	0
224	195	0
225	221	0
226	198	0
227	203	0
228	173	0
229	171	0
230	200	0
231	216	0
232	184	0
233	199	0
234	182	0
235	196	0
236	184	0
237	192	0
238	194	0
239	215	0
240	210	0
241	214	0
242	238	0
243	185	0
244	197	0
245	193	0
246	205	0
247	199	0
248	177	0
249	199	0
250	189	0
251	192	0
252	203	0
253	188	0
254	165	0
255	195	0
256	222	0
257	225	0
258	213	0
259	199	0
260	196	0
261	216	0
262	190	0
263	215	0
264	199	0
265	201	0
266	203	0
267	196	0
268	190	0
269	204	0
270	181	0
271	208	0
272	196	0
273	200	0
274	213	0
275	193	0
276	204	0
277	190	0
278	202	0
279	198	0
280	191	0
281	193	0
282	204	0
283	230	0
284	174	0
285	204	0
286	166	0
287	212	0
288	212	0
289	202	0
290	182	0
291	178	0
292	196	0
293	214	0
294	191	0
295	192	0
296	189	0
297	214	0
298	212	0
299	217	0
300	214	0
301	200	0
302	208	0
303	171	0
304	179	0
305	192	0
306	207	0
307	206	0
308	175	0
309	196	0
310	185	0
311	209	0
312	191	0
313	213	0
314	221	0
315	182	0
316	195	0
317	208	0
318	199	0
319	197	0
320	206	0
321	237	0
322	194	0
323	187	0
324	216	0
325	194	0
326	198	0
327	209	0
328	176	0
329	199	0
330	202	0
331	189	0
332	175	0
333	194	0
334	207	0
335	204	0
336	189	0
337	234	0
338	198	0
339	210	0
340	206	0
341	198	0
342	195	0
343	213	0
344	196	0
345	202	0
346	190	0
347	217	0
348	190	0
349	193	0
350	207	0
351	197	0
352	182	0
353	212	0
354	216	0
355	193	0
356	197	0
357	213	0
358	184	0
359	212	0
360	188	0
361	200	0
362	188	0
363	196	0
364	208	0
365	220	0
366	189	0
367	225	0
368	184	0
369	223	0
370	203	0
371	192	0
372	201	0
373	208	0
374	221	0
375	210	0
376	200	0
377	189	0
378	175	0
379	189	0
380	196	0
381	184	0
382	185	0
383	219	0
384	211	0
385	214	0
386	204	0
387	180	0
388	190	0
389	186	0
390	202	0
391	177	0
392	205	0
393	193	0
394	198	0
395	200	0
396	248	0
397	224	0
398	167	0
399	196	0
400	206	0
401	182	0
402	210	0
403	201	0
404	223	0
405	202	0
406	199	0
407	189	0
408	193	0
409	188	0
410	200	0
411	194	0
412	184	0
413	198	0
414	171	0
415	197	0
416	216	0
417	202	0
418	206	0
419	196	0
420	209	0
421	205	0
422	173	0
423	192	0
424	197	0
425	195	0
426	198	0
427	199	0
428	197	0
429	204	0
430	207	0
431	201	0
432	164	0
433	213	0
434	183	0
435	206	0
436	204	0
437	210	0
438	189	0
439	206	0
440	205	0
441	185	0
442	204	0
443	204	0
444	203	0
445	178	0
446	186	0
447	198	0
448	188	0
449	217	0
450	213	0
451	188	0
452	194	0
453	214	0
454	208	0
455	198	0
456	204	0
457	200	0
458	193	0
459	197	0
460	208	0
461	206	0
462	202	0
463	207	0
464	199	0
465	198	0
466	221	0
467	195	0
468	203	0
469	211	0
470	204	0
471	200	0
472	184	0
473	202	0
474	210	0
475	206	0
476	189	0
477	201	0
478	201	0
479	182	0
480	171	0
481	203	0
482	191	0
483	195	0
484	198	0
485	203	0
486	202	0
487	202	0
488	193	0
489	199	0
490	175	0
491	198	0
492	196	0
493	192	0
494	193	0
495	193	0
496	189	0
497	189	0
498	210	0
499	210	0
500	202	0
501	192	0
502	196	0
503	175	0
504	199	0
505	190	0
506	181	0
507	183	0
508	188	0
509	197	0
510	217	0
511	224	0
512	189	0
513	214	0
514	194	0
515	203	0
516	197	0
517	210	0
518	211	0
519	215	0
520	195	0
521	223	0
522	229	0
523	213	0
524	191	0
525	195	0
526	198	0
527	220	0
528	219	0
529	216	0
530	178	0
531	195	0
532	209	0
533	215	0
534	184	0
535	216	0
536	190	0
537	187	0
538	204	0
539	180	0
540	192	0
541	185	0
542	213	0
543	217	0
544	183	0
545	199	0
546	231	0
547	192	0
548	182	0
549	228	0
550	200	0
551	208	0
552	199	0
553	222	0
554	177	0
555	183	0
556	182	0
557	211	0
558	204	0
559	196	0
560	200	0
561	206	0
562	186	0
563	192	0
564	168	0
565	193	0
566	209	0
567	201	0
568	204	0
569	190	0
570	189	0
571	187	0
572	194	0
573	206	0
574	186	0
575	196	0
576	197	0
577	226	0
578	211	0
579	206	0
580	184	0
581	179	0
582	188	0
583	200	0
584	198	0
585	197	0
586	173	0
587	206	0
588	229	0
589	222	0
590	191	0
591	204	0
592	178	0
593	199	0
594	221	0
595	216	0
596	198	0
597	184	0
598	225	0
599	186	0
600	208	0
601	191	0
602	205	0
603	187	0
604	196	0
605	183	0
606	206	0
607	209	0
608	192	0
609	188	0
610	205	0
611	200	0
612	188	0
613	188	0
614	194	0
615	212	0
616	198	0
617	201	0
618	198	0
619	212	0
620	216	0
621	199	0
622	185	0
623	196	0
624	185	0
625	185	0
626	203	0
627	202	0
628	192	0
629	196	0
630	238	0
631	188	0
632	199	0
633	180	0
634	187	0
635	209	0
636	185	0
637	234	0
638	206	0
639	181	0
640	191	0
641	215	0
642	184	0
643	188	0
644	193	0
645	209	0
646	211	0
647	197	0
648	195	0
649	170	0
650	198	0
651	175	0
652	192	0
653	174	0
654	205	0
655	214	0
656	183	0
657	170	0
658	204	0
659	172	0
660	220	0
661	212	0
662	191	0
663	190	0
664	203	0
665	192	0
666	199	0
667	182	0
668	209	0
669	209	0
670	188	0
671	197	0
672	219	0
673	206	0
674	178	0
675	203	0
676	211	0
677	185	0
678	206	0
679	215	0
680	223	0
681	180	0
682	189	0
683	202	0
684	193	0
685	212	0
686	186	0
687	189	0
688	208	0
689	193	0
690	195	0
691	225	0
692	178	0
693	195	0
694	186	0
695	195	0
696	214	0
697	178	0
698	210	0
699	198	0
700	211	0
701	205	0
702	211	0
703	203	0
704	199	0
705	229	0
706	206	0
707	221	0
708	194	0
709	195	0
710	215	0
711	199	0
712	200	0
713	171	0
714	213	0
715	194	0
716	176	0
717	165	0
718	186	0
719	199	0
720	207	0
721	237	0
722	199	0
723	205	0
724	191	0
725	215	0
726	200	0
727	193	0
728	201	0
729	191	0
730	209	0
731	204	0
732	196	0
733	184	0
734	210	0
735	221	0
736	206	0
737	197	0
738	204	0
739	188	0
740	175	0
741	202	0
742	176	0
743	211	0
744	194	0
745	203	0
746	196	0
747	198	0
748	195	0
749	183	0
750	196	0
751	187	0
752	203	0
753	200	0
754	182	0
755	206	0
756	177	0
757	189	0
758	171	0
759	200	0
760	206	0
761	210	0
762	200	0
763	184	0
764	197	0
765	206	0
766	212	0
767	188	0
768	189	0
769	169	0
770	174	0
771	195	0
772	201	0
773	204	0
774	172	0
775	206	0
776	185	0
777	192	0
778	184	0
779	220	0
780	196	0
781	194	0
782	207	0
783	207	0
784	221	0
785	191	0
786	211	0
787	211	0
788	198	0
789	205	0
790	197	0
791	179	0
792	209	0
793	179	0
794	165	0
795	232	0
796	197	0
797	195	0
798	208	0
799	195	0
800	185	0
801	209	0
802	180	0
803	196	0
804	187	0
805	186	0
806	230	0
807	188	0
808	186	0
809	218	0
810	193	0
811	214	0
812	185	0
813	181	0
814	232	0
815	213	0
816	190	0
817	217	0
818	189	0
819	211	0
820	227	0
821	207	0
822	198	0
823	183	0
824	190	0
825	205	0
826	167	0
827	175	0
828	204	0
829	189	0
830	205	0
831	185	0
832	207	0
833	202	0
834	193	0
835	184	0
836	171	0
837	200	0
838	198	0
839	194	0
840	199	0
841	182	0
842	196	0
843	215	0
844	188	0
845	232	0
846	182	0
847	208	0
848	189	0
849	186	0
850	204	0
851	207	0
852	205	0
853	220	0
854	203	0
855	187	0
856	203	0
857	202	0
858	175	0
859	213	0
860	202	0
861	221	0
862	205	0
863	197	0
864	194	0
865	194	0
866	204	0
867	215	0
868	201	0
869	188	0
870	186	0
871	229	0
872	204	0
873	193	0
874	164	0
875	192	0
876	196	0
877	167	0
878	184	0
879	202	0
880	196	0
881	185	0
882	181	0
883	200	0
884	214	0
885	212	0
886	180	0
887	195	0
888	201	0
889	199	0
890	176	0
891	197	0
892	227	0
893	200	0
894	192	0
895	197	0
896	198	0
897	169	0
898	213	0
899	185	0
900	187	0
901	210	0
902	186	0
903	190	0
904	220	0
905	196	0
906	206	0
907	203	0
908	197	0
909	193	0
910	224	0
911	196	0
912	199	0
913	197	0
914	218	0
915	205	0
916	174	0
917	201	0
918	187	0
919	173	0
920	176	0
921	176	0
922	194	0
923	196	0
924	199	0
925	202	0
926	206	0
927	196	0
928	204	0
929	194	0
930	198	0
931	245	0
932	212	0
933	230	0
934	211	0
935	183	0
936	173	0
937	224	0
938	187	0
939	201	0
940	170	0
941	190	0
942	224	0
943	173	0
944	193	0
945	183	0
946	220	0
947	210	0
948	171	0
949	194	0
950	214	0
951	189	0
952	197	0
953	200	0
954	194	0
955	221	0
956	198	0
957	212	0
958	213	0
959	196	0
960	198	0
961	204	0
962	207	0
963	183	0
964	194	0
965	191	0
966	204	0
967	223	0
968	208	0
969	177	0
970	215	0
971	198	0
972	210	0
973	209	0
974	191	0
975	194	0
976	218	0
977	191	0
978	184	0
979	175	0
980	207	0
981	200	0
982	178	0
983	214	0
984	199	0
985	194	0
986	200	0
987	194	0
988	188	0
989	194	0
990	202	0
991	209	0
992	193	0
993	174	0
994	212	0
995	207	0
996	210	0
997	206	0
998	208	0
999	184	0
1000	212	0
1001	215	0
1002	222	0
1003	207	0
1004	208	0
1005	220	0
1006	208	0
1007	206	0
1008	202	0
1009	211	0
1010	200	0
1011	174	0
1012	208	0
1013	191	0
1014	174	0
1015	192	0
1016	183	0
1017	181	0
1018	194	0
1019	181	0
1020	243	0
1021	197	0
1022	209	0
1023	211	0
1024	197	0
1025	187	0
1026	185	0
1027	217	0
1028	202	0
1029	206	0
1030	185	0
1031	198	0
1032	224	0
1033	189	0
1034	217	0
1035	194	0
1036	206	0
1037	177	0
1038	189	0
1039	189	0
1040	212	0
1041	191	0
1042	217	0
1043	180	0
1044	191	0
1045	204	0
1046	180	0
1047	202	0
1048	216	0
1049	186	0
1050	188	0
1051	207	0
1052	185	0
1053	205	0
1054	217	0
1055	194	0
1056	199	0
1057	225	0
1058	205	0
1059	206	0
1060	191	0
1061	207	0
1062	217	0
1063	214	0
1064	176	0
1065	192	0
1066	161	0
1067	206	0
1068	190	0
1069	202	0
1070	201	0
1071	224	0
1072	188	0
1073	203	0
1074	204	0
1075	175	0
1076	221	0
1077	200	0
1078	204	0
1079	176	0
1080	180	0
1081	194	0
1082	220	0
1083	180	0
1084	201	0
1085	198	0
1086	204	0
1087	189	0
1088	208	0
1089	198	0
1090	210	0
1091	192	0
1092	205	0
1093	207	0
1094	225	0
1095	178	0
1096	204	0
1097	205	0
1098	217	0
1099	190	0
1100	171	0
1101	222	0
1102	207	0
1103	223	0
1104	218	0
1105	200	0
1106	231	0
1107	184	0
1108	187	0
1109	194	0
1110	196	0
1111	197	0
1112	174	0
1113	189	0
1114	184	0
1115	209	0
1116	197	0
1117	182	0
1118	215	0
1119	231	0
1120	167	0
1121	183	0
1122	208	0
1123	193	0
1124	211	0
1125	212	0
1126	202	0
1127	194	0
1128	201	0
1129	238	0
1130	195	0
1131	202	0
1132	218	0
1133	194	0
1134	194	0
1135	176	0
1136	183	0
1137	219	0
1138	197	0
1139	199	0
1140	212	0
1141	202	0
1142	211	0
1143	201	0
1144	189	0
1145	204	0
1146	214	0
1147	185	0
1148	208	0
1149	183	0
1150	187	0
1151	220	0
1152	200	0
1153	207	0
1154	186	0
1155	213	0
1156	211	0
1157	203	0
1158	197	0
1159	212	0
1160	183	0
1161	187	0
1162	188	0
1163	184	0
1164	227	0
1165	215	0
1166	204	0
1167	188	0
1168	184	0
1169	186	0
1170	182	0
1171	160	0
1172	173	0
1173	198	0
1174	198	0
1175	214	0
1176	199	0
1177	191	0
1178	222	0
1179	199	0
1180	177	0
1181	170	0
1182	191	0
1183	186	0
1184	191	0
1185	196	0
1186	210	0
1187	194	0
1188	203	0
1189	178	0
1190	198	0
1191	190	0
1192	225	0
1193	209	0
1194	180	0
1195	190	0
1196	190	0
1197	206	0
1198	194	0
1199	200	0
1200	202	0
1201	217	0
1202	213	0
1203	205	0
1204	164	0
1205	187	0
1206	203	0
1207	206	0
1208	180	0
1209	214	0
1210	193	0
1211	151	0
1212	198	0
1213	213	0
1214	190	0
1215	200	0
1216	205	0
1217	180	0
1218	202	0
1219	198	0
1220	198	0
1221	218	0
1222	199	0
1223	219	0
1224	210	0
1225	199	0
1226	191	0
1227	216	0
1228	188	0
1229	195	0
1230	212	0
1231	217	0
1232	189	0
1233	198	0
1234	199	0
1235	185	0
1236	200	0
1237	197	0
1238	163	0
1239	201	0
1240	175	0
1241	184	0
1242	230	0
1243	199	0
1244	187	0
1245	198	0
1246	184	0
1247	172	0
1248	180	0
1249	204	0
1250	192	0
1251	183	0
1252	193	0
1253	204	0
1254	183	0
1255	211	0
1256	200	0
1257	200	0
1258	195	0
1259	226	0
1260	215	0
1261	211	0
1262	190	0
1263	186	0
1264	195	0
1265	194	0
1266	202	0
1267	187	0
1268	216	0
1269	203	0
1270	198	0
1271	210	0
1272	186	0
1273	186	0
1274	210	0
1275	200	0
1276	212	0
1277	186	0
1278	177	0
1279	226	0
1280	200	0
1281	192	0
1282	184	0
1283	195	0
1284	193	0
1285	204	0
1286	208	0
1287	209	0
1288	217	0
1289	195	0
1290	211	0
1291	180	0
1292	218	0
1293	204	0
1294	182	0
1295	207	0
1296	190	0
1297	207	0
1298	203	0
1299	205	0
1300	214	0
1301	188	0
1302	212	0
1303	189	0
1304	207	0
1305	178	0
1306	214	0
1307	209	0
1308	194	0
1309	184	0
1310	235	0
1311	207	0
1312	203	0
1313	196	0
1314	189	0
1315	199	0
1316	192	0
1317	215	0
1318	207	0
1319	220	0
1320	223	0
1321	199	0
1322	231	0
1323	177	0
1324	183	0
1325	201	0
1326	194	0
1327	209	0
1328	210	0
1329	205	0
1330	179	0
1331	167	0
1332	182	0
1333	194	0
1334	197	0
1335	224	0
1336	215	0
1337	183	0
1338	215	0
1339	191	0
1340	191	0
1341	174	0
1342	218	0
1343	206	0
1344	199	0
1345	212	0
1346	187	0
1347	201	0
1348	212	0
1349	203	0
1350	197	0
1351	171	0
1352	180	0
1353	195	0
1354	202	0
1355	193	0
1356	184	0
1357	189	0
1358	188	0
1359	192	0
1360	217	0
1361	208	0
1362	222	0
1363	176	0
1364	195	0
1365	194	0
1366	182	0
1367	182	0
1368	190	0
1369	204	0
1370	192	0
1371	179	0
1372	191	0
1373	207	0
1374	200	0
1375	176	0
1376	229	0
1377	183	0
1378	187	0
1379	199	0
1380	201	0
1381	175	0
1382	219	0
1383	204	0
1384	214	0
1385	200	0
1386	161	0
1387	197	0
1388	191	0
1389	194	0
1390	193	0
1391	207	0
1392	200	0
1393	185	0
1394	213	0
1395	213	0
1396	191	0
1397	210	0
1398	221	0
1399	192	0
1400	226	0
1401	209	0
1402	205	0
1403	188	0
1404	210	0
1405	191	0
1406	167	0
1407	228	0
1408	207	0
1409	211	0
1410	214	0
1411	215	0
1412	181	0
1413	193	0
1414	207	0
1415	200	0
1416	209	0
1417	210	0
1418	175	0
1419	193	0
1420	198	0
1421	217	0
1422	162	0
1423	193	0
1424	177	0
1425	186	0
1426	177	0
1427	194	0
1428	203	0
1429	204	0
1430	194	0
1431	194	0
1432	226	0
1433	215	0
1434	183	0
1435	219	0
1436	171	0
1437	201	0
1438	169	0
1439	187	0
1440	187	0
1441	199	0
1442	185	0
1443	189	0
1444	222	0
1445	208	0
1446	202	0
1447	195	0
1448	194	0
1449	236	0
1450	171	0
1451	196	0
1452	203	0
1453	184	0
1454	224	0
1455	217	0
1456	197	0
1457	188	0
1458	217	0
1459	198	0
1460	212	0
1461	197	0
1462	207	0
1463	215	0
1464	193	0
1465	191	0
1466	194	0
1467	213	0
1468	167	0
1469	215	0
1470	194	0
1471	198	0
1472	181	0
1473	200	0
1474	197	0
1475	191	0
1476	199	0
1477	191	0
1478	202	0
1479	212	0
1480	205	0
1481	201	0
1482	203	0
1483	188	0
1484	217	0
1485	214	0
1486	200	0
1487	195	0
1488	202	0
1489	189	0
1490	204	0
1491	203	0
1492	198	0
1493	194	0
1494	198	0
1495	190	0
1496	202	0
1497	182	0
1498	223	0
1499	186	0
1500	213	0
1501	212	0
1502	216	0
1503	190	0
1504	184	0
1505	206	0
1506	188	0
1507	183	0
1508	188	0
1509	185	0
1510	205	0
1511	199	0
1512	187	0
1513	221	0
1514	190	0
1515	199	0
1516	193	0
1517	189	0
1518	212	0
1519	198	0
1520	199	0
1521	172	0
1522	172	0
1523	207	0
1524	192	0
1525	191	0
1526	208	0
1527	202	0
1528	199	0
1529	190	0
1530	209	0
1531	203	0
1532	199	0
1533	172	0
1534	202	0
1535	204	0
1536	199	0
1537	218	0
1538	188	0
1539	199	0
1540	206	0
1541	181	0
1542	176	0
1543	186	0
1544	183	0
1545	185	0
1546	219	0
1547	207	0
1548	197	0
1549	168	0
1550	218	0
1551	230	0
1552	183	0
1553	171	0
1554	200	0
1555	194	0
1556	220	0
1557	217	0
1558	221	0
1559	195	0
1560	198	0
1561	203	0
1562	171	0
1563	177	0
1564	220	0
1565	218	0
1566	208	0
1567	205	0
1568	209	0
1569	183	0
1570	220	0
1571	191	0
1572	196	0
1573	205	0
1574	211	0
1575	187	0
1576	199	0
1577	194	0
1578	190	0
1579	199	0
1580	208	0
1581	206	0
1582	197	0
1583	198	0
1584	188	0
1585	191	0
1586	223	0
1587	202	0
1588	208	0
1589	191	0
1590	183	0
1591	202	0
1592	210	0
1593	194	0
1594	218	0
1595	191	0
1596	194	0
1597	182	0
1598	184	0
1599	169	0
1600	187	0
1601	204	0
1602	212	0
1603	214	0
1604	222	0
1605	181	0
1606	205	0
1607	211	0
1608	186	0
1609	186	0
1610	185	0
1611	197	0
1612	213	0
1613	199	0
1614	202	0
1615	199	0
1616	211	0
1617	177	0
1618	187	0
1619	177	0
1620	206	0
1621	193	0
1622	175	0
1623	208	0
1624	224	0
1625	187	0
1626	202	0
1627	209	0
1628	185	0
1629	223	0
1630	193	0
1631	202	0
1632	178	0
1633	192	0
1634	181	0
1635	198	0
1636	187	0
1637	233	0
1638	177	0
1639	181	0
1640	219	0
1641	182	0
1642	178	0
1643	197	0
1644	212	0
1645	181	0
1646	191	0
1647	187	0
1648	202	0
1649	202	0
1650	200	0
1651	209	0
1652	200	0
1653	198	0
1654	190	0
1655	210	0
1656	202	0
1657	208	0
1658	204	0
1659	204	0
1660	208	0
1661	195	0
1662	218	0
1663	196	0
1664	191	0
1665	218	0
1666	211	0
1667	210	0
1668	186	0
1669	203	0
1670	186	0
1671	202	0
1672	193	0
1673	218	0
1674	192	0
1675	182	0
1676	162	0
1677	187	0
1678	182	0
1679	203	0
1680	180	0
1681	221	0
1682	196	0
1683	217	0
1684	209	0
1685	185	0
1686	224	0
1687	189	0
1688	214	0
1689	211	0
1690	231	0
1691	185	0
1692	200	0
1693	203	0
1694	187	0
1695	189	0
1696	194	0
1697	177	0
1698	203	0
1699	184	0
1700	209	0
1701	225	0
1702	185	0
1703	210	0
1704	174	0
1705	181	0
1706	181	0
1707	174	0
1708	196	0
1709	188	0
1710	193	0
1711	176	0
1712	181	0
1713	196	0
1714	203	0
1715	199	0
1716	198	0
1717	187	0
1718	249	0
1719	188	0
1720	225	0
1721	202	0
1722	199	0
1723	205	0
1724	198	0
1725	233	0
1726	222	0
1727	215	0
1728	194	0
1729	173	0
1730	212	0
1731	180	0
1732	177	0
1733	186	0
1734	192	0
1735	175	0
1736	190	0
1737	207	0
1738	180	0
1739	202	0
1740	162	0
1741	206	0
1742	200	0
1743	216	0
1744	200	0
1745	196	0
1746	205	0
1747	207	0
1748	198	0
1749	218	0
1750	174	0
1751	189	0
1752	189	0
1753	198	0
1754	213	0
1755	208	0
1756	204	0
1757	188	0
1758	191	0
1759	229	0
1760	227	0
1761	206	0
1762	200	0
1763	176	0
1764	202	0
1765	193	0
1766	180	0
1767	213	0
1768	214	0
1769	197	0
1770	215	0
1771	209	0
1772	207	0
1773	199	0
1774	209	0
1775	173	0
1776	185	0
1777	208	0
1778	190	0
1779	195	0
1780	196	0
1781	200	0
1782	213	0
1783	194	0
1784	196	0
1785	192	0
1786	223	0
1787	201	0
1788	177	0
1789	189	0
1790	208	0
1791	187	0
1792	197	0
1793	180	0
1794	181	0
1795	201	0
1796	200	0
1797	197	0
1798	228	0
1799	210	0
1800	195	0
1801	217	0
1802	191	0
1803	196	0
1804	202	0
1805	211	0
1806	200	0
1807	175	0
1808	217	0
1809	200	0
1810	210	0
1811	200	0
1812	207	0
1813	207	0
1814	201	0
1815	219	0
1816	189	0
1817	228	0
1818	205	0
1819	194	0
1820	213	0
1821	215	0
1822	206	0
1823	208	0
1824	166	0
1825	201	0
1826	201	0
1827	212	0
1828	197	0
1829	198	0
1830	214	0
1831	196	0
1832	213	0
1833	229	0
1834	196	0
1835	178	0
1836	199	0
1837	196	0
1838	217	0
1839	185	0
1840	223	0
1841	179	0
1842	204	0
1843	170	0
1844	210	0
1845	174	0
1846	210	0
1847	218	0
1848	189	0
1849	191	0
1850	209	0
1851	224	0
1852	200	0
1853	209	0
1854	229	0
1855	208	0
1856	209	0
1857	192	0
1858	206	0
1859	216	0
1860	226	0
1861	201	0
1862	185	0
1863	207	0
1864	201	0
1865	194	0
1866	226	0
1867	198	0
1868	186	0
1869	216	0
1870	209	0
1871	188	0
1872	201	0
1873	178	0
1874	210	0
1875	209	0
1876	190	0
1877	191	0
1878	183	0
1879	181	0
1880	210	0
1881	223	0
1882	219	0
1883	212	0
1884	189	0
1885	198	0
1886	194	0
1887	191	0
1888	204	0
1889	189	0
1890	185	0
1891	204	0
1892	212	0
1893	209	0
1894	191	0
1895	208	0
1896	187	0
1897	192	0
1898	175	0
1899	197	0
1900	185	0
1901	207	0
1902	210	0
1903	204	0
1904	195	0
1905	192	0
1906	224	0
1907	187	0
1908	187	0
1909	173	0
1910	199	0
1911	205	0
1912	183	0
1913	197	0
1914	190	0
1915	188	0
1916	200	0
1917	212	0
1918	193	0
1919	205	0
1920	203	0
1921	180	0
1922	251	0
1923	191	0
1924	190	0
1925	205	0
1926	185	0
1927	180	0
1928	197	0
1929	195	0
1930	189	0
1931	202	0
1932	195	0
1933	186	0
1934	183	0
1935	221	0
1936	190	0
1937	207	0
1938	202	0
1939	194	0
1940	189	0
1941	195	0
1942	171	0
1943	200	0
1944	200	0
1945	188	0
1946	203	0
1947	217	0
1948	218	0
1949	191	0
1950	182	0
1951	206	0
1952	180	0
1953	202	0
1954	187	0
1955	197	0
1956	207	0
1957	193	0
1958	196	0
1959	184	0
1960	188	0
1961	179	0
1962	200	0
1963	205	0
1964	188	0
1965	173	0
1966	183	0
1967	213	0
1968	202	0
1969	197	0
1970	208	0
1971	173	0
1972	215	0
1973	201	0
1974	203	0
1975	210	0
1976	190	0
1977	203	0
1978	172	0
1979	199	0
1980	220	0
1981	199	0
1982	202	0
1983	196	0
1984	181	0
1985	220	0
1986	187	0
1987	191	0
1988	188	0
1989	189	0
1990	225	0
1991	205	0
1992	197	0
1993	193	0
1994	211	0
1995	225	0
1996	198	0
1997	204	0
1998	206	0
1999	194	0
2000	214	0
2001	213	0
2002	192	0
2003	220	0
2004	209	0
2005	194	0
2006	182	0
2007	195	0
2008	204	0
2009	180	0
2010	169	0
2011	193	0
2012	182	0
2013	174	0
2014	193	0
2015	172	0
2016	197	0
2017	184	0
2018	212	0
2019	182	0
2020	180	0
2021	190	0
2022	244	0
2023	191	0
2024	183	0
2025	197	0
2026	210	0
2027	212	0
2028	210	0
2029	210	0
2030	216	0
2031	219	0
2032	207	0
2033	176	0
2034	226	0
2035	222	0
2036	210	0
2037	175	0
2038	206	0
2039	205	0
2040	221	0
2041	203	0
2042	193	0
2043	182	0
2044	221	0
2045	220	0
2046	182	0
2047	204	0
2048	200	0
2049	206	0
2050	204	0
2051	190	0
2052	204	0
2053	205	0
2054	216	0
2055	208	0
2056	191	0
2057	202	0
2058	191	0
2059	207	0
2060	203	0
2061	193	0
2062	192	0
2063	194	0
2064	210	0
2065	192	0
2066	177	0
2067	200	0
2068	219	0
2069	195	0
2070	220	0
2071	211	0
2072	176	0
2073	194	0
2074	181	0
2075	220	0
2076	193	0
2077	226	0
2078	236	0
2079	199	0
2080	193	0
2081	198	0
2082	182	0
2083	178	0
2084	199	0
2085	189	0
2086	204	0
2087	197	0
2088	200	0
2089	181	0
2090	191	0
2091	208	0
2092	187	0
2093	208	0
2094	216	0
2095	206	0
2096	218	0
2097	207	0
2098	194	0
2099	191	0
2100	191	0
2101	201	0
2102	202	0
2103	210	0
2104	187	0
2105	205	0
2106	207	0
2107	183	0
2108	202	0
2109	211	0
2110	223	0
2111	203	0
2112	193	0
2113	229	0
2114	198	0
2115	184	0
2116	184	0
2117	202	0
2118	172	0
2119	179	0
2120	203	0
2121	184	0
2122	192	0
2123	211	0
2124	218	0
2125	221	0
2126	177	0
2127	194	0
2128	183	0
2129	202	0
2130	197	0
2131	201	0
2132	219	0
2133	215	0
2134	188	0
2135	218	0
2136	185	0
2137	205	0
2138	184	0
2139	200	0
2140	197	0
2141	226	0
2142	206	0
2143	170	0
2144	188	0
2145	197	0
2146	201	0
2147	180	0
2148	183	0
2149	190	0
2150	205	0
2151	213	0
2152	189	0
2153	198	0
2154	200	0
2155	196	0
2156	167	0
2157	205	0
2158	211	0
2159	232	0
2160	197	0
2161	210	0
2162	216	0
2163	185	0
2164	205	0
2165	211	0
2166	228	0
2167	187	0
2168	212	0
2169	189	0
2170	201	0
2171	191	0
2172	192	0
2173	217	0
2174	183	0
2175	176	0
2176	181	0
2177	205	0
2178	224	0
2179	194	0
2180	201	0
2181	177	0
2182	182	0
2183	185	0
2184	212	0
2185	215	0
2186	210	0
2187	214	0
2188	170	0
2189	205	0
2190	216	0
2191	183	0
2192	193	0
2193	190	0
2194	208	0
2195	213	0
2196	224	0
2197	219	0
2198	180	0
2199	222	0
2200	227	0
2201	202	0
2202	178	0
2203	212	0
2204	214	0
2205	187	0
2206	179	0
2207	189	0
2208	210	0
2209	197	0
2210	166	0
2211	158	0
2212	196	0
2213	169	0
2214	214	0
2215	179	0
2216	194	0
2217	212	0
2218	185	0
2219	219	0
2220	199	0
2221	214	0
2222	178	0
2223	202	0
2224	207	0
2225	222	0
2226	193	0
2227	230	0
2228	213	0
2229	197	0
2230	191	0
2231	207	0
2232	198	0
2233	208	0
2234	199	0
2235	208	0
2236	205	0
2237	189	0
2238	209	0
2239	188	0
2240	219	0
2241	211	0
2242	201	0
2243	186	0
2244	210	0
2245	201	0
2246	184	0
2247	172	0
2248	205	0
2249	222	0
2250	209	0
2251	196	0
2252	194	0
2253	206	0
2254	229	0
2255	189	0
2256	207	0
2257	211	0
2258	186	0
2259	191	0
2260	172	0
2261	175	0
2262	189	0
2263	209	0
2264	197	0
2265	198	0
2266	201	0
2267	203	0
2268	241	0
2269	195	0
2270	215	0
2271	200	0
2272	195	0
2273	172	0
2274	230	0
2275	197	0
2276	213	0
2277	193	0
2278	172	0
2279	190	0
2280	198	0
2281	201	0
2282	198	0
2283	186	0
2284	201	0
2285	187	0
2286	197	0
2287	213	0
2288	187	0
2289	202	0
2290	206	0
2291	209	0
2292	191	0
2293	211	0
2294	194	0
2295	235	0
2296	192	0
2297	199	0
2298	191	0
2299	206	0
2300	195	0
2301	193	0
2302	208	0
2303	210	0
2304	197	0
2305	183	0
2306	211	0
2307	195	0
2308	175	0
2309	202	0
2310	206	0
2311	194	0
2312	185	0
2313	179	0
2314	215	0
2315	181	0
2316	175	0
2317	195	0
2318	215	0
2319	204	0
2320	194	0
2321	188	0
2322	213	0
2323	179	0
2324	215	0
2325	189	0
2326	207	0
2327	209	0
2328	208	0
2329	176	0
2330	212	0
2331	184	0
2332	203	0
2333	209	0
2334	211	0
2335	199	0
2336	196	0
2337	192	0
2338	183	0
2339	179	0
2340	212	0
2341	184	0
2342	195	0
2343	223	0
2344	197	0
2345	208	0
2346	188	0
2347	205	0
2348	201	0
2349	209	0
2350	194	0
2351	194	0
2352	231	0
2353	199	0
2354	195	0
2355	197	0
2356	208	0
2357	207	0
2358	222	0
2359	214	0
2360	241	0
2361	196	0
2362	180	0
2363	205	0
2364	210	0
2365	190	0
2366	205	0
2367	200	0
2368	182	0
2369	200	0
2370	208	0
2371	194	0
2372	191	0
2373	202	0
2374	179	0
2375	200	0
2376	182	0
2377	191	0
2378	181	0
2379	204	0
2380	222	0
2381	219	0
2382	223	0
2383	204	0
2384	203	0
2385	208	0
2386	211	0
2387	197	0
2388	214	0
2389	195	0
2390	200	0
2391	203	0
2392	181	0
2393	178	0
2394	193	0
2395	198	0
2396	209	0
2397	164	0
2398	199	0
2399	201	0
2400	202	0
2401	209	0
2402	199	0
2403	201	0
2404	189	0
2405	202	0
2406	193	0
2407	195	0
2408	212	0
2409	185	0
2410	196	0
2411	207	0
2412	185	0
2413	175	0
2414	181	0
2415	192	0
2416	197	0
2417	207	0
2418	221	0
2419	208	0
2420	190	0
2421	201	0
2422	192	0
2423	202	0
2424	209	0
2425	200	0
2426	204	0
2427	204	0
2428	213	0
2429	214	0
2430	196	0
2431	196	0
2432	194	0
2433	183	0
2434	201	0
2435	212	0
2436	208	0
2437	219	0
2438	201	0
2439	190	0
2440	205	0
2441	199	0
2442	203	0
2443	197	0
2444	194	0
2445	184	0
2446	204	0
2447	176	0
2448	207	0
2449	188	0
2450	184	0
2451	188	0
2452	166	0
2453	209	0
2454	208	0
2455	200	0
2456	189	0
2457	196	0
2458	192	0
2459	192	0
2460	206	0
2461	195	0
2462	197	0
2463	216	0
2464	199	0
2465	187	0
2466	190	0
2467	211	0
2468	165	0
2469	207	0
2470	192	0
2471	201	0
2472	186	0
2473	177	0
2474	208	0
2475	195	0
2476	203	0
2477	218	0
2478	190	0
2479	171	0
2480	197	0
2481	172	0
2482	191	0
2483	209	0
2484	209	0
2485	191	0
2486	215	0
2487	205	0
2488	207	0
2489	172	0
2490	206	0
2491	171	0
2492	204	0
2493	201	0
2494	182	0
2495	211	0
2496	199	0
2497	168	0
2498	190	0
2499	154	0
2500	199	0
2501	204	0
2502	174	0
2503	197	0
2504	207	0
2505	194	0
2506	222	0
2507	177	0
2508	200	0
2509	185	0
2510	204	0
2511	203	0
2512	207	0
2513	218	0
2514	217	0
2515	201	0
2516	184	0
2517	177	0
2518	200	0
2519	198	0
2520	195	0
2521	178	0
2522	190	0
2523	206	0
2524	185	0
2525	195	0
2526	200	0
2527	179	0
2528	216	0
2529	219	0
2530	209	0
2531	194	0
2532	213	0
2533	227	0
2534	194	0
2535	208	0
2536	182	0
2537	211	0
2538	169	0
2539	206	0
2540	193	0
2541	217	0
2542	194	0
2543	209	0
2544	212	0
2545	194	0
2546	187	0
2547	201	0
2548	205	0
2549	188	0
2550	191	0
2551	214	0
2552	206	0
2553	186	0
2554	188	0
2555	214	0
2556	197	0
2557	205	0
2558	198	0
2559	211	0
2560	194	0
2561	213	0
2562	191	0
2563	181	0
2564	192	0
2565	196	0
2566	197	0
2567	175	0
2568	187	0
2569	206	0
2570	191	0
2571	189	0
2572	220	0
2573	201	0
2574	188	0
2575	188	0
2576	210	0
2577	223	0
2578	209	0
2579	202	0
2580	175	0
2581	193	0
2582	215	0
2583	207	0
2584	213	0
2585	207	0
2586	182	0
2587	209	0
2588	191	0
2589	195	0
2590	214	0
2591	199	0
2592	180	0
2593	183	0
2594	192	0
2595	190	0
2596	194	0
2597	189	0
2598	178	0
2599	175	0
2600	202	0
2601	217	0
2602	164	0
2603	199	0
2604	191	0
2605	201	0
2606	225	0
2607	202	0
2608	216	0
2609	221	0
2610	177	0
2611	211	0
2612	193	0
2613	190	0
2614	216	0
2615	197	0
2616	241	0
2617	189	0
2618	191	0
2619	216	0
2620	184	0
2621	182	0
2622	189	0
2623	209	0
2624	174	0
2625	190	0
2626	186	0
2627	196	0
2628	181	0
2629	184	0
2630	182	0
2631	188	0
2632	200	0
2633	195	0
2634	179	0
2635	195	0
2636	185	0
2637	217	0
2638	212	0
2639	192	0
2640	207	0
2641	187	0
2642	192	0
2643	206	0
2644	205	0
2645	193	0
2646	202	0
2647	170	0
2648	210	0
2649	222	0
2650	240	0
2651	197	0
2652	191	0
2653	215	0
2654	214	0
2655	191	0
2656	184	0
2657	201	0
2658	200	0
2659	197	0
2660	183	0
2661	196	0
2662	189	0
2663	202	0
2664	196	0
2665	192	0
2666	169	0
2667	190	0
2668	182	0
2669	180	0
2670	194	0
2671	174	0
2672	195	0
2673	205	0
2674	206	0
2675	198	0
2676	176	0
2677	217	0
2678	195	0
2679	191	0
2680	186	0
2681	180	0
2682	198	0
2683	191	0
2684	191	0
2685	192	0
2686	192	0
2687	208	0
2688	176	0
2689	182	0
2690	174	0
2691	194	0
2692	173	0
2693	207	0
2694	197	0
2695	185	0
2696	198	0
2697	203	0
2698	227	0
2699	197	0
2700	204	0
2701	183	0
2702	209	0
2703	205	0
2704	212	0
2705	202	0
2706	195	0
2707	205	0
2708	191	0
2709	183	0
2710	197	0
2711	206	0
2712	207	0
2713	240	0
2714	219	0
2715	233	0
2716	208	0
2717	196	0
2718	210	0
2719	179	0
2720	195	0
2721	172	0
2722	187	0
2723	198	0
2724	212	0
2725	216	0
2726	219	0
2727	208	0
2728	215	0
2729	225	0
2730	189	0
2731	205	0
2732	205	0
2733	196	0
2734	184	0
2735	201	0
2736	208	0
2737	185	0
2738	183	0
2739	190	0
2740	184	0
2741	206	0
2742	193	0
2743	182	0
2744	195	0
2745	215	0
2746	198	0
2747	191	0
2748	209	0
2749	225	0
2750	212	0
2751	195	0
2752	218	0
2753	199	0
2754	204	0
2755	190	0
2756	211	0
2757	197	0
2758	193	0
2759	204	0
2760	179	0
2761	192	0
2762	213	0
2763	230	0
2764	195	0
2765	205	0
2766	208	0
2767	191	0
2768	203	0
2769	188	0
2770	202	0
2771	199	0
2772	218	0
2773	201	0
2774	197	0
2775	215	0
2776	185	0
2777	211	0
2778	184	0
2779	194	0
2780	206	0
2781	208	0
2782	195	0
2783	209	0
2784	202	0
2785	185	0
2786	201	0
2787	203	0
2788	199	0
2789	171	0
2790	186	0
2791	189	0
2792	193	0
2793	216	0
2794	218	0
2795	201	0
2796	196	0
2797	199	0
2798	199	0
2799	192	0
2800	188	0
2801	190	0
2802	189	0
2803	168	0
2804	171	0
2805	216	0
2806	187	0
2807	219	0
2808	222	0
2809	184	0
2810	201	0
2811	206	0
2812	209	0
2813	201	0
2814	179	0
2815	172	0
2816	199	0
2817	219	0
2818	165	0
2819	208	0
2820	198	0
2821	214	0
2822	197	0
2823	178	0
2824	186	0
2825	193	0
2826	201	0
2827	207	0
2828	194	0
2829	187	0
2830	205	0
2831	194	0
2832	194	0
2833	217	0
2834	184	0
2835	233	0
2836	205	0
2837	191	0
2838	197	0
2839	219	0
2840	203	0
2841	185	0
2842	192	0
2843	197	0
2844	196	0
2845	220	0
2846	181	0
2847	174	0
2848	201	0
2849	205	0
2850	196	0
2851	176	0
2852	184	0
2853	205	0
2854	183	0
2855	180	0
2856	189	0
2857	195	0
2858	193	0
2859	202	0
2860	203	0
2861	192	0
2862	195	0
2863	174	0
2864	164	0
2865	205	0
2866	203	0
2867	181	0
2868	211	0
2869	189	0
2870	165	0
2871	201	0
2872	183	0
2873	179	0
2874	178	0
2875	210	0
2876	183	0
2877	212	0
2878	218	0
2879	186	0
2880	198	0
2881	169	0
2882	217	0
2883	196	0
2884	214	0
2885	204	0
2886	205	0
2887	207	0
2888	196	0
2889	235	0
2890	194	0
2891	195	0
2892	191	0
2893	194	0
2894	191	0
2895	203	0
2896	186	0
2897	201	0
2898	188	0
2899	191	0
2900	199	0
2901	202	0
2902	177	0
2903	175	0
2904	193	0
2905	201	0
2906	171	0
2907	170	0
2908	211	0
2909	208	0
2910	225	0
2911	174	0
2912	196	0
2913	192	0
2914	206	0
2915	195	0
2916	212	0
2917	192	0
2918	196	0
2919	198	0
2920	225	0
2921	217	0
2922	187	0
2923	199	0
2924	221	0
2925	206	0
2926	199	0
2927	193	0
2928	212	0
2929	202	0
2930	195	0
2931	203	0
2932	210	0
2933	198	0
2934	191	0
2935	227	0
2936	204	0
2937	208	0
2938	219	0
2939	199	0
2940	199	0
2941	216	0
2942	230	0
2943	192	0
2944	176	0
2945	188	0
2946	214	0
2947	193	0
2948	173	0
2949	183	0
2950	189	0
2951	213	0
2952	188	0
2953	191	0
2954	242	0
2955	190	0
2956	172	0
2957	173	0
2958	185	0
2959	189	0
2960	221	0
2961	202	0
2962	218	0
2963	173	0
2964	191	0
2965	183	0
2966	173	0
2967	208	0
2968	210	0
2969	204	0
2970	221	0
2971	190	0
2972	236	0
2973	204	0
2974	204	0
2975	199	0
2976	213	0
2977	193	0
2978	191	0
2979	182	0
2980	195	0
2981	181	0
2982	200	0
2983	188	0
2984	202	0
2985	198	0
2986	190	0
2987	197	0
2988	224	0
2989	212	0
2990	202	0
2991	182	0
2992	192	0
2993	195	0
2994	193	0
2995	178	0
2996	188	0
2997	182	0
2998	173	0
2999	210	0
3000	198	0
