1	191	0
2	230	0
3	229	0
4	209	0
5	191	0
6	211	0
7	181	0
8	187	0
9	199	0
10	205	0
11	198	0
12	218	0
13	183	0
14	230	0
15	179	0
16	217	0
17	184	0
18	200	0
19	195	0
20	204	0
21	188	0
22	200	0
23	184	0
24	194	0
25	200	0
26	188	0
27	211	0
28	219	0
29	222	0
30	197	0
31	229	0
32	202	0
33	202	0
34	211	0
35	220	0
36	216	0
37	188	0
38	211	0
39	187	0
40	223	0
41	192	0
42	215	0
43	181	0
44	220	0
45	201	0
46	195	0
47	191	0
48	178	0
49	183	0
50	205	0
51	184	0
52	179	0
53	182	0
54	210	0
55	201	0
56	198	0
57	227	0
58	196	0
59	210	0
60	175	0
61	222	0
62	219	0
63	199	0
64	210	0
65	204	0
66	218	0
67	218	0
68	201	0
69	217	0
70	202	0
71	178	0
72	227	0
73	193	0
74	185	0
75	196	0
76	189	0
77	188	0
78	200	0
79	187	0
80	170	0
81	205	0
82	188	0
83	213	0
84	209	0
85	211	0
86	184	0
87	186	0
88	228	0
89	206	0
90	195	0
91	177	0
92	216	0
93	208	0
94	228	0
95	194	0
96	195	0
97	184	0
98	201	0
99	198	0
100	193	0
101	203	0
102	172	0
103	210	0
104	201	0
105	169	0
106	216	0
107	198	0
108	192	0
109	193	0
110	211	0
111	211	0
112	210	0
113	178	0
114	181	0
115	222	0
116	214	0
117	187	0
118	199	0
119	199	0
120	211	0
121	169	0
122	172	0
123	203	0
124	194	0
125	217	0
126	219	0
127	196	0
128	187	0
129	172	0
130	194	0
131	218	0
132	177	0
133	209	0
134	190	0
135	212	0
136	204	0
137	193	0
138	198	0
139	201	0
140	204	0
141	188	0
142	197	0
143	187	0
144	198	0
145	213	0
146	210	0
147	208	0
148	186	0
149	193	0
150	216	0
151	213	0
152	225	0
153	201	0
154	192	0
155	192	0
156	205	0
157	210	0
158	193	0
159	209	0
160	215	0
161	199	0
162	189	0
163	201	0
164	188	0
165	206	0
166	214	0
167	200	0
168	213	0
169	203	0
170	203	0
171	206	0
172	214	0
173	177	0
174	207	0
175	188	0
176	217	0
177	205	0
178	203	0
179	193	0
180	184	0
181	179	0
182	177	0
183	199	0
184	211	0
185	205	0
186	197	0
187	208	0
188	210	0
189	210	0
190	217	0
191	204	0
192	198	0
193	215	0
194	203	0
195	170	0
196	221	0
197	215	0
198	188	0
199	204	0
200	204	0
201	205	0
202	196	0
203	187	0
204	218	0
205	186	0
206	194	0
207	219	0
208	215	0
209	222	0
210	199	0
211	218	0
212	203	0
213	210	0
214	202	0
215	196	0
216	204	0
217	199	0
218	208	0
219	191	0
220	225	0
221	222	0
222	217	0
223	210	0
224	184	0
225	204	0
226	211	0
227	195	0
228	216	0
229	212	0
230	217	0
231	191	0
232	207	0
233	211	0
234	201	0
235	213	0
236	196	0
237	184	0
238	213	0
239	195	0
240	200	0
241	200	0
242	206	0
243	180	0
244	225	0
245	197	0
246	200	0
247	190	0
248	199	0
249	207	0
250	205	0
251	182	0
252	202	0
253	191	0
254	182	0
255	199	0
256	183	0
257	178	0
258	198	0
259	206	0
260	225	0
261	211	0
262	185	0
263	199	0
264	194	0
265	198	0
266	206	0
267	224	0
268	191	0
269	191	0
270	204	0
271	181	0
272	195	0
273	209	0
274	197	0
275	198	0
276	201	0
277	207	0
278	204	0
279	202	0
280	195	0
281	181	0
282	184	0
283	196	0
284	202	0
285	218	0
286	210	0
287	195	0
288	194	0
289	207	0
290	190	0
291	195	0
292	203	0
293	186	0
294	206	0
295	184	0
296	207	0
297	202	0
298	217	0
299	196	0
300	203	0
301	185	0
302	228	0
303	195	0
304	182	0
305	225	0
306	205	0
307	216	0
308	186	0
309	215	0
310	189	0
311	206	0
312	218	0
313	218	0
314	190	0
315	182	0
316	175	0
317	197	0
318	204	0
319	217	0
320	201	0
321	207	0
322	234	0
323	209	0
324	198	0
325	187	0
326	196	0
327	180	0
328	197	0
329	186	0
330	185	0
331	197	0
332	200	0
333	188	0
334	190	0
335	209	0
336	208	0
337	208	0
338	193	0
339	192	0
340	200	0
341	181	0
342	197	0
343	177	0
344	189	0
345	202	0
346	218	0
347	220	0
348	206	0
349	208	0
350	195	0
351	180	0
352	210	0
353	205	0
354	213	0
355	188	0
356	205	0
357	199	0
358	210	0
359	186	0
360	183	0
361	186	0
362	195	0
363	210	0
364	211	0
365	162	0
366	221	0
367	224	0
368	185	0
369	199	0
370	228	0
371	194	0
372	197	0
373	222	0
374	186	0
375	197	0
376	211	0
377	186	0
378	187	0
379	212	0
380	199	0
381	207	0
382	237	0
383	200	0
384	199	0
385	199	0
386	198	0
387	214	0
388	201	0
389	228	0
390	195	0
391	206	0
392	214	0
393	221	0
394	200	0
395	236	0
396	187	0
397	182	0
398	185	0
399	196	0
400	214	0
401	217	0
402	204	0
403	195	0
404	184	0
405	210	0
406	219	0
407	203	0
408	203	0
409	201	0
410	207	0
411	177	0
412	201	0
413	187	0
414	183	0
415	224	0
416	213	0
417	184	0
418	209	0
419	196	0
420	198	0
421	190	0
422	187	0
423	173	0
424	210	0
425	191	0
426	183	0
427	212	0
428	191	0
429	222	0
430	196	0
431	192	0
432	194	0
433	200	0
434	188	0
435	174	0
436	194	0
437	198	0
438	198	0
439	207	0
440	212	0
441	202	0
442	196	0
443	224	0
444	196	0
445	186	0
446	192	0
447	217	0
448	196	0
449	186	0
450	189	0
451	202	0
452	201	0
453	202	0
454	188	0
455	194	0
456	177	0
457	194	0
458	198	0
459	196	0
460	177	0
461	196	0
462	197	0
463	232	0
464	173	0
465	199	0
466	196	0
467	218	0
468	209	0
469	209	0
470	201	0
471	197	0
472	201	0
473	227	0
474	203	0
475	198	0
476	196	0
477	222	0
478	198	0
479	206	0
480	214	0
481	192	0
482	176	0
483	187	0
484	196	0
485	192	0
486	199	0
487	191	0
488	197	0
489	203	0
490	222	0
491	184	0
492	178	0
493	175	0
494	195	0
495	219	0
496	209	0
497	201	0
498	197	0
499	199	0
500	222	0
501	189	0
502	176	0
503	220	0
504	192	0
505	180	0
506	211	0
507	220	0
508	211	0
509	215	0
510	205	0
511	187	0
512	210	0
513	203	0
514	178	0
515	187	0
516	209	0
517	194	0
518	208	0
519	200	0
520	220	0
521	205	0
522	186	0
523	212	0
524	197	0
525	192	0
526	199	0
527	170	0
528	187	0
529	209	0
530	202	0
531	219	0
532	212	0
533	196	0
534	223	0
535	211	0
536	198	0
537	190	0
538	185	0
539	191	0
540	204	0
541	197	0
542	184	0
543	200	0
544	195	0
545	206	0
546	209	0
547	201	0
548	236	0
549	195	0
550	180	0
551	217	0
552	203	0
553	186	0
554	216	0
555	189	0
556	177	0
557	201	0
558	167	0
559	191	0
560	193	0
561	189	0
562	179	0
563	193	0
564	182	0
565	182	0
566	178	0
567	182	0
568	178	0
569	182	0
570	220	0
571	193	0
572	218	0
573	192	0
574	216	0
575	198	0
576	201	0
577	198	0
578	196	0
579	212	0
580	192	0
581	192	0
582	203	0
583	205	0
584	187	0
585	191	0
586	200	0
587	187	0
588	180	0
589	237	0
590	227	0
591	199	0
592	196	0
593	208	0
594	226	0
595	215	0
596	205	0
597	191	0
598	193	0
599	194	0
600	198	0
601	190	0
602	209	0
603	213	0
604	194	0
605	206	0
606	215	0
607	205	0
608	204	0
609	209	0
610	221	0
611	235	0
612	193	0
613	193	0
614	208	0
615	202	0
616	197	0
617	198	0
618	213	0
619	233	0
620	203	0
621	185	0
622	217	0
623	201	0
624	192	0
625	215	0
626	223	0
627	213	0
628	207	0
629	220	0
630	210	0
631	204	0
632	206	0
633	184	0
634	185	0
635	201	0
636	205	0
637	188	0
638	197	0
639	196	0
640	220	0
641	222	0
642	201	0
643	211	0
644	192	0
645	211	0
646	212	0
647	192	0
648	218	0
649	215	0
650	228	0
651	192	0
652	199	0
653	178	0
654	207	0
655	188	0
656	187	0
657	189	0
658	206	0
659	218	0
660	203	0
661	223	0
662	207	0
663	183	0
664	164	0
665	180	0
666	196	0
667	201	0
668	186	0
669	179	0
670	198	0
671	217	0
672	180	0
673	186	0
674	209	0
675	201	0
676	189	0
677	207	0
678	187	0
679	210	0
680	214	0
681	193	0
682	193	0
683	211	0
684	194	0
685	180	0
686	197	0
687	199	0
688	204	0
689	167	0
690	194	0
691	206	0
692	218	0
693	185	0
694	207	0
695	214	0
696	200	0
697	203	0
698	197	0
699	222	0
700	179	0
701	182	0
702	230	0
703	177	0
704	193	0
705	192	0
706	203	0
707	211	0
708	204	0
709	197	0
710	205	0
711	207	0
712	192	0
713	197	0
714	173	0
715	209	0
716	226	0
717	195	0
718	208	0
719	198	0
720	210	0
721	202	0
722	209	0
723	240	0
724	177	0
725	206	0
726	178	0
727	189	0
728	200	0
729	201	0
730	199	0
731	211	0
732	205	0
733	195	0
734	206	0
735	203	0
736	216	0
737	206	0
738	205	0
739	207	0
740	196	0
741	196	0
742	197	0
743	209	0
744	200	0
745	219	0
746	176	0
747	215	0
748	195	0
749	209	0
750	190	0
751	179	0
752	191	0
753	199	0
754	178	0
755	190	0
756	198	0
757	199	0
758	199	0
759	193	0
760	197	0
761	193	0
762	182	0
763	189	0
764	167	0
765	216	0
766	203	0
767	213	0
768	194	0
769	211	0
770	178	0
771	183	0
772	196	0
773	201	0
774	190	0
775	227	0
776	210	0
777	197	0
778	217	0
779	200	0
780	209	0
781	203	0
782	203	0
783	160	0
784	174	0
785	198	0
786	203	0
787	209	0
788	188	0
789	199	0
790	197	0
791	213	0
792	188	0
793	189	0
794	196	0
795	211	0
796	202	0
797	182	0
798	221	0
799	185	0
800	197	0
801	188	0
802	212	0
803	193	0
804	212	0
805	214	0
806	211	0
807	203	0
808	202	0
809	203	0
810	208	0
811	204	0
812	217	0
813	243	0
814	224	0
815	206	0
816	218	0
817	206	0
818	201	0
819	201	0
820	209	0
821	189	0
822	199	0
823	197	0
824	188	0
825	208	0
826	184	0
827	176	0
828	195	0
829	217	0
830	227	0
831	181	0
832	217	0
833	191	0
834	216	0
835	188	0
836	213	0
837	197	0
838	183	0
839	217	0
840	184	0
841	218	0
842	189	0
843	208	0
844	235	0
845	199	0
846	203	0
847	191	0
848	179	0
849	207	0
850	209	0
851	215	0
852	208	0
853	200	0
854	214	0
855	201	0
856	202	0
857	207	0
858	192	0
859	214	0
860	209	0
861	188	0
862	217	0
863	183	0
864	211	0
865	205	0
866	199	0
867	206	0
868	194	0
869	226	0
870	215	0
871	193	0
872	205	0
873	204	0
874	217	0
875	231	0
876	208	0
877	175	0
878	201	0
879	191	0
880	214	0
881	217	0
882	182	0
883	203	0
884	193	0
885	217	0
886	177	0
887	193	0
888	205	0
889	198	0
890	197	0
891	175	0
892	199	0
893	199	0
894	218	0
895	189	0
896	197	0
897	214	0
898	205	0
899	225	0
900	185	0
901	194	0
902	192	0
903	209	0
904	227	0
905	185	0
906	224	0
907	204	0
908	229	0
909	218	0
910	183	0
911	212	0
912	182	0
913	197	0
914	193	0
915	209	0
916	198	0
917	223	0
918	205	0
919	206	0
920	203	0
921	178	0
922	192	0
923	222	0
924	207	0
925	202	0
926	201	0
927	161	0
928	192	0
929	203	0
930	218	0
931	208	0
932	186	0
933	212	0
934	183	0
935	206	0
936	199	0
937	225	0
938	181	0
939	178	0
940	205	0
941	215	0
942	202	0
943	219	0
944	199	0
945	183	0
946	191	0
947	216	0
948	209	0
949	199	0
950	180	0
951	196	0
952	196	0
953	194	0
954	181	0
955	203	0
956	207	0
957	195	0
958	224	0
959	194	0
960	191	0
961	206	0
962	193	0
963	203	0
964	191	0
965	207	0
966	178	0
967	218	0
968	202	0
969	213	0
970	199	0
971	185	0
972	202	0
973	220	0
974	211	0
975	213	0
976	189	0
977	200	0
978	201	0
979	191	0
980	200	0
981	218	0
982	202	0
983	208	0
984	207	0
985	172	0
986	205	0
987	199	0
988	206	0
989	195	0
990	234	0
991	202	0
992	221	0
993	215	0
994	216	0
995	201	0
996	213	0
997	205	0
998	176	0
999	199	0
1000	182	0
1001	201	0
1002	210	0
1003	207	0
1004	196	0
1005	209	0
1006	203	0
1007	215	0
1008	219	0
1009	194	0
1010	208	0
1011	207	0
1012	207	0
1013	195	0
1014	197	0
1015	203	0
1016	187	0
1017	227	0
1018	183	0
1019	224	0
1020	181	0
1021	214	0
1022	179	0
1023	184	0
1024	195	0
1025	203	0
1026	216	0
1027	199	0
1028	197	0
1029	186	0
1030	183	0
1031	209	0
1032	204	0
1033	193	0
1034	217	0
1035	205	0
1036	182	0
1037	177	0
1038	231	0
1039	199	0
1040	187	0
1041	223	0
1042	182	0
1043	187	0
1044	206	0
1045	187	0
1046	201	0
1047	193	0
1048	198	0
1049	190	0
1050	193	0
1051	194	0
1052	181	0
1053	203	0
1054	197	0
1055	206	0
1056	229	0
1057	193	0
1058	189	0
1059	202	0
1060	196	0
1061	201	0
1062	205	0
1063	226	0
1064	188	0
1065	184	0
1066	229	0
1067	195	0
1068	206	0
1069	209	0
1070	199	0
1071	184	0
1072	184	0
1073	188	0
1074	198	0
1075	169	0
1076	198	0
1077	179	0
1078	171	0
1079	200	0
1080	181	0
1081	202	0
1082	223	0
1083	205	0
1084	192	0
1085	204	0
1086	232	0
1087	205	0
1088	181	0
1089	203	0
1090	200	0
1091	187	0
1092	180	0
1093	204	0
1094	209	0
1095	209	0
1096	202	0
1097	206	0
1098	188	0
1099	223	0
1100	208	0
1101	215	0
1102	204	0
1103	196	0
1104	178	0
1105	196	0
1106	197	0
1107	200	0
1108	221	0
1109	214	0
1110	201	0
1111	150	0
1112	210	0
1113	194	0
1114	200	0
1115	217	0
1116	214	0
1117	204	0
1118	222	0
1119	213	0
1120	226	0
1121	188	0
1122	189	0
1123	208	0
1124	175	0
1125	196	0
1126	198	0
1127	203	0
1128	216	0
1129	185	0
1130	189	0
1131	203	0
1132	209	0
1133	195	0
1134	209	0
1135	208	0
1136	190	0
1137	207	0
1138	209	0
1139	230	0
1140	192	0
1141	193	0
1142	194	0
1143	202	0
1144	194	0
1145	178	0
1146	204	0
1147	215	0
1148	209	0
1149	210	0
1150	184	0
1151	212	0
1152	193	0
1153	203	0
1154	200	0
1155	213	0
1156	193	0
1157	204	0
1158	212	0
1159	200	0
1160	201	0
1161	185	0
1162	209	0
1163	190	0
1164	214	0
1165	193	0
1166	181	0
1167	209	0
1168	175	0
1169	180	0
1170	205	0
1171	200	0
1172	219	0
1173	193	0
1174	201	0
1175	222	0
1176	200	0
1177	215	0
1178	218	0
1179	203	0
1180	193	0
1181	203	0
1182	199	0
1183	204	0
1184	210	0
1185	190	0
1186	221	0
1187	204	0
1188	224	0
1189	187	0
1190	206	0
1191	192	0
1192	218	0
1193	191	0
1194	197	0
1195	200	0
1196	195	0
1197	209	0
1198	194	0
1199	210	0
1200	206	0
1201	202	0
1202	209	0
1203	198	0
1204	212	0
1205	207	0
1206	191	0
1207	209	0
1208	230	0
1209	219	0
1210	207	0
1211	195	0
1212	191	0
1213	201	0
1214	201	0
1215	198	0
1216	185	0
1217	189	0
1218	194	0
1219	191	0
1220	211	0
1221	207	0
1222	190	0
1223	188	0
1224	200	0
1225	190	0
1226	201	0
1227	204	0
1228	211	0
1229	193	0
1230	215	0
1231	195	0
1232	216	0
1233	220	0
1234	204	0
1235	207	0
1236	188	0
1237	184	0
1238	195	0
1239	216	0
1240	217	0
1241	181	0
1242	217	0
1243	183	0
1244	185	0
1245	185	0
1246	223	0
1247	201	0
1248	182	0
1249	181	0
1250	190	0
1251	218	0
1252	181	0
1253	189	0
1254	206	0
1255	200	0
1256	195	0
1257	191	0
1258	180	0
1259	187	0
1260	207	0
1261	187	0
1262	180	0
1263	210	0
1264	193	0
1265	200	0
1266	191	0
1267	175	0
1268	213	0
1269	206	0
1270	181	0
1271	197	0
1272	211	0
1273	209	0
1274	183	0
1275	224	0
1276	205	0
1277	193	0
1278	205	0
1279	207	0
1280	181	0
1281	190	0
1282	196	0
1283	207	0
1284	197	0
1285	195	0
1286	181	0
1287	196	0
1288	207	0
1289	188	0
1290	209	0
1291	191	0
1292	198	0
1293	203	0
1294	197	0
1295	190	0
1296	187	0
1297	173	0
1298	211	0
1299	182	0
1300	201	0
1301	190	0
1302	203	0
1303	169	0
1304	199	0
1305	183	0
1306	186	0
1307	200	0
1308	197	0
1309	214	0
1310	228	0
1311	208	0
1312	202	0
1313	227	0
1314	175	0
1315	187	0
1316	191	0
1317	171	0
1318	192	0
1319	200	0
1320	189	0
1321	210	0
1322	212	0
1323	198	0
1324	222	0
1325	207	0
1326	241	0
1327	193	0
1328	189	0
1329	190	0
1330	201	0
1331	203	0
1332	203	0
1333	194	0
1334	189	0
1335	190	0
1336	217	0
1337	197	0
1338	228	0
1339	191	0
1340	202	0
1341	199	0
1342	194	0
1343	188	0
1344	201	0
1345	203	0
1346	203	0
1347	228	0
1348	196	0
1349	229	0
1350	180	0
1351	197	0
1352	218	0
1353	206	0
1354	184	0
1355	210	0
1356	218	0
1357	187	0
1358	219	0
1359	202	0
1360	222	0
1361	195	0
1362	201	0
1363	196	0
1364	196	0
1365	211	0
1366	206	0
1367	193	0
1368	190	0
1369	170	0
1370	223	0
1371	188	0
1372	198	0
1373	176	0
1374	184	0
1375	226	0
1376	201	0
1377	196	0
1378	222	0
1379	216	0
1380	186	0
1381	198	0
1382	194	0
1383	187	0
1384	178	0
1385	197	0
1386	190	0
1387	200	0
1388	207	0
1389	202	0
1390	185	0
1391	211	0
1392	196	0
1393	212	0
1394	208	0
1395	195	0
1396	217	0
1397	191	0
1398	195	0
1399	195	0
1400	184	0
1401	214	0
1402	210	0
1403	214	0
1404	214	0
1405	204	0
1406	203	0
1407	200	0
1408	207	0
1409	195	0
1410	193	0
1411	225	0
1412	197	0
1413	191	0
1414	174	0
1415	198	0
1416	219	0
1417	206	0
1418	213	0
1419	193	0
1420	185	0
1421	210	0
1422	202	0
1423	195	0
1424	203	0
1425	178	0
1426	209	0
1427	204	0
1428	177	0
1429	216	0
1430	209	0
1431	201	0
1432	207	0
1433	166	0
1434	220	0
1435	188	0
1436	234	0
1437	209	0
1438	177	0
1439	202	0
1440	198	0
1441	174	0
1442	186	0
1443	193	0
1444	181	0
1445	214	0
1446	173	0
1447	226	0
1448	196	0
1449	196	0
1450	177	0
1451	195	0
1452	196	0
1453	209	0
1454	233	0
1455	213	0
1456	210	0
1457	210	0
1458	187	0
1459	153	0
1460	198	0
1461	204	0
1462	189	0
1463	208	0
1464	214	0
1465	188	0
1466	203	0
1467	216	0
1468	218	0
1469	222	0
1470	178	0
1471	205	0
1472	223	0
1473	206	0
1474	186	0
1475	233	0
1476	176	0
1477	195	0
1478	189	0
1479	200	0
1480	189	0
1481	188	0
1482	208	0
1483	204	0
1484	196	0
1485	195	0
1486	232	0
1487	182	0
1488	168	0
1489	201	0
1490	182	0
1491	210	0
1492	220	0
1493	210	0
1494	218	0
1495	178	0
1496	213	0
1497	183	0
1498	214	0
1499	197	0
1500	215	0
1501	165	0
1502	203	0
1503	204	0
1504	194	0
1505	215	0
1506	173	0
1507	207	0
1508	215	0
1509	195	0
1510	184	0
1511	205	0
1512	221	0
1513	198	0
1514	189	0
1515	201	0
1516	206	0
1517	208	0
1518	193	0
1519	192	0
1520	187	0
1521	181	0
1522	191	0
1523	175	0
1524	195	0
1525	205	0
1526	180	0
1527	198	0
1528	204	0
1529	215	0
1530	198	0
1531	215	0
1532	202	0
1533	189	0
1534	205	0
1535	192	0
1536	196	0
1537	213	0
1538	187	0
1539	214	0
1540	194	0
1541	220	0
1542	219	0
1543	204	0
1544	188	0
1545	235	0
1546	196	0
1547	222	0
1548	200	0
1549	194	0
1550	196	0
1551	227	0
1552	234	0
1553	204	0
1554	208	0
1555	196	0
1556	187	0
1557	198	0
1558	179	0
1559	214	0
1560	188	0
1561	190	0
1562	203	0
1563	167	0
1564	214	0
1565	196	0
1566	226	0
1567	215	0
1568	184	0
1569	207	0
1570	225	0
1571	218	0
1572	201	0
1573	203	0
1574	197	0
1575	184	0
1576	186	0
1577	201	0
1578	207	0
1579	186	0
1580	212	0
1581	202	0
1582	165	0
1583	195	0
1584	182	0
1585	187	0
1586	168	0
1587	184	0
1588	208	0
1589	210	0
1590	207	0
1591	191	0
1592	196	0
1593	184	0
1594	201	0
1595	199	0
1596	191	0
1597	185	0
1598	179	0
1599	193	0
1600	207	0
1601	215	0
1602	195	0
1603	188	0
1604	210	0
1605	219	0
1606	188	0
1607	201	0
1608	197	0
1609	189	0
1610	229	0
1611	182	0
1612	217	0
1613	218	0
1614	184	0
1615	211	0
1616	200	0
1617	177	0
1618	212	0
1619	180	0
1620	209	0
1621	212	0
1622	225	0
1623	183	0
1624	216	0
1625	233	0
1626	219	0
1627	215	0
1628	238	0
1629	200	0
1630	197	0
1631	191	0
1632	204	0
1633	230	0
1634	221	0
1635	202	0
1636	187	0
1637	213	0
1638	194	0
1639	179	0
1640	197	0
1641	169	0
1642	207	0
1643	205	0
1644	189	0
1645	211	0
1646	216	0
1647	179	0
1648	200	0
1649	185	0
1650	191	0
1651	215	0
1652	220	0
1653	214	0
1654	209	0
1655	186	0
1656	172	0
1657	189	0
1658	159	0
1659	186	0
1660	205	0
1661	204	0
1662	195	0
1663	194	0
1664	234	0
1665	200	0
1666	213	0
1667	193	0
1668	210	0
1669	184	0
1670	220	0
1671	187	0
1672	214	0
1673	203	0
1674	204	0
1675	213	0
1676	189	0
1677	207	0
1678	204	0
1679	172	0
1680	222	0
1681	209	0
1682	216	0
1683	200	0
1684	198	0
1685	191	0
1686	222	0
1687	193	0
1688	196	0
1689	225	0
1690	187	0
1691	202	0
1692	192	0
1693	223	0
1694	217	0
1695	183	0
1696	213	0
1697	191	0
1698	177	0
1699	236	0
1700	184	0
1701	187	0
1702	193	0
1703	189	0
1704	202	0
1705	188	0
1706	186	0
1707	184	0
1708	189	0
1709	204	0
1710	190	0
1711	217	0
1712	190	0
1713	209	0
1714	209	0
1715	189	0
1716	183	0
1717	208	0
1718	201	0
1719	208	0
1720	202	0
1721	201	0
1722	228	0
1723	205	0
1724	204	0
1725	172	0
1726	217	0
1727	227	0
1728	196	0
1729	226	0
1730	193	0
1731	195	0
1732	221	0
1733	217	0
1734	207	0
1735	210	0
1736	204	0
1737	198	0
1738	199	0
1739	191	0
1740	210	0
1741	195	0
1742	194	0
1743	232	0
1744	196	0
1745	215	0
1746	220	0
1747	213	0
1748	209	0
1749	224	0
1750	206	0
1751	229	0
1752	183	0
1753	186	0
1754	193	0
1755	203	0
1756	201	0
1757	173	0
1758	173	0
1759	202	0
1760	218	0
1761	197	0
1762	198	0
1763	162	0
1764	229	0
1765	185	0
1766	205	0
1767	205	0
1768	192	0
1769	208	0
1770	183	0
1771	201	0
1772	219	0
1773	184	0
1774	204	0
1775	197	0
1776	213	0
1777	205	0
1778	231	0
1779	195	0
1780	188	0
1781	176	0
1782	229	0
1783	171	0
1784	206	0
1785	185	0
1786	178	0
1787	201	0
1788	173	0
1789	194	0
1790	204	0
1791	183	0
1792	197	0
1793	199	0
1794	205	0
1795	206	0
1796	207	0
1797	226	0
1798	195	0
1799	228	0
1800	193	0
1801	184	0
1802	190	0
1803	209	0
1804	211	0
1805	225	0
1806	207	0
1807	205	0
1808	211	0
1809	201	0
1810	185	0
1811	199	0
1812	217	0
1813	194	0
1814	200	0
1815	203	0
1816	215	0
1817	219	0
1818	193	0
1819	195	0
1820	187	0
1821	190	0
1822	196	0
1823	210	0
1824	191	0
1825	185	0
1826	223	0
1827	222	0
1828	211	0
1829	208	0
1830	218	0
1831	189	0
1832	209	0
1833	189	0
1834	168	0
1835	219	0
1836	197	0
1837	180	0
1838	210	0
1839	210	0
1840	212	0
1841	190	0
1842	218	0
1843	201	0
1844	196	0
1845	194	0
1846	208	0
1847	208	0
1848	173	0
1849	201	0
1850	178	0
1851	211	0
1852	196	0
1853	173	0
1854	234	0
1855	220	0
1856	197	0
1857	201	0
1858	201	0
1859	196	0
1860	221	0
1861	204	0
1862	166	0
1863	192	0
1864	204	0
1865	191	0
1866	233	0
1867	237	0
1868	183	0
1869	212	0
1870	203	0
1871	197	0
1872	176	0
1873	197	0
1874	179	0
1875	223	0
1876	176	0
1877	207	0
1878	201	0
1879	214	0
1880	177	0
1881	193	0
1882	189	0
1883	207	0
1884	198	0
1885	220	0
1886	195	0
1887	222	0
1888	206	0
1889	201	0
1890	202	0
1891	195	0
1892	184	0
1893	196	0
1894	204	0
1895	221	0
1896	196	0
1897	197	0
1898	208	0
1899	209	0
1900	191	0
1901	228	0
1902	208	0
1903	219	0
1904	213	0
1905	199	0
1906	202	0
1907	183	0
1908	183	0
1909	203	0
1910	205	0
1911	214	0
1912	174	0
1913	189	0
1914	211	0
1915	212	0
1916	192	0
1917	208	0
1918	191	0
1919	208	0
1920	199	0
1921	193	0
1922	208	0
1923	229	0
1924	203	0
1925	200	0
1926	179	0
1927	214	0
1928	215	0
1929	206	0
1930	209	0
1931	204	0
1932	192	0
1933	215	0
1934	173	0
1935	203	0
1936	209	0
1937	228	0
1938	217	0
1939	207	0
1940	192	0
1941	207	0
1942	195	0
1943	215	0
1944	199	0
1945	184	0
1946	179	0
1947	193	0
1948	212	0
1949	197	0
1950	217	0
1951	197	0
1952	192	0
1953	215	0
1954	199	0
1955	204	0
1956	209	0
1957	182	0
1958	214	0
1959	194	0
1960	203	0
1961	187	0
1962	188	0
1963	198	0
1964	182	0
1965	205	0
1966	202	0
1967	203	0
1968	186	0
1969	197	0
1970	204	0
1971	197	0
1972	199	0
1973	210	0
1974	194	0
1975	180	0
1976	206	0
1977	180	0
1978	201	0
1979	204	0
1980	214	0
1981	189	0
1982	188	0
1983	179	0
1984	191	0
1985	212	0
1986	194	0
1987	212	0
1988	186	0
1989	222	0
1990	204	0
1991	191	0
1992	190	0
1993	185	0
1994	195	0
1995	213	0
1996	190	0
1997	200	0
1998	194	0
1999	187	0
2000	191	0
2001	164	0
2002	213	0
2003	210	0
2004	191	0
2005	205	0
2006	204	0
2007	180	0
2008	185	0
2009	186	0
2010	201	0
2011	201	0
2012	195	0
2013	209	0
2014	211	0
2015	227	0
2016	196	0
2017	228	0
2018	190	0
2019	186	0
2020	208	0
2021	203	0
2022	217	0
2023	173	0
2024	215	0
2025	192	0
2026	196	0
2027	212	0
2028	203	0
2029	226	0
2030	204	0
2031	187	0
2032	195	0
2033	192	0
2034	216	0
2035	195	0
2036	203	0
2037	209	0
2038	214	0
2039	193	0
2040	204	0
2041	205	0
2042	206	0
2043	204	0
2044	189	0
2045	196	0
2046	200	0
2047	203	0
2048	204	0
2049	209	0
2050	184	0
2051	182	0
2052	204	0
2053	200	0
2054	201	0
2055	183	0
2056	196	0
2057	194	0
2058	193	0
2059	228	0
2060	197	0
2061	212	0
2062	209	0
2063	205	0
2064	205	0
2065	200	0
2066	228	0
2067	206	0
2068	196	0
2069	180	0
2070	180	0
2071	181	0
2072	215	0
2073	190	0
2074	197	0
2075	235	0
2076	192	0
2077	183	0
2078	201	0
2079	212	0
2080	195	0
2081	207	0
2082	182	0
2083	182	0
2084	203	0
2085	202	0
2086	187	0
2087	181	0
2088	193	0
2089	172	0
2090	173	0
2091	223	0
2092	199	0
2093	215	0
2094	209	0
2095	195	0
2096	201	0
2097	190	0
2098	200	0
2099	216	0
2100	178	0
2101	197	0
2102	217	0
2103	200	0
2104	200	0
2105	195	0
2106	198	0
2107	193	0
2108	176	0
2109	229	0
2110	183	0
2111	198	0
2112	190	0
2113	216	0
2114	207	0
2115	204	0
2116	179	0
2117	191	0
2118	205	0
2119	166	0
2120	195	0
2121	195	0
2122	182	0
2123	215	0
2124	203	0
2125	218	0
2126	190	0
2127	199	0
2128	200	0
2129	196	0
2130	209	0
2131	182	0
2132	185	0
2133	225	0
2134	219	0
2135	222	0
2136	195	0
2137	213	0
2138	206	0
2139	195	0
2140	196	0
2141	216	0
2142	173	0
2143	197	0
2144	186	0
2145	212	0
2146	198	0
2147	203	0
2148	207	0
2149	203	0
2150	204	0
2151	212	0
2152	219	0
2153	194	0
2154	222	0
2155	206	0
2156	210	0
2157	200	0
2158	177	0
2159	199	0
2160	211	0
2161	229	0
2162	206	0
2163	201	0
2164	215	0
2165	196	0
2166	204	0
2167	213	0
2168	214	0
2169	227	0
2170	189	0
2171	198	0
2172	181	0
2173	202	0
2174	201	0
2175	183	0
2176	191	0
2177	211	0
2178	205	0
2179	193	0
2180	202	0
2181	201	0
2182	215	0
2183	157	0
2184	225	0
2185	192	0
2186	182	0
2187	195	0
2188	209	0
2189	206	0
2190	210	0
2191	205	0
2192	192	0
2193	202	0
2194	197	0
2195	208	0
2196	204	0
2197	193	0
2198	218	0
2199	190	0
2200	183	0
2201	196	0
2202	191	0
2203	175	0
2204	195	0
2205	219	0
2206	201	0
2207	213	0
2208	200	0
2209	184	0
2210	197	0
2211	213	0
2212	203	0
2213	194	0
2214	194	0
2215	175	0
2216	205	0
2217	200	0
2218	178	0
2219	207	0
2220	201	0
2221	201	0
2222	200	0
2223	175	0
2224	206	0
2225	212	0
2226	185	0
2227	191	0
2228	198	0
2229	194	0
2230	203	0
2231	199	0
2232	196	0
2233	205	0
2234	183	0
2235	208	0
2236	181	0
2237	194	0
2238	179	0
2239	188	0
2240	201	0
2241	185	0
2242	204	0
2243	193	0
2244	189	0
2245	235	0
2246	201	0
2247	216	0
2248	224	0
2249	193	0
2250	203	0
2251	195	0
2252	215	0
2253	212	0
2254	196	0
2255	205	0
2256	203	0
2257	201	0
2258	198	0
2259	175	0
2260	198	0
2261	201	0
2262	218	0
2263	219	0
2264	198	0
2265	224	0
2266	185	0
2267	177	0
2268	222	0
2269	212	0
2270	174	0
2271	238	0
2272	202	0
2273	173	0
2274	194	0
2275	176	0
2276	188	0
2277	188	0
2278	205	0
2279	207	0
2280	201	0
2281	178	0
2282	192	0
2283	210	0
2284	206	0
2285	206	0
2286	188	0
2287	168	0
2288	201	0
2289	192	0
2290	207	0
2291	177	0
2292	221	0
2293	196	0
2294	191	0
2295	194	0
2296	194	0
2297	207	0
2298	223	0
2299	208	0
2300	195	0
2301	179	0
2302	219	0
2303	209	0
2304	194	0
2305	174	0
2306	218	0
2307	157	0
2308	212	0
2309	194	0
2310	194	0
2311	200	0
2312	203	0
2313	207	0
2314	205	0
2315	192	0
2316	192	0
2317	199	0
2318	207	0
2319	189	0
2320	179	0
2321	188	0
2322	188	0
2323	203	0
2324	174	0
2325	189	0
2326	189	0
2327	197	0
2328	207	0
2329	189	0
2330	207	0
2331	175	0
2332	200	0
2333	204	0
2334	202	0
2335	192	0
2336	192	0
2337	208	0
2338	188	0
2339	200	0
2340	208	0
2341	208	0
2342	206	0
2343	203	0
2344	183	0
2345	184	0
2346	181	0
2347	200	0
2348	218	0
2349	193	0
2350	221	0
2351	193	0
2352	175	0
2353	204	0
2354	212	0
2355	156	0
2356	226	0
2357	216	0
2358	214	0
2359	218	0
2360	217	0
2361	201	0
2362	195	0
2363	162	0
2364	201	0
2365	227	0
2366	231	0
2367	195	0
2368	201	0
2369	206	0
2370	203	0
2371	190	0
2372	232	0
2373	186	0
2374	205	0
2375	180	0
2376	183	0
2377	188	0
2378	179	0
2379	210	0
2380	205	0
2381	204	0
2382	202	0
2383	206	0
2384	180	0
2385	203	0
2386	205	0
2387	211	0
2388	209	0
2389	204	0
2390	192	0
2391	203	0
2392	183	0
2393	229	0
2394	188	0
2395	176	0
2396	212	0
2397	205	0
2398	194	0
2399	179	0
2400	184	0
2401	187	0
2402	206	0
2403	220	0
2404	197	0
2405	179	0
2406	207	0
2407	186	0
2408	206	0
2409	213	0
2410	182	0
2411	182	0
2412	188	0
2413	212	0
2414	197	0
2415	179	0
2416	189	0
2417	166	0
2418	203	0
2419	219	0
2420	212	0
2421	180	0
2422	181	0
2423	210	0
2424	188	0
2425	194	0
2426	197	0
2427	196	0
2428	210	0
2429	197	0
2430	196	0
2431	206	0
2432	201	0
2433	188	0
2434	201	0
2435	197	0
2436	186	0
2437	213	0
2438	193	0
2439	176	0
2440	203	0
2441	200	0
2442	194	0
2443	180	0
2444	230	0
2445	202	0
2446	185	0
2447	196	0
2448	191	0
2449	210	0
2450	199	0
2451	197	0
2452	215	0
2453	180	0
2454	206	0
2455	192	0
2456	188	0
2457	192	0
2458	213	0
2459	187	0
2460	188	0
2461	209	0
2462	169	0
2463	197	0
2464	203	0
2465	210	0
2466	181	0
2467	222	0
2468	211	0
2469	214	0
2470	174	0
2471	210	0
2472	208	0
2473	193	0
2474	192	0
2475	189	0
2476	198	0
2477	211	0
2478	192	0
2479	225	0
2480	218	0
2481	208	0
2482	207	0
2483	185	0
2484	181	0
2485	218	0
2486	219	0
2487	173	0
2488	192	0
2489	207	0
2490	218	0
2491	149	0
2492	199	0
2493	199	0
2494	209	0
2495	210	0
2496	220	0
2497	175	0
2498	224	0
2499	190	0
2500	202	0
2501	208	0
2502	231	0
2503	214	0
2504	203	0
2505	196	0
2506	233	0
2507	187	0
2508	179	0
2509	206	0
2510	220	0
2511	217	0
2512	190	0
2513	202	0
2514	216	0
2515	216	0
2516	193	0
2517	224	0
2518	211	0
2519	169	0
2520	191	0
2521	205	0
2522	185	0
2523	178	0
2524	190	0
2525	210	0
2526	208	0
2527	227	0
2528	195	0
2529	193	0
2530	189	0
2531	171	0
2532	188	0
2533	197	0
2534	195	0
2535	207	0
2536	185	0
2537	199	0
2538	201	0
2539	204	0
2540	215	0
2541	218	0
2542	198	0
2543	205	0
2544	183	0
2545	211	0
2546	181	0
2547	209	0
2548	192	0
2549	213	0
2550	186	0
2551	201	0
2552	224	0
2553	209	0
2554	208	0
2555	195	0
2556	218	0
2557	210	0
2558	209	0
2559	189	0
2560	183	0
2561	203	0
2562	217	0
2563	185	0
2564	206	0
2565	194	0
2566	198	0
2567	202	0
2568	186	0
2569	191	0
2570	191	0
2571	203	0
2572	181	0
2573	208	0
2574	206	0
2575	199	0
2576	203	0
2577	205	0
2578	188	0
2579	214	0
2580	196	0
2581	213	0
2582	211	0
2583	200	0
2584	175	0
2585	213	0
2586	236	0
2587	190	0
2588	198	0
2589	222	0
2590	183	0
2591	195	0
2592	212	0
2593	195	0
2594	189	0
2595	204	0
2596	233	0
2597	178	0
2598	207	0
2599	204	0
2600	188	0
2601	218	0
2602	187	0
2603	211	0
2604	220	0
2605	195	0
2606	197	0
2607	202	0
2608	197	0
2609	220	0
2610	207	0
2611	189	0
2612	187	0
2613	182	0
2614	214	0
2615	194	0
2616	224	0
2617	186	0
2618	194	0
2619	185	0
2620	193	0
2621	193	0
2622	187	0
2623	179	0
2624	194	0
2625	201	0
2626	206	0
2627	212	0
2628	198	0
2629	202	0
2630	207	0
2631	181	0
2632	201	0
2633	205	0
2634	210	0
2635	227	0
2636	191	0
2637	203	0
2638	198	0
2639	205	0
2640	204	0
2641	182	0
2642	200	0
2643	188	0
2644	183	0
2645	222	0
2646	187	0
2647	208	0
2648	172	0
2649	191	0
2650	207	0
2651	209	0
2652	204	0
2653	202	0
2654	201	0
2655	188	0
2656	199	0
2657	194	0
2658	204	0
2659	211	0
2660	218	0
2661	196	0
2662	204	0
2663	184	0
2664	215	0
2665	177	0
2666	199	0
2667	174	0
2668	179	0
2669	176	0
2670	195	0
2671	209	0
2672	210	0
2673	214	0
2674	204	0
2675	200	0
2676	185	0
2677	201	0
2678	198	0
2679	201	0
2680	184	0
2681	210	0
2682	202	0
2683	220	0
2684	214	0
2685	180	0
2686	191	0
2687	200	0
2688	176	0
2689	200	0
2690	203	0
2691	198	0
2692	178	0
2693	219	0
2694	207	0
2695	172	0
2696	192	0
2697	210	0
2698	225	0
2699	210	0
2700	204	0
2701	204	0
2702	204	0
2703	227	0
2704	195	0
2705	196	0
2706	233	0
2707	218	0
2708	215	0
2709	193	0
2710	184	0
2711	210	0
2712	206	0
2713	188	0
2714	185	0
2715	179	0
2716	210	0
2717	215	0
2718	198	0
2719	192	0
2720	221	0
2721	198	0
2722	191	0
2723	186	0
2724	201	0
2725	222	0
2726	223	0
2727	202	0
2728	220	0
2729	182	0
2730	182	0
2731	204	0
2732	199	0
2733	208	0
2734	200	0
2735	208	0
2736	210	0
2737	209	0
2738	212	0
2739	205	0
2740	190	0
2741	203	0
2742	207	0
2743	211	0
2744	202	0
2745	175	0
2746	184	0
2747	214	0
2748	187	0
2749	203	0
2750	201	0
2751	213	0
2752	187	0
2753	209	0
2754	197	0
2755	204	0
2756	203	0
2757	209	0
2758	216	0
2759	218	0
2760	205	0
2761	211	0
2762	235	0
2763	202	0
2764	185	0
2765	203	0
2766	204	0
2767	203	0
2768	209	0
2769	184	0
2770	211	0
2771	215	0
2772	198	0
2773	207	0
2774	194	0
2775	213	0
2776	199	0
2777	200	0
2778	196	0
2779	184	0
2780	197	0
2781	217	0
2782	187	0
2783	204	0
2784	197	0
2785	204	0
2786	194	0
2787	209	0
2788	203	0
2789	205	0
2790	193	0
2791	203	0
2792	189	0
2793	204	0
2794	194	0
2795	192	0
2796	192	0
2797	170	0
2798	200	0
2799	196	0
2800	192	0
2801	206	0
2802	204	0
2803	185	0
2804	189	0
2805	218	0
2806	192	0
2807	200	0
2808	226	0
2809	200	0
2810	177	0
2811	204	0
2812	204	0
2813	179	0
2814	204	0
2815	186	0
2816	238	0
2817	212	0
2818	214	0
2819	223	0
2820	215	0
2821	254	0
2822	183	0
2823	191	0
2824	233	0
2825	210	0
2826	209	0
2827	184	0
2828	198	0
2829	219	0
2830	223	0
2831	185	0
2832	203	0
2833	228	0
2834	189	0
2835	191	0
2836	191	0
2837	219	0
2838	184	0
2839	202	0
2840	181	0
2841	198	0
2842	236	0
2843	207	0
2844	219	0
2845	203	0
2846	200	0
2847	195	0
2848	197	0
2849	203	0
2850	226	0
2851	207	0
2852	206	0
2853	207	0
2854	209	0
2855	182	0
2856	203	0
2857	196	0
2858	193	0
2859	214	0
2860	187	0
2861	202	0
2862	210	0
2863	209	0
2864	203	0
2865	207	0
2866	202	0
2867	207	0
2868	198	0
2869	202	0
2870	186	0
2871	203	0
2872	199	0
2873	204	0
2874	199	0
2875	201	0
2876	192	0
2877	179	0
2878	170	0
2879	181	0
2880	166	0
2881	187	0
2882	201	0
2883	182	0
2884	178	0
2885	233	0
2886	208	0
2887	213	0
2888	172	0
2889	231	0
2890	188	0
2891	205	0
2892	191	0
2893	212	0
2894	200	0
2895	195	0
2896	218	0
2897	206	0
2898	197	0
2899	197	0
2900	204	0
2901	214	0
2902	206	0
2903	185	0
2904	161	0
2905	197	0
2906	205	0
2907	220	0
2908	181	0
2909	213	0
2910	202	0
2911	196	0
2912	217	0
2913	195	0
2914	199	0
2915	204	0
2916	196	0
2917	200	0
2918	219	0
2919	226	0
2920	182	0
2921	179	0
2922	207	0
2923	215	0
2924	199	0
2925	192	0
2926	173	0
2927	209	0
2928	210	0
2929	177	0
2930	200	0
2931	203	0
2932	230	0
2933	191	0
2934	205	0
2935	201	0
2936	211	0
2937	218	0
2938	203	0
2939	202	0
2940	183	0
2941	199	0
2942	211	0
2943	203	0
2944	216	0
2945	220	0
2946	187	0
2947	215	0
2948	207	0
2949	211	0
2950	172	0
2951	195	0
2952	199	0
2953	190	0
2954	202	0
2955	211	0
2956	199	0
2957	197	0
2958	176	0
2959	198	0
2960	194	0
2961	183	0
2962	215	0
2963	243	0
2964	198	0
2965	183	0
2966	214	0
2967	186	0
2968	168	0
2969	201	0
2970	178	0
2971	240	0
2972	210	0
2973	199	0
2974	183	0
2975	196	0
2976	194	0
2977	193	0
2978	207	0
2979	191	0
2980	210	0
2981	179	0
2982	204	0
2983	175	0
2984	209	0
2985	174	0
2986	194	0
2987	200	0
2988	176	0
2989	201	0
2990	199	0
2991	212	0
2992	223	0
2993	187	0
2994	229	0
2995	184	0
2996	201	0
2997	169	0
2998	179	0
2999	164	0
3000	217	0
