1	195	0
2	191	0
3	173	0
4	192	0
5	199	0
6	198	0
7	196	0
8	202	0
9	206	0
10	188	0
11	180	0
12	218	0
13	213	0
14	189	0
15	218	0
16	197	0
17	195	0
18	192	0
19	200	0
20	199	0
21	206	0
22	194	0
23	192	0
24	208	0
25	202	0
26	188	0
27	187	0
28	198	0
29	169	0
30	189	0
31	209	0
32	195	0
33	218	0
34	204	0
35	191	0
36	184	0
37	181	0
38	199	0
39	202	0
40	230	0
41	182	0
42	178	0
43	248	0
44	197	0
45	183	0
46	174	0
47	186	0
48	197	0
49	195	0
50	203	0
51	199	0
52	204	0
53	196	0
54	200	0
55	196	0
56	199	0
57	208	0
58	213	0
59	177	0
60	172	0
61	197	0
62	170	0
63	203	0
64	191	0
65	183	0
66	213	0
67	189	0
68	183	0
69	182	0
70	196	0
71	177	0
72	171	0
73	191	0
74	203	0
75	188	0
76	197	0
77	194	0
78	207	0
79	192	0
80	196	0
81	196	0
82	199	0
83	189	0
84	208	0
85	208	0
86	220	0
87	194	0
88	209	0
89	192	0
90	185	0
91	181	0
92	194	0
93	215	0
94	234	0
95	178	0
96	196	0
97	198	0
98	214	0
99	175	0
100	182	0
101	186	0
102	221	0
103	192	0
104	185	0
105	187	0
106	192	0
107	205	0
108	170	0
109	215	0
110	175	0
111	207	0
112	202	0
113	226	0
114	201	0
115	186	0
116	174	0
117	192	0
118	189	0
119	187	0
120	216	0
121	218	0
122	207	0
123	192	0
124	197	0
125	192	0
126	232	0
127	207	0
128	183	0
129	191	0
130	201	0
131	189	0
132	186	0
133	199	0
134	189	0
135	207	0
136	211	0
137	164	0
138	215	0
139	183	0
140	195	0
141	187	0
142	195	0
143	178	0
144	213	0
145	223	0
146	217	0
147	203	0
148	179	0
149	199	0
150	186	0
151	186	0
152	199	0
153	213	0
154	216	0
155	180	0
156	191	0
157	198	0
158	212	0
159	216	0
160	177	0
161	195	0
162	182	0
163	223	0
164	164	0
165	215	0
166	214	0
167	217	0
168	188	0
169	194	0
170	215	0
171	212	0
172	200	0
173	215	0
174	193	0
175	183	0
176	183	0
177	198	0
178	197	0
179	186	0
180	241	0
181	191	0
182	196	0
183	204	0
184	197	0
185	191	0
186	193	0
187	188	0
188	205	0
189	188	0
190	223	0
191	209	0
192	221	0
193	204	0
194	205	0
195	206	0
196	193	0
197	195	0
198	183	0
199	190	0
200	199	0
201	198	0
202	222	0
203	206	0
204	191	0
205	186	0
206	234	0
207	189	0
208	194	0
209	191	0
210	220	0
211	217	0
212	191	0
213	183	0
214	179	0
215	171	0
216	183	0
217	200	0
218	214	0
219	183	0
220	203	0
221	185	0
222	206	0
223	196	0
224	196	0
225	206	0
226	210	0
227	174	0
228	187	0
229	183	0
230	163	0
231	184	0
232	176	0
233	197	0
234	190	0
235	199	0
236	193	0
237	165	0
238	202	0
239	190	0
240	204	0
241	201	0
242	192	0
243	188	0
244	167	0
245	204	0
246	208	0
247	183	0
248	173	0
249	201	0
250	218	0
251	194	0
252	200	0
253	181	0
254	176	0
255	196	0
256	209	0
257	187	0
258	166	0
259	206	0
260	194	0
261	177	0
262	198	0
263	201	0
264	167	0
265	177	0
266	193	0
267	205	0
268	202	0
269	198	0
270	194	0
271	210	0
272	184	0
273	203	0
274	194	0
275	193	0
276	168	0
277	202	0
278	199	0
279	187	0
280	175	0
281	191	0
282	215	0
283	170	0
284	199	0
285	189	0
286	183	0
287	227	0
288	173	0
289	200	0
290	176	0
291	219	0
292	172	0
293	205	0
294	173	0
295	190	0
296	204	0
297	211	0
298	199	0
299	198	0
300	228	0
301	181	0
302	216	0
303	192	0
304	181	0
305	204	0
306	196	0
307	203	0
308	195	0
309	161	0
310	207	0
311	188	0
312	208	0
313	200	0
314	171	0
315	188	0
316	203	0
317	200	0
318	197	0
319	207	0
320	194	0
321	195	0
322	211	0
323	179	0
324	175	0
325	182	0
326	192	0
327	217	0
328	200	0
329	177	0
330	214	0
331	212	0
332	222	0
333	219	0
334	177	0
335	182	0
336	176	0
337	188	0
338	184	0
339	197	0
340	204	0
341	201	0
342	199	0
343	229	0
344	219	0
345	197	0
346	201	0
347	203	0
348	196	0
349	217	0
350	192	0
351	228	0
352	183	0
353	199	0
354	213	0
355	196	0
356	201	0
357	183	0
358	192	0
359	191	0
360	207	0
361	174	0
362	194	0
363	176	0
364	193	0
365	195	0
366	195	0
367	190	0
368	203	0
369	212	0
370	154	0
371	216	0
372	198	0
373	198	0
374	183	0
375	195	0
376	227	0
377	173	0
378	187	0
379	170	0
380	213	0
381	230	0
382	202	0
383	188	0
384	192	0
385	214	0
386	207	0
387	201	0
388	192	0
389	189	0
390	185	0
391	197	0
392	205	0
393	194	0
394	180	0
395	193	0
396	198	0
397	179	0
398	206	0
399	201	0
400	163	0
401	214	0
402	189	0
403	200	0
404	195	0
405	174	0
406	221	0
407	205	0
408	201	0
409	200	0
410	175	0
411	185	0
412	210	0
413	212	0
414	181	0
415	212	0
416	189	0
417	181	0
418	216	0
419	226	0
420	208	0
421	202	0
422	181	0
423	203	0
424	189	0
425	203	0
426	188	0
427	186	0
428	221	0
429	183	0
430	198	0
431	212	0
432	204	0
433	184	0
434	203	0
435	210	0
436	199	0
437	182	0
438	196	0
439	195	0
440	170	0
441	204	0
442	243	0
443	200	0
444	187	0
445	214	0
446	211	0
447	195	0
448	177	0
449	203	0
450	180	0
451	192	0
452	211	0
453	188	0
454	201	0
455	196	0
456	199	0
457	224	0
458	163	0
459	186	0
460	187	0
461	207	0
462	201	0
463	189	0
464	219	0
465	198	0
466	205	0
467	180	0
468	180	0
469	176	0
470	203	0
471	198	0
472	178	0
473	182	0
474	195	0
475	207	0
476	195	0
477	201	0
478	176	0
479	180	0
480	191	0
481	211	0
482	192	0
483	159	0
484	208	0
485	208	0
486	203	0
487	212	0
488	208	0
489	192	0
490	194	0
491	184	0
492	218	0
493	182	0
494	204	0
495	204	0
496	204	0
497	183	0
498	216	0
499	197	0
500	185	0
501	165	0
502	205	0
503	175	0
504	206	0
505	178	0
506	186	0
507	199	0
508	187	0
509	188	0
510	170	0
511	184	0
512	185	0
513	161	0
514	193	0
515	191	0
516	192	0
517	205	0
518	201	0
519	190	0
520	206	0
521	221	0
522	190	0
523	183	0
524	224	0
525	190	0
526	199	0
527	213	0
528	192	0
529	193	0
530	194	0
531	188	0
532	200	0
533	193	0
534	191	0
535	207	0
536	201	0
537	216	0
538	209	0
539	166	0
540	205	0
541	188	0
542	190	0
543	182	0
544	182	0
545	173	0
546	210	0
547	196	0
548	202	0
549	186	0
550	192	0
551	198	0
552	188	0
553	194	0
554	185	0
555	203	0
556	152	0
557	168	0
558	255	0
559	176	0
560	198	0
561	216	0
562	201	0
563	203	0
564	189	0
565	192	0
566	208	0
567	195	0
568	197	0
569	190	0
570	198	0
571	208	0
572	198	0
573	176	0
574	176	0
575	195	0
576	196	0
577	184	0
578	196	0
579	171	0
580	203	0
581	224	0
582	169	0
583	187	0
584	198	0
585	176	0
586	223	0
587	184	0
588	200	0
589	214	0
590	196	0
591	179	0
592	201	0
593	174	0
594	220	0
595	191	0
596	185	0
597	188	0
598	184	0
599	199	0
600	193	0
601	204	0
602	168	0
603	205	0
604	177	0
605	205	0
606	182	0
607	191	0
608	197	0
609	190	0
610	161	0
611	189	0
612	198	0
613	197	0
614	210	0
615	200	0
616	198	0
617	185	0
618	192	0
619	192	0
620	208	0
621	201	0
622	174	0
623	221	0
624	221	0
625	179	0
626	190	0
627	191	0
628	194	0
629	196	0
630	226	0
631	193	0
632	212	0
633	195	0
634	183	0
635	186	0
636	194	0
637	195	0
638	200	0
639	213	0
640	207	0
641	185	0
642	186	0
643	187	0
644	191	0
645	205	0
646	194	0
647	183	0
648	209	0
649	203	0
650	191	0
651	177	0
652	204	0
653	155	0
654	182	0
655	186	0
656	212	0
657	196	0
658	178	0
659	245	0
660	166	0
661	199	0
662	214	0
663	171	0
664	196	0
665	204	0
666	180	0
667	187	0
668	200	0
669	216	0
670	185	0
671	229	0
672	225	0
673	182	0
674	220	0
675	192	0
676	192	0
677	201	0
678	208	0
679	205	0
680	183	0
681	182	0
682	211	0
683	199	0
684	181	0
685	206	0
686	224	0
687	203	0
688	200	0
689	180	0
690	198	0
691	189	0
692	194	0
693	187	0
694	199	0
695	186	0
696	172	0
697	195	0
698	215	0
699	202	0
700	179	0
701	203	0
702	221	0
703	181	0
704	201	0
705	194	0
706	191	0
707	177	0
708	213	0
709	186	0
710	210	0
711	194	0
712	177	0
713	201	0
714	189	0
715	209	0
716	196	0
717	196	0
718	201	0
719	195	0
720	194	0
721	192	0
722	175	0
723	216	0
724	181	0
725	203	0
726	219	0
727	206	0
728	229	0
729	186	0
730	212	0
731	197	0
732	180	0
733	221	0
734	196	0
735	168	0
736	196	0
737	182	0
738	210	0
739	182	0
740	182	0
741	203	0
742	213	0
743	197	0
744	191	0
745	171	0
746	208	0
747	224	0
748	198	0
749	201	0
750	187	0
751	201	0
752	218	0
753	211	0
754	181	0
755	216	0
756	194	0
757	193	0
758	201	0
759	203	0
760	192	0
761	192	0
762	190	0
763	195	0
764	205	0
765	190	0
766	185	0
767	180	0
768	192	0
769	218	0
770	178	0
771	171	0
772	212	0
773	199	0
774	190	0
775	207	0
776	162	0
777	194	0
778	194	0
779	172	0
780	194	0
781	194	0
782	198	0
783	212	0
784	180	0
785	181	0
786	237	0
787	218	0
788	218	0
789	203	0
790	199	0
791	196	0
792	175	0
793	198	0
794	188	0
795	186	0
796	180	0
797	194	0
798	194	0
799	184	0
800	181	0
801	196	0
802	177	0
803	169	0
804	211	0
805	204	0
806	199	0
807	202	0
808	200	0
809	221	0
810	195	0
811	176	0
812	184	0
813	212	0
814	207	0
815	207	0
816	215	0
817	216	0
818	221	0
819	182	0
820	193	0
821	199	0
822	173	0
823	196	0
824	212	0
825	169	0
826	187	0
827	205	0
828	206	0
829	204	0
830	206	0
831	217	0
832	205	0
833	195	0
834	198	0
835	186	0
836	176	0
837	194	0
838	196	0
839	184	0
840	209	0
841	202	0
842	227	0
843	186	0
844	199	0
845	210	0
846	201	0
847	197	0
848	208	0
849	188	0
850	190	0
851	190	0
852	197	0
853	200	0
854	217	0
855	203	0
856	179	0
857	188	0
858	185	0
859	209	0
860	181	0
861	190	0
862	196	0
863	202	0
864	187	0
865	193	0
866	197	0
867	235	0
868	200	0
869	156	0
870	203	0
871	188	0
872	201	0
873	176	0
874	184	0
875	169	0
876	192	0
877	198	0
878	171	0
879	201	0
880	191	0
881	177	0
882	190	0
883	173	0
884	215	0
885	185	0
886	188	0
887	208	0
888	204	0
889	209	0
890	188	0
891	206	0
892	197	0
893	204	0
894	146	0
895	175	0
896	203	0
897	211	0
898	219	0
899	197	0
900	189	0
901	180	0
902	199	0
903	193	0
904	194	0
905	207	0
906	188	0
907	205	0
908	200	0
909	200	0
910	225	0
911	193	0
912	207	0
913	192	0
914	215	0
915	179	0
916	177	0
917	179	0
918	201	0
919	219	0
920	183	0
921	203	0
922	193	0
923	189	0
924	187	0
925	226	0
926	202	0
927	209	0
928	193	0
929	210	0
930	169	0
931	159	0
932	219	0
933	213	0
934	204	0
935	181	0
936	197	0
937	174	0
938	194	0
939	213	0
940	194	0
941	186	0
942	195	0
943	224	0
944	215	0
945	177	0
946	182	0
947	229	0
948	213	0
949	192	0
950	215	0
951	184	0
952	190	0
953	185	0
954	182	0
955	224	0
956	200	0
957	205	0
958	179	0
959	173	0
960	201	0
961	223	0
962	200	0
963	200	0
964	206	0
965	206	0
966	178	0
967	215	0
968	198	0
969	193	0
970	182	0
971	167	0
972	174	0
973	188	0
974	190	0
975	226	0
976	198	0
977	191	0
978	188	0
979	190	0
980	176	0
981	180	0
982	204	0
983	210	0
984	176	0
985	198	0
986	159	0
987	190	0
988	191	0
989	187	0
990	195	0
991	220	0
992	188	0
993	183	0
994	174	0
995	195	0
996	206	0
997	183	0
998	167	0
999	202	0
1000	204	0
1001	180	0
1002	190	0
1003	211	0
1004	205	0
1005	206	0
1006	212	0
1007	185	0
1008	190	0
1009	199	0
1010	192	0
1011	178	0
1012	196	0
1013	193	0
1014	189	0
1015	202	0
1016	192	0
1017	172	0
1018	196	0
1019	197	0
1020	210	0
1021	177	0
1022	173	0
1023	178	0
1024	224	0
1025	203	0
1026	218	0
1027	195	0
1028	218	0
1029	201	0
1030	179	0
1031	184	0
1032	210	0
1033	191	0
1034	194	0
1035	205	0
1036	208	0
1037	224	0
1038	226	0
1039	195	0
1040	206	0
1041	207	0
1042	179	0
1043	221	0
1044	191	0
1045	189	0
1046	183	0
1047	217	0
1048	210	0
1049	201	0
1050	183	0
1051	236	0
1052	205	0
1053	197	0
1054	211	0
1055	196	0
1056	222	0
1057	216	0
1058	198	0
1059	179	0
1060	173	0
1061	188	0
1062	226	0
1063	192	0
1064	172	0
1065	202	0
1066	195	0
1067	192	0
1068	178	0
1069	238	0
1070	188	0
1071	203	0
1072	196	0
1073	184	0
1074	191	0
1075	204	0
1076	197	0
1077	214	0
1078	200	0
1079	191	0
1080	227	0
1081	202	0
1082	231	0
1083	204	0
1084	190	0
1085	195	0
1086	197	0
1087	195	0
1088	161	0
1089	176	0
1090	184	0
1091	200	0
1092	209	0
1093	178	0
1094	201	0
1095	168	0
1096	182	0
1097	198	0
1098	194	0
1099	204	0
1100	193	0
1101	207	0
1102	191	0
1103	184	0
1104	188	0
1105	219	0
1106	197	0
1107	178	0
1108	180	0
1109	206	0
1110	223	0
1111	208	0
1112	195	0
1113	194	0
1114	216	0
1115	218	0
1116	193	0
1117	232	0
1118	203	0
1119	202	0
1120	177	0
1121	200	0
1122	192	0
1123	210	0
1124	202	0
1125	203	0
1126	174	0
1127	181	0
1128	199	0
1129	210	0
1130	206	0
1131	207	0
1132	171	0
1133	182	0
1134	194	0
1135	209	0
1136	196	0
1137	187	0
1138	209	0
1139	183	0
1140	208	0
1141	198	0
1142	180	0
1143	198	0
1144	194	0
1145	203	0
1146	212	0
1147	159	0
1148	197	0
1149	181	0
1150	217	0
1151	203	0
1152	198	0
1153	186	0
1154	202	0
1155	184	0
1156	198	0
1157	205	0
1158	199	0
1159	226	0
1160	195	0
1161	185	0
1162	203	0
1163	196	0
1164	187	0
1165	197	0
1166	216	0
1167	187	0
1168	204	0
1169	183	0
1170	173	0
1171	179	0
1172	194	0
1173	191	0
1174	193	0
1175	182	0
1176	219	0
1177	191	0
1178	205	0
1179	225	0
1180	201	0
1181	207	0
1182	185	0
1183	218	0
1184	205	0
1185	182	0
1186	210	0
1187	201	0
1188	186	0
1189	181	0
1190	192	0
1191	178	0
1192	212	0
1193	191	0
1194	209	0
1195	192	0
1196	187	0
1197	212	0
1198	180	0
1199	191	0
1200	203	0
1201	212	0
1202	219	0
1203	206	0
1204	199	0
1205	204	0
1206	202	0
1207	178	0
1208	171	0
1209	204	0
1210	204	0
1211	208	0
1212	191	0
1213	184	0
1214	178	0
1215	192	0
1216	190	0
1217	226	0
1218	202	0
1219	203	0
1220	208	0
1221	207	0
1222	176	0
1223	207	0
1224	189	0
1225	192	0
1226	210	0
1227	199	0
1228	186	0
1229	158	0
1230	186	0
1231	216	0
1232	176	0
1233	202	0
1234	161	0
1235	176	0
1236	178	0
1237	188	0
1238	224	0
1239	214	0
1240	202	0
1241	210	0
1242	180	0
1243	218	0
1244	168	0
1245	199	0
1246	180	0
1247	183	0
1248	206	0
1249	204	0
1250	224	0
1251	209	0
1252	190	0
1253	169	0
1254	196	0
1255	228	0
1256	185	0
1257	210	0
1258	182	0
1259	214	0
1260	201	0
1261	210	0
1262	201	0
1263	213	0
1264	198	0
1265	192	0
1266	216	0
1267	181	0
1268	175	0
1269	195	0
1270	187	0
1271	194	0
1272	199	0
1273	196	0
1274	188	0
1275	193	0
1276	179	0
1277	172	0
1278	196	0
1279	188	0
1280	162	0
1281	198	0
1282	192	0
1283	205	0
1284	200	0
1285	205	0
1286	214	0
1287	226	0
1288	194	0
1289	212	0
1290	195	0
1291	206	0
1292	192	0
1293	180	0
1294	217	0
1295	194	0
1296	205	0
1297	194	0
1298	209	0
1299	191	0
1300	191	0
1301	217	0
1302	194	0
1303	181	0
1304	205	0
1305	176	0
1306	191	0
1307	170	0
1308	201	0
1309	159	0
1310	205	0
1311	185	0
1312	207	0
1313	190	0
1314	236	0
1315	176	0
1316	209	0
1317	173	0
1318	177	0
1319	184	0
1320	204	0
1321	189	0
1322	199	0
1323	192	0
1324	203	0
1325	192	0
1326	197	0
1327	165	0
1328	217	0
1329	207	0
1330	208	0
1331	199	0
1332	203	0
1333	234	0
1334	201	0
1335	208	0
1336	179	0
1337	192	0
1338	165	0
1339	201	0
1340	200	0
1341	208	0
1342	222	0
1343	219	0
1344	202	0
1345	214	0
1346	181	0
1347	197	0
1348	182	0
1349	204	0
1350	192	0
1351	207	0
1352	177	0
1353	198	0
1354	221	0
1355	190	0
1356	194	0
1357	203	0
1358	202	0
1359	234	0
1360	220	0
1361	207	0
1362	192	0
1363	197	0
1364	210	0
1365	177	0
1366	180	0
1367	209	0
1368	190	0
1369	166	0
1370	194	0
1371	173	0
1372	186	0
1373	180	0
1374	174	0
1375	204	0
1376	203	0
1377	189	0
1378	198	0
1379	193	0
1380	181	0
1381	177	0
1382	203	0
1383	212	0
1384	200	0
1385	187	0
1386	191	0
1387	162	0
1388	206	0
1389	192	0
1390	202	0
1391	183	0
1392	182	0
1393	191	0
1394	170	0
1395	189	0
1396	173	0
1397	196	0
1398	204	0
1399	174	0
1400	192	0
1401	209	0
1402	202	0
1403	200	0
1404	197	0
1405	187	0
1406	194	0
1407	175	0
1408	191	0
1409	204	0
1410	209	0
1411	212	0
1412	193	0
1413	201	0
1414	180	0
1415	206	0
1416	214	0
1417	192	0
1418	197	0
1419	194	0
1420	192	0
1421	197	0
1422	151	0
1423	206	0
1424	181	0
1425	180	0
1426	199	0
1427	163	0
1428	201	0
1429	184	0
1430	197	0
1431	204	0
1432	180	0
1433	210	0
1434	192	0
1435	195	0
1436	192	0
1437	187	0
1438	233	0
1439	184	0
1440	193	0
1441	230	0
1442	170	0
1443	194	0
1444	171	0
1445	182	0
1446	209	0
1447	185	0
1448	204	0
1449	199	0
1450	173	0
1451	213	0
1452	183	0
1453	201	0
1454	212	0
1455	231	0
1456	190	0
1457	209	0
1458	182	0
1459	171	0
1460	204	0
1461	205	0
1462	210	0
1463	193	0
1464	183	0
1465	207	0
1466	201	0
1467	201	0
1468	206	0
1469	191	0
1470	193	0
1471	173	0
1472	197	0
1473	214	0
1474	202	0
1475	206	0
1476	200	0
1477	185	0
1478	224	0
1479	188	0
1480	197	0
1481	202	0
1482	197	0
1483	208	0
1484	193	0
1485	207	0
1486	229	0
1487	196	0
1488	222	0
1489	182	0
1490	189	0
1491	184	0
1492	205	0
1493	206	0
1494	200	0
1495	178	0
1496	187	0
1497	198	0
1498	184	0
1499	172	0
1500	192	0
1501	214	0
1502	202	0
1503	210	0
1504	195	0
1505	190	0
1506	190	0
1507	187	0
1508	208	0
1509	216	0
1510	214	0
1511	181	0
1512	190	0
1513	190	0
1514	189	0
1515	197	0
1516	219	0
1517	207	0
1518	186	0
1519	174	0
1520	199	0
1521	177	0
1522	192	0
1523	192	0
1524	196	0
1525	192	0
1526	176	0
1527	199	0
1528	203	0
1529	201	0
1530	217	0
1531	213	0
1532	206	0
1533	212	0
1534	207	0
1535	209	0
1536	188	0
1537	208	0
1538	219	0
1539	188	0
1540	214	0
1541	190	0
1542	209	0
1543	197	0
1544	201	0
1545	185	0
1546	174	0
1547	197	0
1548	190	0
1549	222	0
1550	193	0
1551	209	0
1552	214	0
1553	199	0
1554	192	0
1555	195	0
1556	213	0
1557	179	0
1558	194	0
1559	204	0
1560	189	0
1561	213	0
1562	196	0
1563	187	0
1564	212	0
1565	188	0
1566	195	0
1567	177	0
1568	190	0
1569	210	0
1570	201	0
1571	191	0
1572	213	0
1573	174	0
1574	191	0
1575	202	0
1576	177	0
1577	197	0
1578	199	0
1579	199	0
1580	194	0
1581	187	0
1582	220	0
1583	194	0
1584	206	0
1585	201	0
1586	180	0
1587	193	0
1588	194	0
1589	181	0
1590	193	0
1591	198	0
1592	175	0
1593	175	0
1594	181	0
1595	218	0
1596	172	0
1597	189	0
1598	189	0
1599	186	0
1600	186	0
1601	203	0
1602	199	0
1603	210	0
1604	214	0
1605	205	0
1606	190	0
1607	207	0
1608	182	0
1609	189	0
1610	222	0
1611	188	0
1612	211	0
1613	200	0
1614	228	0
1615	205	0
1616	190	0
1617	190	0
1618	220	0
1619	201	0
1620	206	0
1621	183	0
1622	207	0
1623	206	0
1624	214	0
1625	196	0
1626	223	0
1627	201	0
1628	199	0
1629	208	0
1630	207	0
1631	172	0
1632	208	0
1633	185	0
1634	178	0
1635	197	0
1636	182	0
1637	204	0
1638	178	0
1639	203	0
1640	209	0
1641	193	0
1642	199	0
1643	184	0
1644	214	0
1645	214	0
1646	185	0
1647	184	0
1648	150	0
1649	205	0
1650	191	0
1651	199	0
1652	181	0
1653	218	0
1654	217	0
1655	199	0
1656	234	0
1657	245	0
1658	188	0
1659	189	0
1660	207	0
1661	198	0
1662	192	0
1663	231	0
1664	214	0
1665	186	0
1666	191	0
1667	180	0
1668	186	0
1669	208	0
1670	202	0
1671	196	0
1672	212	0
1673	195	0
1674	210	0
1675	209	0
1676	214	0
1677	181	0
1678	226	0
1679	183	0
1680	182	0
1681	165	0
1682	207	0
1683	185	0
1684	180	0
1685	205	0
1686	205	0
1687	190	0
1688	207	0
1689	194	0
1690	186	0
1691	208	0
1692	191	0
1693	162	0
1694	209	0
1695	191	0
1696	187	0
1697	194	0
1698	186	0
1699	207	0
1700	201	0
1701	189	0
1702	173	0
1703	198	0
1704	209	0
1705	216	0
1706	188	0
1707	199	0
1708	165	0
1709	195	0
1710	213	0
1711	226	0
1712	195	0
1713	170	0
1714	195	0
1715	189	0
1716	185	0
1717	199	0
1718	182	0
1719	199	0
1720	180	0
1721	219	0
1722	193	0
1723	189	0
1724	191	0
1725	204	0
1726	196	0
1727	196	0
1728	195	0
1729	186	0
1730	202	0
1731	226	0
1732	186	0
1733	188	0
1734	207	0
1735	216	0
1736	171	0
1737	202	0
1738	198	0
1739	227	0
1740	187	0
1741	211	0
1742	202	0
1743	171	0
1744	203	0
1745	198	0
1746	175	0
1747	186	0
1748	170	0
1749	194	0
1750	191	0
1751	187	0
1752	196	0
1753	225	0
1754	208	0
1755	194	0
1756	163	0
1757	192	0
1758	197	0
1759	210	0
1760	180	0
1761	214	0
1762	203	0
1763	186	0
1764	211	0
1765	168	0
1766	196	0
1767	190	0
1768	194	0
1769	206	0
1770	181	0
1771	182	0
1772	194	0
1773	183	0
1774	194	0
1775	214	0
1776	212	0
1777	179	0
1778	191	0
1779	203	0
1780	208	0
1781	192	0
1782	187	0
1783	189	0
1784	213	0
1785	175	0
1786	202	0
1787	194	0
1788	204	0
1789	217	0
1790	193	0
1791	193	0
1792	199	0
1793	203	0
1794	173	0
1795	183	0
1796	198	0
1797	166	0
1798	186	0
1799	206	0
1800	170	0
1801	210	0
1802	194	0
1803	173	0
1804	199	0
1805	197	0
1806	201	0
1807	197	0
1808	181	0
1809	177	0
1810	238	0
1811	198	0
1812	211	0
1813	218	0
1814	204	0
1815	190	0
1816	209	0
1817	184	0
1818	220	0
1819	210	0
1820	189	0
1821	217	0
1822	203	0
1823	210	0
1824	216	0
1825	205	0
1826	166	0
1827	201	0
1828	185	0
1829	207	0
1830	180	0
1831	175	0
1832	227	0
1833	204	0
1834	187	0
1835	184	0
1836	163	0
1837	194	0
1838	194	0
1839	187	0
1840	180	0
1841	201	0
1842	171	0
1843	197	0
1844	205	0
1845	185	0
1846	195	0
1847	212	0
1848	173	0
1849	194	0
1850	200	0
1851	205	0
1852	195	0
1853	163	0
1854	189	0
1855	194	0
1856	186	0
1857	200	0
1858	190	0
1859	186	0
1860	209	0
1861	202	0
1862	189	0
1863	224	0
1864	186	0
1865	180	0
1866	192	0
1867	166	0
1868	171	0
1869	195	0
1870	190	0
1871	223	0
1872	210	0
1873	185	0
1874	199	0
1875	214	0
1876	201	0
1877	206	0
1878	194	0
1879	193	0
1880	213	0
1881	203	0
1882	209	0
1883	184	0
1884	167	0
1885	207	0
1886	203	0
1887	196	0
1888	227	0
1889	188	0
1890	212	0
1891	205	0
1892	186	0
1893	167	0
1894	207	0
1895	201	0
1896	171	0
1897	216	0
1898	187	0
1899	207	0
1900	201	0
1901	213	0
1902	195	0
1903	229	0
1904	191	0
1905	182	0
1906	197	0
1907	208	0
1908	204	0
1909	209	0
1910	183	0
1911	195	0
1912	205	0
1913	184	0
1914	198	0
1915	190	0
1916	206	0
1917	183	0
1918	178	0
1919	193	0
1920	210	0
1921	173	0
1922	218	0
1923	180	0
1924	177	0
1925	209	0
1926	186	0
1927	199	0
1928	202	0
1929	189	0
1930	181	0
1931	187	0
1932	199	0
1933	211	0
1934	195	0
1935	179	0
1936	171	0
1937	200	0
1938	177	0
1939	197	0
1940	204	0
1941	187	0
1942	223	0
1943	180	0
1944	222	0
1945	194	0
1946	196	0
1947	158	0
1948	199	0
1949	198	0
1950	199	0
1951	191	0
1952	195	0
1953	231	0
1954	193	0
1955	202	0
1956	233	0
1957	201	0
1958	167	0
1959	224	0
1960	201	0
1961	200	0
1962	201	0
1963	200	0
1964	204	0
1965	214	0
1966	176	0
1967	198	0
1968	213	0
1969	215	0
1970	195	0
1971	192	0
1972	195	0
1973	207	0
1974	179	0
1975	205	0
1976	179	0
1977	198	0
1978	187	0
1979	201	0
1980	198	0
1981	205	0
1982	167	0
1983	208	0
1984	201	0
1985	198	0
1986	179	0
1987	198	0
1988	188	0
1989	213	0
1990	176	0
1991	199	0
1992	191	0
1993	196	0
1994	188	0
1995	217	0
1996	227	0
1997	185	0
1998	184	0
1999	208	0
2000	206	0
2001	195	0
2002	174	0
2003	196	0
2004	196	0
2005	194	0
2006	193	0
2007	190	0
2008	178	0
2009	176	0
2010	208	0
2011	201	0
2012	169	0
2013	215	0
2014	215	0
2015	182	0
2016	196	0
2017	180	0
2018	188	0
2019	202	0
2020	195	0
2021	189	0
2022	196	0
2023	194	0
2024	192	0
2025	191	0
2026	202	0
2027	188	0
2028	170	0
2029	178	0
2030	199	0
2031	205	0
2032	205	0
2033	204	0
2034	200	0
2035	203	0
2036	184	0
2037	195	0
2038	186	0
2039	190	0
2040	189	0
2041	213	0
2042	209	0
2043	185	0
2044	199	0
2045	194	0
2046	185	0
2047	189	0
2048	195	0
2049	203	0
2050	208	0
2051	173	0
2052	190	0
2053	189	0
2054	200	0
2055	203	0
2056	207	0
2057	197	0
2058	203	0
2059	200	0
2060	205	0
2061	201	0
2062	182	0
2063	201	0
2064	177	0
2065	182	0
2066	211	0
2067	193	0
2068	178	0
2069	175	0
2070	193	0
2071	213	0
2072	178	0
2073	182	0
2074	175	0
2075	200	0
2076	202	0
2077	197	0
2078	201	0
2079	207	0
2080	183	0
2081	206	0
2082	195	0
2083	187	0
2084	200	0
2085	207	0
2086	209	0
2087	175	0
2088	209	0
2089	175	0
2090	203	0
2091	189	0
2092	236	0
2093	195	0
2094	191	0
2095	181	0
2096	193	0
2097	207	0
2098	182	0
2099	183	0
2100	199	0
2101	175	0
2102	205	0
2103	214	0
2104	231	0
2105	195	0
2106	180	0
2107	178	0
2108	192	0
2109	167	0
2110	225	0
2111	206	0
2112	191	0
2113	179	0
2114	194	0
2115	181	0
2116	207	0
2117	216	0
2118	185	0
2119	230	0
2120	208	0
2121	170	0
2122	217	0
2123	202	0
2124	195	0
2125	219	0
2126	185	0
2127	218	0
2128	196	0
2129	165	0
2130	218	0
2131	200	0
2132	175	0
2133	200	0
2134	180	0
2135	181	0
2136	188	0
2137	199	0
2138	187	0
2139	185	0
2140	207	0
2141	195	0
2142	214	0
2143	206	0
2144	192	0
2145	211	0
2146	198	0
2147	189	0
2148	214	0
2149	188	0
2150	195	0
2151	190	0
2152	182	0
2153	190	0
2154	189	0
2155	202	0
2156	210	0
2157	191	0
2158	207	0
2159	191	0
2160	217	0
2161	193	0
2162	191	0
2163	189	0
2164	193	0
2165	201	0
2166	191	0
2167	183	0
2168	193	0
2169	179	0
2170	203	0
2171	216	0
2172	209	0
2173	188	0
2174	183	0
2175	190	0
2176	175	0
2177	189	0
2178	189	0
2179	177	0
2180	200	0
2181	200	0
2182	176	0
2183	171	0
2184	196	0
2185	198	0
2186	200	0
2187	194	0
2188	194	0
2189	187	0
2190	204	0
2191	215	0
2192	198	0
2193	174	0
2194	203	0
2195	174	0
2196	206	0
2197	184	0
2198	226	0
2199	190	0
2200	201	0
2201	167	0
2202	194	0
2203	173	0
2204	176	0
2205	171	0
2206	180	0
2207	231	0
2208	176	0
2209	204	0
2210	186	0
2211	194	0
2212	186	0
2213	198	0
2214	209	0
2215	166	0
2216	191	0
2217	213	0
2218	201	0
2219	181	0
2220	198	0
2221	191	0
2222	184	0
2223	221	0
2224	184	0
2225	209	0
2226	202	0
2227	202	0
2228	193	0
2229	186	0
2230	191	0
2231	205	0
2232	195	0
2233	195	0
2234	214	0
2235	203	0
2236	206	0
2237	170	0
2238	215	0
2239	195	0
2240	208	0
2241	190	0
2242	212	0
2243	197	0
2244	190	0
2245	196	0
2246	207	0
2247	216	0
2248	207	0
2249	186	0
2250	210	0
2251	201	0
2252	189	0
2253	163	0
2254	190	0
2255	197	0
2256	198	0
2257	211	0
2258	186	0
2259	195	0
2260	199	0
2261	187	0
2262	203	0
2263	183	0
2264	199	0
2265	193	0
2266	182	0
2267	178	0
2268	211	0
2269	200	0
2270	192	0
2271	189	0
2272	183	0
2273	206	0
2274	174	0
2275	203	0
2276	178	0
2277	183	0
2278	171	0
2279	199	0
2280	215	0
2281	166	0
2282	177	0
2283	191	0
2284	186	0
2285	205	0
2286	209	0
2287	181	0
2288	184	0
2289	196	0
2290	203	0
2291	232	0
2292	164	0
2293	192	0
2294	180	0
2295	165	0
2296	184	0
2297	203	0
2298	187	0
2299	182	0
2300	209	0
2301	190	0
2302	198	0
2303	212	0
2304	223	0
2305	161	0
2306	187	0
2307	233	0
2308	220	0
2309	201	0
2310	206	0
2311	185	0
2312	221	0
2313	219	0
2314	176	0
2315	187	0
2316	205	0
2317	193	0
2318	192	0
2319	201	0
2320	189	0
2321	181	0
2322	196	0
2323	227	0
2324	182	0
2325	221	0
2326	209	0
2327	170	0
2328	204	0
2329	192	0
2330	198	0
2331	204	0
2332	195	0
2333	178	0
2334	197	0
2335	204	0
2336	185	0
2337	195	0
2338	181	0
2339	199	0
2340	222	0
2341	208	0
2342	193	0
2343	208	0
2344	185	0
2345	198	0
2346	205	0
2347	194	0
2348	184	0
2349	201	0
2350	182	0
2351	199	0
2352	188	0
2353	191	0
2354	193	0
2355	212	0
2356	201	0
2357	182	0
2358	187	0
2359	218	0
2360	195	0
2361	207	0
2362	194	0
2363	217	0
2364	201	0
2365	194	0
2366	215	0
2367	191	0
2368	190	0
2369	226	0
2370	169	0
2371	209	0
2372	199	0
2373	213	0
2374	220	0
2375	165	0
2376	200	0
2377	196	0
2378	195	0
2379	204	0
2380	224	0
2381	175	0
2382	194	0
2383	203	0
2384	189	0
2385	188	0
2386	197	0
2387	197	0
2388	169	0
2389	189	0
2390	198	0
2391	215	0
2392	203	0
2393	177	0
2394	210	0
2395	199	0
2396	220	0
2397	212	0
2398	211	0
2399	221	0
2400	192	0
2401	181	0
2402	195	0
2403	193	0
2404	201	0
2405	209	0
2406	196	0
2407	188	0
2408	197	0
2409	199	0
2410	203	0
2411	187	0
2412	196	0
2413	201	0
2414	206	0
2415	194	0
2416	208	0
2417	167	0
2418	189	0
2419	191	0
2420	204	0
2421	185	0
2422	198	0
2423	205	0
2424	185	0
2425	193	0
2426	195	0
2427	206	0
2428	180	0
2429	206	0
2430	169	0
2431	212	0
2432	167	0
2433	181	0
2434	205	0
2435	188	0
2436	197	0
2437	218	0
2438	214	0
2439	198	0
2440	181	0
2441	189	0
2442	175	0
2443	190	0
2444	194	0
2445	184	0
2446	189	0
2447	169	0
2448	184	0
2449	183	0
2450	190	0
2451	192	0
2452	175	0
2453	195	0
2454	186	0
2455	189	0
2456	202	0
2457	199	0
2458	199	0
2459	223	0
2460	202	0
2461	186	0
2462	211	0
2463	195	0
2464	217	0
2465	181	0
2466	197	0
2467	193	0
2468	186	0
2469	187	0
2470	204	0
2471	189	0
2472	201	0
2473	221	0
2474	171	0
2475	168	0
2476	211	0
2477	220	0
2478	181	0
2479	222	0
2480	197	0
2481	211	0
2482	199	0
2483	210	0
2484	206	0
2485	199	0
2486	194	0
2487	187	0
2488	208	0
2489	216	0
2490	191	0
2491	203	0
2492	192	0
2493	186	0
2494	214	0
2495	178	0
2496	199	0
2497	211	0
2498	214	0
2499	199	0
2500	228	0
2501	219	0
2502	176	0
2503	206	0
2504	145	0
2505	221	0
2506	198	0
2507	226	0
2508	222	0
2509	222	0
2510	202	0
2511	206	0
2512	212	0
2513	221	0
2514	216	0
2515	188	0
2516	205	0
2517	182	0
2518	206	0
2519	189	0
2520	214	0
2521	190	0
2522	202	0
2523	178	0
2524	207	0
2525	211	0
2526	211	0
2527	211	0
2528	189	0
2529	215	0
2530	165	0
2531	200	0
2532	205	0
2533	192	0
2534	196	0
2535	185	0
2536	214	0
2537	200	0
2538	181	0
2539	181	0
2540	206	0
2541	216	0
2542	203	0
2543	193	0
2544	204	0
2545	186	0
2546	183	0
2547	214	0
2548	185	0
2549	216	0
2550	213	0
2551	186	0
2552	218	0
2553	199	0
2554	201	0
2555	186	0
2556	179	0
2557	209	0
2558	193	0
2559	189	0
2560	185	0
2561	208	0
2562	190	0
2563	208	0
2564	195	0
2565	190	0
2566	203	0
2567	175	0
2568	195	0
2569	191	0
2570	180	0
2571	205	0
2572	176	0
2573	216	0
2574	191	0
2575	190	0
2576	205	0
2577	202	0
2578	198	0
2579	201	0
2580	195	0
2581	211	0
2582	225	0
2583	204	0
2584	175	0
2585	191	0
2586	193	0
2587	193	0
2588	179	0
2589	213	0
2590	182	0
2591	196	0
2592	189	0
2593	212	0
2594	204	0
2595	207	0
2596	209	0
2597	185	0
2598	170	0
2599	199	0
2600	206	0
2601	191	0
2602	218	0
2603	192	0
2604	196	0
2605	196	0
2606	187	0
2607	174	0
2608	215	0
2609	211	0
2610	182	0
2611	177	0
2612	207	0
2613	200	0
2614	197	0
2615	214	0
2616	193	0
2617	201	0
2618	196	0
2619	207	0
2620	205	0
2621	180	0
2622	197	0
2623	208	0
2624	206	0
2625	183	0
2626	212	0
2627	181	0
2628	185	0
2629	197	0
2630	204	0
2631	174	0
2632	199	0
2633	190	0
2634	190	0
2635	175	0
2636	193	0
2637	185	0
2638	212	0
2639	194	0
2640	169	0
2641	211	0
2642	231	0
2643	197	0
2644	220	0
2645	214	0
2646	196	0
2647	213	0
2648	189	0
2649	208	0
2650	186	0
2651	188	0
2652	230	0
2653	216	0
2654	187	0
2655	195	0
2656	201	0
2657	190	0
2658	154	0
2659	190	0
2660	186	0
2661	200	0
2662	200	0
2663	198	0
2664	186	0
2665	170	0
2666	179	0
2667	194	0
2668	212	0
2669	197	0
2670	180	0
2671	210	0
2672	198	0
2673	230	0
2674	184	0
2675	159	0
2676	177	0
2677	190	0
2678	173	0
2679	207	0
2680	209	0
2681	186	0
2682	188	0
2683	187	0
2684	197	0
2685	180	0
2686	197	0
2687	215	0
2688	197	0
2689	196	0
2690	198	0
2691	189	0
2692	174	0
2693	206	0
2694	191	0
2695	223	0
2696	188	0
2697	185	0
2698	203	0
2699	205	0
2700	193	0
2701	200	0
2702	205	0
2703	205	0
2704	202	0
2705	218	0
2706	202	0
2707	195	0
2708	161	0
2709	206	0
2710	193	0
2711	188	0
2712	192	0
2713	196	0
2714	197	0
2715	205	0
2716	182	0
2717	198	0
2718	204	0
2719	179	0
2720	190	0
2721	206	0
2722	181	0
2723	191	0
2724	180	0
2725	195	0
2726	188	0
2727	213	0
2728	189	0
2729	172	0
2730	207	0
2731	159	0
2732	182	0
2733	193	0
2734	225	0
2735	214	0
2736	205	0
2737	188	0
2738	195	0
2739	180	0
2740	191	0
2741	192	0
2742	207	0
2743	183	0
2744	185	0
2745	186	0
2746	184	0
2747	191	0
2748	202	0
2749	203	0
2750	192	0
2751	203	0
2752	195	0
2753	205	0
2754	238	0
2755	192	0
2756	197	0
2757	195	0
2758	213	0
2759	183	0
2760	194	0
2761	209	0
2762	199	0
2763	181	0
2764	164	0
2765	203	0
2766	162	0
2767	202	0
2768	193	0
2769	171	0
2770	203	0
2771	186	0
2772	191	0
2773	196	0
2774	211	0
2775	201	0
2776	211	0
2777	201	0
2778	195	0
2779	193	0
2780	203	0
2781	188	0
2782	210	0
2783	203	0
2784	198	0
2785	206	0
2786	214	0
2787	200	0
2788	203	0
2789	171	0
2790	186	0
2791	235	0
2792	204	0
2793	199	0
2794	204	0
2795	193	0
2796	203	0
2797	218	0
2798	214	0
2799	224	0
2800	214	0
2801	177	0
2802	169	0
2803	197	0
2804	197	0
2805	209	0
2806	197	0
2807	199	0
2808	194	0
2809	187	0
2810	163	0
2811	169	0
2812	168	0
2813	191	0
2814	178	0
2815	210	0
2816	178	0
2817	194	0
2818	183	0
2819	238	0
2820	201	0
2821	211	0
2822	185	0
2823	216	0
2824	199	0
2825	204	0
2826	169	0
2827	161	0
2828	197	0
2829	228	0
2830	170	0
2831	192	0
2832	190	0
2833	230	0
2834	199	0
2835	183	0
2836	188	0
2837	175	0
2838	162	0
2839	190	0
2840	194	0
2841	199	0
2842	173	0
2843	208	0
2844	193	0
2845	188	0
2846	210	0
2847	188	0
2848	181	0
2849	181	0
2850	195	0
2851	208	0
2852	172	0
2853	220	0
2854	204	0
2855	200	0
2856	209	0
2857	190	0
2858	198	0
2859	193	0
2860	179	0
2861	183	0
2862	191	0
2863	201	0
2864	230	0
2865	179	0
2866	192	0
2867	216	0
2868	189	0
2869	194	0
2870	176	0
2871	171	0
2872	177	0
2873	200	0
2874	197	0
2875	194	0
2876	199	0
2877	206	0
2878	236	0
2879	208	0
2880	209	0
2881	202	0
2882	183	0
2883	217	0
2884	194	0
2885	187	0
2886	197	0
2887	207	0
2888	212	0
2889	164	0
2890	176	0
2891	185	0
2892	177	0
2893	204	0
2894	181	0
2895	196	0
2896	207	0
2897	206	0
2898	181	0
2899	211	0
2900	184	0
2901	223	0
2902	199	0
2903	201	0
2904	214	0
2905	212	0
2906	205	0
2907	196	0
2908	192	0
2909	197	0
2910	189	0
2911	184	0
2912	210	0
2913	171	0
2914	181	0
2915	210	0
2916	196	0
2917	210	0
2918	190	0
2919	183	0
2920	208	0
2921	200	0
2922	192	0
2923	180	0
2924	197	0
2925	195	0
2926	188	0
2927	203	0
2928	224	0
2929	185	0
2930	192	0
2931	203	0
2932	213	0
2933	192	0
2934	188	0
2935	177	0
2936	176	0
2937	203	0
2938	193	0
2939	192	0
2940	191	0
2941	190	0
2942	198	0
2943	184	0
2944	200	0
2945	195	0
2946	189	0
2947	195	0
2948	177	0
2949	178	0
2950	228	0
2951	194	0
2952	210	0
2953	188	0
2954	203	0
2955	169	0
2956	190	0
2957	188	0
2958	179	0
2959	207	0
2960	204	0
2961	184	0
2962	202	0
2963	207	0
2964	208	0
2965	216	0
2966	177	0
2967	171	0
2968	208	0
2969	222	0
2970	204	0
2971	174	0
2972	196	0
2973	201	0
2974	196	0
2975	183	0
2976	206	0
2977	209	0
2978	209	0
2979	192	0
2980	183	0
2981	183	0
2982	203	0
2983	205	0
2984	198	0
2985	166	0
2986	203	0
2987	189	0
2988	203	0
2989	196	0
2990	215	0
2991	182	0
2992	205	0
2993	200	0
2994	196	0
2995	174	0
2996	189	0
2997	198	0
2998	192	0
2999	177	0
3000	181	0
