1	192	0
2	194	0
3	197	0
4	201	0
5	208	0
6	196	0
7	196	0
8	185	0
9	196	0
10	200	0
11	216	0
12	183	0
13	172	0
14	177	0
15	185	0
16	202	0
17	209	0
18	205	0
19	189	0
20	184	0
21	219	0
22	195	0
23	192	0
24	210	0
25	181	0
26	223	0
27	183	0
28	209	0
29	201	0
30	205	0
31	196	0
32	183	0
33	211	0
34	202	0
35	197	0
36	219	0
37	205	0
38	174	0
39	190	0
40	210	0
41	196	0
42	186	0
43	190	0
44	206	0
45	217	0
46	199	0
47	192	0
48	212	0
49	192	0
50	199	0
51	207	0
52	211	0
53	174	0
54	205	0
55	192	0
56	225	0
57	191	0
58	182	0
59	189	0
60	203	0
61	209	0
62	223	0
63	183	0
64	222	0
65	215	0
66	189	0
67	214	0
68	202	0
69	216	0
70	229	0
71	224	0
72	225	0
73	188	0
74	207	0
75	194	0
76	189	0
77	200	0
78	222	0
79	196	0
80	186	0
81	197	0
82	198	0
83	206	0
84	181	0
85	207	0
86	173	0
87	199	0
88	185	0
89	213	0
90	206	0
91	217	0
92	185	0
93	218	0
94	197	0
95	200	0
96	182	0
97	197	0
98	189	0
99	196	0
100	203	0
101	223	0
102	204	0
103	209	0
104	210	0
105	187	0
106	212	0
107	233	0
108	196	0
109	191	0
110	214	0
111	188	0
112	204	0
113	204	0
114	211	0
115	219	0
116	203	0
117	216	0
118	203	0
119	217	0
120	201	0
121	194	0
122	209	0
123	187	0
124	184	0
125	201	0
126	174	0
127	207	0
128	196	0
129	198	0
130	179	0
131	219	0
132	187	0
133	184	0
134	195	0
135	180	0
136	213	0
137	220	0
138	208	0
139	205	0
140	238	0
141	217	0
142	209	0
143	219	0
144	176	0
145	186	0
146	198	0
147	177	0
148	211	0
149	181	0
150	233	0
151	208	0
152	220	0
153	226	0
154	207	0
155	187	0
156	220	0
157	206	0
158	170	0
159	194	0
160	213	0
161	194	0
162	206	0
163	183	0
164	213	0
165	206	0
166	219	0
167	182	0
168	230	0
169	225	0
170	223	0
171	202	0
172	207	0
173	193	0
174	207	0
175	200	0
176	177	0
177	179	0
178	202	0
179	173	0
180	171	0
181	190	0
182	203	0
183	206	0
184	215	0
185	203	0
186	196	0
187	210	0
188	166	0
189	229	0
190	204	0
191	193	0
192	207	0
193	204	0
194	192	0
195	183	0
196	175	0
197	200	0
198	193	0
199	195	0
200	203	0
201	206	0
202	194	0
203	187	0
204	179	0
205	204	0
206	192	0
207	205	0
208	185	0
209	202	0
210	199	0
211	221	0
212	196	0
213	193	0
214	212	0
215	205	0
216	177	0
217	205	0
218	193	0
219	177	0
220	209	0
221	174	0
222	182	0
223	212	0
224	211	0
225	178	0
226	197	0
227	185	0
228	213	0
229	207	0
230	202	0
231	193	0
232	187	0
233	244	0
234	198	0
235	205	0
236	199	0
237	196	0
238	230	0
239	186	0
240	211	0
241	186	0
242	208	0
243	198	0
244	191	0
245	206	0
246	210	0
247	182	0
248	197	0
249	225	0
250	193	0
251	181	0
252	191	0
253	195	0
254	177	0
255	169	0
256	183	0
257	209	0
258	219	0
259	202	0
260	195	0
261	212	0
262	187	0
263	174	0
264	223	0
265	219	0
266	188	0
267	193	0
268	199	0
269	204	0
270	218	0
271	199	0
272	213	0
273	184	0
274	183	0
275	202	0
276	201	0
277	202	0
278	205	0
279	187	0
280	241	0
281	202	0
282	200	0
283	208	0
284	177	0
285	188	0
286	177	0
287	179	0
288	196	0
289	196	0
290	201	0
291	227	0
292	179	0
293	193	0
294	190	0
295	181	0
296	219	0
297	197	0
298	181	0
299	200	0
300	231	0
301	214	0
302	186	0
303	231	0
304	196	0
305	197	0
306	208	0
307	197	0
308	156	0
309	216	0
310	198	0
311	198	0
312	206	0
313	186	0
314	197	0
315	222	0
316	196	0
317	206	0
318	182	0
319	199	0
320	203	0
321	193	0
322	183	0
323	194	0
324	222	0
325	195	0
326	232	0
327	212	0
328	198	0
329	200	0
330	178	0
331	200	0
332	185	0
333	170	0
334	214	0
335	203	0
336	202	0
337	214	0
338	199	0
339	196	0
340	191	0
341	209	0
342	180	0
343	183	0
344	205	0
345	183	0
346	199	0
347	207	0
348	194	0
349	227	0
350	182	0
351	179	0
352	180	0
353	217	0
354	213	0
355	205	0
356	207	0
357	185	0
358	195	0
359	184	0
360	230	0
361	201	0
362	213	0
363	212	0
364	213	0
365	224	0
366	216	0
367	172	0
368	175	0
369	208	0
370	204	0
371	181	0
372	205	0
373	183	0
374	225	0
375	181	0
376	215	0
377	192	0
378	197	0
379	199	0
380	206	0
381	211	0
382	198	0
383	204	0
384	206	0
385	204	0
386	205	0
387	189	0
388	195	0
389	209	0
390	206	0
391	200	0
392	202	0
393	184	0
394	209	0
395	198	0
396	215	0
397	193	0
398	212	0
399	210	0
400	194	0
401	199	0
402	185	0
403	212	0
404	205	0
405	222	0
406	206	0
407	208	0
408	204	0
409	193	0
410	201	0
411	209	0
412	193	0
413	196	0
414	199	0
415	194	0
416	189	0
417	189	0
418	183	0
419	215	0
420	189	0
421	195	0
422	189	0
423	216	0
424	192	0
425	193	0
426	217	0
427	204	0
428	196	0
429	236	0
430	193	0
431	202	0
432	188	0
433	212	0
434	225	0
435	230	0
436	208	0
437	198	0
438	207	0
439	180	0
440	204	0
441	169	0
442	218	0
443	207	0
444	208	0
445	195	0
446	213	0
447	183	0
448	216	0
449	203	0
450	191	0
451	190	0
452	199	0
453	183	0
454	203	0
455	170	0
456	213	0
457	176	0
458	212	0
459	197	0
460	217	0
461	200	0
462	185	0
463	213	0
464	207	0
465	201	0
466	178	0
467	199	0
468	202	0
469	209	0
470	196	0
471	236	0
472	217	0
473	205	0
474	194	0
475	185	0
476	206	0
477	198	0
478	207	0
479	200	0
480	220	0
481	179	0
482	186	0
483	203	0
484	186	0
485	194	0
486	227	0
487	191	0
488	205	0
489	178	0
490	179	0
491	184	0
492	198	0
493	206	0
494	198	0
495	205	0
496	188	0
497	221	0
498	190	0
499	185	0
500	202	0
501	178	0
502	195	0
503	187	0
504	209	0
505	196	0
506	216	0
507	188	0
508	196	0
509	207	0
510	214	0
511	199	0
512	208	0
513	201	0
514	185	0
515	203	0
516	210	0
517	165	0
518	202	0
519	212	0
520	213	0
521	194	0
522	224	0
523	176	0
524	202	0
525	199	0
526	189	0
527	180	0
528	227	0
529	193	0
530	180	0
531	197	0
532	205	0
533	210	0
534	187	0
535	202	0
536	188	0
537	209	0
538	216	0
539	217	0
540	186	0
541	174	0
542	205	0
543	212	0
544	193	0
545	203	0
546	207	0
547	184	0
548	204	0
549	190	0
550	192	0
551	197	0
552	210	0
553	192	0
554	166	0
555	209	0
556	228	0
557	222	0
558	218	0
559	189	0
560	189	0
561	192	0
562	187	0
563	168	0
564	202	0
565	203	0
566	212	0
567	214	0
568	199	0
569	186	0
570	192	0
571	190	0
572	212	0
573	220	0
574	212	0
575	179	0
576	183	0
577	221	0
578	210	0
579	210	0
580	216	0
581	205	0
582	199	0
583	223	0
584	214	0
585	178	0
586	174	0
587	201	0
588	194	0
589	194	0
590	216	0
591	178	0
592	200	0
593	195	0
594	222	0
595	215	0
596	181	0
597	197	0
598	200	0
599	187	0
600	188	0
601	166	0
602	198	0
603	193	0
604	226	0
605	184	0
606	199	0
607	178	0
608	206	0
609	203	0
610	189	0
611	193	0
612	210	0
613	190	0
614	186	0
615	214	0
616	169	0
617	201	0
618	183	0
619	190	0
620	186	0
621	204	0
622	188	0
623	193	0
624	216	0
625	202	0
626	207	0
627	205	0
628	181	0
629	176	0
630	202	0
631	184	0
632	217	0
633	220	0
634	181	0
635	212	0
636	193	0
637	221	0
638	231	0
639	197	0
640	188	0
641	179	0
642	204	0
643	203	0
644	226	0
645	229	0
646	200	0
647	190	0
648	209	0
649	211	0
650	191	0
651	204	0
652	201	0
653	213	0
654	179	0
655	211	0
656	219	0
657	178	0
658	186	0
659	205	0
660	194	0
661	196	0
662	193	0
663	185	0
664	209	0
665	187	0
666	191	0
667	204	0
668	186	0
669	233	0
670	199	0
671	238	0
672	211	0
673	205	0
674	190	0
675	173	0
676	204	0
677	210	0
678	188	0
679	203	0
680	180	0
681	215	0
682	208	0
683	173	0
684	208	0
685	224	0
686	209	0
687	199	0
688	217	0
689	177	0
690	179	0
691	178	0
692	207	0
693	211	0
694	203	0
695	207	0
696	197	0
697	199	0
698	221	0
699	180	0
700	198	0
701	211	0
702	193	0
703	191	0
704	187	0
705	198	0
706	167	0
707	207	0
708	187	0
709	204	0
710	196	0
711	195	0
712	217	0
713	214	0
714	195	0
715	195	0
716	228	0
717	242	0
718	182	0
719	217	0
720	205	0
721	184	0
722	185	0
723	196	0
724	215	0
725	183	0
726	197	0
727	191	0
728	210	0
729	186	0
730	192	0
731	210	0
732	195	0
733	198	0
734	178	0
735	184	0
736	208	0
737	183	0
738	225	0
739	206	0
740	223	0
741	189	0
742	209	0
743	202	0
744	246	0
745	205	0
746	210	0
747	213	0
748	169	0
749	206	0
750	187	0
751	202	0
752	194	0
753	196	0
754	187	0
755	220	0
756	183	0
757	211	0
758	201	0
759	201	0
760	233	0
761	202	0
762	200	0
763	200	0
764	211	0
765	179	0
766	184	0
767	212	0
768	199	0
769	192	0
770	184	0
771	177	0
772	205	0
773	182	0
774	224	0
775	178	0
776	170	0
777	195	0
778	214	0
779	229	0
780	212	0
781	204	0
782	219	0
783	189	0
784	208	0
785	229	0
786	225	0
787	201	0
788	198	0
789	195	0
790	213	0
791	182	0
792	219	0
793	191	0
794	187	0
795	223	0
796	190	0
797	203	0
798	218	0
799	209	0
800	193	0
801	180	0
802	192	0
803	184	0
804	203	0
805	203	0
806	195	0
807	200	0
808	204	0
809	163	0
810	193	0
811	201	0
812	217	0
813	231	0
814	222	0
815	192	0
816	200	0
817	208	0
818	199	0
819	205	0
820	215	0
821	199	0
822	210	0
823	181	0
824	213	0
825	233	0
826	186	0
827	223	0
828	192	0
829	195	0
830	189	0
831	210	0
832	202	0
833	178	0
834	207	0
835	208	0
836	202	0
837	211	0
838	203	0
839	192	0
840	192	0
841	216	0
842	186	0
843	198	0
844	200	0
845	181	0
846	195	0
847	213	0
848	185	0
849	181	0
850	205	0
851	180	0
852	229	0
853	206	0
854	205	0
855	227	0
856	202	0
857	186	0
858	207	0
859	187	0
860	210	0
861	208	0
862	202	0
863	193	0
864	205	0
865	184	0
866	220	0
867	216	0
868	220	0
869	210	0
870	237	0
871	177	0
872	200	0
873	190	0
874	176	0
875	195	0
876	212	0
877	171	0
878	207	0
879	221	0
880	186	0
881	192	0
882	195	0
883	204	0
884	166	0
885	189	0
886	183	0
887	174	0
888	187	0
889	177	0
890	229	0
891	205	0
892	209	0
893	198	0
894	200	0
895	200	0
896	185	0
897	192	0
898	203	0
899	190	0
900	201	0
901	189	0
902	203	0
903	209	0
904	217	0
905	194	0
906	171	0
907	209	0
908	207	0
909	187	0
910	216	0
911	204	0
912	197	0
913	208	0
914	190	0
915	230	0
916	184	0
917	212	0
918	188	0
919	211	0
920	175	0
921	207	0
922	195	0
923	195	0
924	197	0
925	196	0
926	189	0
927	189	0
928	206	0
929	213	0
930	191	0
931	215	0
932	204	0
933	198	0
934	175	0
935	166	0
936	197	0
937	197	0
938	208	0
939	207	0
940	188	0
941	185	0
942	203	0
943	196	0
944	185	0
945	197	0
946	231	0
947	191	0
948	200	0
949	198	0
950	177	0
951	188	0
952	189	0
953	185	0
954	187	0
955	183	0
956	201	0
957	207	0
958	208	0
959	197	0
960	169	0
961	208	0
962	197	0
963	180	0
964	204	0
965	237	0
966	194	0
967	213	0
968	195	0
969	195	0
970	197	0
971	194	0
972	198	0
973	196	0
974	218	0
975	188	0
976	201	0
977	191	0
978	202	0
979	203	0
980	193	0
981	210	0
982	197	0
983	217	0
984	206	0
985	196	0
986	215	0
987	210	0
988	216	0
989	186	0
990	190	0
991	177	0
992	196	0
993	186	0
994	198	0
995	169	0
996	167	0
997	208	0
998	187	0
999	205	0
1000	202	0
1001	192	0
1002	216	0
1003	206	0
1004	185	0
1005	189	0
1006	192	0
1007	224	0
1008	210	0
1009	192	0
1010	183	0
1011	193	0
1012	210	0
1013	172	0
1014	193	0
1015	197	0
1016	215	0
1017	167	0
1018	182	0
1019	212	0
1020	197	0
1021	193	0
1022	186	0
1023	190	0
1024	203	0
1025	205	0
1026	213	0
1027	173	0
1028	215	0
1029	197	0
1030	206	0
1031	180	0
1032	170	0
1033	197	0
1034	191	0
1035	211	0
1036	208	0
1037	196	0
1038	183	0
1039	194	0
1040	189	0
1041	180	0
1042	209	0
1043	198	0
1044	203	0
1045	213	0
1046	189	0
1047	199	0
1048	187	0
1049	204	0
1050	216	0
1051	193	0
1052	199	0
1053	206	0
1054	211	0
1055	186	0
1056	211	0
1057	206	0
1058	200	0
1059	199	0
1060	198	0
1061	185	0
1062	213	0
1063	210	0
1064	230	0
1065	199	0
1066	214	0
1067	200	0
1068	205	0
1069	183	0
1070	207	0
1071	215	0
1072	197	0
1073	219	0
1074	209	0
1075	194	0
1076	189	0
1077	196	0
1078	194	0
1079	202	0
1080	224	0
1081	224	0
1082	181	0
1083	208	0
1084	208	0
1085	172	0
1086	200	0
1087	178	0
1088	182	0
1089	190	0
1090	195	0
1091	194	0
1092	163	0
1093	183	0
1094	190	0
1095	209	0
1096	192	0
1097	201	0
1098	200	0
1099	204	0
1100	213	0
1101	206	0
1102	224	0
1103	211	0
1104	181	0
1105	205	0
1106	214	0
1107	218	0
1108	205	0
1109	202	0
1110	199	0
1111	198	0
1112	198	0
1113	230	0
1114	196	0
1115	180	0
1116	196	0
1117	194	0
1118	208	0
1119	199	0
1120	180	0
1121	182	0
1122	209	0
1123	189	0
1124	195	0
1125	195	0
1126	211	0
1127	221	0
1128	221	0
1129	211	0
1130	214	0
1131	195	0
1132	206	0
1133	186	0
1134	196	0
1135	198	0
1136	182	0
1137	191	0
1138	214	0
1139	216	0
1140	169	0
1141	194	0
1142	186	0
1143	185	0
1144	185	0
1145	213	0
1146	198	0
1147	194	0
1148	186	0
1149	196	0
1150	217	0
1151	187	0
1152	202	0
1153	194	0
1154	192	0
1155	188	0
1156	211	0
1157	193	0
1158	234	0
1159	197	0
1160	186	0
1161	193	0
1162	187	0
1163	188	0
1164	198	0
1165	196	0
1166	200	0
1167	201	0
1168	205	0
1169	189	0
1170	192	0
1171	190	0
1172	205	0
1173	217	0
1174	219	0
1175	202	0
1176	190	0
1177	190	0
1178	200	0
1179	239	0
1180	192	0
1181	205	0
1182	196	0
1183	215	0
1184	183	0
1185	195	0
1186	183	0
1187	186	0
1188	244	0
1189	194	0
1190	183	0
1191	217	0
1192	195	0
1193	204	0
1194	201	0
1195	194	0
1196	184	0
1197	224	0
1198	192	0
1199	160	0
1200	212	0
1201	192	0
1202	208	0
1203	228	0
1204	206	0
1205	169	0
1206	199	0
1207	190	0
1208	196	0
1209	184	0
1210	226	0
1211	227	0
1212	209	0
1213	199	0
1214	194	0
1215	189	0
1216	187	0
1217	185	0
1218	204	0
1219	203	0
1220	208	0
1221	238	0
1222	194	0
1223	191	0
1224	184	0
1225	223	0
1226	190	0
1227	222	0
1228	204	0
1229	198	0
1230	201	0
1231	214	0
1232	199	0
1233	199	0
1234	206	0
1235	199	0
1236	195	0
1237	206	0
1238	190	0
1239	212	0
1240	229	0
1241	206	0
1242	191	0
1243	176	0
1244	199	0
1245	208	0
1246	187	0
1247	225	0
1248	226	0
1249	179	0
1250	207	0
1251	199	0
1252	190	0
1253	223	0
1254	176	0
1255	188	0
1256	187	0
1257	197	0
1258	197	0
1259	199	0
1260	197	0
1261	229	0
1262	203	0
1263	192	0
1264	202	0
1265	170	0
1266	191	0
1267	202	0
1268	221	0
1269	193	0
1270	209	0
1271	160	0
1272	200	0
1273	191	0
1274	199	0
1275	212	0
1276	208	0
1277	205	0
1278	192	0
1279	188	0
1280	204	0
1281	221	0
1282	209	0
1283	201	0
1284	199	0
1285	179	0
1286	195	0
1287	188	0
1288	196	0
1289	195	0
1290	182	0
1291	198	0
1292	179	0
1293	209	0
1294	205	0
1295	230	0
1296	201	0
1297	228	0
1298	195	0
1299	206	0
1300	205	0
1301	176	0
1302	224	0
1303	205	0
1304	189	0
1305	208	0
1306	207	0
1307	194	0
1308	187	0
1309	195	0
1310	183	0
1311	195	0
1312	202	0
1313	224	0
1314	197	0
1315	189	0
1316	206	0
1317	194	0
1318	194	0
1319	210	0
1320	215	0
1321	240	0
1322	194	0
1323	187	0
1324	186	0
1325	203	0
1326	196	0
1327	200	0
1328	199	0
1329	195	0
1330	182	0
1331	184	0
1332	195	0
1333	194	0
1334	202	0
1335	181	0
1336	199	0
1337	181	0
1338	189	0
1339	196	0
1340	176	0
1341	226	0
1342	187	0
1343	200	0
1344	192	0
1345	207	0
1346	207	0
1347	202	0
1348	216	0
1349	189	0
1350	200	0
1351	176	0
1352	196	0
1353	238	0
1354	225	0
1355	212	0
1356	193	0
1357	169	0
1358	210	0
1359	217	0
1360	177	0
1361	221	0
1362	198	0
1363	209	0
1364	194	0
1365	216	0
1366	217	0
1367	232	0
1368	188	0
1369	210	0
1370	216	0
1371	227	0
1372	180	0
1373	193	0
1374	193	0
1375	195	0
1376	221	0
1377	218	0
1378	201	0
1379	197	0
1380	182	0
1381	221	0
1382	197	0
1383	208	0
1384	225	0
1385	213	0
1386	209	0
1387	197	0
1388	201	0
1389	189	0
1390	215	0
1391	187	0
1392	202	0
1393	207	0
1394	204	0
1395	212	0
1396	175	0
1397	190	0
1398	185	0
1399	180	0
1400	206	0
1401	168	0
1402	184	0
1403	223	0
1404	228	0
1405	206	0
1406	218	0
1407	185	0
1408	212	0
1409	211	0
1410	180	0
1411	222	0
1412	193	0
1413	219	0
1414	188	0
1415	184	0
1416	178	0
1417	178	0
1418	175	0
1419	197	0
1420	199	0
1421	192	0
1422	197	0
1423	176	0
1424	201	0
1425	197	0
1426	210	0
1427	182	0
1428	182	0
1429	183	0
1430	208	0
1431	187	0
1432	186	0
1433	199	0
1434	178	0
1435	198	0
1436	174	0
1437	197	0
1438	195	0
1439	203	0
1440	188	0
1441	213	0
1442	215	0
1443	194	0
1444	185	0
1445	217	0
1446	210	0
1447	190	0
1448	200	0
1449	217	0
1450	189	0
1451	189	0
1452	218	0
1453	193	0
1454	188	0
1455	216	0
1456	179	0
1457	180	0
1458	204	0
1459	166	0
1460	207	0
1461	212	0
1462	193	0
1463	204	0
1464	207	0
1465	202	0
1466	188	0
1467	190	0
1468	189	0
1469	203	0
1470	190	0
1471	195	0
1472	209	0
1473	195	0
1474	188	0
1475	205	0
1476	197	0
1477	208	0
1478	228	0
1479	196	0
1480	203	0
1481	217	0
1482	214	0
1483	214	0
1484	184	0
1485	212	0
1486	188	0
1487	194	0
1488	174	0
1489	189	0
1490	196	0
1491	197	0
1492	164	0
1493	216	0
1494	180	0
1495	194	0
1496	217	0
1497	207	0
1498	205	0
1499	214	0
1500	194	0
1501	195	0
1502	213	0
1503	194	0
1504	210	0
1505	220	0
1506	196	0
1507	161	0
1508	194	0
1509	185	0
1510	185	0
1511	197	0
1512	179	0
1513	213	0
1514	199	0
1515	216	0
1516	207	0
1517	220	0
1518	197	0
1519	206	0
1520	174	0
1521	202	0
1522	192	0
1523	198	0
1524	210	0
1525	185	0
1526	194	0
1527	221	0
1528	201	0
1529	199	0
1530	183	0
1531	199	0
1532	182	0
1533	196	0
1534	217	0
1535	204	0
1536	227	0
1537	208	0
1538	209	0
1539	209	0
1540	188	0
1541	193	0
1542	192	0
1543	185	0
1544	184	0
1545	193	0
1546	217	0
1547	206	0
1548	215	0
1549	191	0
1550	228	0
1551	209	0
1552	188	0
1553	201	0
1554	207	0
1555	195	0
1556	194	0
1557	226	0
1558	232	0
1559	211	0
1560	210	0
1561	212	0
1562	191	0
1563	211	0
1564	193	0
1565	204	0
1566	188	0
1567	182	0
1568	180	0
1569	187	0
1570	190	0
1571	202	0
1572	219	0
1573	228	0
1574	167	0
1575	202	0
1576	196	0
1577	203	0
1578	196	0
1579	206	0
1580	204	0
1581	202	0
1582	197	0
1583	219	0
1584	171	0
1585	205	0
1586	218	0
1587	179	0
1588	165	0
1589	205	0
1590	209	0
1591	201	0
1592	210	0
1593	215	0
1594	224	0
1595	169	0
1596	198	0
1597	194	0
1598	191	0
1599	224	0
1600	195	0
1601	198	0
1602	209	0
1603	204	0
1604	194	0
1605	191	0
1606	186	0
1607	205	0
1608	189	0
1609	186	0
1610	207	0
1611	191	0
1612	237	0
1613	209	0
1614	204	0
1615	180	0
1616	196	0
1617	210	0
1618	194	0
1619	202	0
1620	189	0
1621	242	0
1622	210	0
1623	195	0
1624	202	0
1625	196	0
1626	226	0
1627	196	0
1628	190	0
1629	171	0
1630	191	0
1631	221	0
1632	202	0
1633	205	0
1634	199	0
1635	187	0
1636	185	0
1637	189	0
1638	205	0
1639	192	0
1640	202	0
1641	221	0
1642	195	0
1643	191	0
1644	178	0
1645	194	0
1646	187	0
1647	211	0
1648	203	0
1649	186	0
1650	214	0
1651	220	0
1652	216	0
1653	187	0
1654	172	0
1655	198	0
1656	198	0
1657	199	0
1658	187	0
1659	208	0
1660	212	0
1661	196	0
1662	212	0
1663	199	0
1664	186	0
1665	211	0
1666	174	0
1667	188	0
1668	212	0
1669	182	0
1670	230	0
1671	221	0
1672	187	0
1673	194	0
1674	191	0
1675	195	0
1676	195	0
1677	183	0
1678	187	0
1679	184	0
1680	185	0
1681	209	0
1682	195	0
1683	207	0
1684	185	0
1685	188	0
1686	182	0
1687	172	0
1688	202	0
1689	177	0
1690	171	0
1691	218	0
1692	193	0
1693	186	0
1694	210	0
1695	200	0
1696	207	0
1697	196	0
1698	178	0
1699	171	0
1700	191	0
1701	199	0
1702	209	0
1703	217	0
1704	230	0
1705	196	0
1706	194	0
1707	201	0
1708	225	0
1709	179	0
1710	209	0
1711	212	0
1712	201	0
1713	206	0
1714	202	0
1715	173	0
1716	196	0
1717	186	0
1718	183	0
1719	202	0
1720	186	0
1721	206	0
1722	212	0
1723	184	0
1724	203	0
1725	186	0
1726	183	0
1727	207	0
1728	178	0
1729	196	0
1730	203	0
1731	201	0
1732	198	0
1733	197	0
1734	191	0
1735	199	0
1736	192	0
1737	217	0
1738	194	0
1739	209	0
1740	171	0
1741	199	0
1742	195	0
1743	174	0
1744	199	0
1745	205	0
1746	196	0
1747	200	0
1748	186	0
1749	203	0
1750	201	0
1751	212	0
1752	191	0
1753	188	0
1754	208	0
1755	210	0
1756	185	0
1757	191	0
1758	165	0
1759	209	0
1760	173	0
1761	194	0
1762	200	0
1763	205	0
1764	211	0
1765	221	0
1766	207	0
1767	216	0
1768	202	0
1769	198	0
1770	201	0
1771	181	0
1772	202	0
1773	203	0
1774	189	0
1775	187	0
1776	196	0
1777	201	0
1778	190	0
1779	199	0
1780	188	0
1781	169	0
1782	215	0
1783	196	0
1784	203	0
1785	202	0
1786	240	0
1787	210	0
1788	193	0
1789	224	0
1790	201	0
1791	201	0
1792	182	0
1793	176	0
1794	213	0
1795	178	0
1796	215	0
1797	205	0
1798	205	0
1799	194	0
1800	174	0
1801	185	0
1802	205	0
1803	173	0
1804	188	0
1805	186	0
1806	202	0
1807	183	0
1808	191	0
1809	188	0
1810	215	0
1811	200	0
1812	209	0
1813	227	0
1814	185	0
1815	218	0
1816	214	0
1817	204	0
1818	210	0
1819	191	0
1820	180	0
1821	176	0
1822	202	0
1823	191	0
1824	216	0
1825	187	0
1826	221	0
1827	201	0
1828	208	0
1829	175	0
1830	189	0
1831	215	0
1832	185	0
1833	205	0
1834	193	0
1835	188	0
1836	205	0
1837	191	0
1838	171	0
1839	217	0
1840	204	0
1841	204	0
1842	197	0
1843	217	0
1844	196	0
1845	233	0
1846	211	0
1847	200	0
1848	217	0
1849	203	0
1850	200	0
1851	198	0
1852	198	0
1853	200	0
1854	178	0
1855	191	0
1856	195	0
1857	209	0
1858	195	0
1859	225	0
1860	174	0
1861	201	0
1862	211	0
1863	206	0
1864	191	0
1865	223	0
1866	197	0
1867	208	0
1868	198	0
1869	184	0
1870	200	0
1871	203	0
1872	206	0
1873	185	0
1874	209	0
1875	185	0
1876	215	0
1877	200	0
1878	189	0
1879	188	0
1880	198	0
1881	187	0
1882	193	0
1883	194	0
1884	221	0
1885	215	0
1886	199	0
1887	185	0
1888	198	0
1889	216	0
1890	206	0
1891	206	0
1892	170	0
1893	203	0
1894	176	0
1895	189	0
1896	203	0
1897	184	0
1898	198	0
1899	227	0
1900	192	0
1901	205	0
1902	197	0
1903	220	0
1904	202	0
1905	192	0
1906	188	0
1907	192	0
1908	231	0
1909	191	0
1910	208	0
1911	218	0
1912	210	0
1913	189	0
1914	192	0
1915	199	0
1916	230	0
1917	208	0
1918	205	0
1919	219	0
1920	194	0
1921	193	0
1922	209	0
1923	201	0
1924	197	0
1925	192	0
1926	201	0
1927	196	0
1928	218	0
1929	230	0
1930	184	0
1931	206	0
1932	193	0
1933	220	0
1934	217	0
1935	173	0
1936	207	0
1937	191	0
1938	196	0
1939	193	0
1940	220	0
1941	189	0
1942	208	0
1943	225	0
1944	174	0
1945	198	0
1946	170	0
1947	197	0
1948	205	0
1949	192	0
1950	195	0
1951	198	0
1952	230	0
1953	183	0
1954	189	0
1955	204	0
1956	208	0
1957	205	0
1958	180	0
1959	187	0
1960	218	0
1961	187	0
1962	210	0
1963	209	0
1964	190	0
1965	189	0
1966	166	0
1967	206	0
1968	215	0
1969	204	0
1970	192	0
1971	202	0
1972	201	0
1973	205	0
1974	172	0
1975	187	0
1976	207	0
1977	195	0
1978	197	0
1979	216	0
1980	195	0
1981	186	0
1982	176	0
1983	172	0
1984	181	0
1985	205	0
1986	204	0
1987	202	0
1988	180	0
1989	176	0
1990	211	0
1991	161	0
1992	179	0
1993	173	0
1994	193	0
1995	184	0
1996	205	0
1997	207	0
1998	174	0
1999	202	0
2000	189	0
2001	200	0
2002	197	0
2003	169	0
2004	193	0
2005	208	0
2006	206	0
2007	192	0
2008	190	0
2009	220	0
2010	193	0
2011	206	0
2012	216	0
2013	198	0
2014	188	0
2015	214	0
2016	190	0
2017	210	0
2018	178	0
2019	227	0
2020	179	0
2021	178	0
2022	190	0
2023	190	0
2024	210	0
2025	200	0
2026	176	0
2027	196	0
2028	207	0
2029	173	0
2030	201	0
2031	186	0
2032	229	0
2033	184	0
2034	193	0
2035	188	0
2036	202	0
2037	189	0
2038	184	0
2039	200	0
2040	207	0
2041	187	0
2042	206	0
2043	181	0
2044	188	0
2045	202	0
2046	178	0
2047	171	0
2048	196	0
2049	210	0
2050	164	0
2051	199	0
2052	206	0
2053	198	0
2054	183	0
2055	219	0
2056	203	0
2057	228	0
2058	229	0
2059	216	0
2060	197	0
2061	181	0
2062	201	0
2063	208	0
2064	198	0
2065	185	0
2066	193	0
2067	198	0
2068	223	0
2069	189	0
2070	201	0
2071	188	0
2072	224	0
2073	214	0
2074	207	0
2075	192	0
2076	189	0
2077	195	0
2078	216	0
2079	190	0
2080	197	0
2081	194	0
2082	187	0
2083	205	0
2084	206	0
2085	216	0
2086	204	0
2087	208	0
2088	168	0
2089	197	0
2090	194	0
2091	216	0
2092	194	0
2093	210	0
2094	192	0
2095	200	0
2096	197	0
2097	195	0
2098	222	0
2099	226	0
2100	211	0
2101	193	0
2102	215	0
2103	206	0
2104	191	0
2105	209	0
2106	184	0
2107	216	0
2108	200	0
2109	188	0
2110	213	0
2111	210	0
2112	211	0
2113	201	0
2114	179	0
2115	190	0
2116	175	0
2117	194	0
2118	188	0
2119	178	0
2120	214	0
2121	233	0
2122	193	0
2123	200	0
2124	204	0
2125	199	0
2126	188	0
2127	205	0
2128	195	0
2129	202	0
2130	227	0
2131	192	0
2132	192	0
2133	186	0
2134	212	0
2135	191	0
2136	178	0
2137	203	0
2138	199	0
2139	206	0
2140	189	0
2141	221	0
2142	209	0
2143	175	0
2144	171	0
2145	208	0
2146	159	0
2147	182	0
2148	203	0
2149	204	0
2150	192	0
2151	204	0
2152	204	0
2153	225	0
2154	196	0
2155	201	0
2156	195	0
2157	191	0
2158	183	0
2159	190	0
2160	188	0
2161	207	0
2162	211	0
2163	212	0
2164	197	0
2165	178	0
2166	199	0
2167	195	0
2168	201	0
2169	172	0
2170	197	0
2171	192	0
2172	210	0
2173	186	0
2174	182	0
2175	182	0
2176	197	0
2177	199	0
2178	204	0
2179	210	0
2180	206	0
2181	173	0
2182	185	0
2183	187	0
2184	199	0
2185	189	0
2186	187	0
2187	212	0
2188	197	0
2189	199	0
2190	193	0
2191	202	0
2192	221	0
2193	212	0
2194	183	0
2195	189	0
2196	192	0
2197	192	0
2198	192	0
2199	215	0
2200	194	0
2201	204	0
2202	214	0
2203	202	0
2204	181	0
2205	199	0
2206	210	0
2207	234	0
2208	209	0
2209	222	0
2210	224	0
2211	196	0
2212	226	0
2213	196	0
2214	190	0
2215	217	0
2216	211	0
2217	206	0
2218	187	0
2219	191	0
2220	199	0
2221	208	0
2222	205	0
2223	199	0
2224	165	0
2225	190	0
2226	186	0
2227	214	0
2228	189	0
2229	158	0
2230	208	0
2231	203	0
2232	179	0
2233	200	0
2234	225	0
2235	187	0
2236	193	0
2237	201	0
2238	204	0
2239	188	0
2240	217	0
2241	201	0
2242	227	0
2243	165	0
2244	200	0
2245	185	0
2246	198	0
2247	185	0
2248	203	0
2249	207	0
2250	183	0
2251	183	0
2252	169	0
2253	191	0
2254	198	0
2255	195	0
2256	175	0
2257	191	0
2258	182	0
2259	178	0
2260	179	0
2261	222	0
2262	219	0
2263	182	0
2264	192	0
2265	215	0
2266	204	0
2267	214	0
2268	190	0
2269	221	0
2270	206	0
2271	189	0
2272	196	0
2273	193	0
2274	194	0
2275	208	0
2276	215	0
2277	208	0
2278	192	0
2279	209	0
2280	198	0
2281	209	0
2282	202	0
2283	195	0
2284	226	0
2285	217	0
2286	192	0
2287	192	0
2288	202	0
2289	189	0
2290	209	0
2291	180	0
2292	198	0
2293	209	0
2294	177	0
2295	163	0
2296	212	0
2297	196	0
2298	203	0
2299	211	0
2300	206	0
2301	202	0
2302	183	0
2303	204	0
2304	171	0
2305	191	0
2306	172	0
2307	207	0
2308	180	0
2309	202	0
2310	190	0
2311	185	0
2312	178	0
2313	205	0
2314	217	0
2315	210	0
2316	180	0
2317	198	0
2318	194	0
2319	210	0
2320	226	0
2321	203	0
2322	211	0
2323	171	0
2324	182	0
2325	192	0
2326	203	0
2327	200	0
2328	173	0
2329	189	0
2330	220	0
2331	209	0
2332	199	0
2333	181	0
2334	181	0
2335	202	0
2336	212	0
2337	199	0
2338	185	0
2339	185	0
2340	221	0
2341	187	0
2342	186	0
2343	199	0
2344	190	0
2345	177	0
2346	213	0
2347	214	0
2348	207	0
2349	213	0
2350	185	0
2351	205	0
2352	190	0
2353	202	0
2354	191	0
2355	206	0
2356	206	0
2357	183	0
2358	204	0
2359	195	0
2360	171	0
2361	190	0
2362	188	0
2363	224	0
2364	188	0
2365	209	0
2366	207	0
2367	194	0
2368	219	0
2369	207	0
2370	204	0
2371	189	0
2372	192	0
2373	191	0
2374	199	0
2375	201	0
2376	211	0
2377	191	0
2378	208	0
2379	199	0
2380	227	0
2381	183	0
2382	200	0
2383	191	0
2384	190	0
2385	179	0
2386	187	0
2387	220	0
2388	207	0
2389	229	0
2390	178	0
2391	193	0
2392	200	0
2393	216	0
2394	201	0
2395	196	0
2396	197	0
2397	200	0
2398	189	0
2399	218	0
2400	217	0
2401	218	0
2402	221	0
2403	204	0
2404	206	0
2405	201	0
2406	208	0
2407	185	0
2408	185	0
2409	214	0
2410	202	0
2411	184	0
2412	201	0
2413	206	0
2414	208	0
2415	193	0
2416	197	0
2417	197	0
2418	187	0
2419	222	0
2420	192	0
2421	222	0
2422	196	0
2423	212	0
2424	223	0
2425	176	0
2426	204	0
2427	182	0
2428	206	0
2429	208	0
2430	202	0
2431	211	0
2432	198	0
2433	193	0
2434	215	0
2435	187	0
2436	193	0
2437	188	0
2438	215	0
2439	191	0
2440	209	0
2441	188	0
2442	182	0
2443	221	0
2444	208	0
2445	215	0
2446	202	0
2447	214	0
2448	214	0
2449	190	0
2450	187	0
2451	180	0
2452	198	0
2453	182	0
2454	213	0
2455	213	0
2456	204	0
2457	199	0
2458	184	0
2459	187	0
2460	183	0
2461	190	0
2462	183	0
2463	208	0
2464	210	0
2465	196	0
2466	175	0
2467	212	0
2468	198	0
2469	186	0
2470	162	0
2471	189	0
2472	205	0
2473	190	0
2474	173	0
2475	206	0
2476	177	0
2477	199	0
2478	170	0
2479	204	0
2480	196	0
2481	204	0
2482	188	0
2483	178	0
2484	198	0
2485	183	0
2486	179	0
2487	197	0
2488	217	0
2489	186	0
2490	195	0
2491	204	0
2492	184	0
2493	210	0
2494	187	0
2495	216	0
2496	191	0
2497	170	0
2498	210	0
2499	182	0
2500	205	0
2501	190	0
2502	203	0
2503	198	0
2504	190	0
2505	192	0
2506	204	0
2507	187	0
2508	191	0
2509	202	0
2510	198	0
2511	204	0
2512	212	0
2513	191	0
2514	198	0
2515	195	0
2516	195	0
2517	202	0
2518	187	0
2519	206	0
2520	192	0
2521	202	0
2522	203	0
2523	199	0
2524	222	0
2525	174	0
2526	197	0
2527	179	0
2528	191	0
2529	202	0
2530	194	0
2531	192	0
2532	229	0
2533	190	0
2534	179	0
2535	172	0
2536	197	0
2537	207	0
2538	164	0
2539	209	0
2540	193	0
2541	183	0
2542	203	0
2543	207	0
2544	204	0
2545	192	0
2546	175	0
2547	186	0
2548	212	0
2549	227	0
2550	187	0
2551	214	0
2552	212	0
2553	183	0
2554	193	0
2555	188	0
2556	197	0
2557	194	0
2558	210	0
2559	202	0
2560	186	0
2561	219	0
2562	195	0
2563	220	0
2564	213	0
2565	192	0
2566	191	0
2567	174	0
2568	200	0
2569	207	0
2570	209	0
2571	167	0
2572	152	0
2573	194	0
2574	211	0
2575	213	0
2576	207	0
2577	213	0
2578	198	0
2579	202	0
2580	190	0
2581	184	0
2582	215	0
2583	203	0
2584	224	0
2585	179	0
2586	222	0
2587	202	0
2588	200	0
2589	215	0
2590	180	0
2591	214	0
2592	224	0
2593	206	0
2594	210	0
2595	209	0
2596	245	0
2597	194	0
2598	204	0
2599	189	0
2600	212	0
2601	199	0
2602	190	0
2603	181	0
2604	199	0
2605	193	0
2606	188	0
2607	216	0
2608	214	0
2609	192	0
2610	181	0
2611	192	0
2612	203	0
2613	187	0
2614	186	0
2615	184	0
2616	206	0
2617	210	0
2618	226	0
2619	216	0
2620	235	0
2621	203	0
2622	216	0
2623	192	0
2624	190	0
2625	186	0
2626	196	0
2627	193	0
2628	204	0
2629	235	0
2630	197	0
2631	206	0
2632	223	0
2633	208	0
2634	200	0
2635	200	0
2636	181	0
2637	189	0
2638	200	0
2639	213	0
2640	205	0
2641	197	0
2642	205	0
2643	192	0
2644	226	0
2645	220	0
2646	212	0
2647	214	0
2648	202	0
2649	219	0
2650	191	0
2651	212	0
2652	175	0
2653	218	0
2654	187	0
2655	204	0
2656	201	0
2657	192	0
2658	195	0
2659	179	0
2660	203	0
2661	179	0
2662	200	0
2663	199	0
2664	172	0
2665	191	0
2666	183	0
2667	207	0
2668	203	0
2669	200	0
2670	196	0
2671	197	0
2672	194	0
2673	216	0
2674	183	0
2675	228	0
2676	191	0
2677	209	0
2678	185	0
2679	195	0
2680	167	0
2681	208	0
2682	219	0
2683	196	0
2684	197	0
2685	184	0
2686	180	0
2687	213	0
2688	224	0
2689	204	0
2690	207	0
2691	206	0
2692	199	0
2693	201	0
2694	217	0
2695	226	0
2696	207	0
2697	174	0
2698	193	0
2699	222	0
2700	204	0
2701	186	0
2702	192	0
2703	197	0
2704	198	0
2705	226	0
2706	218	0
2707	216	0
2708	229	0
2709	212	0
2710	192	0
2711	199	0
2712	217	0
2713	213	0
2714	191	0
2715	172	0
2716	205	0
2717	220	0
2718	212	0
2719	204	0
2720	206	0
2721	200	0
2722	203	0
2723	217	0
2724	170	0
2725	206	0
2726	195	0
2727	183	0
2728	186	0
2729	196	0
2730	194	0
2731	199	0
2732	189	0
2733	223	0
2734	211	0
2735	196	0
2736	219	0
2737	184	0
2738	178	0
2739	197	0
2740	178	0
2741	209	0
2742	204	0
2743	204	0
2744	165	0
2745	224	0
2746	199	0
2747	217	0
2748	217	0
2749	213	0
2750	193	0
2751	180	0
2752	184	0
2753	214	0
2754	213	0
2755	201	0
2756	189	0
2757	183	0
2758	212	0
2759	185	0
2760	184	0
2761	231	0
2762	183	0
2763	188	0
2764	210	0
2765	190	0
2766	184	0
2767	174	0
2768	198	0
2769	187	0
2770	182	0
2771	195	0
2772	220	0
2773	197	0
2774	204	0
2775	200	0
2776	217	0
2777	212	0
2778	198	0
2779	195	0
2780	194	0
2781	190	0
2782	201	0
2783	206	0
2784	217	0
2785	183	0
2786	171	0
2787	214	0
2788	206	0
2789	188	0
2790	210	0
2791	171	0
2792	182	0
2793	177	0
2794	197	0
2795	203	0
2796	212	0
2797	180	0
2798	199	0
2799	188	0
2800	186	0
2801	192	0
2802	197	0
2803	194	0
2804	195	0
2805	206	0
2806	180	0
2807	200	0
2808	192	0
2809	215	0
2810	206	0
2811	216	0
2812	205	0
2813	175	0
2814	198	0
2815	170	0
2816	208	0
2817	182	0
2818	198	0
2819	216	0
2820	195	0
2821	204	0
2822	203	0
2823	200	0
2824	208	0
2825	195	0
2826	197	0
2827	178	0
2828	188	0
2829	219	0
2830	176	0
2831	197	0
2832	196	0
2833	188	0
2834	189	0
2835	210	0
2836	189	0
2837	183	0
2838	194	0
2839	214	0
2840	180	0
2841	219	0
2842	206	0
2843	189	0
2844	204	0
2845	209	0
2846	189	0
2847	224	0
2848	222	0
2849	210	0
2850	207	0
2851	197	0
2852	219	0
2853	195	0
2854	191	0
2855	187	0
2856	165	0
2857	170	0
2858	193	0
2859	178	0
2860	210	0
2861	217	0
2862	182	0
2863	189	0
2864	222	0
2865	180	0
2866	203	0
2867	204	0
2868	189	0
2869	206	0
2870	200	0
2871	215	0
2872	202	0
2873	200	0
2874	200	0
2875	194	0
2876	181	0
2877	183	0
2878	178	0
2879	193	0
2880	187	0
2881	230	0
2882	213	0
2883	225	0
2884	202	0
2885	209	0
2886	193	0
2887	194	0
2888	208	0
2889	192	0
2890	179	0
2891	198	0
2892	206	0
2893	217	0
2894	159	0
2895	195	0
2896	191	0
2897	222	0
2898	188	0
2899	214	0
2900	199	0
2901	199	0
2902	200	0
2903	209	0
2904	217	0
2905	193	0
2906	207	0
2907	193	0
2908	203	0
2909	206	0
2910	198	0
2911	190	0
2912	206	0
2913	211	0
2914	206	0
2915	198	0
2916	192	0
2917	193	0
2918	190	0
2919	191	0
2920	194	0
2921	190	0
2922	217	0
2923	166	0
2924	202	0
2925	223	0
2926	207	0
2927	193	0
2928	191	0
2929	175	0
2930	159	0
2931	195	0
2932	223	0
2933	190	0
2934	199	0
2935	221	0
2936	217	0
2937	210	0
2938	198	0
2939	212	0
2940	227	0
2941	197	0
2942	219	0
2943	218	0
2944	204	0
2945	178	0
2946	229	0
2947	244	0
2948	202	0
2949	210	0
2950	180	0
2951	185	0
2952	197	0
2953	184	0
2954	195	0
2955	208	0
2956	210	0
2957	210	0
2958	189	0
2959	203	0
2960	187	0
2961	211	0
2962	208	0
2963	195	0
2964	224	0
2965	200	0
2966	195	0
2967	205	0
2968	199	0
2969	211	0
2970	203	0
2971	198	0
2972	215	0
2973	208	0
2974	192	0
2975	181	0
2976	188	0
2977	214	0
2978	195	0
2979	194	0
2980	188	0
2981	211	0
2982	201	0
2983	203	0
2984	213	0
2985	194	0
2986	175	0
2987	195	0
2988	216	0
2989	196	0
2990	213	0
2991	208	0
2992	181	0
2993	181	0
2994	237	0
2995	187	0
2996	181	0
2997	201	0
2998	197	0
2999	222	0
3000	187	0
