1	217	0
2	196	0
3	189	0
4	181	0
5	186	0
6	204	0
7	184	0
8	201	0
9	190	0
10	206	0
11	226	0
12	207	0
13	229	0
14	199	0
15	210	0
16	208	0
17	192	0
18	195	0
19	206	0
20	184	0
21	195	0
22	195	0
23	197	0
24	185	0
25	193	0
26	219	0
27	179	0
28	217	0
29	175	0
30	186	0
31	204	0
32	219	0
33	208	0
34	192	0
35	202	0
36	197	0
37	209	0
38	183	0
39	178	0
40	220	0
41	187	0
42	189	0
43	203	0
44	184	0
45	212	0
46	190	0
47	184	0
48	205	0
49	192	0
50	178	0
51	201	0
52	200	0
53	210	0
54	204	0
55	190	0
56	207	0
57	195	0
58	227	0
59	214	0
60	177	0
61	241	0
62	207	0
63	204	0
64	211	0
65	198	0
66	215	0
67	177	0
68	181	0
69	208	0
70	210	0
71	194	0
72	217	0
73	193	0
74	175	0
75	194	0
76	220	0
77	196	0
78	219	0
79	209	0
80	225	0
81	219	0
82	182	0
83	186	0
84	215	0
85	198	0
86	220	0
87	182	0
88	205	0
89	198	0
90	215	0
91	189	0
92	201	0
93	195	0
94	179	0
95	208	0
96	221	0
97	177	0
98	216	0
99	196	0
100	209	0
101	192	0
102	193	0
103	196	0
104	205	0
105	201	0
106	219	0
107	212	0
108	212	0
109	194	0
110	201	0
111	201	0
112	190	0
113	195	0
114	187	0
115	195	0
116	226	0
117	199	0
118	210	0
119	193	0
120	210	0
121	184	0
122	193	0
123	173	0
124	193	0
125	218	0
126	191	0
127	213	0
128	185	0
129	225	0
130	184	0
131	203	0
132	203	0
133	206	0
134	206	0
135	199	0
136	193	0
137	224	0
138	196	0
139	179	0
140	195	0
141	210	0
142	195	0
143	210	0
144	172	0
145	194	0
146	195	0
147	203	0
148	206	0
149	204	0
150	206	0
151	203	0
152	205	0
153	205	0
154	222	0
155	196	0
156	186	0
157	181	0
158	186	0
159	187	0
160	222	0
161	209	0
162	202	0
163	218	0
164	206	0
165	215	0
166	230	0
167	218	0
168	172	0
169	188	0
170	213	0
171	188	0
172	204	0
173	191	0
174	188	0
175	164	0
176	192	0
177	190	0
178	223	0
179	221	0
180	209	0
181	197	0
182	174	0
183	185	0
184	200	0
185	205	0
186	194	0
187	206	0
188	189	0
189	220	0
190	200	0
191	208	0
192	210	0
193	210	0
194	186	0
195	213	0
196	199	0
197	183	0
198	195	0
199	176	0
200	210	0
201	218	0
202	194	0
203	214	0
204	197	0
205	204	0
206	220	0
207	200	0
208	184	0
209	205	0
210	195	0
211	201	0
212	216	0
213	217	0
214	216	0
215	206	0
216	208	0
217	227	0
218	183	0
219	198	0
220	199	0
221	184	0
222	221	0
223	194	0
224	187	0
225	191	0
226	185	0
227	200	0
228	234	0
229	225	0
230	224	0
231	202	0
232	190	0
233	186	0
234	227	0
235	184	0
236	200	0
237	200	0
238	208	0
239	198	0
240	162	0
241	193	0
242	192	0
243	210	0
244	192	0
245	237	0
246	202	0
247	193	0
248	205	0
249	197	0
250	213	0
251	194	0
252	170	0
253	206	0
254	193	0
255	210	0
256	181	0
257	201	0
258	178	0
259	193	0
260	207	0
261	229	0
262	192	0
263	197	0
264	202	0
265	199	0
266	188	0
267	210	0
268	200	0
269	178	0
270	208	0
271	196	0
272	203	0
273	198	0
274	210	0
275	195	0
276	185	0
277	223	0
278	217	0
279	195	0
280	196	0
281	210	0
282	198	0
283	197	0
284	193	0
285	205	0
286	195	0
287	187	0
288	187	0
289	216	0
290	173	0
291	201	0
292	180	0
293	214	0
294	244	0
295	180	0
296	199	0
297	225	0
298	199	0
299	214	0
300	201	0
301	218	0
302	191	0
303	210	0
304	218	0
305	186	0
306	203	0
307	216	0
308	213	0
309	179	0
310	185	0
311	185	0
312	217	0
313	180	0
314	189	0
315	187	0
316	185	0
317	205	0
318	210	0
319	184	0
320	209	0
321	194	0
322	172	0
323	238	0
324	215	0
325	221	0
326	186	0
327	193	0
328	192	0
329	191	0
330	206	0
331	221	0
332	186	0
333	190	0
334	192	0
335	207	0
336	184	0
337	202	0
338	225	0
339	182	0
340	199	0
341	216	0
342	216	0
343	224	0
344	199	0
345	201	0
346	193	0
347	172	0
348	201	0
349	215	0
350	215	0
351	195	0
352	200	0
353	196	0
354	188	0
355	202	0
356	213	0
357	194	0
358	192	0
359	193	0
360	197	0
361	220	0
362	202	0
363	180	0
364	216	0
365	213	0
366	214	0
367	165	0
368	225	0
369	204	0
370	211	0
371	203	0
372	212	0
373	208	0
374	202	0
375	202	0
376	211	0
377	219	0
378	210	0
379	186	0
380	199	0
381	206	0
382	196	0
383	185	0
384	222	0
385	193	0
386	192	0
387	204	0
388	181	0
389	191	0
390	163	0
391	206	0
392	202	0
393	189	0
394	205	0
395	175	0
396	177	0
397	206	0
398	175	0
399	213	0
400	204	0
401	200	0
402	224	0
403	200	0
404	209	0
405	177	0
406	196	0
407	226	0
408	205	0
409	209	0
410	212	0
411	185	0
412	190	0
413	228	0
414	203	0
415	198	0
416	177	0
417	203	0
418	219	0
419	209	0
420	203	0
421	217	0
422	192	0
423	209	0
424	195	0
425	215	0
426	233	0
427	193	0
428	199	0
429	182	0
430	197	0
431	200	0
432	187	0
433	180	0
434	192	0
435	193	0
436	195	0
437	184	0
438	200	0
439	162	0
440	178	0
441	202	0
442	219	0
443	218	0
444	217	0
445	214	0
446	194	0
447	231	0
448	206	0
449	184	0
450	181	0
451	209	0
452	179	0
453	218	0
454	209	0
455	230	0
456	222	0
457	192	0
458	193	0
459	180	0
460	196	0
461	203	0
462	177	0
463	219	0
464	216	0
465	213	0
466	226	0
467	192	0
468	238	0
469	189	0
470	195	0
471	216	0
472	198	0
473	205	0
474	231	0
475	203	0
476	200	0
477	190	0
478	178	0
479	227	0
480	218	0
481	201	0
482	179	0
483	220	0
484	206	0
485	212	0
486	195	0
487	198	0
488	192	0
489	204	0
490	197	0
491	219	0
492	215	0
493	185	0
494	203	0
495	177	0
496	195	0
497	186	0
498	203	0
499	243	0
500	201	0
501	218	0
502	199	0
503	209	0
504	208	0
505	190	0
506	207	0
507	195	0
508	188	0
509	202	0
510	219	0
511	213	0
512	212	0
513	196	0
514	194	0
515	209	0
516	204	0
517	197	0
518	212	0
519	203	0
520	180	0
521	219	0
522	217	0
523	178	0
524	196	0
525	203	0
526	199	0
527	185	0
528	195	0
529	189	0
530	198	0
531	207	0
532	213	0
533	187	0
534	186	0
535	223	0
536	218	0
537	201	0
538	186	0
539	199	0
540	201	0
541	184	0
542	212	0
543	204	0
544	214	0
545	212	0
546	223	0
547	202	0
548	198	0
549	198	0
550	201	0
551	200	0
552	208	0
553	210	0
554	201	0
555	200	0
556	217	0
557	191	0
558	203	0
559	185	0
560	192	0
561	209	0
562	205	0
563	196	0
564	202	0
565	197	0
566	206	0
567	199	0
568	176	0
569	221	0
570	187	0
571	215	0
572	198	0
573	202	0
574	200	0
575	194	0
576	185	0
577	183	0
578	196	0
579	230	0
580	212	0
581	177	0
582	201	0
583	212	0
584	205	0
585	209	0
586	181	0
587	210	0
588	198	0
589	206	0
590	211	0
591	233	0
592	225	0
593	222	0
594	201	0
595	190	0
596	190	0
597	199	0
598	204	0
599	218	0
600	196	0
601	201	0
602	221	0
603	200	0
604	216	0
605	208	0
606	227	0
607	210	0
608	195	0
609	208	0
610	183	0
611	194	0
612	197	0
613	198	0
614	217	0
615	205	0
616	205	0
617	193	0
618	202	0
619	219	0
620	212	0
621	210	0
622	176	0
623	191	0
624	206	0
625	212	0
626	213	0
627	224	0
628	169	0
629	216	0
630	175	0
631	199	0
632	195	0
633	183	0
634	193	0
635	180	0
636	195	0
637	207	0
638	172	0
639	194	0
640	201	0
641	189	0
642	196	0
643	221	0
644	217	0
645	233	0
646	193	0
647	200	0
648	208	0
649	204	0
650	199	0
651	198	0
652	211	0
653	244	0
654	194	0
655	221	0
656	188	0
657	184	0
658	219	0
659	202	0
660	181	0
661	222	0
662	231	0
663	195	0
664	209	0
665	193	0
666	226	0
667	219	0
668	194	0
669	204	0
670	201	0
671	192	0
672	187	0
673	177	0
674	229	0
675	211	0
676	208	0
677	188	0
678	206	0
679	206	0
680	219	0
681	200	0
682	208	0
683	199	0
684	198	0
685	210	0
686	197	0
687	196	0
688	223	0
689	213	0
690	213	0
691	215	0
692	201	0
693	230	0
694	188	0
695	200	0
696	195	0
697	199	0
698	185	0
699	192	0
700	169	0
701	210	0
702	184	0
703	201	0
704	210	0
705	199	0
706	196	0
707	201	0
708	205	0
709	210	0
710	205	0
711	193	0
712	206	0
713	190	0
714	208	0
715	191	0
716	228	0
717	182	0
718	180	0
719	207	0
720	188	0
721	221	0
722	230	0
723	183	0
724	181	0
725	185	0
726	210	0
727	235	0
728	192	0
729	202	0
730	230	0
731	225	0
732	178	0
733	182	0
734	222	0
735	224	0
736	191	0
737	209	0
738	185	0
739	186	0
740	199	0
741	219	0
742	200	0
743	188	0
744	212	0
745	206	0
746	184	0
747	190	0
748	200	0
749	206	0
750	213	0
751	175	0
752	182	0
753	210	0
754	230	0
755	208	0
756	227	0
757	201	0
758	182	0
759	221	0
760	237	0
761	207	0
762	194	0
763	185	0
764	205	0
765	199	0
766	201	0
767	208	0
768	213	0
769	213	0
770	197	0
771	202	0
772	202	0
773	220	0
774	202	0
775	200	0
776	200	0
777	202	0
778	200	0
779	201	0
780	216	0
781	196	0
782	200	0
783	181	0
784	199	0
785	225	0
786	180	0
787	212	0
788	186	0
789	211	0
790	233	0
791	223	0
792	199	0
793	174	0
794	211	0
795	174	0
796	189	0
797	210	0
798	199	0
799	184	0
800	208	0
801	203	0
802	199	0
803	191	0
804	187	0
805	186	0
806	226	0
807	208	0
808	211	0
809	198	0
810	196	0
811	184	0
812	187	0
813	217	0
814	224	0
815	201	0
816	197	0
817	187	0
818	196	0
819	220	0
820	192	0
821	184	0
822	203	0
823	181	0
824	196	0
825	197	0
826	192	0
827	200	0
828	173	0
829	189	0
830	181	0
831	188	0
832	180	0
833	198	0
834	221	0
835	174	0
836	218	0
837	198	0
838	211	0
839	178	0
840	209	0
841	196	0
842	218	0
843	213	0
844	204	0
845	191	0
846	190	0
847	199	0
848	212	0
849	226	0
850	214	0
851	179	0
852	198	0
853	233	0
854	218	0
855	197	0
856	214	0
857	215	0
858	201	0
859	176	0
860	210	0
861	190	0
862	193	0
863	179	0
864	232	0
865	214	0
866	207	0
867	209	0
868	205	0
869	203	0
870	222	0
871	183	0
872	176	0
873	186	0
874	187	0
875	200	0
876	195	0
877	202	0
878	178	0
879	192	0
880	211	0
881	183	0
882	214	0
883	193	0
884	193	0
885	219	0
886	203	0
887	210	0
888	205	0
889	215	0
890	206	0
891	213	0
892	172	0
893	210	0
894	184	0
895	225	0
896	201	0
897	211	0
898	208	0
899	183	0
900	202	0
901	219	0
902	204	0
903	225	0
904	183	0
905	183	0
906	227	0
907	202	0
908	205	0
909	215	0
910	186	0
911	209	0
912	220	0
913	224	0
914	188	0
915	237	0
916	194	0
917	205	0
918	164	0
919	190	0
920	197	0
921	205	0
922	183	0
923	199	0
924	190	0
925	186	0
926	200	0
927	193	0
928	188	0
929	199	0
930	188	0
931	207	0
932	187	0
933	216	0
934	198	0
935	198	0
936	210	0
937	187	0
938	215	0
939	200	0
940	211	0
941	184	0
942	227	0
943	187	0
944	187	0
945	186	0
946	177	0
947	207	0
948	210	0
949	205	0
950	210	0
951	199	0
952	200	0
953	195	0
954	170	0
955	215	0
956	185	0
957	198	0
958	222	0
959	215	0
960	177	0
961	203	0
962	181	0
963	210	0
964	202	0
965	220	0
966	181	0
967	196	0
968	183	0
969	183	0
970	234	0
971	190	0
972	195	0
973	206	0
974	205	0
975	213	0
976	189	0
977	199	0
978	212	0
979	198	0
980	181	0
981	205	0
982	244	0
983	201	0
984	197	0
985	208	0
986	190	0
987	203	0
988	202	0
989	177	0
990	199	0
991	203	0
992	191	0
993	211	0
994	183	0
995	204	0
996	233	0
997	211	0
998	202	0
999	209	0
1000	216	0
1001	197	0
1002	189	0
1003	227	0
1004	182	0
1005	203	0
1006	183	0
1007	200	0
1008	217	0
1009	204	0
1010	227	0
1011	214	0
1012	214	0
1013	209	0
1014	189	0
1015	183	0
1016	207	0
1017	194	0
1018	200	0
1019	207	0
1020	179	0
1021	209	0
1022	223	0
1023	200	0
1024	180	0
1025	222	0
1026	192	0
1027	185	0
1028	220	0
1029	195	0
1030	201	0
1031	188	0
1032	181	0
1033	223	0
1034	219	0
1035	196	0
1036	205	0
1037	175	0
1038	176	0
1039	188	0
1040	220	0
1041	209	0
1042	206	0
1043	186	0
1044	178	0
1045	217	0
1046	215	0
1047	198	0
1048	211	0
1049	205	0
1050	201	0
1051	199	0
1052	213	0
1053	201	0
1054	226	0
1055	205	0
1056	204	0
1057	214	0
1058	224	0
1059	216	0
1060	191	0
1061	220	0
1062	201	0
1063	225	0
1064	202	0
1065	193	0
1066	212	0
1067	219	0
1068	205	0
1069	199	0
1070	189	0
1071	199	0
1072	189	0
1073	198	0
1074	187	0
1075	201	0
1076	225	0
1077	208	0
1078	242	0
1079	178	0
1080	187	0
1081	222	0
1082	179	0
1083	185	0
1084	201	0
1085	194	0
1086	207	0
1087	194	0
1088	182	0
1089	205	0
1090	196	0
1091	194	0
1092	203	0
1093	182	0
1094	207	0
1095	177	0
1096	213	0
1097	217	0
1098	184	0
1099	191	0
1100	210	0
1101	186	0
1102	212	0
1103	213	0
1104	200	0
1105	207	0
1106	197	0
1107	192	0
1108	216	0
1109	194	0
1110	207	0
1111	194	0
1112	195	0
1113	226	0
1114	210	0
1115	208	0
1116	205	0
1117	196	0
1118	201	0
1119	181	0
1120	188	0
1121	196	0
1122	221	0
1123	220	0
1124	197	0
1125	196	0
1126	192	0
1127	182	0
1128	212	0
1129	184	0
1130	199	0
1131	188	0
1132	196	0
1133	185	0
1134	195	0
1135	212	0
1136	195	0
1137	196	0
1138	214	0
1139	211	0
1140	188	0
1141	189	0
1142	215	0
1143	210	0
1144	211	0
1145	193	0
1146	197	0
1147	201	0
1148	190	0
1149	222	0
1150	199	0
1151	220	0
1152	186	0
1153	219	0
1154	222	0
1155	204	0
1156	211	0
1157	189	0
1158	171	0
1159	193	0
1160	212	0
1161	202	0
1162	245	0
1163	181	0
1164	208	0
1165	232	0
1166	220	0
1167	198	0
1168	206	0
1169	195	0
1170	188	0
1171	191	0
1172	208	0
1173	198	0
1174	217	0
1175	201	0
1176	225	0
1177	202	0
1178	214	0
1179	184	0
1180	190	0
1181	211	0
1182	194	0
1183	191	0
1184	216	0
1185	214	0
1186	201	0
1187	190	0
1188	213	0
1189	191	0
1190	186	0
1191	203	0
1192	185	0
1193	203	0
1194	200	0
1195	207	0
1196	193	0
1197	213	0
1198	188	0
1199	207	0
1200	159	0
1201	171	0
1202	206	0
1203	209	0
1204	197	0
1205	187	0
1206	184	0
1207	201	0
1208	222	0
1209	185	0
1210	191	0
1211	210	0
1212	189	0
1213	199	0
1214	202	0
1215	213	0
1216	195	0
1217	207	0
1218	182	0
1219	204	0
1220	207	0
1221	199	0
1222	204	0
1223	180	0
1224	180	0
1225	195	0
1226	206	0
1227	198	0
1228	212	0
1229	214	0
1230	183	0
1231	235	0
1232	194	0
1233	181	0
1234	205	0
1235	219	0
1236	190	0
1237	191	0
1238	189	0
1239	212	0
1240	185	0
1241	215	0
1242	222	0
1243	158	0
1244	231	0
1245	211	0
1246	173	0
1247	195	0
1248	207	0
1249	207	0
1250	188	0
1251	231	0
1252	207	0
1253	194	0
1254	200	0
1255	226	0
1256	198	0
1257	171	0
1258	225	0
1259	206	0
1260	206	0
1261	231	0
1262	178	0
1263	201	0
1264	196	0
1265	203	0
1266	175	0
1267	194	0
1268	226	0
1269	233	0
1270	198	0
1271	198	0
1272	195	0
1273	201	0
1274	210	0
1275	198	0
1276	201	0
1277	222	0
1278	197	0
1279	220	0
1280	217	0
1281	181	0
1282	187	0
1283	176	0
1284	209	0
1285	190	0
1286	211	0
1287	205	0
1288	192	0
1289	195	0
1290	199	0
1291	200	0
1292	184	0
1293	178	0
1294	184	0
1295	202	0
1296	180	0
1297	182	0
1298	207	0
1299	193	0
1300	170	0
1301	207	0
1302	192	0
1303	213	0
1304	189	0
1305	198	0
1306	208	0
1307	213	0
1308	196	0
1309	191	0
1310	203	0
1311	228	0
1312	225	0
1313	174	0
1314	196	0
1315	207	0
1316	197	0
1317	185	0
1318	171	0
1319	197	0
1320	212	0
1321	167	0
1322	206	0
1323	183	0
1324	213	0
1325	191	0
1326	203	0
1327	185	0
1328	194	0
1329	226	0
1330	174	0
1331	195	0
1332	205	0
1333	177	0
1334	233	0
1335	222	0
1336	215	0
1337	195	0
1338	201	0
1339	196	0
1340	219	0
1341	197	0
1342	192	0
1343	183	0
1344	216	0
1345	201	0
1346	180	0
1347	201	0
1348	188	0
1349	201	0
1350	194	0
1351	197	0
1352	190	0
1353	220	0
1354	225	0
1355	225	0
1356	202	0
1357	205	0
1358	196	0
1359	196	0
1360	200	0
1361	237	0
1362	212	0
1363	189	0
1364	189	0
1365	191	0
1366	226	0
1367	218	0
1368	202	0
1369	221	0
1370	198	0
1371	202	0
1372	181	0
1373	195	0
1374	192	0
1375	193	0
1376	229	0
1377	183	0
1378	209	0
1379	223	0
1380	193	0
1381	193	0
1382	188	0
1383	175	0
1384	228	0
1385	206	0
1386	226	0
1387	206	0
1388	228	0
1389	189	0
1390	207	0
1391	216	0
1392	181	0
1393	235	0
1394	189	0
1395	223	0
1396	209	0
1397	213	0
1398	211	0
1399	208	0
1400	199	0
1401	221	0
1402	199	0
1403	188	0
1404	183	0
1405	190	0
1406	191	0
1407	224	0
1408	191	0
1409	213	0
1410	211	0
1411	182	0
1412	228	0
1413	184	0
1414	190	0
1415	210	0
1416	224	0
1417	216	0
1418	197	0
1419	194	0
1420	197	0
1421	182	0
1422	204	0
1423	196	0
1424	182	0
1425	241	0
1426	197	0
1427	214	0
1428	203	0
1429	176	0
1430	227	0
1431	184	0
1432	176	0
1433	219	0
1434	180	0
1435	206	0
1436	238	0
1437	202	0
1438	208	0
1439	201	0
1440	180	0
1441	191	0
1442	217	0
1443	202	0
1444	215	0
1445	206	0
1446	203	0
1447	215	0
1448	194	0
1449	183	0
1450	188	0
1451	195	0
1452	192	0
1453	219	0
1454	181	0
1455	236	0
1456	177	0
1457	184	0
1458	202	0
1459	194	0
1460	240	0
1461	172	0
1462	179	0
1463	196	0
1464	206	0
1465	216	0
1466	193	0
1467	212	0
1468	189	0
1469	181	0
1470	203	0
1471	194	0
1472	198	0
1473	213	0
1474	219	0
1475	196	0
1476	191	0
1477	197	0
1478	182	0
1479	229	0
1480	198	0
1481	206	0
1482	205	0
1483	207	0
1484	204	0
1485	212	0
1486	200	0
1487	215	0
1488	202	0
1489	203	0
1490	186	0
1491	221	0
1492	228	0
1493	189	0
1494	215	0
1495	193	0
1496	220	0
1497	228	0
1498	208	0
1499	236	0
1500	178	0
1501	185	0
1502	184	0
1503	201	0
1504	208	0
1505	185	0
1506	207	0
1507	213	0
1508	193	0
1509	206	0
1510	190	0
1511	198	0
1512	194	0
1513	209	0
1514	192	0
1515	211	0
1516	196	0
1517	193	0
1518	190	0
1519	188	0
1520	187	0
1521	187	0
1522	210	0
1523	203	0
1524	183	0
1525	162	0
1526	203	0
1527	198	0
1528	178	0
1529	205	0
1530	194	0
1531	218	0
1532	176	0
1533	214	0
1534	191	0
1535	193	0
1536	193	0
1537	201	0
1538	206	0
1539	197	0
1540	206	0
1541	208	0
1542	212	0
1543	194	0
1544	202	0
1545	209	0
1546	174	0
1547	192	0
1548	210	0
1549	171	0
1550	204	0
1551	168	0
1552	192	0
1553	213	0
1554	224	0
1555	220	0
1556	203	0
1557	220	0
1558	193	0
1559	170	0
1560	187	0
1561	198	0
1562	209	0
1563	226	0
1564	183	0
1565	198	0
1566	198	0
1567	218	0
1568	200	0
1569	210	0
1570	203	0
1571	224	0
1572	210	0
1573	211	0
1574	186	0
1575	225	0
1576	195	0
1577	184	0
1578	210	0
1579	187	0
1580	209	0
1581	186	0
1582	198	0
1583	197	0
1584	204	0
1585	208	0
1586	210	0
1587	213	0
1588	206	0
1589	226	0
1590	210	0
1591	180	0
1592	194	0
1593	210	0
1594	170	0
1595	212	0
1596	203	0
1597	206	0
1598	172	0
1599	178	0
1600	199	0
1601	236	0
1602	200	0
1603	188	0
1604	195	0
1605	208	0
1606	218	0
1607	195	0
1608	225	0
1609	225	0
1610	194	0
1611	205	0
1612	201	0
1613	187	0
1614	209	0
1615	220	0
1616	212	0
1617	204	0
1618	175	0
1619	177	0
1620	214	0
1621	204	0
1622	190	0
1623	206	0
1624	208	0
1625	157	0
1626	214	0
1627	238	0
1628	196	0
1629	191	0
1630	201	0
1631	191	0
1632	188	0
1633	183	0
1634	210	0
1635	220	0
1636	191	0
1637	181	0
1638	208	0
1639	206	0
1640	210	0
1641	176	0
1642	193	0
1643	189	0
1644	209	0
1645	193	0
1646	179	0
1647	188	0
1648	219	0
1649	170	0
1650	205	0
1651	200	0
1652	218	0
1653	207	0
1654	214	0
1655	186	0
1656	191	0
1657	198	0
1658	159	0
1659	180	0
1660	190	0
1661	175	0
1662	195	0
1663	185	0
1664	196	0
1665	205	0
1666	178	0
1667	195	0
1668	203	0
1669	183	0
1670	207	0
1671	188	0
1672	226	0
1673	182	0
1674	209	0
1675	190	0
1676	195	0
1677	211	0
1678	197	0
1679	192	0
1680	214	0
1681	215	0
1682	198	0
1683	207	0
1684	211	0
1685	195	0
1686	194	0
1687	192	0
1688	228	0
1689	209	0
1690	191	0
1691	192	0
1692	193	0
1693	240	0
1694	210	0
1695	238	0
1696	191	0
1697	187	0
1698	197	0
1699	191	0
1700	213	0
1701	201	0
1702	216	0
1703	194	0
1704	216	0
1705	186	0
1706	195	0
1707	191	0
1708	188	0
1709	191	0
1710	188	0
1711	230	0
1712	208	0
1713	196	0
1714	195	0
1715	226	0
1716	209	0
1717	192	0
1718	203	0
1719	192	0
1720	190	0
1721	212	0
1722	146	0
1723	180	0
1724	202	0
1725	204	0
1726	199	0
1727	196	0
1728	191	0
1729	174	0
1730	186	0
1731	215	0
1732	220	0
1733	202	0
1734	220	0
1735	197	0
1736	200	0
1737	204	0
1738	180	0
1739	209	0
1740	209	0
1741	196	0
1742	184	0
1743	220	0
1744	202	0
1745	213	0
1746	248	0
1747	206	0
1748	192	0
1749	213	0
1750	207	0
1751	194	0
1752	193	0
1753	205	0
1754	215	0
1755	207	0
1756	214	0
1757	217	0
1758	198	0
1759	225	0
1760	229	0
1761	204	0
1762	205	0
1763	225	0
1764	198	0
1765	221	0
1766	187	0
1767	187	0
1768	189	0
1769	177	0
1770	197	0
1771	188	0
1772	189	0
1773	201	0
1774	171	0
1775	209	0
1776	190	0
1777	181	0
1778	236	0
1779	192	0
1780	199	0
1781	194	0
1782	221	0
1783	187	0
1784	211	0
1785	225	0
1786	191	0
1787	185	0
1788	183	0
1789	231	0
1790	204	0
1791	217	0
1792	198	0
1793	195	0
1794	172	0
1795	199	0
1796	185	0
1797	211	0
1798	204	0
1799	211	0
1800	233	0
1801	195	0
1802	181	0
1803	202	0
1804	209	0
1805	182	0
1806	210	0
1807	188	0
1808	228	0
1809	195	0
1810	207	0
1811	204	0
1812	210	0
1813	201	0
1814	196	0
1815	212	0
1816	199	0
1817	209	0
1818	212	0
1819	167	0
1820	193	0
1821	205	0
1822	183	0
1823	211	0
1824	197	0
1825	208	0
1826	222	0
1827	187	0
1828	201	0
1829	225	0
1830	221	0
1831	205	0
1832	237	0
1833	195	0
1834	180	0
1835	201	0
1836	227	0
1837	177	0
1838	219	0
1839	237	0
1840	199	0
1841	208	0
1842	190	0
1843	204	0
1844	201	0
1845	188	0
1846	184	0
1847	204	0
1848	201	0
1849	190	0
1850	234	0
1851	195	0
1852	194	0
1853	182	0
1854	214	0
1855	210	0
1856	228	0
1857	184	0
1858	190	0
1859	198	0
1860	200	0
1861	201	0
1862	187	0
1863	193	0
1864	190	0
1865	219	0
1866	192	0
1867	190	0
1868	189	0
1869	192	0
1870	182	0
1871	190	0
1872	183	0
1873	199	0
1874	203	0
1875	187	0
1876	206	0
1877	171	0
1878	203	0
1879	208	0
1880	218	0
1881	185	0
1882	206	0
1883	219	0
1884	210	0
1885	210	0
1886	191	0
1887	202	0
1888	177	0
1889	194	0
1890	188	0
1891	209	0
1892	204	0
1893	231	0
1894	198	0
1895	212	0
1896	215	0
1897	187	0
1898	221	0
1899	205	0
1900	212	0
1901	192	0
1902	173	0
1903	178	0
1904	195	0
1905	221	0
1906	191	0
1907	202	0
1908	189	0
1909	206	0
1910	196	0
1911	213	0
1912	194	0
1913	212	0
1914	169	0
1915	188	0
1916	209	0
1917	186	0
1918	205	0
1919	201	0
1920	192	0
1921	206	0
1922	211	0
1923	217	0
1924	195	0
1925	203	0
1926	199	0
1927	204	0
1928	184	0
1929	214	0
1930	222	0
1931	185	0
1932	175	0
1933	159	0
1934	201	0
1935	176	0
1936	180	0
1937	179	0
1938	183	0
1939	198	0
1940	196	0
1941	195	0
1942	189	0
1943	217	0
1944	193	0
1945	211	0
1946	200	0
1947	198	0
1948	224	0
1949	196	0
1950	208	0
1951	213	0
1952	199	0
1953	210	0
1954	194	0
1955	200	0
1956	204	0
1957	241	0
1958	183	0
1959	206	0
1960	203	0
1961	199	0
1962	213	0
1963	194	0
1964	183	0
1965	218	0
1966	169	0
1967	216	0
1968	212	0
1969	199	0
1970	190	0
1971	210	0
1972	175	0
1973	215	0
1974	184	0
1975	222	0
1976	211	0
1977	216	0
1978	204	0
1979	210	0
1980	218	0
1981	190	0
1982	203	0
1983	226	0
1984	205	0
1985	195	0
1986	192	0
1987	198	0
1988	203	0
1989	185	0
1990	230	0
1991	195	0
1992	207	0
1993	209	0
1994	188	0
1995	222	0
1996	249	0
1997	211	0
1998	173	0
1999	211	0
2000	211	0
2001	201	0
2002	205	0
2003	201	0
2004	167	0
2005	212	0
2006	200	0
2007	232	0
2008	177	0
2009	205	0
2010	209	0
2011	192	0
2012	183	0
2013	206	0
2014	177	0
2015	181	0
2016	200	0
2017	182	0
2018	192	0
2019	235	0
2020	220	0
2021	200	0
2022	226	0
2023	199	0
2024	198	0
2025	200	0
2026	182	0
2027	170	0
2028	214	0
2029	208	0
2030	219	0
2031	180	0
2032	206	0
2033	193	0
2034	206	0
2035	205	0
2036	229	0
2037	192	0
2038	200	0
2039	196	0
2040	210	0
2041	224	0
2042	198	0
2043	186	0
2044	198	0
2045	203	0
2046	201	0
2047	195	0
2048	200	0
2049	209	0
2050	200	0
2051	182	0
2052	205	0
2053	191	0
2054	214	0
2055	193	0
2056	193	0
2057	182	0
2058	181	0
2059	177	0
2060	188	0
2061	177	0
2062	224	0
2063	213	0
2064	199	0
2065	190	0
2066	190	0
2067	209	0
2068	210	0
2069	213	0
2070	187	0
2071	208	0
2072	212	0
2073	202	0
2074	201	0
2075	203	0
2076	206	0
2077	212	0
2078	224	0
2079	203	0
2080	228	0
2081	179	0
2082	199	0
2083	205	0
2084	208	0
2085	216	0
2086	178	0
2087	190	0
2088	198	0
2089	208	0
2090	186	0
2091	199	0
2092	202	0
2093	191	0
2094	194	0
2095	195	0
2096	190	0
2097	183	0
2098	216	0
2099	208	0
2100	205	0
2101	198	0
2102	217	0
2103	216	0
2104	214	0
2105	225	0
2106	184	0
2107	190	0
2108	197	0
2109	220	0
2110	213	0
2111	219	0
2112	178	0
2113	184	0
2114	202	0
2115	176	0
2116	206	0
2117	163	0
2118	194	0
2119	190	0
2120	173	0
2121	219	0
2122	200	0
2123	209	0
2124	183	0
2125	192	0
2126	192	0
2127	173	0
2128	175	0
2129	203	0
2130	212	0
2131	223	0
2132	192	0
2133	209	0
2134	210	0
2135	198	0
2136	205	0
2137	197	0
2138	216	0
2139	176	0
2140	210	0
2141	175	0
2142	173	0
2143	197	0
2144	201	0
2145	205	0
2146	200	0
2147	180	0
2148	201	0
2149	221	0
2150	206	0
2151	194	0
2152	207	0
2153	181	0
2154	202	0
2155	198	0
2156	237	0
2157	191	0
2158	203	0
2159	187	0
2160	192	0
2161	189	0
2162	204	0
2163	216	0
2164	209	0
2165	211	0
2166	217	0
2167	225	0
2168	208	0
2169	205	0
2170	201	0
2171	222	0
2172	199	0
2173	202	0
2174	182	0
2175	233	0
2176	203	0
2177	206	0
2178	191	0
2179	204	0
2180	221	0
2181	216	0
2182	224	0
2183	181	0
2184	238	0
2185	213	0
2186	193	0
2187	221	0
2188	198	0
2189	208	0
2190	240	0
2191	199	0
2192	190	0
2193	208	0
2194	195	0
2195	203	0
2196	204	0
2197	205	0
2198	191	0
2199	192	0
2200	197	0
2201	202	0
2202	199	0
2203	167	0
2204	173	0
2205	189	0
2206	205	0
2207	192	0
2208	189	0
2209	199	0
2210	214	0
2211	208	0
2212	212	0
2213	214	0
2214	221	0
2215	195	0
2216	177	0
2217	211	0
2218	204	0
2219	202	0
2220	188	0
2221	225	0
2222	212	0
2223	192	0
2224	204	0
2225	201	0
2226	209	0
2227	210	0
2228	200	0
2229	186	0
2230	202	0
2231	202	0
2232	218	0
2233	218	0
2234	203	0
2235	198	0
2236	208	0
2237	175	0
2238	188	0
2239	204	0
2240	197	0
2241	213	0
2242	216	0
2243	195	0
2244	204	0
2245	219	0
2246	227	0
2247	208	0
2248	208	0
2249	205	0
2250	227	0
2251	196	0
2252	221	0
2253	178	0
2254	193	0
2255	188	0
2256	191	0
2257	188	0
2258	196	0
2259	212	0
2260	198	0
2261	181	0
2262	216	0
2263	189	0
2264	200	0
2265	194	0
2266	213	0
2267	199	0
2268	170	0
2269	194	0
2270	195	0
2271	217	0
2272	193	0
2273	181	0
2274	204	0
2275	203	0
2276	214	0
2277	194	0
2278	212	0
2279	180	0
2280	210	0
2281	205	0
2282	183	0
2283	190	0
2284	207	0
2285	196	0
2286	175	0
2287	193	0
2288	182	0
2289	179	0
2290	201	0
2291	212	0
2292	200	0
2293	225	0
2294	203	0
2295	201	0
2296	197	0
2297	206	0
2298	208	0
2299	197	0
2300	188	0
2301	192	0
2302	195	0
2303	225	0
2304	209	0
2305	210	0
2306	202	0
2307	208	0
2308	186	0
2309	183	0
2310	213	0
2311	217	0
2312	193	0
2313	179	0
2314	209	0
2315	216	0
2316	210	0
2317	194	0
2318	198	0
2319	195	0
2320	188	0
2321	225	0
2322	191	0
2323	208	0
2324	207	0
2325	203	0
2326	201	0
2327	209	0
2328	223	0
2329	210	0
2330	208	0
2331	186	0
2332	183	0
2333	201	0
2334	205	0
2335	169	0
2336	219	0
2337	211	0
2338	188	0
2339	178	0
2340	183	0
2341	216	0
2342	225	0
2343	220	0
2344	197	0
2345	218	0
2346	225	0
2347	190	0
2348	194	0
2349	212	0
2350	213	0
2351	189	0
2352	217	0
2353	195	0
2354	178	0
2355	180	0
2356	207	0
2357	209	0
2358	212	0
2359	179	0
2360	203	0
2361	192	0
2362	204	0
2363	202	0
2364	210	0
2365	216	0
2366	169	0
2367	197	0
2368	211	0
2369	210	0
2370	189	0
2371	215	0
2372	198	0
2373	189	0
2374	213	0
2375	201	0
2376	181	0
2377	179	0
2378	212	0
2379	209	0
2380	209	0
2381	193	0
2382	206	0
2383	185	0
2384	205	0
2385	208	0
2386	215	0
2387	197	0
2388	198	0
2389	183	0
2390	188	0
2391	173	0
2392	174	0
2393	210	0
2394	218	0
2395	215	0
2396	196	0
2397	204	0
2398	215	0
2399	201	0
2400	215	0
2401	182	0
2402	208	0
2403	193	0
2404	215	0
2405	204	0
2406	183	0
2407	201	0
2408	175	0
2409	215	0
2410	189	0
2411	198	0
2412	204	0
2413	179	0
2414	189	0
2415	197	0
2416	209	0
2417	187	0
2418	196	0
2419	192	0
2420	195	0
2421	182	0
2422	199	0
2423	197	0
2424	198	0
2425	205	0
2426	201	0
2427	211	0
2428	194	0
2429	209	0
2430	215	0
2431	196	0
2432	181	0
2433	232	0
2434	184	0
2435	204	0
2436	212	0
2437	214	0
2438	215	0
2439	227	0
2440	203	0
2441	229	0
2442	181	0
2443	198	0
2444	198	0
2445	166	0
2446	210	0
2447	195	0
2448	206	0
2449	211	0
2450	218	0
2451	194	0
2452	223	0
2453	219	0
2454	189	0
2455	204	0
2456	203	0
2457	194	0
2458	170	0
2459	203	0
2460	184	0
2461	203	0
2462	185	0
2463	210	0
2464	219	0
2465	193	0
2466	203	0
2467	233	0
2468	225	0
2469	207	0
2470	203	0
2471	208	0
2472	202	0
2473	181	0
2474	188	0
2475	210	0
2476	182	0
2477	220	0
2478	215	0
2479	177	0
2480	204	0
2481	202	0
2482	220	0
2483	230	0
2484	204	0
2485	208	0
2486	224	0
2487	189	0
2488	187	0
2489	216	0
2490	194	0
2491	191	0
2492	185	0
2493	211	0
2494	191	0
2495	202	0
2496	204	0
2497	208	0
2498	213	0
2499	234	0
2500	174	0
2501	201	0
2502	219	0
2503	195	0
2504	197	0
2505	203	0
2506	204	0
2507	204	0
2508	189	0
2509	214	0
2510	234	0
2511	197	0
2512	208	0
2513	202	0
2514	197	0
2515	224	0
2516	224	0
2517	228	0
2518	217	0
2519	195	0
2520	192	0
2521	214	0
2522	192	0
2523	201	0
2524	203	0
2525	204	0
2526	173	0
2527	187	0
2528	225	0
2529	235	0
2530	223	0
2531	229	0
2532	213	0
2533	187	0
2534	202	0
2535	191	0
2536	211	0
2537	242	0
2538	207	0
2539	212	0
2540	199	0
2541	187	0
2542	160	0
2543	185	0
2544	212	0
2545	200	0
2546	219	0
2547	215	0
2548	210	0
2549	203	0
2550	188	0
2551	200	0
2552	188	0
2553	218	0
2554	193	0
2555	179	0
2556	193	0
2557	206	0
2558	217	0
2559	184	0
2560	178	0
2561	182	0
2562	215	0
2563	216	0
2564	211	0
2565	205	0
2566	183	0
2567	215	0
2568	203	0
2569	222	0
2570	206	0
2571	202	0
2572	194	0
2573	212	0
2574	178	0
2575	188	0
2576	242	0
2577	210	0
2578	171	0
2579	199	0
2580	193	0
2581	188	0
2582	204	0
2583	176	0
2584	189	0
2585	199	0
2586	185	0
2587	232	0
2588	193	0
2589	186	0
2590	199	0
2591	190	0
2592	239	0
2593	208	0
2594	205	0
2595	200	0
2596	197	0
2597	202	0
2598	192	0
2599	214	0
2600	211	0
2601	208	0
2602	199	0
2603	184	0
2604	185	0
2605	190	0
2606	182	0
2607	195	0
2608	206	0
2609	204	0
2610	217	0
2611	195	0
2612	199	0
2613	215	0
2614	241	0
2615	199	0
2616	183	0
2617	213	0
2618	210	0
2619	193	0
2620	204	0
2621	207	0
2622	204	0
2623	211	0
2624	190	0
2625	203	0
2626	192	0
2627	189	0
2628	191	0
2629	205	0
2630	201	0
2631	187	0
2632	200	0
2633	197	0
2634	182	0
2635	184	0
2636	198	0
2637	221	0
2638	193	0
2639	196	0
2640	223	0
2641	176	0
2642	210	0
2643	178	0
2644	197	0
2645	215	0
2646	200	0
2647	203	0
2648	194	0
2649	201	0
2650	195	0
2651	205	0
2652	180	0
2653	176	0
2654	187	0
2655	204	0
2656	212	0
2657	189	0
2658	197	0
2659	196	0
2660	191	0
2661	199	0
2662	204	0
2663	221	0
2664	212	0
2665	166	0
2666	202	0
2667	168	0
2668	197	0
2669	201	0
2670	208	0
2671	187	0
2672	208	0
2673	203	0
2674	203	0
2675	203	0
2676	194	0
2677	205	0
2678	243	0
2679	196	0
2680	190	0
2681	197	0
2682	184	0
2683	223	0
2684	195	0
2685	192	0
2686	198	0
2687	204	0
2688	199	0
2689	213	0
2690	201	0
2691	201	0
2692	186	0
2693	193	0
2694	215	0
2695	196	0
2696	209	0
2697	231	0
2698	202	0
2699	205	0
2700	190	0
2701	220	0
2702	174	0
2703	191	0
2704	176	0
2705	201	0
2706	223	0
2707	213	0
2708	200	0
2709	191	0
2710	189	0
2711	200	0
2712	200	0
2713	188	0
2714	195	0
2715	193	0
2716	201	0
2717	199	0
2718	196	0
2719	238	0
2720	177	0
2721	174	0
2722	194	0
2723	225	0
2724	210	0
2725	183	0
2726	209	0
2727	209	0
2728	204	0
2729	210	0
2730	198	0
2731	197	0
2732	199	0
2733	192	0
2734	198	0
2735	205	0
2736	206	0
2737	168	0
2738	209	0
2739	184	0
2740	176	0
2741	233	0
2742	218	0
2743	189	0
2744	182	0
2745	198	0
2746	189	0
2747	200	0
2748	195	0
2749	225	0
2750	222	0
2751	202	0
2752	193	0
2753	187	0
2754	192	0
2755	195	0
2756	192	0
2757	204	0
2758	224	0
2759	179	0
2760	224	0
2761	210	0
2762	173	0
2763	194	0
2764	215	0
2765	204	0
2766	190	0
2767	190	0
2768	185	0
2769	202	0
2770	187	0
2771	192	0
2772	217	0
2773	219	0
2774	184	0
2775	179	0
2776	196	0
2777	198	0
2778	195	0
2779	216	0
2780	174	0
2781	218	0
2782	171	0
2783	223	0
2784	186	0
2785	213	0
2786	176	0
2787	204	0
2788	212	0
2789	196	0
2790	200	0
2791	228	0
2792	222	0
2793	202	0
2794	195	0
2795	213	0
2796	186	0
2797	197	0
2798	189	0
2799	209	0
2800	231	0
2801	195	0
2802	161	0
2803	181	0
2804	197	0
2805	193	0
2806	205	0
2807	180	0
2808	220	0
2809	181	0
2810	185	0
2811	211	0
2812	194	0
2813	235	0
2814	196	0
2815	196	0
2816	206	0
2817	198	0
2818	216	0
2819	232	0
2820	223	0
2821	211	0
2822	206	0
2823	204	0
2824	194	0
2825	185	0
2826	187	0
2827	183	0
2828	207	0
2829	230	0
2830	209	0
2831	192	0
2832	233	0
2833	203	0
2834	209	0
2835	206	0
2836	221	0
2837	200	0
2838	194	0
2839	197	0
2840	174	0
2841	221	0
2842	194	0
2843	206	0
2844	208	0
2845	218	0
2846	227	0
2847	211	0
2848	178	0
2849	195	0
2850	200	0
2851	186	0
2852	225	0
2853	191	0
2854	216	0
2855	200	0
2856	205	0
2857	173	0
2858	197	0
2859	198	0
2860	208	0
2861	192	0
2862	196	0
2863	186	0
2864	213	0
2865	210	0
2866	217	0
2867	211	0
2868	210	0
2869	213	0
2870	176	0
2871	184	0
2872	175	0
2873	213	0
2874	234	0
2875	207	0
2876	193	0
2877	215	0
2878	205	0
2879	194	0
2880	168	0
2881	212	0
2882	197	0
2883	181	0
2884	195	0
2885	199	0
2886	186	0
2887	215	0
2888	235	0
2889	187	0
2890	210	0
2891	185	0
2892	210	0
2893	223	0
2894	211	0
2895	202	0
2896	207	0
2897	226	0
2898	190	0
2899	187	0
2900	198	0
2901	219	0
2902	201	0
2903	189	0
2904	213	0
2905	201	0
2906	198	0
2907	209	0
2908	206	0
2909	198	0
2910	203	0
2911	176	0
2912	198	0
2913	200	0
2914	224	0
2915	173	0
2916	195	0
2917	196	0
2918	182	0
2919	206	0
2920	189	0
2921	197	0
2922	189	0
2923	206	0
2924	232	0
2925	217	0
2926	198	0
2927	205	0
2928	176	0
2929	219	0
2930	201	0
2931	192	0
2932	198	0
2933	207	0
2934	191	0
2935	196	0
2936	227	0
2937	202	0
2938	224	0
2939	199	0
2940	219	0
2941	183	0
2942	215	0
2943	229	0
2944	183	0
2945	211	0
2946	221	0
2947	211	0
2948	190	0
2949	233	0
2950	175	0
2951	211	0
2952	206	0
2953	219	0
2954	199	0
2955	212	0
2956	180	0
2957	199	0
2958	204	0
2959	214	0
2960	196	0
2961	198	0
2962	218	0
2963	188	0
2964	226	0
2965	214	0
2966	223	0
2967	209	0
2968	218	0
2969	197	0
2970	235	0
2971	204	0
2972	217	0
2973	197	0
2974	195	0
2975	207	0
2976	210	0
2977	194	0
2978	188	0
2979	184	0
2980	207	0
2981	198	0
2982	196	0
2983	204	0
2984	220	0
2985	182	0
2986	203	0
2987	191	0
2988	208	0
2989	223	0
2990	182	0
2991	188	0
2992	192	0
2993	182	0
2994	193	0
2995	208	0
2996	197	0
2997	175	0
2998	203	0
2999	201	0
3000	222	0
