1	199	0
2	186	0
3	217	0
4	167	0
5	203	0
6	231	0
7	221	0
8	237	0
9	190	0
10	196	0
11	197	0
12	175	0
13	193	0
14	179	0
15	219	0
16	192	0
17	191	0
18	196	0
19	176	0
20	184	0
21	191	0
22	218	0
23	192	0
24	204	0
25	210	0
26	215	0
27	224	0
28	191	0
29	204	0
30	194	0
31	205	0
32	203	0
33	188	0
34	185	0
35	194	0
36	206	0
37	205	0
38	201	0
39	183	0
40	185	0
41	182	0
42	173	0
43	173	0
44	210	0
45	197	0
46	169	0
47	185	0
48	202	0
49	207	0
50	183	0
51	191	0
52	179	0
53	187	0
54	188	0
55	214	0
56	200	0
57	187	0
58	175	0
59	224	0
60	189	0
61	177	0
62	193	0
63	189	0
64	199	0
65	186	0
66	181	0
67	194	0
68	210	0
69	200	0
70	172	0
71	198	0
72	203	0
73	192	0
74	177	0
75	173	0
76	209	0
77	194	0
78	196	0
79	187	0
80	192	0
81	176	0
82	199	0
83	186	0
84	180	0
85	201	0
86	191	0
87	233	0
88	183	0
89	199	0
90	192	0
91	185	0
92	181	0
93	188	0
94	191	0
95	181	0
96	223	0
97	172	0
98	192	0
99	193	0
100	210	0
101	180	0
102	182	0
103	175	0
104	191	0
105	172	0
106	176	0
107	207	0
108	168	0
109	202	0
110	192	0
111	181	0
112	187	0
113	178	0
114	195	0
115	199	0
116	180	0
117	204	0
118	191	0
119	192	0
120	217	0
121	199	0
122	193	0
123	198	0
124	200	0
125	176	0
126	195	0
127	176	0
128	186	0
129	193	0
130	206	0
131	181	0
132	220	0
133	159	0
134	183	0
135	187	0
136	195	0
137	182	0
138	201	0
139	198	0
140	198	0
141	174	0
142	197	0
143	188	0
144	194	0
145	222	0
146	189	0
147	178	0
148	188	0
149	197	0
150	209	0
151	220	0
152	202	0
153	185	0
154	201	0
155	182	0
156	190	0
157	182	0
158	245	0
159	198	0
160	189	0
161	211	0
162	221	0
163	179	0
164	184	0
165	178	0
166	175	0
167	182	0
168	205	0
169	215	0
170	187	0
171	184	0
172	193	0
173	220	0
174	184	0
175	190	0
176	187	0
177	210	0
178	207	0
179	199	0
180	190	0
181	204	0
182	185	0
183	192	0
184	214	0
185	194	0
186	224	0
187	202	0
188	192	0
189	186	0
190	209	0
191	209	0
192	178	0
193	192	0
194	198	0
195	211	0
196	196	0
197	193	0
198	208	0
199	220	0
200	230	0
201	194	0
202	189	0
203	200	0
204	188	0
205	211	0
206	184	0
207	201	0
208	176	0
209	189	0
210	198	0
211	186	0
212	205	0
213	208	0
214	194	0
215	187	0
216	194	0
217	195	0
218	196	0
219	205	0
220	194	0
221	174	0
222	206	0
223	197	0
224	218	0
225	206	0
226	179	0
227	207	0
228	202	0
229	173	0
230	213	0
231	176	0
232	190	0
233	171	0
234	170	0
235	203	0
236	211	0
237	218	0
238	196	0
239	176	0
240	217	0
241	164	0
242	209	0
243	198	0
244	191	0
245	173	0
246	179	0
247	185	0
248	217	0
249	184	0
250	184	0
251	213	0
252	195	0
253	209	0
254	206	0
255	206	0
256	195	0
257	188	0
258	199	0
259	223	0
260	203	0
261	204	0
262	184	0
263	195	0
264	199	0
265	171	0
266	200	0
267	190	0
268	188	0
269	191	0
270	193	0
271	212	0
272	201	0
273	184	0
274	193	0
275	177	0
276	223	0
277	199	0
278	171	0
279	187	0
280	185	0
281	181	0
282	196	0
283	204	0
284	215	0
285	218	0
286	204	0
287	198	0
288	188	0
289	182	0
290	207	0
291	184	0
292	178	0
293	198	0
294	202	0
295	200	0
296	204	0
297	221	0
298	184	0
299	214	0
300	217	0
301	222	0
302	184	0
303	190	0
304	197	0
305	197	0
306	185	0
307	217	0
308	179	0
309	211	0
310	195	0
311	195	0
312	195	0
313	197	0
314	211	0
315	183	0
316	198	0
317	176	0
318	184	0
319	175	0
320	208	0
321	203	0
322	207	0
323	204	0
324	176	0
325	201	0
326	217	0
327	182	0
328	183	0
329	196	0
330	173	0
331	211	0
332	208	0
333	213	0
334	187	0
335	227	0
336	199	0
337	214	0
338	186	0
339	179	0
340	189	0
341	215	0
342	222	0
343	190	0
344	181	0
345	193	0
346	198	0
347	188	0
348	207	0
349	198	0
350	214	0
351	208	0
352	188	0
353	199	0
354	211	0
355	198	0
356	206	0
357	182	0
358	195	0
359	196	0
360	192	0
361	185	0
362	185	0
363	208	0
364	197	0
365	197	0
366	190	0
367	210	0
368	197	0
369	175	0
370	188	0
371	180	0
372	178	0
373	199	0
374	191	0
375	202	0
376	186	0
377	197	0
378	196	0
379	174	0
380	205	0
381	217	0
382	201	0
383	182	0
384	204	0
385	201	0
386	177	0
387	188	0
388	180	0
389	189	0
390	197	0
391	210	0
392	191	0
393	162	0
394	168	0
395	189	0
396	235	0
397	174	0
398	198	0
399	165	0
400	195	0
401	190	0
402	192	0
403	194	0
404	190	0
405	209	0
406	177	0
407	187	0
408	195	0
409	206	0
410	189	0
411	198	0
412	207	0
413	205	0
414	205	0
415	198	0
416	221	0
417	233	0
418	186	0
419	175	0
420	205	0
421	197	0
422	203	0
423	194	0
424	198	0
425	193	0
426	202	0
427	210	0
428	210	0
429	196	0
430	216	0
431	211	0
432	180	0
433	178	0
434	179	0
435	194	0
436	200	0
437	187	0
438	235	0
439	174	0
440	203	0
441	172	0
442	218	0
443	208	0
444	174	0
445	180	0
446	214	0
447	206	0
448	206	0
449	197	0
450	189	0
451	181	0
452	193	0
453	197	0
454	186	0
455	200	0
456	202	0
457	202	0
458	198	0
459	202	0
460	216	0
461	193	0
462	202	0
463	192	0
464	206	0
465	183	0
466	199	0
467	192	0
468	162	0
469	197	0
470	186	0
471	182	0
472	174	0
473	174	0
474	224	0
475	204	0
476	211	0
477	196	0
478	200	0
479	174	0
480	185	0
481	208	0
482	188	0
483	195	0
484	177	0
485	207	0
486	205	0
487	191	0
488	194	0
489	199	0
490	188	0
491	203	0
492	184	0
493	193	0
494	178	0
495	156	0
496	215	0
497	177	0
498	168	0
499	195	0
500	171	0
501	209	0
502	223	0
503	207	0
504	214	0
505	204	0
506	201	0
507	181	0
508	192	0
509	181	0
510	222	0
511	184	0
512	221	0
513	197	0
514	204	0
515	219	0
516	208	0
517	178	0
518	193	0
519	200	0
520	178	0
521	169	0
522	193	0
523	182	0
524	203	0
525	224	0
526	202	0
527	178	0
528	189	0
529	210	0
530	195	0
531	199	0
532	192	0
533	185	0
534	180	0
535	204	0
536	201	0
537	205	0
538	204	0
539	188	0
540	197	0
541	193	0
542	180	0
543	188	0
544	197	0
545	216	0
546	192	0
547	187	0
548	189	0
549	184	0
550	176	0
551	193	0
552	191	0
553	174	0
554	183	0
555	175	0
556	202	0
557	183	0
558	209	0
559	194	0
560	180	0
561	194	0
562	191	0
563	182	0
564	187	0
565	217	0
566	222	0
567	185	0
568	179	0
569	188	0
570	202	0
571	196	0
572	189	0
573	191	0
574	196	0
575	208	0
576	191	0
577	215	0
578	206	0
579	185	0
580	204	0
581	224	0
582	194	0
583	192	0
584	183	0
585	211	0
586	188	0
587	197	0
588	224	0
589	188	0
590	199	0
591	183	0
592	226	0
593	201	0
594	198	0
595	177	0
596	193	0
597	217	0
598	185	0
599	194	0
600	193	0
601	170	0
602	206	0
603	190	0
604	180	0
605	187	0
606	185	0
607	190	0
608	209	0
609	214	0
610	185	0
611	218	0
612	177	0
613	201	0
614	210	0
615	212	0
616	219	0
617	206	0
618	174	0
619	199	0
620	201	0
621	187	0
622	213	0
623	190	0
624	207	0
625	180	0
626	198	0
627	224	0
628	203	0
629	197	0
630	208	0
631	183	0
632	202	0
633	197	0
634	170	0
635	186	0
636	187	0
637	202	0
638	215	0
639	194	0
640	176	0
641	222	0
642	229	0
643	189	0
644	181	0
645	220	0
646	177	0
647	189	0
648	193	0
649	179	0
650	213	0
651	183	0
652	200	0
653	191	0
654	194	0
655	201	0
656	218	0
657	186	0
658	162	0
659	184	0
660	183	0
661	184	0
662	200	0
663	177	0
664	207	0
665	176	0
666	182	0
667	201	0
668	204	0
669	196	0
670	200	0
671	189	0
672	203	0
673	207	0
674	193	0
675	177	0
676	195	0
677	201	0
678	202	0
679	217	0
680	177	0
681	194	0
682	191	0
683	213	0
684	196	0
685	215	0
686	178	0
687	178	0
688	181	0
689	186	0
690	219	0
691	197	0
692	185	0
693	178	0
694	213	0
695	197	0
696	192	0
697	199	0
698	192	0
699	202	0
700	204	0
701	218	0
702	203	0
703	194	0
704	162	0
705	185	0
706	193	0
707	186	0
708	171	0
709	190	0
710	193	0
711	208	0
712	195	0
713	191	0
714	188	0
715	176	0
716	209	0
717	168	0
718	178	0
719	215	0
720	217	0
721	213	0
722	227	0
723	207	0
724	195	0
725	191	0
726	208	0
727	223	0
728	198	0
729	209	0
730	179	0
731	207	0
732	175	0
733	227	0
734	176	0
735	205	0
736	231	0
737	199	0
738	202	0
739	218	0
740	209	0
741	194	0
742	167	0
743	175	0
744	190	0
745	205	0
746	190	0
747	193	0
748	207	0
749	221	0
750	182	0
751	191	0
752	177	0
753	181	0
754	171	0
755	197	0
756	215	0
757	182	0
758	192	0
759	212	0
760	177	0
761	166	0
762	193	0
763	179	0
764	199	0
765	214	0
766	196	0
767	184	0
768	200	0
769	207	0
770	188	0
771	214	0
772	207	0
773	190	0
774	202	0
775	192	0
776	188	0
777	202	0
778	168	0
779	172	0
780	163	0
781	199	0
782	187	0
783	196	0
784	221	0
785	204	0
786	198	0
787	220	0
788	180	0
789	206	0
790	190	0
791	186	0
792	190	0
793	209	0
794	204	0
795	211	0
796	159	0
797	196	0
798	198	0
799	202	0
800	196	0
801	186	0
802	190	0
803	201	0
804	185	0
805	201	0
806	225	0
807	177	0
808	214	0
809	212	0
810	205	0
811	166	0
812	186	0
813	202	0
814	183	0
815	208	0
816	218	0
817	197	0
818	215	0
819	190	0
820	181	0
821	188	0
822	210	0
823	195	0
824	192	0
825	195	0
826	186	0
827	191	0
828	187	0
829	171	0
830	171	0
831	201	0
832	188	0
833	193	0
834	187	0
835	171	0
836	165	0
837	208	0
838	201	0
839	188	0
840	188	0
841	204	0
842	179	0
843	192	0
844	179	0
845	196	0
846	210	0
847	192	0
848	178	0
849	223	0
850	195	0
851	199	0
852	158	0
853	177	0
854	194	0
855	216	0
856	197	0
857	174	0
858	196	0
859	189	0
860	209	0
861	198	0
862	213	0
863	198	0
864	193	0
865	207	0
866	205	0
867	172	0
868	188	0
869	215	0
870	178	0
871	189	0
872	206	0
873	192	0
874	201	0
875	190	0
876	209	0
877	178	0
878	172	0
879	206	0
880	185	0
881	197	0
882	188	0
883	197	0
884	171	0
885	193	0
886	194	0
887	187	0
888	192	0
889	175	0
890	189	0
891	215	0
892	189	0
893	172	0
894	190	0
895	199	0
896	157	0
897	216	0
898	201	0
899	179	0
900	171	0
901	182	0
902	182	0
903	200	0
904	189	0
905	198	0
906	216	0
907	194	0
908	204	0
909	196	0
910	191	0
911	213	0
912	209	0
913	185	0
914	214	0
915	173	0
916	194	0
917	188	0
918	204	0
919	221	0
920	218	0
921	202	0
922	170	0
923	187	0
924	230	0
925	206	0
926	186	0
927	180	0
928	209	0
929	225	0
930	229	0
931	178	0
932	183	0
933	189	0
934	182	0
935	212	0
936	198	0
937	161	0
938	185	0
939	235	0
940	172	0
941	197	0
942	171	0
943	183	0
944	214	0
945	188	0
946	183	0
947	186	0
948	172	0
949	197	0
950	211	0
951	198	0
952	198	0
953	190	0
954	207	0
955	200	0
956	206	0
957	195	0
958	200	0
959	185	0
960	201	0
961	209	0
962	190	0
963	222	0
964	197	0
965	177	0
966	196	0
967	193	0
968	189	0
969	171	0
970	192	0
971	208	0
972	178	0
973	165	0
974	194	0
975	199	0
976	218	0
977	179	0
978	207	0
979	204	0
980	201	0
981	199	0
982	207	0
983	193	0
984	189	0
985	217	0
986	192	0
987	189	0
988	193	0
989	176	0
990	196	0
991	215	0
992	203	0
993	186	0
994	192	0
995	180	0
996	227	0
997	186	0
998	190	0
999	192	0
1000	219	0
1001	185	0
1002	166	0
1003	196	0
1004	216	0
1005	188	0
1006	171	0
1007	179	0
1008	203	0
1009	181	0
1010	199	0
1011	198	0
1012	166	0
1013	193	0
1014	198	0
1015	203	0
1016	187	0
1017	205	0
1018	190	0
1019	197	0
1020	168	0
1021	193	0
1022	193	0
1023	193	0
1024	189	0
1025	217	0
1026	214	0
1027	192	0
1028	211	0
1029	225	0
1030	184	0
1031	196	0
1032	222	0
1033	205	0
1034	203	0
1035	193	0
1036	196	0
1037	184	0
1038	189	0
1039	205	0
1040	180	0
1041	174	0
1042	181	0
1043	205	0
1044	196	0
1045	193	0
1046	191	0
1047	211	0
1048	192	0
1049	204	0
1050	201	0
1051	205	0
1052	193	0
1053	208	0
1054	184	0
1055	204	0
1056	180	0
1057	196	0
1058	177	0
1059	197	0
1060	196	0
1061	150	0
1062	200	0
1063	198	0
1064	205	0
1065	213	0
1066	185	0
1067	189	0
1068	204	0
1069	211	0
1070	206	0
1071	189	0
1072	174	0
1073	199	0
1074	196	0
1075	158	0
1076	200	0
1077	188	0
1078	198	0
1079	222	0
1080	194	0
1081	197	0
1082	187	0
1083	182	0
1084	190	0
1085	187	0
1086	209	0
1087	204	0
1088	184	0
1089	183	0
1090	215	0
1091	152	0
1092	193	0
1093	202	0
1094	191	0
1095	197	0
1096	183	0
1097	187	0
1098	200	0
1099	181	0
1100	196	0
1101	173	0
1102	193	0
1103	196	0
1104	198	0
1105	184	0
1106	200	0
1107	179	0
1108	204	0
1109	210	0
1110	204	0
1111	194	0
1112	194	0
1113	216	0
1114	199	0
1115	198	0
1116	187	0
1117	204	0
1118	196	0
1119	213	0
1120	181	0
1121	207	0
1122	217	0
1123	183	0
1124	182	0
1125	201	0
1126	198	0
1127	186	0
1128	189	0
1129	200	0
1130	198	0
1131	192	0
1132	206	0
1133	199	0
1134	197	0
1135	208	0
1136	178	0
1137	188	0
1138	196	0
1139	221	0
1140	212	0
1141	184	0
1142	216	0
1143	193	0
1144	191	0
1145	204	0
1146	212	0
1147	209	0
1148	220	0
1149	176	0
1150	201	0
1151	200	0
1152	171	0
1153	173	0
1154	196	0
1155	204	0
1156	214	0
1157	199	0
1158	200	0
1159	216	0
1160	185	0
1161	194	0
1162	212	0
1163	182	0
1164	189	0
1165	194	0
1166	197	0
1167	228	0
1168	174	0
1169	171	0
1170	206	0
1171	182	0
1172	191	0
1173	185	0
1174	188	0
1175	203	0
1176	198	0
1177	176	0
1178	210	0
1179	187	0
1180	218	0
1181	208	0
1182	219	0
1183	178	0
1184	192	0
1185	199	0
1186	201	0
1187	177	0
1188	171	0
1189	197	0
1190	202	0
1191	192	0
1192	197	0
1193	208	0
1194	216	0
1195	188	0
1196	187	0
1197	188	0
1198	199	0
1199	190	0
1200	184	0
1201	194	0
1202	206	0
1203	175	0
1204	174	0
1205	192	0
1206	155	0
1207	224	0
1208	210	0
1209	210	0
1210	219	0
1211	198	0
1212	174	0
1213	192	0
1214	200	0
1215	194	0
1216	195	0
1217	193	0
1218	217	0
1219	199	0
1220	179	0
1221	184	0
1222	195	0
1223	205	0
1224	178	0
1225	209	0
1226	208	0
1227	219	0
1228	196	0
1229	172	0
1230	175	0
1231	190	0
1232	181	0
1233	202	0
1234	191	0
1235	231	0
1236	195	0
1237	185	0
1238	194	0
1239	209	0
1240	196	0
1241	208	0
1242	209	0
1243	198	0
1244	187	0
1245	184	0
1246	188	0
1247	203	0
1248	201	0
1249	196	0
1250	191	0
1251	182	0
1252	182	0
1253	184	0
1254	193	0
1255	194	0
1256	187	0
1257	216	0
1258	179	0
1259	210	0
1260	206	0
1261	187	0
1262	192	0
1263	176	0
1264	201	0
1265	169	0
1266	172	0
1267	186	0
1268	182	0
1269	220	0
1270	183	0
1271	196	0
1272	177	0
1273	171	0
1274	221	0
1275	177	0
1276	183	0
1277	190	0
1278	190	0
1279	179	0
1280	175	0
1281	198	0
1282	207	0
1283	204	0
1284	189	0
1285	210	0
1286	181	0
1287	166	0
1288	197	0
1289	212	0
1290	214	0
1291	189	0
1292	221	0
1293	193	0
1294	196	0
1295	223	0
1296	189	0
1297	181	0
1298	213	0
1299	196	0
1300	191	0
1301	202	0
1302	194	0
1303	177	0
1304	189	0
1305	203	0
1306	209	0
1307	237	0
1308	181	0
1309	225	0
1310	194	0
1311	226	0
1312	190	0
1313	207	0
1314	205	0
1315	203	0
1316	199	0
1317	186	0
1318	217	0
1319	194	0
1320	209	0
1321	194	0
1322	192	0
1323	204	0
1324	185	0
1325	154	0
1326	172	0
1327	191	0
1328	202	0
1329	169	0
1330	189	0
1331	190	0
1332	222	0
1333	187	0
1334	189	0
1335	188	0
1336	182	0
1337	207	0
1338	170	0
1339	191	0
1340	197	0
1341	182	0
1342	184	0
1343	210	0
1344	209	0
1345	206	0
1346	197	0
1347	222	0
1348	184	0
1349	194	0
1350	193	0
1351	229	0
1352	164	0
1353	206	0
1354	167	0
1355	188	0
1356	196	0
1357	186	0
1358	192	0
1359	183	0
1360	195	0
1361	210	0
1362	179	0
1363	219	0
1364	195	0
1365	176	0
1366	178	0
1367	199	0
1368	193	0
1369	176	0
1370	171	0
1371	211	0
1372	202	0
1373	220	0
1374	196	0
1375	218	0
1376	221	0
1377	207	0
1378	216	0
1379	185	0
1380	188	0
1381	205	0
1382	189	0
1383	208	0
1384	202	0
1385	200	0
1386	201	0
1387	197	0
1388	211	0
1389	184	0
1390	193	0
1391	184	0
1392	204	0
1393	199	0
1394	203	0
1395	190	0
1396	215	0
1397	194	0
1398	208	0
1399	176	0
1400	175	0
1401	220	0
1402	194	0
1403	196	0
1404	200	0
1405	220	0
1406	190	0
1407	195	0
1408	189	0
1409	180	0
1410	177	0
1411	210	0
1412	210	0
1413	196	0
1414	196	0
1415	189	0
1416	188	0
1417	165	0
1418	225	0
1419	192	0
1420	194	0
1421	186	0
1422	215	0
1423	205	0
1424	184	0
1425	192	0
1426	187	0
1427	182	0
1428	191	0
1429	188	0
1430	197	0
1431	183	0
1432	202	0
1433	217	0
1434	227	0
1435	194	0
1436	219	0
1437	205	0
1438	197	0
1439	199	0
1440	156	0
1441	203	0
1442	175	0
1443	186	0
1444	194	0
1445	191	0
1446	197	0
1447	189	0
1448	214	0
1449	186	0
1450	209	0
1451	172	0
1452	213	0
1453	195	0
1454	182	0
1455	211	0
1456	198	0
1457	184	0
1458	195	0
1459	204	0
1460	216	0
1461	216	0
1462	208	0
1463	207	0
1464	195	0
1465	191	0
1466	209	0
1467	171	0
1468	177	0
1469	199	0
1470	191	0
1471	186	0
1472	190	0
1473	206	0
1474	167	0
1475	207	0
1476	224	0
1477	188	0
1478	202	0
1479	202	0
1480	179	0
1481	185	0
1482	190	0
1483	247	0
1484	178	0
1485	203	0
1486	200	0
1487	159	0
1488	189	0
1489	187	0
1490	221	0
1491	220	0
1492	166	0
1493	189	0
1494	212	0
1495	227	0
1496	173	0
1497	190	0
1498	211	0
1499	204	0
1500	195	0
1501	198	0
1502	196	0
1503	198	0
1504	206	0
1505	193	0
1506	196	0
1507	181	0
1508	182	0
1509	162	0
1510	201	0
1511	180	0
1512	177	0
1513	214	0
1514	174	0
1515	197	0
1516	214	0
1517	195	0
1518	177	0
1519	187	0
1520	199	0
1521	212	0
1522	201	0
1523	190	0
1524	174	0
1525	187	0
1526	207	0
1527	200	0
1528	199	0
1529	185	0
1530	209	0
1531	178	0
1532	190	0
1533	203	0
1534	191	0
1535	198	0
1536	196	0
1537	169	0
1538	189	0
1539	209	0
1540	222	0
1541	187	0
1542	198	0
1543	186	0
1544	174	0
1545	190	0
1546	200	0
1547	229	0
1548	226	0
1549	195	0
1550	193	0
1551	202	0
1552	208	0
1553	185	0
1554	201	0
1555	203	0
1556	197	0
1557	214	0
1558	201	0
1559	204	0
1560	215	0
1561	221	0
1562	201	0
1563	199	0
1564	191	0
1565	197	0
1566	194	0
1567	193	0
1568	227	0
1569	189	0
1570	193	0
1571	191	0
1572	185	0
1573	191	0
1574	184	0
1575	161	0
1576	207	0
1577	214	0
1578	188	0
1579	188	0
1580	171	0
1581	215	0
1582	189	0
1583	205	0
1584	196	0
1585	222	0
1586	193	0
1587	209	0
1588	204	0
1589	190	0
1590	203	0
1591	223	0
1592	176	0
1593	199	0
1594	194	0
1595	229	0
1596	205	0
1597	199	0
1598	215	0
1599	214	0
1600	233	0
1601	157	0
1602	222	0
1603	190	0
1604	189	0
1605	175	0
1606	204	0
1607	225	0
1608	216	0
1609	187	0
1610	208	0
1611	221	0
1612	215	0
1613	210	0
1614	211	0
1615	195	0
1616	194	0
1617	211	0
1618	179	0
1619	198	0
1620	169	0
1621	212	0
1622	177	0
1623	165	0
1624	191	0
1625	200	0
1626	201	0
1627	193	0
1628	209	0
1629	192	0
1630	190	0
1631	185	0
1632	196	0
1633	180	0
1634	216	0
1635	176	0
1636	181	0
1637	195	0
1638	195	0
1639	215	0
1640	204	0
1641	182	0
1642	195	0
1643	206	0
1644	211	0
1645	201	0
1646	172	0
1647	201	0
1648	202	0
1649	186	0
1650	204	0
1651	198	0
1652	188	0
1653	228	0
1654	210	0
1655	187	0
1656	193	0
1657	175	0
1658	199	0
1659	198	0
1660	198	0
1661	203	0
1662	203	0
1663	184	0
1664	203	0
1665	177	0
1666	207	0
1667	210	0
1668	189	0
1669	200	0
1670	222	0
1671	211	0
1672	201	0
1673	200	0
1674	196	0
1675	212	0
1676	211	0
1677	179	0
1678	195	0
1679	203	0
1680	222	0
1681	183	0
1682	174	0
1683	195	0
1684	202	0
1685	204	0
1686	213	0
1687	191	0
1688	176	0
1689	189	0
1690	192	0
1691	199	0
1692	184	0
1693	177	0
1694	204	0
1695	186	0
1696	212	0
1697	183	0
1698	206	0
1699	174	0
1700	215	0
1701	198	0
1702	185	0
1703	194	0
1704	191	0
1705	192	0
1706	201	0
1707	202	0
1708	197	0
1709	196	0
1710	194	0
1711	192	0
1712	209	0
1713	171	0
1714	193	0
1715	222	0
1716	192	0
1717	192	0
1718	222	0
1719	213	0
1720	173	0
1721	191	0
1722	186	0
1723	197	0
1724	192	0
1725	184	0
1726	210	0
1727	207	0
1728	169	0
1729	187	0
1730	206	0
1731	188	0
1732	197	0
1733	204	0
1734	198	0
1735	182	0
1736	193	0
1737	178	0
1738	205	0
1739	173	0
1740	202	0
1741	192	0
1742	203	0
1743	192	0
1744	205	0
1745	188	0
1746	182	0
1747	204	0
1748	189	0
1749	179	0
1750	175	0
1751	195	0
1752	213	0
1753	204	0
1754	195	0
1755	202	0
1756	176	0
1757	186	0
1758	215	0
1759	196	0
1760	191	0
1761	171	0
1762	203	0
1763	195	0
1764	198	0
1765	179	0
1766	182	0
1767	192	0
1768	192	0
1769	192	0
1770	192	0
1771	199	0
1772	185	0
1773	168	0
1774	205	0
1775	208	0
1776	218	0
1777	172	0
1778	173	0
1779	198	0
1780	183	0
1781	205	0
1782	189	0
1783	193	0
1784	179	0
1785	188	0
1786	191	0
1787	217	0
1788	207	0
1789	194	0
1790	206	0
1791	207	0
1792	194	0
1793	211	0
1794	214	0
1795	200	0
1796	198	0
1797	169	0
1798	191	0
1799	212	0
1800	210	0
1801	198	0
1802	180	0
1803	194	0
1804	202	0
1805	219	0
1806	205	0
1807	196	0
1808	204	0
1809	190	0
1810	198	0
1811	202	0
1812	186	0
1813	188	0
1814	188	0
1815	225	0
1816	192	0
1817	193	0
1818	218	0
1819	200	0
1820	204	0
1821	197	0
1822	191	0
1823	197	0
1824	200	0
1825	240	0
1826	239	0
1827	194	0
1828	190	0
1829	188	0
1830	188	0
1831	186	0
1832	182	0
1833	207	0
1834	190	0
1835	203	0
1836	201	0
1837	204	0
1838	204	0
1839	181	0
1840	208	0
1841	209	0
1842	205	0
1843	167	0
1844	182	0
1845	215	0
1846	184	0
1847	216	0
1848	206	0
1849	187	0
1850	183	0
1851	201	0
1852	196	0
1853	212	0
1854	201	0
1855	195	0
1856	194	0
1857	186	0
1858	203	0
1859	173	0
1860	189	0
1861	211	0
1862	194	0
1863	177	0
1864	208	0
1865	150	0
1866	236	0
1867	187	0
1868	217	0
1869	177	0
1870	192	0
1871	208	0
1872	165	0
1873	196	0
1874	192	0
1875	210	0
1876	180	0
1877	194	0
1878	188	0
1879	198	0
1880	193	0
1881	219	0
1882	182	0
1883	187	0
1884	194	0
1885	206	0
1886	196	0
1887	194	0
1888	234	0
1889	198	0
1890	203	0
1891	214	0
1892	201	0
1893	189	0
1894	201	0
1895	202	0
1896	186	0
1897	179	0
1898	213	0
1899	198	0
1900	196	0
1901	194	0
1902	198	0
1903	182	0
1904	182	0
1905	190	0
1906	195	0
1907	192	0
1908	215	0
1909	192	0
1910	185	0
1911	207	0
1912	205	0
1913	180	0
1914	196	0
1915	209	0
1916	193	0
1917	221	0
1918	205	0
1919	204	0
1920	212	0
1921	194	0
1922	168	0
1923	194	0
1924	166	0
1925	194	0
1926	199	0
1927	200	0
1928	209	0
1929	195	0
1930	160	0
1931	206	0
1932	207	0
1933	200	0
1934	209	0
1935	185	0
1936	202	0
1937	180	0
1938	208	0
1939	190	0
1940	216	0
1941	204	0
1942	208	0
1943	227	0
1944	221	0
1945	208	0
1946	204	0
1947	191	0
1948	192	0
1949	245	0
1950	194	0
1951	206	0
1952	202	0
1953	201	0
1954	205	0
1955	196	0
1956	187	0
1957	198	0
1958	203	0
1959	199	0
1960	183	0
1961	187	0
1962	188	0
1963	191	0
1964	212	0
1965	196	0
1966	195	0
1967	186	0
1968	193	0
1969	202	0
1970	203	0
1971	193	0
1972	201	0
1973	195	0
1974	181	0
1975	222	0
1976	182	0
1977	192	0
1978	195	0
1979	214	0
1980	169	0
1981	172	0
1982	164	0
1983	207	0
1984	167	0
1985	210	0
1986	196	0
1987	203	0
1988	195	0
1989	177	0
1990	203	0
1991	189	0
1992	188	0
1993	195	0
1994	185	0
1995	184	0
1996	208	0
1997	192	0
1998	183	0
1999	191	0
2000	181	0
2001	191	0
2002	186	0
2003	212	0
2004	205	0
2005	217	0
2006	212	0
2007	205	0
2008	178	0
2009	191	0
2010	181	0
2011	180	0
2012	194	0
2013	212	0
2014	194	0
2015	189	0
2016	200	0
2017	198	0
2018	193	0
2019	198	0
2020	180	0
2021	209	0
2022	190	0
2023	215	0
2024	169	0
2025	217	0
2026	199	0
2027	220	0
2028	199	0
2029	172	0
2030	203	0
2031	194	0
2032	206	0
2033	198	0
2034	208	0
2035	225	0
2036	185	0
2037	210	0
2038	194	0
2039	183	0
2040	177	0
2041	191	0
2042	218	0
2043	207	0
2044	180	0
2045	200	0
2046	201	0
2047	203	0
2048	201	0
2049	220	0
2050	175	0
2051	204	0
2052	205	0
2053	194	0
2054	189	0
2055	184	0
2056	217	0
2057	201	0
2058	199	0
2059	205	0
2060	187	0
2061	207	0
2062	187	0
2063	204	0
2064	198	0
2065	192	0
2066	228	0
2067	192	0
2068	210	0
2069	174	0
2070	201	0
2071	215	0
2072	211	0
2073	200	0
2074	201	0
2075	185	0
2076	179	0
2077	176	0
2078	181	0
2079	193	0
2080	200	0
2081	197	0
2082	206	0
2083	222	0
2084	183	0
2085	184	0
2086	188	0
2087	179	0
2088	200	0
2089	198	0
2090	176	0
2091	198	0
2092	196	0
2093	190	0
2094	195	0
2095	215	0
2096	184	0
2097	192	0
2098	190	0
2099	209	0
2100	198	0
2101	182	0
2102	203	0
2103	173	0
2104	179	0
2105	240	0
2106	180	0
2107	204	0
2108	208	0
2109	196	0
2110	240	0
2111	198	0
2112	202	0
2113	171	0
2114	170	0
2115	192	0
2116	184	0
2117	197	0
2118	197	0
2119	182	0
2120	162	0
2121	181	0
2122	195	0
2123	177	0
2124	195	0
2125	197	0
2126	191	0
2127	195	0
2128	184	0
2129	200	0
2130	186	0
2131	216	0
2132	197	0
2133	195	0
2134	168	0
2135	214	0
2136	193	0
2137	196	0
2138	216	0
2139	196	0
2140	195	0
2141	184	0
2142	207	0
2143	197	0
2144	184	0
2145	201	0
2146	201	0
2147	209	0
2148	203	0
2149	182	0
2150	195	0
2151	194	0
2152	207	0
2153	198	0
2154	199	0
2155	211	0
2156	153	0
2157	179	0
2158	184	0
2159	203	0
2160	200	0
2161	200	0
2162	203	0
2163	197	0
2164	203	0
2165	200	0
2166	196	0
2167	233	0
2168	205	0
2169	176	0
2170	167	0
2171	204	0
2172	227	0
2173	186	0
2174	164	0
2175	193	0
2176	190	0
2177	186	0
2178	193	0
2179	199	0
2180	186	0
2181	201	0
2182	197	0
2183	199	0
2184	202	0
2185	195	0
2186	203	0
2187	194	0
2188	195	0
2189	199	0
2190	174	0
2191	167	0
2192	200	0
2193	190	0
2194	188	0
2195	189	0
2196	193	0
2197	194	0
2198	188	0
2199	194	0
2200	203	0
2201	178	0
2202	195	0
2203	193	0
2204	192	0
2205	215	0
2206	208	0
2207	213	0
2208	181	0
2209	182	0
2210	188	0
2211	217	0
2212	197	0
2213	169	0
2214	193	0
2215	194	0
2216	188	0
2217	216	0
2218	208	0
2219	203	0
2220	196	0
2221	197	0
2222	212	0
2223	192	0
2224	183	0
2225	181	0
2226	188	0
2227	185	0
2228	192	0
2229	186	0
2230	204	0
2231	225	0
2232	215	0
2233	181	0
2234	179	0
2235	225	0
2236	188	0
2237	191	0
2238	216	0
2239	206	0
2240	190	0
2241	203	0
2242	177	0
2243	234	0
2244	203	0
2245	196	0
2246	192	0
2247	214	0
2248	190	0
2249	201	0
2250	197	0
2251	175	0
2252	206	0
2253	207	0
2254	209	0
2255	203	0
2256	194	0
2257	206	0
2258	232	0
2259	189	0
2260	209	0
2261	201	0
2262	192	0
2263	193	0
2264	217	0
2265	215	0
2266	202	0
2267	183	0
2268	194	0
2269	205	0
2270	186	0
2271	207	0
2272	195	0
2273	184	0
2274	197	0
2275	205	0
2276	206	0
2277	212	0
2278	217	0
2279	203	0
2280	199	0
2281	223	0
2282	217	0
2283	204	0
2284	199	0
2285	202	0
2286	177	0
2287	183	0
2288	203	0
2289	238	0
2290	192	0
2291	219	0
2292	184	0
2293	202	0
2294	197	0
2295	202	0
2296	195	0
2297	172	0
2298	182	0
2299	205	0
2300	188	0
2301	214	0
2302	205	0
2303	192	0
2304	198	0
2305	211	0
2306	197	0
2307	206	0
2308	205	0
2309	200	0
2310	201	0
2311	191	0
2312	202	0
2313	213	0
2314	159	0
2315	238	0
2316	196	0
2317	188	0
2318	176	0
2319	224	0
2320	169	0
2321	190	0
2322	189	0
2323	205	0
2324	197	0
2325	213	0
2326	198	0
2327	216	0
2328	192	0
2329	211	0
2330	210	0
2331	224	0
2332	189	0
2333	208	0
2334	197	0
2335	212	0
2336	207	0
2337	221	0
2338	195	0
2339	179	0
2340	167	0
2341	211	0
2342	177	0
2343	201	0
2344	174	0
2345	213	0
2346	213	0
2347	181	0
2348	206	0
2349	181	0
2350	212	0
2351	188	0
2352	200	0
2353	201	0
2354	201	0
2355	210	0
2356	189	0
2357	206	0
2358	207	0
2359	197	0
2360	217	0
2361	194	0
2362	180	0
2363	208	0
2364	193	0
2365	187	0
2366	224	0
2367	192	0
2368	191	0
2369	198	0
2370	190	0
2371	186	0
2372	210	0
2373	209	0
2374	226	0
2375	186	0
2376	204	0
2377	210	0
2378	193	0
2379	187	0
2380	211	0
2381	204	0
2382	204	0
2383	190	0
2384	190	0
2385	165	0
2386	187	0
2387	197	0
2388	201	0
2389	178	0
2390	228	0
2391	177	0
2392	178	0
2393	189	0
2394	202	0
2395	176	0
2396	172	0
2397	180	0
2398	209	0
2399	189	0
2400	204	0
2401	197	0
2402	216	0
2403	199	0
2404	204	0
2405	186	0
2406	220	0
2407	182	0
2408	183	0
2409	209	0
2410	207	0
2411	186	0
2412	184	0
2413	215	0
2414	208	0
2415	202	0
2416	181	0
2417	181	0
2418	191	0
2419	184	0
2420	203	0
2421	176	0
2422	214	0
2423	169	0
2424	235	0
2425	215	0
2426	201	0
2427	204	0
2428	189	0
2429	196	0
2430	182	0
2431	189	0
2432	199	0
2433	197	0
2434	191	0
2435	198	0
2436	204	0
2437	190	0
2438	219	0
2439	183	0
2440	195	0
2441	194	0
2442	199	0
2443	215	0
2444	174	0
2445	196	0
2446	162	0
2447	187	0
2448	209	0
2449	191	0
2450	186	0
2451	185	0
2452	207	0
2453	191	0
2454	206	0
2455	179	0
2456	180	0
2457	156	0
2458	186	0
2459	187	0
2460	186	0
2461	209	0
2462	186	0
2463	199	0
2464	188	0
2465	192	0
2466	186	0
2467	208	0
2468	190	0
2469	199	0
2470	184	0
2471	209	0
2472	171	0
2473	205	0
2474	163	0
2475	198	0
2476	197	0
2477	218	0
2478	210	0
2479	188	0
2480	192	0
2481	214	0
2482	170	0
2483	198	0
2484	184	0
2485	191	0
2486	217	0
2487	209	0
2488	172	0
2489	187	0
2490	204	0
2491	224	0
2492	180	0
2493	211	0
2494	176	0
2495	195	0
2496	200	0
2497	193	0
2498	225	0
2499	186	0
2500	184	0
2501	177	0
2502	190	0
2503	179	0
2504	178	0
2505	196	0
2506	197	0
2507	166	0
2508	213	0
2509	208	0
2510	193	0
2511	202	0
2512	178	0
2513	191	0
2514	194	0
2515	209	0
2516	200	0
2517	211	0
2518	210	0
2519	186	0
2520	201	0
2521	209	0
2522	182	0
2523	177	0
2524	187	0
2525	198	0
2526	195	0
2527	223	0
2528	202	0
2529	205	0
2530	191	0
2531	194	0
2532	173	0
2533	204	0
2534	175	0
2535	166	0
2536	182	0
2537	176	0
2538	177	0
2539	187	0
2540	188	0
2541	161	0
2542	207	0
2543	206	0
2544	178	0
2545	190	0
2546	188	0
2547	210	0
2548	225	0
2549	189	0
2550	194	0
2551	214	0
2552	185	0
2553	193	0
2554	205	0
2555	197	0
2556	194	0
2557	199	0
2558	191	0
2559	183	0
2560	188	0
2561	201	0
2562	190	0
2563	188	0
2564	234	0
2565	220	0
2566	194	0
2567	195	0
2568	197	0
2569	209	0
2570	213	0
2571	179	0
2572	161	0
2573	182	0
2574	187	0
2575	174	0
2576	187	0
2577	193	0
2578	197	0
2579	236	0
2580	202	0
2581	189	0
2582	193	0
2583	206	0
2584	170	0
2585	187	0
2586	200	0
2587	205	0
2588	205	0
2589	210	0
2590	218	0
2591	175	0
2592	207	0
2593	204	0
2594	206	0
2595	175	0
2596	203	0
2597	189	0
2598	212	0
2599	191	0
2600	189	0
2601	183	0
2602	177	0
2603	179	0
2604	206	0
2605	191	0
2606	212	0
2607	214	0
2608	197	0
2609	174	0
2610	190	0
2611	204	0
2612	203	0
2613	195	0
2614	168	0
2615	188	0
2616	197	0
2617	203	0
2618	196	0
2619	197	0
2620	182	0
2621	201	0
2622	186	0
2623	181	0
2624	191	0
2625	197	0
2626	179	0
2627	190	0
2628	186	0
2629	213	0
2630	229	0
2631	205	0
2632	203	0
2633	200	0
2634	233	0
2635	204	0
2636	203	0
2637	198	0
2638	206	0
2639	188	0
2640	207	0
2641	212	0
2642	183	0
2643	196	0
2644	196	0
2645	186	0
2646	209	0
2647	227	0
2648	205	0
2649	164	0
2650	190	0
2651	204	0
2652	188	0
2653	207	0
2654	197	0
2655	202	0
2656	194	0
2657	192	0
2658	209	0
2659	189	0
2660	209	0
2661	222	0
2662	219	0
2663	201	0
2664	184	0
2665	195	0
2666	185	0
2667	208	0
2668	201	0
2669	196	0
2670	201	0
2671	174	0
2672	200	0
2673	191	0
2674	179	0
2675	198	0
2676	176	0
2677	199	0
2678	169	0
2679	211	0
2680	191	0
2681	198	0
2682	190	0
2683	192	0
2684	219	0
2685	202	0
2686	193	0
2687	186	0
2688	196	0
2689	207	0
2690	185	0
2691	200	0
2692	199	0
2693	203	0
2694	187	0
2695	196	0
2696	194	0
2697	184	0
2698	197	0
2699	210	0
2700	206	0
2701	200	0
2702	190	0
2703	188	0
2704	201	0
2705	202	0
2706	174	0
2707	180	0
2708	198	0
2709	201	0
2710	184	0
2711	208	0
2712	200	0
2713	205	0
2714	194	0
2715	203	0
2716	212	0
2717	205	0
2718	183	0
2719	201	0
2720	191	0
2721	201	0
2722	192	0
2723	196	0
2724	186	0
2725	186	0
2726	199	0
2727	196	0
2728	188	0
2729	192	0
2730	217	0
2731	181	0
2732	214	0
2733	200	0
2734	197	0
2735	206	0
2736	205	0
2737	214	0
2738	202	0
2739	185	0
2740	187	0
2741	187	0
2742	203	0
2743	186	0
2744	215	0
2745	194	0
2746	199	0
2747	216	0
2748	223	0
2749	174	0
2750	195	0
2751	181	0
2752	213	0
2753	178	0
2754	194	0
2755	225	0
2756	193	0
2757	211	0
2758	216	0
2759	176	0
2760	228	0
2761	197	0
2762	183	0
2763	201	0
2764	218	0
2765	173	0
2766	193	0
2767	210	0
2768	226	0
2769	206	0
2770	194	0
2771	202	0
2772	210	0
2773	206	0
2774	206	0
2775	197	0
2776	190	0
2777	191	0
2778	167	0
2779	207	0
2780	204	0
2781	195	0
2782	192	0
2783	196	0
2784	186	0
2785	202	0
2786	219	0
2787	183	0
2788	212	0
2789	208	0
2790	197	0
2791	207	0
2792	220	0
2793	201	0
2794	208	0
2795	208	0
2796	195	0
2797	179	0
2798	205	0
2799	178	0
2800	198	0
2801	198	0
2802	159	0
2803	201	0
2804	200	0
2805	171	0
2806	212	0
2807	203	0
2808	163	0
2809	182	0
2810	207	0
2811	214	0
2812	191	0
2813	187	0
2814	198	0
2815	180	0
2816	188	0
2817	197	0
2818	195	0
2819	172	0
2820	207	0
2821	191	0
2822	194	0
2823	179	0
2824	190	0
2825	173	0
2826	198	0
2827	196	0
2828	196	0
2829	212	0
2830	202	0
2831	198	0
2832	164	0
2833	203	0
2834	197	0
2835	188	0
2836	199	0
2837	182	0
2838	203	0
2839	195	0
2840	201	0
2841	214	0
2842	182	0
2843	216	0
2844	184	0
2845	181	0
2846	190	0
2847	182	0
2848	200	0
2849	171	0
2850	175	0
2851	194	0
2852	194	0
2853	184	0
2854	187	0
2855	180	0
2856	218	0
2857	197	0
2858	194	0
2859	183	0
2860	184	0
2861	184	0
2862	209	0
2863	199	0
2864	206	0
2865	194	0
2866	191	0
2867	200	0
2868	197	0
2869	188	0
2870	183	0
2871	185	0
2872	177	0
2873	213	0
2874	164	0
2875	184	0
2876	210	0
2877	188	0
2878	203	0
2879	160	0
2880	190	0
2881	169	0
2882	214	0
2883	184	0
2884	208	0
2885	197	0
2886	218	0
2887	209	0
2888	239	0
2889	200	0
2890	200	0
2891	226	0
2892	204	0
2893	194	0
2894	187	0
2895	191	0
2896	180	0
2897	187	0
2898	190	0
2899	195	0
2900	209	0
2901	208	0
2902	176	0
2903	186	0
2904	191	0
2905	186	0
2906	179	0
2907	173	0
2908	180	0
2909	208	0
2910	192	0
2911	199	0
2912	196	0
2913	200	0
2914	188	0
2915	174	0
2916	196	0
2917	203	0
2918	195	0
2919	194	0
2920	186	0
2921	168	0
2922	168	0
2923	204	0
2924	183	0
2925	190	0
2926	173	0
2927	193	0
2928	218	0
2929	181	0
2930	201	0
2931	192	0
2932	222	0
2933	223	0
2934	201	0
2935	195	0
2936	197	0
2937	207	0
2938	184	0
2939	171	0
2940	177	0
2941	199	0
2942	197	0
2943	192	0
2944	209	0
2945	207	0
2946	198	0
2947	215	0
2948	201	0
2949	190	0
2950	207	0
2951	203	0
2952	202	0
2953	213	0
2954	196	0
2955	193	0
2956	192	0
2957	216	0
2958	180	0
2959	175	0
2960	191	0
2961	205	0
2962	205	0
2963	197	0
2964	191	0
2965	207	0
2966	192	0
2967	195	0
2968	169	0
2969	210	0
2970	170	0
2971	190	0
2972	183	0
2973	181	0
2974	190	0
2975	171	0
2976	206	0
2977	193	0
2978	196	0
2979	189	0
2980	183	0
2981	189	0
2982	184	0
2983	185	0
2984	192	0
2985	191	0
2986	195	0
2987	174	0
2988	173	0
2989	171	0
2990	211	0
2991	207	0
2992	179	0
2993	188	0
2994	212	0
2995	209	0
2996	190	0
2997	172	0
2998	189	0
2999	211	0
3000	202	0
