1	163	0
2	220	0
3	204	0
4	197	0
5	174	0
6	173	0
7	218	0
8	205	0
9	178	0
10	187	0
11	195	0
12	193	0
13	190	0
14	213	0
15	189	0
16	210	0
17	201	0
18	169	0
19	198	0
20	190	0
21	197	0
22	215	0
23	199	0
24	214	0
25	189	0
26	169	0
27	192	0
28	192	0
29	191	0
30	178	0
31	209	0
32	207	0
33	198	0
34	185	0
35	195	0
36	193	0
37	206	0
38	178	0
39	181	0
40	217	0
41	183	0
42	168	0
43	167	0
44	178	0
45	198	0
46	203	0
47	181	0
48	199	0
49	197	0
50	215	0
51	180	0
52	207	0
53	184	0
54	198	0
55	198	0
56	189	0
57	215	0
58	193	0
59	181	0
60	216	0
61	205	0
62	168	0
63	206	0
64	167	0
65	186	0
66	197	0
67	193	0
68	203	0
69	173	0
70	182	0
71	193	0
72	191	0
73	187	0
74	192	0
75	183	0
76	199	0
77	206	0
78	179	0
79	228	0
80	182	0
81	174	0
82	206	0
83	187	0
84	212	0
85	213	0
86	223	0
87	173	0
88	198	0
89	163	0
90	215	0
91	186	0
92	186	0
93	171	0
94	204	0
95	202	0
96	188	0
97	180	0
98	212	0
99	193	0
100	212	0
101	207	0
102	193	0
103	185	0
104	216	0
105	209	0
106	209	0
107	179	0
108	179	0
109	198	0
110	188	0
111	193	0
112	180	0
113	179	0
114	213	0
115	193	0
116	200	0
117	196	0
118	200	0
119	186	0
120	207	0
121	165	0
122	207	0
123	185	0
124	207	0
125	200	0
126	184	0
127	178	0
128	179	0
129	206	0
130	181	0
131	191	0
132	182	0
133	202	0
134	204	0
135	196	0
136	192	0
137	200	0
138	186	0
139	193	0
140	189	0
141	212	0
142	200	0
143	189	0
144	161	0
145	224	0
146	181	0
147	214	0
148	205	0
149	171	0
150	190	0
151	197	0
152	202	0
153	202	0
154	234	0
155	184	0
156	172	0
157	227	0
158	201	0
159	207	0
160	178	0
161	187	0
162	195	0
163	205	0
164	191	0
165	181	0
166	213	0
167	212	0
168	192	0
169	197	0
170	192	0
171	207	0
172	201	0
173	191	0
174	221	0
175	203	0
176	196	0
177	192	0
178	188	0
179	217	0
180	223	0
181	206	0
182	190	0
183	177	0
184	194	0
185	204	0
186	201	0
187	192	0
188	197	0
189	196	0
190	195	0
191	183	0
192	192	0
193	176	0
194	237	0
195	204	0
196	207	0
197	182	0
198	197	0
199	202	0
200	208	0
201	189	0
202	189	0
203	207	0
204	189	0
205	195	0
206	203	0
207	204	0
208	182	0
209	185	0
210	199	0
211	185	0
212	188	0
213	208	0
214	221	0
215	220	0
216	204	0
217	216	0
218	186	0
219	189	0
220	193	0
221	191	0
222	192	0
223	185	0
224	192	0
225	234	0
226	203	0
227	205	0
228	194	0
229	195	0
230	184	0
231	225	0
232	194	0
233	190	0
234	174	0
235	205	0
236	179	0
237	190	0
238	202	0
239	183	0
240	183	0
241	195	0
242	168	0
243	195	0
244	192	0
245	188	0
246	217	0
247	189	0
248	224	0
249	190	0
250	168	0
251	194	0
252	209	0
253	185	0
254	176	0
255	186	0
256	201	0
257	175	0
258	193	0
259	193	0
260	186	0
261	169	0
262	206	0
263	192	0
264	184	0
265	219	0
266	207	0
267	188	0
268	172	0
269	196	0
270	200	0
271	210	0
272	203	0
273	195	0
274	181	0
275	192	0
276	206	0
277	220	0
278	191	0
279	194	0
280	168	0
281	169	0
282	169	0
283	177	0
284	181	0
285	187	0
286	183	0
287	195	0
288	178	0
289	176	0
290	202	0
291	217	0
292	213	0
293	193	0
294	200	0
295	199	0
296	194	0
297	170	0
298	216	0
299	198	0
300	199	0
301	177	0
302	179	0
303	200	0
304	185	0
305	161	0
306	193	0
307	226	0
308	192	0
309	199	0
310	182	0
311	211	0
312	187	0
313	212	0
314	196	0
315	205	0
316	193	0
317	195	0
318	196	0
319	192	0
320	206	0
321	193	0
322	202	0
323	213	0
324	208	0
325	212	0
326	200	0
327	194	0
328	175	0
329	194	0
330	204	0
331	194	0
332	209	0
333	199	0
334	224	0
335	195	0
336	172	0
337	176	0
338	219	0
339	201	0
340	198	0
341	186	0
342	198	0
343	193	0
344	222	0
345	192	0
346	210	0
347	198	0
348	182	0
349	202	0
350	212	0
351	202	0
352	194	0
353	206	0
354	202	0
355	182	0
356	164	0
357	214	0
358	246	0
359	198	0
360	188	0
361	208	0
362	211	0
363	187	0
364	173	0
365	189	0
366	212	0
367	202	0
368	203	0
369	179	0
370	205	0
371	211	0
372	196	0
373	204	0
374	230	0
375	209	0
376	200	0
377	195	0
378	168	0
379	163	0
380	211	0
381	170	0
382	191	0
383	182	0
384	187	0
385	186	0
386	213	0
387	199	0
388	206	0
389	175	0
390	213	0
391	190	0
392	212	0
393	201	0
394	204	0
395	220	0
396	209	0
397	202	0
398	189	0
399	201	0
400	181	0
401	187	0
402	197	0
403	188	0
404	214	0
405	184	0
406	184	0
407	183	0
408	211	0
409	224	0
410	168	0
411	217	0
412	179	0
413	208	0
414	202	0
415	190	0
416	151	0
417	185	0
418	194	0
419	232	0
420	175	0
421	202	0
422	198	0
423	217	0
424	191	0
425	191	0
426	205	0
427	196	0
428	164	0
429	212	0
430	175	0
431	188	0
432	190	0
433	213	0
434	222	0
435	191	0
436	211	0
437	190	0
438	208	0
439	206	0
440	173	0
441	192	0
442	185	0
443	193	0
444	208	0
445	195	0
446	191	0
447	195	0
448	166	0
449	220	0
450	170	0
451	206	0
452	213	0
453	207	0
454	212	0
455	208	0
456	191	0
457	197	0
458	182	0
459	195	0
460	217	0
461	199	0
462	188	0
463	190	0
464	209	0
465	196	0
466	193	0
467	200	0
468	182	0
469	197	0
470	184	0
471	188	0
472	180	0
473	203	0
474	216	0
475	192	0
476	203	0
477	186	0
478	189	0
479	169	0
480	196	0
481	204	0
482	232	0
483	210	0
484	218	0
485	171	0
486	202	0
487	205	0
488	172	0
489	197	0
490	206	0
491	182	0
492	198	0
493	179	0
494	200	0
495	206	0
496	185	0
497	220	0
498	203	0
499	170	0
500	200	0
501	195	0
502	224	0
503	207	0
504	216	0
505	176	0
506	186	0
507	198	0
508	212	0
509	222	0
510	209	0
511	205	0
512	196	0
513	183	0
514	196	0
515	193	0
516	207	0
517	212	0
518	190	0
519	202	0
520	196	0
521	193	0
522	192	0
523	204	0
524	188	0
525	194	0
526	223	0
527	220	0
528	207	0
529	212	0
530	182	0
531	195	0
532	184	0
533	186	0
534	190	0
535	187	0
536	181	0
537	207	0
538	205	0
539	194	0
540	215	0
541	188	0
542	215	0
543	209	0
544	217	0
545	191	0
546	196	0
547	207	0
548	190	0
549	209	0
550	198	0
551	193	0
552	187	0
553	210	0
554	189	0
555	195	0
556	181	0
557	247	0
558	197	0
559	214	0
560	197	0
561	195	0
562	199	0
563	202	0
564	206	0
565	192	0
566	197	0
567	200	0
568	209	0
569	203	0
570	188	0
571	188	0
572	188	0
573	185	0
574	198	0
575	171	0
576	199	0
577	187	0
578	196	0
579	188	0
580	190	0
581	194	0
582	207	0
583	219	0
584	203	0
585	202	0
586	158	0
587	192	0
588	157	0
589	188	0
590	205	0
591	189	0
592	213	0
593	191	0
594	180	0
595	188	0
596	167	0
597	199	0
598	166	0
599	172	0
600	184	0
601	175	0
602	211	0
603	187	0
604	201	0
605	189	0
606	197	0
607	178	0
608	167	0
609	173	0
610	183	0
611	171	0
612	197	0
613	183	0
614	200	0
615	205	0
616	202	0
617	186	0
618	206	0
619	204	0
620	182	0
621	193	0
622	198	0
623	212	0
624	186	0
625	178	0
626	189	0
627	201	0
628	201	0
629	189	0
630	187	0
631	204	0
632	193	0
633	200	0
634	190	0
635	183	0
636	196	0
637	185	0
638	221	0
639	230	0
640	199	0
641	192	0
642	197	0
643	231	0
644	215	0
645	181	0
646	187	0
647	190	0
648	197	0
649	187	0
650	176	0
651	189	0
652	204	0
653	212	0
654	205	0
655	204	0
656	209	0
657	179	0
658	191	0
659	180	0
660	183	0
661	199	0
662	192	0
663	212	0
664	191	0
665	201	0
666	188	0
667	207	0
668	174	0
669	176	0
670	228	0
671	186	0
672	204	0
673	217	0
674	174	0
675	197	0
676	214	0
677	197	0
678	173	0
679	189	0
680	181	0
681	176	0
682	199	0
683	201	0
684	198	0
685	215	0
686	192	0
687	201	0
688	181	0
689	179	0
690	205	0
691	182	0
692	211	0
693	179	0
694	179	0
695	186	0
696	173	0
697	188	0
698	203	0
699	168	0
700	207	0
701	198	0
702	205	0
703	169	0
704	196	0
705	183	0
706	196	0
707	191	0
708	201	0
709	214	0
710	183	0
711	205	0
712	205	0
713	200	0
714	172	0
715	195	0
716	189	0
717	193	0
718	186	0
719	216	0
720	188	0
721	198	0
722	198	0
723	191	0
724	190	0
725	167	0
726	203	0
727	168	0
728	202	0
729	220	0
730	204	0
731	186	0
732	211	0
733	191	0
734	201	0
735	202	0
736	188	0
737	217	0
738	161	0
739	178	0
740	186	0
741	195	0
742	185	0
743	201	0
744	197	0
745	215	0
746	192	0
747	192	0
748	195	0
749	187	0
750	205	0
751	195	0
752	217	0
753	194	0
754	199	0
755	204	0
756	199	0
757	198	0
758	189	0
759	190	0
760	199	0
761	180	0
762	209	0
763	204	0
764	194	0
765	199	0
766	182	0
767	192	0
768	209	0
769	210	0
770	208	0
771	178	0
772	192	0
773	195	0
774	200	0
775	173	0
776	191	0
777	197	0
778	195	0
779	201	0
780	191	0
781	196	0
782	189	0
783	180	0
784	197	0
785	206	0
786	183	0
787	192	0
788	190	0
789	205	0
790	201	0
791	177	0
792	177	0
793	166	0
794	177	0
795	204	0
796	178	0
797	204	0
798	183	0
799	188	0
800	226	0
801	199	0
802	200	0
803	205	0
804	205	0
805	197	0
806	212	0
807	167	0
808	195	0
809	186	0
810	185	0
811	180	0
812	192	0
813	212	0
814	200	0
815	176	0
816	218	0
817	180	0
818	208	0
819	212	0
820	197	0
821	212	0
822	205	0
823	199	0
824	199	0
825	193	0
826	200	0
827	217	0
828	194	0
829	171	0
830	184	0
831	190	0
832	192	0
833	203	0
834	190	0
835	186	0
836	169	0
837	168	0
838	181	0
839	199	0
840	201	0
841	216	0
842	198	0
843	196	0
844	204	0
845	202	0
846	195	0
847	221	0
848	188	0
849	197	0
850	191	0
851	202	0
852	209	0
853	196	0
854	181	0
855	206	0
856	197	0
857	186	0
858	202	0
859	202	0
860	177	0
861	168	0
862	190	0
863	201	0
864	185	0
865	170	0
866	220	0
867	201	0
868	178	0
869	203	0
870	190	0
871	203	0
872	214	0
873	197	0
874	178	0
875	193	0
876	196	0
877	198	0
878	183	0
879	185	0
880	187	0
881	190	0
882	203	0
883	207	0
884	177	0
885	190	0
886	216	0
887	196	0
888	168	0
889	185	0
890	207	0
891	196	0
892	182	0
893	198	0
894	197	0
895	192	0
896	212	0
897	214	0
898	189	0
899	195	0
900	180	0
901	202	0
902	216	0
903	188	0
904	182	0
905	200	0
906	212	0
907	171	0
908	189	0
909	181	0
910	198	0
911	178	0
912	197	0
913	210	0
914	195	0
915	191	0
916	205	0
917	171	0
918	182	0
919	210	0
920	203	0
921	192	0
922	225	0
923	185	0
924	188	0
925	160	0
926	173	0
927	218	0
928	200	0
929	192	0
930	179	0
931	197	0
932	195	0
933	197	0
934	212	0
935	193	0
936	186	0
937	180	0
938	191	0
939	180	0
940	204	0
941	185	0
942	199	0
943	173	0
944	175	0
945	174	0
946	198	0
947	227	0
948	169	0
949	187	0
950	194	0
951	194	0
952	191	0
953	211	0
954	219	0
955	195	0
956	162	0
957	205	0
958	215	0
959	192	0
960	207	0
961	172	0
962	189	0
963	186	0
964	182	0
965	176	0
966	221	0
967	185	0
968	180	0
969	175	0
970	193	0
971	210	0
972	192	0
973	216	0
974	178	0
975	172	0
976	189	0
977	181	0
978	195	0
979	189	0
980	176	0
981	212	0
982	213	0
983	213	0
984	180	0
985	184	0
986	215	0
987	197	0
988	192	0
989	202	0
990	197	0
991	196	0
992	183	0
993	184	0
994	204	0
995	220	0
996	179	0
997	186	0
998	183	0
999	201	0
1000	191	0
1001	202	0
1002	207	0
1003	218	0
1004	224	0
1005	199	0
1006	182	0
1007	218	0
1008	203	0
1009	205	0
1010	187	0
1011	183	0
1012	214	0
1013	204	0
1014	187	0
1015	220	0
1016	199	0
1017	171	0
1018	181	0
1019	190	0
1020	179	0
1021	192	0
1022	192	0
1023	188	0
1024	203	0
1025	174	0
1026	204	0
1027	209	0
1028	202	0
1029	200	0
1030	197	0
1031	172	0
1032	194	0
1033	207	0
1034	179	0
1035	189	0
1036	200	0
1037	198	0
1038	206	0
1039	190	0
1040	208	0
1041	190	0
1042	186	0
1043	217	0
1044	195	0
1045	205	0
1046	178	0
1047	195	0
1048	200	0
1049	198	0
1050	183	0
1051	178	0
1052	195	0
1053	206	0
1054	197	0
1055	182	0
1056	188	0
1057	184	0
1058	225	0
1059	180	0
1060	211	0
1061	209	0
1062	192	0
1063	184	0
1064	186	0
1065	164	0
1066	174	0
1067	186	0
1068	191	0
1069	217	0
1070	190	0
1071	188	0
1072	190	0
1073	181	0
1074	208	0
1075	200	0
1076	203	0
1077	168	0
1078	187	0
1079	182	0
1080	175	0
1081	172	0
1082	187	0
1083	196	0
1084	209	0
1085	198	0
1086	204	0
1087	182	0
1088	191	0
1089	196	0
1090	183	0
1091	199	0
1092	189	0
1093	208	0
1094	216	0
1095	164	0
1096	194	0
1097	199	0
1098	206	0
1099	189	0
1100	210	0
1101	170	0
1102	212	0
1103	202	0
1104	216	0
1105	192	0
1106	194	0
1107	203	0
1108	185	0
1109	190	0
1110	211	0
1111	184	0
1112	201	0
1113	176	0
1114	176	0
1115	193	0
1116	207	0
1117	209	0
1118	186	0
1119	194	0
1120	180	0
1121	217	0
1122	162	0
1123	204	0
1124	197	0
1125	196	0
1126	177	0
1127	181	0
1128	197	0
1129	182	0
1130	184	0
1131	170	0
1132	204	0
1133	186	0
1134	212	0
1135	212	0
1136	222	0
1137	227	0
1138	158	0
1139	193	0
1140	194	0
1141	205	0
1142	196	0
1143	206	0
1144	191	0
1145	195	0
1146	188	0
1147	240	0
1148	214	0
1149	188	0
1150	206	0
1151	183	0
1152	176	0
1153	201	0
1154	194	0
1155	223	0
1156	199	0
1157	175	0
1158	212	0
1159	171	0
1160	205	0
1161	176	0
1162	179	0
1163	200	0
1164	194	0
1165	184	0
1166	215	0
1167	194	0
1168	214	0
1169	194	0
1170	187	0
1171	215	0
1172	193	0
1173	202	0
1174	194	0
1175	195	0
1176	206	0
1177	174	0
1178	227	0
1179	195	0
1180	189	0
1181	210	0
1182	168	0
1183	167	0
1184	180	0
1185	204	0
1186	181	0
1187	206	0
1188	178	0
1189	199	0
1190	188	0
1191	194	0
1192	178	0
1193	204	0
1194	224	0
1195	209	0
1196	206	0
1197	192	0
1198	198	0
1199	204	0
1200	189	0
1201	190	0
1202	182	0
1203	219	0
1204	200	0
1205	210	0
1206	216	0
1207	188	0
1208	192	0
1209	196	0
1210	213	0
1211	193	0
1212	191	0
1213	200	0
1214	193	0
1215	174	0
1216	198	0
1217	188	0
1218	199	0
1219	196	0
1220	183	0
1221	196	0
1222	201	0
1223	181	0
1224	181	0
1225	204	0
1226	161	0
1227	209	0
1228	187	0
1229	196	0
1230	194	0
1231	172	0
1232	215	0
1233	187	0
1234	170	0
1235	168	0
1236	183	0
1237	158	0
1238	180	0
1239	192	0
1240	187	0
1241	187	0
1242	185	0
1243	172	0
1244	171	0
1245	167	0
1246	194	0
1247	189	0
1248	188	0
1249	186	0
1250	202	0
1251	170	0
1252	214	0
1253	187	0
1254	176	0
1255	181	0
1256	198	0
1257	194	0
1258	180	0
1259	191	0
1260	195	0
1261	187	0
1262	174	0
1263	205	0
1264	192	0
1265	171	0
1266	175	0
1267	204	0
1268	224	0
1269	202	0
1270	214	0
1271	224	0
1272	195	0
1273	169	0
1274	172	0
1275	204	0
1276	220	0
1277	198	0
1278	195	0
1279	206	0
1280	216	0
1281	185	0
1282	208	0
1283	168	0
1284	190	0
1285	207	0
1286	198	0
1287	196	0
1288	201	0
1289	193	0
1290	185	0
1291	210	0
1292	200	0
1293	213	0
1294	196	0
1295	186	0
1296	198	0
1297	212	0
1298	206	0
1299	186	0
1300	176	0
1301	198	0
1302	164	0
1303	171	0
1304	197	0
1305	196	0
1306	191	0
1307	223	0
1308	180	0
1309	196	0
1310	213	0
1311	192	0
1312	177	0
1313	189	0
1314	206	0
1315	181	0
1316	215	0
1317	190	0
1318	191	0
1319	182	0
1320	200	0
1321	181	0
1322	207	0
1323	206	0
1324	205	0
1325	206	0
1326	189	0
1327	200	0
1328	222	0
1329	210	0
1330	212	0
1331	190	0
1332	187	0
1333	199	0
1334	177	0
1335	194	0
1336	179	0
1337	223	0
1338	194	0
1339	171	0
1340	195	0
1341	190	0
1342	202	0
1343	186	0
1344	196	0
1345	171	0
1346	217	0
1347	174	0
1348	209	0
1349	193	0
1350	203	0
1351	217	0
1352	221	0
1353	182	0
1354	186	0
1355	188	0
1356	180	0
1357	191	0
1358	203	0
1359	197	0
1360	194	0
1361	202	0
1362	173	0
1363	188	0
1364	207	0
1365	178	0
1366	185	0
1367	209	0
1368	211	0
1369	181	0
1370	183	0
1371	199	0
1372	188	0
1373	205	0
1374	183	0
1375	191	0
1376	212	0
1377	183	0
1378	209	0
1379	193	0
1380	177	0
1381	185	0
1382	209	0
1383	206	0
1384	179	0
1385	202	0
1386	186	0
1387	214	0
1388	209	0
1389	174	0
1390	189	0
1391	205	0
1392	188	0
1393	198	0
1394	194	0
1395	224	0
1396	195	0
1397	183	0
1398	216	0
1399	195	0
1400	211	0
1401	184	0
1402	205	0
1403	215	0
1404	208	0
1405	204	0
1406	202	0
1407	198	0
1408	184	0
1409	191	0
1410	195	0
1411	223	0
1412	205	0
1413	224	0
1414	190	0
1415	182	0
1416	187	0
1417	186	0
1418	215	0
1419	222	0
1420	215	0
1421	191	0
1422	192	0
1423	201	0
1424	189	0
1425	189	0
1426	182	0
1427	188	0
1428	210	0
1429	172	0
1430	202	0
1431	178	0
1432	193	0
1433	184	0
1434	200	0
1435	197	0
1436	197	0
1437	200	0
1438	198	0
1439	200	0
1440	217	0
1441	172	0
1442	189	0
1443	204	0
1444	226	0
1445	172	0
1446	175	0
1447	182	0
1448	183	0
1449	208	0
1450	170	0
1451	182	0
1452	220	0
1453	181	0
1454	205	0
1455	222	0
1456	187	0
1457	193	0
1458	191	0
1459	187	0
1460	202	0
1461	177	0
1462	167	0
1463	185	0
1464	210	0
1465	207	0
1466	188	0
1467	214	0
1468	205	0
1469	184	0
1470	166	0
1471	184	0
1472	181	0
1473	216	0
1474	224	0
1475	208	0
1476	205	0
1477	165	0
1478	196	0
1479	208	0
1480	178	0
1481	190	0
1482	197	0
1483	183	0
1484	190	0
1485	202	0
1486	192	0
1487	214	0
1488	194	0
1489	202	0
1490	177	0
1491	213	0
1492	176	0
1493	196	0
1494	200	0
1495	199	0
1496	195	0
1497	191	0
1498	186	0
1499	211	0
1500	202	0
1501	194	0
1502	189	0
1503	189	0
1504	193	0
1505	189	0
1506	199	0
1507	175	0
1508	193	0
1509	200	0
1510	203	0
1511	223	0
1512	202	0
1513	206	0
1514	199	0
1515	196	0
1516	177	0
1517	171	0
1518	172	0
1519	196	0
1520	189	0
1521	206	0
1522	204	0
1523	183	0
1524	197	0
1525	186	0
1526	204	0
1527	187	0
1528	181	0
1529	204	0
1530	180	0
1531	173	0
1532	200	0
1533	195	0
1534	187	0
1535	228	0
1536	221	0
1537	206	0
1538	215	0
1539	206	0
1540	227	0
1541	174	0
1542	186	0
1543	211	0
1544	179	0
1545	173	0
1546	185	0
1547	201	0
1548	200	0
1549	203	0
1550	175	0
1551	188	0
1552	190	0
1553	194	0
1554	204	0
1555	200	0
1556	196	0
1557	206	0
1558	196	0
1559	181	0
1560	198	0
1561	184	0
1562	184	0
1563	191	0
1564	205	0
1565	185	0
1566	192	0
1567	160	0
1568	186	0
1569	197	0
1570	199	0
1571	168	0
1572	215	0
1573	195	0
1574	193	0
1575	199	0
1576	219	0
1577	217	0
1578	213	0
1579	181	0
1580	223	0
1581	209	0
1582	179	0
1583	200	0
1584	195	0
1585	141	0
1586	214	0
1587	208	0
1588	183	0
1589	208	0
1590	167	0
1591	202	0
1592	184	0
1593	193	0
1594	208	0
1595	204	0
1596	197	0
1597	182	0
1598	217	0
1599	190	0
1600	210	0
1601	188	0
1602	215	0
1603	186	0
1604	194	0
1605	218	0
1606	181	0
1607	193	0
1608	202	0
1609	185	0
1610	202	0
1611	160	0
1612	174	0
1613	200	0
1614	180	0
1615	218	0
1616	186	0
1617	229	0
1618	189	0
1619	215	0
1620	208	0
1621	198	0
1622	176	0
1623	224	0
1624	183	0
1625	187	0
1626	210	0
1627	197	0
1628	180	0
1629	214	0
1630	187	0
1631	208	0
1632	183	0
1633	181	0
1634	214	0
1635	182	0
1636	182	0
1637	226	0
1638	196	0
1639	196	0
1640	185	0
1641	170	0
1642	185	0
1643	194	0
1644	177	0
1645	207	0
1646	190	0
1647	186	0
1648	197	0
1649	213	0
1650	206	0
1651	169	0
1652	187	0
1653	173	0
1654	220	0
1655	186	0
1656	175	0
1657	188	0
1658	194	0
1659	199	0
1660	205	0
1661	182	0
1662	188	0
1663	197	0
1664	211	0
1665	184	0
1666	225	0
1667	184	0
1668	184	0
1669	192	0
1670	187	0
1671	187	0
1672	203	0
1673	192	0
1674	237	0
1675	210	0
1676	203	0
1677	217	0
1678	198	0
1679	205	0
1680	174	0
1681	188	0
1682	184	0
1683	190	0
1684	191	0
1685	187	0
1686	196	0
1687	163	0
1688	201	0
1689	204	0
1690	185	0
1691	222	0
1692	206	0
1693	184	0
1694	194	0
1695	222	0
1696	197	0
1697	220	0
1698	168	0
1699	184	0
1700	197	0
1701	201	0
1702	196	0
1703	187	0
1704	203	0
1705	179	0
1706	217	0
1707	197	0
1708	208	0
1709	202	0
1710	187	0
1711	187	0
1712	189	0
1713	180	0
1714	197	0
1715	202	0
1716	182	0
1717	199	0
1718	173	0
1719	203	0
1720	204	0
1721	209	0
1722	199	0
1723	211	0
1724	181	0
1725	212	0
1726	193	0
1727	202	0
1728	189	0
1729	202	0
1730	171	0
1731	196	0
1732	199	0
1733	184	0
1734	186	0
1735	196	0
1736	198	0
1737	182	0
1738	215	0
1739	189	0
1740	196	0
1741	185	0
1742	183	0
1743	206	0
1744	193	0
1745	193	0
1746	197	0
1747	211	0
1748	172	0
1749	172	0
1750	206	0
1751	211	0
1752	212	0
1753	199	0
1754	209	0
1755	201	0
1756	189	0
1757	203	0
1758	176	0
1759	222	0
1760	203	0
1761	200	0
1762	196	0
1763	193	0
1764	194	0
1765	213	0
1766	187	0
1767	211	0
1768	162	0
1769	205	0
1770	191	0
1771	181	0
1772	174	0
1773	201	0
1774	198	0
1775	197	0
1776	205	0
1777	210	0
1778	221	0
1779	188	0
1780	208	0
1781	174	0
1782	179	0
1783	176	0
1784	185	0
1785	156	0
1786	197	0
1787	194	0
1788	182	0
1789	193	0
1790	216	0
1791	215	0
1792	222	0
1793	206	0
1794	214	0
1795	186	0
1796	199	0
1797	191	0
1798	207	0
1799	178	0
1800	179	0
1801	176	0
1802	214	0
1803	197	0
1804	178	0
1805	195	0
1806	210	0
1807	182	0
1808	178	0
1809	201	0
1810	202	0
1811	177	0
1812	227	0
1813	205	0
1814	213	0
1815	177	0
1816	199	0
1817	204	0
1818	186	0
1819	214	0
1820	184	0
1821	219	0
1822	182	0
1823	203	0
1824	198	0
1825	214	0
1826	180	0
1827	163	0
1828	173	0
1829	185	0
1830	203	0
1831	195	0
1832	203	0
1833	192	0
1834	203	0
1835	203	0
1836	207	0
1837	203	0
1838	201	0
1839	206	0
1840	203	0
1841	186	0
1842	196	0
1843	181	0
1844	193	0
1845	198	0
1846	212	0
1847	213	0
1848	199	0
1849	198	0
1850	192	0
1851	200	0
1852	188	0
1853	187	0
1854	186	0
1855	203	0
1856	218	0
1857	183	0
1858	174	0
1859	190	0
1860	182	0
1861	197	0
1862	195	0
1863	199	0
1864	180	0
1865	207	0
1866	198	0
1867	216	0
1868	191	0
1869	189	0
1870	194	0
1871	199	0
1872	211	0
1873	184	0
1874	189	0
1875	203	0
1876	206	0
1877	183	0
1878	177	0
1879	188	0
1880	194	0
1881	179	0
1882	185	0
1883	212	0
1884	191	0
1885	162	0
1886	215	0
1887	193	0
1888	203	0
1889	178	0
1890	183	0
1891	189	0
1892	193	0
1893	190	0
1894	211	0
1895	212	0
1896	196	0
1897	187	0
1898	223	0
1899	198	0
1900	218	0
1901	210	0
1902	197	0
1903	195	0
1904	209	0
1905	187	0
1906	185	0
1907	191	0
1908	187	0
1909	183	0
1910	189	0
1911	202	0
1912	196	0
1913	204	0
1914	194	0
1915	221	0
1916	182	0
1917	188	0
1918	195	0
1919	183	0
1920	203	0
1921	187	0
1922	213	0
1923	196	0
1924	192	0
1925	194	0
1926	195	0
1927	198	0
1928	219	0
1929	229	0
1930	191	0
1931	181	0
1932	179	0
1933	196	0
1934	210	0
1935	176	0
1936	213	0
1937	227	0
1938	182	0
1939	215	0
1940	210	0
1941	189	0
1942	186	0
1943	193	0
1944	211	0
1945	198	0
1946	194	0
1947	193	0
1948	178	0
1949	211	0
1950	186	0
1951	205	0
1952	172	0
1953	193	0
1954	202	0
1955	175	0
1956	195	0
1957	212	0
1958	195	0
1959	198	0
1960	213	0
1961	215	0
1962	221	0
1963	186	0
1964	173	0
1965	192	0
1966	201	0
1967	214	0
1968	194	0
1969	174	0
1970	215	0
1971	205	0
1972	190	0
1973	200	0
1974	190	0
1975	184	0
1976	191	0
1977	205	0
1978	184	0
1979	194	0
1980	220	0
1981	186	0
1982	204	0
1983	167	0
1984	182	0
1985	188	0
1986	205	0
1987	193	0
1988	159	0
1989	206	0
1990	196	0
1991	190	0
1992	185	0
1993	211	0
1994	216	0
1995	218	0
1996	183	0
1997	176	0
1998	199	0
1999	197	0
2000	179	0
2001	171	0
2002	201	0
2003	215	0
2004	203	0
2005	188	0
2006	200	0
2007	196	0
2008	204	0
2009	206	0
2010	180	0
2011	184	0
2012	175	0
2013	189	0
2014	168	0
2015	178	0
2016	196	0
2017	189	0
2018	206	0
2019	175	0
2020	189	0
2021	202	0
2022	181	0
2023	196	0
2024	171	0
2025	199	0
2026	190	0
2027	178	0
2028	197	0
2029	187	0
2030	199	0
2031	203	0
2032	168	0
2033	199	0
2034	193	0
2035	186	0
2036	190	0
2037	209	0
2038	203	0
2039	209	0
2040	184	0
2041	184	0
2042	216	0
2043	201	0
2044	213	0
2045	212	0
2046	195	0
2047	208	0
2048	213	0
2049	199	0
2050	208	0
2051	186	0
2052	188	0
2053	200	0
2054	179	0
2055	217	0
2056	194	0
2057	165	0
2058	215	0
2059	206	0
2060	170	0
2061	186	0
2062	186	0
2063	196	0
2064	182	0
2065	193	0
2066	186	0
2067	184	0
2068	182	0
2069	201	0
2070	188	0
2071	205	0
2072	190	0
2073	190	0
2074	181	0
2075	172	0
2076	199	0
2077	181	0
2078	167	0
2079	208	0
2080	179	0
2081	190	0
2082	192	0
2083	187	0
2084	180	0
2085	189	0
2086	194	0
2087	211	0
2088	192	0
2089	172	0
2090	195	0
2091	194	0
2092	206	0
2093	203	0
2094	170	0
2095	216	0
2096	170	0
2097	191	0
2098	208	0
2099	233	0
2100	195	0
2101	176	0
2102	198	0
2103	209	0
2104	180	0
2105	209	0
2106	211	0
2107	210	0
2108	202	0
2109	217	0
2110	200	0
2111	179	0
2112	171	0
2113	196	0
2114	199	0
2115	208	0
2116	215	0
2117	184	0
2118	198	0
2119	198	0
2120	199	0
2121	192	0
2122	198	0
2123	190	0
2124	206	0
2125	220	0
2126	184	0
2127	189	0
2128	205	0
2129	215	0
2130	170	0
2131	218	0
2132	196	0
2133	199	0
2134	202	0
2135	185	0
2136	224	0
2137	228	0
2138	206	0
2139	233	0
2140	200	0
2141	214	0
2142	202	0
2143	211	0
2144	198	0
2145	188	0
2146	202	0
2147	195	0
2148	191	0
2149	191	0
2150	189	0
2151	201	0
2152	175	0
2153	196	0
2154	191	0
2155	195	0
2156	204	0
2157	212	0
2158	154	0
2159	189	0
2160	197	0
2161	191	0
2162	202	0
2163	193	0
2164	187	0
2165	206	0
2166	195	0
2167	205	0
2168	191	0
2169	205	0
2170	206	0
2171	216	0
2172	178	0
2173	199	0
2174	211	0
2175	183	0
2176	216	0
2177	188	0
2178	215	0
2179	204	0
2180	194	0
2181	187	0
2182	183	0
2183	183	0
2184	200	0
2185	168	0
2186	197	0
2187	185	0
2188	214	0
2189	221	0
2190	199	0
2191	207	0
2192	190	0
2193	182	0
2194	185	0
2195	180	0
2196	220	0
2197	197	0
2198	205	0
2199	180	0
2200	204	0
2201	189	0
2202	185	0
2203	173	0
2204	205	0
2205	221	0
2206	199	0
2207	206	0
2208	197	0
2209	173	0
2210	195	0
2211	207	0
2212	222	0
2213	194	0
2214	202	0
2215	189	0
2216	220	0
2217	187	0
2218	179	0
2219	197	0
2220	195	0
2221	187	0
2222	182	0
2223	195	0
2224	220	0
2225	176	0
2226	210	0
2227	213	0
2228	188	0
2229	176	0
2230	178	0
2231	183	0
2232	206	0
2233	230	0
2234	193	0
2235	185	0
2236	201	0
2237	176	0
2238	192	0
2239	181	0
2240	187	0
2241	184	0
2242	192	0
2243	203	0
2244	190	0
2245	205	0
2246	202	0
2247	171	0
2248	172	0
2249	187	0
2250	209	0
2251	198	0
2252	186	0
2253	183	0
2254	200	0
2255	215	0
2256	198	0
2257	219	0
2258	196	0
2259	185	0
2260	177	0
2261	209	0
2262	190	0
2263	177	0
2264	193	0
2265	200	0
2266	208	0
2267	183	0
2268	206	0
2269	186	0
2270	230	0
2271	182	0
2272	177	0
2273	209	0
2274	209	0
2275	201	0
2276	209	0
2277	207	0
2278	194	0
2279	203	0
2280	180	0
2281	206	0
2282	173	0
2283	217	0
2284	200	0
2285	186	0
2286	204	0
2287	208	0
2288	202	0
2289	197	0
2290	223	0
2291	201	0
2292	194	0
2293	195	0
2294	175	0
2295	187	0
2296	202	0
2297	196	0
2298	193	0
2299	206	0
2300	193	0
2301	197	0
2302	178	0
2303	178	0
2304	188	0
2305	232	0
2306	181	0
2307	206	0
2308	180	0
2309	197	0
2310	207	0
2311	188	0
2312	166	0
2313	194	0
2314	189	0
2315	195	0
2316	175	0
2317	198	0
2318	223	0
2319	191	0
2320	196	0
2321	233	0
2322	189	0
2323	213	0
2324	177	0
2325	183	0
2326	180	0
2327	193	0
2328	214	0
2329	195	0
2330	171	0
2331	186	0
2332	169	0
2333	205	0
2334	194	0
2335	208	0
2336	200	0
2337	219	0
2338	168	0
2339	190	0
2340	178	0
2341	227	0
2342	170	0
2343	170	0
2344	183	0
2345	178	0
2346	190	0
2347	177	0
2348	200	0
2349	181	0
2350	193	0
2351	215	0
2352	215	0
2353	192	0
2354	206	0
2355	180	0
2356	213	0
2357	204	0
2358	203	0
2359	212	0
2360	200	0
2361	225	0
2362	189	0
2363	188	0
2364	176	0
2365	186	0
2366	232	0
2367	172	0
2368	206	0
2369	168	0
2370	182	0
2371	196	0
2372	208	0
2373	207	0
2374	213	0
2375	212	0
2376	198	0
2377	188	0
2378	185	0
2379	196	0
2380	209	0
2381	188	0
2382	193	0
2383	164	0
2384	161	0
2385	196	0
2386	206	0
2387	206	0
2388	168	0
2389	186	0
2390	225	0
2391	190	0
2392	191	0
2393	199	0
2394	212	0
2395	198	0
2396	183	0
2397	182	0
2398	171	0
2399	201	0
2400	210	0
2401	179	0
2402	170	0
2403	196	0
2404	202	0
2405	220	0
2406	180	0
2407	178	0
2408	178	0
2409	210	0
2410	220	0
2411	221	0
2412	180	0
2413	195	0
2414	209	0
2415	171	0
2416	195	0
2417	189	0
2418	183	0
2419	190	0
2420	224	0
2421	201	0
2422	181	0
2423	194	0
2424	200	0
2425	194	0
2426	207	0
2427	196	0
2428	233	0
2429	162	0
2430	209	0
2431	185	0
2432	180	0
2433	193	0
2434	200	0
2435	186	0
2436	187	0
2437	200	0
2438	210	0
2439	218	0
2440	192	0
2441	169	0
2442	186	0
2443	180	0
2444	213	0
2445	193	0
2446	209	0
2447	188	0
2448	167	0
2449	210	0
2450	208	0
2451	185	0
2452	200	0
2453	183	0
2454	197	0
2455	203	0
2456	195	0
2457	200	0
2458	191	0
2459	191	0
2460	169	0
2461	234	0
2462	192	0
2463	183	0
2464	193	0
2465	199	0
2466	195	0
2467	202	0
2468	175	0
2469	198	0
2470	198	0
2471	188	0
2472	225	0
2473	183	0
2474	188	0
2475	193	0
2476	180	0
2477	165	0
2478	176	0
2479	192	0
2480	207	0
2481	203	0
2482	175	0
2483	220	0
2484	178	0
2485	211	0
2486	200	0
2487	184	0
2488	176	0
2489	176	0
2490	178	0
2491	197	0
2492	209	0
2493	184	0
2494	180	0
2495	213	0
2496	201	0
2497	235	0
2498	213	0
2499	188	0
2500	160	0
2501	224	0
2502	188	0
2503	189	0
2504	192	0
2505	173	0
2506	229	0
2507	181	0
2508	178	0
2509	192	0
2510	193	0
2511	180	0
2512	183	0
2513	216	0
2514	179	0
2515	190	0
2516	227	0
2517	189	0
2518	180	0
2519	187	0
2520	199	0
2521	193	0
2522	195	0
2523	181	0
2524	187	0
2525	194	0
2526	222	0
2527	202	0
2528	213	0
2529	177	0
2530	184	0
2531	197	0
2532	177	0
2533	208	0
2534	185	0
2535	193	0
2536	189	0
2537	187	0
2538	207	0
2539	198	0
2540	188	0
2541	192	0
2542	207	0
2543	202	0
2544	194	0
2545	196	0
2546	208	0
2547	206	0
2548	209	0
2549	190	0
2550	174	0
2551	172	0
2552	226	0
2553	216	0
2554	204	0
2555	186	0
2556	165	0
2557	189	0
2558	188	0
2559	197	0
2560	197	0
2561	210	0
2562	189	0
2563	197	0
2564	198	0
2565	223	0
2566	169	0
2567	198	0
2568	193	0
2569	167	0
2570	159	0
2571	150	0
2572	213	0
2573	185	0
2574	185	0
2575	195	0
2576	196	0
2577	215	0
2578	187	0
2579	186	0
2580	180	0
2581	211	0
2582	196	0
2583	194	0
2584	183	0
2585	183	0
2586	195	0
2587	169	0
2588	214	0
2589	213	0
2590	216	0
2591	204	0
2592	155	0
2593	186	0
2594	207	0
2595	172	0
2596	179	0
2597	190	0
2598	170	0
2599	169	0
2600	196	0
2601	194	0
2602	214	0
2603	202	0
2604	196	0
2605	205	0
2606	207	0
2607	188	0
2608	167	0
2609	188	0
2610	198	0
2611	204	0
2612	217	0
2613	178	0
2614	183	0
2615	186	0
2616	197	0
2617	203	0
2618	188	0
2619	211	0
2620	202	0
2621	200	0
2622	164	0
2623	183	0
2624	194	0
2625	210	0
2626	218	0
2627	177	0
2628	200	0
2629	212	0
2630	183	0
2631	209	0
2632	212	0
2633	183	0
2634	191	0
2635	184	0
2636	228	0
2637	189	0
2638	183	0
2639	164	0
2640	183	0
2641	202	0
2642	196	0
2643	212	0
2644	187	0
2645	217	0
2646	179	0
2647	179	0
2648	174	0
2649	188	0
2650	190	0
2651	185	0
2652	174	0
2653	183	0
2654	227	0
2655	205	0
2656	175	0
2657	195	0
2658	205	0
2659	196	0
2660	210	0
2661	165	0
2662	215	0
2663	176	0
2664	183	0
2665	182	0
2666	213	0
2667	194	0
2668	212	0
2669	210	0
2670	194	0
2671	171	0
2672	218	0
2673	172	0
2674	185	0
2675	192	0
2676	210	0
2677	184	0
2678	182	0
2679	217	0
2680	196	0
2681	189	0
2682	196	0
2683	201	0
2684	198	0
2685	192	0
2686	198	0
2687	201	0
2688	181	0
2689	182	0
2690	187	0
2691	195	0
2692	205	0
2693	204	0
2694	205	0
2695	186	0
2696	197	0
2697	199	0
2698	185	0
2699	199	0
2700	210	0
2701	186	0
2702	219	0
2703	205	0
2704	199	0
2705	173	0
2706	184	0
2707	204	0
2708	210	0
2709	193	0
2710	172	0
2711	200	0
2712	213	0
2713	207	0
2714	204	0
2715	188	0
2716	193	0
2717	177	0
2718	201	0
2719	187	0
2720	196	0
2721	189	0
2722	196	0
2723	194	0
2724	211	0
2725	204	0
2726	199	0
2727	195	0
2728	211	0
2729	191	0
2730	223	0
2731	210	0
2732	197	0
2733	201	0
2734	188	0
2735	187	0
2736	208	0
2737	199	0
2738	180	0
2739	212	0
2740	182	0
2741	211	0
2742	176	0
2743	215	0
2744	197	0
2745	164	0
2746	228	0
2747	183	0
2748	181	0
2749	205	0
2750	194	0
2751	189	0
2752	185	0
2753	190	0
2754	202	0
2755	181	0
2756	193	0
2757	185	0
2758	179	0
2759	198	0
2760	175	0
2761	203	0
2762	199	0
2763	211	0
2764	177	0
2765	194	0
2766	215	0
2767	200	0
2768	215	0
2769	190	0
2770	206	0
2771	207	0
2772	207	0
2773	194	0
2774	214	0
2775	214	0
2776	183	0
2777	216	0
2778	189	0
2779	207	0
2780	186	0
2781	184	0
2782	202	0
2783	215	0
2784	205	0
2785	185	0
2786	162	0
2787	185	0
2788	193	0
2789	217	0
2790	219	0
2791	198	0
2792	198	0
2793	195	0
2794	203	0
2795	180	0
2796	204	0
2797	183	0
2798	182	0
2799	178	0
2800	195	0
2801	221	0
2802	214	0
2803	185	0
2804	193	0
2805	188	0
2806	195	0
2807	217	0
2808	171	0
2809	188	0
2810	221	0
2811	221	0
2812	195	0
2813	223	0
2814	213	0
2815	186	0
2816	185	0
2817	215	0
2818	213	0
2819	181	0
2820	190	0
2821	215	0
2822	198	0
2823	201	0
2824	203	0
2825	174	0
2826	191	0
2827	203	0
2828	210	0
2829	197	0
2830	205	0
2831	208	0
2832	193	0
2833	173	0
2834	185	0
2835	174	0
2836	184	0
2837	219	0
2838	199	0
2839	190	0
2840	163	0
2841	199	0
2842	206	0
2843	213	0
2844	207	0
2845	165	0
2846	222	0
2847	195	0
2848	181	0
2849	200	0
2850	185	0
2851	200	0
2852	195	0
2853	202	0
2854	203	0
2855	193	0
2856	212	0
2857	194	0
2858	177	0
2859	174	0
2860	176	0
2861	168	0
2862	210	0
2863	195	0
2864	170	0
2865	218	0
2866	200	0
2867	203	0
2868	197	0
2869	194	0
2870	215	0
2871	224	0
2872	213	0
2873	208	0
2874	193	0
2875	183	0
2876	202	0
2877	197	0
2878	201	0
2879	202	0
2880	186	0
2881	180	0
2882	204	0
2883	187	0
2884	188	0
2885	216	0
2886	202	0
2887	203	0
2888	198	0
2889	197	0
2890	214	0
2891	183	0
2892	210	0
2893	188	0
2894	193	0
2895	208	0
2896	189	0
2897	183	0
2898	187	0
2899	192	0
2900	174	0
2901	186	0
2902	173	0
2903	198	0
2904	201	0
2905	189	0
2906	192	0
2907	193	0
2908	202	0
2909	190	0
2910	204	0
2911	185	0
2912	209	0
2913	212	0
2914	178	0
2915	183	0
2916	198	0
2917	182	0
2918	212	0
2919	200	0
2920	210	0
2921	190	0
2922	201	0
2923	185	0
2924	181	0
2925	188	0
2926	210	0
2927	168	0
2928	199	0
2929	206	0
2930	209	0
2931	189	0
2932	202	0
2933	176	0
2934	216	0
2935	198	0
2936	218	0
2937	174	0
2938	200	0
2939	188	0
2940	181	0
2941	188	0
2942	187	0
2943	197	0
2944	196	0
2945	196	0
2946	198	0
2947	208	0
2948	201	0
2949	193	0
2950	218	0
2951	187	0
2952	195	0
2953	225	0
2954	182	0
2955	220	0
2956	220	0
2957	222	0
2958	181	0
2959	204	0
2960	193	0
2961	162	0
2962	201	0
2963	195	0
2964	205	0
2965	203	0
2966	185	0
2967	192	0
2968	184	0
2969	211	0
2970	205	0
2971	194	0
2972	208	0
2973	194	0
2974	187	0
2975	197	0
2976	202	0
2977	201	0
2978	172	0
2979	189	0
2980	185	0
2981	195	0
2982	193	0
2983	189	0
2984	187	0
2985	176	0
2986	222	0
2987	177	0
2988	176	0
2989	193	0
2990	206	0
2991	195	0
2992	198	0
2993	203	0
2994	204	0
2995	218	0
2996	199	0
2997	195	0
2998	209	0
2999	241	0
3000	194	0
