1	196	0
2	194	0
3	189	0
4	179	0
5	204	0
6	201	0
7	186	0
8	225	0
9	220	0
10	200	0
11	177	0
12	171	0
13	209	0
14	191	0
15	190	0
16	182	0
17	191	0
18	175	0
19	208	0
20	202	0
21	189	0
22	174	0
23	176	0
24	187	0
25	196	0
26	198	0
27	215	0
28	188	0
29	185	0
30	201	0
31	191	0
32	188	0
33	205	0
34	208	0
35	207	0
36	174	0
37	209	0
38	176	0
39	199	0
40	197	0
41	212	0
42	189	0
43	181	0
44	179	0
45	198	0
46	223	0
47	194	0
48	206	0
49	208	0
50	192	0
51	205	0
52	198	0
53	180	0
54	192	0
55	189	0
56	175	0
57	205	0
58	189	0
59	207	0
60	194	0
61	206	0
62	204	0
63	193	0
64	187	0
65	163	0
66	188	0
67	197	0
68	186	0
69	186	0
70	185	0
71	199	0
72	213	0
73	202	0
74	198	0
75	217	0
76	201	0
77	217	0
78	186	0
79	202	0
80	212	0
81	178	0
82	220	0
83	177	0
84	184	0
85	204	0
86	181	0
87	204	0
88	189	0
89	200	0
90	206	0
91	187	0
92	183	0
93	185	0
94	178	0
95	176	0
96	195	0
97	185	0
98	219	0
99	188	0
100	191	0
101	171	0
102	208	0
103	209	0
104	189	0
105	205	0
106	174	0
107	196	0
108	195	0
109	185	0
110	198	0
111	179	0
112	186	0
113	198	0
114	190	0
115	213	0
116	195	0
117	194	0
118	215	0
119	187	0
120	199	0
121	195	0
122	214	0
123	172	0
124	201	0
125	201	0
126	189	0
127	198	0
128	209	0
129	173	0
130	205	0
131	202	0
132	192	0
133	208	0
134	192	0
135	209	0
136	215	0
137	203	0
138	196	0
139	205	0
140	189	0
141	186	0
142	206	0
143	210	0
144	200	0
145	200	0
146	200	0
147	158	0
148	190	0
149	208	0
150	205	0
151	218	0
152	183	0
153	182	0
154	206	0
155	180	0
156	223	0
157	208	0
158	190	0
159	191	0
160	195	0
161	205	0
162	185	0
163	184	0
164	168	0
165	207	0
166	194	0
167	229	0
168	226	0
169	200	0
170	170	0
171	192	0
172	209	0
173	204	0
174	208	0
175	200	0
176	218	0
177	214	0
178	194	0
179	197	0
180	186	0
181	180	0
182	184	0
183	198	0
184	175	0
185	190	0
186	206	0
187	204	0
188	216	0
189	195	0
190	175	0
191	216	0
192	206	0
193	234	0
194	212	0
195	222	0
196	193	0
197	203	0
198	214	0
199	204	0
200	208	0
201	204	0
202	214	0
203	205	0
204	192	0
205	193	0
206	175	0
207	177	0
208	193	0
209	201	0
210	192	0
211	211	0
212	199	0
213	185	0
214	179	0
215	220	0
216	190	0
217	174	0
218	195	0
219	191	0
220	215	0
221	200	0
222	197	0
223	180	0
224	188	0
225	181	0
226	188	0
227	192	0
228	205	0
229	193	0
230	187	0
231	191	0
232	231	0
233	217	0
234	208	0
235	202	0
236	191	0
237	181	0
238	210	0
239	196	0
240	193	0
241	206	0
242	200	0
243	202	0
244	193	0
245	168	0
246	207	0
247	206	0
248	178	0
249	176	0
250	188	0
251	211	0
252	195	0
253	193	0
254	193	0
255	221	0
256	201	0
257	181	0
258	207	0
259	198	0
260	198	0
261	185	0
262	215	0
263	178	0
264	204	0
265	178	0
266	209	0
267	201	0
268	198	0
269	188	0
270	178	0
271	197	0
272	197	0
273	192	0
274	191	0
275	234	0
276	199	0
277	179	0
278	202	0
279	182	0
280	217	0
281	193	0
282	183	0
283	205	0
284	219	0
285	195	0
286	203	0
287	194	0
288	203	0
289	207	0
290	198	0
291	184	0
292	187	0
293	193	0
294	203	0
295	221	0
296	212	0
297	198	0
298	186	0
299	191	0
300	185	0
301	181	0
302	177	0
303	199	0
304	197	0
305	186	0
306	221	0
307	207	0
308	221	0
309	172	0
310	197	0
311	208	0
312	178	0
313	191	0
314	168	0
315	194	0
316	211	0
317	189	0
318	188	0
319	206	0
320	211	0
321	162	0
322	198	0
323	198	0
324	217	0
325	210	0
326	207	0
327	182	0
328	205	0
329	189	0
330	185	0
331	190	0
332	201	0
333	178	0
334	187	0
335	202	0
336	184	0
337	209	0
338	197	0
339	186	0
340	196	0
341	195	0
342	180	0
343	197	0
344	185	0
345	219	0
346	171	0
347	203	0
348	213	0
349	205	0
350	229	0
351	220	0
352	186	0
353	176	0
354	181	0
355	198	0
356	199	0
357	204	0
358	165	0
359	186	0
360	175	0
361	187	0
362	226	0
363	188	0
364	203	0
365	208	0
366	212	0
367	225	0
368	168	0
369	197	0
370	208	0
371	186	0
372	194	0
373	200	0
374	201	0
375	188	0
376	184	0
377	188	0
378	205	0
379	213	0
380	185	0
381	171	0
382	188	0
383	194	0
384	188	0
385	185	0
386	199	0
387	175	0
388	202	0
389	192	0
390	200	0
391	173	0
392	197	0
393	185	0
394	172	0
395	197	0
396	186	0
397	220	0
398	212	0
399	197	0
400	201	0
401	197	0
402	185	0
403	202	0
404	198	0
405	178	0
406	223	0
407	180	0
408	218	0
409	195	0
410	199	0
411	198	0
412	204	0
413	206	0
414	244	0
415	186	0
416	210	0
417	184	0
418	200	0
419	215	0
420	207	0
421	192	0
422	201	0
423	197	0
424	194	0
425	215	0
426	203	0
427	167	0
428	187	0
429	192	0
430	190	0
431	209	0
432	197	0
433	178	0
434	189	0
435	189	0
436	186	0
437	208	0
438	182	0
439	183	0
440	203	0
441	190	0
442	197	0
443	231	0
444	215	0
445	178	0
446	190	0
447	198	0
448	216	0
449	211	0
450	183	0
451	187	0
452	193	0
453	183	0
454	214	0
455	186	0
456	197	0
457	212	0
458	192	0
459	225	0
460	201	0
461	213	0
462	181	0
463	201	0
464	193	0
465	221	0
466	196	0
467	196	0
468	200	0
469	188	0
470	200	0
471	192	0
472	220	0
473	197	0
474	178	0
475	194	0
476	220	0
477	181	0
478	190	0
479	179	0
480	192	0
481	183	0
482	193	0
483	204	0
484	196	0
485	199	0
486	210	0
487	203	0
488	180	0
489	186	0
490	214	0
491	177	0
492	171	0
493	201	0
494	207	0
495	208	0
496	198	0
497	178	0
498	196	0
499	210	0
500	190	0
501	212	0
502	220	0
503	187	0
504	191	0
505	199	0
506	199	0
507	223	0
508	200	0
509	230	0
510	221	0
511	190	0
512	192	0
513	215	0
514	184	0
515	215	0
516	195	0
517	213	0
518	193	0
519	192	0
520	197	0
521	184	0
522	176	0
523	181	0
524	198	0
525	185	0
526	182	0
527	188	0
528	219	0
529	211	0
530	197	0
531	216	0
532	212	0
533	192	0
534	206	0
535	204	0
536	201	0
537	187	0
538	200	0
539	182	0
540	185	0
541	222	0
542	178	0
543	184	0
544	197	0
545	213	0
546	172	0
547	192	0
548	184	0
549	172	0
550	200	0
551	172	0
552	204	0
553	208	0
554	204	0
555	199	0
556	218	0
557	207	0
558	201	0
559	171	0
560	190	0
561	193	0
562	202	0
563	213	0
564	192	0
565	223	0
566	228	0
567	188	0
568	187	0
569	212	0
570	211	0
571	185	0
572	199	0
573	190	0
574	187	0
575	204	0
576	192	0
577	179	0
578	213	0
579	198	0
580	167	0
581	224	0
582	199	0
583	203	0
584	193	0
585	194	0
586	187	0
587	198	0
588	205	0
589	204	0
590	201	0
591	201	0
592	205	0
593	193	0
594	202	0
595	183	0
596	185	0
597	176	0
598	197	0
599	185	0
600	166	0
601	188	0
602	222	0
603	187	0
604	204	0
605	194	0
606	210	0
607	201	0
608	183	0
609	181	0
610	208	0
611	194	0
612	191	0
613	171	0
614	176	0
615	187	0
616	220	0
617	196	0
618	186	0
619	186	0
620	224	0
621	204	0
622	218	0
623	206	0
624	187	0
625	215	0
626	210	0
627	182	0
628	210	0
629	193	0
630	219	0
631	204	0
632	189	0
633	205	0
634	181	0
635	192	0
636	217	0
637	215	0
638	189	0
639	171	0
640	188	0
641	224	0
642	202	0
643	202	0
644	179	0
645	171	0
646	177	0
647	201	0
648	196	0
649	193	0
650	190	0
651	202	0
652	189	0
653	189	0
654	205	0
655	219	0
656	207	0
657	198	0
658	192	0
659	187	0
660	200	0
661	204	0
662	200	0
663	211	0
664	204	0
665	211	0
666	187	0
667	187	0
668	194	0
669	209	0
670	203	0
671	189	0
672	181	0
673	203	0
674	220	0
675	196	0
676	186	0
677	192	0
678	199	0
679	202	0
680	178	0
681	193	0
682	185	0
683	226	0
684	201	0
685	213	0
686	191	0
687	230	0
688	202	0
689	203	0
690	200	0
691	182	0
692	199	0
693	199	0
694	208	0
695	204	0
696	204	0
697	191	0
698	213	0
699	217	0
700	218	0
701	207	0
702	183	0
703	205	0
704	197	0
705	196	0
706	228	0
707	195	0
708	211	0
709	191	0
710	205	0
711	207	0
712	196	0
713	197	0
714	195	0
715	211	0
716	168	0
717	176	0
718	204	0
719	236	0
720	204	0
721	198	0
722	201	0
723	192	0
724	208	0
725	195	0
726	191	0
727	183	0
728	229	0
729	193	0
730	197	0
731	173	0
732	188	0
733	206	0
734	186	0
735	184	0
736	195	0
737	194	0
738	194	0
739	217	0
740	213	0
741	202	0
742	219	0
743	187	0
744	196	0
745	177	0
746	205	0
747	188	0
748	182	0
749	188	0
750	215	0
751	198	0
752	194	0
753	196	0
754	161	0
755	201	0
756	174	0
757	199	0
758	202	0
759	209	0
760	193	0
761	211	0
762	194	0
763	199	0
764	182	0
765	195	0
766	204	0
767	210	0
768	193	0
769	189	0
770	179	0
771	208	0
772	189	0
773	199	0
774	189	0
775	190	0
776	189	0
777	199	0
778	194	0
779	175	0
780	180	0
781	208	0
782	210	0
783	182	0
784	209	0
785	185	0
786	198	0
787	189	0
788	196	0
789	175	0
790	197	0
791	211	0
792	191	0
793	195	0
794	206	0
795	206	0
796	192	0
797	219	0
798	179	0
799	203	0
800	208	0
801	194	0
802	181	0
803	223	0
804	225	0
805	175	0
806	195	0
807	202	0
808	179	0
809	191	0
810	227	0
811	213	0
812	206	0
813	200	0
814	191	0
815	209	0
816	178	0
817	184	0
818	198	0
819	215	0
820	194	0
821	212	0
822	201	0
823	192	0
824	190	0
825	193	0
826	192	0
827	221	0
828	204	0
829	220	0
830	214	0
831	196	0
832	186	0
833	209	0
834	194	0
835	199	0
836	179	0
837	192	0
838	196	0
839	222	0
840	187	0
841	197	0
842	205	0
843	185	0
844	189	0
845	208	0
846	193	0
847	208	0
848	205	0
849	192	0
850	198	0
851	219	0
852	208	0
853	215	0
854	192	0
855	210	0
856	227	0
857	206	0
858	207	0
859	207	0
860	213	0
861	201	0
862	214	0
863	195	0
864	194	0
865	176	0
866	198	0
867	195	0
868	188	0
869	187	0
870	185	0
871	190	0
872	225	0
873	190	0
874	187	0
875	216	0
876	192	0
877	201	0
878	208	0
879	201	0
880	199	0
881	196	0
882	191	0
883	210	0
884	210	0
885	205	0
886	211	0
887	211	0
888	222	0
889	232	0
890	184	0
891	194	0
892	187	0
893	217	0
894	228	0
895	223	0
896	198	0
897	198	0
898	205	0
899	191	0
900	167	0
901	199	0
902	216	0
903	230	0
904	181	0
905	180	0
906	183	0
907	178	0
908	202	0
909	198	0
910	184	0
911	196	0
912	219	0
913	214	0
914	197	0
915	191	0
916	216	0
917	183	0
918	205	0
919	171	0
920	181	0
921	198	0
922	191	0
923	182	0
924	175	0
925	201	0
926	187	0
927	199	0
928	167	0
929	197	0
930	175	0
931	198	0
932	210	0
933	204	0
934	197	0
935	196	0
936	225	0
937	185	0
938	193	0
939	182	0
940	179	0
941	187	0
942	196	0
943	203	0
944	219	0
945	211	0
946	202	0
947	203	0
948	161	0
949	207	0
950	185	0
951	205	0
952	202	0
953	211	0
954	208	0
955	195	0
956	191	0
957	189	0
958	186	0
959	212	0
960	188	0
961	234	0
962	192	0
963	200	0
964	186	0
965	192	0
966	202	0
967	175	0
968	222	0
969	202	0
970	194	0
971	204	0
972	200	0
973	192	0
974	189	0
975	204	0
976	194	0
977	204	0
978	191	0
979	179	0
980	197	0
981	194	0
982	173	0
983	192	0
984	182	0
985	194	0
986	209	0
987	187	0
988	216	0
989	193	0
990	195	0
991	219	0
992	208	0
993	183	0
994	174	0
995	194	0
996	202	0
997	202	0
998	197	0
999	225	0
1000	205	0
1001	178	0
1002	202	0
1003	177	0
1004	208	0
1005	178	0
1006	207	0
1007	188	0
1008	211	0
1009	212	0
1010	204	0
1011	206	0
1012	204	0
1013	206	0
1014	200	0
1015	192	0
1016	200	0
1017	193	0
1018	182	0
1019	209	0
1020	224	0
1021	220	0
1022	195	0
1023	173	0
1024	209	0
1025	188	0
1026	203	0
1027	155	0
1028	186	0
1029	194	0
1030	195	0
1031	225	0
1032	215	0
1033	197	0
1034	186	0
1035	201	0
1036	199	0
1037	226	0
1038	194	0
1039	189	0
1040	200	0
1041	201	0
1042	222	0
1043	203	0
1044	195	0
1045	177	0
1046	191	0
1047	177	0
1048	180	0
1049	199	0
1050	209	0
1051	213	0
1052	209	0
1053	180	0
1054	205	0
1055	207	0
1056	221	0
1057	194	0
1058	192	0
1059	198	0
1060	183	0
1061	179	0
1062	186	0
1063	191	0
1064	206	0
1065	204	0
1066	187	0
1067	206	0
1068	198	0
1069	206	0
1070	215	0
1071	185	0
1072	196	0
1073	175	0
1074	187	0
1075	178	0
1076	208	0
1077	166	0
1078	187	0
1079	190	0
1080	198	0
1081	181	0
1082	197	0
1083	209	0
1084	191	0
1085	210	0
1086	189	0
1087	195	0
1088	197	0
1089	204	0
1090	184	0
1091	195	0
1092	175	0
1093	202	0
1094	195	0
1095	189	0
1096	194	0
1097	191	0
1098	185	0
1099	209	0
1100	220	0
1101	214	0
1102	195	0
1103	197	0
1104	177	0
1105	191	0
1106	197	0
1107	224	0
1108	195	0
1109	208	0
1110	191	0
1111	182	0
1112	210	0
1113	196	0
1114	225	0
1115	187	0
1116	207	0
1117	178	0
1118	234	0
1119	193	0
1120	202	0
1121	193	0
1122	168	0
1123	215	0
1124	187	0
1125	217	0
1126	178	0
1127	195	0
1128	225	0
1129	199	0
1130	215	0
1131	185	0
1132	203	0
1133	192	0
1134	207	0
1135	192	0
1136	205	0
1137	198	0
1138	189	0
1139	238	0
1140	193	0
1141	167	0
1142	186	0
1143	168	0
1144	196	0
1145	205	0
1146	211	0
1147	192	0
1148	193	0
1149	190	0
1150	214	0
1151	181	0
1152	203	0
1153	185	0
1154	205	0
1155	198	0
1156	182	0
1157	178	0
1158	196	0
1159	174	0
1160	205	0
1161	175	0
1162	173	0
1163	201	0
1164	192	0
1165	179	0
1166	201	0
1167	178	0
1168	213	0
1169	178	0
1170	207	0
1171	198	0
1172	207	0
1173	207	0
1174	189	0
1175	173	0
1176	208	0
1177	187	0
1178	165	0
1179	190	0
1180	220	0
1181	213	0
1182	191	0
1183	175	0
1184	201	0
1185	189	0
1186	208	0
1187	195	0
1188	181	0
1189	176	0
1190	195	0
1191	194	0
1192	224	0
1193	162	0
1194	187	0
1195	183	0
1196	201	0
1197	195	0
1198	216	0
1199	184	0
1200	213	0
1201	175	0
1202	194	0
1203	202	0
1204	196	0
1205	201	0
1206	189	0
1207	195	0
1208	196	0
1209	166	0
1210	214	0
1211	178	0
1212	202	0
1213	219	0
1214	200	0
1215	195	0
1216	181	0
1217	187	0
1218	199	0
1219	191	0
1220	192	0
1221	227	0
1222	178	0
1223	211	0
1224	190	0
1225	210	0
1226	195	0
1227	204	0
1228	210	0
1229	194	0
1230	196	0
1231	212	0
1232	210	0
1233	204	0
1234	209	0
1235	221	0
1236	211	0
1237	207	0
1238	191	0
1239	209	0
1240	189	0
1241	199	0
1242	216	0
1243	196	0
1244	172	0
1245	193	0
1246	199	0
1247	190	0
1248	200	0
1249	210	0
1250	184	0
1251	190	0
1252	190	0
1253	215	0
1254	194	0
1255	219	0
1256	170	0
1257	212	0
1258	170	0
1259	224	0
1260	192	0
1261	182	0
1262	168	0
1263	212	0
1264	190	0
1265	195	0
1266	178	0
1267	182	0
1268	201	0
1269	181	0
1270	206	0
1271	194	0
1272	197	0
1273	207	0
1274	187	0
1275	191	0
1276	197	0
1277	168	0
1278	187	0
1279	187	0
1280	184	0
1281	199	0
1282	181	0
1283	185	0
1284	198	0
1285	172	0
1286	224	0
1287	224	0
1288	206	0
1289	203	0
1290	196	0
1291	188	0
1292	185	0
1293	224	0
1294	188	0
1295	211	0
1296	225	0
1297	203	0
1298	173	0
1299	191	0
1300	216	0
1301	188	0
1302	202	0
1303	190	0
1304	187	0
1305	176	0
1306	201	0
1307	209	0
1308	193	0
1309	206	0
1310	187	0
1311	210	0
1312	186	0
1313	200	0
1314	196	0
1315	199	0
1316	217	0
1317	181	0
1318	185	0
1319	207	0
1320	202	0
1321	209	0
1322	187	0
1323	167	0
1324	190	0
1325	202	0
1326	183	0
1327	196	0
1328	192	0
1329	211	0
1330	231	0
1331	185	0
1332	229	0
1333	170	0
1334	211	0
1335	197	0
1336	200	0
1337	200	0
1338	223	0
1339	222	0
1340	189	0
1341	231	0
1342	171	0
1343	192	0
1344	214	0
1345	193	0
1346	188	0
1347	192	0
1348	220	0
1349	204	0
1350	207	0
1351	187	0
1352	190	0
1353	213	0
1354	203	0
1355	196	0
1356	212	0
1357	192	0
1358	224	0
1359	185	0
1360	201	0
1361	182	0
1362	190	0
1363	197	0
1364	221	0
1365	193	0
1366	212	0
1367	195	0
1368	197	0
1369	184	0
1370	207	0
1371	199	0
1372	196	0
1373	181	0
1374	196	0
1375	206	0
1376	177	0
1377	196	0
1378	211	0
1379	200	0
1380	183	0
1381	191	0
1382	200	0
1383	195	0
1384	178	0
1385	201	0
1386	184	0
1387	219	0
1388	200	0
1389	216	0
1390	172	0
1391	193	0
1392	207	0
1393	186	0
1394	192	0
1395	190	0
1396	193	0
1397	217	0
1398	184	0
1399	179	0
1400	200	0
1401	212	0
1402	186	0
1403	195	0
1404	179	0
1405	164	0
1406	183	0
1407	222	0
1408	185	0
1409	182	0
1410	199	0
1411	183	0
1412	209	0
1413	191	0
1414	199	0
1415	202	0
1416	192	0
1417	206	0
1418	202	0
1419	193	0
1420	182	0
1421	214	0
1422	209	0
1423	200	0
1424	181	0
1425	191	0
1426	232	0
1427	186	0
1428	208	0
1429	198	0
1430	188	0
1431	210	0
1432	216	0
1433	181	0
1434	168	0
1435	197	0
1436	203	0
1437	188	0
1438	197	0
1439	182	0
1440	176	0
1441	192	0
1442	194	0
1443	183	0
1444	179	0
1445	199	0
1446	210	0
1447	177	0
1448	201	0
1449	191	0
1450	215	0
1451	188	0
1452	181	0
1453	202	0
1454	222	0
1455	161	0
1456	175	0
1457	198	0
1458	197	0
1459	199	0
1460	204	0
1461	189	0
1462	199	0
1463	212	0
1464	178	0
1465	234	0
1466	204	0
1467	196	0
1468	193	0
1469	196	0
1470	184	0
1471	200	0
1472	196	0
1473	210	0
1474	173	0
1475	199	0
1476	190	0
1477	193	0
1478	170	0
1479	179	0
1480	201	0
1481	223	0
1482	197	0
1483	196	0
1484	211	0
1485	212	0
1486	210	0
1487	175	0
1488	197	0
1489	210	0
1490	186	0
1491	235	0
1492	203	0
1493	206	0
1494	223	0
1495	203	0
1496	189	0
1497	206	0
1498	205	0
1499	179	0
1500	194	0
1501	197	0
1502	200	0
1503	183	0
1504	199	0
1505	200	0
1506	217	0
1507	192	0
1508	175	0
1509	205	0
1510	219	0
1511	211	0
1512	192	0
1513	198	0
1514	211	0
1515	207	0
1516	199	0
1517	203	0
1518	177	0
1519	212	0
1520	175	0
1521	216	0
1522	206	0
1523	210	0
1524	213	0
1525	190	0
1526	178	0
1527	191	0
1528	202	0
1529	217	0
1530	206	0
1531	216	0
1532	201	0
1533	199	0
1534	216	0
1535	170	0
1536	197	0
1537	209	0
1538	191	0
1539	183	0
1540	177	0
1541	207	0
1542	190	0
1543	210	0
1544	181	0
1545	190	0
1546	217	0
1547	195	0
1548	209	0
1549	178	0
1550	195	0
1551	202	0
1552	201	0
1553	195	0
1554	200	0
1555	225	0
1556	177	0
1557	210	0
1558	196	0
1559	205	0
1560	187	0
1561	187	0
1562	203	0
1563	180	0
1564	169	0
1565	176	0
1566	204	0
1567	181	0
1568	168	0
1569	199	0
1570	187	0
1571	216	0
1572	214	0
1573	216	0
1574	214	0
1575	191	0
1576	184	0
1577	217	0
1578	193	0
1579	204	0
1580	191	0
1581	199	0
1582	210	0
1583	199	0
1584	191	0
1585	193	0
1586	200	0
1587	163	0
1588	228	0
1589	184	0
1590	196	0
1591	185	0
1592	175	0
1593	194	0
1594	189	0
1595	195	0
1596	207	0
1597	207	0
1598	203	0
1599	209	0
1600	180	0
1601	199	0
1602	200	0
1603	206	0
1604	205	0
1605	210	0
1606	177	0
1607	213	0
1608	211	0
1609	199	0
1610	210	0
1611	186	0
1612	184	0
1613	176	0
1614	187	0
1615	218	0
1616	186	0
1617	192	0
1618	180	0
1619	175	0
1620	187	0
1621	201	0
1622	188	0
1623	199	0
1624	192	0
1625	196	0
1626	190	0
1627	174	0
1628	212	0
1629	190	0
1630	196	0
1631	200	0
1632	202	0
1633	172	0
1634	216	0
1635	201	0
1636	219	0
1637	197	0
1638	211	0
1639	205	0
1640	168	0
1641	195	0
1642	185	0
1643	178	0
1644	187	0
1645	190	0
1646	203	0
1647	183	0
1648	194	0
1649	201	0
1650	216	0
1651	200	0
1652	181	0
1653	168	0
1654	215	0
1655	242	0
1656	224	0
1657	155	0
1658	184	0
1659	205	0
1660	189	0
1661	204	0
1662	218	0
1663	201	0
1664	205	0
1665	210	0
1666	193	0
1667	183	0
1668	215	0
1669	180	0
1670	202	0
1671	198	0
1672	208	0
1673	202	0
1674	184	0
1675	214	0
1676	224	0
1677	192	0
1678	209	0
1679	196	0
1680	197	0
1681	183	0
1682	210	0
1683	163	0
1684	203	0
1685	203	0
1686	198	0
1687	207	0
1688	218	0
1689	205	0
1690	192	0
1691	172	0
1692	177	0
1693	207	0
1694	200	0
1695	175	0
1696	199	0
1697	198	0
1698	212	0
1699	187	0
1700	156	0
1701	186	0
1702	218	0
1703	194	0
1704	199	0
1705	194	0
1706	196	0
1707	210	0
1708	201	0
1709	193	0
1710	181	0
1711	192	0
1712	182	0
1713	203	0
1714	203	0
1715	186	0
1716	211	0
1717	207	0
1718	179	0
1719	205	0
1720	203	0
1721	197	0
1722	190	0
1723	212	0
1724	212	0
1725	193	0
1726	196	0
1727	215	0
1728	208	0
1729	208	0
1730	172	0
1731	176	0
1732	188	0
1733	172	0
1734	176	0
1735	216	0
1736	193	0
1737	192	0
1738	193	0
1739	157	0
1740	187	0
1741	210	0
1742	185	0
1743	217	0
1744	192	0
1745	185	0
1746	207	0
1747	206	0
1748	184	0
1749	191	0
1750	195	0
1751	213	0
1752	215	0
1753	204	0
1754	200	0
1755	189	0
1756	189	0
1757	183	0
1758	197	0
1759	189	0
1760	195	0
1761	191	0
1762	215	0
1763	183	0
1764	212	0
1765	205	0
1766	179	0
1767	175	0
1768	172	0
1769	178	0
1770	180	0
1771	208	0
1772	188	0
1773	195	0
1774	199	0
1775	192	0
1776	217	0
1777	183	0
1778	211	0
1779	198	0
1780	200	0
1781	171	0
1782	191	0
1783	166	0
1784	205	0
1785	184	0
1786	203	0
1787	210	0
1788	213	0
1789	189	0
1790	181	0
1791	201	0
1792	202	0
1793	185	0
1794	204	0
1795	194	0
1796	205	0
1797	196	0
1798	195	0
1799	193	0
1800	219	0
1801	199	0
1802	183	0
1803	212	0
1804	195	0
1805	197	0
1806	205	0
1807	227	0
1808	214	0
1809	193	0
1810	190	0
1811	204	0
1812	198	0
1813	198	0
1814	195	0
1815	206	0
1816	171	0
1817	211	0
1818	202	0
1819	193	0
1820	211	0
1821	203	0
1822	208	0
1823	187	0
1824	205	0
1825	175	0
1826	215	0
1827	178	0
1828	221	0
1829	192	0
1830	167	0
1831	207	0
1832	201	0
1833	218	0
1834	180	0
1835	178	0
1836	211	0
1837	201	0
1838	227	0
1839	197	0
1840	213	0
1841	193	0
1842	195	0
1843	184	0
1844	187	0
1845	187	0
1846	204	0
1847	222	0
1848	175	0
1849	216	0
1850	203	0
1851	173	0
1852	200	0
1853	215	0
1854	203	0
1855	198	0
1856	201	0
1857	184	0
1858	203	0
1859	190	0
1860	207	0
1861	202	0
1862	206	0
1863	193	0
1864	214	0
1865	184	0
1866	210	0
1867	190	0
1868	189	0
1869	212	0
1870	170	0
1871	194	0
1872	195	0
1873	213	0
1874	218	0
1875	201	0
1876	177	0
1877	196	0
1878	225	0
1879	181	0
1880	214	0
1881	201	0
1882	183	0
1883	190	0
1884	196	0
1885	205	0
1886	198	0
1887	196	0
1888	178	0
1889	202	0
1890	185	0
1891	192	0
1892	200	0
1893	202	0
1894	199	0
1895	186	0
1896	190	0
1897	184	0
1898	207	0
1899	181	0
1900	177	0
1901	186	0
1902	201	0
1903	219	0
1904	187	0
1905	187	0
1906	207	0
1907	183	0
1908	194	0
1909	188	0
1910	176	0
1911	176	0
1912	207	0
1913	183	0
1914	180	0
1915	177	0
1916	225	0
1917	172	0
1918	246	0
1919	186	0
1920	191	0
1921	185	0
1922	223	0
1923	158	0
1924	215	0
1925	187	0
1926	198	0
1927	211	0
1928	210	0
1929	199	0
1930	179	0
1931	177	0
1932	198	0
1933	160	0
1934	185	0
1935	219	0
1936	213	0
1937	187	0
1938	200	0
1939	208	0
1940	208	0
1941	209	0
1942	203	0
1943	184	0
1944	221	0
1945	202	0
1946	204	0
1947	173	0
1948	203	0
1949	236	0
1950	202	0
1951	206	0
1952	183	0
1953	201	0
1954	172	0
1955	185	0
1956	218	0
1957	206	0
1958	206	0
1959	185	0
1960	181	0
1961	202	0
1962	218	0
1963	212	0
1964	187	0
1965	230	0
1966	185	0
1967	181	0
1968	197	0
1969	201	0
1970	193	0
1971	191	0
1972	197	0
1973	218	0
1974	183	0
1975	190	0
1976	193	0
1977	217	0
1978	180	0
1979	211	0
1980	188	0
1981	198	0
1982	194	0
1983	205	0
1984	190	0
1985	214	0
1986	188	0
1987	216	0
1988	211	0
1989	195	0
1990	203	0
1991	226	0
1992	222	0
1993	183	0
1994	175	0
1995	212	0
1996	198	0
1997	194	0
1998	201	0
1999	200	0
2000	212	0
2001	200	0
2002	185	0
2003	199	0
2004	186	0
2005	192	0
2006	196	0
2007	177	0
2008	207	0
2009	188	0
2010	199	0
2011	209	0
2012	181	0
2013	221	0
2014	201	0
2015	198	0
2016	184	0
2017	216	0
2018	234	0
2019	198	0
2020	164	0
2021	219	0
2022	205	0
2023	173	0
2024	196	0
2025	184	0
2026	238	0
2027	192	0
2028	205	0
2029	186	0
2030	208	0
2031	188	0
2032	186	0
2033	201	0
2034	176	0
2035	200	0
2036	211	0
2037	192	0
2038	207	0
2039	222	0
2040	175	0
2041	213	0
2042	203	0
2043	233	0
2044	213	0
2045	216	0
2046	199	0
2047	187	0
2048	201	0
2049	211	0
2050	214	0
2051	180	0
2052	218	0
2053	192	0
2054	210	0
2055	200	0
2056	205	0
2057	195	0
2058	190	0
2059	178	0
2060	191	0
2061	191	0
2062	206	0
2063	195	0
2064	189	0
2065	185	0
2066	179	0
2067	179	0
2068	165	0
2069	193	0
2070	197	0
2071	219	0
2072	198	0
2073	209	0
2074	202	0
2075	189	0
2076	203	0
2077	219	0
2078	171	0
2079	193	0
2080	204	0
2081	197	0
2082	219	0
2083	202	0
2084	191	0
2085	202	0
2086	203	0
2087	192	0
2088	198	0
2089	179	0
2090	199	0
2091	230	0
2092	226	0
2093	156	0
2094	217	0
2095	198	0
2096	201	0
2097	176	0
2098	197	0
2099	207	0
2100	175	0
2101	204	0
2102	202	0
2103	209	0
2104	184	0
2105	200	0
2106	195	0
2107	198	0
2108	191	0
2109	194	0
2110	198	0
2111	194	0
2112	210	0
2113	194	0
2114	178	0
2115	174	0
2116	192	0
2117	203	0
2118	215	0
2119	203	0
2120	183	0
2121	198	0
2122	192	0
2123	190	0
2124	184	0
2125	187	0
2126	189	0
2127	215	0
2128	183	0
2129	201	0
2130	199	0
2131	189	0
2132	191	0
2133	201	0
2134	198	0
2135	242	0
2136	197	0
2137	194	0
2138	205	0
2139	220	0
2140	166	0
2141	203	0
2142	195	0
2143	215	0
2144	185	0
2145	209	0
2146	180	0
2147	187	0
2148	178	0
2149	193	0
2150	181	0
2151	181	0
2152	196	0
2153	173	0
2154	217	0
2155	222	0
2156	203	0
2157	213	0
2158	192	0
2159	169	0
2160	209	0
2161	204	0
2162	207	0
2163	189	0
2164	222	0
2165	187	0
2166	198	0
2167	190	0
2168	193	0
2169	199	0
2170	186	0
2171	205	0
2172	169	0
2173	191	0
2174	198	0
2175	207	0
2176	173	0
2177	214	0
2178	198	0
2179	177	0
2180	196	0
2181	208	0
2182	177	0
2183	205	0
2184	202	0
2185	214	0
2186	195	0
2187	208	0
2188	205	0
2189	190	0
2190	172	0
2191	200	0
2192	199	0
2193	199	0
2194	206	0
2195	196	0
2196	168	0
2197	183	0
2198	190	0
2199	199	0
2200	188	0
2201	218	0
2202	192	0
2203	170	0
2204	208	0
2205	191	0
2206	195	0
2207	219	0
2208	191	0
2209	185	0
2210	176	0
2211	183	0
2212	193	0
2213	186	0
2214	197	0
2215	209	0
2216	207	0
2217	208	0
2218	194	0
2219	189	0
2220	202	0
2221	207	0
2222	177	0
2223	207	0
2224	212	0
2225	193	0
2226	201	0
2227	192	0
2228	191	0
2229	183	0
2230	192	0
2231	201	0
2232	204	0
2233	203	0
2234	178	0
2235	167	0
2236	186	0
2237	182	0
2238	182	0
2239	212	0
2240	197	0
2241	199	0
2242	192	0
2243	207	0
2244	219	0
2245	161	0
2246	195	0
2247	220	0
2248	210	0
2249	173	0
2250	202	0
2251	184	0
2252	195	0
2253	182	0
2254	180	0
2255	197	0
2256	226	0
2257	180	0
2258	212	0
2259	169	0
2260	203	0
2261	202	0
2262	198	0
2263	187	0
2264	201	0
2265	188	0
2266	200	0
2267	188	0
2268	186	0
2269	215	0
2270	188	0
2271	176	0
2272	193	0
2273	221	0
2274	194	0
2275	188	0
2276	201	0
2277	181	0
2278	199	0
2279	212	0
2280	195	0
2281	199	0
2282	212	0
2283	191	0
2284	199	0
2285	199	0
2286	204	0
2287	195	0
2288	201	0
2289	206	0
2290	188	0
2291	205	0
2292	209	0
2293	180	0
2294	199	0
2295	174	0
2296	198	0
2297	220	0
2298	187	0
2299	210	0
2300	223	0
2301	204	0
2302	206	0
2303	206	0
2304	210	0
2305	210	0
2306	184	0
2307	200	0
2308	183	0
2309	219	0
2310	214	0
2311	217	0
2312	213	0
2313	184	0
2314	186	0
2315	207	0
2316	204	0
2317	189	0
2318	180	0
2319	216	0
2320	180	0
2321	211	0
2322	173	0
2323	190	0
2324	201	0
2325	203	0
2326	195	0
2327	179	0
2328	203	0
2329	209	0
2330	188	0
2331	180	0
2332	190	0
2333	208	0
2334	208	0
2335	194	0
2336	185	0
2337	234	0
2338	185	0
2339	200	0
2340	199	0
2341	212	0
2342	214	0
2343	232	0
2344	218	0
2345	199	0
2346	189	0
2347	191	0
2348	211	0
2349	207	0
2350	194	0
2351	200	0
2352	224	0
2353	181	0
2354	198	0
2355	206	0
2356	180	0
2357	187	0
2358	198	0
2359	215	0
2360	198	0
2361	200	0
2362	187	0
2363	187	0
2364	163	0
2365	207	0
2366	197	0
2367	194	0
2368	193	0
2369	202	0
2370	217	0
2371	209	0
2372	204	0
2373	180	0
2374	212	0
2375	218	0
2376	195	0
2377	183	0
2378	188	0
2379	212	0
2380	219	0
2381	186	0
2382	197	0
2383	204	0
2384	181	0
2385	204	0
2386	187	0
2387	198	0
2388	213	0
2389	204	0
2390	199	0
2391	203	0
2392	191	0
2393	197	0
2394	182	0
2395	164	0
2396	212	0
2397	214	0
2398	186	0
2399	174	0
2400	181	0
2401	184	0
2402	195	0
2403	193	0
2404	191	0
2405	189	0
2406	207	0
2407	181	0
2408	206	0
2409	219	0
2410	205	0
2411	208	0
2412	218	0
2413	200	0
2414	196	0
2415	197	0
2416	200	0
2417	207	0
2418	198	0
2419	187	0
2420	197	0
2421	176	0
2422	214	0
2423	193	0
2424	193	0
2425	204	0
2426	199	0
2427	208	0
2428	206	0
2429	183	0
2430	183	0
2431	210	0
2432	204	0
2433	199	0
2434	213	0
2435	185	0
2436	180	0
2437	210	0
2438	210	0
2439	170	0
2440	206	0
2441	190	0
2442	207	0
2443	185	0
2444	188	0
2445	202	0
2446	184	0
2447	194	0
2448	200	0
2449	194	0
2450	200	0
2451	215	0
2452	192	0
2453	188	0
2454	195	0
2455	198	0
2456	217	0
2457	196	0
2458	194	0
2459	210	0
2460	189	0
2461	188	0
2462	209	0
2463	194	0
2464	222	0
2465	213	0
2466	142	0
2467	211	0
2468	210	0
2469	196	0
2470	190	0
2471	216	0
2472	193	0
2473	207	0
2474	218	0
2475	161	0
2476	177	0
2477	187	0
2478	185	0
2479	213	0
2480	209	0
2481	190	0
2482	185	0
2483	158	0
2484	190	0
2485	200	0
2486	214	0
2487	172	0
2488	178	0
2489	194	0
2490	211	0
2491	196	0
2492	195	0
2493	186	0
2494	191	0
2495	198	0
2496	206	0
2497	224	0
2498	213	0
2499	200	0
2500	190	0
2501	215	0
2502	186	0
2503	210	0
2504	206	0
2505	217	0
2506	188	0
2507	220	0
2508	189	0
2509	214	0
2510	178	0
2511	190	0
2512	200	0
2513	206	0
2514	187	0
2515	201	0
2516	206	0
2517	242	0
2518	247	0
2519	201	0
2520	201	0
2521	221	0
2522	205	0
2523	182	0
2524	189	0
2525	184	0
2526	181	0
2527	176	0
2528	207	0
2529	180	0
2530	208	0
2531	230	0
2532	198	0
2533	185	0
2534	187	0
2535	200	0
2536	177	0
2537	184	0
2538	201	0
2539	194	0
2540	202	0
2541	197	0
2542	207	0
2543	178	0
2544	200	0
2545	206	0
2546	210	0
2547	178	0
2548	190	0
2549	179	0
2550	179	0
2551	204	0
2552	184	0
2553	208	0
2554	208	0
2555	174	0
2556	194	0
2557	200	0
2558	192	0
2559	185	0
2560	179	0
2561	162	0
2562	186	0
2563	201	0
2564	199	0
2565	200	0
2566	190	0
2567	199	0
2568	192	0
2569	189	0
2570	166	0
2571	207	0
2572	202	0
2573	231	0
2574	177	0
2575	217	0
2576	181	0
2577	206	0
2578	224	0
2579	185	0
2580	190	0
2581	184	0
2582	171	0
2583	196	0
2584	201	0
2585	193	0
2586	209	0
2587	209	0
2588	227	0
2589	192	0
2590	211	0
2591	165	0
2592	186	0
2593	190	0
2594	192	0
2595	190	0
2596	214	0
2597	207	0
2598	169	0
2599	208	0
2600	213	0
2601	207	0
2602	191	0
2603	214	0
2604	181	0
2605	195	0
2606	191	0
2607	191	0
2608	198	0
2609	201	0
2610	196	0
2611	182	0
2612	180	0
2613	190	0
2614	185	0
2615	174	0
2616	207	0
2617	183	0
2618	189	0
2619	187	0
2620	195	0
2621	192	0
2622	213	0
2623	195	0
2624	178	0
2625	184	0
2626	225	0
2627	191	0
2628	195	0
2629	178	0
2630	187	0
2631	173	0
2632	201	0
2633	175	0
2634	187	0
2635	172	0
2636	172	0
2637	181	0
2638	192	0
2639	184	0
2640	208	0
2641	195	0
2642	213	0
2643	185	0
2644	205	0
2645	182	0
2646	188	0
2647	208	0
2648	193	0
2649	215	0
2650	213	0
2651	175	0
2652	216	0
2653	195	0
2654	208	0
2655	181	0
2656	209	0
2657	207	0
2658	207	0
2659	186	0
2660	162	0
2661	217	0
2662	214	0
2663	181	0
2664	180	0
2665	187	0
2666	184	0
2667	170	0
2668	188	0
2669	184	0
2670	193	0
2671	204	0
2672	183	0
2673	208	0
2674	186	0
2675	184	0
2676	171	0
2677	209	0
2678	168	0
2679	214	0
2680	226	0
2681	172	0
2682	178	0
2683	189	0
2684	213	0
2685	200	0
2686	184	0
2687	220	0
2688	181	0
2689	192	0
2690	189	0
2691	195	0
2692	184	0
2693	198	0
2694	203	0
2695	202	0
2696	205	0
2697	213	0
2698	194	0
2699	201	0
2700	191	0
2701	193	0
2702	198	0
2703	189	0
2704	220	0
2705	177	0
2706	195	0
2707	205	0
2708	185	0
2709	203	0
2710	207	0
2711	202	0
2712	206	0
2713	197	0
2714	211	0
2715	163	0
2716	171	0
2717	203	0
2718	205	0
2719	186	0
2720	219	0
2721	199	0
2722	184	0
2723	189	0
2724	186	0
2725	201	0
2726	192	0
2727	180	0
2728	203	0
2729	195	0
2730	162	0
2731	197	0
2732	200	0
2733	198	0
2734	187	0
2735	186	0
2736	213	0
2737	207	0
2738	203	0
2739	206	0
2740	198	0
2741	196	0
2742	193	0
2743	191	0
2744	202	0
2745	169	0
2746	180	0
2747	181	0
2748	181	0
2749	227	0
2750	212	0
2751	194	0
2752	204	0
2753	188	0
2754	191	0
2755	186	0
2756	222	0
2757	196	0
2758	213	0
2759	201	0
2760	226	0
2761	181	0
2762	201	0
2763	206	0
2764	199	0
2765	197	0
2766	193	0
2767	186	0
2768	175	0
2769	196	0
2770	154	0
2771	218	0
2772	178	0
2773	200	0
2774	195	0
2775	187	0
2776	201	0
2777	189	0
2778	176	0
2779	205	0
2780	215	0
2781	174	0
2782	213	0
2783	180	0
2784	195	0
2785	206	0
2786	185	0
2787	192	0
2788	184	0
2789	198	0
2790	190	0
2791	205	0
2792	186	0
2793	200	0
2794	187	0
2795	196	0
2796	214	0
2797	193	0
2798	184	0
2799	197	0
2800	171	0
2801	190	0
2802	189	0
2803	209	0
2804	196	0
2805	188	0
2806	194	0
2807	216	0
2808	195	0
2809	215	0
2810	172	0
2811	223	0
2812	196	0
2813	191	0
2814	208	0
2815	212	0
2816	195	0
2817	191	0
2818	201	0
2819	223	0
2820	185	0
2821	185	0
2822	183	0
2823	219	0
2824	197	0
2825	193	0
2826	190	0
2827	201	0
2828	167	0
2829	180	0
2830	193	0
2831	207	0
2832	203	0
2833	168	0
2834	192	0
2835	193	0
2836	183	0
2837	202	0
2838	181	0
2839	186	0
2840	214	0
2841	170	0
2842	203	0
2843	209	0
2844	187	0
2845	193	0
2846	201	0
2847	186	0
2848	194	0
2849	191	0
2850	190	0
2851	205	0
2852	216	0
2853	213	0
2854	209	0
2855	204	0
2856	210	0
2857	205	0
2858	201	0
2859	192	0
2860	204	0
2861	220	0
2862	189	0
2863	182	0
2864	189	0
2865	200	0
2866	199	0
2867	202	0
2868	224	0
2869	194	0
2870	216	0
2871	177	0
2872	199	0
2873	197	0
2874	212	0
2875	223	0
2876	194	0
2877	188	0
2878	203	0
2879	215	0
2880	198	0
2881	210	0
2882	204	0
2883	228	0
2884	205	0
2885	203	0
2886	179	0
2887	192	0
2888	214	0
2889	208	0
2890	197	0
2891	205	0
2892	175	0
2893	221	0
2894	199	0
2895	189	0
2896	235	0
2897	211	0
2898	216	0
2899	230	0
2900	189	0
2901	194	0
2902	208	0
2903	204	0
2904	205	0
2905	197	0
2906	194	0
2907	201	0
2908	200	0
2909	212	0
2910	193	0
2911	192	0
2912	198	0
2913	173	0
2914	185	0
2915	185	0
2916	212	0
2917	179	0
2918	187	0
2919	193	0
2920	196	0
2921	186	0
2922	178	0
2923	189	0
2924	210	0
2925	204	0
2926	208	0
2927	180	0
2928	211	0
2929	197	0
2930	209	0
2931	208	0
2932	204	0
2933	196	0
2934	210	0
2935	187	0
2936	186	0
2937	199	0
2938	192	0
2939	193	0
2940	187	0
2941	211	0
2942	198	0
2943	182	0
2944	174	0
2945	194	0
2946	179	0
2947	216	0
2948	190	0
2949	184	0
2950	180	0
2951	189	0
2952	189	0
2953	230	0
2954	175	0
2955	205	0
2956	236	0
2957	215	0
2958	172	0
2959	199	0
2960	216	0
2961	220	0
2962	201	0
2963	212	0
2964	175	0
2965	185	0
2966	171	0
2967	191	0
2968	178	0
2969	158	0
2970	180	0
2971	184	0
2972	222	0
2973	201	0
2974	234	0
2975	184	0
2976	187	0
2977	217	0
2978	180	0
2979	210	0
2980	201	0
2981	164	0
2982	193	0
2983	183	0
2984	193	0
2985	177	0
2986	198	0
2987	222	0
2988	183	0
2989	199	0
2990	202	0
2991	200	0
2992	179	0
2993	184	0
2994	204	0
2995	205	0
2996	195	0
2997	201	0
2998	192	0
2999	166	0
3000	187	0
