1	210	0
2	199	0
3	187	0
4	200	0
5	209	0
6	198	0
7	187	0
8	173	0
9	199	0
10	194	0
11	186	0
12	205	0
13	203	0
14	203	0
15	201	0
16	208	0
17	213	0
18	180	0
19	194	0
20	189	0
21	207	0
22	189	0
23	187	0
24	225	0
25	199	0
26	167	0
27	186	0
28	204	0
29	206	0
30	215	0
31	199	0
32	183	0
33	175	0
34	200	0
35	184	0
36	217	0
37	208	0
38	211	0
39	191	0
40	209	0
41	186	0
42	186	0
43	185	0
44	209	0
45	204	0
46	193	0
47	204	0
48	215	0
49	184	0
50	197	0
51	192	0
52	208	0
53	237	0
54	185	0
55	212	0
56	233	0
57	200	0
58	204	0
59	193	0
60	191	0
61	185	0
62	191	0
63	201	0
64	200	0
65	180	0
66	181	0
67	176	0
68	183	0
69	207	0
70	194	0
71	206	0
72	179	0
73	213	0
74	194	0
75	202	0
76	187	0
77	195	0
78	217	0
79	203	0
80	210	0
81	196	0
82	204	0
83	183	0
84	191	0
85	211	0
86	194	0
87	174	0
88	220	0
89	206	0
90	187	0
91	181	0
92	237	0
93	196	0
94	178	0
95	204	0
96	196	0
97	202	0
98	157	0
99	226	0
100	223	0
101	185	0
102	201	0
103	186	0
104	210	0
105	220	0
106	210	0
107	194	0
108	188	0
109	197	0
110	195	0
111	199	0
112	208	0
113	204	0
114	199	0
115	182	0
116	180	0
117	201	0
118	205	0
119	204	0
120	180	0
121	183	0
122	213	0
123	222	0
124	204	0
125	221	0
126	174	0
127	222	0
128	204	0
129	213	0
130	205	0
131	209	0
132	178	0
133	175	0
134	222	0
135	214	0
136	197	0
137	189	0
138	193	0
139	190	0
140	208	0
141	201	0
142	172	0
143	223	0
144	180	0
145	199	0
146	185	0
147	177	0
148	195	0
149	204	0
150	211	0
151	203	0
152	185	0
153	185	0
154	207	0
155	179	0
156	194	0
157	217	0
158	217	0
159	193	0
160	194	0
161	190	0
162	188	0
163	200	0
164	203	0
165	197	0
166	206	0
167	196	0
168	193	0
169	207	0
170	212	0
171	182	0
172	224	0
173	194	0
174	191	0
175	202	0
176	208	0
177	177	0
178	203	0
179	198	0
180	193	0
181	196	0
182	211	0
183	190	0
184	206	0
185	188	0
186	195	0
187	184	0
188	188	0
189	183	0
190	176	0
191	194	0
192	191	0
193	198	0
194	188	0
195	226	0
196	206	0
197	190	0
198	188	0
199	199	0
200	182	0
201	165	0
202	201	0
203	192	0
204	156	0
205	210	0
206	174	0
207	225	0
208	185	0
209	205	0
210	194	0
211	214	0
212	196	0
213	198	0
214	209	0
215	182	0
216	201	0
217	208	0
218	174	0
219	192	0
220	202	0
221	200	0
222	221	0
223	211	0
224	215	0
225	194	0
226	197	0
227	224	0
228	211	0
229	208	0
230	196	0
231	204	0
232	189	0
233	181	0
234	204	0
235	193	0
236	199	0
237	196	0
238	186	0
239	194	0
240	223	0
241	200	0
242	201	0
243	228	0
244	185	0
245	205	0
246	198	0
247	188	0
248	223	0
249	183	0
250	195	0
251	180	0
252	195	0
253	166	0
254	217	0
255	176	0
256	227	0
257	217	0
258	180	0
259	177	0
260	191	0
261	181	0
262	195	0
263	197	0
264	214	0
265	192	0
266	205	0
267	212	0
268	201	0
269	187	0
270	202	0
271	218	0
272	201	0
273	202	0
274	189	0
275	212	0
276	208	0
277	200	0
278	212	0
279	175	0
280	205	0
281	194	0
282	187	0
283	203	0
284	170	0
285	158	0
286	228	0
287	168	0
288	200	0
289	203	0
290	177	0
291	169	0
292	206	0
293	215	0
294	204	0
295	182	0
296	184	0
297	209	0
298	175	0
299	184	0
300	193	0
301	213	0
302	189	0
303	191	0
304	189	0
305	179	0
306	199	0
307	186	0
308	220	0
309	219	0
310	178	0
311	212	0
312	191	0
313	224	0
314	213	0
315	184	0
316	201	0
317	186	0
318	189	0
319	203	0
320	220	0
321	179	0
322	187	0
323	216	0
324	185	0
325	192	0
326	217	0
327	167	0
328	193	0
329	190	0
330	204	0
331	192	0
332	215	0
333	206	0
334	184	0
335	202	0
336	206	0
337	184	0
338	179	0
339	207	0
340	206	0
341	192	0
342	194	0
343	240	0
344	231	0
345	197	0
346	183	0
347	200	0
348	205	0
349	207	0
350	192	0
351	213	0
352	204	0
353	197	0
354	238	0
355	206	0
356	203	0
357	234	0
358	189	0
359	181	0
360	200	0
361	222	0
362	195	0
363	183	0
364	204	0
365	213	0
366	222	0
367	199	0
368	213	0
369	200	0
370	180	0
371	195	0
372	194	0
373	218	0
374	170	0
375	201	0
376	187	0
377	188	0
378	176	0
379	183	0
380	205	0
381	177	0
382	213	0
383	192	0
384	204	0
385	210	0
386	195	0
387	206	0
388	186	0
389	212	0
390	208	0
391	209	0
392	209	0
393	212	0
394	166	0
395	222	0
396	196	0
397	214	0
398	192	0
399	206	0
400	180	0
401	214	0
402	202	0
403	176	0
404	193	0
405	202	0
406	220	0
407	206	0
408	215	0
409	194	0
410	172	0
411	198	0
412	194	0
413	220	0
414	188	0
415	185	0
416	208	0
417	204	0
418	201	0
419	194	0
420	198	0
421	203	0
422	215	0
423	188	0
424	221	0
425	198	0
426	194	0
427	193	0
428	179	0
429	186	0
430	203	0
431	200	0
432	186	0
433	201	0
434	177	0
435	225	0
436	195	0
437	158	0
438	206	0
439	202	0
440	191	0
441	200	0
442	198	0
443	179	0
444	194	0
445	226	0
446	207	0
447	209	0
448	183	0
449	189	0
450	198	0
451	201	0
452	185	0
453	162	0
454	205	0
455	199	0
456	199	0
457	191	0
458	183	0
459	209	0
460	213	0
461	197	0
462	206	0
463	190	0
464	197	0
465	199	0
466	197	0
467	185	0
468	197	0
469	211	0
470	220	0
471	196	0
472	204	0
473	204	0
474	195	0
475	208	0
476	162	0
477	211	0
478	211	0
479	207	0
480	201	0
481	191	0
482	182	0
483	196	0
484	179	0
485	206	0
486	197	0
487	205	0
488	219	0
489	198	0
490	203	0
491	197	0
492	197	0
493	215	0
494	203	0
495	196	0
496	213	0
497	196	0
498	215	0
499	206	0
500	196	0
501	211	0
502	207	0
503	208	0
504	183	0
505	198	0
506	206	0
507	175	0
508	191	0
509	192	0
510	180	0
511	194	0
512	181	0
513	219	0
514	210	0
515	195	0
516	215	0
517	203	0
518	169	0
519	209	0
520	210	0
521	188	0
522	196	0
523	172	0
524	190	0
525	218	0
526	175	0
527	199	0
528	178	0
529	175	0
530	233	0
531	179	0
532	206	0
533	185	0
534	185	0
535	211	0
536	203	0
537	201	0
538	177	0
539	188	0
540	205	0
541	204	0
542	202	0
543	176	0
544	179	0
545	218	0
546	182	0
547	203	0
548	203	0
549	225	0
550	178	0
551	202	0
552	209	0
553	174	0
554	206	0
555	223	0
556	170	0
557	199	0
558	188	0
559	204	0
560	209	0
561	196	0
562	188	0
563	182	0
564	188	0
565	193	0
566	208	0
567	233	0
568	177	0
569	194	0
570	206	0
571	211	0
572	201	0
573	210	0
574	189	0
575	178	0
576	176	0
577	184	0
578	179	0
579	200	0
580	187	0
581	196	0
582	201	0
583	221	0
584	216	0
585	219	0
586	204	0
587	205	0
588	202	0
589	222	0
590	158	0
591	205	0
592	214	0
593	201	0
594	211	0
595	219	0
596	215	0
597	199	0
598	195	0
599	183	0
600	187	0
601	193	0
602	211	0
603	182	0
604	212	0
605	176	0
606	195	0
607	229	0
608	214	0
609	202	0
610	197	0
611	200	0
612	175	0
613	211	0
614	196	0
615	218	0
616	202	0
617	211	0
618	198	0
619	230	0
620	196	0
621	245	0
622	190	0
623	197	0
624	180	0
625	214	0
626	187	0
627	190	0
628	186	0
629	189	0
630	196	0
631	198	0
632	183	0
633	198	0
634	201	0
635	210	0
636	217	0
637	227	0
638	185	0
639	196	0
640	187	0
641	196	0
642	190	0
643	212	0
644	186	0
645	181	0
646	190	0
647	216	0
648	184	0
649	181	0
650	204	0
651	191	0
652	198	0
653	198	0
654	213	0
655	197	0
656	201	0
657	234	0
658	172	0
659	206	0
660	200	0
661	204	0
662	190	0
663	199	0
664	199	0
665	197	0
666	194	0
667	206	0
668	183	0
669	194	0
670	185	0
671	194	0
672	203	0
673	224	0
674	198	0
675	186	0
676	180	0
677	185	0
678	196	0
679	222	0
680	195	0
681	189	0
682	195	0
683	228	0
684	175	0
685	209	0
686	202	0
687	177	0
688	180	0
689	204	0
690	189	0
691	190	0
692	175	0
693	203	0
694	187	0
695	181	0
696	198	0
697	184	0
698	197	0
699	210	0
700	193	0
701	178	0
702	190	0
703	191	0
704	189	0
705	204	0
706	198	0
707	214	0
708	188	0
709	209	0
710	189	0
711	219	0
712	218	0
713	211	0
714	207	0
715	201	0
716	181	0
717	184	0
718	194	0
719	186	0
720	195	0
721	197	0
722	215	0
723	188	0
724	203	0
725	241	0
726	198	0
727	188	0
728	197	0
729	223	0
730	207	0
731	189	0
732	210	0
733	203	0
734	179	0
735	207	0
736	185	0
737	201	0
738	180	0
739	220	0
740	195	0
741	206	0
742	178	0
743	206	0
744	200	0
745	210	0
746	186	0
747	178	0
748	213	0
749	193	0
750	193	0
751	203	0
752	225	0
753	178	0
754	194	0
755	200	0
756	190	0
757	197	0
758	187	0
759	254	0
760	215	0
761	200	0
762	221	0
763	214	0
764	195	0
765	197	0
766	192	0
767	218	0
768	176	0
769	214	0
770	186	0
771	185	0
772	198	0
773	179	0
774	206	0
775	215	0
776	194	0
777	202	0
778	198	0
779	216	0
780	203	0
781	214	0
782	198	0
783	186	0
784	205	0
785	192	0
786	187	0
787	208	0
788	197	0
789	209	0
790	218	0
791	183	0
792	182	0
793	215	0
794	171	0
795	203	0
796	234	0
797	205	0
798	201	0
799	180	0
800	211	0
801	191	0
802	179	0
803	201	0
804	217	0
805	196	0
806	202	0
807	173	0
808	184	0
809	210	0
810	173	0
811	186	0
812	200	0
813	208	0
814	194	0
815	213	0
816	206	0
817	236	0
818	188	0
819	198	0
820	194	0
821	194	0
822	219	0
823	169	0
824	181	0
825	214	0
826	198	0
827	221	0
828	206	0
829	212	0
830	224	0
831	184	0
832	174	0
833	214	0
834	217	0
835	178	0
836	202	0
837	196	0
838	213	0
839	205	0
840	189	0
841	178	0
842	215	0
843	184	0
844	200	0
845	198	0
846	239	0
847	209	0
848	187	0
849	182	0
850	197	0
851	221	0
852	168	0
853	193	0
854	183	0
855	174	0
856	205	0
857	188	0
858	217	0
859	188	0
860	192	0
861	204	0
862	190	0
863	184	0
864	197	0
865	186	0
866	206	0
867	206	0
868	168	0
869	182	0
870	212	0
871	156	0
872	204	0
873	196	0
874	202	0
875	220	0
876	190	0
877	195	0
878	210	0
879	190	0
880	173	0
881	195	0
882	199	0
883	243	0
884	226	0
885	196	0
886	199	0
887	193	0
888	193	0
889	188	0
890	201	0
891	204	0
892	199	0
893	197	0
894	204	0
895	194	0
896	224	0
897	194	0
898	206	0
899	197	0
900	167	0
901	183	0
902	193	0
903	228	0
904	182	0
905	225	0
906	211	0
907	201	0
908	231	0
909	244	0
910	186	0
911	194	0
912	195	0
913	214	0
914	184	0
915	206	0
916	209	0
917	178	0
918	192	0
919	190	0
920	200	0
921	206	0
922	194	0
923	223	0
924	232	0
925	184	0
926	196	0
927	181	0
928	206	0
929	191	0
930	190	0
931	222	0
932	188	0
933	193	0
934	205	0
935	191	0
936	198	0
937	169	0
938	172	0
939	207	0
940	184	0
941	227	0
942	194	0
943	187	0
944	210	0
945	194	0
946	186	0
947	228	0
948	194	0
949	193	0
950	182	0
951	213	0
952	204	0
953	204	0
954	205	0
955	197	0
956	192	0
957	174	0
958	197	0
959	213	0
960	190	0
961	204	0
962	179	0
963	236	0
964	191	0
965	200	0
966	167	0
967	201	0
968	200	0
969	210	0
970	191	0
971	205	0
972	202	0
973	193	0
974	188	0
975	181	0
976	210	0
977	190	0
978	217	0
979	202	0
980	174	0
981	204	0
982	194	0
983	203	0
984	197	0
985	192	0
986	195	0
987	207	0
988	195	0
989	205	0
990	200	0
991	194	0
992	194	0
993	204	0
994	191	0
995	192	0
996	202	0
997	169	0
998	183	0
999	186	0
1000	201	0
1001	236	0
1002	192	0
1003	216	0
1004	204	0
1005	186	0
1006	184	0
1007	208	0
1008	169	0
1009	186	0
1010	174	0
1011	193	0
1012	192	0
1013	211	0
1014	193	0
1015	184	0
1016	170	0
1017	188	0
1018	194	0
1019	190	0
1020	201	0
1021	216	0
1022	208	0
1023	186	0
1024	189	0
1025	206	0
1026	191	0
1027	197	0
1028	176	0
1029	177	0
1030	191	0
1031	240	0
1032	181	0
1033	176	0
1034	188	0
1035	221	0
1036	195	0
1037	187	0
1038	186	0
1039	187	0
1040	182	0
1041	191	0
1042	193	0
1043	204	0
1044	182	0
1045	194	0
1046	211	0
1047	195	0
1048	199	0
1049	200	0
1050	215	0
1051	205	0
1052	182	0
1053	193	0
1054	192	0
1055	193	0
1056	196	0
1057	184	0
1058	199	0
1059	223	0
1060	224	0
1061	188	0
1062	188	0
1063	215	0
1064	224	0
1065	230	0
1066	213	0
1067	197	0
1068	200	0
1069	212	0
1070	196	0
1071	214	0
1072	206	0
1073	183	0
1074	205	0
1075	204	0
1076	217	0
1077	205	0
1078	187	0
1079	197	0
1080	178	0
1081	232	0
1082	188	0
1083	192	0
1084	191	0
1085	221	0
1086	175	0
1087	239	0
1088	208	0
1089	167	0
1090	195	0
1091	189	0
1092	211	0
1093	194	0
1094	204	0
1095	204	0
1096	207	0
1097	192	0
1098	197	0
1099	188	0
1100	226	0
1101	176	0
1102	200	0
1103	195	0
1104	193	0
1105	186	0
1106	170	0
1107	203	0
1108	188	0
1109	190	0
1110	199	0
1111	180	0
1112	199	0
1113	204	0
1114	187	0
1115	185	0
1116	169	0
1117	220	0
1118	218	0
1119	219	0
1120	209	0
1121	198	0
1122	179	0
1123	194	0
1124	193	0
1125	195	0
1126	203	0
1127	204	0
1128	188	0
1129	210	0
1130	162	0
1131	186	0
1132	208	0
1133	233	0
1134	186	0
1135	187	0
1136	207	0
1137	207	0
1138	217	0
1139	193	0
1140	190	0
1141	208	0
1142	188	0
1143	185	0
1144	209	0
1145	195	0
1146	197	0
1147	180	0
1148	182	0
1149	184	0
1150	208	0
1151	196	0
1152	221	0
1153	192	0
1154	201	0
1155	199	0
1156	178	0
1157	210	0
1158	187	0
1159	195	0
1160	186	0
1161	195	0
1162	173	0
1163	197	0
1164	205	0
1165	195	0
1166	201	0
1167	199	0
1168	181	0
1169	208	0
1170	204	0
1171	216	0
1172	184	0
1173	222	0
1174	221	0
1175	201	0
1176	208	0
1177	186	0
1178	210	0
1179	213	0
1180	205	0
1181	203	0
1182	219	0
1183	172	0
1184	199	0
1185	193	0
1186	186	0
1187	187	0
1188	197	0
1189	182	0
1190	214	0
1191	207	0
1192	209	0
1193	198	0
1194	204	0
1195	177	0
1196	216	0
1197	210	0
1198	199	0
1199	164	0
1200	198	0
1201	204	0
1202	228	0
1203	184	0
1204	208	0
1205	202	0
1206	205	0
1207	196	0
1208	211	0
1209	182	0
1210	187	0
1211	218	0
1212	207	0
1213	175	0
1214	175	0
1215	187	0
1216	199	0
1217	183	0
1218	181	0
1219	223	0
1220	186	0
1221	198	0
1222	223	0
1223	195	0
1224	203	0
1225	203	0
1226	193	0
1227	193	0
1228	218	0
1229	216	0
1230	185	0
1231	200	0
1232	210	0
1233	209	0
1234	186	0
1235	212	0
1236	187	0
1237	219	0
1238	197	0
1239	208	0
1240	179	0
1241	188	0
1242	175	0
1243	188	0
1244	208	0
1245	199	0
1246	196	0
1247	197	0
1248	198	0
1249	204	0
1250	186	0
1251	210	0
1252	197	0
1253	208	0
1254	210	0
1255	175	0
1256	182	0
1257	189	0
1258	204	0
1259	189	0
1260	184	0
1261	206	0
1262	176	0
1263	200	0
1264	193	0
1265	196	0
1266	208	0
1267	198	0
1268	195	0
1269	183	0
1270	204	0
1271	207	0
1272	191	0
1273	213	0
1274	209	0
1275	190	0
1276	218	0
1277	165	0
1278	209	0
1279	193	0
1280	205	0
1281	210	0
1282	169	0
1283	175	0
1284	176	0
1285	160	0
1286	168	0
1287	209	0
1288	201	0
1289	179	0
1290	182	0
1291	174	0
1292	195	0
1293	200	0
1294	193	0
1295	198	0
1296	213	0
1297	194	0
1298	205	0
1299	200	0
1300	194	0
1301	199	0
1302	190	0
1303	179	0
1304	203	0
1305	178	0
1306	208	0
1307	159	0
1308	210	0
1309	213	0
1310	197	0
1311	219	0
1312	200	0
1313	206	0
1314	194	0
1315	184	0
1316	186	0
1317	202	0
1318	224	0
1319	197	0
1320	188	0
1321	195	0
1322	182	0
1323	204	0
1324	217	0
1325	182	0
1326	229	0
1327	197	0
1328	188	0
1329	203	0
1330	199	0
1331	232	0
1332	186	0
1333	197	0
1334	193	0
1335	197	0
1336	199	0
1337	189	0
1338	197	0
1339	218	0
1340	189	0
1341	188	0
1342	199	0
1343	213	0
1344	196	0
1345	219	0
1346	208	0
1347	178	0
1348	177	0
1349	222	0
1350	179	0
1351	184	0
1352	188	0
1353	192	0
1354	211	0
1355	185	0
1356	224	0
1357	221	0
1358	189	0
1359	220	0
1360	204	0
1361	182	0
1362	199	0
1363	190	0
1364	218	0
1365	203	0
1366	202	0
1367	209	0
1368	193	0
1369	180	0
1370	219	0
1371	206	0
1372	232	0
1373	200	0
1374	213	0
1375	213	0
1376	214	0
1377	195	0
1378	192	0
1379	210	0
1380	188	0
1381	172	0
1382	187	0
1383	198	0
1384	190	0
1385	192	0
1386	195	0
1387	193	0
1388	190	0
1389	194	0
1390	165	0
1391	174	0
1392	196	0
1393	230	0
1394	213	0
1395	213	0
1396	226	0
1397	214	0
1398	188	0
1399	217	0
1400	179	0
1401	172	0
1402	207	0
1403	211	0
1404	186	0
1405	170	0
1406	179	0
1407	213	0
1408	187	0
1409	152	0
1410	188	0
1411	185	0
1412	196	0
1413	211	0
1414	209	0
1415	174	0
1416	210	0
1417	219	0
1418	205	0
1419	202	0
1420	175	0
1421	224	0
1422	184	0
1423	172	0
1424	201	0
1425	206	0
1426	183	0
1427	170	0
1428	180	0
1429	197	0
1430	192	0
1431	209	0
1432	205	0
1433	212	0
1434	205	0
1435	190	0
1436	195	0
1437	202	0
1438	195	0
1439	207	0
1440	197	0
1441	186	0
1442	201	0
1443	193	0
1444	195	0
1445	178	0
1446	184	0
1447	224	0
1448	197	0
1449	204	0
1450	229	0
1451	205	0
1452	213	0
1453	174	0
1454	203	0
1455	187	0
1456	211	0
1457	178	0
1458	183	0
1459	239	0
1460	191	0
1461	187	0
1462	216	0
1463	210	0
1464	194	0
1465	215	0
1466	209	0
1467	209	0
1468	191	0
1469	201	0
1470	234	0
1471	191	0
1472	220	0
1473	189	0
1474	192	0
1475	183	0
1476	194	0
1477	181	0
1478	217	0
1479	189	0
1480	186	0
1481	197	0
1482	211	0
1483	205	0
1484	198	0
1485	194	0
1486	210	0
1487	194	0
1488	193	0
1489	194	0
1490	205	0
1491	212	0
1492	201	0
1493	188	0
1494	204	0
1495	220	0
1496	201	0
1497	206	0
1498	196	0
1499	180	0
1500	215	0
1501	197	0
1502	195	0
1503	224	0
1504	219	0
1505	210	0
1506	202	0
1507	192	0
1508	201	0
1509	190	0
1510	203	0
1511	187	0
1512	188	0
1513	180	0
1514	195	0
1515	199	0
1516	190	0
1517	210	0
1518	210	0
1519	219	0
1520	184	0
1521	204	0
1522	182	0
1523	216	0
1524	206	0
1525	198	0
1526	184	0
1527	203	0
1528	188	0
1529	195	0
1530	222	0
1531	197	0
1532	180	0
1533	196	0
1534	191	0
1535	183	0
1536	182	0
1537	201	0
1538	197	0
1539	185	0
1540	209	0
1541	197	0
1542	175	0
1543	183	0
1544	201	0
1545	199	0
1546	202	0
1547	218	0
1548	229	0
1549	214	0
1550	163	0
1551	208	0
1552	205	0
1553	193	0
1554	196	0
1555	219	0
1556	198	0
1557	196	0
1558	215	0
1559	207	0
1560	182	0
1561	182	0
1562	192	0
1563	202	0
1564	207	0
1565	205	0
1566	214	0
1567	202	0
1568	199	0
1569	186	0
1570	218	0
1571	208	0
1572	204	0
1573	208	0
1574	204	0
1575	194	0
1576	179	0
1577	182	0
1578	166	0
1579	194	0
1580	213	0
1581	211	0
1582	203	0
1583	213	0
1584	203	0
1585	208	0
1586	169	0
1587	197	0
1588	183	0
1589	201	0
1590	202	0
1591	191	0
1592	186	0
1593	193	0
1594	197	0
1595	211	0
1596	193	0
1597	184	0
1598	190	0
1599	186	0
1600	186	0
1601	177	0
1602	191	0
1603	215	0
1604	220	0
1605	217	0
1606	203	0
1607	207	0
1608	209	0
1609	185	0
1610	185	0
1611	179	0
1612	208	0
1613	204	0
1614	217	0
1615	187	0
1616	219	0
1617	177	0
1618	191	0
1619	214	0
1620	239	0
1621	211	0
1622	184	0
1623	191	0
1624	180	0
1625	185	0
1626	197	0
1627	191	0
1628	216	0
1629	202	0
1630	203	0
1631	202	0
1632	187	0
1633	185	0
1634	184	0
1635	230	0
1636	200	0
1637	195	0
1638	173	0
1639	194	0
1640	187	0
1641	218	0
1642	207	0
1643	193	0
1644	200	0
1645	196	0
1646	186	0
1647	216	0
1648	203	0
1649	190	0
1650	184	0
1651	198	0
1652	207	0
1653	204	0
1654	186	0
1655	178	0
1656	186	0
1657	207	0
1658	189	0
1659	191	0
1660	164	0
1661	210	0
1662	214	0
1663	214	0
1664	196	0
1665	221	0
1666	189	0
1667	193	0
1668	220	0
1669	201	0
1670	186	0
1671	196	0
1672	202	0
1673	202	0
1674	177	0
1675	208	0
1676	190	0
1677	197	0
1678	212	0
1679	186	0
1680	188	0
1681	195	0
1682	205	0
1683	202	0
1684	177	0
1685	216	0
1686	218	0
1687	232	0
1688	166	0
1689	209	0
1690	208	0
1691	190	0
1692	200	0
1693	214	0
1694	210	0
1695	199	0
1696	177	0
1697	182	0
1698	193	0
1699	189	0
1700	209	0
1701	215	0
1702	203	0
1703	188	0
1704	201	0
1705	234	0
1706	221	0
1707	185	0
1708	205	0
1709	222	0
1710	181	0
1711	211	0
1712	167	0
1713	194	0
1714	215	0
1715	186	0
1716	182	0
1717	209	0
1718	189	0
1719	198	0
1720	211	0
1721	188	0
1722	187	0
1723	212	0
1724	202	0
1725	215	0
1726	199	0
1727	187	0
1728	191	0
1729	198	0
1730	207	0
1731	189	0
1732	191	0
1733	176	0
1734	206	0
1735	213	0
1736	220	0
1737	178	0
1738	214	0
1739	163	0
1740	228	0
1741	181	0
1742	201	0
1743	182	0
1744	182	0
1745	192	0
1746	206	0
1747	200	0
1748	210	0
1749	197	0
1750	240	0
1751	163	0
1752	190	0
1753	190	0
1754	203	0
1755	201	0
1756	177	0
1757	190	0
1758	194	0
1759	191	0
1760	204	0
1761	197	0
1762	174	0
1763	191	0
1764	216	0
1765	201	0
1766	206	0
1767	247	0
1768	194	0
1769	179	0
1770	217	0
1771	176	0
1772	188	0
1773	196	0
1774	181	0
1775	188	0
1776	197	0
1777	192	0
1778	191	0
1779	217	0
1780	192	0
1781	182	0
1782	161	0
1783	203	0
1784	194	0
1785	201	0
1786	202	0
1787	210	0
1788	216	0
1789	181	0
1790	192	0
1791	206	0
1792	173	0
1793	182	0
1794	191	0
1795	183	0
1796	191	0
1797	176	0
1798	197	0
1799	187	0
1800	200	0
1801	189	0
1802	195	0
1803	184	0
1804	214	0
1805	207	0
1806	218	0
1807	195	0
1808	183	0
1809	221	0
1810	188	0
1811	211	0
1812	186	0
1813	188	0
1814	197	0
1815	192	0
1816	200	0
1817	161	0
1818	204	0
1819	213	0
1820	199	0
1821	175	0
1822	184	0
1823	176	0
1824	224	0
1825	224	0
1826	193	0
1827	222	0
1828	202	0
1829	206	0
1830	213	0
1831	203	0
1832	183	0
1833	190	0
1834	214	0
1835	180	0
1836	167	0
1837	207	0
1838	192	0
1839	203	0
1840	162	0
1841	175	0
1842	170	0
1843	192	0
1844	199	0
1845	214	0
1846	211	0
1847	199	0
1848	192	0
1849	177	0
1850	209	0
1851	191	0
1852	185	0
1853	180	0
1854	212	0
1855	194	0
1856	194	0
1857	193	0
1858	193	0
1859	179	0
1860	238	0
1861	196	0
1862	201	0
1863	207	0
1864	226	0
1865	216	0
1866	201	0
1867	200	0
1868	201	0
1869	190	0
1870	187	0
1871	208	0
1872	200	0
1873	169	0
1874	201	0
1875	225	0
1876	184	0
1877	196	0
1878	211	0
1879	197	0
1880	193	0
1881	194	0
1882	211	0
1883	202	0
1884	189	0
1885	209	0
1886	196	0
1887	214	0
1888	210	0
1889	213	0
1890	181	0
1891	183	0
1892	213	0
1893	198	0
1894	220	0
1895	200	0
1896	192	0
1897	195	0
1898	213	0
1899	199	0
1900	222	0
1901	217	0
1902	206	0
1903	195	0
1904	225	0
1905	211	0
1906	210	0
1907	197	0
1908	198	0
1909	220	0
1910	182	0
1911	226	0
1912	198	0
1913	173	0
1914	201	0
1915	202	0
1916	198	0
1917	187	0
1918	200	0
1919	196	0
1920	196	0
1921	216	0
1922	195	0
1923	205	0
1924	190	0
1925	194	0
1926	211	0
1927	212	0
1928	230	0
1929	188	0
1930	198	0
1931	210	0
1932	191	0
1933	192	0
1934	207	0
1935	197	0
1936	198	0
1937	184	0
1938	198	0
1939	203	0
1940	205	0
1941	178	0
1942	185	0
1943	196	0
1944	193	0
1945	180	0
1946	202	0
1947	201	0
1948	174	0
1949	189	0
1950	205	0
1951	181	0
1952	181	0
1953	226	0
1954	199	0
1955	199	0
1956	189	0
1957	190	0
1958	181	0
1959	187	0
1960	205	0
1961	192	0
1962	172	0
1963	219	0
1964	208	0
1965	178	0
1966	184	0
1967	179	0
1968	196	0
1969	192	0
1970	208	0
1971	202	0
1972	184	0
1973	195	0
1974	189	0
1975	187	0
1976	190	0
1977	195	0
1978	196	0
1979	210	0
1980	173	0
1981	204	0
1982	203	0
1983	221	0
1984	192	0
1985	211	0
1986	192	0
1987	203	0
1988	209	0
1989	217	0
1990	214	0
1991	189	0
1992	201	0
1993	211	0
1994	162	0
1995	204	0
1996	185	0
1997	183	0
1998	203	0
1999	197	0
2000	177	0
2001	200	0
2002	180	0
2003	203	0
2004	188	0
2005	193	0
2006	204	0
2007	200	0
2008	203	0
2009	216	0
2010	185	0
2011	222	0
2012	213	0
2013	205	0
2014	199	0
2015	220	0
2016	208	0
2017	191	0
2018	209	0
2019	234	0
2020	184	0
2021	220	0
2022	189	0
2023	216	0
2024	189	0
2025	201	0
2026	183	0
2027	200	0
2028	179	0
2029	190	0
2030	202	0
2031	209	0
2032	210	0
2033	206	0
2034	209	0
2035	194	0
2036	194	0
2037	191	0
2038	207	0
2039	198	0
2040	163	0
2041	226	0
2042	194	0
2043	191	0
2044	218	0
2045	199	0
2046	187	0
2047	201	0
2048	203	0
2049	183	0
2050	183	0
2051	206	0
2052	203	0
2053	207	0
2054	187	0
2055	178	0
2056	200	0
2057	210	0
2058	193	0
2059	202	0
2060	197	0
2061	195	0
2062	182	0
2063	207	0
2064	185	0
2065	198	0
2066	188	0
2067	202	0
2068	173	0
2069	198	0
2070	194	0
2071	193	0
2072	205	0
2073	189	0
2074	182	0
2075	203	0
2076	189	0
2077	197	0
2078	176	0
2079	181	0
2080	189	0
2081	193	0
2082	202	0
2083	207	0
2084	194	0
2085	178	0
2086	193	0
2087	220	0
2088	172	0
2089	222	0
2090	184	0
2091	193	0
2092	191	0
2093	205	0
2094	168	0
2095	191	0
2096	215	0
2097	221	0
2098	204	0
2099	176	0
2100	186	0
2101	190	0
2102	208	0
2103	192	0
2104	201	0
2105	178	0
2106	206	0
2107	180	0
2108	179	0
2109	199	0
2110	220	0
2111	215	0
2112	185	0
2113	192	0
2114	165	0
2115	221	0
2116	193	0
2117	173	0
2118	204	0
2119	200	0
2120	190	0
2121	187	0
2122	202	0
2123	184	0
2124	185	0
2125	198	0
2126	204	0
2127	203	0
2128	192	0
2129	197	0
2130	161	0
2131	186	0
2132	179	0
2133	207	0
2134	209	0
2135	208	0
2136	200	0
2137	196	0
2138	218	0
2139	211	0
2140	206	0
2141	194	0
2142	172	0
2143	209	0
2144	204	0
2145	196	0
2146	191	0
2147	221	0
2148	188	0
2149	165	0
2150	182	0
2151	183	0
2152	184	0
2153	200	0
2154	215	0
2155	197	0
2156	186	0
2157	206	0
2158	187	0
2159	206	0
2160	204	0
2161	209	0
2162	203	0
2163	194	0
2164	196	0
2165	185	0
2166	188	0
2167	195	0
2168	215	0
2169	206	0
2170	200	0
2171	212	0
2172	206	0
2173	205	0
2174	190	0
2175	212	0
2176	194	0
2177	200	0
2178	197	0
2179	201	0
2180	190	0
2181	203	0
2182	206	0
2183	188	0
2184	178	0
2185	206	0
2186	190	0
2187	207	0
2188	204	0
2189	184	0
2190	204	0
2191	202	0
2192	200	0
2193	202	0
2194	179	0
2195	203	0
2196	219	0
2197	186	0
2198	198	0
2199	206	0
2200	183	0
2201	211	0
2202	207	0
2203	210	0
2204	210	0
2205	215	0
2206	204	0
2207	202	0
2208	196	0
2209	207	0
2210	203	0
2211	162	0
2212	210	0
2213	194	0
2214	199	0
2215	196	0
2216	193	0
2217	218	0
2218	218	0
2219	196	0
2220	191	0
2221	181	0
2222	176	0
2223	230	0
2224	192	0
2225	206	0
2226	208	0
2227	200	0
2228	201	0
2229	240	0
2230	199	0
2231	210	0
2232	213	0
2233	207	0
2234	209	0
2235	194	0
2236	200	0
2237	220	0
2238	212	0
2239	204	0
2240	212	0
2241	189	0
2242	191	0
2243	193	0
2244	191	0
2245	201	0
2246	187	0
2247	197	0
2248	202	0
2249	205	0
2250	209	0
2251	189	0
2252	210	0
2253	174	0
2254	236	0
2255	222	0
2256	219	0
2257	207	0
2258	210	0
2259	207	0
2260	227	0
2261	183	0
2262	217	0
2263	218	0
2264	195	0
2265	207	0
2266	173	0
2267	188	0
2268	224	0
2269	218	0
2270	188	0
2271	200	0
2272	209	0
2273	213	0
2274	193	0
2275	192	0
2276	193	0
2277	194	0
2278	198	0
2279	218	0
2280	193	0
2281	175	0
2282	194	0
2283	197	0
2284	186	0
2285	212	0
2286	198	0
2287	190	0
2288	199	0
2289	187	0
2290	193	0
2291	204	0
2292	187	0
2293	183	0
2294	209	0
2295	179	0
2296	203	0
2297	206	0
2298	185	0
2299	207	0
2300	197	0
2301	197	0
2302	208	0
2303	204	0
2304	189	0
2305	205	0
2306	177	0
2307	213	0
2308	205	0
2309	203	0
2310	200	0
2311	222	0
2312	223	0
2313	194	0
2314	192	0
2315	181	0
2316	190	0
2317	178	0
2318	192	0
2319	206	0
2320	183	0
2321	185	0
2322	188	0
2323	213	0
2324	195	0
2325	185	0
2326	186	0
2327	186	0
2328	219	0
2329	192	0
2330	200	0
2331	188	0
2332	216	0
2333	177	0
2334	198	0
2335	169	0
2336	199	0
2337	193	0
2338	231	0
2339	200	0
2340	189	0
2341	217	0
2342	198	0
2343	214	0
2344	186	0
2345	194	0
2346	195	0
2347	221	0
2348	210	0
2349	210	0
2350	199	0
2351	207	0
2352	189	0
2353	159	0
2354	215	0
2355	203	0
2356	192	0
2357	189	0
2358	205	0
2359	200	0
2360	203	0
2361	186	0
2362	192	0
2363	200	0
2364	205	0
2365	224	0
2366	187	0
2367	208	0
2368	222	0
2369	208	0
2370	191	0
2371	199	0
2372	224	0
2373	190	0
2374	191	0
2375	183	0
2376	164	0
2377	207	0
2378	199	0
2379	189	0
2380	214	0
2381	179	0
2382	211	0
2383	201	0
2384	221	0
2385	235	0
2386	197	0
2387	221	0
2388	172	0
2389	175	0
2390	169	0
2391	201	0
2392	198	0
2393	205	0
2394	210	0
2395	210	0
2396	203	0
2397	212	0
2398	178	0
2399	188	0
2400	201	0
2401	217	0
2402	220	0
2403	189	0
2404	188	0
2405	179	0
2406	210	0
2407	230	0
2408	198	0
2409	215	0
2410	213	0
2411	214	0
2412	190	0
2413	210	0
2414	205	0
2415	200	0
2416	211	0
2417	187	0
2418	212	0
2419	199	0
2420	190	0
2421	178	0
2422	193	0
2423	206	0
2424	164	0
2425	204	0
2426	199	0
2427	188	0
2428	196	0
2429	224	0
2430	212	0
2431	184	0
2432	193	0
2433	205	0
2434	201	0
2435	200	0
2436	200	0
2437	197	0
2438	196	0
2439	190	0
2440	202	0
2441	184	0
2442	177	0
2443	190	0
2444	227	0
2445	187	0
2446	202	0
2447	185	0
2448	181	0
2449	195	0
2450	199	0
2451	205	0
2452	203	0
2453	177	0
2454	188	0
2455	185	0
2456	194	0
2457	206	0
2458	193	0
2459	172	0
2460	190	0
2461	178	0
2462	181	0
2463	181	0
2464	182	0
2465	192	0
2466	192	0
2467	193	0
2468	205	0
2469	188	0
2470	208	0
2471	198	0
2472	192	0
2473	188	0
2474	193	0
2475	170	0
2476	196	0
2477	218	0
2478	183	0
2479	200	0
2480	226	0
2481	205	0
2482	195	0
2483	186	0
2484	213	0
2485	203	0
2486	216	0
2487	200	0
2488	189	0
2489	213	0
2490	192	0
2491	205	0
2492	200	0
2493	179	0
2494	170	0
2495	204	0
2496	213	0
2497	193	0
2498	192	0
2499	170	0
2500	186	0
2501	212	0
2502	188	0
2503	219	0
2504	224	0
2505	182	0
2506	209	0
2507	195	0
2508	194	0
2509	203	0
2510	177	0
2511	175	0
2512	223	0
2513	190	0
2514	195	0
2515	213	0
2516	206	0
2517	192	0
2518	234	0
2519	222	0
2520	190	0
2521	172	0
2522	199	0
2523	206	0
2524	189	0
2525	186	0
2526	198	0
2527	207	0
2528	195	0
2529	203	0
2530	237	0
2531	209	0
2532	206	0
2533	211	0
2534	209	0
2535	193	0
2536	183	0
2537	216	0
2538	200	0
2539	197	0
2540	191	0
2541	185	0
2542	198	0
2543	182	0
2544	167	0
2545	205	0
2546	193	0
2547	207	0
2548	207	0
2549	187	0
2550	196	0
2551	192	0
2552	207	0
2553	191	0
2554	187	0
2555	183	0
2556	204	0
2557	197	0
2558	189	0
2559	211	0
2560	206	0
2561	178	0
2562	198	0
2563	183	0
2564	194	0
2565	191	0
2566	204	0
2567	206	0
2568	202	0
2569	179	0
2570	202	0
2571	188	0
2572	186	0
2573	205	0
2574	221	0
2575	209	0
2576	188	0
2577	216	0
2578	216	0
2579	200	0
2580	195	0
2581	214	0
2582	207	0
2583	192	0
2584	189	0
2585	202	0
2586	193	0
2587	193	0
2588	207	0
2589	188	0
2590	171	0
2591	202	0
2592	183	0
2593	216	0
2594	197	0
2595	201	0
2596	211	0
2597	193	0
2598	166	0
2599	224	0
2600	203	0
2601	208	0
2602	177	0
2603	190	0
2604	197	0
2605	196	0
2606	196	0
2607	212	0
2608	173	0
2609	205	0
2610	207	0
2611	192	0
2612	200	0
2613	181	0
2614	199	0
2615	211	0
2616	191	0
2617	195	0
2618	179	0
2619	172	0
2620	206	0
2621	189	0
2622	214	0
2623	205	0
2624	186	0
2625	210	0
2626	188	0
2627	208	0
2628	220	0
2629	212	0
2630	218	0
2631	209	0
2632	162	0
2633	210	0
2634	198	0
2635	187	0
2636	188	0
2637	184	0
2638	188	0
2639	187	0
2640	206	0
2641	216	0
2642	195	0
2643	232	0
2644	186	0
2645	191	0
2646	209	0
2647	226	0
2648	194	0
2649	187	0
2650	216	0
2651	186	0
2652	187	0
2653	205	0
2654	180	0
2655	231	0
2656	225	0
2657	209	0
2658	191	0
2659	201	0
2660	228	0
2661	181	0
2662	200	0
2663	198	0
2664	222	0
2665	208	0
2666	201	0
2667	196	0
2668	202	0
2669	207	0
2670	200	0
2671	199	0
2672	194	0
2673	187	0
2674	201	0
2675	188	0
2676	160	0
2677	198	0
2678	206	0
2679	210	0
2680	212	0
2681	208	0
2682	198	0
2683	185	0
2684	240	0
2685	170	0
2686	159	0
2687	199	0
2688	194	0
2689	188	0
2690	201	0
2691	179	0
2692	186	0
2693	209	0
2694	195	0
2695	202	0
2696	210	0
2697	199	0
2698	175	0
2699	231	0
2700	187	0
2701	200	0
2702	204	0
2703	211	0
2704	176	0
2705	206	0
2706	197	0
2707	191	0
2708	196	0
2709	196	0
2710	212	0
2711	157	0
2712	163	0
2713	206	0
2714	170	0
2715	208	0
2716	185	0
2717	177	0
2718	185	0
2719	203	0
2720	197	0
2721	206	0
2722	191	0
2723	214	0
2724	197	0
2725	189	0
2726	192	0
2727	195	0
2728	212	0
2729	209	0
2730	190	0
2731	210	0
2732	203	0
2733	219	0
2734	207	0
2735	195	0
2736	171	0
2737	215	0
2738	180	0
2739	187	0
2740	206	0
2741	186	0
2742	191	0
2743	196	0
2744	180	0
2745	204	0
2746	200	0
2747	160	0
2748	180	0
2749	234	0
2750	166	0
2751	215	0
2752	192	0
2753	210	0
2754	197	0
2755	200	0
2756	219	0
2757	177	0
2758	197	0
2759	210	0
2760	217	0
2761	184	0
2762	197	0
2763	187	0
2764	184	0
2765	206	0
2766	230	0
2767	187	0
2768	195	0
2769	210	0
2770	202	0
2771	200	0
2772	194	0
2773	189	0
2774	190	0
2775	210	0
2776	196	0
2777	203	0
2778	220	0
2779	171	0
2780	187	0
2781	170	0
2782	196	0
2783	210	0
2784	204	0
2785	209	0
2786	195	0
2787	176	0
2788	189	0
2789	199	0
2790	208	0
2791	195	0
2792	206	0
2793	190	0
2794	169	0
2795	207	0
2796	197	0
2797	198	0
2798	198	0
2799	222	0
2800	195	0
2801	217	0
2802	196	0
2803	200	0
2804	206	0
2805	196	0
2806	185	0
2807	195	0
2808	199	0
2809	201	0
2810	189	0
2811	209	0
2812	196	0
2813	197	0
2814	209	0
2815	184	0
2816	206	0
2817	204	0
2818	207	0
2819	205	0
2820	187	0
2821	214	0
2822	240	0
2823	186	0
2824	200	0
2825	209	0
2826	201	0
2827	209	0
2828	204	0
2829	171	0
2830	192	0
2831	205	0
2832	190	0
2833	188	0
2834	176	0
2835	176	0
2836	227	0
2837	214	0
2838	196	0
2839	201	0
2840	211	0
2841	188	0
2842	184	0
2843	192	0
2844	217	0
2845	200	0
2846	219	0
2847	185	0
2848	189	0
2849	177	0
2850	192	0
2851	205	0
2852	190	0
2853	195	0
2854	188	0
2855	210	0
2856	178	0
2857	187	0
2858	198	0
2859	218	0
2860	219	0
2861	222	0
2862	171	0
2863	189	0
2864	202	0
2865	226	0
2866	204	0
2867	183	0
2868	206	0
2869	203	0
2870	184	0
2871	180	0
2872	218	0
2873	193	0
2874	195	0
2875	185	0
2876	207	0
2877	200	0
2878	216	0
2879	166	0
2880	199	0
2881	214	0
2882	214	0
2883	186	0
2884	205	0
2885	207	0
2886	186	0
2887	189	0
2888	187	0
2889	186	0
2890	211	0
2891	220	0
2892	200	0
2893	180	0
2894	161	0
2895	191	0
2896	222	0
2897	204	0
2898	198	0
2899	186	0
2900	208	0
2901	183	0
2902	181	0
2903	192	0
2904	184	0
2905	183	0
2906	213	0
2907	179	0
2908	195	0
2909	199	0
2910	189	0
2911	193	0
2912	186	0
2913	206	0
2914	172	0
2915	210	0
2916	192	0
2917	210	0
2918	199	0
2919	187	0
2920	201	0
2921	207	0
2922	193	0
2923	177	0
2924	199	0
2925	187	0
2926	180	0
2927	198	0
2928	211	0
2929	201	0
2930	188	0
2931	201	0
2932	202	0
2933	183	0
2934	191	0
2935	198	0
2936	176	0
2937	196	0
2938	195	0
2939	197	0
2940	179	0
2941	199	0
2942	175	0
2943	196	0
2944	203	0
2945	202	0
2946	188	0
2947	199	0
2948	198	0
2949	202	0
2950	187	0
2951	221	0
2952	212	0
2953	185	0
2954	193	0
2955	194	0
2956	205	0
2957	214	0
2958	190	0
2959	233	0
2960	201	0
2961	211	0
2962	167	0
2963	192	0
2964	194	0
2965	209	0
2966	195	0
2967	198	0
2968	198	0
2969	216	0
2970	195	0
2971	205	0
2972	177	0
2973	178	0
2974	185	0
2975	214	0
2976	175	0
2977	187	0
2978	198	0
2979	210	0
2980	188	0
2981	194	0
2982	197	0
2983	213	0
2984	204	0
2985	211	0
2986	233	0
2987	175	0
2988	184	0
2989	203	0
2990	202	0
2991	181	0
2992	199	0
2993	188	0
2994	192	0
2995	223	0
2996	185	0
2997	208	0
2998	210	0
2999	210	0
3000	204	0
