1	177	0
2	181	0
3	203	0
4	200	0
5	167	0
6	203	0
7	199	0
8	203	0
9	189	0
10	176	0
11	198	0
12	206	0
13	193	0
14	195	0
15	184	0
16	199	0
17	188	0
18	216	0
19	181	0
20	208	0
21	182	0
22	195	0
23	165	0
24	191	0
25	194	0
26	220	0
27	184	0
28	211	0
29	188	0
30	163	0
31	200	0
32	171	0
33	186	0
34	193	0
35	188	0
36	180	0
37	186	0
38	181	0
39	190	0
40	226	0
41	206	0
42	190	0
43	193	0
44	175	0
45	173	0
46	198	0
47	187	0
48	203	0
49	184	0
50	216	0
51	184	0
52	194	0
53	191	0
54	193	0
55	168	0
56	216	0
57	227	0
58	166	0
59	200	0
60	187	0
61	220	0
62	210	0
63	238	0
64	193	0
65	172	0
66	181	0
67	207	0
68	190	0
69	208	0
70	164	0
71	175	0
72	215	0
73	190	0
74	210	0
75	199	0
76	200	0
77	178	0
78	193	0
79	180	0
80	210	0
81	201	0
82	205	0
83	226	0
84	180	0
85	190	0
86	194	0
87	193	0
88	192	0
89	166	0
90	192	0
91	207	0
92	205	0
93	194	0
94	188	0
95	193	0
96	208	0
97	208	0
98	180	0
99	199	0
100	178	0
101	199	0
102	178	0
103	221	0
104	199	0
105	191	0
106	214	0
107	207	0
108	203	0
109	208	0
110	191	0
111	208	0
112	188	0
113	193	0
114	203	0
115	188	0
116	210	0
117	181	0
118	188	0
119	190	0
120	212	0
121	201	0
122	182	0
123	198	0
124	201	0
125	202	0
126	179	0
127	193	0
128	189	0
129	195	0
130	203	0
131	197	0
132	223	0
133	207	0
134	204	0
135	204	0
136	209	0
137	177	0
138	211	0
139	230	0
140	184	0
141	208	0
142	197	0
143	223	0
144	221	0
145	186	0
146	207	0
147	192	0
148	219	0
149	193	0
150	238	0
151	198	0
152	175	0
153	214	0
154	193	0
155	197	0
156	201	0
157	201	0
158	209	0
159	185	0
160	194	0
161	218	0
162	191	0
163	203	0
164	207	0
165	180	0
166	199	0
167	185	0
168	230	0
169	203	0
170	218	0
171	207	0
172	179	0
173	189	0
174	188	0
175	192	0
176	177	0
177	210	0
178	201	0
179	199	0
180	182	0
181	204	0
182	175	0
183	237	0
184	182	0
185	195	0
186	188	0
187	198	0
188	202	0
189	210	0
190	197	0
191	218	0
192	213	0
193	182	0
194	201	0
195	189	0
196	190	0
197	192	0
198	217	0
199	224	0
200	188	0
201	186	0
202	190	0
203	193	0
204	198	0
205	212	0
206	236	0
207	207	0
208	179	0
209	198	0
210	186	0
211	194	0
212	190	0
213	221	0
214	197	0
215	227	0
216	208	0
217	206	0
218	198	0
219	214	0
220	202	0
221	176	0
222	227	0
223	186	0
224	225	0
225	223	0
226	180	0
227	201	0
228	179	0
229	198	0
230	209	0
231	221	0
232	194	0
233	191	0
234	196	0
235	204	0
236	201	0
237	217	0
238	182	0
239	210	0
240	227	0
241	199	0
242	191	0
243	191	0
244	193	0
245	190	0
246	211	0
247	191	0
248	206	0
249	207	0
250	191	0
251	193	0
252	195	0
253	195	0
254	196	0
255	194	0
256	188	0
257	196	0
258	200	0
259	219	0
260	211	0
261	204	0
262	202	0
263	189	0
264	190	0
265	223	0
266	190	0
267	215	0
268	191	0
269	215	0
270	202	0
271	229	0
272	202	0
273	215	0
274	194	0
275	198	0
276	198	0
277	210	0
278	193	0
279	214	0
280	181	0
281	206	0
282	204	0
283	191	0
284	204	0
285	200	0
286	215	0
287	190	0
288	188	0
289	194	0
290	205	0
291	227	0
292	202	0
293	184	0
294	210	0
295	193	0
296	228	0
297	172	0
298	210	0
299	207	0
300	178	0
301	235	0
302	178	0
303	195	0
304	219	0
305	200	0
306	178	0
307	192	0
308	186	0
309	187	0
310	200	0
311	205	0
312	198	0
313	214	0
314	205	0
315	205	0
316	183	0
317	180	0
318	207	0
319	198	0
320	183	0
321	194	0
322	196	0
323	181	0
324	213	0
325	190	0
326	189	0
327	177	0
328	189	0
329	208	0
330	189	0
331	220	0
332	163	0
333	185	0
334	182	0
335	212	0
336	200	0
337	172	0
338	197	0
339	203	0
340	187	0
341	179	0
342	195	0
343	198	0
344	197	0
345	223	0
346	184	0
347	186	0
348	165	0
349	212	0
350	180	0
351	170	0
352	218	0
353	208	0
354	225	0
355	189	0
356	200	0
357	201	0
358	167	0
359	195	0
360	193	0
361	198	0
362	198	0
363	181	0
364	244	0
365	206	0
366	220	0
367	199	0
368	188	0
369	192	0
370	217	0
371	191	0
372	187	0
373	191	0
374	217	0
375	211	0
376	227	0
377	193	0
378	178	0
379	184	0
380	186	0
381	170	0
382	177	0
383	201	0
384	188	0
385	188	0
386	191	0
387	202	0
388	207	0
389	209	0
390	197	0
391	203	0
392	213	0
393	194	0
394	191	0
395	193	0
396	172	0
397	173	0
398	182	0
399	191	0
400	206	0
401	191	0
402	204	0
403	213	0
404	204	0
405	188	0
406	184	0
407	204	0
408	186	0
409	169	0
410	178	0
411	200	0
412	197	0
413	197	0
414	209	0
415	180	0
416	215	0
417	204	0
418	199	0
419	186	0
420	210	0
421	201	0
422	183	0
423	188	0
424	188	0
425	180	0
426	208	0
427	184	0
428	180	0
429	217	0
430	189	0
431	177	0
432	184	0
433	200	0
434	196	0
435	180	0
436	216	0
437	189	0
438	192	0
439	191	0
440	201	0
441	220	0
442	170	0
443	191	0
444	207	0
445	205	0
446	238	0
447	204	0
448	183	0
449	200	0
450	204	0
451	215	0
452	183	0
453	190	0
454	178	0
455	196	0
456	212	0
457	188	0
458	185	0
459	220	0
460	217	0
461	208	0
462	190	0
463	208	0
464	192	0
465	222	0
466	188	0
467	181	0
468	195	0
469	197	0
470	202	0
471	197	0
472	187	0
473	203	0
474	204	0
475	225	0
476	216	0
477	213	0
478	216	0
479	195	0
480	201	0
481	214	0
482	199	0
483	161	0
484	183	0
485	196	0
486	168	0
487	191	0
488	183	0
489	218	0
490	172	0
491	205	0
492	225	0
493	217	0
494	203	0
495	212	0
496	196	0
497	158	0
498	211	0
499	190	0
500	184	0
501	218	0
502	196	0
503	183	0
504	198	0
505	213	0
506	202	0
507	196	0
508	214	0
509	200	0
510	236	0
511	200	0
512	195	0
513	190	0
514	227	0
515	182	0
516	177	0
517	215	0
518	215	0
519	177	0
520	182	0
521	182	0
522	196	0
523	214	0
524	208	0
525	213	0
526	191	0
527	218	0
528	213	0
529	163	0
530	192	0
531	215	0
532	172	0
533	202	0
534	205	0
535	204	0
536	180	0
537	198	0
538	180	0
539	207	0
540	213	0
541	171	0
542	190	0
543	214	0
544	208	0
545	206	0
546	202	0
547	205	0
548	226	0
549	194	0
550	216	0
551	215	0
552	197	0
553	217	0
554	205	0
555	180	0
556	188	0
557	215	0
558	218	0
559	195	0
560	193	0
561	193	0
562	215	0
563	178	0
564	202	0
565	208	0
566	182	0
567	199	0
568	204	0
569	204	0
570	175	0
571	225	0
572	247	0
573	189	0
574	189	0
575	194	0
576	192	0
577	211	0
578	192	0
579	195	0
580	201	0
581	191	0
582	181	0
583	192	0
584	197	0
585	214	0
586	193	0
587	199	0
588	174	0
589	211	0
590	209	0
591	197	0
592	191	0
593	179	0
594	192	0
595	208	0
596	180	0
597	175	0
598	197	0
599	215	0
600	193	0
601	198	0
602	227	0
603	199	0
604	188	0
605	200	0
606	222	0
607	185	0
608	217	0
609	225	0
610	197	0
611	201	0
612	218	0
613	182	0
614	199	0
615	182	0
616	196	0
617	195	0
618	203	0
619	179	0
620	212	0
621	181	0
622	182	0
623	201	0
624	194	0
625	193	0
626	208	0
627	210	0
628	192	0
629	208	0
630	200	0
631	206	0
632	196	0
633	208	0
634	203	0
635	201	0
636	196	0
637	187	0
638	194	0
639	195	0
640	164	0
641	186	0
642	200	0
643	181	0
644	200	0
645	207	0
646	184	0
647	206	0
648	201	0
649	187	0
650	207	0
651	203	0
652	199	0
653	212	0
654	200	0
655	214	0
656	224	0
657	190	0
658	213	0
659	204	0
660	189	0
661	194	0
662	186	0
663	172	0
664	195	0
665	175	0
666	193	0
667	185	0
668	200	0
669	209	0
670	196	0
671	199	0
672	183	0
673	193	0
674	209	0
675	229	0
676	182	0
677	170	0
678	189	0
679	165	0
680	228	0
681	211	0
682	206	0
683	214	0
684	196	0
685	191	0
686	204	0
687	218	0
688	196	0
689	196	0
690	203	0
691	198	0
692	201	0
693	205	0
694	196	0
695	205	0
696	183	0
697	214	0
698	198	0
699	208	0
700	209	0
701	203	0
702	209	0
703	203	0
704	197	0
705	189	0
706	180	0
707	217	0
708	178	0
709	198	0
710	167	0
711	212	0
712	178	0
713	187	0
714	192	0
715	199	0
716	194	0
717	193	0
718	191	0
719	229	0
720	219	0
721	206	0
722	185	0
723	201	0
724	205	0
725	185	0
726	225	0
727	184	0
728	225	0
729	193	0
730	200	0
731	205	0
732	211	0
733	195	0
734	189	0
735	201	0
736	189	0
737	192	0
738	210	0
739	216	0
740	196	0
741	198	0
742	193	0
743	207	0
744	181	0
745	164	0
746	187	0
747	213	0
748	191	0
749	207	0
750	187	0
751	203	0
752	174	0
753	172	0
754	206	0
755	213	0
756	200	0
757	190	0
758	183	0
759	198	0
760	202	0
761	191	0
762	214	0
763	195	0
764	202	0
765	176	0
766	181	0
767	211	0
768	195	0
769	220	0
770	203	0
771	195	0
772	222	0
773	195	0
774	210	0
775	209	0
776	223	0
777	189	0
778	172	0
779	180	0
780	206	0
781	203	0
782	197	0
783	194	0
784	188	0
785	205	0
786	206	0
787	178	0
788	193	0
789	191	0
790	215	0
791	188	0
792	205	0
793	204	0
794	223	0
795	209	0
796	183	0
797	203	0
798	241	0
799	224	0
800	180	0
801	209	0
802	207	0
803	205	0
804	192	0
805	193	0
806	187	0
807	215	0
808	199	0
809	196	0
810	198	0
811	210	0
812	194	0
813	194	0
814	199	0
815	206	0
816	216	0
817	206	0
818	215	0
819	195	0
820	180	0
821	198	0
822	211	0
823	190	0
824	207	0
825	212	0
826	204	0
827	206	0
828	201	0
829	190	0
830	182	0
831	236	0
832	214	0
833	172	0
834	196	0
835	213	0
836	206	0
837	210	0
838	207	0
839	196	0
840	180	0
841	214	0
842	203	0
843	180	0
844	212	0
845	176	0
846	216	0
847	201	0
848	190	0
849	224	0
850	189	0
851	211	0
852	198	0
853	238	0
854	222	0
855	207	0
856	221	0
857	151	0
858	212	0
859	216	0
860	219	0
861	189	0
862	194	0
863	222	0
864	172	0
865	187	0
866	194	0
867	215	0
868	172	0
869	170	0
870	221	0
871	218	0
872	193	0
873	204	0
874	201	0
875	183	0
876	187	0
877	194	0
878	185	0
879	173	0
880	210	0
881	190	0
882	207	0
883	207	0
884	189	0
885	190	0
886	219	0
887	191	0
888	190	0
889	193	0
890	195	0
891	205	0
892	199	0
893	211	0
894	215	0
895	175	0
896	186	0
897	228	0
898	204	0
899	187	0
900	179	0
901	207	0
902	203	0
903	201	0
904	195	0
905	222	0
906	198	0
907	194	0
908	175	0
909	206	0
910	184	0
911	192	0
912	212	0
913	258	0
914	207	0
915	187	0
916	192	0
917	189	0
918	195	0
919	194	0
920	193	0
921	214	0
922	204	0
923	194	0
924	204	0
925	175	0
926	184	0
927	194	0
928	202	0
929	203	0
930	205	0
931	202	0
932	196	0
933	195	0
934	172	0
935	190	0
936	193	0
937	210	0
938	197	0
939	203	0
940	183	0
941	234	0
942	196	0
943	181	0
944	191	0
945	184	0
946	206	0
947	205	0
948	186	0
949	204	0
950	212	0
951	193	0
952	222	0
953	175	0
954	190	0
955	186	0
956	205	0
957	201	0
958	210	0
959	217	0
960	190	0
961	204	0
962	197	0
963	183	0
964	188	0
965	218	0
966	233	0
967	206	0
968	200	0
969	205	0
970	204	0
971	212	0
972	203	0
973	193	0
974	198	0
975	197	0
976	174	0
977	170	0
978	190	0
979	232	0
980	191	0
981	217	0
982	202	0
983	205	0
984	215	0
985	223	0
986	211	0
987	182	0
988	190	0
989	192	0
990	203	0
991	199	0
992	181	0
993	223	0
994	193	0
995	188	0
996	179	0
997	196	0
998	183	0
999	197	0
1000	206	0
1001	207	0
1002	214	0
1003	174	0
1004	188	0
1005	205	0
1006	178	0
1007	199	0
1008	211	0
1009	168	0
1010	210	0
1011	216	0
1012	210	0
1013	209	0
1014	193	0
1015	196	0
1016	187	0
1017	199	0
1018	200	0
1019	221	0
1020	211	0
1021	186	0
1022	186	0
1023	222	0
1024	174	0
1025	191	0
1026	209	0
1027	200	0
1028	197	0
1029	216	0
1030	193	0
1031	194	0
1032	197	0
1033	199	0
1034	195	0
1035	165	0
1036	177	0
1037	198	0
1038	208	0
1039	198	0
1040	186	0
1041	189	0
1042	197	0
1043	183	0
1044	209	0
1045	196	0
1046	202	0
1047	190	0
1048	210	0
1049	186	0
1050	195	0
1051	216	0
1052	180	0
1053	187	0
1054	219	0
1055	199	0
1056	199	0
1057	181	0
1058	192	0
1059	202	0
1060	191	0
1061	212	0
1062	186	0
1063	184	0
1064	213	0
1065	205	0
1066	206	0
1067	208	0
1068	197	0
1069	205	0
1070	184	0
1071	203	0
1072	216	0
1073	156	0
1074	209	0
1075	196	0
1076	200	0
1077	215	0
1078	211	0
1079	214	0
1080	199	0
1081	187	0
1082	212	0
1083	184	0
1084	183	0
1085	203	0
1086	170	0
1087	198	0
1088	191	0
1089	202	0
1090	205	0
1091	214	0
1092	199	0
1093	217	0
1094	210	0
1095	207	0
1096	197	0
1097	212	0
1098	174	0
1099	181	0
1100	166	0
1101	203	0
1102	220	0
1103	183	0
1104	191	0
1105	189	0
1106	218	0
1107	208	0
1108	184	0
1109	229	0
1110	199	0
1111	197	0
1112	206	0
1113	221	0
1114	187	0
1115	210	0
1116	198	0
1117	201	0
1118	200	0
1119	207	0
1120	197	0
1121	190	0
1122	174	0
1123	199	0
1124	162	0
1125	183	0
1126	201	0
1127	184	0
1128	193	0
1129	201	0
1130	179	0
1131	219	0
1132	178	0
1133	219	0
1134	210	0
1135	208	0
1136	200	0
1137	228	0
1138	182	0
1139	193	0
1140	192	0
1141	202	0
1142	229	0
1143	206	0
1144	185	0
1145	184	0
1146	188	0
1147	218	0
1148	206	0
1149	170	0
1150	202	0
1151	224	0
1152	197	0
1153	191	0
1154	201	0
1155	183	0
1156	202	0
1157	207	0
1158	212	0
1159	191	0
1160	205	0
1161	180	0
1162	208	0
1163	210	0
1164	205	0
1165	192	0
1166	193	0
1167	203	0
1168	174	0
1169	213	0
1170	197	0
1171	197	0
1172	231	0
1173	192	0
1174	215	0
1175	195	0
1176	204	0
1177	215	0
1178	185	0
1179	190	0
1180	208	0
1181	206	0
1182	195	0
1183	218	0
1184	184	0
1185	187	0
1186	206	0
1187	205	0
1188	236	0
1189	207	0
1190	202	0
1191	204	0
1192	211	0
1193	204	0
1194	193	0
1195	204	0
1196	215	0
1197	215	0
1198	190	0
1199	204	0
1200	200	0
1201	184	0
1202	206	0
1203	206	0
1204	200	0
1205	223	0
1206	190	0
1207	202	0
1208	208	0
1209	208	0
1210	187	0
1211	207	0
1212	181	0
1213	208	0
1214	219	0
1215	179	0
1216	192	0
1217	230	0
1218	205	0
1219	202	0
1220	203	0
1221	188	0
1222	193	0
1223	201	0
1224	186	0
1225	200	0
1226	221	0
1227	219	0
1228	207	0
1229	199	0
1230	204	0
1231	201	0
1232	195	0
1233	210	0
1234	207	0
1235	187	0
1236	200	0
1237	202	0
1238	189	0
1239	182	0
1240	201	0
1241	239	0
1242	202	0
1243	195	0
1244	198	0
1245	207	0
1246	197	0
1247	205	0
1248	200	0
1249	218	0
1250	187	0
1251	210	0
1252	203	0
1253	204	0
1254	215	0
1255	211	0
1256	217	0
1257	200	0
1258	203	0
1259	214	0
1260	214	0
1261	218	0
1262	223	0
1263	187	0
1264	208	0
1265	198	0
1266	193	0
1267	187	0
1268	222	0
1269	201	0
1270	194	0
1271	201	0
1272	230	0
1273	198	0
1274	177	0
1275	206	0
1276	203	0
1277	201	0
1278	182	0
1279	193	0
1280	186	0
1281	207	0
1282	198	0
1283	222	0
1284	194	0
1285	198	0
1286	201	0
1287	175	0
1288	186	0
1289	215	0
1290	214	0
1291	193	0
1292	177	0
1293	177	0
1294	215	0
1295	205	0
1296	198	0
1297	215	0
1298	179	0
1299	193	0
1300	195	0
1301	182	0
1302	212	0
1303	179	0
1304	189	0
1305	180	0
1306	196	0
1307	206	0
1308	209	0
1309	207	0
1310	179	0
1311	194	0
1312	172	0
1313	198	0
1314	207	0
1315	210	0
1316	184	0
1317	217	0
1318	202	0
1319	205	0
1320	207	0
1321	206	0
1322	222	0
1323	183	0
1324	186	0
1325	186	0
1326	207	0
1327	187	0
1328	207	0
1329	200	0
1330	216	0
1331	178	0
1332	191	0
1333	218	0
1334	202	0
1335	193	0
1336	191	0
1337	206	0
1338	195	0
1339	220	0
1340	198	0
1341	204	0
1342	198	0
1343	208	0
1344	182	0
1345	176	0
1346	205	0
1347	185	0
1348	177	0
1349	212	0
1350	211	0
1351	187	0
1352	196	0
1353	192	0
1354	217	0
1355	201	0
1356	205	0
1357	208	0
1358	226	0
1359	188	0
1360	207	0
1361	217	0
1362	191	0
1363	227	0
1364	212	0
1365	201	0
1366	180	0
1367	200	0
1368	210	0
1369	211	0
1370	224	0
1371	189	0
1372	209	0
1373	171	0
1374	175	0
1375	209	0
1376	201	0
1377	176	0
1378	210	0
1379	202	0
1380	211	0
1381	219	0
1382	200	0
1383	191	0
1384	208	0
1385	188	0
1386	186	0
1387	176	0
1388	181	0
1389	196	0
1390	229	0
1391	217	0
1392	193	0
1393	188	0
1394	189	0
1395	220	0
1396	203	0
1397	201	0
1398	191	0
1399	200	0
1400	220	0
1401	207	0
1402	180	0
1403	217	0
1404	204	0
1405	175	0
1406	165	0
1407	193	0
1408	205	0
1409	208	0
1410	222	0
1411	200	0
1412	203	0
1413	204	0
1414	193	0
1415	198	0
1416	192	0
1417	204	0
1418	213	0
1419	193	0
1420	200	0
1421	194	0
1422	186	0
1423	201	0
1424	205	0
1425	199	0
1426	190	0
1427	189	0
1428	216	0
1429	202	0
1430	205	0
1431	205	0
1432	229	0
1433	178	0
1434	228	0
1435	197	0
1436	196	0
1437	200	0
1438	196	0
1439	189	0
1440	220	0
1441	189	0
1442	209	0
1443	187	0
1444	187	0
1445	181	0
1446	178	0
1447	214	0
1448	191	0
1449	179	0
1450	205	0
1451	217	0
1452	213	0
1453	193	0
1454	203	0
1455	187	0
1456	209	0
1457	210	0
1458	219	0
1459	205	0
1460	188	0
1461	195	0
1462	216	0
1463	194	0
1464	185	0
1465	213	0
1466	202	0
1467	188	0
1468	168	0
1469	206	0
1470	188	0
1471	187	0
1472	191	0
1473	203	0
1474	191	0
1475	176	0
1476	202	0
1477	198	0
1478	219	0
1479	196	0
1480	188	0
1481	189	0
1482	200	0
1483	203	0
1484	204	0
1485	186	0
1486	191	0
1487	212	0
1488	218	0
1489	188	0
1490	185	0
1491	161	0
1492	191	0
1493	198	0
1494	207	0
1495	165	0
1496	191	0
1497	166	0
1498	181	0
1499	216	0
1500	234	0
1501	180	0
1502	223	0
1503	205	0
1504	215	0
1505	216	0
1506	160	0
1507	175	0
1508	175	0
1509	203	0
1510	193	0
1511	187	0
1512	211	0
1513	199	0
1514	175	0
1515	218	0
1516	190	0
1517	236	0
1518	223	0
1519	192	0
1520	188	0
1521	215	0
1522	184	0
1523	198	0
1524	194	0
1525	194	0
1526	207	0
1527	192	0
1528	193	0
1529	177	0
1530	186	0
1531	182	0
1532	185	0
1533	213	0
1534	188	0
1535	206	0
1536	192	0
1537	209	0
1538	177	0
1539	211	0
1540	210	0
1541	211	0
1542	178	0
1543	187	0
1544	194	0
1545	194	0
1546	226	0
1547	212	0
1548	187	0
1549	208	0
1550	178	0
1551	195	0
1552	190	0
1553	196	0
1554	193	0
1555	183	0
1556	198	0
1557	198	0
1558	166	0
1559	172	0
1560	195	0
1561	195	0
1562	208	0
1563	196	0
1564	202	0
1565	192	0
1566	190	0
1567	209	0
1568	197	0
1569	228	0
1570	196	0
1571	209	0
1572	204	0
1573	192	0
1574	197	0
1575	198	0
1576	188	0
1577	210	0
1578	190	0
1579	186	0
1580	211	0
1581	206	0
1582	199	0
1583	190	0
1584	200	0
1585	194	0
1586	187	0
1587	211	0
1588	190	0
1589	190	0
1590	218	0
1591	208	0
1592	203	0
1593	194	0
1594	200	0
1595	185	0
1596	185	0
1597	191	0
1598	203	0
1599	204	0
1600	200	0
1601	174	0
1602	217	0
1603	180	0
1604	175	0
1605	177	0
1606	229	0
1607	168	0
1608	196	0
1609	188	0
1610	196	0
1611	210	0
1612	197	0
1613	201	0
1614	180	0
1615	199	0
1616	195	0
1617	185	0
1618	210	0
1619	220	0
1620	195	0
1621	193	0
1622	161	0
1623	202	0
1624	206	0
1625	185	0
1626	194	0
1627	203	0
1628	212	0
1629	207	0
1630	196	0
1631	216	0
1632	211	0
1633	191	0
1634	208	0
1635	221	0
1636	198	0
1637	183	0
1638	215	0
1639	213	0
1640	189	0
1641	198	0
1642	196	0
1643	182	0
1644	202	0
1645	192	0
1646	188	0
1647	199	0
1648	188	0
1649	186	0
1650	177	0
1651	234	0
1652	186	0
1653	211	0
1654	183	0
1655	239	0
1656	204	0
1657	209	0
1658	190	0
1659	208	0
1660	183	0
1661	207	0
1662	211	0
1663	181	0
1664	201	0
1665	215	0
1666	186	0
1667	182	0
1668	203	0
1669	211	0
1670	212	0
1671	212	0
1672	223	0
1673	175	0
1674	205	0
1675	209	0
1676	192	0
1677	194	0
1678	197	0
1679	196	0
1680	191	0
1681	207	0
1682	198	0
1683	223	0
1684	195	0
1685	188	0
1686	212	0
1687	199	0
1688	186	0
1689	192	0
1690	216	0
1691	218	0
1692	211	0
1693	220	0
1694	214	0
1695	192	0
1696	200	0
1697	207	0
1698	173	0
1699	204	0
1700	192	0
1701	209	0
1702	222	0
1703	190	0
1704	218	0
1705	220	0
1706	191	0
1707	199	0
1708	210	0
1709	197	0
1710	190	0
1711	191	0
1712	220	0
1713	210	0
1714	212	0
1715	177	0
1716	206	0
1717	176	0
1718	217	0
1719	217	0
1720	205	0
1721	213	0
1722	197	0
1723	182	0
1724	194	0
1725	185	0
1726	180	0
1727	204	0
1728	174	0
1729	192	0
1730	225	0
1731	191	0
1732	186	0
1733	197	0
1734	167	0
1735	180	0
1736	193	0
1737	222	0
1738	213	0
1739	209	0
1740	201	0
1741	217	0
1742	204	0
1743	197	0
1744	203	0
1745	192	0
1746	212	0
1747	224	0
1748	220	0
1749	197	0
1750	184	0
1751	224	0
1752	189	0
1753	200	0
1754	182	0
1755	206	0
1756	202	0
1757	197	0
1758	193	0
1759	183	0
1760	214	0
1761	205	0
1762	206	0
1763	217	0
1764	184	0
1765	188	0
1766	173	0
1767	210	0
1768	183	0
1769	205	0
1770	205	0
1771	163	0
1772	201	0
1773	216	0
1774	201	0
1775	209	0
1776	214	0
1777	212	0
1778	200	0
1779	200	0
1780	211	0
1781	200	0
1782	210	0
1783	206	0
1784	214	0
1785	188	0
1786	199	0
1787	204	0
1788	211	0
1789	210	0
1790	201	0
1791	215	0
1792	203	0
1793	175	0
1794	210	0
1795	212	0
1796	200	0
1797	201	0
1798	198	0
1799	194	0
1800	219	0
1801	191	0
1802	200	0
1803	204	0
1804	234	0
1805	200	0
1806	191	0
1807	175	0
1808	206	0
1809	203	0
1810	189	0
1811	187	0
1812	192	0
1813	176	0
1814	208	0
1815	177	0
1816	205	0
1817	202	0
1818	201	0
1819	201	0
1820	193	0
1821	180	0
1822	213	0
1823	169	0
1824	173	0
1825	215	0
1826	198	0
1827	185	0
1828	212	0
1829	190	0
1830	181	0
1831	187	0
1832	190	0
1833	179	0
1834	220	0
1835	190	0
1836	198	0
1837	189	0
1838	196	0
1839	200	0
1840	197	0
1841	202	0
1842	190	0
1843	213	0
1844	204	0
1845	193	0
1846	189	0
1847	204	0
1848	160	0
1849	184	0
1850	201	0
1851	196	0
1852	176	0
1853	158	0
1854	209	0
1855	207	0
1856	186	0
1857	198	0
1858	187	0
1859	207	0
1860	202	0
1861	200	0
1862	224	0
1863	201	0
1864	184	0
1865	208	0
1866	208	0
1867	192	0
1868	206	0
1869	214	0
1870	223	0
1871	205	0
1872	178	0
1873	212	0
1874	206	0
1875	175	0
1876	164	0
1877	186	0
1878	193	0
1879	225	0
1880	186	0
1881	184	0
1882	201	0
1883	206	0
1884	195	0
1885	211	0
1886	212	0
1887	202	0
1888	193	0
1889	201	0
1890	181	0
1891	177	0
1892	187	0
1893	177	0
1894	202	0
1895	211	0
1896	207	0
1897	179	0
1898	211	0
1899	202	0
1900	207	0
1901	207	0
1902	186	0
1903	186	0
1904	209	0
1905	203	0
1906	219	0
1907	183	0
1908	189	0
1909	213	0
1910	172	0
1911	200	0
1912	188	0
1913	193	0
1914	209	0
1915	203	0
1916	206	0
1917	185	0
1918	177	0
1919	209	0
1920	209	0
1921	193	0
1922	183	0
1923	217	0
1924	175	0
1925	209	0
1926	184	0
1927	190	0
1928	159	0
1929	181	0
1930	203	0
1931	190	0
1932	199	0
1933	199	0
1934	197	0
1935	232	0
1936	192	0
1937	198	0
1938	221	0
1939	191	0
1940	202	0
1941	199	0
1942	210	0
1943	199	0
1944	204	0
1945	211	0
1946	222	0
1947	220	0
1948	208	0
1949	198	0
1950	199	0
1951	208	0
1952	191	0
1953	205	0
1954	178	0
1955	201	0
1956	219	0
1957	182	0
1958	210	0
1959	199	0
1960	204	0
1961	199	0
1962	197	0
1963	205	0
1964	178	0
1965	198	0
1966	205	0
1967	159	0
1968	218	0
1969	216	0
1970	194	0
1971	195	0
1972	207	0
1973	191	0
1974	204	0
1975	212	0
1976	203	0
1977	189	0
1978	199	0
1979	178	0
1980	205	0
1981	202	0
1982	196	0
1983	209	0
1984	200	0
1985	225	0
1986	187	0
1987	195	0
1988	191	0
1989	191	0
1990	218	0
1991	203	0
1992	222	0
1993	215	0
1994	194	0
1995	211	0
1996	171	0
1997	202	0
1998	190	0
1999	192	0
2000	203	0
2001	208	0
2002	195	0
2003	199	0
2004	179	0
2005	209	0
2006	192	0
2007	193	0
2008	206	0
2009	189	0
2010	205	0
2011	194	0
2012	192	0
2013	184	0
2014	180	0
2015	216	0
2016	215	0
2017	183	0
2018	207	0
2019	172	0
2020	219	0
2021	202	0
2022	164	0
2023	232	0
2024	185	0
2025	209	0
2026	208	0
2027	201	0
2028	194	0
2029	173	0
2030	193	0
2031	200	0
2032	218	0
2033	191	0
2034	197	0
2035	160	0
2036	204	0
2037	201	0
2038	188	0
2039	189	0
2040	187	0
2041	204	0
2042	202	0
2043	209	0
2044	200	0
2045	211	0
2046	177	0
2047	172	0
2048	176	0
2049	180	0
2050	191	0
2051	206	0
2052	176	0
2053	182	0
2054	219	0
2055	169	0
2056	229	0
2057	237	0
2058	207	0
2059	185	0
2060	202	0
2061	217	0
2062	192	0
2063	180	0
2064	213	0
2065	225	0
2066	174	0
2067	226	0
2068	197	0
2069	205	0
2070	172	0
2071	183	0
2072	215	0
2073	198	0
2074	184	0
2075	203	0
2076	212	0
2077	233	0
2078	186	0
2079	211	0
2080	197	0
2081	210	0
2082	238	0
2083	214	0
2084	211	0
2085	188	0
2086	194	0
2087	212	0
2088	212	0
2089	216	0
2090	184	0
2091	247	0
2092	204	0
2093	196	0
2094	206	0
2095	203	0
2096	205	0
2097	194	0
2098	216	0
2099	222	0
2100	191	0
2101	189	0
2102	214	0
2103	191	0
2104	177	0
2105	208	0
2106	188	0
2107	183	0
2108	215	0
2109	199	0
2110	213	0
2111	202	0
2112	192	0
2113	205	0
2114	198	0
2115	183	0
2116	225	0
2117	207	0
2118	207	0
2119	199	0
2120	205	0
2121	181	0
2122	213	0
2123	194	0
2124	192	0
2125	192	0
2126	184	0
2127	180	0
2128	183	0
2129	193	0
2130	200	0
2131	199	0
2132	197	0
2133	236	0
2134	192	0
2135	195	0
2136	214	0
2137	222	0
2138	203	0
2139	208	0
2140	205	0
2141	196	0
2142	203	0
2143	203	0
2144	202	0
2145	192	0
2146	217	0
2147	191	0
2148	177	0
2149	187	0
2150	179	0
2151	207	0
2152	174	0
2153	202	0
2154	191	0
2155	191	0
2156	192	0
2157	197	0
2158	211	0
2159	199	0
2160	208	0
2161	184	0
2162	218	0
2163	186	0
2164	201	0
2165	198	0
2166	173	0
2167	215	0
2168	229	0
2169	205	0
2170	198	0
2171	193	0
2172	202	0
2173	226	0
2174	211	0
2175	213	0
2176	222	0
2177	193	0
2178	193	0
2179	210	0
2180	181	0
2181	196	0
2182	198	0
2183	194	0
2184	201	0
2185	205	0
2186	212	0
2187	207	0
2188	204	0
2189	182	0
2190	214	0
2191	185	0
2192	204	0
2193	177	0
2194	205	0
2195	201	0
2196	207	0
2197	212	0
2198	204	0
2199	191	0
2200	198	0
2201	186	0
2202	194	0
2203	192	0
2204	205	0
2205	186	0
2206	203	0
2207	173	0
2208	187	0
2209	222	0
2210	200	0
2211	218	0
2212	163	0
2213	204	0
2214	197	0
2215	218	0
2216	203	0
2217	184	0
2218	178	0
2219	197	0
2220	207	0
2221	178	0
2222	169	0
2223	202	0
2224	200	0
2225	186	0
2226	199	0
2227	205	0
2228	197	0
2229	207	0
2230	204	0
2231	178	0
2232	200	0
2233	176	0
2234	204	0
2235	181	0
2236	190	0
2237	193	0
2238	194	0
2239	196	0
2240	203	0
2241	180	0
2242	167	0
2243	194	0
2244	174	0
2245	212	0
2246	223	0
2247	187	0
2248	215	0
2249	209	0
2250	208	0
2251	181	0
2252	185	0
2253	194	0
2254	224	0
2255	185	0
2256	202	0
2257	181	0
2258	171	0
2259	183	0
2260	199	0
2261	200	0
2262	191	0
2263	195	0
2264	211	0
2265	204	0
2266	210	0
2267	209	0
2268	199	0
2269	220	0
2270	199	0
2271	215	0
2272	186	0
2273	190	0
2274	210	0
2275	217	0
2276	217	0
2277	176	0
2278	208	0
2279	222	0
2280	174	0
2281	222	0
2282	188	0
2283	201	0
2284	189	0
2285	195	0
2286	202	0
2287	177	0
2288	202	0
2289	192	0
2290	200	0
2291	193	0
2292	198	0
2293	203	0
2294	194	0
2295	189	0
2296	191	0
2297	184	0
2298	175	0
2299	195	0
2300	193	0
2301	224	0
2302	199	0
2303	186	0
2304	201	0
2305	189	0
2306	191	0
2307	202	0
2308	193	0
2309	215	0
2310	201	0
2311	199	0
2312	185	0
2313	196	0
2314	205	0
2315	205	0
2316	225	0
2317	202	0
2318	223	0
2319	221	0
2320	202	0
2321	223	0
2322	202	0
2323	187	0
2324	218	0
2325	198	0
2326	185	0
2327	198	0
2328	185	0
2329	197	0
2330	172	0
2331	184	0
2332	187	0
2333	212	0
2334	195	0
2335	221	0
2336	205	0
2337	175	0
2338	199	0
2339	206	0
2340	192	0
2341	184	0
2342	192	0
2343	204	0
2344	211	0
2345	195	0
2346	203	0
2347	205	0
2348	187	0
2349	165	0
2350	189	0
2351	218	0
2352	172	0
2353	204	0
2354	183	0
2355	174	0
2356	201	0
2357	217	0
2358	200	0
2359	182	0
2360	180	0
2361	222	0
2362	204	0
2363	219	0
2364	209	0
2365	202	0
2366	226	0
2367	208	0
2368	205	0
2369	218	0
2370	199	0
2371	206	0
2372	190	0
2373	225	0
2374	205	0
2375	171	0
2376	209	0
2377	215	0
2378	207	0
2379	203	0
2380	178	0
2381	182	0
2382	197	0
2383	185	0
2384	223	0
2385	184	0
2386	186	0
2387	172	0
2388	171	0
2389	215	0
2390	197	0
2391	195	0
2392	164	0
2393	206	0
2394	207	0
2395	154	0
2396	160	0
2397	192	0
2398	227	0
2399	174	0
2400	198	0
2401	166	0
2402	205	0
2403	239	0
2404	212	0
2405	186	0
2406	178	0
2407	196	0
2408	215	0
2409	216	0
2410	199	0
2411	208	0
2412	206	0
2413	184	0
2414	215	0
2415	210	0
2416	195	0
2417	194	0
2418	187	0
2419	194	0
2420	173	0
2421	205	0
2422	222	0
2423	188	0
2424	173	0
2425	192	0
2426	197	0
2427	177	0
2428	204	0
2429	230	0
2430	205	0
2431	198	0
2432	188	0
2433	212	0
2434	214	0
2435	202	0
2436	202	0
2437	194	0
2438	193	0
2439	193	0
2440	217	0
2441	202	0
2442	205	0
2443	200	0
2444	206	0
2445	200	0
2446	199	0
2447	200	0
2448	203	0
2449	192	0
2450	195	0
2451	196	0
2452	203	0
2453	222	0
2454	197	0
2455	209	0
2456	217	0
2457	196	0
2458	196	0
2459	179	0
2460	208	0
2461	186	0
2462	174	0
2463	202	0
2464	195	0
2465	220	0
2466	202	0
2467	192	0
2468	192	0
2469	191	0
2470	208	0
2471	197	0
2472	184	0
2473	207	0
2474	196	0
2475	204	0
2476	180	0
2477	206	0
2478	205	0
2479	198	0
2480	215	0
2481	210	0
2482	199	0
2483	204	0
2484	189	0
2485	216	0
2486	187	0
2487	178	0
2488	189	0
2489	210	0
2490	202	0
2491	204	0
2492	208	0
2493	198	0
2494	184	0
2495	200	0
2496	197	0
2497	197	0
2498	193	0
2499	202	0
2500	212	0
2501	209	0
2502	167	0
2503	175	0
2504	204	0
2505	186	0
2506	215	0
2507	203	0
2508	204	0
2509	201	0
2510	219	0
2511	199	0
2512	198	0
2513	207	0
2514	173	0
2515	197	0
2516	213	0
2517	214	0
2518	176	0
2519	225	0
2520	198	0
2521	214	0
2522	199	0
2523	234	0
2524	189	0
2525	217	0
2526	211	0
2527	229	0
2528	201	0
2529	181	0
2530	209	0
2531	224	0
2532	190	0
2533	169	0
2534	195	0
2535	199	0
2536	175	0
2537	190	0
2538	199	0
2539	177	0
2540	197	0
2541	195	0
2542	199	0
2543	181	0
2544	188	0
2545	201	0
2546	215	0
2547	198	0
2548	185	0
2549	191	0
2550	167	0
2551	176	0
2552	179	0
2553	185	0
2554	192	0
2555	216	0
2556	188	0
2557	190	0
2558	197	0
2559	205	0
2560	191	0
2561	161	0
2562	206	0
2563	227	0
2564	216	0
2565	197	0
2566	203	0
2567	207	0
2568	191	0
2569	195	0
2570	215	0
2571	182	0
2572	196	0
2573	206	0
2574	203	0
2575	206	0
2576	163	0
2577	187	0
2578	203	0
2579	192	0
2580	203	0
2581	209	0
2582	180	0
2583	197	0
2584	177	0
2585	213	0
2586	206	0
2587	195	0
2588	202	0
2589	183	0
2590	194	0
2591	207	0
2592	198	0
2593	210	0
2594	195	0
2595	205	0
2596	220	0
2597	184	0
2598	202	0
2599	218	0
2600	198	0
2601	218	0
2602	210	0
2603	189	0
2604	142	0
2605	199	0
2606	178	0
2607	204	0
2608	192	0
2609	195	0
2610	197	0
2611	191	0
2612	207	0
2613	206	0
2614	177	0
2615	207	0
2616	169	0
2617	186	0
2618	191	0
2619	212	0
2620	217	0
2621	186	0
2622	183	0
2623	220	0
2624	220	0
2625	201	0
2626	209	0
2627	209	0
2628	205	0
2629	222	0
2630	226	0
2631	175	0
2632	220	0
2633	177	0
2634	193	0
2635	220	0
2636	227	0
2637	198	0
2638	203	0
2639	205	0
2640	221	0
2641	205	0
2642	179	0
2643	206	0
2644	211	0
2645	229	0
2646	191	0
2647	209	0
2648	196	0
2649	202	0
2650	198	0
2651	227	0
2652	207	0
2653	200	0
2654	214	0
2655	214	0
2656	213	0
2657	178	0
2658	199	0
2659	196	0
2660	218	0
2661	191	0
2662	208	0
2663	201	0
2664	206	0
2665	223	0
2666	201	0
2667	207	0
2668	198	0
2669	204	0
2670	184	0
2671	207	0
2672	206	0
2673	217	0
2674	188	0
2675	183	0
2676	217	0
2677	190	0
2678	204	0
2679	187	0
2680	187	0
2681	195	0
2682	216	0
2683	190	0
2684	221	0
2685	224	0
2686	241	0
2687	180	0
2688	199	0
2689	205	0
2690	181	0
2691	193	0
2692	183	0
2693	196	0
2694	220	0
2695	231	0
2696	219	0
2697	189	0
2698	208	0
2699	197	0
2700	209	0
2701	189	0
2702	203	0
2703	172	0
2704	237	0
2705	184	0
2706	211	0
2707	195	0
2708	219	0
2709	226	0
2710	224	0
2711	201	0
2712	203	0
2713	220	0
2714	205	0
2715	203	0
2716	210	0
2717	184	0
2718	209	0
2719	218	0
2720	193	0
2721	198	0
2722	205	0
2723	190	0
2724	190	0
2725	215	0
2726	167	0
2727	218	0
2728	213	0
2729	201	0
2730	184	0
2731	197	0
2732	196	0
2733	179	0
2734	189	0
2735	194	0
2736	186	0
2737	210	0
2738	209	0
2739	192	0
2740	197	0
2741	193	0
2742	208	0
2743	201	0
2744	217	0
2745	175	0
2746	192	0
2747	193	0
2748	217	0
2749	223	0
2750	183	0
2751	193	0
2752	208	0
2753	189	0
2754	187	0
2755	194	0
2756	194	0
2757	204	0
2758	208	0
2759	205	0
2760	193	0
2761	202	0
2762	198	0
2763	188	0
2764	181	0
2765	174	0
2766	171	0
2767	189	0
2768	226	0
2769	187	0
2770	202	0
2771	213	0
2772	234	0
2773	225	0
2774	211	0
2775	185	0
2776	185	0
2777	192	0
2778	221	0
2779	220	0
2780	189	0
2781	196	0
2782	198	0
2783	197	0
2784	205	0
2785	196	0
2786	200	0
2787	200	0
2788	185	0
2789	232	0
2790	196	0
2791	240	0
2792	213	0
2793	204	0
2794	191	0
2795	168	0
2796	241	0
2797	204	0
2798	191	0
2799	199	0
2800	203	0
2801	181	0
2802	192	0
2803	186	0
2804	181	0
2805	206	0
2806	181	0
2807	184	0
2808	223	0
2809	208	0
2810	197	0
2811	171	0
2812	186	0
2813	178	0
2814	251	0
2815	215	0
2816	172	0
2817	200	0
2818	205	0
2819	196	0
2820	200	0
2821	204	0
2822	230	0
2823	184	0
2824	192	0
2825	202	0
2826	206	0
2827	168	0
2828	195	0
2829	201	0
2830	192	0
2831	212	0
2832	209	0
2833	188	0
2834	200	0
2835	196	0
2836	194	0
2837	204	0
2838	204	0
2839	227	0
2840	197	0
2841	198	0
2842	169	0
2843	189	0
2844	199	0
2845	181	0
2846	198	0
2847	217	0
2848	198	0
2849	185	0
2850	207	0
2851	193	0
2852	199	0
2853	218	0
2854	165	0
2855	202	0
2856	201	0
2857	177	0
2858	157	0
2859	213	0
2860	194	0
2861	208	0
2862	198	0
2863	179	0
2864	207	0
2865	201	0
2866	196	0
2867	200	0
2868	179	0
2869	200	0
2870	203	0
2871	213	0
2872	210	0
2873	198	0
2874	194	0
2875	193	0
2876	198	0
2877	206	0
2878	219	0
2879	197	0
2880	196	0
2881	181	0
2882	210	0
2883	194	0
2884	230	0
2885	215	0
2886	199	0
2887	188	0
2888	209	0
2889	186	0
2890	207	0
2891	191	0
2892	201	0
2893	214	0
2894	185	0
2895	203	0
2896	193	0
2897	213	0
2898	194	0
2899	183	0
2900	197	0
2901	218	0
2902	185	0
2903	193	0
2904	200	0
2905	203	0
2906	194	0
2907	210	0
2908	165	0
2909	197	0
2910	210	0
2911	203	0
2912	205	0
2913	191	0
2914	187	0
2915	195	0
2916	208	0
2917	224	0
2918	211	0
2919	207	0
2920	202	0
2921	203	0
2922	192	0
2923	208	0
2924	193	0
2925	181	0
2926	206	0
2927	200	0
2928	176	0
2929	182	0
2930	175	0
2931	210	0
2932	190	0
2933	171	0
2934	177	0
2935	197	0
2936	229	0
2937	223	0
2938	181	0
2939	197	0
2940	200	0
2941	190	0
2942	200	0
2943	199	0
2944	212	0
2945	200	0
2946	185	0
2947	221	0
2948	213	0
2949	203	0
2950	185	0
2951	198	0
2952	184	0
2953	209	0
2954	184	0
2955	183	0
2956	216	0
2957	204	0
2958	172	0
2959	212	0
2960	182	0
2961	188	0
2962	179	0
2963	194	0
2964	203	0
2965	186	0
2966	197	0
2967	182	0
2968	181	0
2969	169	0
2970	200	0
2971	215	0
2972	197	0
2973	182	0
2974	211	0
2975	197	0
2976	205	0
2977	183	0
2978	209	0
2979	203	0
2980	193	0
2981	191	0
2982	173	0
2983	201	0
2984	206	0
2985	203	0
2986	228	0
2987	197	0
2988	199	0
2989	204	0
2990	184	0
2991	202	0
2992	199	0
2993	175	0
2994	209	0
2995	203	0
2996	194	0
2997	204	0
2998	187	0
2999	212	0
3000	190	0
