1	192	0
2	196	0
3	186	0
4	187	0
5	205	0
6	200	0
7	191	0
8	178	0
9	204	0
10	217	0
11	176	0
12	216	0
13	195	0
14	196	0
15	191	0
16	190	0
17	189	0
18	183	0
19	208	0
20	197	0
21	215	0
22	183	0
23	227	0
24	219	0
25	194	0
26	207	0
27	221	0
28	214	0
29	181	0
30	156	0
31	173	0
32	176	0
33	197	0
34	186	0
35	204	0
36	203	0
37	199	0
38	210	0
39	196	0
40	206	0
41	185	0
42	198	0
43	205	0
44	204	0
45	199	0
46	196	0
47	196	0
48	195	0
49	187	0
50	179	0
51	227	0
52	209	0
53	215	0
54	162	0
55	205	0
56	193	0
57	168	0
58	213	0
59	181	0
60	196	0
61	236	0
62	203	0
63	189	0
64	180	0
65	200	0
66	165	0
67	221	0
68	188	0
69	196	0
70	191	0
71	203	0
72	210	0
73	189	0
74	197	0
75	187	0
76	188	0
77	200	0
78	206	0
79	189	0
80	242	0
81	200	0
82	211	0
83	196	0
84	182	0
85	222	0
86	182	0
87	228	0
88	197	0
89	189	0
90	202	0
91	191	0
92	197	0
93	208	0
94	179	0
95	209	0
96	200	0
97	222	0
98	205	0
99	212	0
100	225	0
101	157	0
102	185	0
103	171	0
104	186	0
105	188	0
106	180	0
107	203	0
108	187	0
109	176	0
110	210	0
111	203	0
112	200	0
113	189	0
114	187	0
115	210	0
116	186	0
117	158	0
118	183	0
119	216	0
120	185	0
121	220	0
122	196	0
123	194	0
124	198	0
125	208	0
126	226	0
127	199	0
128	184	0
129	217	0
130	191	0
131	193	0
132	202	0
133	199	0
134	200	0
135	180	0
136	174	0
137	182	0
138	187	0
139	193	0
140	196	0
141	198	0
142	214	0
143	175	0
144	203	0
145	198	0
146	193	0
147	224	0
148	196	0
149	200	0
150	175	0
151	187	0
152	199	0
153	168	0
154	191	0
155	205	0
156	206	0
157	193	0
158	197	0
159	210	0
160	193	0
161	192	0
162	186	0
163	184	0
164	184	0
165	195	0
166	188	0
167	196	0
168	210	0
169	211	0
170	198	0
171	197	0
172	199	0
173	170	0
174	216	0
175	177	0
176	225	0
177	218	0
178	213	0
179	192	0
180	197	0
181	200	0
182	187	0
183	174	0
184	177	0
185	209	0
186	220	0
187	176	0
188	223	0
189	198	0
190	180	0
191	241	0
192	190	0
193	231	0
194	201	0
195	186	0
196	189	0
197	191	0
198	204	0
199	207	0
200	171	0
201	203	0
202	190	0
203	197	0
204	197	0
205	201	0
206	182	0
207	188	0
208	193	0
209	185	0
210	212	0
211	176	0
212	216	0
213	188	0
214	191	0
215	193	0
216	216	0
217	199	0
218	214	0
219	181	0
220	228	0
221	190	0
222	202	0
223	175	0
224	202	0
225	203	0
226	201	0
227	198	0
228	182	0
229	214	0
230	195	0
231	207	0
232	200	0
233	215	0
234	215	0
235	204	0
236	210	0
237	175	0
238	189	0
239	199	0
240	196	0
241	205	0
242	223	0
243	189	0
244	200	0
245	178	0
246	211	0
247	208	0
248	192	0
249	184	0
250	203	0
251	193	0
252	216	0
253	192	0
254	200	0
255	200	0
256	204	0
257	226	0
258	202	0
259	203	0
260	202	0
261	220	0
262	201	0
263	188	0
264	206	0
265	206	0
266	181	0
267	190	0
268	174	0
269	202	0
270	187	0
271	197	0
272	211	0
273	210	0
274	190	0
275	196	0
276	213	0
277	195	0
278	222	0
279	226	0
280	186	0
281	198	0
282	191	0
283	199	0
284	215	0
285	196	0
286	187	0
287	204	0
288	184	0
289	174	0
290	210	0
291	187	0
292	202	0
293	186	0
294	210	0
295	208	0
296	196	0
297	193	0
298	211	0
299	173	0
300	196	0
301	215	0
302	195	0
303	213	0
304	183	0
305	200	0
306	225	0
307	207	0
308	195	0
309	193	0
310	218	0
311	221	0
312	207	0
313	188	0
314	214	0
315	185	0
316	174	0
317	191	0
318	211	0
319	184	0
320	226	0
321	185	0
322	209	0
323	226	0
324	217	0
325	190	0
326	200	0
327	210	0
328	200	0
329	200	0
330	185	0
331	210	0
332	182	0
333	201	0
334	202	0
335	198	0
336	184	0
337	188	0
338	190	0
339	217	0
340	199	0
341	189	0
342	213	0
343	198	0
344	197	0
345	199	0
346	225	0
347	213	0
348	202	0
349	197	0
350	200	0
351	219	0
352	190	0
353	207	0
354	203	0
355	185	0
356	199	0
357	208	0
358	206	0
359	209	0
360	197	0
361	205	0
362	196	0
363	201	0
364	214	0
365	196	0
366	200	0
367	209	0
368	197	0
369	183	0
370	196	0
371	186	0
372	188	0
373	191	0
374	188	0
375	191	0
376	203	0
377	191	0
378	186	0
379	193	0
380	187	0
381	209	0
382	194	0
383	207	0
384	194	0
385	185	0
386	238	0
387	183	0
388	181	0
389	199	0
390	187	0
391	203	0
392	205	0
393	195	0
394	208	0
395	207	0
396	206	0
397	189	0
398	199	0
399	212	0
400	189	0
401	196	0
402	211	0
403	194	0
404	202	0
405	186	0
406	191	0
407	192	0
408	197	0
409	190	0
410	197	0
411	188	0
412	174	0
413	203	0
414	205	0
415	181	0
416	206	0
417	205	0
418	198	0
419	201	0
420	224	0
421	193	0
422	209	0
423	194	0
424	191	0
425	175	0
426	189	0
427	196	0
428	198	0
429	215	0
430	202	0
431	230	0
432	192	0
433	206	0
434	199	0
435	201	0
436	210	0
437	238	0
438	200	0
439	200	0
440	195	0
441	205	0
442	180	0
443	188	0
444	189	0
445	194	0
446	234	0
447	200	0
448	165	0
449	194	0
450	181	0
451	201	0
452	173	0
453	184	0
454	173	0
455	181	0
456	216	0
457	178	0
458	195	0
459	188	0
460	176	0
461	213	0
462	210	0
463	203	0
464	197	0
465	214	0
466	199	0
467	197	0
468	191	0
469	200	0
470	182	0
471	233	0
472	199	0
473	177	0
474	200	0
475	214	0
476	183	0
477	188	0
478	226	0
479	187	0
480	192	0
481	196	0
482	200	0
483	218	0
484	183	0
485	170	0
486	188	0
487	187	0
488	185	0
489	197	0
490	198	0
491	196	0
492	192	0
493	205	0
494	232	0
495	206	0
496	191	0
497	206	0
498	174	0
499	171	0
500	205	0
501	208	0
502	175	0
503	205	0
504	198	0
505	215	0
506	189	0
507	199	0
508	171	0
509	189	0
510	215	0
511	199	0
512	192	0
513	213	0
514	179	0
515	186	0
516	210	0
517	200	0
518	195	0
519	192	0
520	195	0
521	197	0
522	179	0
523	192	0
524	190	0
525	201	0
526	197	0
527	216	0
528	191	0
529	182	0
530	206	0
531	192	0
532	184	0
533	173	0
534	191	0
535	174	0
536	240	0
537	202	0
538	208	0
539	184	0
540	202	0
541	208	0
542	220	0
543	181	0
544	213	0
545	192	0
546	222	0
547	194	0
548	187	0
549	180	0
550	207	0
551	199	0
552	214	0
553	208	0
554	184	0
555	174	0
556	204	0
557	177	0
558	203	0
559	200	0
560	212	0
561	223	0
562	208	0
563	188	0
564	236	0
565	173	0
566	207	0
567	203	0
568	187	0
569	181	0
570	224	0
571	179	0
572	198	0
573	232	0
574	184	0
575	207	0
576	180	0
577	194	0
578	202	0
579	182	0
580	195	0
581	197	0
582	217	0
583	190	0
584	185	0
585	204	0
586	193	0
587	207	0
588	174	0
589	214	0
590	180	0
591	192	0
592	202	0
593	197	0
594	195	0
595	212	0
596	213	0
597	204	0
598	203	0
599	172	0
600	190	0
601	209	0
602	203	0
603	198	0
604	191	0
605	195	0
606	199	0
607	195	0
608	192	0
609	208	0
610	196	0
611	178	0
612	208	0
613	196	0
614	188	0
615	184	0
616	218	0
617	215	0
618	214	0
619	181	0
620	179	0
621	194	0
622	215	0
623	205	0
624	177	0
625	205	0
626	206	0
627	200	0
628	224	0
629	202	0
630	159	0
631	196	0
632	195	0
633	176	0
634	232	0
635	192	0
636	199	0
637	168	0
638	217	0
639	187	0
640	189	0
641	218	0
642	202	0
643	213	0
644	188	0
645	192	0
646	202	0
647	210	0
648	202	0
649	188	0
650	177	0
651	204	0
652	196	0
653	169	0
654	192	0
655	222	0
656	201	0
657	194	0
658	220	0
659	187	0
660	189	0
661	209	0
662	194	0
663	198	0
664	208	0
665	179	0
666	206	0
667	170	0
668	201	0
669	200	0
670	176	0
671	215	0
672	194	0
673	203	0
674	197	0
675	218	0
676	218	0
677	192	0
678	181	0
679	207	0
680	196	0
681	197	0
682	202	0
683	190	0
684	213	0
685	175	0
686	215	0
687	175	0
688	194	0
689	218	0
690	178	0
691	205	0
692	189	0
693	198	0
694	203	0
695	187	0
696	207	0
697	182	0
698	189	0
699	176	0
700	226	0
701	204	0
702	217	0
703	191	0
704	198	0
705	174	0
706	205	0
707	188	0
708	211	0
709	213	0
710	186	0
711	216	0
712	171	0
713	180	0
714	205	0
715	178	0
716	209	0
717	198	0
718	220	0
719	169	0
720	202	0
721	189	0
722	181	0
723	171	0
724	174	0
725	209	0
726	192	0
727	175	0
728	217	0
729	206	0
730	186	0
731	201	0
732	194	0
733	186	0
734	189	0
735	219	0
736	221	0
737	210	0
738	187	0
739	204	0
740	189	0
741	211	0
742	190	0
743	212	0
744	195	0
745	181	0
746	190	0
747	201	0
748	197	0
749	178	0
750	212	0
751	194	0
752	195	0
753	199	0
754	209	0
755	208	0
756	199	0
757	198	0
758	214	0
759	204	0
760	238	0
761	188	0
762	206	0
763	194	0
764	226	0
765	200	0
766	193	0
767	208	0
768	187	0
769	202	0
770	188	0
771	198	0
772	189	0
773	188	0
774	197	0
775	203	0
776	183	0
777	199	0
778	208	0
779	195	0
780	186	0
781	178	0
782	208	0
783	200	0
784	191	0
785	187	0
786	180	0
787	190	0
788	210	0
789	221	0
790	189	0
791	175	0
792	175	0
793	209	0
794	220	0
795	199	0
796	207	0
797	190	0
798	183	0
799	216	0
800	203	0
801	196	0
802	179	0
803	193	0
804	212	0
805	201	0
806	200	0
807	197	0
808	206	0
809	183	0
810	215	0
811	203	0
812	217	0
813	212	0
814	226	0
815	212	0
816	179	0
817	207	0
818	189	0
819	197	0
820	207	0
821	227	0
822	204	0
823	180	0
824	212	0
825	195	0
826	169	0
827	188	0
828	199	0
829	214	0
830	196	0
831	228	0
832	197	0
833	197	0
834	204	0
835	203	0
836	217	0
837	187	0
838	162	0
839	193	0
840	180	0
841	207	0
842	185	0
843	179	0
844	197	0
845	187	0
846	166	0
847	204	0
848	199	0
849	180	0
850	179	0
851	188	0
852	181	0
853	212	0
854	201	0
855	204	0
856	192	0
857	224	0
858	187	0
859	214	0
860	210	0
861	186	0
862	212	0
863	202	0
864	206	0
865	179	0
866	198	0
867	202	0
868	206	0
869	223	0
870	213	0
871	190	0
872	186	0
873	206	0
874	191	0
875	184	0
876	195	0
877	203	0
878	182	0
879	205	0
880	181	0
881	214	0
882	200	0
883	189	0
884	171	0
885	184	0
886	213	0
887	208	0
888	184	0
889	189	0
890	213	0
891	186	0
892	196	0
893	186	0
894	210	0
895	199	0
896	191	0
897	211	0
898	212	0
899	219	0
900	190	0
901	177	0
902	188	0
903	204	0
904	179	0
905	188	0
906	196	0
907	215	0
908	195	0
909	195	0
910	196	0
911	204	0
912	216	0
913	192	0
914	213	0
915	175	0
916	183	0
917	177	0
918	210	0
919	219	0
920	186	0
921	205	0
922	209	0
923	194	0
924	171	0
925	193	0
926	199	0
927	176	0
928	202	0
929	185	0
930	201	0
931	197	0
932	205	0
933	225	0
934	185	0
935	204	0
936	233	0
937	205	0
938	216	0
939	191	0
940	211	0
941	227	0
942	206	0
943	205	0
944	187	0
945	190	0
946	178	0
947	208	0
948	206	0
949	173	0
950	187	0
951	232	0
952	220	0
953	210	0
954	176	0
955	198	0
956	181	0
957	174	0
958	202	0
959	200	0
960	206	0
961	187	0
962	198	0
963	192	0
964	169	0
965	191	0
966	219	0
967	195	0
968	199	0
969	214	0
970	215	0
971	199	0
972	176	0
973	204	0
974	177	0
975	217	0
976	170	0
977	203	0
978	188	0
979	192	0
980	197	0
981	200	0
982	193	0
983	213	0
984	232	0
985	185	0
986	185	0
987	213	0
988	182	0
989	206	0
990	206	0
991	170	0
992	216	0
993	225	0
994	206	0
995	187	0
996	194	0
997	215	0
998	192	0
999	179	0
1000	171	0
1001	195	0
1002	211	0
1003	196	0
1004	188	0
1005	191	0
1006	187	0
1007	195	0
1008	195	0
1009	191	0
1010	179	0
1011	201	0
1012	184	0
1013	189	0
1014	210	0
1015	197	0
1016	182	0
1017	220	0
1018	197	0
1019	220	0
1020	204	0
1021	223	0
1022	213	0
1023	194	0
1024	175	0
1025	174	0
1026	210	0
1027	193	0
1028	190	0
1029	205	0
1030	200	0
1031	217	0
1032	213	0
1033	203	0
1034	178	0
1035	220	0
1036	211	0
1037	211	0
1038	206	0
1039	199	0
1040	184	0
1041	200	0
1042	204	0
1043	202	0
1044	190	0
1045	180	0
1046	198	0
1047	207	0
1048	217	0
1049	202	0
1050	206	0
1051	195	0
1052	204	0
1053	212	0
1054	203	0
1055	200	0
1056	211	0
1057	202	0
1058	206	0
1059	198	0
1060	201	0
1061	203	0
1062	199	0
1063	194	0
1064	230	0
1065	175	0
1066	216	0
1067	179	0
1068	211	0
1069	192	0
1070	196	0
1071	220	0
1072	208	0
1073	174	0
1074	196	0
1075	197	0
1076	156	0
1077	181	0
1078	225	0
1079	176	0
1080	183	0
1081	188	0
1082	224	0
1083	224	0
1084	209	0
1085	190	0
1086	188	0
1087	198	0
1088	201	0
1089	190	0
1090	194	0
1091	239	0
1092	182	0
1093	188	0
1094	208	0
1095	190	0
1096	195	0
1097	177	0
1098	230	0
1099	192	0
1100	214	0
1101	188	0
1102	188	0
1103	190	0
1104	210	0
1105	231	0
1106	190	0
1107	205	0
1108	207	0
1109	154	0
1110	197	0
1111	188	0
1112	177	0
1113	209	0
1114	194	0
1115	200	0
1116	200	0
1117	218	0
1118	188	0
1119	207	0
1120	196	0
1121	193	0
1122	218	0
1123	200	0
1124	228	0
1125	185	0
1126	203	0
1127	195	0
1128	173	0
1129	236	0
1130	205	0
1131	227	0
1132	185	0
1133	212	0
1134	198	0
1135	197	0
1136	205	0
1137	198	0
1138	178	0
1139	180	0
1140	173	0
1141	165	0
1142	189	0
1143	171	0
1144	192	0
1145	207	0
1146	204	0
1147	218	0
1148	218	0
1149	184	0
1150	199	0
1151	197	0
1152	199	0
1153	195	0
1154	202	0
1155	192	0
1156	174	0
1157	187	0
1158	191	0
1159	168	0
1160	186	0
1161	215	0
1162	191	0
1163	179	0
1164	233	0
1165	192	0
1166	185	0
1167	185	0
1168	207	0
1169	191	0
1170	198	0
1171	218	0
1172	162	0
1173	211	0
1174	211	0
1175	199	0
1176	208	0
1177	192	0
1178	225	0
1179	198	0
1180	189	0
1181	193	0
1182	200	0
1183	192	0
1184	226	0
1185	194	0
1186	188	0
1187	179	0
1188	170	0
1189	195	0
1190	204	0
1191	185	0
1192	215	0
1193	216	0
1194	195	0
1195	211	0
1196	198	0
1197	181	0
1198	183	0
1199	170	0
1200	168	0
1201	177	0
1202	185	0
1203	195	0
1204	188	0
1205	211	0
1206	193	0
1207	192	0
1208	186	0
1209	176	0
1210	188	0
1211	200	0
1212	211	0
1213	159	0
1214	195	0
1215	219	0
1216	217	0
1217	197	0
1218	217	0
1219	208	0
1220	196	0
1221	196	0
1222	204	0
1223	206	0
1224	202	0
1225	219	0
1226	188	0
1227	205	0
1228	202	0
1229	218	0
1230	215	0
1231	197	0
1232	203	0
1233	174	0
1234	191	0
1235	190	0
1236	193	0
1237	211	0
1238	227	0
1239	195	0
1240	191	0
1241	207	0
1242	190	0
1243	205	0
1244	233	0
1245	205	0
1246	207	0
1247	202	0
1248	186	0
1249	183	0
1250	185	0
1251	198	0
1252	176	0
1253	205	0
1254	214	0
1255	207	0
1256	197	0
1257	202	0
1258	183	0
1259	203	0
1260	186	0
1261	181	0
1262	200	0
1263	194	0
1264	181	0
1265	184	0
1266	192	0
1267	192	0
1268	200	0
1269	191	0
1270	192	0
1271	196	0
1272	186	0
1273	183	0
1274	174	0
1275	182	0
1276	208	0
1277	164	0
1278	200	0
1279	201	0
1280	200	0
1281	216	0
1282	190	0
1283	205	0
1284	200	0
1285	240	0
1286	194	0
1287	173	0
1288	195	0
1289	182	0
1290	173	0
1291	195	0
1292	205	0
1293	217	0
1294	209	0
1295	191	0
1296	199	0
1297	183	0
1298	192	0
1299	198	0
1300	198	0
1301	219	0
1302	197	0
1303	196	0
1304	194	0
1305	193	0
1306	208	0
1307	199	0
1308	198	0
1309	199	0
1310	198	0
1311	181	0
1312	191	0
1313	195	0
1314	171	0
1315	196	0
1316	232	0
1317	187	0
1318	211	0
1319	219	0
1320	213	0
1321	201	0
1322	167	0
1323	204	0
1324	195	0
1325	217	0
1326	195	0
1327	205	0
1328	188	0
1329	191	0
1330	192	0
1331	188	0
1332	219	0
1333	192	0
1334	193	0
1335	203	0
1336	200	0
1337	177	0
1338	181	0
1339	215	0
1340	227	0
1341	197	0
1342	166	0
1343	174	0
1344	184	0
1345	201	0
1346	198	0
1347	172	0
1348	203	0
1349	215	0
1350	212	0
1351	181	0
1352	188	0
1353	214	0
1354	200	0
1355	202	0
1356	227	0
1357	190	0
1358	181	0
1359	188	0
1360	186	0
1361	203	0
1362	198	0
1363	183	0
1364	186	0
1365	218	0
1366	184	0
1367	186	0
1368	186	0
1369	197	0
1370	185	0
1371	184	0
1372	206	0
1373	188	0
1374	210	0
1375	198	0
1376	212	0
1377	187	0
1378	201	0
1379	193	0
1380	187	0
1381	193	0
1382	210	0
1383	201	0
1384	216	0
1385	196	0
1386	203	0
1387	199	0
1388	214	0
1389	205	0
1390	159	0
1391	196	0
1392	180	0
1393	190	0
1394	215	0
1395	167	0
1396	212	0
1397	206	0
1398	181	0
1399	201	0
1400	214	0
1401	202	0
1402	213	0
1403	201	0
1404	193	0
1405	205	0
1406	193	0
1407	199	0
1408	205	0
1409	216	0
1410	183	0
1411	209	0
1412	199	0
1413	221	0
1414	162	0
1415	209	0
1416	222	0
1417	187	0
1418	206	0
1419	180	0
1420	189	0
1421	186	0
1422	202	0
1423	224	0
1424	198	0
1425	189	0
1426	204	0
1427	209	0
1428	191	0
1429	221	0
1430	197	0
1431	209	0
1432	222	0
1433	211	0
1434	190	0
1435	201	0
1436	204	0
1437	195	0
1438	189	0
1439	199	0
1440	183	0
1441	210	0
1442	222	0
1443	213	0
1444	179	0
1445	190	0
1446	192	0
1447	168	0
1448	213	0
1449	186	0
1450	176	0
1451	195	0
1452	189	0
1453	229	0
1454	183	0
1455	187	0
1456	212	0
1457	185	0
1458	226	0
1459	160	0
1460	214	0
1461	186	0
1462	210	0
1463	200	0
1464	211	0
1465	186	0
1466	210	0
1467	205	0
1468	172	0
1469	182	0
1470	173	0
1471	206	0
1472	211	0
1473	205	0
1474	197	0
1475	228	0
1476	209	0
1477	197	0
1478	186	0
1479	183	0
1480	206	0
1481	186	0
1482	191	0
1483	198	0
1484	211	0
1485	197	0
1486	175	0
1487	170	0
1488	177	0
1489	177	0
1490	208	0
1491	192	0
1492	188	0
1493	186	0
1494	205	0
1495	203	0
1496	186	0
1497	193	0
1498	178	0
1499	200	0
1500	187	0
1501	174	0
1502	194	0
1503	230	0
1504	195	0
1505	210	0
1506	194	0
1507	193	0
1508	197	0
1509	183	0
1510	203	0
1511	183	0
1512	173	0
1513	191	0
1514	203	0
1515	192	0
1516	183	0
1517	182	0
1518	198	0
1519	193	0
1520	186	0
1521	218	0
1522	199	0
1523	193	0
1524	198	0
1525	190	0
1526	196	0
1527	175	0
1528	182	0
1529	192	0
1530	199	0
1531	218	0
1532	181	0
1533	191	0
1534	194	0
1535	197	0
1536	196	0
1537	223	0
1538	210	0
1539	170	0
1540	178	0
1541	175	0
1542	209	0
1543	237	0
1544	214	0
1545	211	0
1546	192	0
1547	189	0
1548	209	0
1549	188	0
1550	174	0
1551	196	0
1552	180	0
1553	192	0
1554	222	0
1555	179	0
1556	201	0
1557	210	0
1558	223	0
1559	202	0
1560	173	0
1561	199	0
1562	207	0
1563	175	0
1564	157	0
1565	197	0
1566	180	0
1567	189	0
1568	204	0
1569	205	0
1570	197	0
1571	177	0
1572	206	0
1573	179	0
1574	193	0
1575	213	0
1576	206	0
1577	218	0
1578	204	0
1579	221	0
1580	222	0
1581	212	0
1582	196	0
1583	197	0
1584	194	0
1585	215	0
1586	183	0
1587	197	0
1588	182	0
1589	209	0
1590	221	0
1591	200	0
1592	195	0
1593	166	0
1594	204	0
1595	196	0
1596	194	0
1597	191	0
1598	188	0
1599	187	0
1600	198	0
1601	206	0
1602	205	0
1603	222	0
1604	226	0
1605	208	0
1606	203	0
1607	209	0
1608	212	0
1609	201	0
1610	208	0
1611	197	0
1612	207	0
1613	191	0
1614	213	0
1615	190	0
1616	189	0
1617	201	0
1618	180	0
1619	200	0
1620	185	0
1621	215	0
1622	206	0
1623	200	0
1624	196	0
1625	189	0
1626	193	0
1627	177	0
1628	212	0
1629	207	0
1630	186	0
1631	183	0
1632	183	0
1633	177	0
1634	189	0
1635	204	0
1636	183	0
1637	186	0
1638	174	0
1639	177	0
1640	215	0
1641	189	0
1642	187	0
1643	223	0
1644	218	0
1645	204	0
1646	216	0
1647	196	0
1648	178	0
1649	207	0
1650	192	0
1651	187	0
1652	199	0
1653	184	0
1654	204	0
1655	219	0
1656	207	0
1657	198	0
1658	211	0
1659	210	0
1660	202	0
1661	185	0
1662	183	0
1663	191	0
1664	176	0
1665	200	0
1666	197	0
1667	186	0
1668	213	0
1669	195	0
1670	191	0
1671	221	0
1672	215	0
1673	182	0
1674	207	0
1675	208	0
1676	207	0
1677	219	0
1678	200	0
1679	228	0
1680	197	0
1681	194	0
1682	195	0
1683	194	0
1684	213	0
1685	188	0
1686	206	0
1687	187	0
1688	202	0
1689	188	0
1690	185	0
1691	177	0
1692	199	0
1693	211	0
1694	200	0
1695	198	0
1696	192	0
1697	213	0
1698	213	0
1699	220	0
1700	194	0
1701	175	0
1702	197	0
1703	189	0
1704	206	0
1705	204	0
1706	206	0
1707	205	0
1708	177	0
1709	211	0
1710	201	0
1711	192	0
1712	207	0
1713	201	0
1714	175	0
1715	173	0
1716	214	0
1717	202	0
1718	171	0
1719	217	0
1720	188	0
1721	193	0
1722	192	0
1723	195	0
1724	184	0
1725	181	0
1726	197	0
1727	193	0
1728	230	0
1729	193	0
1730	207	0
1731	183	0
1732	183	0
1733	220	0
1734	201	0
1735	214	0
1736	212	0
1737	201	0
1738	197	0
1739	216	0
1740	189	0
1741	209	0
1742	209	0
1743	219	0
1744	197	0
1745	211	0
1746	198	0
1747	189	0
1748	177	0
1749	196	0
1750	211	0
1751	192	0
1752	186	0
1753	228	0
1754	190	0
1755	181	0
1756	208	0
1757	225	0
1758	208	0
1759	188	0
1760	220	0
1761	174	0
1762	188	0
1763	174	0
1764	202	0
1765	213	0
1766	195	0
1767	191	0
1768	179	0
1769	190	0
1770	194	0
1771	201	0
1772	204	0
1773	176	0
1774	212	0
1775	211	0
1776	207	0
1777	184	0
1778	185	0
1779	190	0
1780	213	0
1781	195	0
1782	212	0
1783	203	0
1784	214	0
1785	239	0
1786	200	0
1787	208	0
1788	208	0
1789	202	0
1790	180	0
1791	204	0
1792	197	0
1793	208	0
1794	200	0
1795	206	0
1796	242	0
1797	198	0
1798	198	0
1799	196	0
1800	181	0
1801	199	0
1802	213	0
1803	224	0
1804	193	0
1805	195	0
1806	223	0
1807	217	0
1808	183	0
1809	168	0
1810	195	0
1811	204	0
1812	215	0
1813	218	0
1814	219	0
1815	193	0
1816	194	0
1817	193	0
1818	211	0
1819	188	0
1820	188	0
1821	212	0
1822	186	0
1823	189	0
1824	206	0
1825	193	0
1826	213	0
1827	208	0
1828	191	0
1829	163	0
1830	162	0
1831	213	0
1832	218	0
1833	198	0
1834	205	0
1835	191	0
1836	189	0
1837	179	0
1838	185	0
1839	196	0
1840	190	0
1841	184	0
1842	201	0
1843	214	0
1844	197	0
1845	161	0
1846	203	0
1847	204	0
1848	182	0
1849	204	0
1850	195	0
1851	189	0
1852	219	0
1853	180	0
1854	192	0
1855	182	0
1856	209	0
1857	177	0
1858	190	0
1859	187	0
1860	180	0
1861	186	0
1862	202	0
1863	196	0
1864	216	0
1865	178	0
1866	194	0
1867	168	0
1868	202	0
1869	248	0
1870	187	0
1871	189	0
1872	195	0
1873	194	0
1874	186	0
1875	184	0
1876	198	0
1877	210	0
1878	196	0
1879	187	0
1880	207	0
1881	193	0
1882	195	0
1883	173	0
1884	195	0
1885	212	0
1886	193	0
1887	185	0
1888	184	0
1889	212	0
1890	206	0
1891	195	0
1892	179	0
1893	196	0
1894	183	0
1895	207	0
1896	184	0
1897	203	0
1898	174	0
1899	212	0
1900	200	0
1901	192	0
1902	182	0
1903	165	0
1904	210	0
1905	203	0
1906	207	0
1907	212	0
1908	171	0
1909	196	0
1910	206	0
1911	213	0
1912	207	0
1913	200	0
1914	214	0
1915	227	0
1916	191	0
1917	190	0
1918	171	0
1919	206	0
1920	218	0
1921	195	0
1922	216	0
1923	190	0
1924	208	0
1925	221	0
1926	165	0
1927	185	0
1928	205	0
1929	182	0
1930	202	0
1931	180	0
1932	178	0
1933	174	0
1934	189	0
1935	195	0
1936	186	0
1937	185	0
1938	192	0
1939	185	0
1940	217	0
1941	209	0
1942	175	0
1943	187	0
1944	187	0
1945	197	0
1946	167	0
1947	204	0
1948	189	0
1949	191	0
1950	183	0
1951	191	0
1952	203	0
1953	176	0
1954	219	0
1955	235	0
1956	204	0
1957	202	0
1958	208	0
1959	213	0
1960	184	0
1961	197	0
1962	212	0
1963	207	0
1964	225	0
1965	201	0
1966	229	0
1967	229	0
1968	180	0
1969	207	0
1970	192	0
1971	211	0
1972	213	0
1973	189	0
1974	210	0
1975	169	0
1976	192	0
1977	195	0
1978	196	0
1979	193	0
1980	204	0
1981	206	0
1982	179	0
1983	211	0
1984	193	0
1985	179	0
1986	179	0
1987	209	0
1988	198	0
1989	196	0
1990	208	0
1991	194	0
1992	207	0
1993	193	0
1994	198	0
1995	214	0
1996	193	0
1997	227	0
1998	205	0
1999	195	0
2000	180	0
2001	174	0
2002	198	0
2003	184	0
2004	218	0
2005	214	0
2006	178	0
2007	217	0
2008	208	0
2009	175	0
2010	184	0
2011	186	0
2012	179	0
2013	184	0
2014	212	0
2015	211	0
2016	189	0
2017	180	0
2018	248	0
2019	178	0
2020	166	0
2021	196	0
2022	212	0
2023	206	0
2024	204	0
2025	209	0
2026	170	0
2027	191	0
2028	198	0
2029	190	0
2030	186	0
2031	212	0
2032	206	0
2033	178	0
2034	196	0
2035	208	0
2036	183	0
2037	200	0
2038	197	0
2039	220	0
2040	176	0
2041	209	0
2042	191	0
2043	187	0
2044	187	0
2045	189	0
2046	195	0
2047	209	0
2048	195	0
2049	204	0
2050	192	0
2051	193	0
2052	198	0
2053	198	0
2054	190	0
2055	191	0
2056	197	0
2057	202	0
2058	191	0
2059	203	0
2060	163	0
2061	258	0
2062	186	0
2063	176	0
2064	207	0
2065	154	0
2066	216	0
2067	199	0
2068	221	0
2069	195	0
2070	207	0
2071	219	0
2072	190	0
2073	209	0
2074	209	0
2075	237	0
2076	186	0
2077	187	0
2078	188	0
2079	159	0
2080	194	0
2081	207	0
2082	177	0
2083	223	0
2084	216	0
2085	213	0
2086	203	0
2087	201	0
2088	193	0
2089	212	0
2090	160	0
2091	186	0
2092	196	0
2093	187	0
2094	201	0
2095	193	0
2096	196	0
2097	174	0
2098	184	0
2099	189	0
2100	191	0
2101	189	0
2102	173	0
2103	225	0
2104	191	0
2105	201	0
2106	182	0
2107	203	0
2108	199	0
2109	199	0
2110	193	0
2111	190	0
2112	195	0
2113	237	0
2114	182	0
2115	228	0
2116	205	0
2117	202	0
2118	194	0
2119	186	0
2120	191	0
2121	194	0
2122	231	0
2123	196	0
2124	181	0
2125	213	0
2126	229	0
2127	218	0
2128	206	0
2129	185	0
2130	214	0
2131	226	0
2132	186	0
2133	195	0
2134	228	0
2135	205	0
2136	212	0
2137	197	0
2138	183	0
2139	187	0
2140	161	0
2141	188	0
2142	222	0
2143	188	0
2144	212	0
2145	199	0
2146	200	0
2147	190	0
2148	196	0
2149	176	0
2150	198	0
2151	183	0
2152	217	0
2153	178	0
2154	189	0
2155	190	0
2156	186	0
2157	176	0
2158	206	0
2159	183	0
2160	201	0
2161	194	0
2162	209	0
2163	205	0
2164	188	0
2165	202	0
2166	208	0
2167	210	0
2168	194	0
2169	191	0
2170	182	0
2171	190	0
2172	191	0
2173	221	0
2174	192	0
2175	201	0
2176	194	0
2177	186	0
2178	196	0
2179	197	0
2180	178	0
2181	189	0
2182	206	0
2183	198	0
2184	213	0
2185	187	0
2186	200	0
2187	201	0
2188	195	0
2189	184	0
2190	192	0
2191	188	0
2192	192	0
2193	211	0
2194	197	0
2195	189	0
2196	199	0
2197	177	0
2198	204	0
2199	220	0
2200	196	0
2201	214	0
2202	182	0
2203	204	0
2204	205	0
2205	190	0
2206	188	0
2207	208	0
2208	215	0
2209	190	0
2210	198	0
2211	235	0
2212	213	0
2213	189	0
2214	179	0
2215	221	0
2216	221	0
2217	208	0
2218	199	0
2219	202	0
2220	208	0
2221	190	0
2222	204	0
2223	205	0
2224	206	0
2225	182	0
2226	216	0
2227	220	0
2228	196	0
2229	210	0
2230	195	0
2231	200	0
2232	197	0
2233	188	0
2234	197	0
2235	205	0
2236	188	0
2237	213	0
2238	185	0
2239	217	0
2240	170	0
2241	204	0
2242	188	0
2243	175	0
2244	192	0
2245	206	0
2246	215	0
2247	220	0
2248	185	0
2249	198	0
2250	199	0
2251	187	0
2252	206	0
2253	164	0
2254	176	0
2255	198	0
2256	185	0
2257	207	0
2258	195	0
2259	200	0
2260	197	0
2261	221	0
2262	209	0
2263	183	0
2264	176	0
2265	183	0
2266	205	0
2267	189	0
2268	224	0
2269	191	0
2270	197	0
2271	231	0
2272	206	0
2273	161	0
2274	193	0
2275	208	0
2276	205	0
2277	194	0
2278	210	0
2279	192	0
2280	198	0
2281	186	0
2282	177	0
2283	194	0
2284	208	0
2285	195	0
2286	203	0
2287	199	0
2288	218	0
2289	202	0
2290	186	0
2291	174	0
2292	198	0
2293	213	0
2294	187	0
2295	189	0
2296	189	0
2297	198	0
2298	191	0
2299	184	0
2300	209	0
2301	233	0
2302	175	0
2303	205	0
2304	212	0
2305	201	0
2306	216	0
2307	207	0
2308	185	0
2309	182	0
2310	198	0
2311	223	0
2312	182	0
2313	183	0
2314	208	0
2315	204	0
2316	207	0
2317	176	0
2318	196	0
2319	210	0
2320	197	0
2321	190	0
2322	213	0
2323	208	0
2324	201	0
2325	202	0
2326	206	0
2327	201	0
2328	225	0
2329	223	0
2330	216	0
2331	178	0
2332	214	0
2333	216	0
2334	216	0
2335	176	0
2336	198	0
2337	192	0
2338	215	0
2339	193	0
2340	217	0
2341	199	0
2342	187	0
2343	196	0
2344	187	0
2345	197	0
2346	181	0
2347	176	0
2348	221	0
2349	193	0
2350	188	0
2351	209	0
2352	207	0
2353	207	0
2354	184	0
2355	157	0
2356	193	0
2357	180	0
2358	201	0
2359	203	0
2360	209	0
2361	203	0
2362	180	0
2363	173	0
2364	204	0
2365	174	0
2366	180	0
2367	185	0
2368	191	0
2369	207	0
2370	192	0
2371	210	0
2372	221	0
2373	187	0
2374	222	0
2375	196	0
2376	186	0
2377	226	0
2378	187	0
2379	200	0
2380	187	0
2381	187	0
2382	196	0
2383	233	0
2384	209	0
2385	192	0
2386	202	0
2387	196	0
2388	181	0
2389	200	0
2390	195	0
2391	200	0
2392	211	0
2393	190	0
2394	218	0
2395	201	0
2396	202	0
2397	229	0
2398	213	0
2399	206	0
2400	211	0
2401	178	0
2402	188	0
2403	221	0
2404	176	0
2405	206	0
2406	173	0
2407	189	0
2408	208	0
2409	184	0
2410	196	0
2411	198	0
2412	203	0
2413	199	0
2414	190	0
2415	198	0
2416	201	0
2417	209	0
2418	176	0
2419	207	0
2420	195	0
2421	194	0
2422	189	0
2423	193	0
2424	198	0
2425	199	0
2426	176	0
2427	169	0
2428	204	0
2429	194	0
2430	193	0
2431	173	0
2432	189	0
2433	184	0
2434	185	0
2435	202	0
2436	179	0
2437	195	0
2438	220	0
2439	189	0
2440	188	0
2441	212	0
2442	215	0
2443	214	0
2444	201	0
2445	198	0
2446	190	0
2447	175	0
2448	202	0
2449	174	0
2450	206	0
2451	187	0
2452	196	0
2453	208	0
2454	198	0
2455	208	0
2456	190	0
2457	186	0
2458	223	0
2459	208	0
2460	155	0
2461	191	0
2462	200	0
2463	201	0
2464	177	0
2465	203	0
2466	222	0
2467	184	0
2468	182	0
2469	183	0
2470	187	0
2471	216	0
2472	200	0
2473	185	0
2474	217	0
2475	202	0
2476	196	0
2477	199	0
2478	192	0
2479	218	0
2480	224	0
2481	206	0
2482	212	0
2483	182	0
2484	185	0
2485	203	0
2486	199	0
2487	232	0
2488	180	0
2489	211	0
2490	193	0
2491	184	0
2492	211	0
2493	226	0
2494	183	0
2495	208	0
2496	206	0
2497	188	0
2498	191	0
2499	216	0
2500	197	0
2501	217	0
2502	207	0
2503	190	0
2504	194	0
2505	177	0
2506	173	0
2507	226	0
2508	196	0
2509	192	0
2510	184	0
2511	218	0
2512	207	0
2513	187	0
2514	191	0
2515	183	0
2516	204	0
2517	194	0
2518	199	0
2519	221	0
2520	197	0
2521	186	0
2522	187	0
2523	184	0
2524	210	0
2525	211	0
2526	192	0
2527	199	0
2528	219	0
2529	200	0
2530	184	0
2531	207	0
2532	202	0
2533	199	0
2534	195	0
2535	205	0
2536	196	0
2537	215	0
2538	216	0
2539	185	0
2540	206	0
2541	203	0
2542	195	0
2543	209	0
2544	204	0
2545	198	0
2546	178	0
2547	229	0
2548	202	0
2549	187	0
2550	198	0
2551	193	0
2552	202	0
2553	206	0
2554	223	0
2555	158	0
2556	186	0
2557	168	0
2558	214	0
2559	192	0
2560	200	0
2561	172	0
2562	193	0
2563	196	0
2564	198	0
2565	178	0
2566	212	0
2567	190	0
2568	171	0
2569	190	0
2570	171	0
2571	206	0
2572	194	0
2573	208	0
2574	191	0
2575	216	0
2576	214	0
2577	225	0
2578	190	0
2579	207	0
2580	186	0
2581	194	0
2582	181	0
2583	205	0
2584	176	0
2585	206	0
2586	196	0
2587	214	0
2588	178	0
2589	211	0
2590	212	0
2591	210	0
2592	201	0
2593	191	0
2594	207	0
2595	179	0
2596	183	0
2597	201	0
2598	189	0
2599	198	0
2600	213	0
2601	188	0
2602	207	0
2603	188	0
2604	198	0
2605	221	0
2606	202	0
2607	207	0
2608	189	0
2609	214	0
2610	207	0
2611	192	0
2612	172	0
2613	198	0
2614	210	0
2615	177	0
2616	199	0
2617	221	0
2618	187	0
2619	174	0
2620	185	0
2621	192	0
2622	178	0
2623	201	0
2624	175	0
2625	187	0
2626	183	0
2627	177	0
2628	191	0
2629	225	0
2630	202	0
2631	200	0
2632	209	0
2633	184	0
2634	231	0
2635	192	0
2636	204	0
2637	193	0
2638	190	0
2639	218	0
2640	191	0
2641	201	0
2642	167	0
2643	201	0
2644	215	0
2645	217	0
2646	177	0
2647	193	0
2648	200	0
2649	180	0
2650	191	0
2651	188	0
2652	202	0
2653	184	0
2654	201	0
2655	205	0
2656	199	0
2657	201	0
2658	177	0
2659	191	0
2660	180	0
2661	187	0
2662	189	0
2663	205	0
2664	171	0
2665	212	0
2666	181	0
2667	192	0
2668	197	0
2669	214	0
2670	184	0
2671	197	0
2672	222	0
2673	196	0
2674	180	0
2675	190	0
2676	204	0
2677	224	0
2678	200	0
2679	210	0
2680	186	0
2681	200	0
2682	199	0
2683	203	0
2684	211	0
2685	183	0
2686	210	0
2687	185	0
2688	192	0
2689	191	0
2690	191	0
2691	202	0
2692	212	0
2693	194	0
2694	222	0
2695	200	0
2696	212	0
2697	208	0
2698	186	0
2699	196	0
2700	187	0
2701	199	0
2702	197	0
2703	199	0
2704	218	0
2705	216	0
2706	183	0
2707	189	0
2708	180	0
2709	191	0
2710	210	0
2711	215	0
2712	186	0
2713	201	0
2714	192	0
2715	184	0
2716	190	0
2717	201	0
2718	203	0
2719	196	0
2720	210	0
2721	183	0
2722	183	0
2723	206	0
2724	210	0
2725	197	0
2726	186	0
2727	190	0
2728	186	0
2729	200	0
2730	191	0
2731	187	0
2732	180	0
2733	188	0
2734	194	0
2735	222	0
2736	203	0
2737	224	0
2738	202	0
2739	191	0
2740	214	0
2741	195	0
2742	193	0
2743	212	0
2744	220	0
2745	207	0
2746	192	0
2747	210	0
2748	175	0
2749	174	0
2750	200	0
2751	204	0
2752	180	0
2753	197	0
2754	182	0
2755	216	0
2756	187	0
2757	200	0
2758	218	0
2759	199	0
2760	179	0
2761	206	0
2762	198	0
2763	210	0
2764	205	0
2765	186	0
2766	219	0
2767	196	0
2768	203	0
2769	210	0
2770	213	0
2771	196	0
2772	190	0
2773	187	0
2774	210	0
2775	208	0
2776	198	0
2777	200	0
2778	221	0
2779	198	0
2780	186	0
2781	179	0
2782	195	0
2783	194	0
2784	173	0
2785	207	0
2786	177	0
2787	207	0
2788	185	0
2789	199	0
2790	195	0
2791	186	0
2792	185	0
2793	186	0
2794	219	0
2795	194	0
2796	206	0
2797	181	0
2798	218	0
2799	215	0
2800	212	0
2801	200	0
2802	195	0
2803	208	0
2804	194	0
2805	178	0
2806	213	0
2807	190	0
2808	209	0
2809	192	0
2810	190	0
2811	196	0
2812	184	0
2813	168	0
2814	192	0
2815	206	0
2816	189	0
2817	200	0
2818	182	0
2819	202	0
2820	183	0
2821	200	0
2822	199	0
2823	192	0
2824	190	0
2825	195	0
2826	210	0
2827	210	0
2828	189	0
2829	188	0
2830	205	0
2831	209	0
2832	186	0
2833	205	0
2834	180	0
2835	201	0
2836	180	0
2837	193	0
2838	195	0
2839	214	0
2840	190	0
2841	194	0
2842	182	0
2843	208	0
2844	197	0
2845	222	0
2846	181	0
2847	201	0
2848	187	0
2849	199	0
2850	211	0
2851	206	0
2852	190	0
2853	198	0
2854	227	0
2855	212	0
2856	209	0
2857	159	0
2858	215	0
2859	186	0
2860	192	0
2861	181	0
2862	184	0
2863	211	0
2864	204	0
2865	226	0
2866	186	0
2867	219	0
2868	189	0
2869	192	0
2870	185	0
2871	171	0
2872	205	0
2873	204	0
2874	236	0
2875	189	0
2876	189	0
2877	226	0
2878	173	0
2879	201	0
2880	208	0
2881	195	0
2882	214	0
2883	207	0
2884	183	0
2885	201	0
2886	185	0
2887	200	0
2888	196	0
2889	215	0
2890	210	0
2891	179	0
2892	190	0
2893	192	0
2894	205	0
2895	215	0
2896	199	0
2897	175	0
2898	184	0
2899	187	0
2900	224	0
2901	187	0
2902	208	0
2903	186	0
2904	188	0
2905	177	0
2906	177	0
2907	213	0
2908	206	0
2909	218	0
2910	220	0
2911	188	0
2912	220	0
2913	190	0
2914	190	0
2915	157	0
2916	212	0
2917	187	0
2918	203	0
2919	196	0
2920	184	0
2921	183	0
2922	174	0
2923	204	0
2924	202	0
2925	203	0
2926	211	0
2927	176	0
2928	189	0
2929	181	0
2930	198	0
2931	197	0
2932	196	0
2933	199	0
2934	198	0
2935	206	0
2936	181	0
2937	201	0
2938	205	0
2939	185	0
2940	221	0
2941	190	0
2942	190	0
2943	197	0
2944	191	0
2945	176	0
2946	200	0
2947	188	0
2948	204	0
2949	224	0
2950	192	0
2951	205	0
2952	193	0
2953	190	0
2954	209	0
2955	218	0
2956	196	0
2957	177	0
2958	185	0
2959	197	0
2960	212	0
2961	172	0
2962	187	0
2963	201	0
2964	227	0
2965	183	0
2966	201	0
2967	191	0
2968	201	0
2969	216	0
2970	192	0
2971	205	0
2972	189	0
2973	194	0
2974	199	0
2975	226	0
2976	198	0
2977	205	0
2978	194	0
2979	204	0
2980	188	0
2981	201	0
2982	186	0
2983	196	0
2984	191	0
2985	171	0
2986	212	0
2987	188	0
2988	172	0
2989	207	0
2990	181	0
2991	187	0
2992	189	0
2993	193	0
2994	206	0
2995	195	0
2996	195	0
2997	213	0
2998	215	0
2999	194	0
3000	210	0
