1	173	0
2	174	0
3	228	0
4	209	0
5	176	0
6	214	0
7	198	0
8	182	0
9	183	0
10	200	0
11	209	0
12	211	0
13	206	0
14	195	0
15	203	0
16	187	0
17	168	0
18	194	0
19	194	0
20	189	0
21	193	0
22	180	0
23	189	0
24	217	0
25	207	0
26	204	0
27	179	0
28	190	0
29	187	0
30	204	0
31	210	0
32	189	0
33	188	0
34	192	0
35	188	0
36	220	0
37	187	0
38	179	0
39	199	0
40	194	0
41	214	0
42	191	0
43	217	0
44	224	0
45	223	0
46	210	0
47	191	0
48	188	0
49	224	0
50	196	0
51	210	0
52	196	0
53	206	0
54	190	0
55	214	0
56	208	0
57	198	0
58	204	0
59	222	0
60	192	0
61	214	0
62	195	0
63	193	0
64	218	0
65	182	0
66	215	0
67	206	0
68	211	0
69	189	0
70	199	0
71	186	0
72	213	0
73	203	0
74	206	0
75	179	0
76	197	0
77	216	0
78	199	0
79	180	0
80	201	0
81	193	0
82	203	0
83	202	0
84	202	0
85	206	0
86	224	0
87	204	0
88	208	0
89	190	0
90	211	0
91	179	0
92	207	0
93	174	0
94	210	0
95	240	0
96	220	0
97	201	0
98	196	0
99	200	0
100	224	0
101	194	0
102	208	0
103	174	0
104	204	0
105	194	0
106	197	0
107	200	0
108	184	0
109	172	0
110	220	0
111	197	0
112	210	0
113	192	0
114	196	0
115	203	0
116	206	0
117	188	0
118	213	0
119	179	0
120	208	0
121	196	0
122	195	0
123	195	0
124	197	0
125	206	0
126	202	0
127	208	0
128	187	0
129	195	0
130	167	0
131	194	0
132	240	0
133	193	0
134	185	0
135	203	0
136	205	0
137	169	0
138	204	0
139	194	0
140	194	0
141	191	0
142	178	0
143	213	0
144	196	0
145	198	0
146	176	0
147	197	0
148	213	0
149	191	0
150	211	0
151	201	0
152	201	0
153	201	0
154	202	0
155	233	0
156	200	0
157	207	0
158	230	0
159	197	0
160	215	0
161	182	0
162	185	0
163	227	0
164	183	0
165	177	0
166	219	0
167	199	0
168	231	0
169	178	0
170	208	0
171	209	0
172	202	0
173	199	0
174	200	0
175	214	0
176	194	0
177	202	0
178	208	0
179	182	0
180	212	0
181	196	0
182	214	0
183	192	0
184	230	0
185	228	0
186	214	0
187	195	0
188	205	0
189	182	0
190	202	0
191	175	0
192	184	0
193	189	0
194	202	0
195	209	0
196	209	0
197	214	0
198	206	0
199	205	0
200	220	0
201	211	0
202	218	0
203	209	0
204	208	0
205	239	0
206	196	0
207	198	0
208	193	0
209	197	0
210	176	0
211	192	0
212	169	0
213	199	0
214	194	0
215	225	0
216	164	0
217	219	0
218	187	0
219	194	0
220	218	0
221	204	0
222	206	0
223	205	0
224	190	0
225	166	0
226	192	0
227	217	0
228	213	0
229	188	0
230	194	0
231	201	0
232	194	0
233	226	0
234	187	0
235	193	0
236	226	0
237	210	0
238	201	0
239	214	0
240	222	0
241	175	0
242	210	0
243	194	0
244	176	0
245	180	0
246	168	0
247	180	0
248	186	0
249	221	0
250	213	0
251	186	0
252	212	0
253	197	0
254	195	0
255	206	0
256	208	0
257	194	0
258	185	0
259	207	0
260	182	0
261	177	0
262	210	0
263	232	0
264	186	0
265	226	0
266	217	0
267	190	0
268	210	0
269	179	0
270	199	0
271	189	0
272	206	0
273	223	0
274	223	0
275	175	0
276	206	0
277	195	0
278	214	0
279	204	0
280	211	0
281	187	0
282	219	0
283	182	0
284	209	0
285	191	0
286	194	0
287	207	0
288	189	0
289	218	0
290	229	0
291	196	0
292	202	0
293	185	0
294	185	0
295	204	0
296	189	0
297	213	0
298	229	0
299	203	0
300	227	0
301	190	0
302	199	0
303	207	0
304	217	0
305	180	0
306	191	0
307	226	0
308	196	0
309	204	0
310	185	0
311	188	0
312	180	0
313	200	0
314	188	0
315	199	0
316	200	0
317	190	0
318	215	0
319	210	0
320	219	0
321	193	0
322	224	0
323	196	0
324	217	0
325	217	0
326	180	0
327	222	0
328	188	0
329	210	0
330	191	0
331	231	0
332	193	0
333	202	0
334	217	0
335	198	0
336	203	0
337	221	0
338	175	0
339	190	0
340	200	0
341	169	0
342	192	0
343	190	0
344	198	0
345	186	0
346	180	0
347	202	0
348	203	0
349	203	0
350	184	0
351	230	0
352	201	0
353	232	0
354	210	0
355	200	0
356	192	0
357	191	0
358	192	0
359	189	0
360	173	0
361	201	0
362	202	0
363	198	0
364	201	0
365	209	0
366	191	0
367	205	0
368	221	0
369	198	0
370	197	0
371	195	0
372	188	0
373	174	0
374	209	0
375	183	0
376	197	0
377	195	0
378	208	0
379	175	0
380	197	0
381	203	0
382	219	0
383	200	0
384	216	0
385	197	0
386	212	0
387	188	0
388	200	0
389	212	0
390	192	0
391	198	0
392	209	0
393	211	0
394	185	0
395	218	0
396	173	0
397	191	0
398	210	0
399	217	0
400	235	0
401	185	0
402	186	0
403	194	0
404	202	0
405	198	0
406	191	0
407	200	0
408	191	0
409	193	0
410	204	0
411	221	0
412	213	0
413	184	0
414	214	0
415	189	0
416	211	0
417	173	0
418	195	0
419	192	0
420	198	0
421	200	0
422	218	0
423	213	0
424	208	0
425	192	0
426	180	0
427	201	0
428	194	0
429	189	0
430	223	0
431	204	0
432	210	0
433	197	0
434	190	0
435	197	0
436	181	0
437	177	0
438	192	0
439	186	0
440	213	0
441	196	0
442	200	0
443	192	0
444	193	0
445	216	0
446	188	0
447	194	0
448	206	0
449	178	0
450	198	0
451	205	0
452	196	0
453	209	0
454	203	0
455	197	0
456	199	0
457	208	0
458	221	0
459	198	0
460	203	0
461	198	0
462	218	0
463	200	0
464	190	0
465	210	0
466	202	0
467	191	0
468	221	0
469	203	0
470	185	0
471	202	0
472	204	0
473	197	0
474	220	0
475	189	0
476	199	0
477	206	0
478	183	0
479	192	0
480	213	0
481	224	0
482	212	0
483	200	0
484	200	0
485	197	0
486	203	0
487	202	0
488	198	0
489	199	0
490	204	0
491	191	0
492	184	0
493	215	0
494	211	0
495	203	0
496	197	0
497	173	0
498	207	0
499	199	0
500	192	0
501	203	0
502	209	0
503	185	0
504	201	0
505	175	0
506	183	0
507	208	0
508	202	0
509	226	0
510	191	0
511	217	0
512	192	0
513	201	0
514	200	0
515	166	0
516	207	0
517	183	0
518	196	0
519	179	0
520	209	0
521	212	0
522	183	0
523	179	0
524	185	0
525	200	0
526	187	0
527	209	0
528	212	0
529	185	0
530	191	0
531	198	0
532	207	0
533	206	0
534	180	0
535	192	0
536	202	0
537	211	0
538	203	0
539	198	0
540	184	0
541	216	0
542	192	0
543	181	0
544	199	0
545	187	0
546	185	0
547	181	0
548	211	0
549	204	0
550	190	0
551	199	0
552	192	0
553	218	0
554	198	0
555	199	0
556	209	0
557	192	0
558	202	0
559	180	0
560	207	0
561	215	0
562	192	0
563	208	0
564	181	0
565	204	0
566	208	0
567	188	0
568	203	0
569	187	0
570	201	0
571	202	0
572	195	0
573	184	0
574	193	0
575	197	0
576	195	0
577	178	0
578	190	0
579	198	0
580	196	0
581	217	0
582	199	0
583	203	0
584	220	0
585	192	0
586	189	0
587	221	0
588	196	0
589	191	0
590	212	0
591	186	0
592	185	0
593	193	0
594	182	0
595	209	0
596	187	0
597	196	0
598	211	0
599	195	0
600	193	0
601	213	0
602	192	0
603	204	0
604	203	0
605	204	0
606	161	0
607	189	0
608	198	0
609	192	0
610	159	0
611	173	0
612	209	0
613	212	0
614	216	0
615	211	0
616	205	0
617	217	0
618	200	0
619	222	0
620	191	0
621	217	0
622	192	0
623	213	0
624	194	0
625	191	0
626	206	0
627	193	0
628	191	0
629	196	0
630	204	0
631	209	0
632	196	0
633	197	0
634	219	0
635	210	0
636	216	0
637	213	0
638	223	0
639	188	0
640	209	0
641	204	0
642	189	0
643	203	0
644	178	0
645	213	0
646	207	0
647	213	0
648	179	0
649	189	0
650	216	0
651	192	0
652	188	0
653	206	0
654	181	0
655	202	0
656	224	0
657	204	0
658	189	0
659	204	0
660	206	0
661	209	0
662	192	0
663	210	0
664	207	0
665	180	0
666	214	0
667	209	0
668	185	0
669	181	0
670	188	0
671	196	0
672	220	0
673	223	0
674	204	0
675	191	0
676	191	0
677	240	0
678	206	0
679	194	0
680	200	0
681	217	0
682	227	0
683	194	0
684	197	0
685	193	0
686	206	0
687	187	0
688	202	0
689	216	0
690	208	0
691	208	0
692	193	0
693	162	0
694	195	0
695	184	0
696	202	0
697	204	0
698	205	0
699	202	0
700	202	0
701	192	0
702	241	0
703	177	0
704	189	0
705	208	0
706	198	0
707	171	0
708	190	0
709	205	0
710	230	0
711	186	0
712	186	0
713	196	0
714	199	0
715	203	0
716	210	0
717	189	0
718	182	0
719	203	0
720	182	0
721	222	0
722	216	0
723	175	0
724	210	0
725	215	0
726	219	0
727	166	0
728	216	0
729	195	0
730	182	0
731	196	0
732	199	0
733	202	0
734	216	0
735	194	0
736	195	0
737	196	0
738	221	0
739	212	0
740	208	0
741	184	0
742	206	0
743	178	0
744	212	0
745	203	0
746	193	0
747	171	0
748	196	0
749	200	0
750	209	0
751	185	0
752	187	0
753	197	0
754	207	0
755	216	0
756	182	0
757	220	0
758	179	0
759	180	0
760	216	0
761	188	0
762	191	0
763	195	0
764	202	0
765	180	0
766	202	0
767	204	0
768	220	0
769	223	0
770	205	0
771	190	0
772	211	0
773	180	0
774	203	0
775	175	0
776	206	0
777	192	0
778	201	0
779	185	0
780	226	0
781	208	0
782	191	0
783	182	0
784	179	0
785	204	0
786	227	0
787	174	0
788	203	0
789	165	0
790	215	0
791	205	0
792	195	0
793	198	0
794	198	0
795	179	0
796	196	0
797	198	0
798	177	0
799	224	0
800	218	0
801	178	0
802	202	0
803	216	0
804	202	0
805	200	0
806	191	0
807	209	0
808	205	0
809	191	0
810	224	0
811	216	0
812	192	0
813	193	0
814	218	0
815	210	0
816	207	0
817	209	0
818	210	0
819	208	0
820	175	0
821	201	0
822	195	0
823	215	0
824	169	0
825	181	0
826	220	0
827	187	0
828	193	0
829	180	0
830	179	0
831	190	0
832	180	0
833	210	0
834	201	0
835	190	0
836	193	0
837	189	0
838	199	0
839	191	0
840	198	0
841	183	0
842	194	0
843	192	0
844	179	0
845	183	0
846	194	0
847	215	0
848	200	0
849	207	0
850	204	0
851	200	0
852	181	0
853	202	0
854	207	0
855	217	0
856	195	0
857	191	0
858	192	0
859	219	0
860	190	0
861	213	0
862	212	0
863	176	0
864	200	0
865	225	0
866	207	0
867	230	0
868	208	0
869	200	0
870	190	0
871	214	0
872	201	0
873	195	0
874	213	0
875	218	0
876	188	0
877	205	0
878	221	0
879	222	0
880	213	0
881	193	0
882	190	0
883	219	0
884	211	0
885	207	0
886	189	0
887	184	0
888	209	0
889	193	0
890	221	0
891	189	0
892	202	0
893	212	0
894	211	0
895	211	0
896	192	0
897	198	0
898	192	0
899	196	0
900	212	0
901	204	0
902	215	0
903	195	0
904	190	0
905	197	0
906	209	0
907	206	0
908	207	0
909	196	0
910	214	0
911	218	0
912	187	0
913	226	0
914	208	0
915	225	0
916	180	0
917	198	0
918	198	0
919	199	0
920	215	0
921	214	0
922	211	0
923	219	0
924	222	0
925	189	0
926	212	0
927	204	0
928	203	0
929	212	0
930	195	0
931	202	0
932	187	0
933	217	0
934	217	0
935	215	0
936	216	0
937	201	0
938	194	0
939	213	0
940	187	0
941	186	0
942	211	0
943	190	0
944	192	0
945	197	0
946	196	0
947	212	0
948	209	0
949	205	0
950	149	0
951	226	0
952	184	0
953	227	0
954	223	0
955	191	0
956	190	0
957	207	0
958	199	0
959	199	0
960	177	0
961	208	0
962	227	0
963	187	0
964	208	0
965	196	0
966	191	0
967	187	0
968	182	0
969	205	0
970	175	0
971	208	0
972	206	0
973	223	0
974	224	0
975	209	0
976	196	0
977	199	0
978	191	0
979	216	0
980	193	0
981	208	0
982	178	0
983	213	0
984	210	0
985	222	0
986	227	0
987	191	0
988	190	0
989	184	0
990	203	0
991	187	0
992	198	0
993	210	0
994	198	0
995	197	0
996	209	0
997	215	0
998	222	0
999	210	0
1000	194	0
1001	214	0
1002	204	0
1003	193	0
1004	211	0
1005	200	0
1006	209	0
1007	186	0
1008	213	0
1009	217	0
1010	185	0
1011	211	0
1012	182	0
1013	220	0
1014	205	0
1015	214	0
1016	200	0
1017	176	0
1018	204	0
1019	179	0
1020	202	0
1021	217	0
1022	197	0
1023	198	0
1024	193	0
1025	181	0
1026	207	0
1027	219	0
1028	205	0
1029	215	0
1030	196	0
1031	227	0
1032	193	0
1033	205	0
1034	206	0
1035	239	0
1036	210	0
1037	193	0
1038	214	0
1039	201	0
1040	186	0
1041	196	0
1042	196	0
1043	208	0
1044	175	0
1045	201	0
1046	204	0
1047	196	0
1048	168	0
1049	214	0
1050	180	0
1051	219	0
1052	196	0
1053	200	0
1054	181	0
1055	192	0
1056	205	0
1057	180	0
1058	220	0
1059	231	0
1060	183	0
1061	191	0
1062	240	0
1063	211	0
1064	210	0
1065	206	0
1066	205	0
1067	203	0
1068	217	0
1069	185	0
1070	204	0
1071	181	0
1072	184	0
1073	202	0
1074	210	0
1075	201	0
1076	221	0
1077	201	0
1078	178	0
1079	215	0
1080	217	0
1081	189	0
1082	210	0
1083	168	0
1084	191	0
1085	211	0
1086	163	0
1087	200	0
1088	212	0
1089	214	0
1090	184	0
1091	226	0
1092	187	0
1093	194	0
1094	193	0
1095	176	0
1096	217	0
1097	181	0
1098	186	0
1099	162	0
1100	168	0
1101	191	0
1102	206	0
1103	205	0
1104	172	0
1105	219	0
1106	201	0
1107	185	0
1108	185	0
1109	188	0
1110	223	0
1111	177	0
1112	201	0
1113	206	0
1114	191	0
1115	188	0
1116	212	0
1117	198	0
1118	188	0
1119	211	0
1120	212	0
1121	184	0
1122	214	0
1123	201	0
1124	194	0
1125	224	0
1126	197	0
1127	191	0
1128	196	0
1129	207	0
1130	200	0
1131	210	0
1132	211	0
1133	196	0
1134	207	0
1135	188	0
1136	192	0
1137	192	0
1138	205	0
1139	204	0
1140	183	0
1141	195	0
1142	187	0
1143	199	0
1144	187	0
1145	180	0
1146	163	0
1147	205	0
1148	201	0
1149	206	0
1150	181	0
1151	198	0
1152	186	0
1153	186	0
1154	192	0
1155	170	0
1156	208	0
1157	206	0
1158	200	0
1159	217	0
1160	193	0
1161	203	0
1162	189	0
1163	219	0
1164	200	0
1165	202	0
1166	206	0
1167	217	0
1168	226	0
1169	195	0
1170	228	0
1171	192	0
1172	196	0
1173	208	0
1174	181	0
1175	199	0
1176	200	0
1177	212	0
1178	194	0
1179	185	0
1180	182	0
1181	205	0
1182	212	0
1183	210	0
1184	191	0
1185	186	0
1186	206	0
1187	194	0
1188	182	0
1189	219	0
1190	217	0
1191	209	0
1192	188	0
1193	187	0
1194	201	0
1195	203	0
1196	198	0
1197	189	0
1198	208	0
1199	188	0
1200	200	0
1201	183	0
1202	202	0
1203	204	0
1204	201	0
1205	199	0
1206	172	0
1207	198	0
1208	217	0
1209	185	0
1210	175	0
1211	228	0
1212	183	0
1213	175	0
1214	218	0
1215	194	0
1216	202	0
1217	186	0
1218	198	0
1219	201	0
1220	188	0
1221	212	0
1222	174	0
1223	194	0
1224	221	0
1225	211	0
1226	179	0
1227	193	0
1228	215	0
1229	207	0
1230	187	0
1231	186	0
1232	193	0
1233	206	0
1234	209	0
1235	189	0
1236	185	0
1237	182	0
1238	224	0
1239	199	0
1240	231	0
1241	196	0
1242	192	0
1243	182	0
1244	204	0
1245	199	0
1246	193	0
1247	197	0
1248	217	0
1249	200	0
1250	205	0
1251	187	0
1252	210	0
1253	234	0
1254	186	0
1255	201	0
1256	193	0
1257	202	0
1258	193	0
1259	211	0
1260	221	0
1261	199	0
1262	195	0
1263	188	0
1264	191	0
1265	200	0
1266	186	0
1267	211	0
1268	197	0
1269	220	0
1270	197	0
1271	209	0
1272	179	0
1273	190	0
1274	210	0
1275	208	0
1276	214	0
1277	193	0
1278	208	0
1279	206	0
1280	214	0
1281	182	0
1282	203	0
1283	213	0
1284	211	0
1285	195	0
1286	192	0
1287	176	0
1288	206	0
1289	183	0
1290	225	0
1291	210	0
1292	186	0
1293	208	0
1294	213	0
1295	196	0
1296	209	0
1297	212	0
1298	183	0
1299	206	0
1300	198	0
1301	203	0
1302	207	0
1303	203	0
1304	216	0
1305	205	0
1306	192	0
1307	240	0
1308	178	0
1309	224	0
1310	174	0
1311	194	0
1312	202	0
1313	204	0
1314	212	0
1315	211	0
1316	185	0
1317	210	0
1318	206	0
1319	216	0
1320	189	0
1321	198	0
1322	197	0
1323	195	0
1324	195	0
1325	185	0
1326	181	0
1327	226	0
1328	190	0
1329	179	0
1330	195	0
1331	190	0
1332	195	0
1333	179	0
1334	208	0
1335	185	0
1336	208	0
1337	198	0
1338	212	0
1339	188	0
1340	190	0
1341	234	0
1342	196	0
1343	183	0
1344	209	0
1345	194	0
1346	193	0
1347	197	0
1348	202	0
1349	190	0
1350	211	0
1351	216	0
1352	188	0
1353	194	0
1354	200	0
1355	207	0
1356	209	0
1357	197	0
1358	209	0
1359	191	0
1360	194	0
1361	207	0
1362	195	0
1363	214	0
1364	201	0
1365	190	0
1366	193	0
1367	187	0
1368	200	0
1369	187	0
1370	206	0
1371	187	0
1372	207	0
1373	190	0
1374	227	0
1375	185	0
1376	178	0
1377	220	0
1378	203	0
1379	204	0
1380	195	0
1381	211	0
1382	215	0
1383	216	0
1384	204	0
1385	212	0
1386	185	0
1387	226	0
1388	188	0
1389	194	0
1390	204	0
1391	181	0
1392	203	0
1393	222	0
1394	194	0
1395	184	0
1396	176	0
1397	165	0
1398	212	0
1399	218	0
1400	219	0
1401	207	0
1402	196	0
1403	213	0
1404	210	0
1405	189	0
1406	192	0
1407	213	0
1408	165	0
1409	198	0
1410	220	0
1411	187	0
1412	200	0
1413	198	0
1414	186	0
1415	204	0
1416	184	0
1417	174	0
1418	206	0
1419	195	0
1420	218	0
1421	200	0
1422	186	0
1423	188	0
1424	191	0
1425	201	0
1426	206	0
1427	165	0
1428	201	0
1429	210	0
1430	192	0
1431	205	0
1432	214	0
1433	204	0
1434	202	0
1435	192	0
1436	211	0
1437	200	0
1438	212	0
1439	203	0
1440	212	0
1441	191	0
1442	192	0
1443	193	0
1444	212	0
1445	195	0
1446	207	0
1447	215	0
1448	183	0
1449	184	0
1450	219	0
1451	193	0
1452	196	0
1453	199	0
1454	199	0
1455	184	0
1456	193	0
1457	205	0
1458	214	0
1459	211	0
1460	170	0
1461	198	0
1462	172	0
1463	199	0
1464	214	0
1465	193	0
1466	201	0
1467	188	0
1468	229	0
1469	205	0
1470	238	0
1471	200	0
1472	204	0
1473	213	0
1474	203	0
1475	220	0
1476	209	0
1477	203	0
1478	217	0
1479	216	0
1480	208	0
1481	169	0
1482	193	0
1483	205	0
1484	187	0
1485	217	0
1486	164	0
1487	186	0
1488	207	0
1489	194	0
1490	185	0
1491	236	0
1492	192	0
1493	178	0
1494	199	0
1495	191	0
1496	189	0
1497	179	0
1498	169	0
1499	185	0
1500	215	0
1501	195	0
1502	180	0
1503	225	0
1504	218	0
1505	188	0
1506	199	0
1507	204	0
1508	200	0
1509	217	0
1510	216	0
1511	220	0
1512	189	0
1513	182	0
1514	205	0
1515	230	0
1516	181	0
1517	199	0
1518	207	0
1519	190	0
1520	225	0
1521	207	0
1522	202	0
1523	193	0
1524	184	0
1525	167	0
1526	202	0
1527	203	0
1528	216	0
1529	217	0
1530	230	0
1531	215	0
1532	192	0
1533	204	0
1534	197	0
1535	186	0
1536	194	0
1537	205	0
1538	214	0
1539	179	0
1540	180	0
1541	197	0
1542	210	0
1543	162	0
1544	198	0
1545	199	0
1546	187	0
1547	198	0
1548	206	0
1549	205	0
1550	222	0
1551	203	0
1552	229	0
1553	200	0
1554	208	0
1555	202	0
1556	214	0
1557	204	0
1558	196	0
1559	208	0
1560	170	0
1561	194	0
1562	207	0
1563	216	0
1564	198	0
1565	196	0
1566	206	0
1567	186	0
1568	219	0
1569	207	0
1570	202	0
1571	236	0
1572	188	0
1573	197	0
1574	190	0
1575	180	0
1576	192	0
1577	198	0
1578	214	0
1579	227	0
1580	183	0
1581	184	0
1582	188	0
1583	220	0
1584	218	0
1585	189	0
1586	182	0
1587	193	0
1588	197	0
1589	192	0
1590	207	0
1591	203	0
1592	183	0
1593	226	0
1594	211	0
1595	214	0
1596	205	0
1597	185	0
1598	185	0
1599	203	0
1600	193	0
1601	183	0
1602	201	0
1603	190	0
1604	166	0
1605	196	0
1606	209	0
1607	195	0
1608	216	0
1609	250	0
1610	183	0
1611	213	0
1612	215	0
1613	194	0
1614	206	0
1615	198	0
1616	183	0
1617	200	0
1618	190	0
1619	197	0
1620	175	0
1621	204	0
1622	185	0
1623	221	0
1624	190	0
1625	221	0
1626	208	0
1627	199	0
1628	193	0
1629	205	0
1630	218	0
1631	209	0
1632	190	0
1633	207	0
1634	206	0
1635	204	0
1636	194	0
1637	220	0
1638	182	0
1639	208	0
1640	181	0
1641	170	0
1642	228	0
1643	182	0
1644	216	0
1645	188	0
1646	198	0
1647	204	0
1648	175	0
1649	193	0
1650	212	0
1651	203	0
1652	181	0
1653	182	0
1654	193	0
1655	220	0
1656	178	0
1657	220	0
1658	217	0
1659	193	0
1660	223	0
1661	204	0
1662	202	0
1663	168	0
1664	177	0
1665	202	0
1666	195	0
1667	197	0
1668	171	0
1669	194	0
1670	196	0
1671	195	0
1672	184	0
1673	213	0
1674	197	0
1675	188	0
1676	212	0
1677	186	0
1678	208	0
1679	178	0
1680	196	0
1681	224	0
1682	170	0
1683	224	0
1684	197	0
1685	218	0
1686	183	0
1687	201	0
1688	217	0
1689	201	0
1690	192	0
1691	208	0
1692	212	0
1693	227	0
1694	217	0
1695	240	0
1696	214	0
1697	203	0
1698	185	0
1699	207	0
1700	205	0
1701	220	0
1702	184	0
1703	181	0
1704	213	0
1705	188	0
1706	185	0
1707	190	0
1708	206	0
1709	183	0
1710	169	0
1711	182	0
1712	210	0
1713	178	0
1714	200	0
1715	212	0
1716	200	0
1717	178	0
1718	217	0
1719	192	0
1720	203	0
1721	209	0
1722	189	0
1723	204	0
1724	200	0
1725	212	0
1726	197	0
1727	198	0
1728	189	0
1729	200	0
1730	207	0
1731	168	0
1732	168	0
1733	203	0
1734	209	0
1735	206	0
1736	212	0
1737	231	0
1738	202	0
1739	186	0
1740	194	0
1741	186	0
1742	179	0
1743	205	0
1744	223	0
1745	210	0
1746	201	0
1747	203	0
1748	195	0
1749	203	0
1750	219	0
1751	173	0
1752	205	0
1753	202	0
1754	201	0
1755	208	0
1756	201	0
1757	196	0
1758	186	0
1759	211	0
1760	203	0
1761	193	0
1762	198	0
1763	170	0
1764	211	0
1765	194	0
1766	162	0
1767	209	0
1768	197	0
1769	183	0
1770	192	0
1771	194	0
1772	176	0
1773	230	0
1774	190	0
1775	206	0
1776	219	0
1777	195	0
1778	181	0
1779	222	0
1780	205	0
1781	191	0
1782	186	0
1783	204	0
1784	195	0
1785	219	0
1786	184	0
1787	177	0
1788	184	0
1789	198	0
1790	199	0
1791	203	0
1792	209	0
1793	184	0
1794	206	0
1795	186	0
1796	174	0
1797	187	0
1798	180	0
1799	202	0
1800	186	0
1801	173	0
1802	216	0
1803	197	0
1804	192	0
1805	222	0
1806	204	0
1807	200	0
1808	225	0
1809	216	0
1810	207	0
1811	215	0
1812	162	0
1813	191	0
1814	212	0
1815	185	0
1816	208	0
1817	218	0
1818	194	0
1819	198	0
1820	208	0
1821	209	0
1822	239	0
1823	193	0
1824	198	0
1825	210	0
1826	221	0
1827	193	0
1828	217	0
1829	197	0
1830	179	0
1831	190	0
1832	195	0
1833	205	0
1834	200	0
1835	212	0
1836	187	0
1837	222	0
1838	197	0
1839	184	0
1840	183	0
1841	203	0
1842	187	0
1843	206	0
1844	189	0
1845	197	0
1846	194	0
1847	190	0
1848	209	0
1849	180	0
1850	195	0
1851	203	0
1852	189	0
1853	177	0
1854	201	0
1855	197	0
1856	197	0
1857	199	0
1858	197	0
1859	204	0
1860	187	0
1861	184	0
1862	204	0
1863	205	0
1864	183	0
1865	180	0
1866	206	0
1867	208	0
1868	200	0
1869	168	0
1870	198	0
1871	198	0
1872	181	0
1873	190	0
1874	197	0
1875	191	0
1876	195	0
1877	215	0
1878	194	0
1879	217	0
1880	203	0
1881	216	0
1882	195	0
1883	224	0
1884	205	0
1885	194	0
1886	209	0
1887	222	0
1888	195	0
1889	196	0
1890	198	0
1891	191	0
1892	208	0
1893	227	0
1894	186	0
1895	202	0
1896	181	0
1897	194	0
1898	201	0
1899	201	0
1900	201	0
1901	215	0
1902	192	0
1903	202	0
1904	180	0
1905	218	0
1906	196	0
1907	205	0
1908	216	0
1909	188	0
1910	217	0
1911	213	0
1912	194	0
1913	199	0
1914	162	0
1915	182	0
1916	194	0
1917	218	0
1918	191	0
1919	205	0
1920	203	0
1921	232	0
1922	200	0
1923	210	0
1924	199	0
1925	211	0
1926	194	0
1927	186	0
1928	197	0
1929	198	0
1930	202	0
1931	205	0
1932	199	0
1933	205	0
1934	213	0
1935	202	0
1936	192	0
1937	193	0
1938	175	0
1939	194	0
1940	181	0
1941	197	0
1942	193	0
1943	167	0
1944	203	0
1945	205	0
1946	222	0
1947	200	0
1948	173	0
1949	198	0
1950	196	0
1951	201	0
1952	185	0
1953	191	0
1954	187	0
1955	210	0
1956	175	0
1957	204	0
1958	205	0
1959	184	0
1960	201	0
1961	179	0
1962	197	0
1963	180	0
1964	198	0
1965	176	0
1966	195	0
1967	188	0
1968	214	0
1969	160	0
1970	192	0
1971	202	0
1972	207	0
1973	201	0
1974	203	0
1975	204	0
1976	203	0
1977	205	0
1978	157	0
1979	186	0
1980	215	0
1981	207	0
1982	197	0
1983	197	0
1984	185	0
1985	202	0
1986	205	0
1987	195	0
1988	183	0
1989	204	0
1990	193	0
1991	196	0
1992	208	0
1993	225	0
1994	202	0
1995	195	0
1996	190	0
1997	191	0
1998	195	0
1999	219	0
2000	187	0
2001	187	0
2002	186	0
2003	201	0
2004	196	0
2005	199	0
2006	202	0
2007	183	0
2008	201	0
2009	192	0
2010	202	0
2011	202	0
2012	197	0
2013	196	0
2014	212	0
2015	184	0
2016	175	0
2017	192	0
2018	212	0
2019	192	0
2020	180	0
2021	179	0
2022	204	0
2023	177	0
2024	197	0
2025	202	0
2026	203	0
2027	198	0
2028	185	0
2029	231	0
2030	202	0
2031	198	0
2032	180	0
2033	209	0
2034	204	0
2035	224	0
2036	197	0
2037	182	0
2038	218	0
2039	212	0
2040	218	0
2041	201	0
2042	207	0
2043	191	0
2044	216	0
2045	177	0
2046	213	0
2047	186	0
2048	170	0
2049	177	0
2050	187	0
2051	197	0
2052	178	0
2053	205	0
2054	215	0
2055	203	0
2056	171	0
2057	185	0
2058	194	0
2059	200	0
2060	189	0
2061	192	0
2062	207	0
2063	208	0
2064	219	0
2065	204	0
2066	205	0
2067	180	0
2068	191	0
2069	193	0
2070	201	0
2071	213	0
2072	199	0
2073	185	0
2074	190	0
2075	198	0
2076	190	0
2077	225	0
2078	210	0
2079	193	0
2080	201	0
2081	164	0
2082	197	0
2083	204	0
2084	181	0
2085	206	0
2086	189	0
2087	203	0
2088	187	0
2089	184	0
2090	184	0
2091	206	0
2092	220	0
2093	186	0
2094	196	0
2095	173	0
2096	197	0
2097	201	0
2098	207	0
2099	225	0
2100	192	0
2101	187	0
2102	195	0
2103	208	0
2104	207	0
2105	201	0
2106	188	0
2107	208	0
2108	216	0
2109	203	0
2110	187	0
2111	200	0
2112	228	0
2113	200	0
2114	171	0
2115	212	0
2116	193	0
2117	182	0
2118	205	0
2119	202	0
2120	210	0
2121	226	0
2122	204	0
2123	192	0
2124	198	0
2125	178	0
2126	224	0
2127	193	0
2128	187	0
2129	227	0
2130	202	0
2131	200	0
2132	201	0
2133	218	0
2134	207	0
2135	198	0
2136	191	0
2137	200	0
2138	186	0
2139	190	0
2140	194	0
2141	204	0
2142	216	0
2143	197	0
2144	186	0
2145	177	0
2146	229	0
2147	231	0
2148	218	0
2149	200	0
2150	213	0
2151	238	0
2152	213	0
2153	209	0
2154	191	0
2155	219	0
2156	200	0
2157	195	0
2158	195	0
2159	203	0
2160	194	0
2161	200	0
2162	162	0
2163	188	0
2164	178	0
2165	215	0
2166	181	0
2167	193	0
2168	181	0
2169	206	0
2170	210	0
2171	210	0
2172	183	0
2173	195	0
2174	178	0
2175	174	0
2176	211	0
2177	210	0
2178	195	0
2179	193	0
2180	196	0
2181	206	0
2182	187	0
2183	196	0
2184	217	0
2185	202	0
2186	207	0
2187	210	0
2188	214	0
2189	209	0
2190	205	0
2191	200	0
2192	208	0
2193	191	0
2194	203	0
2195	218	0
2196	192	0
2197	183	0
2198	194	0
2199	208	0
2200	194	0
2201	214	0
2202	197	0
2203	190	0
2204	178	0
2205	190	0
2206	191	0
2207	197	0
2208	201	0
2209	212	0
2210	202	0
2211	186	0
2212	213	0
2213	182	0
2214	202	0
2215	201	0
2216	183	0
2217	186	0
2218	201	0
2219	196	0
2220	183	0
2221	211	0
2222	228	0
2223	188	0
2224	206	0
2225	175	0
2226	170	0
2227	198	0
2228	190	0
2229	198	0
2230	191	0
2231	202	0
2232	214	0
2233	210	0
2234	179	0
2235	177	0
2236	230	0
2237	187	0
2238	206	0
2239	199	0
2240	223	0
2241	200	0
2242	183	0
2243	209	0
2244	194	0
2245	186	0
2246	187	0
2247	178	0
2248	235	0
2249	218	0
2250	196	0
2251	198	0
2252	203	0
2253	203	0
2254	174	0
2255	205	0
2256	196	0
2257	181	0
2258	208	0
2259	202	0
2260	213	0
2261	203	0
2262	212	0
2263	219	0
2264	203	0
2265	222	0
2266	187	0
2267	190	0
2268	185	0
2269	205	0
2270	206	0
2271	207	0
2272	185	0
2273	217	0
2274	205	0
2275	199	0
2276	213	0
2277	203	0
2278	190	0
2279	224	0
2280	198	0
2281	210	0
2282	195	0
2283	191	0
2284	236	0
2285	187	0
2286	233	0
2287	221	0
2288	212	0
2289	194	0
2290	216	0
2291	214	0
2292	190	0
2293	193	0
2294	214	0
2295	221	0
2296	201	0
2297	216	0
2298	216	0
2299	192	0
2300	184	0
2301	209	0
2302	192	0
2303	186	0
2304	219	0
2305	194	0
2306	198	0
2307	167	0
2308	202	0
2309	208	0
2310	205	0
2311	190	0
2312	169	0
2313	205	0
2314	216	0
2315	204	0
2316	207	0
2317	174	0
2318	208	0
2319	178	0
2320	180	0
2321	221	0
2322	201	0
2323	170	0
2324	194	0
2325	207	0
2326	214	0
2327	184	0
2328	199	0
2329	214	0
2330	185	0
2331	211	0
2332	219	0
2333	202	0
2334	194	0
2335	182	0
2336	209	0
2337	226	0
2338	218	0
2339	177	0
2340	226	0
2341	203	0
2342	213	0
2343	192	0
2344	198	0
2345	213	0
2346	233	0
2347	196	0
2348	174	0
2349	188	0
2350	195	0
2351	202	0
2352	204	0
2353	220	0
2354	219	0
2355	200	0
2356	167	0
2357	203	0
2358	224	0
2359	221	0
2360	227	0
2361	203	0
2362	168	0
2363	180	0
2364	222	0
2365	217	0
2366	227	0
2367	195	0
2368	194	0
2369	219	0
2370	205	0
2371	219	0
2372	201	0
2373	197	0
2374	190	0
2375	207	0
2376	191	0
2377	184	0
2378	179	0
2379	209	0
2380	185	0
2381	194	0
2382	219	0
2383	220	0
2384	190	0
2385	189	0
2386	204	0
2387	196	0
2388	201	0
2389	210	0
2390	210	0
2391	187	0
2392	179	0
2393	197	0
2394	193	0
2395	178	0
2396	214	0
2397	192	0
2398	198	0
2399	211	0
2400	190	0
2401	186	0
2402	194	0
2403	171	0
2404	182	0
2405	211	0
2406	206	0
2407	204	0
2408	224	0
2409	207	0
2410	212	0
2411	210	0
2412	225	0
2413	215	0
2414	187	0
2415	214	0
2416	180	0
2417	198	0
2418	201	0
2419	181	0
2420	193	0
2421	209	0
2422	183	0
2423	181	0
2424	225	0
2425	187	0
2426	167	0
2427	204	0
2428	183	0
2429	218	0
2430	179	0
2431	205	0
2432	174	0
2433	190	0
2434	204	0
2435	226	0
2436	194	0
2437	203	0
2438	179	0
2439	195	0
2440	200	0
2441	201	0
2442	216	0
2443	222	0
2444	221	0
2445	189	0
2446	216	0
2447	185	0
2448	196	0
2449	192	0
2450	177	0
2451	206	0
2452	192	0
2453	201	0
2454	209	0
2455	193	0
2456	195	0
2457	188	0
2458	193	0
2459	180	0
2460	188	0
2461	217	0
2462	205	0
2463	198	0
2464	209	0
2465	204	0
2466	205	0
2467	206	0
2468	219	0
2469	180	0
2470	194	0
2471	221	0
2472	204	0
2473	207	0
2474	220	0
2475	208	0
2476	210	0
2477	205	0
2478	197	0
2479	231	0
2480	185	0
2481	209	0
2482	200	0
2483	191	0
2484	209	0
2485	183	0
2486	202	0
2487	198	0
2488	208	0
2489	189	0
2490	193	0
2491	195	0
2492	224	0
2493	207	0
2494	199	0
2495	237	0
2496	217	0
2497	197	0
2498	190	0
2499	221	0
2500	205	0
2501	206	0
2502	210	0
2503	196	0
2504	216	0
2505	201	0
2506	214	0
2507	199	0
2508	197	0
2509	201	0
2510	185	0
2511	204	0
2512	217	0
2513	201	0
2514	203	0
2515	200	0
2516	202	0
2517	213	0
2518	186	0
2519	186	0
2520	212	0
2521	221	0
2522	189	0
2523	202	0
2524	197	0
2525	190	0
2526	194	0
2527	199	0
2528	187	0
2529	183	0
2530	223	0
2531	193	0
2532	183	0
2533	186	0
2534	202	0
2535	203	0
2536	197	0
2537	193	0
2538	198	0
2539	233	0
2540	196	0
2541	181	0
2542	200	0
2543	177	0
2544	209	0
2545	179	0
2546	199	0
2547	209	0
2548	197	0
2549	196	0
2550	196	0
2551	225	0
2552	186	0
2553	192	0
2554	174	0
2555	193	0
2556	192	0
2557	206	0
2558	199	0
2559	206	0
2560	211	0
2561	195	0
2562	211	0
2563	204	0
2564	197	0
2565	202	0
2566	197	0
2567	194	0
2568	226	0
2569	210	0
2570	202	0
2571	223	0
2572	200	0
2573	212	0
2574	202	0
2575	194	0
2576	199	0
2577	187	0
2578	202	0
2579	209	0
2580	192	0
2581	217	0
2582	200	0
2583	198	0
2584	175	0
2585	180	0
2586	193	0
2587	191	0
2588	200	0
2589	185	0
2590	180	0
2591	198	0
2592	191	0
2593	209	0
2594	182	0
2595	193	0
2596	203	0
2597	194	0
2598	229	0
2599	203	0
2600	209	0
2601	209	0
2602	192	0
2603	196	0
2604	202	0
2605	204	0
2606	183	0
2607	215	0
2608	200	0
2609	209	0
2610	204	0
2611	198	0
2612	195	0
2613	175	0
2614	193	0
2615	211	0
2616	219	0
2617	187	0
2618	176	0
2619	161	0
2620	204	0
2621	209	0
2622	186	0
2623	191	0
2624	166	0
2625	226	0
2626	205	0
2627	214	0
2628	229	0
2629	203	0
2630	175	0
2631	195	0
2632	206	0
2633	188	0
2634	217	0
2635	191	0
2636	200	0
2637	206	0
2638	217	0
2639	209	0
2640	189	0
2641	180	0
2642	195	0
2643	185	0
2644	213	0
2645	201	0
2646	199	0
2647	187	0
2648	219	0
2649	243	0
2650	201	0
2651	196	0
2652	211	0
2653	191	0
2654	225	0
2655	206	0
2656	161	0
2657	196	0
2658	191	0
2659	213	0
2660	210	0
2661	201	0
2662	191	0
2663	228	0
2664	220	0
2665	193	0
2666	210	0
2667	201	0
2668	212	0
2669	199	0
2670	188	0
2671	187	0
2672	193	0
2673	193	0
2674	186	0
2675	207	0
2676	204	0
2677	200	0
2678	197	0
2679	234	0
2680	192	0
2681	209	0
2682	234	0
2683	195	0
2684	191	0
2685	201	0
2686	199	0
2687	197	0
2688	192	0
2689	181	0
2690	206	0
2691	193	0
2692	215	0
2693	178	0
2694	207	0
2695	180	0
2696	194	0
2697	208	0
2698	180	0
2699	209	0
2700	202	0
2701	204	0
2702	178	0
2703	182	0
2704	195	0
2705	203	0
2706	178	0
2707	197	0
2708	210	0
2709	190	0
2710	203	0
2711	198	0
2712	216	0
2713	197	0
2714	202	0
2715	210	0
2716	222	0
2717	182	0
2718	205	0
2719	232	0
2720	169	0
2721	209	0
2722	206	0
2723	203	0
2724	217	0
2725	212	0
2726	195	0
2727	226	0
2728	188	0
2729	184	0
2730	213	0
2731	203	0
2732	211	0
2733	181	0
2734	216	0
2735	214	0
2736	209	0
2737	208	0
2738	175	0
2739	221	0
2740	218	0
2741	225	0
2742	200	0
2743	195	0
2744	190	0
2745	210	0
2746	181	0
2747	197	0
2748	211	0
2749	206	0
2750	192	0
2751	205	0
2752	236	0
2753	179	0
2754	204	0
2755	191	0
2756	193	0
2757	196	0
2758	219	0
2759	201	0
2760	182	0
2761	207	0
2762	195	0
2763	203	0
2764	192	0
2765	227	0
2766	209	0
2767	185	0
2768	193	0
2769	211	0
2770	182	0
2771	184	0
2772	183	0
2773	192	0
2774	196	0
2775	194	0
2776	218	0
2777	217	0
2778	212	0
2779	210	0
2780	179	0
2781	211	0
2782	202	0
2783	217	0
2784	190	0
2785	210	0
2786	178	0
2787	209	0
2788	185	0
2789	189	0
2790	198	0
2791	186	0
2792	192	0
2793	176	0
2794	190	0
2795	214	0
2796	218	0
2797	220	0
2798	191	0
2799	211	0
2800	192	0
2801	200	0
2802	190	0
2803	210	0
2804	218	0
2805	203	0
2806	171	0
2807	199	0
2808	197	0
2809	177	0
2810	205	0
2811	204	0
2812	181	0
2813	204	0
2814	201	0
2815	168	0
2816	197	0
2817	195	0
2818	202	0
2819	212	0
2820	194	0
2821	222	0
2822	180	0
2823	185	0
2824	191	0
2825	191	0
2826	191	0
2827	185	0
2828	201	0
2829	193	0
2830	186	0
2831	201	0
2832	201	0
2833	219	0
2834	216	0
2835	194	0
2836	236	0
2837	207	0
2838	196	0
2839	206	0
2840	193	0
2841	211	0
2842	185	0
2843	220	0
2844	193	0
2845	197	0
2846	205	0
2847	199	0
2848	181	0
2849	201	0
2850	203	0
2851	198	0
2852	211	0
2853	197	0
2854	201	0
2855	183	0
2856	180	0
2857	217	0
2858	203	0
2859	210	0
2860	197	0
2861	172	0
2862	222	0
2863	202	0
2864	178	0
2865	181	0
2866	199	0
2867	196	0
2868	206	0
2869	185	0
2870	190	0
2871	192	0
2872	200	0
2873	178	0
2874	188	0
2875	197	0
2876	201	0
2877	193	0
2878	214	0
2879	201	0
2880	227	0
2881	182	0
2882	176	0
2883	200	0
2884	199	0
2885	210	0
2886	210	0
2887	210	0
2888	237	0
2889	193	0
2890	209	0
2891	220	0
2892	179	0
2893	181	0
2894	222	0
2895	204	0
2896	214	0
2897	197	0
2898	207	0
2899	211	0
2900	202	0
2901	210	0
2902	194	0
2903	185	0
2904	210	0
2905	201	0
2906	209	0
2907	210	0
2908	227	0
2909	199	0
2910	196	0
2911	181	0
2912	193	0
2913	213	0
2914	223	0
2915	201	0
2916	165	0
2917	201	0
2918	200	0
2919	216	0
2920	216	0
2921	205	0
2922	201	0
2923	211	0
2924	186	0
2925	179	0
2926	201	0
2927	201	0
2928	171	0
2929	205	0
2930	206	0
2931	219	0
2932	222	0
2933	202	0
2934	195	0
2935	193	0
2936	194	0
2937	237	0
2938	215	0
2939	194	0
2940	200	0
2941	219	0
2942	207	0
2943	213	0
2944	185	0
2945	201	0
2946	207	0
2947	198	0
2948	216	0
2949	186	0
2950	187	0
2951	182	0
2952	192	0
2953	207	0
2954	164	0
2955	195	0
2956	188	0
2957	212	0
2958	209	0
2959	197	0
2960	221	0
2961	197	0
2962	195	0
2963	230	0
2964	198	0
2965	237	0
2966	209	0
2967	181	0
2968	218	0
2969	188	0
2970	210	0
2971	208	0
2972	177	0
2973	200	0
2974	199	0
2975	178	0
2976	223	0
2977	191	0
2978	202	0
2979	199	0
2980	203	0
2981	188	0
2982	219	0
2983	203	0
2984	224	0
2985	172	0
2986	184	0
2987	195	0
2988	184	0
2989	172	0
2990	216	0
2991	224	0
2992	210	0
2993	200	0
2994	202	0
2995	208	0
2996	193	0
2997	186	0
2998	195	0
2999	177	0
3000	185	0
