1	174	0
2	210	0
3	183	0
4	194	0
5	178	0
6	206	0
7	213	0
8	174	0
9	176	0
10	220	0
11	177	0
12	202	0
13	186	0
14	175	0
15	165	0
16	170	0
17	200	0
18	189	0
19	190	0
20	217	0
21	191	0
22	172	0
23	209	0
24	178	0
25	177	0
26	186	0
27	200	0
28	186	0
29	216	0
30	199	0
31	175	0
32	168	0
33	193	0
34	208	0
35	204	0
36	230	0
37	212	0
38	198	0
39	199	0
40	190	0
41	196	0
42	166	0
43	174	0
44	216	0
45	200	0
46	202	0
47	197	0
48	192	0
49	186	0
50	202	0
51	183	0
52	190	0
53	170	0
54	202	0
55	208	0
56	194	0
57	208	0
58	184	0
59	221	0
60	175	0
61	202	0
62	215	0
63	188	0
64	201	0
65	202	0
66	213	0
67	192	0
68	219	0
69	187	0
70	187	0
71	189	0
72	175	0
73	201	0
74	225	0
75	193	0
76	213	0
77	207	0
78	180	0
79	192	0
80	205	0
81	192	0
82	169	0
83	189	0
84	216	0
85	226	0
86	205	0
87	189	0
88	203	0
89	165	0
90	203	0
91	184	0
92	192	0
93	213	0
94	208	0
95	158	0
96	181	0
97	197	0
98	218	0
99	203	0
100	188	0
101	197	0
102	204	0
103	177	0
104	223	0
105	177	0
106	192	0
107	221	0
108	200	0
109	187	0
110	193	0
111	237	0
112	206	0
113	195	0
114	209	0
115	217	0
116	222	0
117	195	0
118	219	0
119	234	0
120	193	0
121	199	0
122	170	0
123	202	0
124	195	0
125	197	0
126	186	0
127	196	0
128	203	0
129	173	0
130	183	0
131	217	0
132	190	0
133	206	0
134	182	0
135	196	0
136	176	0
137	198	0
138	193	0
139	208	0
140	211	0
141	219	0
142	211	0
143	220	0
144	170	0
145	185	0
146	202	0
147	209	0
148	206	0
149	207	0
150	186	0
151	200	0
152	208	0
153	226	0
154	186	0
155	197	0
156	179	0
157	205	0
158	199	0
159	202	0
160	178	0
161	211	0
162	190	0
163	202	0
164	202	0
165	208	0
166	180	0
167	201	0
168	174	0
169	185	0
170	194	0
171	212	0
172	180	0
173	177	0
174	194	0
175	176	0
176	234	0
177	192	0
178	186	0
179	214	0
180	218	0
181	161	0
182	202	0
183	199	0
184	180	0
185	189	0
186	186	0
187	195	0
188	188	0
189	193	0
190	211	0
191	227	0
192	166	0
193	181	0
194	199	0
195	204	0
196	171	0
197	190	0
198	237	0
199	213	0
200	194	0
201	191	0
202	178	0
203	221	0
204	179	0
205	223	0
206	209	0
207	191	0
208	210	0
209	195	0
210	192	0
211	198	0
212	207	0
213	209	0
214	185	0
215	188	0
216	178	0
217	189	0
218	181	0
219	207	0
220	189	0
221	224	0
222	176	0
223	198	0
224	184	0
225	191	0
226	201	0
227	192	0
228	204	0
229	202	0
230	200	0
231	204	0
232	183	0
233	199	0
234	213	0
235	192	0
236	206	0
237	176	0
238	192	0
239	174	0
240	199	0
241	184	0
242	191	0
243	216	0
244	192	0
245	185	0
246	192	0
247	226	0
248	209	0
249	207	0
250	177	0
251	191	0
252	213	0
253	195	0
254	194	0
255	188	0
256	200	0
257	195	0
258	197	0
259	189	0
260	200	0
261	235	0
262	207	0
263	193	0
264	201	0
265	190	0
266	213	0
267	175	0
268	207	0
269	181	0
270	209	0
271	187	0
272	185	0
273	194	0
274	208	0
275	188	0
276	215	0
277	209	0
278	213	0
279	181	0
280	183	0
281	200	0
282	229	0
283	185	0
284	201	0
285	196	0
286	196	0
287	218	0
288	192	0
289	193	0
290	200	0
291	206	0
292	184	0
293	182	0
294	209	0
295	208	0
296	196	0
297	191	0
298	201	0
299	193	0
300	210	0
301	196	0
302	169	0
303	187	0
304	192	0
305	158	0
306	174	0
307	184	0
308	215	0
309	217	0
310	214	0
311	182	0
312	199	0
313	198	0
314	215	0
315	229	0
316	203	0
317	169	0
318	192	0
319	199	0
320	189	0
321	200	0
322	209	0
323	196	0
324	201	0
325	230	0
326	216	0
327	195	0
328	209	0
329	220	0
330	174	0
331	198	0
332	193	0
333	193	0
334	187	0
335	214	0
336	202	0
337	209	0
338	198	0
339	187	0
340	204	0
341	233	0
342	183	0
343	196	0
344	195	0
345	196	0
346	211	0
347	189	0
348	235	0
349	182	0
350	193	0
351	232	0
352	204	0
353	197	0
354	204	0
355	185	0
356	194	0
357	180	0
358	207	0
359	177	0
360	182	0
361	198	0
362	190	0
363	192	0
364	188	0
365	208	0
366	193	0
367	199	0
368	198	0
369	174	0
370	204	0
371	184	0
372	198	0
373	189	0
374	198	0
375	193	0
376	189	0
377	207	0
378	184	0
379	217	0
380	187	0
381	206	0
382	204	0
383	154	0
384	207	0
385	179	0
386	184	0
387	188	0
388	197	0
389	216	0
390	203	0
391	188	0
392	208	0
393	207	0
394	191	0
395	210	0
396	205	0
397	197	0
398	200	0
399	192	0
400	217	0
401	205	0
402	213	0
403	195	0
404	196	0
405	186	0
406	190	0
407	193	0
408	189	0
409	191	0
410	187	0
411	191	0
412	197	0
413	184	0
414	197	0
415	186	0
416	193	0
417	199	0
418	231	0
419	197	0
420	224	0
421	206	0
422	208	0
423	208	0
424	189	0
425	163	0
426	208	0
427	210	0
428	212	0
429	205	0
430	216	0
431	215	0
432	210	0
433	179	0
434	220	0
435	218	0
436	207	0
437	209	0
438	183	0
439	184	0
440	186	0
441	206	0
442	213	0
443	200	0
444	200	0
445	199	0
446	206	0
447	199	0
448	208	0
449	192	0
450	192	0
451	187	0
452	206	0
453	199	0
454	216	0
455	187	0
456	201	0
457	223	0
458	185	0
459	203	0
460	202	0
461	187	0
462	188	0
463	183	0
464	204	0
465	205	0
466	202	0
467	196	0
468	175	0
469	207	0
470	214	0
471	201	0
472	210	0
473	191	0
474	211	0
475	212	0
476	168	0
477	217	0
478	182	0
479	207	0
480	185	0
481	196	0
482	191	0
483	174	0
484	192	0
485	209	0
486	207	0
487	214	0
488	185	0
489	193	0
490	207	0
491	192	0
492	190	0
493	180	0
494	185	0
495	202	0
496	175	0
497	177	0
498	195	0
499	193	0
500	186	0
501	194	0
502	221	0
503	200	0
504	191	0
505	207	0
506	199	0
507	175	0
508	185	0
509	199	0
510	205	0
511	202	0
512	177	0
513	186	0
514	208	0
515	201	0
516	231	0
517	235	0
518	215	0
519	200	0
520	194	0
521	177	0
522	213	0
523	204	0
524	196	0
525	217	0
526	208	0
527	212	0
528	190	0
529	214	0
530	201	0
531	201	0
532	202	0
533	210	0
534	196	0
535	198	0
536	215	0
537	221	0
538	199	0
539	176	0
540	184	0
541	226	0
542	181	0
543	202	0
544	202	0
545	196	0
546	163	0
547	186	0
548	213	0
549	199	0
550	181	0
551	176	0
552	198	0
553	190	0
554	201	0
555	175	0
556	217	0
557	184	0
558	194	0
559	185	0
560	169	0
561	204	0
562	191	0
563	193	0
564	188	0
565	195	0
566	154	0
567	196	0
568	208	0
569	199	0
570	181	0
571	182	0
572	210	0
573	197	0
574	206	0
575	174	0
576	186	0
577	212	0
578	192	0
579	195	0
580	191	0
581	221	0
582	185	0
583	206	0
584	174	0
585	213	0
586	187	0
587	199	0
588	194	0
589	198	0
590	198	0
591	193	0
592	181	0
593	209	0
594	172	0
595	179	0
596	187	0
597	184	0
598	196	0
599	223	0
600	179	0
601	226	0
602	174	0
603	198	0
604	162	0
605	188	0
606	217	0
607	201	0
608	216	0
609	191	0
610	213	0
611	227	0
612	194	0
613	190	0
614	190	0
615	187	0
616	192	0
617	210	0
618	174	0
619	197	0
620	195	0
621	197	0
622	202	0
623	200	0
624	193	0
625	205	0
626	188	0
627	200	0
628	216	0
629	216	0
630	202	0
631	214	0
632	201	0
633	202	0
634	181	0
635	205	0
636	159	0
637	237	0
638	207	0
639	200	0
640	200	0
641	197	0
642	203	0
643	202	0
644	206	0
645	211	0
646	197	0
647	190	0
648	209	0
649	234	0
650	202	0
651	181	0
652	186	0
653	203	0
654	232	0
655	171	0
656	186	0
657	190	0
658	210	0
659	209	0
660	195	0
661	183	0
662	183	0
663	213	0
664	184	0
665	209	0
666	213	0
667	194	0
668	194	0
669	212	0
670	206	0
671	208	0
672	198	0
673	168	0
674	199	0
675	227	0
676	219	0
677	186	0
678	201	0
679	205	0
680	198	0
681	182	0
682	194	0
683	189	0
684	199	0
685	189	0
686	190	0
687	184	0
688	215	0
689	193	0
690	198	0
691	188	0
692	210	0
693	194	0
694	200	0
695	231	0
696	202	0
697	186	0
698	207	0
699	197	0
700	191	0
701	207	0
702	191	0
703	240	0
704	201	0
705	219	0
706	195	0
707	185	0
708	218	0
709	191	0
710	210	0
711	198	0
712	201	0
713	215	0
714	183	0
715	168	0
716	188	0
717	180	0
718	189	0
719	176	0
720	197	0
721	208	0
722	182	0
723	170	0
724	216	0
725	220	0
726	197	0
727	200	0
728	201	0
729	214	0
730	212	0
731	210	0
732	201	0
733	192	0
734	193	0
735	187	0
736	202	0
737	219	0
738	206	0
739	205	0
740	205	0
741	219	0
742	184	0
743	187	0
744	179	0
745	185	0
746	192	0
747	188	0
748	185	0
749	210	0
750	214	0
751	202	0
752	197	0
753	182	0
754	179	0
755	183	0
756	192	0
757	229	0
758	192	0
759	227	0
760	173	0
761	184	0
762	182	0
763	223	0
764	200	0
765	209	0
766	192	0
767	189	0
768	203	0
769	206	0
770	201	0
771	174	0
772	217	0
773	186	0
774	204	0
775	207	0
776	172	0
777	210	0
778	173	0
779	186	0
780	191	0
781	198	0
782	169	0
783	200	0
784	182	0
785	206	0
786	215	0
787	182	0
788	209	0
789	219	0
790	215	0
791	201	0
792	192	0
793	205	0
794	184	0
795	166	0
796	177	0
797	193	0
798	195	0
799	207	0
800	192	0
801	173	0
802	193	0
803	196	0
804	215	0
805	202	0
806	181	0
807	180	0
808	187	0
809	210	0
810	224	0
811	200	0
812	213	0
813	180	0
814	217	0
815	184	0
816	210	0
817	195	0
818	188	0
819	202	0
820	175	0
821	219	0
822	233	0
823	184	0
824	193	0
825	178	0
826	182	0
827	205	0
828	171	0
829	174	0
830	193	0
831	201	0
832	180	0
833	200	0
834	204	0
835	190	0
836	192	0
837	188	0
838	186	0
839	193	0
840	208	0
841	203	0
842	177	0
843	190	0
844	223	0
845	197	0
846	185	0
847	195	0
848	207	0
849	229	0
850	202	0
851	213	0
852	188	0
853	196	0
854	204	0
855	183	0
856	230	0
857	224	0
858	189	0
859	221	0
860	197	0
861	186	0
862	208	0
863	189	0
864	171	0
865	172	0
866	191	0
867	191	0
868	202	0
869	216	0
870	203	0
871	212	0
872	195	0
873	196	0
874	175	0
875	224	0
876	199	0
877	202	0
878	197	0
879	210	0
880	221	0
881	179	0
882	179	0
883	202	0
884	211	0
885	203	0
886	185	0
887	193	0
888	181	0
889	199	0
890	184	0
891	199	0
892	198	0
893	205	0
894	187	0
895	199	0
896	194	0
897	209	0
898	193	0
899	200	0
900	220	0
901	221	0
902	189	0
903	205	0
904	188	0
905	200	0
906	179	0
907	214	0
908	188	0
909	178	0
910	229	0
911	172	0
912	208	0
913	191	0
914	208	0
915	205	0
916	175	0
917	193	0
918	202	0
919	186	0
920	185	0
921	194	0
922	223	0
923	191	0
924	156	0
925	203	0
926	176	0
927	164	0
928	195	0
929	209	0
930	204	0
931	208	0
932	176	0
933	196	0
934	188	0
935	209	0
936	202	0
937	181	0
938	201	0
939	197	0
940	198	0
941	197	0
942	212	0
943	199	0
944	201	0
945	225	0
946	198	0
947	197	0
948	178	0
949	187	0
950	184	0
951	198	0
952	186	0
953	203	0
954	177	0
955	197	0
956	221	0
957	206	0
958	187	0
959	187	0
960	179	0
961	225	0
962	209	0
963	206	0
964	205	0
965	176	0
966	197	0
967	190	0
968	205	0
969	205	0
970	176	0
971	187	0
972	198	0
973	203	0
974	196	0
975	191	0
976	195	0
977	191	0
978	187	0
979	220	0
980	200	0
981	182	0
982	191	0
983	205	0
984	191	0
985	194	0
986	181	0
987	193	0
988	186	0
989	180	0
990	201	0
991	189	0
992	193	0
993	172	0
994	196	0
995	217	0
996	208	0
997	199	0
998	205	0
999	197	0
1000	194	0
1001	178	0
1002	212	0
1003	226	0
1004	190	0
1005	189	0
1006	221	0
1007	203	0
1008	180	0
1009	208	0
1010	188	0
1011	202	0
1012	182	0
1013	184	0
1014	182	0
1015	209	0
1016	207	0
1017	183	0
1018	202	0
1019	206	0
1020	206	0
1021	221	0
1022	173	0
1023	197	0
1024	211	0
1025	183	0
1026	177	0
1027	203	0
1028	198	0
1029	220	0
1030	188	0
1031	219	0
1032	168	0
1033	218	0
1034	202	0
1035	211	0
1036	219	0
1037	186	0
1038	175	0
1039	192	0
1040	203	0
1041	226	0
1042	208	0
1043	186	0
1044	188	0
1045	208	0
1046	185	0
1047	185	0
1048	214	0
1049	191	0
1050	197	0
1051	195	0
1052	190	0
1053	193	0
1054	186	0
1055	211	0
1056	170	0
1057	204	0
1058	186	0
1059	176	0
1060	174	0
1061	186	0
1062	187	0
1063	209	0
1064	178	0
1065	196	0
1066	199	0
1067	196	0
1068	164	0
1069	209	0
1070	193	0
1071	202	0
1072	201	0
1073	194	0
1074	198	0
1075	218	0
1076	198	0
1077	191	0
1078	187	0
1079	173	0
1080	191	0
1081	178	0
1082	193	0
1083	194	0
1084	204	0
1085	179	0
1086	202	0
1087	176	0
1088	197	0
1089	197	0
1090	189	0
1091	204	0
1092	177	0
1093	195	0
1094	214	0
1095	230	0
1096	203	0
1097	187	0
1098	201	0
1099	182	0
1100	210	0
1101	201	0
1102	203	0
1103	179	0
1104	206	0
1105	172	0
1106	219	0
1107	183	0
1108	217	0
1109	211	0
1110	193	0
1111	204	0
1112	210	0
1113	193	0
1114	179	0
1115	197	0
1116	167	0
1117	184	0
1118	214	0
1119	199	0
1120	217	0
1121	232	0
1122	208	0
1123	196	0
1124	191	0
1125	220	0
1126	204	0
1127	174	0
1128	211	0
1129	175	0
1130	167	0
1131	193	0
1132	223	0
1133	199	0
1134	201	0
1135	172	0
1136	200	0
1137	205	0
1138	181	0
1139	200	0
1140	204	0
1141	213	0
1142	222	0
1143	191	0
1144	203	0
1145	223	0
1146	218	0
1147	215	0
1148	211	0
1149	201	0
1150	201	0
1151	191	0
1152	196	0
1153	186	0
1154	200	0
1155	197	0
1156	198	0
1157	181	0
1158	203	0
1159	179	0
1160	213	0
1161	190	0
1162	205	0
1163	208	0
1164	196	0
1165	192	0
1166	184	0
1167	208	0
1168	199	0
1169	200	0
1170	203	0
1171	191	0
1172	183	0
1173	195	0
1174	227	0
1175	209	0
1176	212	0
1177	206	0
1178	184	0
1179	182	0
1180	219	0
1181	187	0
1182	190	0
1183	195	0
1184	193	0
1185	180	0
1186	192	0
1187	209	0
1188	224	0
1189	194	0
1190	198	0
1191	177	0
1192	179	0
1193	184	0
1194	175	0
1195	199	0
1196	216	0
1197	221	0
1198	202	0
1199	219	0
1200	174	0
1201	205	0
1202	217	0
1203	188	0
1204	209	0
1205	199	0
1206	186	0
1207	233	0
1208	196	0
1209	211	0
1210	208	0
1211	208	0
1212	179	0
1213	188	0
1214	203	0
1215	237	0
1216	215	0
1217	205	0
1218	204	0
1219	205	0
1220	181	0
1221	189	0
1222	189	0
1223	196	0
1224	232	0
1225	205	0
1226	193	0
1227	171	0
1228	217	0
1229	201	0
1230	189	0
1231	209	0
1232	189	0
1233	193	0
1234	199	0
1235	193	0
1236	205	0
1237	195	0
1238	215	0
1239	188	0
1240	175	0
1241	182	0
1242	191	0
1243	203	0
1244	196	0
1245	166	0
1246	181	0
1247	208	0
1248	211	0
1249	217	0
1250	188	0
1251	182	0
1252	191	0
1253	218	0
1254	212	0
1255	181	0
1256	204	0
1257	212	0
1258	201	0
1259	206	0
1260	211	0
1261	196	0
1262	205	0
1263	181	0
1264	200	0
1265	200	0
1266	209	0
1267	217	0
1268	184	0
1269	191	0
1270	193	0
1271	214	0
1272	217	0
1273	191	0
1274	228	0
1275	197	0
1276	198	0
1277	202	0
1278	221	0
1279	211	0
1280	181	0
1281	203	0
1282	188	0
1283	217	0
1284	181	0
1285	199	0
1286	204	0
1287	192	0
1288	177	0
1289	198	0
1290	182	0
1291	196	0
1292	182	0
1293	165	0
1294	222	0
1295	204	0
1296	185	0
1297	184	0
1298	183	0
1299	202	0
1300	191	0
1301	185	0
1302	217	0
1303	171	0
1304	217	0
1305	183	0
1306	200	0
1307	197	0
1308	216	0
1309	191	0
1310	197	0
1311	183	0
1312	195	0
1313	180	0
1314	171	0
1315	219	0
1316	220	0
1317	210	0
1318	200	0
1319	174	0
1320	194	0
1321	188	0
1322	186	0
1323	181	0
1324	172	0
1325	192	0
1326	171	0
1327	215	0
1328	180	0
1329	217	0
1330	192	0
1331	177	0
1332	187	0
1333	214	0
1334	200	0
1335	210	0
1336	198	0
1337	199	0
1338	211	0
1339	204	0
1340	185	0
1341	194	0
1342	189	0
1343	182	0
1344	209	0
1345	191	0
1346	205	0
1347	193	0
1348	214	0
1349	195	0
1350	198	0
1351	200	0
1352	182	0
1353	191	0
1354	191	0
1355	201	0
1356	182	0
1357	177	0
1358	180	0
1359	186	0
1360	178	0
1361	172	0
1362	176	0
1363	209	0
1364	197	0
1365	173	0
1366	195	0
1367	208	0
1368	172	0
1369	190	0
1370	202	0
1371	182	0
1372	198	0
1373	179	0
1374	183	0
1375	202	0
1376	194	0
1377	175	0
1378	199	0
1379	194	0
1380	200	0
1381	186	0
1382	199	0
1383	182	0
1384	207	0
1385	223	0
1386	205	0
1387	178	0
1388	209	0
1389	200	0
1390	206	0
1391	212	0
1392	207	0
1393	188	0
1394	193	0
1395	185	0
1396	194	0
1397	194	0
1398	212	0
1399	200	0
1400	194	0
1401	186	0
1402	228	0
1403	190	0
1404	176	0
1405	211	0
1406	193	0
1407	203	0
1408	202	0
1409	197	0
1410	185	0
1411	232	0
1412	210	0
1413	219	0
1414	207	0
1415	194	0
1416	233	0
1417	177	0
1418	190	0
1419	219	0
1420	215	0
1421	219	0
1422	195	0
1423	226	0
1424	196	0
1425	205	0
1426	190	0
1427	192	0
1428	208	0
1429	185	0
1430	193	0
1431	201	0
1432	175	0
1433	192	0
1434	224	0
1435	192	0
1436	233	0
1437	173	0
1438	184	0
1439	212	0
1440	209	0
1441	219	0
1442	212	0
1443	187	0
1444	185	0
1445	206	0
1446	183	0
1447	211	0
1448	197	0
1449	194	0
1450	189	0
1451	175	0
1452	194	0
1453	202	0
1454	178	0
1455	176	0
1456	200	0
1457	197	0
1458	195	0
1459	210	0
1460	176	0
1461	188	0
1462	191	0
1463	194	0
1464	204	0
1465	183	0
1466	212	0
1467	210	0
1468	194	0
1469	208	0
1470	215	0
1471	179	0
1472	182	0
1473	202	0
1474	187	0
1475	177	0
1476	173	0
1477	189	0
1478	188	0
1479	185	0
1480	194	0
1481	177	0
1482	186	0
1483	192	0
1484	188	0
1485	204	0
1486	195	0
1487	203	0
1488	202	0
1489	176	0
1490	207	0
1491	173	0
1492	221	0
1493	184	0
1494	203	0
1495	201	0
1496	197	0
1497	180	0
1498	208	0
1499	184	0
1500	212	0
1501	191	0
1502	190	0
1503	187	0
1504	225	0
1505	190	0
1506	199	0
1507	196	0
1508	226	0
1509	193	0
1510	201	0
1511	195	0
1512	209	0
1513	179	0
1514	175	0
1515	167	0
1516	195	0
1517	192	0
1518	179	0
1519	207	0
1520	162	0
1521	186	0
1522	192	0
1523	171	0
1524	187	0
1525	225	0
1526	204	0
1527	209	0
1528	214	0
1529	220	0
1530	225	0
1531	187	0
1532	214	0
1533	184	0
1534	191	0
1535	181	0
1536	206	0
1537	215	0
1538	211	0
1539	202	0
1540	217	0
1541	190	0
1542	195	0
1543	205	0
1544	195	0
1545	182	0
1546	220	0
1547	188	0
1548	210	0
1549	195	0
1550	224	0
1551	197	0
1552	180	0
1553	196	0
1554	197	0
1555	181	0
1556	187	0
1557	210	0
1558	201	0
1559	206	0
1560	197	0
1561	185	0
1562	190	0
1563	212	0
1564	207	0
1565	177	0
1566	193	0
1567	216	0
1568	201	0
1569	191	0
1570	204	0
1571	213	0
1572	200	0
1573	206	0
1574	216	0
1575	214	0
1576	211	0
1577	185	0
1578	180	0
1579	197	0
1580	201	0
1581	164	0
1582	197	0
1583	214	0
1584	210	0
1585	190	0
1586	176	0
1587	205	0
1588	196	0
1589	207	0
1590	214	0
1591	200	0
1592	227	0
1593	221	0
1594	188	0
1595	197	0
1596	183	0
1597	207	0
1598	187	0
1599	178	0
1600	194	0
1601	211	0
1602	182	0
1603	182	0
1604	180	0
1605	210	0
1606	202	0
1607	200	0
1608	225	0
1609	187	0
1610	189	0
1611	229	0
1612	227	0
1613	192	0
1614	228	0
1615	218	0
1616	212	0
1617	215	0
1618	193	0
1619	188	0
1620	206	0
1621	201	0
1622	175	0
1623	195	0
1624	201	0
1625	195	0
1626	191	0
1627	219	0
1628	227	0
1629	193	0
1630	199	0
1631	201	0
1632	200	0
1633	199	0
1634	203	0
1635	231	0
1636	211	0
1637	200	0
1638	197	0
1639	207	0
1640	188	0
1641	199	0
1642	231	0
1643	213	0
1644	184	0
1645	198	0
1646	200	0
1647	187	0
1648	191	0
1649	204	0
1650	207	0
1651	209	0
1652	197	0
1653	218	0
1654	192	0
1655	207	0
1656	188	0
1657	207	0
1658	174	0
1659	219	0
1660	201	0
1661	193	0
1662	179	0
1663	215	0
1664	179	0
1665	206	0
1666	186	0
1667	224	0
1668	203	0
1669	185	0
1670	193	0
1671	187	0
1672	205	0
1673	198	0
1674	179	0
1675	195	0
1676	187	0
1677	197	0
1678	210	0
1679	197	0
1680	199	0
1681	201	0
1682	198	0
1683	203	0
1684	196	0
1685	188	0
1686	208	0
1687	171	0
1688	204	0
1689	193	0
1690	198	0
1691	199	0
1692	179	0
1693	190	0
1694	196	0
1695	192	0
1696	183	0
1697	157	0
1698	190	0
1699	197	0
1700	188	0
1701	212	0
1702	231	0
1703	201	0
1704	213	0
1705	220	0
1706	180	0
1707	204	0
1708	194	0
1709	199	0
1710	184	0
1711	185	0
1712	188	0
1713	184	0
1714	201	0
1715	195	0
1716	189	0
1717	208	0
1718	202	0
1719	185	0
1720	189	0
1721	198	0
1722	200	0
1723	191	0
1724	209	0
1725	197	0
1726	219	0
1727	175	0
1728	191	0
1729	194	0
1730	193	0
1731	208	0
1732	164	0
1733	192	0
1734	197	0
1735	202	0
1736	222	0
1737	172	0
1738	189	0
1739	200	0
1740	182	0
1741	189	0
1742	197	0
1743	188	0
1744	219	0
1745	172	0
1746	183	0
1747	195	0
1748	206	0
1749	201	0
1750	198	0
1751	186	0
1752	198	0
1753	211	0
1754	192	0
1755	188	0
1756	171	0
1757	214	0
1758	194	0
1759	203	0
1760	192	0
1761	242	0
1762	210	0
1763	196	0
1764	196	0
1765	176	0
1766	222	0
1767	190	0
1768	171	0
1769	209	0
1770	183	0
1771	158	0
1772	203	0
1773	186	0
1774	205	0
1775	180	0
1776	196	0
1777	186	0
1778	220	0
1779	172	0
1780	205	0
1781	205	0
1782	200	0
1783	184	0
1784	188	0
1785	193	0
1786	208	0
1787	193	0
1788	215	0
1789	197	0
1790	192	0
1791	223	0
1792	174	0
1793	218	0
1794	204	0
1795	194	0
1796	208	0
1797	196	0
1798	202	0
1799	190	0
1800	186	0
1801	186	0
1802	191	0
1803	186	0
1804	182	0
1805	199	0
1806	195	0
1807	212	0
1808	217	0
1809	205	0
1810	216	0
1811	209	0
1812	200	0
1813	212	0
1814	187	0
1815	203	0
1816	204	0
1817	189	0
1818	198	0
1819	196	0
1820	176	0
1821	191	0
1822	189	0
1823	188	0
1824	201	0
1825	178	0
1826	194	0
1827	229	0
1828	177	0
1829	190	0
1830	195	0
1831	166	0
1832	204	0
1833	188	0
1834	196	0
1835	197	0
1836	204	0
1837	203	0
1838	192	0
1839	199	0
1840	215	0
1841	190	0
1842	188	0
1843	206	0
1844	174	0
1845	218	0
1846	209	0
1847	198	0
1848	202	0
1849	195	0
1850	181	0
1851	220	0
1852	213	0
1853	202	0
1854	206	0
1855	198	0
1856	205	0
1857	200	0
1858	187	0
1859	211	0
1860	194	0
1861	188	0
1862	210	0
1863	221	0
1864	183	0
1865	202	0
1866	190	0
1867	194	0
1868	205	0
1869	184	0
1870	211	0
1871	200	0
1872	204	0
1873	218	0
1874	212	0
1875	210	0
1876	202	0
1877	221	0
1878	205	0
1879	193	0
1880	216	0
1881	211	0
1882	189	0
1883	197	0
1884	188	0
1885	188	0
1886	185	0
1887	210	0
1888	178	0
1889	203	0
1890	229	0
1891	226	0
1892	189	0
1893	199	0
1894	194	0
1895	170	0
1896	224	0
1897	162	0
1898	195	0
1899	205	0
1900	195	0
1901	201	0
1902	193	0
1903	201	0
1904	178	0
1905	195	0
1906	204	0
1907	179	0
1908	225	0
1909	205	0
1910	191	0
1911	213	0
1912	184	0
1913	179	0
1914	176	0
1915	232	0
1916	187	0
1917	216	0
1918	186	0
1919	191	0
1920	171	0
1921	191	0
1922	200	0
1923	166	0
1924	221	0
1925	202	0
1926	181	0
1927	193	0
1928	193	0
1929	209	0
1930	187	0
1931	193	0
1932	195	0
1933	199	0
1934	194	0
1935	211	0
1936	187	0
1937	186	0
1938	192	0
1939	191	0
1940	162	0
1941	209	0
1942	201	0
1943	194	0
1944	190	0
1945	169	0
1946	213	0
1947	207	0
1948	189	0
1949	216	0
1950	213	0
1951	238	0
1952	195	0
1953	188	0
1954	206	0
1955	194	0
1956	212	0
1957	166	0
1958	186	0
1959	187	0
1960	210	0
1961	198	0
1962	211	0
1963	186	0
1964	209	0
1965	201	0
1966	209	0
1967	214	0
1968	199	0
1969	193	0
1970	202	0
1971	215	0
1972	184	0
1973	203	0
1974	210	0
1975	221	0
1976	209	0
1977	194	0
1978	213	0
1979	192	0
1980	182	0
1981	222	0
1982	203	0
1983	184	0
1984	194	0
1985	177	0
1986	188	0
1987	190	0
1988	194	0
1989	170	0
1990	188	0
1991	179	0
1992	196	0
1993	170	0
1994	187	0
1995	197	0
1996	193	0
1997	204	0
1998	187	0
1999	206	0
2000	218	0
2001	190	0
2002	201	0
2003	185	0
2004	207	0
2005	197	0
2006	188	0
2007	196	0
2008	226	0
2009	216	0
2010	206	0
2011	201	0
2012	210	0
2013	209	0
2014	181	0
2015	199	0
2016	187	0
2017	203	0
2018	200	0
2019	172	0
2020	176	0
2021	185	0
2022	209	0
2023	201	0
2024	210	0
2025	179	0
2026	186	0
2027	180	0
2028	196	0
2029	193	0
2030	196	0
2031	194	0
2032	177	0
2033	196	0
2034	200	0
2035	176	0
2036	175	0
2037	209	0
2038	194	0
2039	188	0
2040	196	0
2041	209	0
2042	219	0
2043	219	0
2044	206	0
2045	186	0
2046	197	0
2047	208	0
2048	205	0
2049	202	0
2050	183	0
2051	187	0
2052	191	0
2053	201	0
2054	207	0
2055	190	0
2056	179	0
2057	200	0
2058	210	0
2059	197	0
2060	237	0
2061	167	0
2062	197	0
2063	166	0
2064	207	0
2065	221	0
2066	195	0
2067	214	0
2068	212	0
2069	199	0
2070	188	0
2071	197	0
2072	175	0
2073	191	0
2074	216	0
2075	204	0
2076	208	0
2077	180	0
2078	193	0
2079	198	0
2080	200	0
2081	224	0
2082	195	0
2083	182	0
2084	185	0
2085	212	0
2086	183	0
2087	196	0
2088	203	0
2089	196	0
2090	222	0
2091	199	0
2092	173	0
2093	222	0
2094	200	0
2095	211	0
2096	214	0
2097	197	0
2098	197	0
2099	177	0
2100	201	0
2101	201	0
2102	212	0
2103	200	0
2104	210	0
2105	210	0
2106	200	0
2107	175	0
2108	202	0
2109	189	0
2110	216	0
2111	194	0
2112	196	0
2113	188	0
2114	199	0
2115	221	0
2116	185	0
2117	195	0
2118	205	0
2119	185	0
2120	204	0
2121	207	0
2122	194	0
2123	203	0
2124	200	0
2125	202	0
2126	187	0
2127	204	0
2128	181	0
2129	201	0
2130	207	0
2131	194	0
2132	175	0
2133	177	0
2134	183	0
2135	197	0
2136	163	0
2137	190	0
2138	183	0
2139	201	0
2140	202	0
2141	194	0
2142	209	0
2143	206	0
2144	188	0
2145	177	0
2146	212	0
2147	183	0
2148	177	0
2149	190	0
2150	208	0
2151	180	0
2152	191	0
2153	182	0
2154	229	0
2155	182	0
2156	190	0
2157	202	0
2158	178	0
2159	200	0
2160	231	0
2161	196	0
2162	181	0
2163	180	0
2164	183	0
2165	219	0
2166	170	0
2167	211	0
2168	192	0
2169	191	0
2170	204	0
2171	200	0
2172	179	0
2173	194	0
2174	187	0
2175	210	0
2176	190	0
2177	185	0
2178	197	0
2179	222	0
2180	211	0
2181	194	0
2182	209	0
2183	188	0
2184	181	0
2185	194	0
2186	210	0
2187	196	0
2188	179	0
2189	179	0
2190	193	0
2191	219	0
2192	183	0
2193	197	0
2194	210	0
2195	204	0
2196	175	0
2197	183	0
2198	191	0
2199	189	0
2200	228	0
2201	186	0
2202	196	0
2203	216	0
2204	189	0
2205	207	0
2206	220	0
2207	214	0
2208	185	0
2209	177	0
2210	211	0
2211	186	0
2212	200	0
2213	208	0
2214	210	0
2215	199	0
2216	208	0
2217	226	0
2218	194	0
2219	196	0
2220	179	0
2221	205	0
2222	202	0
2223	208	0
2224	180	0
2225	206	0
2226	204	0
2227	236	0
2228	226	0
2229	209	0
2230	195	0
2231	213	0
2232	195	0
2233	198	0
2234	211	0
2235	187	0
2236	223	0
2237	173	0
2238	208	0
2239	195	0
2240	198	0
2241	199	0
2242	183	0
2243	196	0
2244	201	0
2245	216	0
2246	202	0
2247	188	0
2248	197	0
2249	206	0
2250	188	0
2251	192	0
2252	212	0
2253	190	0
2254	221	0
2255	198	0
2256	174	0
2257	206	0
2258	191	0
2259	202	0
2260	189	0
2261	222	0
2262	200	0
2263	212	0
2264	196	0
2265	197	0
2266	215	0
2267	168	0
2268	208	0
2269	200	0
2270	199	0
2271	194	0
2272	217	0
2273	180	0
2274	206	0
2275	227	0
2276	210	0
2277	204	0
2278	205	0
2279	181	0
2280	218	0
2281	231	0
2282	221	0
2283	190	0
2284	189	0
2285	207	0
2286	186	0
2287	203	0
2288	194	0
2289	195	0
2290	218	0
2291	180	0
2292	201	0
2293	209	0
2294	211	0
2295	192	0
2296	228	0
2297	206	0
2298	196	0
2299	195	0
2300	215	0
2301	213	0
2302	170	0
2303	224	0
2304	206	0
2305	210	0
2306	202	0
2307	209	0
2308	185	0
2309	204	0
2310	208	0
2311	205	0
2312	194	0
2313	187	0
2314	199	0
2315	197	0
2316	206	0
2317	193	0
2318	202	0
2319	186	0
2320	203	0
2321	182	0
2322	208	0
2323	185	0
2324	194	0
2325	201	0
2326	195	0
2327	215	0
2328	189	0
2329	185	0
2330	210	0
2331	212	0
2332	204	0
2333	211	0
2334	191	0
2335	185	0
2336	192	0
2337	223	0
2338	207	0
2339	168	0
2340	188	0
2341	204	0
2342	205	0
2343	180	0
2344	211	0
2345	185	0
2346	185	0
2347	183	0
2348	192	0
2349	183	0
2350	222	0
2351	189	0
2352	188	0
2353	187	0
2354	165	0
2355	198	0
2356	205	0
2357	183	0
2358	197	0
2359	185	0
2360	193	0
2361	170	0
2362	189	0
2363	194	0
2364	207	0
2365	195	0
2366	194	0
2367	199	0
2368	223	0
2369	209	0
2370	175	0
2371	217	0
2372	216	0
2373	203	0
2374	177	0
2375	180	0
2376	189	0
2377	194	0
2378	186	0
2379	224	0
2380	195	0
2381	199	0
2382	217	0
2383	192	0
2384	197	0
2385	193	0
2386	193	0
2387	199	0
2388	209	0
2389	192	0
2390	200	0
2391	227	0
2392	182	0
2393	194	0
2394	198	0
2395	217	0
2396	218	0
2397	198	0
2398	209	0
2399	215	0
2400	191	0
2401	168	0
2402	189	0
2403	187	0
2404	203	0
2405	187	0
2406	204	0
2407	188	0
2408	185	0
2409	177	0
2410	218	0
2411	214	0
2412	199	0
2413	210	0
2414	209	0
2415	205	0
2416	211	0
2417	212	0
2418	213	0
2419	205	0
2420	182	0
2421	194	0
2422	230	0
2423	201	0
2424	203	0
2425	214	0
2426	212	0
2427	199	0
2428	192	0
2429	199	0
2430	205	0
2431	203	0
2432	190	0
2433	175	0
2434	206	0
2435	186	0
2436	194	0
2437	197	0
2438	196	0
2439	192	0
2440	185	0
2441	195	0
2442	183	0
2443	180	0
2444	228	0
2445	200	0
2446	178	0
2447	182	0
2448	206	0
2449	204	0
2450	187	0
2451	183	0
2452	176	0
2453	221	0
2454	196	0
2455	233	0
2456	191	0
2457	203	0
2458	185	0
2459	200	0
2460	174	0
2461	210	0
2462	192	0
2463	208	0
2464	201	0
2465	196	0
2466	201	0
2467	170	0
2468	209	0
2469	195	0
2470	196	0
2471	188	0
2472	186	0
2473	194	0
2474	179	0
2475	201	0
2476	203	0
2477	198	0
2478	213	0
2479	211	0
2480	183	0
2481	181	0
2482	186	0
2483	188	0
2484	214	0
2485	204	0
2486	189	0
2487	210	0
2488	201	0
2489	197	0
2490	201	0
2491	191	0
2492	232	0
2493	200	0
2494	204	0
2495	198	0
2496	186	0
2497	205	0
2498	193	0
2499	204	0
2500	187	0
2501	181	0
2502	188	0
2503	202	0
2504	170	0
2505	206	0
2506	212	0
2507	186	0
2508	178	0
2509	207	0
2510	158	0
2511	195	0
2512	210	0
2513	215	0
2514	196	0
2515	212	0
2516	178	0
2517	184	0
2518	207	0
2519	192	0
2520	210	0
2521	204	0
2522	175	0
2523	192	0
2524	184	0
2525	205	0
2526	172	0
2527	199	0
2528	184	0
2529	199	0
2530	194	0
2531	186	0
2532	214	0
2533	171	0
2534	191	0
2535	198	0
2536	202	0
2537	211	0
2538	205	0
2539	217	0
2540	199	0
2541	194	0
2542	173	0
2543	203	0
2544	212	0
2545	198	0
2546	182	0
2547	185	0
2548	202	0
2549	199	0
2550	194	0
2551	193	0
2552	186	0
2553	191	0
2554	184	0
2555	213	0
2556	208	0
2557	203	0
2558	205	0
2559	193	0
2560	221	0
2561	215	0
2562	196	0
2563	218	0
2564	217	0
2565	201	0
2566	199	0
2567	191	0
2568	168	0
2569	203	0
2570	211	0
2571	198	0
2572	197	0
2573	196	0
2574	201	0
2575	205	0
2576	170	0
2577	167	0
2578	209	0
2579	223	0
2580	212	0
2581	183	0
2582	202	0
2583	211	0
2584	188	0
2585	182	0
2586	212	0
2587	202	0
2588	168	0
2589	181	0
2590	185	0
2591	182	0
2592	184	0
2593	214	0
2594	173	0
2595	199	0
2596	208	0
2597	207	0
2598	214	0
2599	203	0
2600	198	0
2601	184	0
2602	192	0
2603	218	0
2604	156	0
2605	224	0
2606	169	0
2607	198	0
2608	197	0
2609	189	0
2610	204	0
2611	194	0
2612	202	0
2613	208	0
2614	215	0
2615	209	0
2616	170	0
2617	214	0
2618	193	0
2619	193	0
2620	224	0
2621	205	0
2622	197	0
2623	187	0
2624	199	0
2625	192	0
2626	225	0
2627	196	0
2628	217	0
2629	213	0
2630	171	0
2631	197	0
2632	211	0
2633	199	0
2634	194	0
2635	206	0
2636	196	0
2637	214	0
2638	208	0
2639	185	0
2640	186	0
2641	177	0
2642	208	0
2643	172	0
2644	199	0
2645	206	0
2646	188	0
2647	210	0
2648	189	0
2649	207	0
2650	200	0
2651	205	0
2652	187	0
2653	205	0
2654	215	0
2655	174	0
2656	231	0
2657	189	0
2658	211	0
2659	201	0
2660	178	0
2661	211	0
2662	203	0
2663	196	0
2664	198	0
2665	178	0
2666	191	0
2667	191	0
2668	202	0
2669	196	0
2670	203	0
2671	186	0
2672	194	0
2673	194	0
2674	203	0
2675	191	0
2676	195	0
2677	197	0
2678	190	0
2679	204	0
2680	219	0
2681	196	0
2682	203	0
2683	199	0
2684	202	0
2685	212	0
2686	192	0
2687	175	0
2688	166	0
2689	174	0
2690	197	0
2691	210	0
2692	200	0
2693	178	0
2694	210	0
2695	202	0
2696	193	0
2697	213	0
2698	192	0
2699	203	0
2700	195	0
2701	213	0
2702	197	0
2703	207	0
2704	208	0
2705	197	0
2706	209	0
2707	223	0
2708	180	0
2709	202	0
2710	184	0
2711	176	0
2712	196	0
2713	196	0
2714	198	0
2715	188	0
2716	217	0
2717	187	0
2718	195	0
2719	184	0
2720	193	0
2721	185	0
2722	194	0
2723	185	0
2724	207	0
2725	203	0
2726	229	0
2727	178	0
2728	197	0
2729	176	0
2730	178	0
2731	207	0
2732	175	0
2733	181	0
2734	172	0
2735	203	0
2736	223	0
2737	182	0
2738	193	0
2739	197	0
2740	217	0
2741	192	0
2742	201	0
2743	225	0
2744	192	0
2745	200	0
2746	206	0
2747	201	0
2748	186	0
2749	187	0
2750	202	0
2751	214	0
2752	197	0
2753	185	0
2754	182	0
2755	176	0
2756	204	0
2757	200	0
2758	200	0
2759	237	0
2760	214	0
2761	162	0
2762	203	0
2763	218	0
2764	172	0
2765	208	0
2766	176	0
2767	200	0
2768	181	0
2769	224	0
2770	224	0
2771	199	0
2772	204	0
2773	195	0
2774	218	0
2775	180	0
2776	188	0
2777	187	0
2778	186	0
2779	173	0
2780	185	0
2781	210	0
2782	221	0
2783	188	0
2784	191	0
2785	183	0
2786	192	0
2787	217	0
2788	212	0
2789	207	0
2790	209	0
2791	199	0
2792	192	0
2793	203	0
2794	197	0
2795	224	0
2796	219	0
2797	201	0
2798	216	0
2799	184	0
2800	199	0
2801	198	0
2802	193	0
2803	203	0
2804	188	0
2805	183	0
2806	198	0
2807	222	0
2808	210	0
2809	180	0
2810	178	0
2811	193	0
2812	207	0
2813	236	0
2814	185	0
2815	187	0
2816	190	0
2817	231	0
2818	195	0
2819	220	0
2820	207	0
2821	185	0
2822	202	0
2823	196	0
2824	194	0
2825	218	0
2826	173	0
2827	220	0
2828	217	0
2829	212	0
2830	209	0
2831	197	0
2832	190	0
2833	199	0
2834	186	0
2835	209	0
2836	197	0
2837	198	0
2838	194	0
2839	206	0
2840	199	0
2841	206	0
2842	198	0
2843	202	0
2844	207	0
2845	197	0
2846	195	0
2847	216	0
2848	194	0
2849	192	0
2850	182	0
2851	218	0
2852	198	0
2853	205	0
2854	218	0
2855	215	0
2856	187	0
2857	200	0
2858	179	0
2859	204	0
2860	174	0
2861	211	0
2862	175	0
2863	196	0
2864	209	0
2865	203	0
2866	208	0
2867	179	0
2868	235	0
2869	196	0
2870	210	0
2871	189	0
2872	187	0
2873	186	0
2874	210	0
2875	174	0
2876	235	0
2877	183	0
2878	205	0
2879	204	0
2880	181	0
2881	197	0
2882	215	0
2883	196	0
2884	186	0
2885	195	0
2886	178	0
2887	196	0
2888	200	0
2889	179	0
2890	216	0
2891	184	0
2892	191	0
2893	215	0
2894	202	0
2895	188	0
2896	199	0
2897	188	0
2898	215	0
2899	190	0
2900	204	0
2901	196	0
2902	185	0
2903	199	0
2904	213	0
2905	188	0
2906	175	0
2907	197	0
2908	214	0
2909	199	0
2910	206	0
2911	180	0
2912	195	0
2913	218	0
2914	207	0
2915	193	0
2916	205	0
2917	221	0
2918	211	0
2919	217	0
2920	194	0
2921	217	0
2922	191	0
2923	185	0
2924	163	0
2925	221	0
2926	211	0
2927	172	0
2928	219	0
2929	193	0
2930	178	0
2931	194	0
2932	170	0
2933	182	0
2934	191	0
2935	210	0
2936	205	0
2937	179	0
2938	186	0
2939	205	0
2940	198	0
2941	197	0
2942	177	0
2943	215	0
2944	195	0
2945	209	0
2946	196	0
2947	208	0
2948	221	0
2949	190	0
2950	163	0
2951	199	0
2952	188	0
2953	187	0
2954	152	0
2955	208	0
2956	226	0
2957	194	0
2958	196	0
2959	195	0
2960	218	0
2961	206	0
2962	186	0
2963	204	0
2964	175	0
2965	220	0
2966	181	0
2967	208	0
2968	191	0
2969	189	0
2970	189	0
2971	171	0
2972	225	0
2973	199	0
2974	193	0
2975	196	0
2976	181	0
2977	214	0
2978	192	0
2979	209	0
2980	206	0
2981	202	0
2982	205	0
2983	222	0
2984	203	0
2985	196	0
2986	202	0
2987	198	0
2988	222	0
2989	196	0
2990	193	0
2991	212	0
2992	193	0
2993	211	0
2994	191	0
2995	213	0
2996	175	0
2997	210	0
2998	222	0
2999	200	0
3000	187	0
