1	227	0
2	183	0
3	212	0
4	200	0
5	198	0
6	199	0
7	214	0
8	223	0
9	178	0
10	179	0
11	195	0
12	203	0
13	197	0
14	194	0
15	184	0
16	188	0
17	228	0
18	219	0
19	211	0
20	179	0
21	197	0
22	174	0
23	186	0
24	203	0
25	173	0
26	205	0
27	190	0
28	188	0
29	202	0
30	215	0
31	189	0
32	183	0
33	172	0
34	225	0
35	201	0
36	202	0
37	210	0
38	166	0
39	194	0
40	215	0
41	195	0
42	199	0
43	195	0
44	187	0
45	200	0
46	200	0
47	193	0
48	206	0
49	199	0
50	216	0
51	185	0
52	188	0
53	202	0
54	222	0
55	187	0
56	232	0
57	202	0
58	195	0
59	220	0
60	180	0
61	191	0
62	187	0
63	214	0
64	217	0
65	200	0
66	173	0
67	207	0
68	201	0
69	211	0
70	206	0
71	190	0
72	219	0
73	195	0
74	196	0
75	180	0
76	175	0
77	194	0
78	201	0
79	202	0
80	199	0
81	198	0
82	195	0
83	203	0
84	203	0
85	182	0
86	180	0
87	209	0
88	210	0
89	195	0
90	198	0
91	185	0
92	207	0
93	217	0
94	214	0
95	179	0
96	204	0
97	219	0
98	176	0
99	200	0
100	199	0
101	211	0
102	188	0
103	214	0
104	190	0
105	186	0
106	190	0
107	202	0
108	216	0
109	205	0
110	176	0
111	179	0
112	177	0
113	195	0
114	181	0
115	180	0
116	202	0
117	196	0
118	173	0
119	213	0
120	214	0
121	191	0
122	190	0
123	190	0
124	197	0
125	202	0
126	180	0
127	216	0
128	206	0
129	166	0
130	193	0
131	210	0
132	207	0
133	216	0
134	224	0
135	209	0
136	190	0
137	212	0
138	198	0
139	197	0
140	178	0
141	222	0
142	187	0
143	184	0
144	181	0
145	221	0
146	220	0
147	187	0
148	201	0
149	224	0
150	172	0
151	193	0
152	205	0
153	190	0
154	193	0
155	198	0
156	227	0
157	187	0
158	197	0
159	206	0
160	180	0
161	213	0
162	176	0
163	206	0
164	218	0
165	195	0
166	202	0
167	203	0
168	178	0
169	182	0
170	217	0
171	209	0
172	202	0
173	199	0
174	190	0
175	180	0
176	189	0
177	213	0
178	190	0
179	198	0
180	198	0
181	204	0
182	187	0
183	183	0
184	201	0
185	203	0
186	190	0
187	196	0
188	173	0
189	207	0
190	195	0
191	209	0
192	189	0
193	196	0
194	211	0
195	211	0
196	217	0
197	216	0
198	199	0
199	219	0
200	177	0
201	210	0
202	207	0
203	179	0
204	191	0
205	215	0
206	195	0
207	167	0
208	213	0
209	205	0
210	189	0
211	188	0
212	189	0
213	177	0
214	205	0
215	191	0
216	201	0
217	220	0
218	196	0
219	186	0
220	220	0
221	193	0
222	199	0
223	197	0
224	191	0
225	219	0
226	211	0
227	197	0
228	192	0
229	202	0
230	188	0
231	185	0
232	155	0
233	186	0
234	208	0
235	207	0
236	212	0
237	189	0
238	202	0
239	213	0
240	183	0
241	209	0
242	219	0
243	177	0
244	197	0
245	211	0
246	199	0
247	194	0
248	207	0
249	192	0
250	184	0
251	196	0
252	214	0
253	190	0
254	207	0
255	197	0
256	194	0
257	197	0
258	181	0
259	199	0
260	205	0
261	197	0
262	177	0
263	203	0
264	179	0
265	177	0
266	205	0
267	199	0
268	185	0
269	200	0
270	201	0
271	191	0
272	187	0
273	186	0
274	201	0
275	216	0
276	226	0
277	203	0
278	189	0
279	192	0
280	199	0
281	181	0
282	237	0
283	182	0
284	193	0
285	187	0
286	178	0
287	194	0
288	214	0
289	169	0
290	203	0
291	187	0
292	175	0
293	227	0
294	203	0
295	193	0
296	171	0
297	198	0
298	205	0
299	196	0
300	183	0
301	196	0
302	211	0
303	200	0
304	188	0
305	202	0
306	182	0
307	190	0
308	203	0
309	218	0
310	201	0
311	183	0
312	223	0
313	214	0
314	182	0
315	216	0
316	199	0
317	176	0
318	206	0
319	201	0
320	201	0
321	189	0
322	181	0
323	207	0
324	189	0
325	201	0
326	205	0
327	212	0
328	219	0
329	215	0
330	215	0
331	194	0
332	194	0
333	205	0
334	206	0
335	187	0
336	217	0
337	188	0
338	211	0
339	187	0
340	184	0
341	189	0
342	196	0
343	208	0
344	191	0
345	206	0
346	186	0
347	191	0
348	191	0
349	199	0
350	172	0
351	193	0
352	198	0
353	200	0
354	188	0
355	199	0
356	193	0
357	183	0
358	178	0
359	186	0
360	213	0
361	230	0
362	194	0
363	180	0
364	184	0
365	198	0
366	198	0
367	176	0
368	213	0
369	189	0
370	168	0
371	193	0
372	199	0
373	202	0
374	195	0
375	219	0
376	191	0
377	218	0
378	227	0
379	219	0
380	211	0
381	211	0
382	171	0
383	182	0
384	183	0
385	206	0
386	190	0
387	218	0
388	203	0
389	196	0
390	215	0
391	198	0
392	180	0
393	195	0
394	204	0
395	191	0
396	197	0
397	216	0
398	215	0
399	212	0
400	217	0
401	191	0
402	215	0
403	200	0
404	203	0
405	183	0
406	194	0
407	191	0
408	210	0
409	184	0
410	176	0
411	193	0
412	230	0
413	199	0
414	175	0
415	197	0
416	199	0
417	183	0
418	203	0
419	211	0
420	204	0
421	227	0
422	172	0
423	231	0
424	197	0
425	196	0
426	208	0
427	207	0
428	205	0
429	199	0
430	202	0
431	214	0
432	174	0
433	233	0
434	183	0
435	195	0
436	198	0
437	195	0
438	190	0
439	197	0
440	197	0
441	234	0
442	221	0
443	184	0
444	194	0
445	207	0
446	202	0
447	204	0
448	195	0
449	175	0
450	191	0
451	192	0
452	198	0
453	197	0
454	191	0
455	176	0
456	185	0
457	205	0
458	198	0
459	187	0
460	184	0
461	202	0
462	212	0
463	183	0
464	186	0
465	220	0
466	174	0
467	210	0
468	192	0
469	187	0
470	198	0
471	201	0
472	219	0
473	207	0
474	212	0
475	190	0
476	201	0
477	193	0
478	227	0
479	193	0
480	182	0
481	189	0
482	217	0
483	203	0
484	192	0
485	178	0
486	217	0
487	186	0
488	197	0
489	192	0
490	203	0
491	198	0
492	192	0
493	182	0
494	189	0
495	181	0
496	194	0
497	202	0
498	179	0
499	182	0
500	189	0
501	208	0
502	168	0
503	207	0
504	204	0
505	193	0
506	202	0
507	191	0
508	205	0
509	196	0
510	196	0
511	189	0
512	182	0
513	214	0
514	198	0
515	196	0
516	192	0
517	244	0
518	191	0
519	200	0
520	190	0
521	219	0
522	217	0
523	185	0
524	205	0
525	193	0
526	199	0
527	204	0
528	191	0
529	224	0
530	200	0
531	196	0
532	196	0
533	192	0
534	200	0
535	175	0
536	216	0
537	219	0
538	214	0
539	192	0
540	199	0
541	218	0
542	194	0
543	165	0
544	176	0
545	208	0
546	197	0
547	208	0
548	201	0
549	229	0
550	198	0
551	188	0
552	204	0
553	185	0
554	212	0
555	192	0
556	215	0
557	192	0
558	209	0
559	194	0
560	185	0
561	170	0
562	187	0
563	191	0
564	180	0
565	195	0
566	190	0
567	226	0
568	186	0
569	225	0
570	197	0
571	206	0
572	196	0
573	192	0
574	183	0
575	198	0
576	207	0
577	203	0
578	181	0
579	198	0
580	203	0
581	197	0
582	198	0
583	185	0
584	194	0
585	198	0
586	197	0
587	229	0
588	234	0
589	192	0
590	172	0
591	188	0
592	192	0
593	197	0
594	224	0
595	192	0
596	214	0
597	181	0
598	211	0
599	199	0
600	188	0
601	219	0
602	225	0
603	213	0
604	199	0
605	220	0
606	228	0
607	214	0
608	199	0
609	200	0
610	191	0
611	195	0
612	197	0
613	176	0
614	216	0
615	217	0
616	197	0
617	189	0
618	182	0
619	177	0
620	217	0
621	200	0
622	207	0
623	203	0
624	196	0
625	204	0
626	193	0
627	179	0
628	236	0
629	200	0
630	174	0
631	187	0
632	188	0
633	201	0
634	202	0
635	206	0
636	208	0
637	202	0
638	227	0
639	226	0
640	166	0
641	198	0
642	193	0
643	187	0
644	163	0
645	194	0
646	219	0
647	205	0
648	210	0
649	191	0
650	194	0
651	188	0
652	204	0
653	185	0
654	198	0
655	219	0
656	191	0
657	200	0
658	202	0
659	192	0
660	193	0
661	181	0
662	203	0
663	211	0
664	204	0
665	205	0
666	206	0
667	197	0
668	217	0
669	200	0
670	178	0
671	182	0
672	183	0
673	186	0
674	204	0
675	198	0
676	208	0
677	190	0
678	189	0
679	224	0
680	205	0
681	216	0
682	204	0
683	175	0
684	196	0
685	210	0
686	196	0
687	190	0
688	207	0
689	185	0
690	213	0
691	202	0
692	205	0
693	219	0
694	189	0
695	203	0
696	184	0
697	210	0
698	191	0
699	188	0
700	196	0
701	220	0
702	186	0
703	193	0
704	211	0
705	192	0
706	206	0
707	183	0
708	190	0
709	186	0
710	190	0
711	220	0
712	184	0
713	209	0
714	197	0
715	193	0
716	193	0
717	188	0
718	190	0
719	210	0
720	212	0
721	229	0
722	183	0
723	184	0
724	180	0
725	168	0
726	202	0
727	171	0
728	194	0
729	200	0
730	214	0
731	191	0
732	205	0
733	201	0
734	195	0
735	183	0
736	195	0
737	189	0
738	202	0
739	199	0
740	221	0
741	208	0
742	215	0
743	182	0
744	205	0
745	195	0
746	207	0
747	185	0
748	203	0
749	197	0
750	183	0
751	202	0
752	163	0
753	212	0
754	192	0
755	180	0
756	193	0
757	200	0
758	207	0
759	198	0
760	190	0
761	215	0
762	199	0
763	197	0
764	197	0
765	200	0
766	180	0
767	202	0
768	198	0
769	229	0
770	205	0
771	179	0
772	176	0
773	193	0
774	219	0
775	211	0
776	208	0
777	162	0
778	208	0
779	184	0
780	188	0
781	192	0
782	182	0
783	182	0
784	212	0
785	189	0
786	193	0
787	189	0
788	178	0
789	208	0
790	211	0
791	195	0
792	218	0
793	210	0
794	188	0
795	184	0
796	187	0
797	182	0
798	181	0
799	208	0
800	228	0
801	204	0
802	213	0
803	218	0
804	169	0
805	198	0
806	217	0
807	200	0
808	190	0
809	185	0
810	195	0
811	195	0
812	204	0
813	193	0
814	205	0
815	203	0
816	193	0
817	194	0
818	187	0
819	175	0
820	211	0
821	186	0
822	202	0
823	201	0
824	181	0
825	196	0
826	189	0
827	184	0
828	198	0
829	189	0
830	174	0
831	211	0
832	208	0
833	196	0
834	197	0
835	195	0
836	195	0
837	196	0
838	230	0
839	205	0
840	191	0
841	182	0
842	181	0
843	211	0
844	176	0
845	201	0
846	171	0
847	202	0
848	183	0
849	181	0
850	200	0
851	199	0
852	189	0
853	190	0
854	234	0
855	204	0
856	217	0
857	207	0
858	187	0
859	228	0
860	182	0
861	190	0
862	190	0
863	186	0
864	189	0
865	195	0
866	195	0
867	191	0
868	177	0
869	200	0
870	197	0
871	221	0
872	188	0
873	219	0
874	201	0
875	217	0
876	207	0
877	197	0
878	171	0
879	218	0
880	213	0
881	187	0
882	188	0
883	220	0
884	214	0
885	198	0
886	212	0
887	210	0
888	187	0
889	197	0
890	188	0
891	206	0
892	202	0
893	201	0
894	213	0
895	163	0
896	231	0
897	191	0
898	197	0
899	181	0
900	195	0
901	180	0
902	198	0
903	212	0
904	210	0
905	205	0
906	192	0
907	187	0
908	196	0
909	207	0
910	196	0
911	213	0
912	234	0
913	212	0
914	213	0
915	191	0
916	201	0
917	190	0
918	182	0
919	202	0
920	188	0
921	187	0
922	179	0
923	174	0
924	159	0
925	208	0
926	174	0
927	197	0
928	202	0
929	194	0
930	178	0
931	200	0
932	200	0
933	199	0
934	198	0
935	177	0
936	208	0
937	229	0
938	173	0
939	193	0
940	212	0
941	188	0
942	210	0
943	195	0
944	190	0
945	209	0
946	204	0
947	203	0
948	210	0
949	226	0
950	179	0
951	192	0
952	200	0
953	190	0
954	186	0
955	195	0
956	194	0
957	208	0
958	180	0
959	230	0
960	180	0
961	198	0
962	222	0
963	186	0
964	205	0
965	206	0
966	172	0
967	192	0
968	199	0
969	159	0
970	221	0
971	207	0
972	226	0
973	202	0
974	211	0
975	195	0
976	211	0
977	195	0
978	177	0
979	189	0
980	219	0
981	217	0
982	187	0
983	165	0
984	182	0
985	189	0
986	200	0
987	179	0
988	214	0
989	198	0
990	182	0
991	204	0
992	208	0
993	222	0
994	176	0
995	196	0
996	208	0
997	207	0
998	194	0
999	194	0
1000	247	0
1001	213	0
1002	210	0
1003	211	0
1004	170	0
1005	176	0
1006	183	0
1007	226	0
1008	218	0
1009	194	0
1010	172	0
1011	209	0
1012	188	0
1013	206	0
1014	180	0
1015	190	0
1016	180	0
1017	213	0
1018	211	0
1019	198	0
1020	214	0
1021	199	0
1022	204	0
1023	172	0
1024	200	0
1025	205	0
1026	193	0
1027	205	0
1028	185	0
1029	213	0
1030	194	0
1031	201	0
1032	185	0
1033	201	0
1034	210	0
1035	221	0
1036	189	0
1037	201	0
1038	182	0
1039	185	0
1040	184	0
1041	194	0
1042	172	0
1043	192	0
1044	187	0
1045	191	0
1046	158	0
1047	203	0
1048	210	0
1049	203	0
1050	193	0
1051	175	0
1052	201	0
1053	217	0
1054	196	0
1055	185	0
1056	201	0
1057	219	0
1058	206	0
1059	210	0
1060	199	0
1061	186	0
1062	222	0
1063	199	0
1064	220	0
1065	217	0
1066	205	0
1067	207	0
1068	184	0
1069	158	0
1070	192	0
1071	198	0
1072	187	0
1073	193	0
1074	174	0
1075	193	0
1076	197	0
1077	202	0
1078	195	0
1079	187	0
1080	213	0
1081	220	0
1082	204	0
1083	196	0
1084	180	0
1085	179	0
1086	210	0
1087	220	0
1088	220	0
1089	215	0
1090	181	0
1091	202	0
1092	194	0
1093	210	0
1094	227	0
1095	181	0
1096	209	0
1097	217	0
1098	209	0
1099	211	0
1100	196	0
1101	201	0
1102	171	0
1103	234	0
1104	206	0
1105	215	0
1106	192	0
1107	229	0
1108	239	0
1109	183	0
1110	187	0
1111	174	0
1112	207	0
1113	213	0
1114	206	0
1115	170	0
1116	219	0
1117	187	0
1118	211	0
1119	225	0
1120	214	0
1121	211	0
1122	201	0
1123	218	0
1124	192	0
1125	204	0
1126	234	0
1127	195	0
1128	209	0
1129	180	0
1130	199	0
1131	193	0
1132	206	0
1133	211	0
1134	203	0
1135	181	0
1136	211	0
1137	208	0
1138	189	0
1139	193	0
1140	198	0
1141	221	0
1142	218	0
1143	176	0
1144	193	0
1145	190	0
1146	208	0
1147	221	0
1148	195	0
1149	190	0
1150	203	0
1151	180	0
1152	190	0
1153	181	0
1154	239	0
1155	210	0
1156	212	0
1157	232	0
1158	197	0
1159	190	0
1160	187	0
1161	200	0
1162	205	0
1163	223	0
1164	206	0
1165	184	0
1166	202	0
1167	182	0
1168	194	0
1169	186	0
1170	234	0
1171	199	0
1172	212	0
1173	203	0
1174	193	0
1175	195	0
1176	187	0
1177	205	0
1178	195	0
1179	186	0
1180	201	0
1181	226	0
1182	193	0
1183	182	0
1184	180	0
1185	178	0
1186	196	0
1187	189	0
1188	190	0
1189	179	0
1190	193	0
1191	224	0
1192	190	0
1193	205	0
1194	202	0
1195	208	0
1196	179	0
1197	192	0
1198	183	0
1199	192	0
1200	226	0
1201	217	0
1202	196	0
1203	213	0
1204	178	0
1205	188	0
1206	206	0
1207	164	0
1208	187	0
1209	198	0
1210	203	0
1211	197	0
1212	182	0
1213	201	0
1214	185	0
1215	195	0
1216	185	0
1217	184	0
1218	176	0
1219	211	0
1220	202	0
1221	185	0
1222	199	0
1223	185	0
1224	203	0
1225	211	0
1226	188	0
1227	199	0
1228	189	0
1229	202	0
1230	208	0
1231	186	0
1232	221	0
1233	193	0
1234	203	0
1235	204	0
1236	212	0
1237	188	0
1238	195	0
1239	184	0
1240	209	0
1241	217	0
1242	195	0
1243	193	0
1244	189	0
1245	201	0
1246	205	0
1247	203	0
1248	176	0
1249	182	0
1250	204	0
1251	216	0
1252	232	0
1253	193	0
1254	223	0
1255	173	0
1256	194	0
1257	195	0
1258	221	0
1259	209	0
1260	200	0
1261	214	0
1262	190	0
1263	183	0
1264	170	0
1265	200	0
1266	211	0
1267	188	0
1268	194	0
1269	182	0
1270	212	0
1271	191	0
1272	209	0
1273	183	0
1274	202	0
1275	200	0
1276	173	0
1277	212	0
1278	172	0
1279	201	0
1280	201	0
1281	178	0
1282	188	0
1283	183	0
1284	200	0
1285	210	0
1286	216	0
1287	221	0
1288	179	0
1289	187	0
1290	198	0
1291	198	0
1292	214	0
1293	200	0
1294	176	0
1295	209	0
1296	189	0
1297	179	0
1298	214	0
1299	215	0
1300	186	0
1301	195	0
1302	210	0
1303	173	0
1304	221	0
1305	191	0
1306	195	0
1307	192	0
1308	188	0
1309	198	0
1310	206	0
1311	195	0
1312	169	0
1313	202	0
1314	197	0
1315	201	0
1316	182	0
1317	199	0
1318	200	0
1319	209	0
1320	218	0
1321	233	0
1322	200	0
1323	186	0
1324	189	0
1325	191	0
1326	211	0
1327	187	0
1328	189	0
1329	216	0
1330	218	0
1331	225	0
1332	174	0
1333	187	0
1334	196	0
1335	208	0
1336	205	0
1337	196	0
1338	202	0
1339	187	0
1340	221	0
1341	162	0
1342	192	0
1343	215	0
1344	191	0
1345	172	0
1346	195	0
1347	169	0
1348	197	0
1349	208	0
1350	192	0
1351	192	0
1352	203	0
1353	205	0
1354	197	0
1355	160	0
1356	177	0
1357	197	0
1358	187	0
1359	191	0
1360	182	0
1361	178	0
1362	190	0
1363	190	0
1364	186	0
1365	203	0
1366	185	0
1367	177	0
1368	210	0
1369	204	0
1370	203	0
1371	186	0
1372	187	0
1373	156	0
1374	177	0
1375	186	0
1376	214	0
1377	192	0
1378	194	0
1379	175	0
1380	179	0
1381	194	0
1382	237	0
1383	158	0
1384	203	0
1385	183	0
1386	217	0
1387	211	0
1388	206	0
1389	186	0
1390	186	0
1391	169	0
1392	199	0
1393	192	0
1394	201	0
1395	206	0
1396	208	0
1397	188	0
1398	218	0
1399	185	0
1400	184	0
1401	199	0
1402	194	0
1403	211	0
1404	202	0
1405	195	0
1406	171	0
1407	189	0
1408	188	0
1409	208	0
1410	226	0
1411	219	0
1412	180	0
1413	194	0
1414	177	0
1415	189	0
1416	204	0
1417	193	0
1418	215	0
1419	196	0
1420	226	0
1421	212	0
1422	194	0
1423	208	0
1424	215	0
1425	204	0
1426	209	0
1427	194	0
1428	201	0
1429	222	0
1430	166	0
1431	213	0
1432	204	0
1433	213	0
1434	173	0
1435	196	0
1436	184	0
1437	188	0
1438	176	0
1439	203	0
1440	227	0
1441	173	0
1442	188	0
1443	222	0
1444	182	0
1445	197	0
1446	226	0
1447	191	0
1448	210	0
1449	202	0
1450	185	0
1451	206	0
1452	201	0
1453	201	0
1454	219	0
1455	176	0
1456	183	0
1457	204	0
1458	200	0
1459	212	0
1460	186	0
1461	179	0
1462	204	0
1463	195	0
1464	210	0
1465	198	0
1466	202	0
1467	188	0
1468	212	0
1469	189	0
1470	192	0
1471	199	0
1472	201	0
1473	189	0
1474	190	0
1475	190	0
1476	193	0
1477	217	0
1478	224	0
1479	207	0
1480	221	0
1481	197	0
1482	185	0
1483	184	0
1484	207	0
1485	180	0
1486	224	0
1487	207	0
1488	200	0
1489	222	0
1490	197	0
1491	202	0
1492	198	0
1493	199	0
1494	175	0
1495	185	0
1496	243	0
1497	179	0
1498	179	0
1499	170	0
1500	185	0
1501	200	0
1502	185	0
1503	201	0
1504	224	0
1505	193	0
1506	188	0
1507	194	0
1508	201	0
1509	222	0
1510	173	0
1511	192	0
1512	212	0
1513	164	0
1514	237	0
1515	191	0
1516	185	0
1517	188	0
1518	192	0
1519	187	0
1520	189	0
1521	203	0
1522	197	0
1523	196	0
1524	196	0
1525	192	0
1526	193	0
1527	188	0
1528	207	0
1529	198	0
1530	218	0
1531	194	0
1532	214	0
1533	212	0
1534	201	0
1535	163	0
1536	211	0
1537	197	0
1538	218	0
1539	205	0
1540	192	0
1541	188	0
1542	171	0
1543	202	0
1544	200	0
1545	194	0
1546	194	0
1547	197	0
1548	221	0
1549	177	0
1550	192	0
1551	181	0
1552	192	0
1553	195	0
1554	209	0
1555	204	0
1556	196	0
1557	218	0
1558	193	0
1559	204	0
1560	218	0
1561	184	0
1562	217	0
1563	196	0
1564	196	0
1565	230	0
1566	222	0
1567	187	0
1568	190	0
1569	198	0
1570	207	0
1571	194	0
1572	190	0
1573	185	0
1574	210	0
1575	200	0
1576	195	0
1577	204	0
1578	170	0
1579	194	0
1580	200	0
1581	176	0
1582	206	0
1583	202	0
1584	181	0
1585	193	0
1586	193	0
1587	194	0
1588	202	0
1589	199	0
1590	200	0
1591	199	0
1592	192	0
1593	188	0
1594	185	0
1595	191	0
1596	181	0
1597	210	0
1598	209	0
1599	193	0
1600	170	0
1601	206	0
1602	190	0
1603	213	0
1604	202	0
1605	198	0
1606	202	0
1607	190	0
1608	206	0
1609	198	0
1610	184	0
1611	202	0
1612	189	0
1613	227	0
1614	225	0
1615	208	0
1616	198	0
1617	191	0
1618	218	0
1619	182	0
1620	199	0
1621	217	0
1622	197	0
1623	170	0
1624	200	0
1625	203	0
1626	201	0
1627	187	0
1628	181	0
1629	196	0
1630	218	0
1631	198	0
1632	175	0
1633	211	0
1634	205	0
1635	183	0
1636	171	0
1637	199	0
1638	199	0
1639	209	0
1640	191	0
1641	194	0
1642	204	0
1643	205	0
1644	191	0
1645	186	0
1646	207	0
1647	201	0
1648	210	0
1649	184	0
1650	219	0
1651	211	0
1652	196	0
1653	194	0
1654	197	0
1655	197	0
1656	200	0
1657	180	0
1658	215	0
1659	200	0
1660	204	0
1661	196	0
1662	185	0
1663	189	0
1664	181	0
1665	196	0
1666	212	0
1667	206	0
1668	229	0
1669	202	0
1670	207	0
1671	212	0
1672	216	0
1673	213	0
1674	202	0
1675	203	0
1676	212	0
1677	200	0
1678	200	0
1679	192	0
1680	216	0
1681	193	0
1682	183	0
1683	196	0
1684	199	0
1685	173	0
1686	192	0
1687	223	0
1688	185	0
1689	211	0
1690	248	0
1691	182	0
1692	175	0
1693	221	0
1694	184	0
1695	195	0
1696	208	0
1697	188	0
1698	205	0
1699	197	0
1700	209	0
1701	199	0
1702	195	0
1703	211	0
1704	213	0
1705	195	0
1706	212	0
1707	211	0
1708	192	0
1709	186	0
1710	204	0
1711	211	0
1712	192	0
1713	183	0
1714	179	0
1715	219	0
1716	195	0
1717	205	0
1718	209	0
1719	214	0
1720	206	0
1721	211	0
1722	205	0
1723	228	0
1724	231	0
1725	194	0
1726	187	0
1727	193	0
1728	201	0
1729	211	0
1730	218	0
1731	232	0
1732	197	0
1733	225	0
1734	197	0
1735	191	0
1736	176	0
1737	208	0
1738	192	0
1739	190	0
1740	186	0
1741	182	0
1742	205	0
1743	220	0
1744	186	0
1745	200	0
1746	217	0
1747	209	0
1748	171	0
1749	214	0
1750	203	0
1751	198	0
1752	208	0
1753	184	0
1754	191	0
1755	195	0
1756	202	0
1757	185	0
1758	202	0
1759	192	0
1760	209	0
1761	186	0
1762	183	0
1763	205	0
1764	209	0
1765	199	0
1766	202	0
1767	192	0
1768	213	0
1769	204	0
1770	201	0
1771	217	0
1772	190	0
1773	186	0
1774	196	0
1775	211	0
1776	199	0
1777	196	0
1778	211	0
1779	192	0
1780	203	0
1781	201	0
1782	192	0
1783	206	0
1784	201	0
1785	185	0
1786	201	0
1787	186	0
1788	182	0
1789	191	0
1790	200	0
1791	187	0
1792	188	0
1793	173	0
1794	180	0
1795	204	0
1796	188	0
1797	195	0
1798	192	0
1799	199	0
1800	201	0
1801	201	0
1802	209	0
1803	208	0
1804	219	0
1805	205	0
1806	196	0
1807	194	0
1808	236	0
1809	164	0
1810	197	0
1811	191	0
1812	191	0
1813	163	0
1814	181	0
1815	181	0
1816	180	0
1817	206	0
1818	206	0
1819	215	0
1820	182	0
1821	205	0
1822	218	0
1823	170	0
1824	217	0
1825	195	0
1826	196	0
1827	183	0
1828	203	0
1829	244	0
1830	227	0
1831	196	0
1832	180	0
1833	192	0
1834	175	0
1835	212	0
1836	211	0
1837	204	0
1838	195	0
1839	203	0
1840	189	0
1841	199	0
1842	183	0
1843	192	0
1844	190	0
1845	188	0
1846	186	0
1847	205	0
1848	204	0
1849	207	0
1850	187	0
1851	215	0
1852	207	0
1853	182	0
1854	228	0
1855	190	0
1856	161	0
1857	225	0
1858	196	0
1859	199	0
1860	219	0
1861	185	0
1862	183	0
1863	208	0
1864	210	0
1865	191	0
1866	228	0
1867	225	0
1868	209	0
1869	213	0
1870	196	0
1871	210	0
1872	193	0
1873	199	0
1874	185	0
1875	205	0
1876	230	0
1877	201	0
1878	191	0
1879	217	0
1880	200	0
1881	183	0
1882	183	0
1883	209	0
1884	195	0
1885	174	0
1886	184	0
1887	199	0
1888	206	0
1889	216	0
1890	199	0
1891	175	0
1892	192	0
1893	200	0
1894	180	0
1895	207	0
1896	200	0
1897	188	0
1898	212	0
1899	202	0
1900	199	0
1901	219	0
1902	206	0
1903	199	0
1904	186	0
1905	175	0
1906	196	0
1907	199	0
1908	187	0
1909	214	0
1910	195	0
1911	209	0
1912	200	0
1913	220	0
1914	203	0
1915	210	0
1916	186	0
1917	180	0
1918	189	0
1919	181	0
1920	226	0
1921	178	0
1922	179	0
1923	189	0
1924	203	0
1925	210	0
1926	201	0
1927	187	0
1928	180	0
1929	191	0
1930	220	0
1931	206	0
1932	183	0
1933	180	0
1934	189	0
1935	216	0
1936	212	0
1937	225	0
1938	205	0
1939	217	0
1940	192	0
1941	201	0
1942	194	0
1943	196	0
1944	220	0
1945	227	0
1946	190	0
1947	207	0
1948	200	0
1949	225	0
1950	200	0
1951	201	0
1952	198	0
1953	202	0
1954	197	0
1955	199	0
1956	208	0
1957	197	0
1958	173	0
1959	220	0
1960	201	0
1961	210	0
1962	202	0
1963	192	0
1964	179	0
1965	190	0
1966	193	0
1967	185	0
1968	238	0
1969	214	0
1970	227	0
1971	222	0
1972	193	0
1973	198	0
1974	230	0
1975	204	0
1976	191	0
1977	204	0
1978	185	0
1979	191	0
1980	166	0
1981	216	0
1982	195	0
1983	215	0
1984	221	0
1985	186	0
1986	199	0
1987	188	0
1988	209	0
1989	214	0
1990	211	0
1991	221	0
1992	174	0
1993	192	0
1994	210	0
1995	188	0
1996	205	0
1997	192	0
1998	222	0
1999	225	0
2000	201	0
2001	203	0
2002	200	0
2003	203	0
2004	197	0
2005	179	0
2006	196	0
2007	175	0
2008	206	0
2009	218	0
2010	193	0
2011	196	0
2012	186	0
2013	193	0
2014	183	0
2015	195	0
2016	198	0
2017	196	0
2018	179	0
2019	200	0
2020	190	0
2021	208	0
2022	199	0
2023	191	0
2024	199	0
2025	201	0
2026	189	0
2027	190	0
2028	177	0
2029	181	0
2030	211	0
2031	194	0
2032	190	0
2033	210	0
2034	188	0
2035	193	0
2036	199	0
2037	211	0
2038	183	0
2039	192	0
2040	205	0
2041	205	0
2042	228	0
2043	209	0
2044	183	0
2045	221	0
2046	182	0
2047	191	0
2048	179	0
2049	234	0
2050	172	0
2051	204	0
2052	187	0
2053	205	0
2054	207	0
2055	249	0
2056	208	0
2057	165	0
2058	214	0
2059	198	0
2060	215	0
2061	192	0
2062	201	0
2063	200	0
2064	167	0
2065	200	0
2066	204	0
2067	221	0
2068	160	0
2069	181	0
2070	214	0
2071	182	0
2072	206	0
2073	211	0
2074	185	0
2075	186	0
2076	184	0
2077	162	0
2078	192	0
2079	193	0
2080	178	0
2081	214	0
2082	204	0
2083	206	0
2084	189	0
2085	196	0
2086	183	0
2087	198	0
2088	186	0
2089	190	0
2090	222	0
2091	187	0
2092	216	0
2093	182	0
2094	199	0
2095	189	0
2096	219	0
2097	175	0
2098	203	0
2099	177	0
2100	215	0
2101	219	0
2102	196	0
2103	192	0
2104	213	0
2105	227	0
2106	187	0
2107	200	0
2108	222	0
2109	220	0
2110	197	0
2111	221	0
2112	195	0
2113	232	0
2114	203	0
2115	218	0
2116	183	0
2117	201	0
2118	201	0
2119	195	0
2120	203	0
2121	203	0
2122	189	0
2123	206	0
2124	172	0
2125	198	0
2126	195	0
2127	189	0
2128	200	0
2129	192	0
2130	189	0
2131	183	0
2132	194	0
2133	194	0
2134	201	0
2135	199	0
2136	188	0
2137	185	0
2138	192	0
2139	217	0
2140	198	0
2141	207	0
2142	210	0
2143	188	0
2144	180	0
2145	209	0
2146	197	0
2147	192	0
2148	208	0
2149	186	0
2150	233	0
2151	213	0
2152	192	0
2153	177	0
2154	214	0
2155	217	0
2156	222	0
2157	183	0
2158	209	0
2159	177	0
2160	199	0
2161	217	0
2162	189	0
2163	224	0
2164	191	0
2165	201	0
2166	227	0
2167	201	0
2168	198	0
2169	217	0
2170	215	0
2171	195	0
2172	191	0
2173	187	0
2174	180	0
2175	191	0
2176	191	0
2177	181	0
2178	199	0
2179	174	0
2180	221	0
2181	163	0
2182	189	0
2183	186	0
2184	195	0
2185	201	0
2186	197	0
2187	201	0
2188	196	0
2189	213	0
2190	204	0
2191	191	0
2192	204	0
2193	211	0
2194	206	0
2195	172	0
2196	186	0
2197	201	0
2198	177	0
2199	199	0
2200	219	0
2201	195	0
2202	197	0
2203	195	0
2204	197	0
2205	183	0
2206	171	0
2207	199	0
2208	218	0
2209	197	0
2210	181	0
2211	201	0
2212	197	0
2213	214	0
2214	206	0
2215	201	0
2216	212	0
2217	209	0
2218	211	0
2219	189	0
2220	176	0
2221	205	0
2222	188	0
2223	188	0
2224	187	0
2225	178	0
2226	188	0
2227	206	0
2228	186	0
2229	197	0
2230	199	0
2231	185	0
2232	223	0
2233	192	0
2234	191	0
2235	188	0
2236	203	0
2237	188	0
2238	207	0
2239	175	0
2240	196	0
2241	173	0
2242	210	0
2243	225	0
2244	163	0
2245	206	0
2246	165	0
2247	185	0
2248	191	0
2249	202	0
2250	220	0
2251	198	0
2252	208	0
2253	203	0
2254	191	0
2255	201	0
2256	178	0
2257	197	0
2258	192	0
2259	174	0
2260	176	0
2261	224	0
2262	198	0
2263	197	0
2264	196	0
2265	198	0
2266	210	0
2267	189	0
2268	182	0
2269	221	0
2270	229	0
2271	195	0
2272	219	0
2273	182	0
2274	175	0
2275	186	0
2276	200	0
2277	226	0
2278	184	0
2279	190	0
2280	184	0
2281	165	0
2282	204	0
2283	193	0
2284	202	0
2285	189	0
2286	194	0
2287	185	0
2288	177	0
2289	192	0
2290	214	0
2291	205	0
2292	210	0
2293	198	0
2294	213	0
2295	174	0
2296	185	0
2297	178	0
2298	199	0
2299	165	0
2300	182	0
2301	196	0
2302	219	0
2303	213	0
2304	192	0
2305	196	0
2306	183	0
2307	224	0
2308	190	0
2309	206	0
2310	211	0
2311	202	0
2312	205	0
2313	202	0
2314	191	0
2315	176	0
2316	199	0
2317	181	0
2318	208	0
2319	191	0
2320	206	0
2321	193	0
2322	201	0
2323	183	0
2324	183	0
2325	187	0
2326	175	0
2327	232	0
2328	201	0
2329	212	0
2330	213	0
2331	201	0
2332	203	0
2333	213	0
2334	188	0
2335	195	0
2336	196	0
2337	170	0
2338	177	0
2339	188	0
2340	188	0
2341	202	0
2342	199	0
2343	203	0
2344	203	0
2345	201	0
2346	201	0
2347	207	0
2348	170	0
2349	190	0
2350	205	0
2351	200	0
2352	242	0
2353	222	0
2354	189	0
2355	211	0
2356	212	0
2357	192	0
2358	192	0
2359	183	0
2360	215	0
2361	209	0
2362	176	0
2363	227	0
2364	196	0
2365	212	0
2366	211	0
2367	183	0
2368	226	0
2369	179	0
2370	186	0
2371	213	0
2372	201	0
2373	183	0
2374	188	0
2375	213	0
2376	197	0
2377	209	0
2378	200	0
2379	167	0
2380	184	0
2381	181	0
2382	165	0
2383	178	0
2384	177	0
2385	179	0
2386	185	0
2387	205	0
2388	233	0
2389	200	0
2390	232	0
2391	206	0
2392	219	0
2393	197	0
2394	181	0
2395	197	0
2396	203	0
2397	192	0
2398	203	0
2399	162	0
2400	218	0
2401	193	0
2402	208	0
2403	198	0
2404	178	0
2405	195	0
2406	184	0
2407	188	0
2408	154	0
2409	185	0
2410	216	0
2411	217	0
2412	182	0
2413	192	0
2414	188	0
2415	213	0
2416	208	0
2417	183	0
2418	214	0
2419	219	0
2420	191	0
2421	214	0
2422	220	0
2423	224	0
2424	188	0
2425	173	0
2426	182	0
2427	196	0
2428	190	0
2429	200	0
2430	194	0
2431	168	0
2432	200	0
2433	186	0
2434	186	0
2435	189	0
2436	176	0
2437	198	0
2438	219	0
2439	185	0
2440	191	0
2441	190	0
2442	194	0
2443	197	0
2444	200	0
2445	205	0
2446	223	0
2447	206	0
2448	191	0
2449	212	0
2450	188	0
2451	196	0
2452	171	0
2453	210	0
2454	178	0
2455	205	0
2456	168	0
2457	196	0
2458	192	0
2459	173	0
2460	204	0
2461	203	0
2462	172	0
2463	192	0
2464	185	0
2465	193	0
2466	170	0
2467	213	0
2468	208	0
2469	167	0
2470	179	0
2471	198	0
2472	166	0
2473	190	0
2474	207	0
2475	216	0
2476	188	0
2477	190	0
2478	193	0
2479	199	0
2480	197	0
2481	190	0
2482	198	0
2483	193	0
2484	204	0
2485	205	0
2486	197	0
2487	193	0
2488	197	0
2489	187	0
2490	200	0
2491	202	0
2492	190	0
2493	219	0
2494	221	0
2495	185	0
2496	217	0
2497	178	0
2498	199	0
2499	199	0
2500	216	0
2501	181	0
2502	180	0
2503	202	0
2504	215	0
2505	193	0
2506	194	0
2507	216	0
2508	182	0
2509	210	0
2510	194	0
2511	218	0
2512	191	0
2513	196	0
2514	207	0
2515	209	0
2516	223	0
2517	217	0
2518	180	0
2519	187	0
2520	210	0
2521	212	0
2522	191	0
2523	213	0
2524	177	0
2525	210	0
2526	186	0
2527	215	0
2528	180	0
2529	204	0
2530	202	0
2531	205	0
2532	182	0
2533	173	0
2534	216	0
2535	190	0
2536	209	0
2537	206	0
2538	184	0
2539	211	0
2540	194	0
2541	189	0
2542	202	0
2543	186	0
2544	203	0
2545	178	0
2546	182	0
2547	194	0
2548	162	0
2549	218	0
2550	188	0
2551	179	0
2552	218	0
2553	197	0
2554	201	0
2555	199	0
2556	194	0
2557	205	0
2558	206	0
2559	214	0
2560	188	0
2561	220	0
2562	204	0
2563	176	0
2564	209	0
2565	183	0
2566	220	0
2567	195	0
2568	204	0
2569	204	0
2570	180	0
2571	226	0
2572	175	0
2573	234	0
2574	187	0
2575	230	0
2576	224	0
2577	199	0
2578	191	0
2579	208	0
2580	172	0
2581	194	0
2582	179	0
2583	183	0
2584	215	0
2585	190	0
2586	193	0
2587	202	0
2588	209	0
2589	191	0
2590	184	0
2591	179	0
2592	211	0
2593	217	0
2594	192	0
2595	193	0
2596	176	0
2597	198	0
2598	195	0
2599	199	0
2600	179	0
2601	190	0
2602	203	0
2603	174	0
2604	203	0
2605	196	0
2606	219	0
2607	199	0
2608	189	0
2609	212	0
2610	191	0
2611	187	0
2612	219	0
2613	195	0
2614	189	0
2615	182	0
2616	200	0
2617	190	0
2618	172	0
2619	203	0
2620	173	0
2621	218	0
2622	217	0
2623	160	0
2624	217	0
2625	197	0
2626	208	0
2627	194	0
2628	209	0
2629	197	0
2630	229	0
2631	212	0
2632	201	0
2633	206	0
2634	200	0
2635	174	0
2636	208	0
2637	209	0
2638	223	0
2639	223	0
2640	209	0
2641	183	0
2642	190	0
2643	218	0
2644	176	0
2645	186	0
2646	176	0
2647	161	0
2648	205	0
2649	184	0
2650	222	0
2651	227	0
2652	209	0
2653	203	0
2654	199	0
2655	207	0
2656	220	0
2657	206	0
2658	184	0
2659	203	0
2660	174	0
2661	191	0
2662	198	0
2663	209	0
2664	192	0
2665	215	0
2666	167	0
2667	205	0
2668	203	0
2669	224	0
2670	170	0
2671	188	0
2672	183	0
2673	178	0
2674	190	0
2675	212	0
2676	190	0
2677	194	0
2678	202	0
2679	203	0
2680	197	0
2681	200	0
2682	212	0
2683	175	0
2684	208	0
2685	173	0
2686	210	0
2687	183	0
2688	189	0
2689	184	0
2690	163	0
2691	187	0
2692	207	0
2693	199	0
2694	198	0
2695	213	0
2696	209	0
2697	195	0
2698	186	0
2699	176	0
2700	211	0
2701	184	0
2702	181	0
2703	225	0
2704	206	0
2705	201	0
2706	197	0
2707	192	0
2708	210	0
2709	188	0
2710	224	0
2711	205	0
2712	170	0
2713	200	0
2714	211	0
2715	210	0
2716	192	0
2717	179	0
2718	188	0
2719	194	0
2720	188	0
2721	202	0
2722	211	0
2723	206	0
2724	180	0
2725	221	0
2726	184	0
2727	211	0
2728	207	0
2729	174	0
2730	203	0
2731	205	0
2732	186	0
2733	196	0
2734	225	0
2735	201	0
2736	206	0
2737	181	0
2738	181	0
2739	208	0
2740	210	0
2741	214	0
2742	190	0
2743	199	0
2744	192	0
2745	184	0
2746	206	0
2747	214	0
2748	175	0
2749	214	0
2750	233	0
2751	211	0
2752	183	0
2753	225	0
2754	204	0
2755	194	0
2756	183	0
2757	195	0
2758	194	0
2759	215	0
2760	210	0
2761	190	0
2762	184	0
2763	175	0
2764	217	0
2765	199	0
2766	199	0
2767	200	0
2768	200	0
2769	211	0
2770	222	0
2771	195	0
2772	200	0
2773	200	0
2774	163	0
2775	192	0
2776	212	0
2777	183	0
2778	193	0
2779	201	0
2780	203	0
2781	217	0
2782	197	0
2783	216	0
2784	177	0
2785	199	0
2786	192	0
2787	216	0
2788	195	0
2789	198	0
2790	184	0
2791	188	0
2792	202	0
2793	202	0
2794	187	0
2795	202	0
2796	205	0
2797	213	0
2798	202	0
2799	190	0
2800	176	0
2801	187	0
2802	193	0
2803	221	0
2804	193	0
2805	206	0
2806	204	0
2807	191	0
2808	188	0
2809	193	0
2810	201	0
2811	191	0
2812	188	0
2813	177	0
2814	197	0
2815	181	0
2816	204	0
2817	201	0
2818	210	0
2819	201	0
2820	193	0
2821	208	0
2822	187	0
2823	194	0
2824	182	0
2825	208	0
2826	234	0
2827	196	0
2828	190	0
2829	176	0
2830	188	0
2831	213	0
2832	204	0
2833	175	0
2834	192	0
2835	210	0
2836	205	0
2837	201	0
2838	167	0
2839	214	0
2840	186	0
2841	195	0
2842	179	0
2843	218	0
2844	214	0
2845	189	0
2846	212	0
2847	213	0
2848	180	0
2849	203	0
2850	157	0
2851	188	0
2852	223	0
2853	210	0
2854	206	0
2855	186	0
2856	183	0
2857	182	0
2858	186	0
2859	193	0
2860	173	0
2861	191	0
2862	204	0
2863	157	0
2864	213	0
2865	207	0
2866	185	0
2867	215	0
2868	205	0
2869	210	0
2870	195	0
2871	205	0
2872	189	0
2873	183	0
2874	222	0
2875	176	0
2876	202	0
2877	208	0
2878	228	0
2879	216	0
2880	203	0
2881	203	0
2882	217	0
2883	195	0
2884	192	0
2885	185	0
2886	190	0
2887	196	0
2888	208	0
2889	185	0
2890	190	0
2891	178	0
2892	218	0
2893	191	0
2894	206	0
2895	205	0
2896	176	0
2897	203	0
2898	220	0
2899	196	0
2900	221	0
2901	192	0
2902	203	0
2903	222	0
2904	198	0
2905	208	0
2906	200	0
2907	177	0
2908	211	0
2909	204	0
2910	223	0
2911	204	0
2912	215	0
2913	187	0
2914	182	0
2915	202	0
2916	183	0
2917	225	0
2918	219	0
2919	179	0
2920	181	0
2921	201	0
2922	177	0
2923	216	0
2924	197	0
2925	198	0
2926	185	0
2927	195	0
2928	195	0
2929	208	0
2930	187	0
2931	196	0
2932	212	0
2933	199	0
2934	198	0
2935	188	0
2936	203	0
2937	191	0
2938	199	0
2939	178	0
2940	197	0
2941	179	0
2942	179	0
2943	201	0
2944	201	0
2945	207	0
2946	182	0
2947	188	0
2948	171	0
2949	205	0
2950	178	0
2951	210	0
2952	221	0
2953	208	0
2954	201	0
2955	207	0
2956	229	0
2957	187	0
2958	178	0
2959	193	0
2960	186	0
2961	229	0
2962	196	0
2963	218	0
2964	226	0
2965	214	0
2966	225	0
2967	206	0
2968	221	0
2969	215	0
2970	193	0
2971	172	0
2972	175	0
2973	169	0
2974	193	0
2975	182	0
2976	217	0
2977	207	0
2978	198	0
2979	186	0
2980	184	0
2981	198	0
2982	198	0
2983	175	0
2984	206	0
2985	197	0
2986	172	0
2987	221	0
2988	210	0
2989	202	0
2990	218	0
2991	205	0
2992	173	0
2993	206	0
2994	201	0
2995	188	0
2996	200	0
2997	219	0
2998	196	0
2999	181	0
3000	194	0
