1	218	0
2	233	0
3	201	0
4	222	0
5	198	0
6	219	0
7	205	0
8	205	0
9	189	0
10	210	0
11	175	0
12	194	0
13	223	0
14	195	0
15	183	0
16	201	0
17	187	0
18	185	0
19	189	0
20	206	0
21	204	0
22	187	0
23	212	0
24	209	0
25	199	0
26	191	0
27	222	0
28	176	0
29	198	0
30	192	0
31	182	0
32	219	0
33	187	0
34	210	0
35	203	0
36	201	0
37	208	0
38	186	0
39	182	0
40	198	0
41	202	0
42	182	0
43	194	0
44	217	0
45	182	0
46	198	0
47	219	0
48	196	0
49	189	0
50	215	0
51	213	0
52	216	0
53	224	0
54	193	0
55	191	0
56	194	0
57	187	0
58	192	0
59	198	0
60	199	0
61	212	0
62	202	0
63	165	0
64	204	0
65	203	0
66	204	0
67	220	0
68	204	0
69	200	0
70	170	0
71	212	0
72	185	0
73	191	0
74	220	0
75	210	0
76	220	0
77	207	0
78	190	0
79	173	0
80	199	0
81	207	0
82	204	0
83	192	0
84	215	0
85	213	0
86	177	0
87	202	0
88	197	0
89	187	0
90	199	0
91	204	0
92	201	0
93	195	0
94	190	0
95	176	0
96	207	0
97	195	0
98	195	0
99	183	0
100	186	0
101	177	0
102	213	0
103	184	0
104	193	0
105	196	0
106	219	0
107	189	0
108	216	0
109	193	0
110	190	0
111	195	0
112	194	0
113	255	0
114	209	0
115	223	0
116	195	0
117	201	0
118	200	0
119	213	0
120	194	0
121	213	0
122	217	0
123	193	0
124	164	0
125	196	0
126	189	0
127	206	0
128	189	0
129	235	0
130	199	0
131	205	0
132	199	0
133	201	0
134	180	0
135	202	0
136	218	0
137	202	0
138	201	0
139	210	0
140	184	0
141	196	0
142	196	0
143	216	0
144	189	0
145	186	0
146	209	0
147	198	0
148	206	0
149	199	0
150	201	0
151	182	0
152	200	0
153	193	0
154	194	0
155	192	0
156	206	0
157	188	0
158	206	0
159	202	0
160	194	0
161	192	0
162	198	0
163	217	0
164	206	0
165	190	0
166	211	0
167	236	0
168	174	0
169	219	0
170	223	0
171	208	0
172	196	0
173	189	0
174	184	0
175	197	0
176	210	0
177	173	0
178	194	0
179	224	0
180	222	0
181	198	0
182	191	0
183	208	0
184	186	0
185	213	0
186	175	0
187	244	0
188	159	0
189	197	0
190	228	0
191	196	0
192	188	0
193	190	0
194	185	0
195	215	0
196	171	0
197	196	0
198	190	0
199	175	0
200	201	0
201	205	0
202	205	0
203	210	0
204	215	0
205	225	0
206	211	0
207	188	0
208	215	0
209	212	0
210	198	0
211	186	0
212	216	0
213	176	0
214	202	0
215	218	0
216	202	0
217	218	0
218	209	0
219	181	0
220	206	0
221	198	0
222	201	0
223	175	0
224	198	0
225	204	0
226	200	0
227	195	0
228	191	0
229	177	0
230	195	0
231	190	0
232	198	0
233	232	0
234	210	0
235	185	0
236	187	0
237	200	0
238	211	0
239	204	0
240	203	0
241	188	0
242	188	0
243	209	0
244	188	0
245	217	0
246	191	0
247	204	0
248	199	0
249	198	0
250	197	0
251	192	0
252	185	0
253	208	0
254	217	0
255	181	0
256	196	0
257	193	0
258	186	0
259	217	0
260	213	0
261	194	0
262	225	0
263	191	0
264	199	0
265	190	0
266	187	0
267	214	0
268	207	0
269	202	0
270	198	0
271	192	0
272	196	0
273	189	0
274	195	0
275	215	0
276	208	0
277	201	0
278	200	0
279	187	0
280	203	0
281	188	0
282	212	0
283	174	0
284	204	0
285	188	0
286	195	0
287	200	0
288	225	0
289	211	0
290	205	0
291	188	0
292	215	0
293	209	0
294	218	0
295	183	0
296	176	0
297	199	0
298	204	0
299	215	0
300	214	0
301	191	0
302	205	0
303	211	0
304	179	0
305	202	0
306	170	0
307	194	0
308	206	0
309	213	0
310	226	0
311	216	0
312	200	0
313	197	0
314	207	0
315	217	0
316	177	0
317	188	0
318	188	0
319	191	0
320	188	0
321	203	0
322	182	0
323	196	0
324	197	0
325	202	0
326	190	0
327	217	0
328	210	0
329	196	0
330	180	0
331	174	0
332	186	0
333	202	0
334	197	0
335	187	0
336	188	0
337	186	0
338	196	0
339	205	0
340	188	0
341	208	0
342	201	0
343	220	0
344	232	0
345	192	0
346	218	0
347	189	0
348	217	0
349	191	0
350	192	0
351	213	0
352	216	0
353	191	0
354	181	0
355	198	0
356	205	0
357	225	0
358	220	0
359	199	0
360	194	0
361	197	0
362	187	0
363	211	0
364	189	0
365	204	0
366	231	0
367	204	0
368	186	0
369	172	0
370	198	0
371	201	0
372	201	0
373	198	0
374	211	0
375	185	0
376	218	0
377	210	0
378	202	0
379	202	0
380	221	0
381	207	0
382	177	0
383	227	0
384	197	0
385	196	0
386	199	0
387	192	0
388	208	0
389	198	0
390	209	0
391	195	0
392	222	0
393	194	0
394	207	0
395	198	0
396	191	0
397	161	0
398	210	0
399	201	0
400	208	0
401	218	0
402	192	0
403	210	0
404	192	0
405	214	0
406	212	0
407	209	0
408	199	0
409	185	0
410	199	0
411	188	0
412	207	0
413	230	0
414	197	0
415	198	0
416	212	0
417	198	0
418	182	0
419	185	0
420	199	0
421	187	0
422	175	0
423	231	0
424	214	0
425	195	0
426	246	0
427	195	0
428	195	0
429	211	0
430	221	0
431	191	0
432	203	0
433	194	0
434	186	0
435	200	0
436	211	0
437	209	0
438	189	0
439	198	0
440	181	0
441	185	0
442	158	0
443	203	0
444	200	0
445	183	0
446	196	0
447	214	0
448	201	0
449	202	0
450	205	0
451	225	0
452	198	0
453	175	0
454	180	0
455	193	0
456	187	0
457	203	0
458	183	0
459	213	0
460	221	0
461	209	0
462	202	0
463	191	0
464	206	0
465	183	0
466	206	0
467	210	0
468	204	0
469	201	0
470	196	0
471	202	0
472	198	0
473	210	0
474	194	0
475	193	0
476	211	0
477	195	0
478	227	0
479	195	0
480	207	0
481	188	0
482	212	0
483	205	0
484	217	0
485	197	0
486	204	0
487	207	0
488	206	0
489	216	0
490	209	0
491	192	0
492	221	0
493	193	0
494	194	0
495	196	0
496	178	0
497	214	0
498	202	0
499	211	0
500	183	0
501	190	0
502	188	0
503	192	0
504	177	0
505	208	0
506	197	0
507	205	0
508	184	0
509	188	0
510	191	0
511	184	0
512	209	0
513	230	0
514	208	0
515	188	0
516	186	0
517	195	0
518	216	0
519	190	0
520	209	0
521	194	0
522	228	0
523	192	0
524	175	0
525	225	0
526	190	0
527	226	0
528	202	0
529	217	0
530	234	0
531	189	0
532	183	0
533	188	0
534	195	0
535	206	0
536	190	0
537	213	0
538	209	0
539	206	0
540	217	0
541	205	0
542	213	0
543	195	0
544	226	0
545	198	0
546	205	0
547	175	0
548	194	0
549	198	0
550	206	0
551	205	0
552	211	0
553	179	0
554	197	0
555	190	0
556	200	0
557	225	0
558	205	0
559	234	0
560	185	0
561	217	0
562	204	0
563	179	0
564	200	0
565	174	0
566	212	0
567	191	0
568	200	0
569	207	0
570	204	0
571	208	0
572	210	0
573	176	0
574	205	0
575	214	0
576	195	0
577	197	0
578	193	0
579	194	0
580	188	0
581	202	0
582	209	0
583	177	0
584	203	0
585	211	0
586	216	0
587	204	0
588	194	0
589	209	0
590	196	0
591	200	0
592	195	0
593	189	0
594	202	0
595	224	0
596	204	0
597	171	0
598	222	0
599	199	0
600	194	0
601	233	0
602	175	0
603	205	0
604	192	0
605	219	0
606	223	0
607	201	0
608	220	0
609	178	0
610	221	0
611	191	0
612	191	0
613	200	0
614	199	0
615	205	0
616	225	0
617	209	0
618	212	0
619	207	0
620	223	0
621	179	0
622	186	0
623	211	0
624	180	0
625	183	0
626	166	0
627	184	0
628	207	0
629	202	0
630	180	0
631	191	0
632	196	0
633	165	0
634	200	0
635	218	0
636	190	0
637	206	0
638	205	0
639	188	0
640	203	0
641	202	0
642	196	0
643	221	0
644	182	0
645	208	0
646	220	0
647	211	0
648	201	0
649	202	0
650	198	0
651	194	0
652	194	0
653	192	0
654	184	0
655	195	0
656	188	0
657	213	0
658	199	0
659	195	0
660	199	0
661	209	0
662	177	0
663	184	0
664	182	0
665	206	0
666	195	0
667	192	0
668	219	0
669	195	0
670	207	0
671	215	0
672	211	0
673	207	0
674	165	0
675	221	0
676	212	0
677	181	0
678	174	0
679	203	0
680	213	0
681	188	0
682	203	0
683	186	0
684	167	0
685	182	0
686	217	0
687	207	0
688	221	0
689	201	0
690	167	0
691	199	0
692	212	0
693	200	0
694	214	0
695	198	0
696	194	0
697	215	0
698	175	0
699	194	0
700	186	0
701	216	0
702	205	0
703	176	0
704	193	0
705	192	0
706	202	0
707	218	0
708	195	0
709	197	0
710	192	0
711	190	0
712	213	0
713	213	0
714	188	0
715	209	0
716	186	0
717	215	0
718	212	0
719	199	0
720	187	0
721	180	0
722	215	0
723	181	0
724	194	0
725	215	0
726	175	0
727	221	0
728	236	0
729	198	0
730	184	0
731	196	0
732	179	0
733	205	0
734	225	0
735	209	0
736	193	0
737	203	0
738	180	0
739	181	0
740	182	0
741	200	0
742	191	0
743	200	0
744	206	0
745	175	0
746	212	0
747	197	0
748	171	0
749	167	0
750	195	0
751	193	0
752	169	0
753	202	0
754	210	0
755	193	0
756	179	0
757	203	0
758	220	0
759	199	0
760	202	0
761	214	0
762	196	0
763	191	0
764	216	0
765	222	0
766	227	0
767	189	0
768	169	0
769	208	0
770	186	0
771	218	0
772	191	0
773	206	0
774	177	0
775	186	0
776	195	0
777	192	0
778	192	0
779	190	0
780	199	0
781	197	0
782	173	0
783	197	0
784	203	0
785	203	0
786	211	0
787	197	0
788	218	0
789	209	0
790	192	0
791	173	0
792	222	0
793	173	0
794	223	0
795	188	0
796	205	0
797	197	0
798	186	0
799	189	0
800	191	0
801	193	0
802	176	0
803	196	0
804	210	0
805	221	0
806	211	0
807	231	0
808	188	0
809	207	0
810	193	0
811	198	0
812	198	0
813	169	0
814	207	0
815	199	0
816	201	0
817	182	0
818	178	0
819	190	0
820	183	0
821	192	0
822	178	0
823	208	0
824	201	0
825	212	0
826	207	0
827	180	0
828	203	0
829	194	0
830	203	0
831	193	0
832	185	0
833	196	0
834	175	0
835	197	0
836	235	0
837	178	0
838	193	0
839	239	0
840	227	0
841	216	0
842	195	0
843	192	0
844	201	0
845	180	0
846	196	0
847	189	0
848	212	0
849	219	0
850	189	0
851	197	0
852	196	0
853	212	0
854	182	0
855	200	0
856	217	0
857	217	0
858	204	0
859	198	0
860	213	0
861	210	0
862	191	0
863	197	0
864	200	0
865	189	0
866	204	0
867	174	0
868	202	0
869	199	0
870	184	0
871	179	0
872	224	0
873	193	0
874	197	0
875	191	0
876	189	0
877	203	0
878	205	0
879	174	0
880	184	0
881	182	0
882	207	0
883	186	0
884	210	0
885	197	0
886	198	0
887	216	0
888	176	0
889	187	0
890	230	0
891	199	0
892	184	0
893	170	0
894	200	0
895	214	0
896	186	0
897	216	0
898	181	0
899	200	0
900	185	0
901	190	0
902	225	0
903	227	0
904	190	0
905	196	0
906	181	0
907	194	0
908	222	0
909	204	0
910	213	0
911	199	0
912	192	0
913	211	0
914	208	0
915	184	0
916	213	0
917	184	0
918	206	0
919	193	0
920	193	0
921	215	0
922	214	0
923	200	0
924	197	0
925	200	0
926	215	0
927	208	0
928	212	0
929	195	0
930	216	0
931	175	0
932	217	0
933	200	0
934	202	0
935	196	0
936	181	0
937	195	0
938	197	0
939	214	0
940	208	0
941	189	0
942	180	0
943	215	0
944	194	0
945	203	0
946	194	0
947	179	0
948	232	0
949	197	0
950	188	0
951	214	0
952	193	0
953	193	0
954	196	0
955	156	0
956	195	0
957	201	0
958	192	0
959	190	0
960	193	0
961	184	0
962	187	0
963	182	0
964	188	0
965	180	0
966	207	0
967	177	0
968	175	0
969	208	0
970	207	0
971	185	0
972	196	0
973	206	0
974	200	0
975	200	0
976	207	0
977	181	0
978	178	0
979	176	0
980	195	0
981	207	0
982	212	0
983	196	0
984	191	0
985	206	0
986	198	0
987	215	0
988	193	0
989	220	0
990	199	0
991	188	0
992	195	0
993	197	0
994	206	0
995	175	0
996	207	0
997	193	0
998	210	0
999	190	0
1000	180	0
1001	203	0
1002	209	0
1003	211	0
1004	195	0
1005	202	0
1006	193	0
1007	212	0
1008	213	0
1009	175	0
1010	209	0
1011	176	0
1012	210	0
1013	196	0
1014	193	0
1015	204	0
1016	210	0
1017	188	0
1018	189	0
1019	202	0
1020	187	0
1021	215	0
1022	171	0
1023	189	0
1024	212	0
1025	219	0
1026	221	0
1027	197	0
1028	190	0
1029	204	0
1030	202	0
1031	202	0
1032	204	0
1033	214	0
1034	199	0
1035	229	0
1036	180	0
1037	200	0
1038	180	0
1039	192	0
1040	186	0
1041	187	0
1042	201	0
1043	186	0
1044	239	0
1045	190	0
1046	203	0
1047	195	0
1048	206	0
1049	204	0
1050	193	0
1051	206	0
1052	196	0
1053	204	0
1054	202	0
1055	203	0
1056	218	0
1057	198	0
1058	208	0
1059	190	0
1060	225	0
1061	195	0
1062	187	0
1063	184	0
1064	209	0
1065	193	0
1066	212	0
1067	175	0
1068	216	0
1069	200	0
1070	223	0
1071	223	0
1072	206	0
1073	208	0
1074	205	0
1075	193	0
1076	196	0
1077	210	0
1078	215	0
1079	203	0
1080	198	0
1081	206	0
1082	195	0
1083	213	0
1084	186	0
1085	184	0
1086	188	0
1087	173	0
1088	222	0
1089	192	0
1090	196	0
1091	210	0
1092	194	0
1093	199	0
1094	221	0
1095	166	0
1096	201	0
1097	203	0
1098	188	0
1099	226	0
1100	204	0
1101	208	0
1102	193	0
1103	198	0
1104	183	0
1105	189	0
1106	203	0
1107	201	0
1108	199	0
1109	200	0
1110	220	0
1111	200	0
1112	185	0
1113	214	0
1114	227	0
1115	180	0
1116	183	0
1117	207	0
1118	217	0
1119	209	0
1120	197	0
1121	220	0
1122	210	0
1123	196	0
1124	215	0
1125	185	0
1126	198	0
1127	198	0
1128	159	0
1129	196	0
1130	189	0
1131	197	0
1132	219	0
1133	207	0
1134	234	0
1135	216	0
1136	203	0
1137	188	0
1138	200	0
1139	203	0
1140	214	0
1141	204	0
1142	208	0
1143	205	0
1144	222	0
1145	222	0
1146	200	0
1147	196	0
1148	213	0
1149	186	0
1150	193	0
1151	186	0
1152	190	0
1153	199	0
1154	197	0
1155	193	0
1156	207	0
1157	216	0
1158	227	0
1159	190	0
1160	200	0
1161	205	0
1162	200	0
1163	175	0
1164	170	0
1165	203	0
1166	204	0
1167	184	0
1168	204	0
1169	195	0
1170	178	0
1171	208	0
1172	198	0
1173	195	0
1174	207	0
1175	224	0
1176	204	0
1177	196	0
1178	205	0
1179	215	0
1180	213	0
1181	194	0
1182	187	0
1183	196	0
1184	197	0
1185	202	0
1186	199	0
1187	236	0
1188	185	0
1189	183	0
1190	196	0
1191	211	0
1192	198	0
1193	211	0
1194	226	0
1195	209	0
1196	192	0
1197	209	0
1198	183	0
1199	213	0
1200	174	0
1201	223	0
1202	187	0
1203	213	0
1204	188	0
1205	205	0
1206	195	0
1207	211	0
1208	200	0
1209	201	0
1210	202	0
1211	202	0
1212	220	0
1213	188	0
1214	171	0
1215	194	0
1216	185	0
1217	202	0
1218	183	0
1219	188	0
1220	201	0
1221	202	0
1222	159	0
1223	195	0
1224	175	0
1225	200	0
1226	218	0
1227	195	0
1228	200	0
1229	207	0
1230	197	0
1231	230	0
1232	196	0
1233	215	0
1234	192	0
1235	213	0
1236	190	0
1237	198	0
1238	198	0
1239	187	0
1240	204	0
1241	189	0
1242	177	0
1243	194	0
1244	190	0
1245	195	0
1246	206	0
1247	209	0
1248	218	0
1249	219	0
1250	196	0
1251	215	0
1252	191	0
1253	185	0
1254	213	0
1255	203	0
1256	214	0
1257	196	0
1258	197	0
1259	208	0
1260	215	0
1261	212	0
1262	196	0
1263	189	0
1264	201	0
1265	187	0
1266	203	0
1267	187	0
1268	199	0
1269	188	0
1270	198	0
1271	177	0
1272	195	0
1273	204	0
1274	200	0
1275	198	0
1276	209	0
1277	194	0
1278	192	0
1279	184	0
1280	226	0
1281	196	0
1282	204	0
1283	191	0
1284	226	0
1285	213	0
1286	182	0
1287	193	0
1288	195	0
1289	239	0
1290	186	0
1291	204	0
1292	195	0
1293	189	0
1294	206	0
1295	229	0
1296	218	0
1297	196	0
1298	179	0
1299	195	0
1300	192	0
1301	224	0
1302	218	0
1303	221	0
1304	191	0
1305	181	0
1306	204	0
1307	186	0
1308	210	0
1309	197	0
1310	197	0
1311	179	0
1312	209	0
1313	195	0
1314	198	0
1315	182	0
1316	176	0
1317	192	0
1318	215	0
1319	202	0
1320	195	0
1321	212	0
1322	188	0
1323	243	0
1324	202	0
1325	197	0
1326	216	0
1327	221	0
1328	191	0
1329	186	0
1330	200	0
1331	210	0
1332	189	0
1333	219	0
1334	215	0
1335	210	0
1336	204	0
1337	207	0
1338	182	0
1339	187	0
1340	192	0
1341	203	0
1342	182	0
1343	204	0
1344	196	0
1345	191	0
1346	204	0
1347	219	0
1348	197	0
1349	204	0
1350	209	0
1351	187	0
1352	194	0
1353	230	0
1354	204	0
1355	207	0
1356	197	0
1357	187	0
1358	201	0
1359	202	0
1360	195	0
1361	191	0
1362	201	0
1363	220	0
1364	198	0
1365	193	0
1366	184	0
1367	189	0
1368	202	0
1369	193	0
1370	183	0
1371	177	0
1372	188	0
1373	193	0
1374	236	0
1375	193	0
1376	185	0
1377	177	0
1378	211	0
1379	206	0
1380	194	0
1381	175	0
1382	171	0
1383	235	0
1384	189	0
1385	201	0
1386	173	0
1387	192	0
1388	176	0
1389	204	0
1390	198	0
1391	196	0
1392	211	0
1393	194	0
1394	196	0
1395	180	0
1396	190	0
1397	214	0
1398	183	0
1399	191	0
1400	201	0
1401	205	0
1402	203	0
1403	233	0
1404	176	0
1405	173	0
1406	198	0
1407	196	0
1408	208	0
1409	221	0
1410	203	0
1411	189	0
1412	205	0
1413	195	0
1414	195	0
1415	189	0
1416	185	0
1417	196	0
1418	217	0
1419	192	0
1420	183	0
1421	183	0
1422	199	0
1423	250	0
1424	216	0
1425	184	0
1426	195	0
1427	195	0
1428	213	0
1429	188	0
1430	211	0
1431	188	0
1432	208	0
1433	180	0
1434	214	0
1435	185	0
1436	216	0
1437	215	0
1438	191	0
1439	217	0
1440	194	0
1441	187	0
1442	200	0
1443	215	0
1444	201	0
1445	211	0
1446	219	0
1447	225	0
1448	208	0
1449	188	0
1450	203	0
1451	186	0
1452	190	0
1453	199	0
1454	211	0
1455	190	0
1456	187	0
1457	207	0
1458	205	0
1459	191	0
1460	209	0
1461	197	0
1462	225	0
1463	211	0
1464	189	0
1465	210	0
1466	189	0
1467	206	0
1468	214	0
1469	165	0
1470	194	0
1471	192	0
1472	201	0
1473	187	0
1474	191	0
1475	187	0
1476	180	0
1477	206	0
1478	188	0
1479	189	0
1480	221	0
1481	206	0
1482	216	0
1483	224	0
1484	195	0
1485	210	0
1486	173	0
1487	191	0
1488	196	0
1489	198	0
1490	209	0
1491	212	0
1492	196	0
1493	190	0
1494	197	0
1495	194	0
1496	210	0
1497	217	0
1498	176	0
1499	211	0
1500	224	0
1501	179	0
1502	210	0
1503	195	0
1504	193	0
1505	196	0
1506	190	0
1507	193	0
1508	201	0
1509	219	0
1510	225	0
1511	212	0
1512	187	0
1513	216	0
1514	198	0
1515	218	0
1516	199	0
1517	204	0
1518	209	0
1519	198	0
1520	193	0
1521	203	0
1522	206	0
1523	191	0
1524	212	0
1525	217	0
1526	181	0
1527	170	0
1528	192	0
1529	224	0
1530	194	0
1531	196	0
1532	194	0
1533	207	0
1534	226	0
1535	184	0
1536	217	0
1537	211	0
1538	208	0
1539	213	0
1540	211	0
1541	204	0
1542	190	0
1543	208	0
1544	187	0
1545	186	0
1546	192	0
1547	196	0
1548	210	0
1549	179	0
1550	189	0
1551	188	0
1552	212	0
1553	219	0
1554	198	0
1555	224	0
1556	193	0
1557	186	0
1558	196	0
1559	199	0
1560	201	0
1561	226	0
1562	204	0
1563	217	0
1564	210	0
1565	190	0
1566	214	0
1567	208	0
1568	193	0
1569	207	0
1570	194	0
1571	190	0
1572	199	0
1573	199	0
1574	197	0
1575	204	0
1576	213	0
1577	228	0
1578	199	0
1579	221	0
1580	224	0
1581	210	0
1582	219	0
1583	190	0
1584	217	0
1585	204	0
1586	188	0
1587	207	0
1588	184	0
1589	203	0
1590	201	0
1591	206	0
1592	173	0
1593	202	0
1594	172	0
1595	201	0
1596	215	0
1597	186	0
1598	189	0
1599	208	0
1600	192	0
1601	212	0
1602	211	0
1603	221	0
1604	187	0
1605	194	0
1606	178	0
1607	220	0
1608	186	0
1609	180	0
1610	201	0
1611	216	0
1612	195	0
1613	213	0
1614	200	0
1615	186	0
1616	202	0
1617	183	0
1618	199	0
1619	170	0
1620	192	0
1621	190	0
1622	201	0
1623	193	0
1624	207	0
1625	215	0
1626	196	0
1627	190	0
1628	197	0
1629	212	0
1630	214	0
1631	187	0
1632	187	0
1633	182	0
1634	219	0
1635	187	0
1636	203	0
1637	236	0
1638	199	0
1639	192	0
1640	212	0
1641	185	0
1642	189	0
1643	212	0
1644	212	0
1645	192	0
1646	190	0
1647	216	0
1648	195	0
1649	188	0
1650	189	0
1651	200	0
1652	234	0
1653	217	0
1654	197	0
1655	218	0
1656	196	0
1657	184	0
1658	194	0
1659	234	0
1660	202	0
1661	198	0
1662	193	0
1663	205	0
1664	192	0
1665	202	0
1666	230	0
1667	205	0
1668	200	0
1669	208	0
1670	198	0
1671	184	0
1672	199	0
1673	207	0
1674	179	0
1675	206	0
1676	180	0
1677	183	0
1678	204	0
1679	200	0
1680	218	0
1681	178	0
1682	189	0
1683	199	0
1684	176	0
1685	178	0
1686	212	0
1687	176	0
1688	205	0
1689	195	0
1690	199	0
1691	189	0
1692	179	0
1693	171	0
1694	186	0
1695	211	0
1696	190	0
1697	199	0
1698	185	0
1699	197	0
1700	181	0
1701	239	0
1702	209	0
1703	195	0
1704	207	0
1705	197	0
1706	211	0
1707	209	0
1708	214	0
1709	179	0
1710	221	0
1711	172	0
1712	181	0
1713	186	0
1714	208	0
1715	206	0
1716	208	0
1717	186	0
1718	188	0
1719	185	0
1720	206	0
1721	189	0
1722	219	0
1723	199	0
1724	206	0
1725	184	0
1726	196	0
1727	177	0
1728	198	0
1729	197	0
1730	200	0
1731	231	0
1732	185	0
1733	192	0
1734	215	0
1735	196	0
1736	189	0
1737	218	0
1738	182	0
1739	214	0
1740	199	0
1741	222	0
1742	190	0
1743	174	0
1744	204	0
1745	194	0
1746	188	0
1747	206	0
1748	212	0
1749	186	0
1750	206	0
1751	216	0
1752	213	0
1753	214	0
1754	214	0
1755	216	0
1756	188	0
1757	209	0
1758	202	0
1759	193	0
1760	211	0
1761	183	0
1762	181	0
1763	183	0
1764	188	0
1765	192	0
1766	233	0
1767	193	0
1768	206	0
1769	197	0
1770	218	0
1771	205	0
1772	196	0
1773	215	0
1774	205	0
1775	200	0
1776	222	0
1777	210	0
1778	194	0
1779	194	0
1780	193	0
1781	184	0
1782	221	0
1783	219	0
1784	187	0
1785	210	0
1786	189	0
1787	205	0
1788	207	0
1789	180	0
1790	196	0
1791	214	0
1792	221	0
1793	185	0
1794	191	0
1795	213	0
1796	206	0
1797	212	0
1798	173	0
1799	185	0
1800	208	0
1801	198	0
1802	184	0
1803	197	0
1804	205	0
1805	191	0
1806	225	0
1807	191	0
1808	207	0
1809	205	0
1810	187	0
1811	213	0
1812	230	0
1813	207	0
1814	201	0
1815	207	0
1816	180	0
1817	218	0
1818	203	0
1819	213	0
1820	228	0
1821	233	0
1822	181	0
1823	219	0
1824	194	0
1825	198	0
1826	206	0
1827	192	0
1828	219	0
1829	194	0
1830	199	0
1831	206	0
1832	218	0
1833	202	0
1834	223	0
1835	198	0
1836	190	0
1837	200	0
1838	196	0
1839	182	0
1840	201	0
1841	200	0
1842	192	0
1843	214	0
1844	213	0
1845	203	0
1846	192	0
1847	207	0
1848	202	0
1849	210	0
1850	205	0
1851	174	0
1852	209	0
1853	213	0
1854	184	0
1855	199	0
1856	202	0
1857	188	0
1858	182	0
1859	199	0
1860	198	0
1861	190	0
1862	200	0
1863	198	0
1864	213	0
1865	187	0
1866	195	0
1867	192	0
1868	183	0
1869	198	0
1870	184	0
1871	210	0
1872	166	0
1873	211	0
1874	187	0
1875	199	0
1876	189	0
1877	182	0
1878	210	0
1879	208	0
1880	172	0
1881	222	0
1882	169	0
1883	207	0
1884	209	0
1885	212	0
1886	209	0
1887	182	0
1888	203	0
1889	198	0
1890	218	0
1891	201	0
1892	185	0
1893	215	0
1894	205	0
1895	188	0
1896	184	0
1897	206	0
1898	208	0
1899	192	0
1900	178	0
1901	203	0
1902	195	0
1903	177	0
1904	195	0
1905	228	0
1906	174	0
1907	181	0
1908	194	0
1909	209	0
1910	209	0
1911	219	0
1912	189	0
1913	210	0
1914	230	0
1915	222	0
1916	229	0
1917	209	0
1918	177	0
1919	192	0
1920	180	0
1921	203	0
1922	180	0
1923	214	0
1924	202	0
1925	203	0
1926	204	0
1927	185	0
1928	207	0
1929	183	0
1930	201	0
1931	188	0
1932	196	0
1933	221	0
1934	190	0
1935	223	0
1936	220	0
1937	212	0
1938	182	0
1939	178	0
1940	215	0
1941	198	0
1942	190	0
1943	216	0
1944	209	0
1945	173	0
1946	205	0
1947	212	0
1948	212	0
1949	194	0
1950	203	0
1951	216	0
1952	207	0
1953	187	0
1954	206	0
1955	204	0
1956	207	0
1957	207	0
1958	200	0
1959	188	0
1960	208	0
1961	209	0
1962	197	0
1963	223	0
1964	204	0
1965	205	0
1966	178	0
1967	213	0
1968	176	0
1969	192	0
1970	185	0
1971	199	0
1972	212	0
1973	173	0
1974	214	0
1975	195	0
1976	179	0
1977	205	0
1978	185	0
1979	203	0
1980	194	0
1981	213	0
1982	200	0
1983	189	0
1984	203	0
1985	185	0
1986	201	0
1987	194	0
1988	204	0
1989	214	0
1990	204	0
1991	208	0
1992	209	0
1993	204	0
1994	199	0
1995	178	0
1996	228	0
1997	197	0
1998	198	0
1999	217	0
2000	225	0
2001	215	0
2002	180	0
2003	239	0
2004	191	0
2005	201	0
2006	170	0
2007	214	0
2008	208	0
2009	212	0
2010	220	0
2011	193	0
2012	219	0
2013	187	0
2014	206	0
2015	200	0
2016	203	0
2017	214	0
2018	197	0
2019	224	0
2020	183	0
2021	216	0
2022	207	0
2023	187	0
2024	150	0
2025	194	0
2026	184	0
2027	208	0
2028	185	0
2029	212	0
2030	197	0
2031	210	0
2032	173	0
2033	205	0
2034	198	0
2035	182	0
2036	210	0
2037	186	0
2038	218	0
2039	212	0
2040	194	0
2041	190	0
2042	183	0
2043	186	0
2044	180	0
2045	191	0
2046	212	0
2047	218	0
2048	201	0
2049	182	0
2050	217	0
2051	184	0
2052	200	0
2053	208	0
2054	205	0
2055	199	0
2056	199	0
2057	187	0
2058	195	0
2059	206	0
2060	213	0
2061	195	0
2062	199	0
2063	196	0
2064	222	0
2065	200	0
2066	211	0
2067	225	0
2068	211	0
2069	203	0
2070	185	0
2071	232	0
2072	189	0
2073	181	0
2074	195	0
2075	199	0
2076	205	0
2077	175	0
2078	207	0
2079	220	0
2080	218	0
2081	207	0
2082	181	0
2083	192	0
2084	216	0
2085	197	0
2086	232	0
2087	165	0
2088	202	0
2089	221	0
2090	196	0
2091	188	0
2092	203	0
2093	209	0
2094	223	0
2095	194	0
2096	210	0
2097	220	0
2098	201	0
2099	197	0
2100	187	0
2101	209	0
2102	200	0
2103	179	0
2104	213	0
2105	197	0
2106	201	0
2107	215	0
2108	205	0
2109	201	0
2110	216	0
2111	186	0
2112	191	0
2113	202	0
2114	244	0
2115	210	0
2116	188	0
2117	200	0
2118	196	0
2119	209	0
2120	223	0
2121	174	0
2122	195	0
2123	178	0
2124	210	0
2125	207	0
2126	207	0
2127	217	0
2128	221	0
2129	217	0
2130	219	0
2131	152	0
2132	206	0
2133	173	0
2134	188	0
2135	191	0
2136	177	0
2137	182	0
2138	182	0
2139	205	0
2140	202	0
2141	201	0
2142	221	0
2143	218	0
2144	196	0
2145	198	0
2146	207	0
2147	180	0
2148	240	0
2149	199	0
2150	207	0
2151	203	0
2152	204	0
2153	192	0
2154	171	0
2155	208	0
2156	201	0
2157	190	0
2158	197	0
2159	206	0
2160	198	0
2161	214	0
2162	199	0
2163	216	0
2164	190	0
2165	180	0
2166	224	0
2167	199	0
2168	225	0
2169	214	0
2170	216	0
2171	193	0
2172	195	0
2173	214	0
2174	206	0
2175	183	0
2176	190	0
2177	198	0
2178	214	0
2179	212	0
2180	194	0
2181	207	0
2182	180	0
2183	208	0
2184	199	0
2185	220	0
2186	229	0
2187	202	0
2188	180	0
2189	234	0
2190	229	0
2191	188	0
2192	193	0
2193	208	0
2194	195	0
2195	198	0
2196	219	0
2197	219	0
2198	185	0
2199	197	0
2200	191	0
2201	212	0
2202	209	0
2203	224	0
2204	188	0
2205	206	0
2206	220	0
2207	182	0
2208	211	0
2209	180	0
2210	197	0
2211	181	0
2212	191	0
2213	213	0
2214	191	0
2215	195	0
2216	192	0
2217	165	0
2218	203	0
2219	210	0
2220	221	0
2221	183	0
2222	188	0
2223	217	0
2224	193	0
2225	197	0
2226	188	0
2227	206	0
2228	196	0
2229	208	0
2230	222	0
2231	204	0
2232	196	0
2233	218	0
2234	227	0
2235	213	0
2236	176	0
2237	214	0
2238	194	0
2239	163	0
2240	195	0
2241	235	0
2242	191	0
2243	198	0
2244	219	0
2245	201	0
2246	192	0
2247	195	0
2248	198	0
2249	194	0
2250	204	0
2251	208	0
2252	212	0
2253	183	0
2254	176	0
2255	188	0
2256	209	0
2257	207	0
2258	197	0
2259	175	0
2260	203	0
2261	206	0
2262	198	0
2263	197	0
2264	215	0
2265	218	0
2266	189	0
2267	207	0
2268	219	0
2269	217	0
2270	225	0
2271	217	0
2272	188	0
2273	199	0
2274	226	0
2275	181	0
2276	208	0
2277	201	0
2278	209	0
2279	217	0
2280	180	0
2281	211	0
2282	215	0
2283	177	0
2284	210	0
2285	196	0
2286	191	0
2287	191	0
2288	203	0
2289	210	0
2290	205	0
2291	190	0
2292	201	0
2293	183	0
2294	194	0
2295	197	0
2296	178	0
2297	226	0
2298	209	0
2299	197	0
2300	185	0
2301	184	0
2302	180	0
2303	197	0
2304	200	0
2305	177	0
2306	227	0
2307	220	0
2308	175	0
2309	210	0
2310	194	0
2311	189	0
2312	218	0
2313	200	0
2314	215	0
2315	170	0
2316	195	0
2317	184	0
2318	189	0
2319	208	0
2320	221	0
2321	193	0
2322	203	0
2323	179	0
2324	196	0
2325	195	0
2326	197	0
2327	204	0
2328	187	0
2329	202	0
2330	215	0
2331	174	0
2332	195	0
2333	210	0
2334	187	0
2335	194	0
2336	192	0
2337	215	0
2338	191	0
2339	205	0
2340	178	0
2341	202	0
2342	207	0
2343	194	0
2344	207	0
2345	205	0
2346	188	0
2347	194	0
2348	180	0
2349	190	0
2350	173	0
2351	182	0
2352	186	0
2353	178	0
2354	200	0
2355	218	0
2356	226	0
2357	213	0
2358	184	0
2359	201	0
2360	206	0
2361	209	0
2362	200	0
2363	224	0
2364	203	0
2365	179	0
2366	187	0
2367	210	0
2368	210	0
2369	208	0
2370	195	0
2371	192	0
2372	214	0
2373	203	0
2374	195	0
2375	185	0
2376	196	0
2377	211	0
2378	217	0
2379	200	0
2380	200	0
2381	203	0
2382	209	0
2383	176	0
2384	205	0
2385	197	0
2386	215	0
2387	190	0
2388	174	0
2389	194	0
2390	221	0
2391	198	0
2392	205	0
2393	206	0
2394	244	0
2395	199	0
2396	181	0
2397	196	0
2398	197	0
2399	197	0
2400	239	0
2401	219	0
2402	203	0
2403	184	0
2404	191	0
2405	190	0
2406	223	0
2407	206	0
2408	191	0
2409	209	0
2410	200	0
2411	208	0
2412	188	0
2413	161	0
2414	200	0
2415	189	0
2416	188	0
2417	204	0
2418	191	0
2419	185	0
2420	175	0
2421	180	0
2422	225	0
2423	195	0
2424	191	0
2425	192	0
2426	217	0
2427	188	0
2428	206	0
2429	218	0
2430	226	0
2431	208	0
2432	177	0
2433	184	0
2434	172	0
2435	210	0
2436	223	0
2437	211	0
2438	199	0
2439	191	0
2440	182	0
2441	209	0
2442	203	0
2443	183	0
2444	214	0
2445	187	0
2446	207	0
2447	186	0
2448	230	0
2449	198	0
2450	204	0
2451	215	0
2452	202	0
2453	188	0
2454	180	0
2455	202	0
2456	164	0
2457	197	0
2458	212	0
2459	204	0
2460	197	0
2461	194	0
2462	207	0
2463	186	0
2464	186	0
2465	216	0
2466	211	0
2467	188	0
2468	204	0
2469	213	0
2470	218	0
2471	206	0
2472	200	0
2473	186	0
2474	195	0
2475	201	0
2476	222	0
2477	184	0
2478	197	0
2479	186	0
2480	193	0
2481	213	0
2482	200	0
2483	209	0
2484	200	0
2485	195	0
2486	219	0
2487	212	0
2488	207	0
2489	176	0
2490	204	0
2491	197	0
2492	200	0
2493	202	0
2494	211	0
2495	185	0
2496	193	0
2497	224	0
2498	198	0
2499	194	0
2500	223	0
2501	209	0
2502	200	0
2503	195	0
2504	186	0
2505	178	0
2506	200	0
2507	197	0
2508	210	0
2509	208	0
2510	211	0
2511	209	0
2512	217	0
2513	205	0
2514	193	0
2515	207	0
2516	201	0
2517	237	0
2518	222	0
2519	199	0
2520	226	0
2521	178	0
2522	217	0
2523	191	0
2524	218	0
2525	198	0
2526	178	0
2527	198	0
2528	204	0
2529	201	0
2530	205	0
2531	196	0
2532	187	0
2533	213	0
2534	208	0
2535	209	0
2536	198	0
2537	188	0
2538	243	0
2539	192	0
2540	197	0
2541	197	0
2542	178	0
2543	187	0
2544	200	0
2545	196	0
2546	228	0
2547	195	0
2548	212	0
2549	221	0
2550	219	0
2551	210	0
2552	191	0
2553	172	0
2554	189	0
2555	189	0
2556	195	0
2557	196	0
2558	202	0
2559	176	0
2560	218	0
2561	210	0
2562	177	0
2563	199	0
2564	192	0
2565	217	0
2566	183	0
2567	179	0
2568	208	0
2569	196	0
2570	203	0
2571	189	0
2572	188	0
2573	198	0
2574	202	0
2575	212	0
2576	217	0
2577	185	0
2578	186	0
2579	219	0
2580	210	0
2581	234	0
2582	198	0
2583	248	0
2584	186	0
2585	189	0
2586	188	0
2587	192	0
2588	201	0
2589	195	0
2590	230	0
2591	218	0
2592	197	0
2593	197	0
2594	199	0
2595	212	0
2596	208	0
2597	177	0
2598	203	0
2599	202	0
2600	207	0
2601	201	0
2602	185	0
2603	180	0
2604	207	0
2605	189	0
2606	191	0
2607	219	0
2608	215	0
2609	197	0
2610	213	0
2611	223	0
2612	187	0
2613	222	0
2614	172	0
2615	196	0
2616	187	0
2617	213	0
2618	181	0
2619	224	0
2620	211	0
2621	218	0
2622	224	0
2623	224	0
2624	200	0
2625	215	0
2626	191	0
2627	190	0
2628	214	0
2629	214	0
2630	199	0
2631	176	0
2632	207	0
2633	202	0
2634	179	0
2635	216	0
2636	194	0
2637	196	0
2638	204	0
2639	183	0
2640	192	0
2641	205	0
2642	228	0
2643	205	0
2644	198	0
2645	192	0
2646	180	0
2647	207	0
2648	183	0
2649	206	0
2650	213	0
2651	216	0
2652	198	0
2653	211	0
2654	193	0
2655	235	0
2656	172	0
2657	204	0
2658	207	0
2659	217	0
2660	193	0
2661	181	0
2662	187	0
2663	178	0
2664	202	0
2665	213	0
2666	199	0
2667	162	0
2668	201	0
2669	220	0
2670	212	0
2671	214	0
2672	197	0
2673	208	0
2674	201	0
2675	191	0
2676	199	0
2677	200	0
2678	199	0
2679	197	0
2680	170	0
2681	205	0
2682	216	0
2683	211	0
2684	216	0
2685	187	0
2686	207	0
2687	198	0
2688	183	0
2689	204	0
2690	173	0
2691	204	0
2692	221	0
2693	190	0
2694	192	0
2695	191	0
2696	202	0
2697	164	0
2698	218	0
2699	199	0
2700	206	0
2701	211	0
2702	214	0
2703	205	0
2704	220	0
2705	195	0
2706	181	0
2707	215	0
2708	213	0
2709	188	0
2710	224	0
2711	178	0
2712	201	0
2713	193	0
2714	209	0
2715	173	0
2716	213	0
2717	211	0
2718	190	0
2719	188	0
2720	188	0
2721	197	0
2722	190	0
2723	205	0
2724	194	0
2725	194	0
2726	197	0
2727	199	0
2728	213	0
2729	200	0
2730	204	0
2731	195	0
2732	209	0
2733	222	0
2734	222	0
2735	180	0
2736	198	0
2737	177	0
2738	210	0
2739	203	0
2740	181	0
2741	207	0
2742	167	0
2743	182	0
2744	193	0
2745	189	0
2746	220	0
2747	208	0
2748	214	0
2749	216	0
2750	194	0
2751	205	0
2752	197	0
2753	187	0
2754	205	0
2755	184	0
2756	203	0
2757	225	0
2758	194	0
2759	222	0
2760	196	0
2761	200	0
2762	210	0
2763	203	0
2764	189	0
2765	183	0
2766	201	0
2767	169	0
2768	209	0
2769	205	0
2770	202	0
2771	189	0
2772	201	0
2773	213	0
2774	174	0
2775	207	0
2776	211	0
2777	206	0
2778	220	0
2779	209	0
2780	179	0
2781	210	0
2782	191	0
2783	234	0
2784	185	0
2785	209	0
2786	221	0
2787	226	0
2788	201	0
2789	201	0
2790	191	0
2791	214	0
2792	189	0
2793	214	0
2794	199	0
2795	214	0
2796	191	0
2797	188	0
2798	195	0
2799	180	0
2800	194	0
2801	203	0
2802	204	0
2803	182	0
2804	189	0
2805	189	0
2806	229	0
2807	206	0
2808	199	0
2809	194	0
2810	182	0
2811	219	0
2812	184	0
2813	203	0
2814	204	0
2815	178	0
2816	201	0
2817	203	0
2818	215	0
2819	194	0
2820	208	0
2821	213	0
2822	183	0
2823	194	0
2824	210	0
2825	180	0
2826	199	0
2827	190	0
2828	227	0
2829	185	0
2830	203	0
2831	192	0
2832	202	0
2833	211	0
2834	215	0
2835	185	0
2836	203	0
2837	213	0
2838	190	0
2839	206	0
2840	205	0
2841	201	0
2842	222	0
2843	204	0
2844	188	0
2845	196	0
2846	169	0
2847	193	0
2848	213	0
2849	193	0
2850	210	0
2851	227	0
2852	195	0
2853	214	0
2854	200	0
2855	203	0
2856	196	0
2857	198	0
2858	191	0
2859	176	0
2860	208	0
2861	205	0
2862	197	0
2863	177	0
2864	184	0
2865	218	0
2866	197	0
2867	209	0
2868	227	0
2869	192	0
2870	216	0
2871	192	0
2872	190	0
2873	198	0
2874	201	0
2875	209	0
2876	204	0
2877	222	0
2878	190	0
2879	191	0
2880	225	0
2881	204	0
2882	216	0
2883	220	0
2884	172	0
2885	190	0
2886	175	0
2887	213	0
2888	218	0
2889	206	0
2890	214	0
2891	196	0
2892	196	0
2893	203	0
2894	212	0
2895	192	0
2896	184	0
2897	199	0
2898	189	0
2899	180	0
2900	209	0
2901	171	0
2902	209	0
2903	186	0
2904	198	0
2905	210	0
2906	203	0
2907	186	0
2908	215	0
2909	197	0
2910	207	0
2911	187	0
2912	177	0
2913	205	0
2914	201	0
2915	208	0
2916	217	0
2917	202	0
2918	218	0
2919	200	0
2920	208	0
2921	208	0
2922	205	0
2923	211	0
2924	217	0
2925	187	0
2926	205	0
2927	209	0
2928	204	0
2929	180	0
2930	192	0
2931	205	0
2932	201	0
2933	191	0
2934	188	0
2935	184	0
2936	186	0
2937	168	0
2938	199	0
2939	196	0
2940	190	0
2941	235	0
2942	172	0
2943	215	0
2944	195	0
2945	210	0
2946	207	0
2947	189	0
2948	200	0
2949	210	0
2950	200	0
2951	215	0
2952	208	0
2953	183	0
2954	238	0
2955	210	0
2956	200	0
2957	219	0
2958	184	0
2959	212	0
2960	214	0
2961	206	0
2962	182	0
2963	194	0
2964	213	0
2965	191	0
2966	163	0
2967	207	0
2968	197	0
2969	182	0
2970	194	0
2971	195	0
2972	180	0
2973	191	0
2974	215	0
2975	202	0
2976	203	0
2977	194	0
2978	218	0
2979	196	0
2980	196	0
2981	198	0
2982	202	0
2983	174	0
2984	211	0
2985	167	0
2986	199	0
2987	197	0
2988	220	0
2989	196	0
2990	226	0
2991	206	0
2992	199	0
2993	215	0
2994	218	0
2995	211	0
2996	228	0
2997	199	0
2998	225	0
2999	198	0
3000	199	0
