1	211	0
2	208	0
3	203	0
4	197	0
5	190	0
6	200	0
7	221	0
8	211	0
9	205	0
10	222	0
11	180	0
12	182	0
13	211	0
14	208	0
15	200	0
16	226	0
17	190	0
18	189	0
19	206	0
20	212	0
21	202	0
22	187	0
23	200	0
24	207	0
25	191	0
26	203	0
27	190	0
28	194	0
29	204	0
30	192	0
31	192	0
32	213	0
33	206	0
34	203	0
35	186	0
36	186	0
37	185	0
38	196	0
39	182	0
40	199	0
41	196	0
42	207	0
43	198	0
44	206	0
45	174	0
46	198	0
47	193	0
48	195	0
49	192	0
50	192	0
51	183	0
52	213	0
53	216	0
54	203	0
55	183	0
56	209	0
57	199	0
58	192	0
59	196	0
60	173	0
61	208	0
62	213	0
63	203	0
64	153	0
65	179	0
66	181	0
67	236	0
68	205	0
69	201	0
70	203	0
71	194	0
72	187	0
73	198	0
74	223	0
75	230	0
76	226	0
77	205	0
78	158	0
79	203	0
80	192	0
81	184	0
82	214	0
83	211	0
84	210	0
85	197	0
86	187	0
87	192	0
88	197	0
89	218	0
90	201	0
91	208	0
92	206	0
93	206	0
94	180	0
95	197	0
96	198	0
97	193	0
98	222	0
99	193	0
100	192	0
101	183	0
102	191	0
103	199	0
104	191	0
105	213	0
106	215	0
107	187	0
108	197	0
109	202	0
110	216	0
111	193	0
112	207	0
113	221	0
114	207	0
115	196	0
116	196	0
117	189	0
118	231	0
119	192	0
120	200	0
121	205	0
122	212	0
123	177	0
124	187	0
125	195	0
126	207	0
127	223	0
128	204	0
129	184	0
130	182	0
131	222	0
132	193	0
133	205	0
134	200	0
135	202	0
136	183	0
137	220	0
138	196	0
139	187	0
140	187	0
141	185	0
142	215	0
143	210	0
144	192	0
145	199	0
146	180	0
147	204	0
148	178	0
149	193	0
150	193	0
151	181	0
152	198	0
153	190	0
154	193	0
155	222	0
156	193	0
157	201	0
158	194	0
159	182	0
160	219	0
161	202	0
162	176	0
163	223	0
164	199	0
165	215	0
166	215	0
167	179	0
168	228	0
169	198	0
170	201	0
171	195	0
172	214	0
173	214	0
174	189	0
175	205	0
176	212	0
177	196	0
178	206	0
179	204	0
180	199	0
181	216	0
182	194	0
183	180	0
184	197	0
185	199	0
186	180	0
187	173	0
188	208	0
189	214	0
190	182	0
191	182	0
192	172	0
193	181	0
194	206	0
195	227	0
196	189	0
197	186	0
198	205	0
199	178	0
200	211	0
201	195	0
202	183	0
203	193	0
204	202	0
205	224	0
206	194	0
207	192	0
208	201	0
209	207	0
210	190	0
211	206	0
212	212	0
213	199	0
214	169	0
215	206	0
216	209	0
217	185	0
218	205	0
219	206	0
220	198	0
221	181	0
222	188	0
223	181	0
224	201	0
225	196	0
226	188	0
227	181	0
228	225	0
229	191	0
230	216	0
231	213	0
232	180	0
233	210	0
234	235	0
235	185	0
236	190	0
237	222	0
238	215	0
239	213	0
240	198	0
241	196	0
242	189	0
243	200	0
244	203	0
245	203	0
246	182	0
247	185	0
248	231	0
249	203	0
250	193	0
251	176	0
252	200	0
253	167	0
254	186	0
255	202	0
256	217	0
257	184	0
258	199	0
259	198	0
260	193	0
261	209	0
262	208	0
263	225	0
264	164	0
265	186	0
266	205	0
267	170	0
268	203	0
269	196	0
270	189	0
271	220	0
272	199	0
273	221	0
274	201	0
275	202	0
276	201	0
277	202	0
278	212	0
279	191	0
280	186	0
281	200	0
282	212	0
283	203	0
284	209	0
285	183	0
286	213	0
287	206	0
288	202	0
289	168	0
290	195	0
291	204	0
292	195	0
293	219	0
294	200	0
295	213	0
296	164	0
297	194	0
298	201	0
299	177	0
300	190	0
301	192	0
302	196	0
303	205	0
304	208	0
305	204	0
306	202	0
307	200	0
308	207	0
309	185	0
310	209	0
311	218	0
312	198	0
313	236	0
314	176	0
315	201	0
316	194	0
317	191	0
318	207	0
319	216	0
320	206	0
321	201	0
322	196	0
323	189	0
324	208	0
325	216	0
326	195	0
327	217	0
328	204	0
329	200	0
330	193	0
331	188	0
332	189	0
333	181	0
334	214	0
335	193	0
336	226	0
337	214	0
338	181	0
339	196	0
340	216	0
341	211	0
342	202	0
343	176	0
344	196	0
345	190	0
346	188	0
347	196	0
348	200	0
349	208	0
350	184	0
351	193	0
352	197	0
353	193	0
354	196	0
355	214	0
356	196	0
357	220	0
358	172	0
359	198	0
360	184	0
361	222	0
362	204	0
363	202	0
364	193	0
365	210	0
366	200	0
367	174	0
368	217	0
369	211	0
370	199	0
371	189	0
372	207	0
373	200	0
374	195	0
375	200	0
376	205	0
377	184	0
378	205	0
379	202	0
380	172	0
381	201	0
382	200	0
383	199	0
384	201	0
385	194	0
386	179	0
387	191	0
388	202	0
389	208	0
390	215	0
391	223	0
392	210	0
393	204	0
394	171	0
395	195	0
396	183	0
397	203	0
398	216	0
399	194	0
400	202	0
401	205	0
402	169	0
403	222	0
404	213	0
405	195	0
406	201	0
407	210	0
408	190	0
409	212	0
410	182	0
411	188	0
412	193	0
413	212	0
414	183	0
415	183	0
416	187	0
417	193	0
418	184	0
419	198	0
420	182	0
421	221	0
422	198	0
423	181	0
424	207	0
425	198	0
426	215	0
427	198	0
428	217	0
429	209	0
430	175	0
431	199	0
432	223	0
433	189	0
434	213	0
435	219	0
436	194	0
437	202	0
438	182	0
439	212	0
440	215	0
441	203	0
442	218	0
443	207	0
444	189	0
445	196	0
446	205	0
447	218	0
448	208	0
449	209	0
450	168	0
451	183	0
452	197	0
453	212	0
454	209	0
455	198	0
456	202	0
457	178	0
458	217	0
459	197	0
460	201	0
461	189	0
462	205	0
463	175	0
464	165	0
465	189	0
466	207	0
467	218	0
468	202	0
469	194	0
470	174	0
471	178	0
472	214	0
473	186	0
474	177	0
475	214	0
476	183	0
477	195	0
478	211	0
479	217	0
480	202	0
481	179	0
482	195	0
483	206	0
484	193	0
485	212	0
486	204	0
487	227	0
488	220	0
489	227	0
490	189	0
491	190	0
492	218	0
493	211	0
494	202	0
495	191	0
496	202	0
497	193	0
498	220	0
499	178	0
500	171	0
501	204	0
502	189	0
503	196	0
504	209	0
505	223	0
506	192	0
507	196	0
508	195	0
509	200	0
510	207	0
511	200	0
512	177	0
513	191	0
514	204	0
515	209	0
516	223	0
517	209	0
518	217	0
519	159	0
520	216	0
521	191	0
522	191	0
523	195	0
524	204	0
525	200	0
526	216	0
527	201	0
528	216	0
529	213	0
530	195	0
531	218	0
532	195	0
533	214	0
534	209	0
535	197	0
536	174	0
537	203	0
538	199	0
539	180	0
540	195	0
541	198	0
542	197	0
543	215	0
544	192	0
545	218	0
546	221	0
547	172	0
548	201	0
549	201	0
550	188	0
551	232	0
552	168	0
553	178	0
554	180	0
555	195	0
556	205	0
557	188	0
558	209	0
559	221	0
560	209	0
561	224	0
562	206	0
563	222	0
564	190	0
565	198	0
566	178	0
567	172	0
568	200	0
569	206	0
570	216	0
571	202	0
572	222	0
573	207	0
574	219	0
575	197	0
576	202	0
577	191	0
578	181	0
579	174	0
580	190	0
581	182	0
582	183	0
583	209	0
584	186	0
585	199	0
586	233	0
587	198	0
588	206	0
589	207	0
590	186	0
591	208	0
592	197	0
593	217	0
594	167	0
595	192	0
596	177	0
597	203	0
598	165	0
599	208	0
600	200	0
601	208	0
602	187	0
603	178	0
604	191	0
605	197	0
606	206	0
607	181	0
608	224	0
609	203	0
610	217	0
611	203	0
612	173	0
613	214	0
614	186	0
615	191	0
616	222	0
617	184	0
618	209	0
619	215	0
620	209	0
621	177	0
622	207	0
623	205	0
624	203	0
625	214	0
626	193	0
627	228	0
628	192	0
629	189	0
630	211	0
631	198	0
632	209	0
633	195	0
634	207	0
635	178	0
636	186	0
637	226	0
638	189	0
639	194	0
640	177	0
641	182	0
642	201	0
643	215	0
644	194	0
645	217	0
646	209	0
647	189	0
648	209	0
649	216	0
650	214	0
651	188	0
652	195	0
653	195	0
654	179	0
655	208	0
656	202	0
657	182	0
658	200	0
659	184	0
660	187	0
661	198	0
662	210	0
663	202	0
664	204	0
665	181	0
666	200	0
667	169	0
668	177	0
669	172	0
670	187	0
671	177	0
672	189	0
673	182	0
674	234	0
675	199	0
676	205	0
677	191	0
678	201	0
679	195	0
680	200	0
681	178	0
682	177	0
683	204	0
684	195	0
685	175	0
686	164	0
687	195	0
688	193	0
689	198	0
690	206	0
691	185	0
692	190	0
693	191	0
694	215	0
695	195	0
696	208	0
697	197	0
698	194	0
699	211	0
700	215	0
701	199	0
702	203	0
703	168	0
704	184	0
705	186	0
706	197	0
707	206	0
708	211	0
709	215	0
710	205	0
711	200	0
712	186	0
713	214	0
714	195	0
715	217	0
716	175	0
717	208	0
718	199	0
719	187	0
720	181	0
721	187	0
722	219	0
723	212	0
724	211	0
725	205	0
726	220	0
727	203	0
728	213	0
729	185	0
730	211	0
731	221	0
732	236	0
733	198	0
734	205	0
735	195	0
736	220	0
737	207	0
738	193	0
739	207	0
740	215	0
741	186	0
742	177	0
743	209	0
744	189	0
745	218	0
746	193	0
747	190	0
748	195	0
749	175	0
750	212	0
751	184	0
752	202	0
753	192	0
754	219	0
755	200	0
756	181	0
757	211	0
758	188	0
759	197	0
760	197	0
761	158	0
762	227	0
763	188	0
764	194	0
765	200	0
766	206	0
767	202	0
768	186	0
769	227	0
770	215	0
771	197	0
772	189	0
773	194	0
774	212	0
775	176	0
776	210	0
777	197	0
778	199	0
779	193	0
780	176	0
781	209	0
782	180	0
783	199	0
784	185	0
785	216	0
786	203	0
787	210	0
788	217	0
789	192	0
790	181	0
791	195	0
792	192	0
793	197	0
794	192	0
795	201	0
796	196	0
797	222	0
798	183	0
799	192	0
800	173	0
801	200	0
802	211	0
803	206	0
804	195	0
805	219	0
806	220	0
807	180	0
808	218	0
809	168	0
810	196	0
811	182	0
812	224	0
813	209	0
814	211	0
815	167	0
816	204	0
817	211	0
818	185	0
819	192	0
820	187	0
821	177	0
822	215	0
823	206	0
824	201	0
825	192	0
826	229	0
827	164	0
828	194	0
829	201	0
830	175	0
831	190	0
832	196	0
833	195	0
834	185	0
835	195	0
836	186	0
837	183	0
838	196	0
839	197	0
840	197	0
841	241	0
842	199	0
843	209	0
844	219	0
845	192	0
846	195	0
847	207	0
848	196	0
849	186	0
850	203	0
851	182	0
852	223	0
853	192	0
854	203	0
855	254	0
856	182	0
857	187	0
858	199	0
859	201	0
860	216	0
861	159	0
862	228	0
863	198	0
864	182	0
865	197	0
866	217	0
867	183	0
868	167	0
869	188	0
870	218	0
871	218	0
872	187	0
873	189	0
874	195	0
875	197	0
876	188	0
877	193	0
878	219	0
879	186	0
880	197	0
881	205	0
882	225	0
883	174	0
884	195	0
885	178	0
886	198	0
887	210	0
888	177	0
889	204	0
890	210	0
891	180	0
892	199	0
893	194	0
894	210	0
895	216	0
896	175	0
897	193	0
898	192	0
899	183	0
900	199	0
901	204	0
902	212	0
903	202	0
904	198	0
905	186	0
906	222	0
907	196	0
908	177	0
909	198	0
910	200	0
911	220	0
912	199	0
913	215	0
914	189	0
915	236	0
916	177	0
917	193	0
918	186	0
919	210	0
920	179	0
921	194	0
922	195	0
923	199	0
924	173	0
925	185	0
926	197	0
927	210	0
928	180	0
929	188	0
930	182	0
931	196	0
932	216	0
933	202	0
934	233	0
935	181	0
936	176	0
937	190	0
938	205	0
939	215	0
940	183	0
941	190	0
942	220	0
943	190	0
944	183	0
945	194	0
946	203	0
947	180	0
948	194	0
949	207	0
950	217	0
951	184	0
952	203	0
953	207	0
954	185	0
955	198	0
956	200	0
957	209	0
958	202	0
959	206	0
960	224	0
961	195	0
962	175	0
963	202	0
964	217	0
965	204	0
966	213	0
967	182	0
968	202	0
969	202	0
970	215	0
971	217	0
972	188	0
973	193	0
974	198	0
975	183	0
976	184	0
977	207	0
978	200	0
979	174	0
980	205	0
981	197	0
982	175	0
983	212	0
984	224	0
985	200	0
986	226	0
987	171	0
988	217	0
989	181	0
990	191	0
991	190	0
992	177	0
993	200	0
994	205	0
995	206	0
996	197	0
997	193	0
998	190	0
999	198	0
1000	226	0
1001	208	0
1002	226	0
1003	207	0
1004	203	0
1005	194	0
1006	198	0
1007	196	0
1008	216	0
1009	213	0
1010	188	0
1011	185	0
1012	195	0
1013	210	0
1014	202	0
1015	163	0
1016	198	0
1017	182	0
1018	220	0
1019	184	0
1020	180	0
1021	204	0
1022	206	0
1023	197	0
1024	200	0
1025	231	0
1026	212	0
1027	179	0
1028	185	0
1029	219	0
1030	214	0
1031	209	0
1032	196	0
1033	193	0
1034	212	0
1035	200	0
1036	177	0
1037	187	0
1038	188	0
1039	207	0
1040	193	0
1041	216	0
1042	233	0
1043	190	0
1044	198	0
1045	217	0
1046	196	0
1047	190	0
1048	184	0
1049	204	0
1050	198	0
1051	195	0
1052	200	0
1053	172	0
1054	193	0
1055	196	0
1056	178	0
1057	204	0
1058	185	0
1059	203	0
1060	203	0
1061	194	0
1062	221	0
1063	208	0
1064	205	0
1065	214	0
1066	185	0
1067	208	0
1068	201	0
1069	215	0
1070	194	0
1071	221	0
1072	215	0
1073	219	0
1074	191	0
1075	197	0
1076	201	0
1077	207	0
1078	200	0
1079	196	0
1080	217	0
1081	189	0
1082	238	0
1083	203	0
1084	181	0
1085	214	0
1086	187	0
1087	212	0
1088	193	0
1089	190	0
1090	212	0
1091	190	0
1092	187	0
1093	174	0
1094	215	0
1095	201	0
1096	202	0
1097	213	0
1098	210	0
1099	175	0
1100	193	0
1101	214	0
1102	206	0
1103	188	0
1104	214	0
1105	193	0
1106	183	0
1107	210	0
1108	207	0
1109	196	0
1110	196	0
1111	219	0
1112	185	0
1113	186	0
1114	189	0
1115	187	0
1116	189	0
1117	195	0
1118	203	0
1119	190	0
1120	194	0
1121	191	0
1122	200	0
1123	182	0
1124	185	0
1125	185	0
1126	205	0
1127	203	0
1128	198	0
1129	198	0
1130	193	0
1131	205	0
1132	157	0
1133	200	0
1134	215	0
1135	205	0
1136	182	0
1137	198	0
1138	211	0
1139	189	0
1140	205	0
1141	186	0
1142	210	0
1143	218	0
1144	218	0
1145	194	0
1146	194	0
1147	188	0
1148	180	0
1149	194	0
1150	202	0
1151	226	0
1152	189	0
1153	161	0
1154	206	0
1155	182	0
1156	193	0
1157	196	0
1158	197	0
1159	202	0
1160	177	0
1161	214	0
1162	195	0
1163	190	0
1164	234	0
1165	213	0
1166	191	0
1167	217	0
1168	180	0
1169	209	0
1170	209	0
1171	220	0
1172	177	0
1173	204	0
1174	203	0
1175	193	0
1176	195	0
1177	168	0
1178	194	0
1179	198	0
1180	175	0
1181	208	0
1182	216	0
1183	207	0
1184	229	0
1185	197	0
1186	211	0
1187	194	0
1188	183	0
1189	186	0
1190	179	0
1191	209	0
1192	210	0
1193	232	0
1194	197	0
1195	209	0
1196	208	0
1197	216	0
1198	195	0
1199	200	0
1200	216	0
1201	173	0
1202	221	0
1203	198	0
1204	207	0
1205	193	0
1206	186	0
1207	186	0
1208	204	0
1209	202	0
1210	207	0
1211	191	0
1212	196	0
1213	185	0
1214	232	0
1215	200	0
1216	164	0
1217	189	0
1218	207	0
1219	217	0
1220	201	0
1221	200	0
1222	201	0
1223	216	0
1224	174	0
1225	186	0
1226	198	0
1227	202	0
1228	193	0
1229	212	0
1230	211	0
1231	183	0
1232	200	0
1233	207	0
1234	177	0
1235	229	0
1236	211	0
1237	192	0
1238	182	0
1239	200	0
1240	197	0
1241	201	0
1242	225	0
1243	211	0
1244	179	0
1245	190	0
1246	182	0
1247	196	0
1248	172	0
1249	193	0
1250	195	0
1251	219	0
1252	210	0
1253	182	0
1254	204	0
1255	212	0
1256	187	0
1257	202	0
1258	199	0
1259	181	0
1260	198	0
1261	188	0
1262	183	0
1263	183	0
1264	205	0
1265	217	0
1266	218	0
1267	187	0
1268	172	0
1269	202	0
1270	194	0
1271	213	0
1272	181	0
1273	200	0
1274	186	0
1275	221	0
1276	205	0
1277	184	0
1278	194	0
1279	185	0
1280	207	0
1281	213	0
1282	202	0
1283	174	0
1284	171	0
1285	181	0
1286	191	0
1287	212	0
1288	193	0
1289	209	0
1290	185	0
1291	214	0
1292	207	0
1293	191	0
1294	178	0
1295	203	0
1296	199	0
1297	187	0
1298	192	0
1299	207	0
1300	181	0
1301	198	0
1302	189	0
1303	188	0
1304	183	0
1305	218	0
1306	203	0
1307	195	0
1308	189	0
1309	205	0
1310	194	0
1311	202	0
1312	195	0
1313	181	0
1314	195	0
1315	181	0
1316	223	0
1317	209	0
1318	189	0
1319	210	0
1320	187	0
1321	191	0
1322	197	0
1323	212	0
1324	199	0
1325	180	0
1326	205	0
1327	184	0
1328	196	0
1329	224	0
1330	219	0
1331	196	0
1332	199	0
1333	185	0
1334	205	0
1335	185	0
1336	183	0
1337	192	0
1338	197	0
1339	237	0
1340	198	0
1341	222	0
1342	196	0
1343	203	0
1344	169	0
1345	191	0
1346	205	0
1347	196	0
1348	198	0
1349	199	0
1350	241	0
1351	203	0
1352	218	0
1353	215	0
1354	191	0
1355	198	0
1356	188	0
1357	199	0
1358	199	0
1359	179	0
1360	190	0
1361	208	0
1362	206	0
1363	201	0
1364	217	0
1365	216	0
1366	194	0
1367	186	0
1368	177	0
1369	188	0
1370	208	0
1371	218	0
1372	191	0
1373	183	0
1374	198	0
1375	176	0
1376	213	0
1377	183	0
1378	202	0
1379	193	0
1380	207	0
1381	188	0
1382	209	0
1383	178	0
1384	167	0
1385	196	0
1386	186	0
1387	185	0
1388	179	0
1389	208	0
1390	185	0
1391	203	0
1392	188	0
1393	190	0
1394	201	0
1395	209	0
1396	204	0
1397	184	0
1398	196	0
1399	179	0
1400	191	0
1401	214	0
1402	198	0
1403	192	0
1404	198	0
1405	203	0
1406	207	0
1407	196	0
1408	167	0
1409	208	0
1410	215	0
1411	205	0
1412	184	0
1413	209	0
1414	187	0
1415	208	0
1416	180	0
1417	201	0
1418	204	0
1419	210	0
1420	197	0
1421	188	0
1422	233	0
1423	192	0
1424	195	0
1425	206	0
1426	197	0
1427	179	0
1428	228	0
1429	211	0
1430	204	0
1431	218	0
1432	198	0
1433	201	0
1434	209	0
1435	180	0
1436	200	0
1437	189	0
1438	190	0
1439	200	0
1440	202	0
1441	196	0
1442	218	0
1443	199	0
1444	228	0
1445	181	0
1446	190	0
1447	203	0
1448	198	0
1449	188	0
1450	190	0
1451	211	0
1452	209	0
1453	210	0
1454	212	0
1455	192	0
1456	198	0
1457	199	0
1458	182	0
1459	178	0
1460	200	0
1461	178	0
1462	211	0
1463	199	0
1464	184	0
1465	196	0
1466	204	0
1467	226	0
1468	177	0
1469	205	0
1470	178	0
1471	192	0
1472	188	0
1473	196	0
1474	178	0
1475	194	0
1476	182	0
1477	203	0
1478	185	0
1479	215	0
1480	203	0
1481	215	0
1482	203	0
1483	224	0
1484	220	0
1485	199	0
1486	195	0
1487	196	0
1488	204	0
1489	209	0
1490	212	0
1491	192	0
1492	166	0
1493	184	0
1494	202	0
1495	220	0
1496	188	0
1497	210	0
1498	237	0
1499	175	0
1500	229	0
1501	201	0
1502	206	0
1503	195	0
1504	183	0
1505	193	0
1506	208	0
1507	213	0
1508	207	0
1509	191	0
1510	217	0
1511	217	0
1512	184	0
1513	195	0
1514	177	0
1515	160	0
1516	236	0
1517	203	0
1518	205	0
1519	196	0
1520	198	0
1521	183	0
1522	210	0
1523	181	0
1524	217	0
1525	182	0
1526	179	0
1527	204	0
1528	206	0
1529	206	0
1530	197	0
1531	211	0
1532	179	0
1533	207	0
1534	207	0
1535	190	0
1536	203	0
1537	184	0
1538	201	0
1539	174	0
1540	237	0
1541	170	0
1542	197	0
1543	193	0
1544	215	0
1545	200	0
1546	221	0
1547	200	0
1548	195	0
1549	201	0
1550	216	0
1551	224	0
1552	206	0
1553	181	0
1554	202	0
1555	187	0
1556	232	0
1557	203	0
1558	194	0
1559	192	0
1560	180	0
1561	201	0
1562	204	0
1563	201	0
1564	188	0
1565	192	0
1566	187	0
1567	177	0
1568	204	0
1569	181	0
1570	192	0
1571	181	0
1572	207	0
1573	205	0
1574	199	0
1575	162	0
1576	230	0
1577	188	0
1578	200	0
1579	179	0
1580	209	0
1581	196	0
1582	245	0
1583	192	0
1584	204	0
1585	191	0
1586	198	0
1587	183	0
1588	200	0
1589	228	0
1590	187	0
1591	196	0
1592	196	0
1593	198	0
1594	202	0
1595	199	0
1596	203	0
1597	236	0
1598	170	0
1599	185	0
1600	204	0
1601	209	0
1602	213	0
1603	190	0
1604	195	0
1605	189	0
1606	216	0
1607	201	0
1608	196	0
1609	192	0
1610	178	0
1611	223	0
1612	199	0
1613	200	0
1614	201	0
1615	195	0
1616	203	0
1617	196	0
1618	233	0
1619	172	0
1620	190	0
1621	211	0
1622	203	0
1623	174	0
1624	209	0
1625	211	0
1626	178	0
1627	195	0
1628	211	0
1629	189	0
1630	223	0
1631	199	0
1632	207	0
1633	213	0
1634	207	0
1635	206	0
1636	216	0
1637	176	0
1638	180	0
1639	195	0
1640	182	0
1641	211	0
1642	210	0
1643	194	0
1644	188	0
1645	217	0
1646	201	0
1647	218	0
1648	196	0
1649	190	0
1650	201	0
1651	183	0
1652	209	0
1653	198	0
1654	198	0
1655	207	0
1656	198	0
1657	174	0
1658	203	0
1659	187	0
1660	197	0
1661	220	0
1662	187	0
1663	214	0
1664	229	0
1665	196	0
1666	197	0
1667	202	0
1668	192	0
1669	200	0
1670	183	0
1671	207	0
1672	187	0
1673	188	0
1674	212	0
1675	209	0
1676	208	0
1677	192	0
1678	175	0
1679	224	0
1680	198	0
1681	186	0
1682	177	0
1683	216	0
1684	223	0
1685	218	0
1686	221	0
1687	174	0
1688	201	0
1689	156	0
1690	214	0
1691	200	0
1692	207	0
1693	207	0
1694	194	0
1695	187	0
1696	193	0
1697	208	0
1698	196	0
1699	193	0
1700	199	0
1701	200	0
1702	175	0
1703	201	0
1704	213	0
1705	196	0
1706	204	0
1707	200	0
1708	185	0
1709	200	0
1710	197	0
1711	216	0
1712	197	0
1713	206	0
1714	189	0
1715	184	0
1716	171	0
1717	214	0
1718	208	0
1719	179	0
1720	203	0
1721	199	0
1722	194	0
1723	180	0
1724	201	0
1725	208	0
1726	199	0
1727	195	0
1728	211	0
1729	188	0
1730	189	0
1731	218	0
1732	203	0
1733	197	0
1734	196	0
1735	193	0
1736	197	0
1737	194	0
1738	180	0
1739	196	0
1740	200	0
1741	191	0
1742	195	0
1743	186	0
1744	200	0
1745	179	0
1746	219	0
1747	190	0
1748	206	0
1749	224	0
1750	204	0
1751	187	0
1752	202	0
1753	209	0
1754	252	0
1755	203	0
1756	224	0
1757	203	0
1758	199	0
1759	209	0
1760	217	0
1761	201	0
1762	197	0
1763	191	0
1764	197	0
1765	197	0
1766	187	0
1767	177	0
1768	207	0
1769	201	0
1770	186	0
1771	183	0
1772	197	0
1773	249	0
1774	222	0
1775	183	0
1776	206	0
1777	205	0
1778	221	0
1779	214	0
1780	182	0
1781	175	0
1782	205	0
1783	168	0
1784	179	0
1785	208	0
1786	188	0
1787	206	0
1788	196	0
1789	182	0
1790	199	0
1791	176	0
1792	176	0
1793	184	0
1794	206	0
1795	209	0
1796	204	0
1797	187	0
1798	205	0
1799	194	0
1800	174	0
1801	180	0
1802	182	0
1803	196	0
1804	224	0
1805	191	0
1806	232	0
1807	178	0
1808	205	0
1809	195	0
1810	210	0
1811	168	0
1812	214	0
1813	170	0
1814	184	0
1815	219	0
1816	198	0
1817	194	0
1818	203	0
1819	183	0
1820	178	0
1821	211	0
1822	192	0
1823	185	0
1824	218	0
1825	194	0
1826	178	0
1827	200	0
1828	186	0
1829	211	0
1830	190	0
1831	191	0
1832	197	0
1833	199	0
1834	198	0
1835	203	0
1836	214	0
1837	211	0
1838	190	0
1839	189	0
1840	180	0
1841	209	0
1842	189	0
1843	176	0
1844	200	0
1845	214	0
1846	203	0
1847	179	0
1848	205	0
1849	197	0
1850	184	0
1851	190	0
1852	190	0
1853	174	0
1854	190	0
1855	231	0
1856	205	0
1857	176	0
1858	181	0
1859	213	0
1860	180	0
1861	203	0
1862	190	0
1863	198	0
1864	199	0
1865	202	0
1866	213	0
1867	205	0
1868	200	0
1869	187	0
1870	207	0
1871	216	0
1872	187	0
1873	192	0
1874	200	0
1875	214	0
1876	209	0
1877	186	0
1878	184	0
1879	192	0
1880	165	0
1881	215	0
1882	178	0
1883	192	0
1884	182	0
1885	193	0
1886	191	0
1887	200	0
1888	194	0
1889	222	0
1890	178	0
1891	193	0
1892	186	0
1893	205	0
1894	198	0
1895	182	0
1896	209	0
1897	194	0
1898	183	0
1899	191	0
1900	204	0
1901	178	0
1902	243	0
1903	174	0
1904	198	0
1905	194	0
1906	197	0
1907	187	0
1908	201	0
1909	211	0
1910	181	0
1911	193	0
1912	198	0
1913	180	0
1914	199	0
1915	192	0
1916	203	0
1917	215	0
1918	171	0
1919	192	0
1920	185	0
1921	195	0
1922	188	0
1923	209	0
1924	203	0
1925	235	0
1926	187	0
1927	190	0
1928	198	0
1929	193	0
1930	226	0
1931	199	0
1932	201	0
1933	210	0
1934	189	0
1935	207	0
1936	190	0
1937	204	0
1938	193	0
1939	169	0
1940	207	0
1941	200	0
1942	192	0
1943	196	0
1944	197	0
1945	186	0
1946	204	0
1947	175	0
1948	213	0
1949	197	0
1950	207	0
1951	194	0
1952	209	0
1953	191	0
1954	218	0
1955	197	0
1956	189	0
1957	204	0
1958	198	0
1959	189	0
1960	217	0
1961	191	0
1962	202	0
1963	184	0
1964	190	0
1965	176	0
1966	214	0
1967	195	0
1968	205	0
1969	196	0
1970	183	0
1971	188	0
1972	219	0
1973	180	0
1974	157	0
1975	191	0
1976	194	0
1977	204	0
1978	194	0
1979	205	0
1980	191	0
1981	243	0
1982	220	0
1983	177	0
1984	169	0
1985	191	0
1986	199	0
1987	199	0
1988	188	0
1989	226	0
1990	203	0
1991	188	0
1992	204	0
1993	216	0
1994	222	0
1995	194	0
1996	174	0
1997	185	0
1998	214	0
1999	206	0
2000	193	0
2001	224	0
2002	203	0
2003	205	0
2004	183	0
2005	176	0
2006	182	0
2007	215	0
2008	209	0
2009	190	0
2010	220	0
2011	195	0
2012	205	0
2013	224	0
2014	181	0
2015	187	0
2016	185	0
2017	181	0
2018	194	0
2019	203	0
2020	197	0
2021	210	0
2022	193	0
2023	196	0
2024	181	0
2025	183	0
2026	205	0
2027	211	0
2028	215	0
2029	215	0
2030	217	0
2031	207	0
2032	201	0
2033	199	0
2034	180	0
2035	208	0
2036	178	0
2037	203	0
2038	191	0
2039	209	0
2040	222	0
2041	187	0
2042	212	0
2043	208	0
2044	186	0
2045	214	0
2046	226	0
2047	172	0
2048	209	0
2049	208	0
2050	209	0
2051	213	0
2052	207	0
2053	193	0
2054	199	0
2055	210	0
2056	188	0
2057	167	0
2058	202	0
2059	203	0
2060	195	0
2061	191	0
2062	195	0
2063	201	0
2064	198	0
2065	223	0
2066	191	0
2067	197	0
2068	198	0
2069	178	0
2070	225	0
2071	212	0
2072	200	0
2073	197	0
2074	210	0
2075	186	0
2076	189	0
2077	200	0
2078	208	0
2079	218	0
2080	170	0
2081	195	0
2082	192	0
2083	194	0
2084	187	0
2085	200	0
2086	216	0
2087	192	0
2088	167	0
2089	189	0
2090	212	0
2091	171	0
2092	226	0
2093	214	0
2094	218	0
2095	176	0
2096	205	0
2097	206	0
2098	183	0
2099	213	0
2100	226	0
2101	221	0
2102	191	0
2103	186	0
2104	193	0
2105	186	0
2106	206	0
2107	178	0
2108	229	0
2109	213	0
2110	211	0
2111	205	0
2112	179	0
2113	205	0
2114	216	0
2115	209	0
2116	183	0
2117	183	0
2118	205	0
2119	183	0
2120	179	0
2121	204	0
2122	208	0
2123	197	0
2124	203	0
2125	199	0
2126	181	0
2127	200	0
2128	206	0
2129	211	0
2130	219	0
2131	197	0
2132	152	0
2133	231	0
2134	188	0
2135	198	0
2136	213	0
2137	215	0
2138	202	0
2139	198	0
2140	219	0
2141	203	0
2142	174	0
2143	204	0
2144	190	0
2145	191	0
2146	196	0
2147	177	0
2148	202	0
2149	214	0
2150	212	0
2151	226	0
2152	181	0
2153	189	0
2154	185	0
2155	191	0
2156	201	0
2157	213	0
2158	176	0
2159	205	0
2160	220	0
2161	189	0
2162	216	0
2163	207	0
2164	191	0
2165	214	0
2166	199	0
2167	193	0
2168	184	0
2169	208	0
2170	181	0
2171	184	0
2172	211	0
2173	210	0
2174	189	0
2175	200	0
2176	215	0
2177	203	0
2178	205	0
2179	191	0
2180	185	0
2181	190	0
2182	200	0
2183	201	0
2184	190	0
2185	216	0
2186	189	0
2187	186	0
2188	188	0
2189	198	0
2190	169	0
2191	227	0
2192	199	0
2193	207	0
2194	195	0
2195	185	0
2196	213	0
2197	199	0
2198	218	0
2199	186	0
2200	206	0
2201	186	0
2202	231	0
2203	227	0
2204	203	0
2205	212	0
2206	187	0
2207	187	0
2208	211	0
2209	189	0
2210	209	0
2211	199	0
2212	191	0
2213	196	0
2214	186	0
2215	210	0
2216	210	0
2217	200	0
2218	201	0
2219	207	0
2220	199	0
2221	186	0
2222	194	0
2223	206	0
2224	220	0
2225	199	0
2226	209	0
2227	183	0
2228	186	0
2229	186	0
2230	208	0
2231	186	0
2232	199	0
2233	178	0
2234	173	0
2235	201	0
2236	204	0
2237	182	0
2238	174	0
2239	196	0
2240	194	0
2241	204	0
2242	199	0
2243	182	0
2244	189	0
2245	226	0
2246	204	0
2247	200	0
2248	189	0
2249	186	0
2250	212	0
2251	180	0
2252	223	0
2253	195	0
2254	198	0
2255	201	0
2256	180	0
2257	213	0
2258	200	0
2259	196	0
2260	207	0
2261	193	0
2262	203	0
2263	206	0
2264	195	0
2265	222	0
2266	198	0
2267	214	0
2268	207	0
2269	193	0
2270	191	0
2271	168	0
2272	219	0
2273	197	0
2274	189	0
2275	187	0
2276	199	0
2277	178	0
2278	179	0
2279	217	0
2280	175	0
2281	176	0
2282	216	0
2283	167	0
2284	191	0
2285	194	0
2286	204	0
2287	214	0
2288	199	0
2289	218	0
2290	186	0
2291	172	0
2292	174	0
2293	220	0
2294	175	0
2295	180	0
2296	222	0
2297	189	0
2298	188	0
2299	194	0
2300	181	0
2301	186	0
2302	200	0
2303	189	0
2304	177	0
2305	208	0
2306	186	0
2307	193	0
2308	186	0
2309	194	0
2310	166	0
2311	197	0
2312	220	0
2313	189	0
2314	194	0
2315	170	0
2316	199	0
2317	201	0
2318	192	0
2319	204	0
2320	202	0
2321	186	0
2322	182	0
2323	207	0
2324	208	0
2325	176	0
2326	198	0
2327	202	0
2328	180	0
2329	194	0
2330	219	0
2331	217	0
2332	203	0
2333	188	0
2334	198	0
2335	193	0
2336	202	0
2337	211	0
2338	202	0
2339	180	0
2340	202	0
2341	211	0
2342	200	0
2343	201	0
2344	218	0
2345	200	0
2346	192	0
2347	207	0
2348	191	0
2349	192	0
2350	173	0
2351	198	0
2352	200	0
2353	188	0
2354	209	0
2355	166	0
2356	191	0
2357	177	0
2358	166	0
2359	180	0
2360	195	0
2361	206	0
2362	198	0
2363	201	0
2364	209	0
2365	196	0
2366	195	0
2367	189	0
2368	190	0
2369	213	0
2370	204	0
2371	201	0
2372	202	0
2373	208	0
2374	177	0
2375	198	0
2376	191	0
2377	188	0
2378	175	0
2379	202	0
2380	208	0
2381	207	0
2382	226	0
2383	194	0
2384	190	0
2385	167	0
2386	194	0
2387	181	0
2388	206	0
2389	224	0
2390	192	0
2391	211	0
2392	209	0
2393	185	0
2394	227	0
2395	207	0
2396	176	0
2397	209	0
2398	225	0
2399	184	0
2400	180	0
2401	236	0
2402	205	0
2403	206	0
2404	205	0
2405	204	0
2406	220	0
2407	186	0
2408	184	0
2409	203	0
2410	199	0
2411	204	0
2412	196	0
2413	173	0
2414	183	0
2415	188	0
2416	198	0
2417	202	0
2418	231	0
2419	173	0
2420	212	0
2421	189	0
2422	212	0
2423	197	0
2424	210	0
2425	195	0
2426	199	0
2427	181	0
2428	182	0
2429	202	0
2430	218	0
2431	212	0
2432	194	0
2433	218	0
2434	206	0
2435	213	0
2436	192	0
2437	214	0
2438	206	0
2439	194	0
2440	211	0
2441	209	0
2442	193	0
2443	187	0
2444	202	0
2445	187	0
2446	197	0
2447	187	0
2448	213	0
2449	200	0
2450	195	0
2451	204	0
2452	224	0
2453	203	0
2454	197	0
2455	198	0
2456	203	0
2457	220	0
2458	231	0
2459	168	0
2460	190	0
2461	202	0
2462	212	0
2463	206	0
2464	219	0
2465	205	0
2466	214	0
2467	195	0
2468	201	0
2469	210	0
2470	207	0
2471	166	0
2472	196	0
2473	182	0
2474	207	0
2475	196	0
2476	180	0
2477	225	0
2478	218	0
2479	214	0
2480	235	0
2481	190	0
2482	198	0
2483	189	0
2484	180	0
2485	206	0
2486	196	0
2487	198	0
2488	187	0
2489	200	0
2490	205	0
2491	233	0
2492	202	0
2493	190	0
2494	195	0
2495	208	0
2496	184	0
2497	227	0
2498	225	0
2499	199	0
2500	182	0
2501	197	0
2502	216	0
2503	210	0
2504	177	0
2505	195	0
2506	219	0
2507	186	0
2508	176	0
2509	215	0
2510	195	0
2511	217	0
2512	199	0
2513	195	0
2514	215	0
2515	219	0
2516	183	0
2517	192	0
2518	192	0
2519	220	0
2520	176	0
2521	202	0
2522	195	0
2523	203	0
2524	185	0
2525	211	0
2526	177	0
2527	201	0
2528	220	0
2529	192	0
2530	206	0
2531	184	0
2532	203	0
2533	213	0
2534	179	0
2535	176	0
2536	229	0
2537	197	0
2538	186	0
2539	176	0
2540	214	0
2541	191	0
2542	220	0
2543	192	0
2544	176	0
2545	210	0
2546	225	0
2547	190	0
2548	196	0
2549	199	0
2550	204	0
2551	189	0
2552	189	0
2553	212	0
2554	186	0
2555	200	0
2556	202	0
2557	190	0
2558	185	0
2559	189	0
2560	192	0
2561	220	0
2562	177	0
2563	181	0
2564	192	0
2565	170	0
2566	205	0
2567	208	0
2568	191	0
2569	202	0
2570	185	0
2571	188	0
2572	186	0
2573	197	0
2574	210	0
2575	195	0
2576	202	0
2577	189	0
2578	174	0
2579	198	0
2580	180	0
2581	185	0
2582	189	0
2583	213	0
2584	203	0
2585	197	0
2586	190	0
2587	192	0
2588	214	0
2589	210	0
2590	200	0
2591	214	0
2592	184	0
2593	194	0
2594	209	0
2595	194	0
2596	213	0
2597	201	0
2598	191	0
2599	190	0
2600	238	0
2601	205	0
2602	188	0
2603	201	0
2604	210	0
2605	192	0
2606	203	0
2607	195	0
2608	199	0
2609	221	0
2610	201	0
2611	229	0
2612	189	0
2613	204	0
2614	197	0
2615	201	0
2616	187	0
2617	186	0
2618	182	0
2619	198	0
2620	206	0
2621	212	0
2622	195	0
2623	203	0
2624	177	0
2625	200	0
2626	209	0
2627	194	0
2628	201	0
2629	195	0
2630	183	0
2631	203	0
2632	196	0
2633	171	0
2634	207	0
2635	214	0
2636	197	0
2637	180	0
2638	189	0
2639	179	0
2640	202	0
2641	212	0
2642	203	0
2643	196	0
2644	187	0
2645	209	0
2646	179	0
2647	199	0
2648	179	0
2649	201	0
2650	213	0
2651	187	0
2652	205	0
2653	208	0
2654	218	0
2655	178	0
2656	219	0
2657	188	0
2658	193	0
2659	212	0
2660	208	0
2661	176	0
2662	188	0
2663	197	0
2664	195	0
2665	209	0
2666	200	0
2667	177	0
2668	209	0
2669	186	0
2670	181	0
2671	222	0
2672	233	0
2673	200	0
2674	203	0
2675	197	0
2676	164	0
2677	199	0
2678	175	0
2679	192	0
2680	187	0
2681	179	0
2682	197	0
2683	190	0
2684	207	0
2685	224	0
2686	177	0
2687	199	0
2688	174	0
2689	204	0
2690	214	0
2691	177	0
2692	201	0
2693	192	0
2694	187	0
2695	209	0
2696	216	0
2697	177	0
2698	193	0
2699	196	0
2700	176	0
2701	181	0
2702	167	0
2703	180	0
2704	224	0
2705	179	0
2706	225	0
2707	175	0
2708	202	0
2709	190	0
2710	179	0
2711	195	0
2712	192	0
2713	198	0
2714	183	0
2715	219	0
2716	170	0
2717	216	0
2718	211	0
2719	213	0
2720	183	0
2721	192	0
2722	202	0
2723	192	0
2724	197	0
2725	186	0
2726	202	0
2727	177	0
2728	227	0
2729	205	0
2730	196	0
2731	188	0
2732	214	0
2733	192	0
2734	225	0
2735	193	0
2736	203	0
2737	201	0
2738	200	0
2739	201	0
2740	184	0
2741	212	0
2742	191	0
2743	206	0
2744	194	0
2745	202	0
2746	211	0
2747	180	0
2748	193	0
2749	173	0
2750	178	0
2751	213	0
2752	197	0
2753	216	0
2754	191	0
2755	200	0
2756	207	0
2757	189	0
2758	208	0
2759	176	0
2760	177	0
2761	191	0
2762	196	0
2763	184	0
2764	217	0
2765	188	0
2766	194	0
2767	190	0
2768	180	0
2769	179	0
2770	191	0
2771	191	0
2772	201	0
2773	197	0
2774	191	0
2775	171	0
2776	207	0
2777	218	0
2778	205	0
2779	236	0
2780	222	0
2781	185	0
2782	197	0
2783	218	0
2784	194	0
2785	176	0
2786	186	0
2787	209	0
2788	215	0
2789	200	0
2790	217	0
2791	199	0
2792	184	0
2793	150	0
2794	212	0
2795	193	0
2796	193	0
2797	218	0
2798	202	0
2799	231	0
2800	218	0
2801	174	0
2802	188	0
2803	177	0
2804	209	0
2805	205	0
2806	195	0
2807	174	0
2808	225	0
2809	188	0
2810	194	0
2811	201	0
2812	187	0
2813	201	0
2814	192	0
2815	195	0
2816	209	0
2817	186	0
2818	201	0
2819	196	0
2820	212	0
2821	241	0
2822	180	0
2823	197	0
2824	188	0
2825	201	0
2826	169	0
2827	220	0
2828	224	0
2829	215	0
2830	207	0
2831	190	0
2832	197	0
2833	198	0
2834	208	0
2835	167	0
2836	206	0
2837	199	0
2838	190	0
2839	210	0
2840	194	0
2841	179	0
2842	213	0
2843	198	0
2844	200	0
2845	211	0
2846	215	0
2847	171	0
2848	192	0
2849	195	0
2850	183	0
2851	178	0
2852	202	0
2853	196	0
2854	205	0
2855	203	0
2856	211	0
2857	197	0
2858	192	0
2859	194	0
2860	190	0
2861	201	0
2862	178	0
2863	216	0
2864	182	0
2865	197	0
2866	192	0
2867	182	0
2868	190	0
2869	185	0
2870	203	0
2871	188	0
2872	186	0
2873	187	0
2874	193	0
2875	174	0
2876	193	0
2877	189	0
2878	177	0
2879	190	0
2880	208	0
2881	180	0
2882	208	0
2883	177	0
2884	212	0
2885	185	0
2886	189	0
2887	199	0
2888	220	0
2889	194	0
2890	185	0
2891	205	0
2892	206	0
2893	203	0
2894	177	0
2895	190	0
2896	193	0
2897	201	0
2898	183	0
2899	202	0
2900	174	0
2901	200	0
2902	217	0
2903	220	0
2904	194	0
2905	211	0
2906	206	0
2907	180	0
2908	191	0
2909	213	0
2910	218	0
2911	206	0
2912	187	0
2913	197	0
2914	189	0
2915	201	0
2916	194	0
2917	223	0
2918	207	0
2919	195	0
2920	206	0
2921	179	0
2922	205	0
2923	193	0
2924	156	0
2925	216	0
2926	215	0
2927	197	0
2928	184	0
2929	171	0
2930	176	0
2931	194	0
2932	196	0
2933	183	0
2934	201	0
2935	207	0
2936	194	0
2937	218	0
2938	219	0
2939	207	0
2940	182	0
2941	175	0
2942	229	0
2943	209	0
2944	184	0
2945	201	0
2946	194	0
2947	191	0
2948	210	0
2949	183	0
2950	185	0
2951	200	0
2952	210	0
2953	173	0
2954	200	0
2955	207	0
2956	195	0
2957	205	0
2958	207	0
2959	210	0
2960	179	0
2961	189	0
2962	192	0
2963	189	0
2964	194	0
2965	202	0
2966	180	0
2967	180	0
2968	214	0
2969	178	0
2970	220	0
2971	208	0
2972	185	0
2973	228	0
2974	212	0
2975	214	0
2976	196	0
2977	189	0
2978	198	0
2979	192	0
2980	199	0
2981	186	0
2982	202	0
2983	192	0
2984	202	0
2985	204	0
2986	190	0
2987	215	0
2988	204	0
2989	206	0
2990	208	0
2991	187	0
2992	198	0
2993	219	0
2994	206	0
2995	206	0
2996	205	0
2997	219	0
2998	218	0
2999	198	0
3000	201	0
