1	188	0
2	190	0
3	188	0
4	191	0
5	187	0
6	197	0
7	201	0
8	205	0
9	214	0
10	192	0
11	210	0
12	220	0
13	190	0
14	193	0
15	182	0
16	173	0
17	175	0
18	212	0
19	192	0
20	196	0
21	209	0
22	235	0
23	183	0
24	207	0
25	190	0
26	187	0
27	191	0
28	201	0
29	194	0
30	210	0
31	189	0
32	193	0
33	220	0
34	200	0
35	196	0
36	204	0
37	212	0
38	195	0
39	203	0
40	212	0
41	188	0
42	196	0
43	200	0
44	186	0
45	216	0
46	220	0
47	202	0
48	199	0
49	193	0
50	208	0
51	183	0
52	168	0
53	191	0
54	180	0
55	200	0
56	187	0
57	231	0
58	189	0
59	194	0
60	208	0
61	200	0
62	202	0
63	208	0
64	187	0
65	191	0
66	217	0
67	186	0
68	173	0
69	192	0
70	190	0
71	181	0
72	194	0
73	186	0
74	199	0
75	213	0
76	173	0
77	238	0
78	221	0
79	187	0
80	213	0
81	226	0
82	174	0
83	202	0
84	208	0
85	193	0
86	203	0
87	168	0
88	204	0
89	199	0
90	203	0
91	216	0
92	205	0
93	202	0
94	220	0
95	192	0
96	179	0
97	184	0
98	164	0
99	184	0
100	192	0
101	229	0
102	222	0
103	181	0
104	205	0
105	215	0
106	214	0
107	191	0
108	206	0
109	165	0
110	202	0
111	221	0
112	194	0
113	204	0
114	177	0
115	200	0
116	190	0
117	196	0
118	208	0
119	184	0
120	206	0
121	188	0
122	229	0
123	195	0
124	189	0
125	189	0
126	201	0
127	229	0
128	218	0
129	180	0
130	172	0
131	184	0
132	187	0
133	193	0
134	214	0
135	214	0
136	203	0
137	184	0
138	201	0
139	190	0
140	171	0
141	201	0
142	177	0
143	214	0
144	199	0
145	199	0
146	214	0
147	192	0
148	196	0
149	193	0
150	215	0
151	205	0
152	187	0
153	185	0
154	187	0
155	186	0
156	194	0
157	212	0
158	155	0
159	187	0
160	190	0
161	185	0
162	194	0
163	184	0
164	189	0
165	199	0
166	196	0
167	183	0
168	207	0
169	185	0
170	183	0
171	201	0
172	196	0
173	159	0
174	192	0
175	184	0
176	176	0
177	198	0
178	214	0
179	208	0
180	236	0
181	184	0
182	208	0
183	205	0
184	210	0
185	195	0
186	200	0
187	196	0
188	196	0
189	186	0
190	174	0
191	199	0
192	190	0
193	219	0
194	180	0
195	198	0
196	221	0
197	171	0
198	199	0
199	195	0
200	201	0
201	197	0
202	215	0
203	193	0
204	192	0
205	178	0
206	185	0
207	209	0
208	205	0
209	166	0
210	213	0
211	177	0
212	189	0
213	182	0
214	198	0
215	182	0
216	194	0
217	196	0
218	192	0
219	180	0
220	205	0
221	182	0
222	190	0
223	167	0
224	220	0
225	223	0
226	178	0
227	207	0
228	198	0
229	199	0
230	225	0
231	167	0
232	180	0
233	165	0
234	204	0
235	205	0
236	193	0
237	178	0
238	187	0
239	184	0
240	202	0
241	214	0
242	202	0
243	184	0
244	196	0
245	187	0
246	209	0
247	207	0
248	206	0
249	192	0
250	201	0
251	200	0
252	198	0
253	202	0
254	199	0
255	198	0
256	195	0
257	176	0
258	193	0
259	196	0
260	170	0
261	203	0
262	180	0
263	206	0
264	207	0
265	204	0
266	214	0
267	200	0
268	199	0
269	196	0
270	193	0
271	200	0
272	194	0
273	179	0
274	197	0
275	205	0
276	208	0
277	180	0
278	203	0
279	205	0
280	230	0
281	200	0
282	217	0
283	181	0
284	176	0
285	199	0
286	204	0
287	187	0
288	169	0
289	209	0
290	181	0
291	215	0
292	221	0
293	177	0
294	168	0
295	188	0
296	202	0
297	202	0
298	185	0
299	180	0
300	198	0
301	187	0
302	220	0
303	200	0
304	186	0
305	202	0
306	182	0
307	188	0
308	170	0
309	191	0
310	190	0
311	220	0
312	167	0
313	210	0
314	192	0
315	193	0
316	187	0
317	199	0
318	204	0
319	174	0
320	195	0
321	198	0
322	178	0
323	222	0
324	190	0
325	187	0
326	199	0
327	177	0
328	213	0
329	183	0
330	177	0
331	165	0
332	183	0
333	217	0
334	208	0
335	193	0
336	191	0
337	205	0
338	211	0
339	174	0
340	217	0
341	211	0
342	205	0
343	195	0
344	191	0
345	201	0
346	205	0
347	224	0
348	182	0
349	200	0
350	202	0
351	184	0
352	204	0
353	204	0
354	194	0
355	200	0
356	193	0
357	191	0
358	190	0
359	181	0
360	196	0
361	214	0
362	215	0
363	208	0
364	200	0
365	182	0
366	238	0
367	199	0
368	190	0
369	193	0
370	172	0
371	173	0
372	220	0
373	206	0
374	201	0
375	166	0
376	204	0
377	222	0
378	215	0
379	210	0
380	190	0
381	183	0
382	200	0
383	206	0
384	194	0
385	222	0
386	219	0
387	184	0
388	179	0
389	209	0
390	185	0
391	185	0
392	206	0
393	207	0
394	175	0
395	221	0
396	202	0
397	204	0
398	206	0
399	224	0
400	172	0
401	211	0
402	202	0
403	194	0
404	194	0
405	208	0
406	170	0
407	205	0
408	188	0
409	206	0
410	204	0
411	193	0
412	197	0
413	183	0
414	218	0
415	213	0
416	212	0
417	179	0
418	204	0
419	181	0
420	187	0
421	194	0
422	196	0
423	169	0
424	227	0
425	168	0
426	203	0
427	199	0
428	170	0
429	202	0
430	194	0
431	195	0
432	220	0
433	188	0
434	180	0
435	190	0
436	190	0
437	175	0
438	195	0
439	181	0
440	192	0
441	199	0
442	193	0
443	196	0
444	186	0
445	226	0
446	210	0
447	193	0
448	193	0
449	186	0
450	204	0
451	188	0
452	176	0
453	205	0
454	194	0
455	216	0
456	195	0
457	217	0
458	194	0
459	195	0
460	194	0
461	184	0
462	186	0
463	205	0
464	179	0
465	210	0
466	186	0
467	201	0
468	209	0
469	197	0
470	206	0
471	204	0
472	202	0
473	190	0
474	219	0
475	212	0
476	191	0
477	196	0
478	233	0
479	202	0
480	209	0
481	185	0
482	192	0
483	187	0
484	205	0
485	205	0
486	195	0
487	183	0
488	184	0
489	215	0
490	214	0
491	212	0
492	175	0
493	211	0
494	207	0
495	187	0
496	200	0
497	177	0
498	219	0
499	201	0
500	175	0
501	211	0
502	182	0
503	194	0
504	206	0
505	202	0
506	174	0
507	199	0
508	216	0
509	167	0
510	178	0
511	188	0
512	231	0
513	193	0
514	196	0
515	203	0
516	201	0
517	173	0
518	211	0
519	191	0
520	198	0
521	186	0
522	182	0
523	197	0
524	191	0
525	180	0
526	163	0
527	165	0
528	196	0
529	204	0
530	183	0
531	175	0
532	229	0
533	180	0
534	202	0
535	202	0
536	208	0
537	192	0
538	171	0
539	194	0
540	203	0
541	235	0
542	179	0
543	163	0
544	164	0
545	200	0
546	204	0
547	210	0
548	176	0
549	197	0
550	172	0
551	188	0
552	195	0
553	201	0
554	195	0
555	184	0
556	220	0
557	187	0
558	212	0
559	182	0
560	215	0
561	203	0
562	206	0
563	226	0
564	202	0
565	200	0
566	185	0
567	204	0
568	185	0
569	199	0
570	204	0
571	189	0
572	192	0
573	210	0
574	176	0
575	187	0
576	179	0
577	206	0
578	175	0
579	195	0
580	184	0
581	231	0
582	217	0
583	193	0
584	194	0
585	180	0
586	207	0
587	149	0
588	184	0
589	190	0
590	197	0
591	208	0
592	173	0
593	191	0
594	212	0
595	225	0
596	186	0
597	202	0
598	199	0
599	210	0
600	170	0
601	216	0
602	191	0
603	200	0
604	198	0
605	227	0
606	199	0
607	177	0
608	201	0
609	173	0
610	217	0
611	176	0
612	197	0
613	161	0
614	198	0
615	187	0
616	197	0
617	170	0
618	197	0
619	214	0
620	186	0
621	214	0
622	186	0
623	180	0
624	218	0
625	192	0
626	192	0
627	254	0
628	181	0
629	187	0
630	194	0
631	188	0
632	219	0
633	175	0
634	188	0
635	192	0
636	175	0
637	186	0
638	189	0
639	185	0
640	212	0
641	180	0
642	211	0
643	211	0
644	205	0
645	183	0
646	182	0
647	183	0
648	198	0
649	200	0
650	192	0
651	200	0
652	188	0
653	210	0
654	205	0
655	170	0
656	200	0
657	200	0
658	206	0
659	190	0
660	199	0
661	206	0
662	197	0
663	196	0
664	174	0
665	205	0
666	208	0
667	205	0
668	188	0
669	212	0
670	177	0
671	214	0
672	204	0
673	217	0
674	199	0
675	188	0
676	200	0
677	194	0
678	177	0
679	192	0
680	203	0
681	228	0
682	203	0
683	206	0
684	193	0
685	178	0
686	190	0
687	202	0
688	204	0
689	213	0
690	221	0
691	203	0
692	168	0
693	189	0
694	194	0
695	204	0
696	177	0
697	203	0
698	185	0
699	206	0
700	228	0
701	221	0
702	193	0
703	219	0
704	214	0
705	214	0
706	189	0
707	202	0
708	207	0
709	203	0
710	210	0
711	188	0
712	187	0
713	186	0
714	196	0
715	194	0
716	185	0
717	172	0
718	200	0
719	185	0
720	191	0
721	189	0
722	206	0
723	190	0
724	204	0
725	185	0
726	224	0
727	188	0
728	184	0
729	211	0
730	197	0
731	191	0
732	197	0
733	197	0
734	209	0
735	221	0
736	221	0
737	182	0
738	207	0
739	206	0
740	231	0
741	185	0
742	167	0
743	207	0
744	201	0
745	184	0
746	189	0
747	204	0
748	202	0
749	190	0
750	179	0
751	218	0
752	205	0
753	212	0
754	189	0
755	205	0
756	211	0
757	186	0
758	187	0
759	182	0
760	221	0
761	213	0
762	214	0
763	190	0
764	201	0
765	192	0
766	190	0
767	187	0
768	158	0
769	202	0
770	181	0
771	185	0
772	204	0
773	221	0
774	165	0
775	201	0
776	212	0
777	203	0
778	194	0
779	193	0
780	193	0
781	201	0
782	187	0
783	204	0
784	193	0
785	191	0
786	220	0
787	203	0
788	195	0
789	207	0
790	187	0
791	171	0
792	213	0
793	207	0
794	193	0
795	218	0
796	190	0
797	200	0
798	196	0
799	209	0
800	188	0
801	213	0
802	220	0
803	220	0
804	228	0
805	195	0
806	174	0
807	175	0
808	215	0
809	208	0
810	208	0
811	200	0
812	204	0
813	202	0
814	193	0
815	179	0
816	211	0
817	191	0
818	192	0
819	216	0
820	204	0
821	183	0
822	200	0
823	191	0
824	198	0
825	180	0
826	192	0
827	194	0
828	202	0
829	201	0
830	175	0
831	181	0
832	208	0
833	196	0
834	204	0
835	202	0
836	183	0
837	179	0
838	207	0
839	173	0
840	206	0
841	171	0
842	182	0
843	209	0
844	198	0
845	182	0
846	207	0
847	210	0
848	188	0
849	200	0
850	205	0
851	197	0
852	193	0
853	200	0
854	203	0
855	208	0
856	195	0
857	187	0
858	197	0
859	208	0
860	198	0
861	208	0
862	185	0
863	167	0
864	215	0
865	189	0
866	200	0
867	208	0
868	204	0
869	216	0
870	207	0
871	207	0
872	202	0
873	196	0
874	169	0
875	203	0
876	169	0
877	233	0
878	167	0
879	204	0
880	223	0
881	207	0
882	202	0
883	186	0
884	195	0
885	205	0
886	194	0
887	189	0
888	187	0
889	187	0
890	223	0
891	204	0
892	186	0
893	194	0
894	198	0
895	208	0
896	163	0
897	200	0
898	202	0
899	187	0
900	216	0
901	193	0
902	208	0
903	206	0
904	206	0
905	209	0
906	181	0
907	217	0
908	201	0
909	199	0
910	210	0
911	192	0
912	218	0
913	208	0
914	190	0
915	196	0
916	184	0
917	174	0
918	212	0
919	184	0
920	190	0
921	185	0
922	189	0
923	184	0
924	214	0
925	195	0
926	210	0
927	184	0
928	167	0
929	195	0
930	183	0
931	207	0
932	192	0
933	175	0
934	187	0
935	192	0
936	200	0
937	183	0
938	203	0
939	224	0
940	191	0
941	192	0
942	180	0
943	201	0
944	209	0
945	186	0
946	194	0
947	185	0
948	206	0
949	186	0
950	198	0
951	195	0
952	212	0
953	198	0
954	170	0
955	187	0
956	180	0
957	201	0
958	184	0
959	182	0
960	189	0
961	193	0
962	220	0
963	230	0
964	183	0
965	195	0
966	192	0
967	216	0
968	208	0
969	202	0
970	191	0
971	182	0
972	202	0
973	200	0
974	192	0
975	210	0
976	206	0
977	216	0
978	187	0
979	236	0
980	167	0
981	184	0
982	172	0
983	217	0
984	197	0
985	197	0
986	184	0
987	231	0
988	198	0
989	191	0
990	192	0
991	190	0
992	207	0
993	183	0
994	188	0
995	194	0
996	219	0
997	221	0
998	199	0
999	220	0
1000	207	0
1001	192	0
1002	168	0
1003	197	0
1004	202	0
1005	203	0
1006	168	0
1007	186	0
1008	224	0
1009	206	0
1010	186	0
1011	198	0
1012	180	0
1013	186	0
1014	206	0
1015	173	0
1016	200	0
1017	173	0
1018	204	0
1019	192	0
1020	191	0
1021	179	0
1022	229	0
1023	190	0
1024	208	0
1025	183	0
1026	212	0
1027	183	0
1028	187	0
1029	193	0
1030	188	0
1031	207	0
1032	204	0
1033	193	0
1034	183	0
1035	224	0
1036	182	0
1037	221	0
1038	210	0
1039	171	0
1040	187	0
1041	203	0
1042	183	0
1043	195	0
1044	173	0
1045	212	0
1046	207	0
1047	182	0
1048	192	0
1049	192	0
1050	179	0
1051	175	0
1052	206	0
1053	179	0
1054	174	0
1055	169	0
1056	205	0
1057	179	0
1058	192	0
1059	203	0
1060	190	0
1061	201	0
1062	206	0
1063	211	0
1064	209	0
1065	206	0
1066	207	0
1067	200	0
1068	185	0
1069	191	0
1070	226	0
1071	216	0
1072	185	0
1073	176	0
1074	176	0
1075	178	0
1076	182	0
1077	201	0
1078	179	0
1079	204	0
1080	194	0
1081	217	0
1082	223	0
1083	203	0
1084	185	0
1085	201	0
1086	217	0
1087	182	0
1088	190	0
1089	203	0
1090	192	0
1091	186	0
1092	184	0
1093	178	0
1094	198	0
1095	181	0
1096	194	0
1097	202	0
1098	196	0
1099	220	0
1100	205	0
1101	197	0
1102	190	0
1103	197	0
1104	237	0
1105	182	0
1106	203	0
1107	198	0
1108	186	0
1109	184	0
1110	210	0
1111	199	0
1112	181	0
1113	209	0
1114	205	0
1115	197	0
1116	186	0
1117	200	0
1118	193	0
1119	197	0
1120	190	0
1121	193	0
1122	200	0
1123	162	0
1124	185	0
1125	209	0
1126	199	0
1127	210	0
1128	180	0
1129	205	0
1130	197	0
1131	187	0
1132	212	0
1133	211	0
1134	223	0
1135	178	0
1136	199	0
1137	203	0
1138	204	0
1139	203	0
1140	186	0
1141	174	0
1142	212	0
1143	206	0
1144	214	0
1145	193	0
1146	197	0
1147	181	0
1148	190	0
1149	189	0
1150	191	0
1151	207	0
1152	197	0
1153	201	0
1154	172	0
1155	200	0
1156	188	0
1157	192	0
1158	206	0
1159	191	0
1160	157	0
1161	189	0
1162	179	0
1163	216	0
1164	210	0
1165	203	0
1166	205	0
1167	191	0
1168	187	0
1169	219	0
1170	201	0
1171	211	0
1172	186	0
1173	211	0
1174	185	0
1175	202	0
1176	208	0
1177	207	0
1178	195	0
1179	194	0
1180	197	0
1181	192	0
1182	191	0
1183	210	0
1184	179	0
1185	202	0
1186	207	0
1187	211	0
1188	221	0
1189	217	0
1190	183	0
1191	181	0
1192	188	0
1193	178	0
1194	183	0
1195	205	0
1196	190	0
1197	177	0
1198	216	0
1199	210	0
1200	184	0
1201	193	0
1202	183	0
1203	186	0
1204	168	0
1205	173	0
1206	187	0
1207	191	0
1208	198	0
1209	206	0
1210	215	0
1211	186	0
1212	208	0
1213	207	0
1214	202	0
1215	209	0
1216	194	0
1217	208	0
1218	198	0
1219	191	0
1220	203	0
1221	189	0
1222	201	0
1223	193	0
1224	193	0
1225	200	0
1226	180	0
1227	207	0
1228	184	0
1229	195	0
1230	187	0
1231	225	0
1232	218	0
1233	150	0
1234	188	0
1235	185	0
1236	170	0
1237	166	0
1238	205	0
1239	190	0
1240	186	0
1241	189	0
1242	181	0
1243	179	0
1244	229	0
1245	185	0
1246	184	0
1247	191	0
1248	184	0
1249	173	0
1250	202	0
1251	193	0
1252	204	0
1253	190	0
1254	183	0
1255	212	0
1256	198	0
1257	181	0
1258	185	0
1259	194	0
1260	194	0
1261	206	0
1262	170	0
1263	211	0
1264	185	0
1265	183	0
1266	185	0
1267	200	0
1268	185	0
1269	177	0
1270	186	0
1271	205	0
1272	200	0
1273	206	0
1274	201	0
1275	190	0
1276	195	0
1277	194	0
1278	175	0
1279	174	0
1280	188	0
1281	196	0
1282	194	0
1283	203	0
1284	181	0
1285	197	0
1286	223	0
1287	212	0
1288	204	0
1289	197	0
1290	210	0
1291	186	0
1292	205	0
1293	173	0
1294	174	0
1295	199	0
1296	198	0
1297	175	0
1298	208	0
1299	167	0
1300	176	0
1301	179	0
1302	214	0
1303	211	0
1304	184	0
1305	199	0
1306	195	0
1307	196	0
1308	185	0
1309	181	0
1310	201	0
1311	197	0
1312	183	0
1313	221	0
1314	202	0
1315	181	0
1316	198	0
1317	174	0
1318	179	0
1319	196	0
1320	200	0
1321	186	0
1322	172	0
1323	194	0
1324	219	0
1325	189	0
1326	219	0
1327	174	0
1328	194	0
1329	182	0
1330	205	0
1331	179	0
1332	201	0
1333	212	0
1334	183	0
1335	192	0
1336	205	0
1337	201	0
1338	201	0
1339	213	0
1340	195	0
1341	193	0
1342	217	0
1343	186	0
1344	205	0
1345	170	0
1346	193	0
1347	217	0
1348	190	0
1349	199	0
1350	188	0
1351	218	0
1352	188	0
1353	207	0
1354	175	0
1355	190	0
1356	218	0
1357	213	0
1358	187	0
1359	189	0
1360	166	0
1361	215	0
1362	218	0
1363	196	0
1364	188	0
1365	181	0
1366	214	0
1367	176	0
1368	201	0
1369	184	0
1370	221	0
1371	201	0
1372	179	0
1373	188	0
1374	193	0
1375	192	0
1376	192	0
1377	205	0
1378	201	0
1379	215	0
1380	186	0
1381	179	0
1382	193	0
1383	203	0
1384	198	0
1385	203	0
1386	202	0
1387	198	0
1388	183	0
1389	204	0
1390	207	0
1391	196	0
1392	222	0
1393	193	0
1394	173	0
1395	199	0
1396	172	0
1397	220	0
1398	212	0
1399	203	0
1400	205	0
1401	208	0
1402	210	0
1403	180	0
1404	210	0
1405	222	0
1406	229	0
1407	192	0
1408	210	0
1409	184	0
1410	200	0
1411	197	0
1412	194	0
1413	202	0
1414	187	0
1415	186	0
1416	200	0
1417	193	0
1418	185	0
1419	193	0
1420	189	0
1421	202	0
1422	196	0
1423	198	0
1424	173	0
1425	218	0
1426	205	0
1427	191	0
1428	224	0
1429	183	0
1430	197	0
1431	208	0
1432	193	0
1433	184	0
1434	188	0
1435	190	0
1436	173	0
1437	210	0
1438	188	0
1439	197	0
1440	202	0
1441	202	0
1442	206	0
1443	180	0
1444	205	0
1445	204	0
1446	200	0
1447	210	0
1448	237	0
1449	170	0
1450	208	0
1451	214	0
1452	194	0
1453	199	0
1454	189	0
1455	215	0
1456	170	0
1457	206	0
1458	200	0
1459	198	0
1460	195	0
1461	211	0
1462	202	0
1463	227	0
1464	193	0
1465	188	0
1466	212	0
1467	185	0
1468	211	0
1469	195	0
1470	171	0
1471	187	0
1472	191	0
1473	200	0
1474	178	0
1475	181	0
1476	197	0
1477	195	0
1478	196	0
1479	190	0
1480	186	0
1481	185	0
1482	206	0
1483	215	0
1484	197	0
1485	166	0
1486	208	0
1487	212	0
1488	187	0
1489	182	0
1490	196	0
1491	193	0
1492	193	0
1493	225	0
1494	189	0
1495	193	0
1496	168	0
1497	199	0
1498	197	0
1499	205	0
1500	211	0
1501	188	0
1502	227	0
1503	184	0
1504	186	0
1505	175	0
1506	170	0
1507	219	0
1508	200	0
1509	191	0
1510	169	0
1511	186	0
1512	187	0
1513	204	0
1514	203	0
1515	186	0
1516	193	0
1517	190	0
1518	188	0
1519	204	0
1520	160	0
1521	195	0
1522	201	0
1523	211	0
1524	193	0
1525	207	0
1526	185	0
1527	201	0
1528	210	0
1529	212	0
1530	224	0
1531	180	0
1532	191	0
1533	206	0
1534	200	0
1535	220	0
1536	198	0
1537	217	0
1538	175	0
1539	216	0
1540	178	0
1541	197	0
1542	199	0
1543	173	0
1544	185	0
1545	208	0
1546	210	0
1547	177	0
1548	187	0
1549	188	0
1550	193	0
1551	233	0
1552	229	0
1553	205	0
1554	192	0
1555	204	0
1556	194	0
1557	195	0
1558	202	0
1559	173	0
1560	190	0
1561	220	0
1562	198	0
1563	195	0
1564	217	0
1565	204	0
1566	177	0
1567	186	0
1568	193	0
1569	205	0
1570	225	0
1571	179	0
1572	190	0
1573	188	0
1574	183	0
1575	205	0
1576	208	0
1577	202	0
1578	210	0
1579	202	0
1580	187	0
1581	193	0
1582	214	0
1583	176	0
1584	191	0
1585	202	0
1586	184	0
1587	186	0
1588	191	0
1589	227	0
1590	199	0
1591	210	0
1592	198	0
1593	203	0
1594	195	0
1595	198	0
1596	192	0
1597	207	0
1598	193	0
1599	200	0
1600	211	0
1601	187	0
1602	193	0
1603	201	0
1604	170	0
1605	221	0
1606	171	0
1607	183	0
1608	217	0
1609	209	0
1610	197	0
1611	204	0
1612	213	0
1613	194	0
1614	180	0
1615	184	0
1616	197	0
1617	220	0
1618	169	0
1619	210	0
1620	193	0
1621	225	0
1622	191	0
1623	207	0
1624	226	0
1625	183	0
1626	195	0
1627	198	0
1628	185	0
1629	200	0
1630	194	0
1631	207	0
1632	201	0
1633	188	0
1634	197	0
1635	189	0
1636	201	0
1637	214	0
1638	189	0
1639	178	0
1640	169	0
1641	188	0
1642	232	0
1643	166	0
1644	183	0
1645	167	0
1646	217	0
1647	198	0
1648	194	0
1649	152	0
1650	202	0
1651	184	0
1652	193	0
1653	213	0
1654	199	0
1655	200	0
1656	227	0
1657	193	0
1658	202	0
1659	210	0
1660	202	0
1661	192	0
1662	194	0
1663	201	0
1664	192	0
1665	201	0
1666	196	0
1667	188	0
1668	214	0
1669	201	0
1670	179	0
1671	180	0
1672	179	0
1673	162	0
1674	203	0
1675	206	0
1676	188	0
1677	177	0
1678	184	0
1679	200	0
1680	213	0
1681	225	0
1682	202	0
1683	182	0
1684	202	0
1685	192	0
1686	177	0
1687	194	0
1688	209	0
1689	204	0
1690	198	0
1691	180	0
1692	191	0
1693	216	0
1694	190	0
1695	186	0
1696	194	0
1697	228	0
1698	219	0
1699	197	0
1700	222	0
1701	189	0
1702	204	0
1703	177	0
1704	208	0
1705	174	0
1706	210	0
1707	185	0
1708	183	0
1709	199	0
1710	200	0
1711	202	0
1712	172	0
1713	191	0
1714	176	0
1715	187	0
1716	193	0
1717	204	0
1718	204	0
1719	214	0
1720	187	0
1721	216	0
1722	214	0
1723	187	0
1724	198	0
1725	196	0
1726	205	0
1727	222	0
1728	215	0
1729	203	0
1730	189	0
1731	195	0
1732	205	0
1733	176	0
1734	200	0
1735	183	0
1736	192	0
1737	189	0
1738	224	0
1739	175	0
1740	189	0
1741	202	0
1742	219	0
1743	183	0
1744	198	0
1745	192	0
1746	197	0
1747	206	0
1748	205	0
1749	204	0
1750	215	0
1751	197	0
1752	203	0
1753	193	0
1754	240	0
1755	197	0
1756	189	0
1757	168	0
1758	192	0
1759	193	0
1760	191	0
1761	175	0
1762	210	0
1763	214	0
1764	219	0
1765	200	0
1766	194	0
1767	199	0
1768	186	0
1769	211	0
1770	216	0
1771	206	0
1772	201	0
1773	183	0
1774	164	0
1775	186	0
1776	175	0
1777	205	0
1778	175	0
1779	210	0
1780	184	0
1781	185	0
1782	176	0
1783	233	0
1784	183	0
1785	173	0
1786	220	0
1787	201	0
1788	191	0
1789	220	0
1790	197	0
1791	188	0
1792	206	0
1793	211	0
1794	188	0
1795	188	0
1796	173	0
1797	187	0
1798	192	0
1799	187	0
1800	195	0
1801	191	0
1802	213	0
1803	208	0
1804	199	0
1805	229	0
1806	195	0
1807	209	0
1808	183	0
1809	207	0
1810	192	0
1811	175	0
1812	199	0
1813	198	0
1814	208	0
1815	214	0
1816	202	0
1817	204	0
1818	197	0
1819	206	0
1820	188	0
1821	198	0
1822	185	0
1823	192	0
1824	210	0
1825	204	0
1826	183	0
1827	193	0
1828	195	0
1829	215	0
1830	215	0
1831	225	0
1832	220	0
1833	183	0
1834	199	0
1835	172	0
1836	188	0
1837	185	0
1838	192	0
1839	197	0
1840	185	0
1841	197	0
1842	176	0
1843	181	0
1844	187	0
1845	177	0
1846	176	0
1847	219	0
1848	199	0
1849	203	0
1850	197	0
1851	212	0
1852	177	0
1853	170	0
1854	188	0
1855	185	0
1856	199	0
1857	208	0
1858	213	0
1859	193	0
1860	190	0
1861	196	0
1862	204	0
1863	188	0
1864	192	0
1865	191	0
1866	207	0
1867	196	0
1868	212	0
1869	207	0
1870	175	0
1871	203	0
1872	182	0
1873	186	0
1874	194	0
1875	170	0
1876	207	0
1877	195	0
1878	185	0
1879	207	0
1880	204	0
1881	195	0
1882	181	0
1883	191	0
1884	174	0
1885	208	0
1886	189	0
1887	181	0
1888	215	0
1889	184	0
1890	173	0
1891	239	0
1892	202	0
1893	211	0
1894	201	0
1895	192	0
1896	184	0
1897	189	0
1898	200	0
1899	215	0
1900	157	0
1901	198	0
1902	221	0
1903	180	0
1904	183	0
1905	188	0
1906	197	0
1907	214	0
1908	207	0
1909	203	0
1910	224	0
1911	178	0
1912	199	0
1913	181	0
1914	197	0
1915	179	0
1916	193	0
1917	169	0
1918	192	0
1919	201	0
1920	198	0
1921	204	0
1922	199	0
1923	196	0
1924	205	0
1925	223	0
1926	180	0
1927	205	0
1928	174	0
1929	202	0
1930	202	0
1931	182	0
1932	211	0
1933	164	0
1934	199	0
1935	215	0
1936	200	0
1937	178	0
1938	201	0
1939	185	0
1940	192	0
1941	203	0
1942	201	0
1943	208	0
1944	204	0
1945	203	0
1946	192	0
1947	182	0
1948	202	0
1949	204	0
1950	174	0
1951	188	0
1952	201	0
1953	192	0
1954	194	0
1955	177	0
1956	176	0
1957	193	0
1958	190	0
1959	217	0
1960	197	0
1961	201	0
1962	180	0
1963	195	0
1964	223	0
1965	173	0
1966	195	0
1967	190	0
1968	204	0
1969	210	0
1970	202	0
1971	189	0
1972	192	0
1973	207	0
1974	162	0
1975	194	0
1976	207	0
1977	198	0
1978	179	0
1979	172	0
1980	192	0
1981	211	0
1982	191	0
1983	180	0
1984	234	0
1985	173	0
1986	182	0
1987	214	0
1988	203	0
1989	188	0
1990	200	0
1991	181	0
1992	198	0
1993	192	0
1994	181	0
1995	184	0
1996	211	0
1997	200	0
1998	214	0
1999	195	0
2000	197	0
2001	215	0
2002	205	0
2003	197	0
2004	196	0
2005	189	0
2006	193	0
2007	187	0
2008	234	0
2009	179	0
2010	201	0
2011	214	0
2012	215	0
2013	192	0
2014	202	0
2015	172	0
2016	199	0
2017	213	0
2018	199	0
2019	194	0
2020	208	0
2021	196	0
2022	213	0
2023	199	0
2024	182	0
2025	218	0
2026	181	0
2027	207	0
2028	214	0
2029	200	0
2030	208	0
2031	202	0
2032	199	0
2033	176	0
2034	188	0
2035	171	0
2036	207	0
2037	198	0
2038	195	0
2039	204	0
2040	216	0
2041	208	0
2042	185	0
2043	184	0
2044	212	0
2045	176	0
2046	186	0
2047	208	0
2048	200	0
2049	200	0
2050	179	0
2051	203	0
2052	186	0
2053	213	0
2054	211	0
2055	200	0
2056	195	0
2057	210	0
2058	213	0
2059	182	0
2060	187	0
2061	202	0
2062	207	0
2063	191	0
2064	185	0
2065	205	0
2066	191	0
2067	170	0
2068	206	0
2069	192	0
2070	209	0
2071	213	0
2072	193	0
2073	193	0
2074	196	0
2075	178	0
2076	219	0
2077	218	0
2078	219	0
2079	201	0
2080	177	0
2081	206	0
2082	189	0
2083	199	0
2084	178	0
2085	208	0
2086	206	0
2087	209	0
2088	190	0
2089	193	0
2090	221	0
2091	196	0
2092	175	0
2093	185	0
2094	200	0
2095	180	0
2096	205	0
2097	215	0
2098	203	0
2099	193	0
2100	193	0
2101	158	0
2102	202	0
2103	219	0
2104	178	0
2105	224	0
2106	181	0
2107	183	0
2108	208	0
2109	226	0
2110	214	0
2111	194	0
2112	204	0
2113	195	0
2114	206	0
2115	186	0
2116	199	0
2117	195	0
2118	198	0
2119	195	0
2120	186	0
2121	192	0
2122	181	0
2123	188	0
2124	200	0
2125	187	0
2126	218	0
2127	184	0
2128	181	0
2129	203	0
2130	199	0
2131	189	0
2132	190	0
2133	177	0
2134	200	0
2135	173	0
2136	199	0
2137	171	0
2138	226	0
2139	197	0
2140	220	0
2141	181	0
2142	199	0
2143	188	0
2144	196	0
2145	185	0
2146	193	0
2147	179	0
2148	201	0
2149	234	0
2150	174	0
2151	206	0
2152	195	0
2153	209	0
2154	220	0
2155	159	0
2156	185	0
2157	203	0
2158	205	0
2159	202	0
2160	176	0
2161	178	0
2162	225	0
2163	218	0
2164	199	0
2165	190	0
2166	209	0
2167	189	0
2168	192	0
2169	199	0
2170	212	0
2171	180	0
2172	207	0
2173	202	0
2174	213	0
2175	195	0
2176	187	0
2177	181	0
2178	183	0
2179	193	0
2180	190	0
2181	169	0
2182	180	0
2183	214	0
2184	191	0
2185	207	0
2186	190	0
2187	205	0
2188	208	0
2189	180	0
2190	172	0
2191	221	0
2192	192	0
2193	203	0
2194	214	0
2195	224	0
2196	214	0
2197	181	0
2198	204	0
2199	177	0
2200	206	0
2201	233	0
2202	187	0
2203	209	0
2204	196	0
2205	215	0
2206	205	0
2207	204	0
2208	199	0
2209	205	0
2210	221	0
2211	185	0
2212	175	0
2213	193	0
2214	229	0
2215	177	0
2216	185	0
2217	218	0
2218	183	0
2219	192	0
2220	190	0
2221	186	0
2222	213	0
2223	188	0
2224	194	0
2225	177	0
2226	201	0
2227	177	0
2228	207	0
2229	198	0
2230	197	0
2231	217	0
2232	171	0
2233	168	0
2234	176	0
2235	193	0
2236	211	0
2237	206	0
2238	196	0
2239	189	0
2240	188	0
2241	193	0
2242	188	0
2243	209	0
2244	200	0
2245	184	0
2246	179	0
2247	189	0
2248	181	0
2249	196	0
2250	219	0
2251	172	0
2252	181	0
2253	208	0
2254	202	0
2255	205	0
2256	222	0
2257	206	0
2258	180	0
2259	187	0
2260	166	0
2261	188	0
2262	194	0
2263	216	0
2264	211	0
2265	200	0
2266	165	0
2267	211	0
2268	182	0
2269	192	0
2270	173	0
2271	201	0
2272	203	0
2273	215	0
2274	195	0
2275	191	0
2276	198	0
2277	181	0
2278	199	0
2279	192	0
2280	202	0
2281	175	0
2282	197	0
2283	198	0
2284	232	0
2285	213	0
2286	225	0
2287	201	0
2288	206	0
2289	215	0
2290	197	0
2291	200	0
2292	202	0
2293	204	0
2294	193	0
2295	196	0
2296	194	0
2297	206	0
2298	212	0
2299	196	0
2300	196	0
2301	189	0
2302	181	0
2303	190	0
2304	176	0
2305	184	0
2306	194	0
2307	207	0
2308	221	0
2309	196	0
2310	177	0
2311	186	0
2312	188	0
2313	195	0
2314	222	0
2315	185	0
2316	200	0
2317	200	0
2318	219	0
2319	210	0
2320	180	0
2321	189	0
2322	207	0
2323	230	0
2324	190	0
2325	171	0
2326	196	0
2327	189	0
2328	173	0
2329	174	0
2330	172	0
2331	206	0
2332	204	0
2333	178	0
2334	199	0
2335	202	0
2336	187	0
2337	172	0
2338	219	0
2339	207	0
2340	165	0
2341	190	0
2342	183	0
2343	224	0
2344	226	0
2345	192	0
2346	171	0
2347	173	0
2348	188	0
2349	169	0
2350	195	0
2351	202	0
2352	185	0
2353	199	0
2354	210	0
2355	190	0
2356	203	0
2357	198	0
2358	196	0
2359	194	0
2360	180	0
2361	179	0
2362	209	0
2363	189	0
2364	180	0
2365	210	0
2366	188	0
2367	183	0
2368	205	0
2369	202	0
2370	208	0
2371	216	0
2372	195	0
2373	198	0
2374	207	0
2375	209	0
2376	177	0
2377	180	0
2378	221	0
2379	181	0
2380	194	0
2381	203	0
2382	172	0
2383	178	0
2384	190	0
2385	201	0
2386	196	0
2387	188	0
2388	208	0
2389	208	0
2390	193	0
2391	210	0
2392	175	0
2393	201	0
2394	197	0
2395	179	0
2396	183	0
2397	179	0
2398	210	0
2399	191	0
2400	182	0
2401	183	0
2402	172	0
2403	205	0
2404	207	0
2405	231	0
2406	216	0
2407	206	0
2408	202	0
2409	178	0
2410	192	0
2411	210	0
2412	205	0
2413	187	0
2414	219	0
2415	210	0
2416	189	0
2417	183	0
2418	216	0
2419	190	0
2420	197	0
2421	208	0
2422	181	0
2423	206	0
2424	203	0
2425	220	0
2426	192	0
2427	202	0
2428	193	0
2429	212	0
2430	210	0
2431	217	0
2432	208	0
2433	174	0
2434	194	0
2435	191	0
2436	201	0
2437	152	0
2438	181	0
2439	204	0
2440	189	0
2441	187	0
2442	187	0
2443	172	0
2444	213	0
2445	210	0
2446	199	0
2447	184	0
2448	177	0
2449	194	0
2450	205	0
2451	185	0
2452	190	0
2453	172	0
2454	197	0
2455	211	0
2456	193	0
2457	172	0
2458	197	0
2459	212	0
2460	197	0
2461	208	0
2462	175	0
2463	185	0
2464	166	0
2465	198	0
2466	188	0
2467	204	0
2468	207	0
2469	216	0
2470	185	0
2471	186	0
2472	184	0
2473	190	0
2474	199	0
2475	188	0
2476	227	0
2477	201	0
2478	178	0
2479	193	0
2480	190	0
2481	183	0
2482	179	0
2483	173	0
2484	209	0
2485	200	0
2486	181	0
2487	185	0
2488	207	0
2489	189	0
2490	194	0
2491	193	0
2492	183	0
2493	180	0
2494	208	0
2495	215	0
2496	206	0
2497	189	0
2498	194	0
2499	213	0
2500	227	0
2501	195	0
2502	203	0
2503	156	0
2504	214	0
2505	199	0
2506	172	0
2507	203	0
2508	208	0
2509	196	0
2510	184	0
2511	204	0
2512	207	0
2513	194	0
2514	185	0
2515	199	0
2516	187	0
2517	205	0
2518	194	0
2519	211	0
2520	199	0
2521	185	0
2522	192	0
2523	211	0
2524	200	0
2525	201	0
2526	176	0
2527	184	0
2528	184	0
2529	195	0
2530	215	0
2531	170	0
2532	199	0
2533	216	0
2534	178	0
2535	232	0
2536	183	0
2537	161	0
2538	204	0
2539	210	0
2540	197	0
2541	185	0
2542	190	0
2543	181	0
2544	182	0
2545	200	0
2546	216	0
2547	197	0
2548	173	0
2549	196	0
2550	199	0
2551	175	0
2552	205	0
2553	237	0
2554	203	0
2555	210	0
2556	207	0
2557	204	0
2558	181	0
2559	201	0
2560	192	0
2561	189	0
2562	195	0
2563	195	0
2564	190	0
2565	189	0
2566	204	0
2567	196	0
2568	202	0
2569	195	0
2570	189	0
2571	189	0
2572	189	0
2573	194	0
2574	215	0
2575	202	0
2576	238	0
2577	182	0
2578	205	0
2579	209	0
2580	182	0
2581	216	0
2582	186	0
2583	210	0
2584	211	0
2585	199	0
2586	207	0
2587	208	0
2588	215	0
2589	179	0
2590	218	0
2591	199	0
2592	188	0
2593	190	0
2594	201	0
2595	205	0
2596	182	0
2597	198	0
2598	212	0
2599	183	0
2600	199	0
2601	180	0
2602	212	0
2603	182	0
2604	192	0
2605	189	0
2606	203	0
2607	197	0
2608	205	0
2609	193	0
2610	207	0
2611	182	0
2612	211	0
2613	186	0
2614	189	0
2615	212	0
2616	186	0
2617	201	0
2618	201	0
2619	199	0
2620	190	0
2621	209	0
2622	170	0
2623	203	0
2624	184	0
2625	196	0
2626	221	0
2627	188	0
2628	197	0
2629	172	0
2630	180	0
2631	179	0
2632	173	0
2633	180	0
2634	189	0
2635	164	0
2636	207	0
2637	195	0
2638	208	0
2639	200	0
2640	205	0
2641	197	0
2642	195	0
2643	183	0
2644	210	0
2645	189	0
2646	179	0
2647	185	0
2648	187	0
2649	196	0
2650	209	0
2651	179	0
2652	184	0
2653	178	0
2654	191	0
2655	180	0
2656	210	0
2657	195	0
2658	215	0
2659	176	0
2660	203	0
2661	182	0
2662	195	0
2663	198	0
2664	178	0
2665	207	0
2666	186	0
2667	198	0
2668	187	0
2669	209	0
2670	200	0
2671	208	0
2672	212	0
2673	195	0
2674	200	0
2675	211	0
2676	188	0
2677	203	0
2678	177	0
2679	193	0
2680	183	0
2681	194	0
2682	190	0
2683	197	0
2684	204	0
2685	181	0
2686	198	0
2687	186	0
2688	193	0
2689	217	0
2690	197	0
2691	186	0
2692	186	0
2693	194	0
2694	190	0
2695	198	0
2696	188	0
2697	192	0
2698	180	0
2699	219	0
2700	170	0
2701	206	0
2702	203	0
2703	203	0
2704	165	0
2705	181	0
2706	212	0
2707	190	0
2708	206	0
2709	202	0
2710	208	0
2711	212	0
2712	201	0
2713	170	0
2714	173	0
2715	200	0
2716	209	0
2717	185	0
2718	211	0
2719	212	0
2720	207	0
2721	178	0
2722	195	0
2723	211	0
2724	199	0
2725	189	0
2726	196	0
2727	203	0
2728	205	0
2729	183	0
2730	183	0
2731	213	0
2732	194	0
2733	204	0
2734	176	0
2735	221	0
2736	187	0
2737	177	0
2738	207	0
2739	193	0
2740	195	0
2741	204	0
2742	203	0
2743	176	0
2744	212	0
2745	205	0
2746	176	0
2747	201	0
2748	168	0
2749	166	0
2750	232	0
2751	209	0
2752	176	0
2753	192	0
2754	201	0
2755	189	0
2756	199	0
2757	198	0
2758	184	0
2759	190	0
2760	167	0
2761	231	0
2762	223	0
2763	180	0
2764	207	0
2765	180	0
2766	189	0
2767	202	0
2768	219	0
2769	218	0
2770	182	0
2771	181	0
2772	183	0
2773	193	0
2774	176	0
2775	206	0
2776	192	0
2777	185	0
2778	203	0
2779	211	0
2780	190	0
2781	189	0
2782	206	0
2783	211	0
2784	191	0
2785	186	0
2786	208	0
2787	196	0
2788	196	0
2789	218	0
2790	173	0
2791	206	0
2792	183	0
2793	200	0
2794	190	0
2795	173	0
2796	185	0
2797	181	0
2798	217	0
2799	221	0
2800	196	0
2801	200	0
2802	174	0
2803	185	0
2804	206	0
2805	185	0
2806	180	0
2807	193	0
2808	231	0
2809	209	0
2810	196	0
2811	181	0
2812	203	0
2813	193	0
2814	202	0
2815	184	0
2816	198	0
2817	206	0
2818	217	0
2819	193	0
2820	196	0
2821	173	0
2822	224	0
2823	180	0
2824	194	0
2825	191	0
2826	203	0
2827	205	0
2828	160	0
2829	187	0
2830	208	0
2831	179	0
2832	204	0
2833	197	0
2834	217	0
2835	184	0
2836	212	0
2837	164	0
2838	203	0
2839	178	0
2840	198	0
2841	198	0
2842	198	0
2843	221	0
2844	171	0
2845	175	0
2846	192	0
2847	208	0
2848	182	0
2849	187	0
2850	197	0
2851	202	0
2852	184	0
2853	208	0
2854	188	0
2855	197	0
2856	195	0
2857	182	0
2858	209	0
2859	188	0
2860	207	0
2861	201	0
2862	199	0
2863	215	0
2864	189	0
2865	188	0
2866	191	0
2867	184	0
2868	188	0
2869	196	0
2870	179	0
2871	210	0
2872	214	0
2873	210	0
2874	206	0
2875	203	0
2876	212	0
2877	210	0
2878	164	0
2879	195	0
2880	199	0
2881	185	0
2882	191	0
2883	184	0
2884	191	0
2885	193	0
2886	192	0
2887	213	0
2888	170	0
2889	204	0
2890	194	0
2891	204	0
2892	191	0
2893	176	0
2894	184	0
2895	216	0
2896	184	0
2897	176	0
2898	195	0
2899	198	0
2900	192	0
2901	221	0
2902	167	0
2903	190	0
2904	179	0
2905	178	0
2906	170	0
2907	204	0
2908	196	0
2909	175	0
2910	178	0
2911	202	0
2912	187	0
2913	191	0
2914	190	0
2915	173	0
2916	157	0
2917	211	0
2918	192	0
2919	192	0
2920	200	0
2921	194	0
2922	188	0
2923	213	0
2924	176	0
2925	194	0
2926	198	0
2927	188	0
2928	200	0
2929	178	0
2930	191	0
2931	202	0
2932	192	0
2933	222	0
2934	188	0
2935	178	0
2936	189	0
2937	189	0
2938	184	0
2939	205	0
2940	195	0
2941	213	0
2942	220	0
2943	181	0
2944	212	0
2945	188	0
2946	215	0
2947	201	0
2948	221	0
2949	188	0
2950	212	0
2951	212	0
2952	203	0
2953	168	0
2954	180	0
2955	197	0
2956	172	0
2957	234	0
2958	191	0
2959	203	0
2960	217	0
2961	191	0
2962	206	0
2963	203	0
2964	166	0
2965	186	0
2966	194	0
2967	180	0
2968	166	0
2969	192	0
2970	186	0
2971	208	0
2972	207	0
2973	191	0
2974	193	0
2975	200	0
2976	193	0
2977	194	0
2978	194	0
2979	200	0
2980	176	0
2981	201	0
2982	202	0
2983	193	0
2984	185	0
2985	172	0
2986	172	0
2987	181	0
2988	199	0
2989	204	0
2990	194	0
2991	174	0
2992	191	0
2993	192	0
2994	205	0
2995	215	0
2996	200	0
2997	203	0
2998	175	0
2999	219	0
3000	204	0
