1	208	0
2	194	0
3	195	0
4	172	0
5	184	0
6	205	0
7	187	0
8	209	0
9	190	0
10	202	0
11	202	0
12	214	0
13	182	0
14	186	0
15	182	0
16	189	0
17	198	0
18	218	0
19	186	0
20	212	0
21	206	0
22	204	0
23	191	0
24	181	0
25	202	0
26	197	0
27	194	0
28	191	0
29	216	0
30	209	0
31	182	0
32	215	0
33	207	0
34	208	0
35	193	0
36	211	0
37	203	0
38	201	0
39	202	0
40	214	0
41	216	0
42	210	0
43	186	0
44	195	0
45	227	0
46	206	0
47	203	0
48	197	0
49	172	0
50	202	0
51	185	0
52	202	0
53	204	0
54	214	0
55	194	0
56	203	0
57	209	0
58	215	0
59	193	0
60	203	0
61	198	0
62	193	0
63	195	0
64	216	0
65	193	0
66	212	0
67	206	0
68	183	0
69	176	0
70	212	0
71	204	0
72	214	0
73	188	0
74	207	0
75	211	0
76	183	0
77	208	0
78	190	0
79	189	0
80	194	0
81	212	0
82	184	0
83	183	0
84	187	0
85	215	0
86	192	0
87	211	0
88	183	0
89	198	0
90	203	0
91	181	0
92	208	0
93	204	0
94	200	0
95	171	0
96	209	0
97	202	0
98	198	0
99	190	0
100	189	0
101	194	0
102	190	0
103	189	0
104	185	0
105	219	0
106	184	0
107	208	0
108	181	0
109	213	0
110	192	0
111	207	0
112	195	0
113	191	0
114	201	0
115	216	0
116	209	0
117	222	0
118	186	0
119	173	0
120	209	0
121	195	0
122	212	0
123	176	0
124	195	0
125	209	0
126	208	0
127	197	0
128	201	0
129	189	0
130	194	0
131	222	0
132	193	0
133	196	0
134	188	0
135	187	0
136	175	0
137	206	0
138	202	0
139	211	0
140	184	0
141	220	0
142	212	0
143	200	0
144	196	0
145	178	0
146	206	0
147	193	0
148	191	0
149	203	0
150	205	0
151	229	0
152	191	0
153	182	0
154	194	0
155	206	0
156	160	0
157	206	0
158	197	0
159	202	0
160	214	0
161	213	0
162	195	0
163	209	0
164	177	0
165	208	0
166	209	0
167	182	0
168	201	0
169	209	0
170	204	0
171	175	0
172	211	0
173	190	0
174	188	0
175	213	0
176	183	0
177	184	0
178	212	0
179	190	0
180	202	0
181	222	0
182	206	0
183	208	0
184	185	0
185	204	0
186	202	0
187	192	0
188	206	0
189	200	0
190	233	0
191	207	0
192	216	0
193	215	0
194	207	0
195	197	0
196	211	0
197	191	0
198	212	0
199	204	0
200	193	0
201	209	0
202	198	0
203	177	0
204	178	0
205	235	0
206	201	0
207	219	0
208	211	0
209	213	0
210	169	0
211	210	0
212	182	0
213	174	0
214	215	0
215	179	0
216	211	0
217	171	0
218	181	0
219	157	0
220	221	0
221	174	0
222	202	0
223	181	0
224	225	0
225	214	0
226	182	0
227	215	0
228	188	0
229	206	0
230	187	0
231	190	0
232	201	0
233	180	0
234	223	0
235	174	0
236	200	0
237	198	0
238	191	0
239	191	0
240	174	0
241	193	0
242	185	0
243	192	0
244	217	0
245	195	0
246	211	0
247	193	0
248	196	0
249	210	0
250	188	0
251	180	0
252	179	0
253	214	0
254	184	0
255	232	0
256	216	0
257	194	0
258	198	0
259	185	0
260	183	0
261	181	0
262	190	0
263	167	0
264	214	0
265	222	0
266	183	0
267	185	0
268	215	0
269	210	0
270	203	0
271	209	0
272	174	0
273	205	0
274	202	0
275	232	0
276	214	0
277	201	0
278	185	0
279	222	0
280	196	0
281	179	0
282	190	0
283	161	0
284	193	0
285	205	0
286	217	0
287	188	0
288	191	0
289	186	0
290	189	0
291	213	0
292	193	0
293	200	0
294	184	0
295	195	0
296	231	0
297	210	0
298	197	0
299	193	0
300	218	0
301	199	0
302	205	0
303	196	0
304	198	0
305	200	0
306	193	0
307	188	0
308	190	0
309	216	0
310	180	0
311	192	0
312	213	0
313	221	0
314	198	0
315	203	0
316	193	0
317	201	0
318	204	0
319	174	0
320	200	0
321	171	0
322	184	0
323	219	0
324	192	0
325	211	0
326	204	0
327	207	0
328	171	0
329	206	0
330	202	0
331	223	0
332	209	0
333	206	0
334	204	0
335	203	0
336	195	0
337	189	0
338	225	0
339	182	0
340	197	0
341	195	0
342	213	0
343	203	0
344	191	0
345	206	0
346	192	0
347	188	0
348	177	0
349	189	0
350	210	0
351	176	0
352	198	0
353	225	0
354	214	0
355	201	0
356	202	0
357	200	0
358	193	0
359	187	0
360	189	0
361	175	0
362	205	0
363	210	0
364	195	0
365	192	0
366	228	0
367	195	0
368	191	0
369	200	0
370	228	0
371	207	0
372	199	0
373	195	0
374	183	0
375	209	0
376	212	0
377	204	0
378	202	0
379	201	0
380	207	0
381	169	0
382	179	0
383	198	0
384	203	0
385	211	0
386	186	0
387	209	0
388	192	0
389	172	0
390	222	0
391	196	0
392	211	0
393	208	0
394	204	0
395	189	0
396	190	0
397	212	0
398	208	0
399	208	0
400	203	0
401	196	0
402	199	0
403	197	0
404	198	0
405	198	0
406	183	0
407	217	0
408	210	0
409	177	0
410	200	0
411	218	0
412	213	0
413	195	0
414	207	0
415	169	0
416	189	0
417	198	0
418	215	0
419	186	0
420	194	0
421	204	0
422	196	0
423	190	0
424	204	0
425	187	0
426	198	0
427	198	0
428	190	0
429	189	0
430	216	0
431	180	0
432	167	0
433	195	0
434	208	0
435	183	0
436	209	0
437	172	0
438	195	0
439	190	0
440	186	0
441	199	0
442	166	0
443	195	0
444	196	0
445	179	0
446	203	0
447	164	0
448	209	0
449	228	0
450	188	0
451	192	0
452	238	0
453	201	0
454	208	0
455	212	0
456	206	0
457	214	0
458	199	0
459	219	0
460	191	0
461	243	0
462	212	0
463	212	0
464	205	0
465	209	0
466	203	0
467	205	0
468	191	0
469	172	0
470	206	0
471	201	0
472	199	0
473	204	0
474	204	0
475	204	0
476	182	0
477	184	0
478	201	0
479	188	0
480	209	0
481	213	0
482	209	0
483	198	0
484	191	0
485	190	0
486	195	0
487	204	0
488	187	0
489	194	0
490	197	0
491	195	0
492	199	0
493	186	0
494	186	0
495	220	0
496	185	0
497	203	0
498	219	0
499	187	0
500	213	0
501	214	0
502	182	0
503	195	0
504	191	0
505	193	0
506	225	0
507	197	0
508	189	0
509	206	0
510	182	0
511	199	0
512	194	0
513	210	0
514	175	0
515	194	0
516	199	0
517	170	0
518	198	0
519	204	0
520	201	0
521	218	0
522	191	0
523	209	0
524	198	0
525	201	0
526	205	0
527	203	0
528	199	0
529	208	0
530	208	0
531	208	0
532	193	0
533	161	0
534	214	0
535	211	0
536	201	0
537	165	0
538	218	0
539	220	0
540	200	0
541	198	0
542	189	0
543	213	0
544	187	0
545	203	0
546	193	0
547	228	0
548	192	0
549	210	0
550	204	0
551	203	0
552	214	0
553	185	0
554	187	0
555	204	0
556	194	0
557	173	0
558	215	0
559	187	0
560	181	0
561	211	0
562	210	0
563	202	0
564	196	0
565	226	0
566	230	0
567	167	0
568	182	0
569	188	0
570	201	0
571	213	0
572	186	0
573	204	0
574	194	0
575	198	0
576	203	0
577	196	0
578	187	0
579	194	0
580	167	0
581	205	0
582	203	0
583	186	0
584	172	0
585	229	0
586	210	0
587	210	0
588	189	0
589	212	0
590	218	0
591	164	0
592	179	0
593	187	0
594	205	0
595	169	0
596	211	0
597	205	0
598	160	0
599	196	0
600	188	0
601	194	0
602	207	0
603	182	0
604	199	0
605	179	0
606	176	0
607	191	0
608	186	0
609	182	0
610	173	0
611	216	0
612	206	0
613	196	0
614	219	0
615	212	0
616	213	0
617	189	0
618	217	0
619	194	0
620	202	0
621	209	0
622	201	0
623	210	0
624	210	0
625	207	0
626	172	0
627	201	0
628	177	0
629	219	0
630	196	0
631	204	0
632	225	0
633	193	0
634	187	0
635	192	0
636	217	0
637	219	0
638	196	0
639	179	0
640	196	0
641	184	0
642	167	0
643	199	0
644	187	0
645	217	0
646	174	0
647	185	0
648	211	0
649	211	0
650	213	0
651	207	0
652	187	0
653	198	0
654	195	0
655	197	0
656	207	0
657	213	0
658	187	0
659	194	0
660	168	0
661	200	0
662	183	0
663	191	0
664	213	0
665	204	0
666	216	0
667	197	0
668	198	0
669	190	0
670	201	0
671	188	0
672	211	0
673	202	0
674	196	0
675	186	0
676	208	0
677	204	0
678	178	0
679	175	0
680	185	0
681	226	0
682	201	0
683	197	0
684	211	0
685	205	0
686	180	0
687	207	0
688	200	0
689	197	0
690	215	0
691	205	0
692	201	0
693	196	0
694	212	0
695	213	0
696	188	0
697	190	0
698	215	0
699	170	0
700	176	0
701	183	0
702	214	0
703	213	0
704	216	0
705	193	0
706	221	0
707	193	0
708	212	0
709	188	0
710	195	0
711	214	0
712	182	0
713	194	0
714	203	0
715	225	0
716	165	0
717	206	0
718	198	0
719	190	0
720	197	0
721	212	0
722	198	0
723	198	0
724	223	0
725	185	0
726	234	0
727	200	0
728	178	0
729	204	0
730	215	0
731	191	0
732	206	0
733	210	0
734	209	0
735	206	0
736	184	0
737	158	0
738	211	0
739	202	0
740	179	0
741	198	0
742	186	0
743	198	0
744	194	0
745	199	0
746	187	0
747	198	0
748	196	0
749	184	0
750	188	0
751	154	0
752	186	0
753	197	0
754	220	0
755	198	0
756	186	0
757	208	0
758	202	0
759	192	0
760	171	0
761	183	0
762	210	0
763	208	0
764	233	0
765	220	0
766	198	0
767	181	0
768	205	0
769	194	0
770	185	0
771	186	0
772	192	0
773	218	0
774	200	0
775	196	0
776	182	0
777	176	0
778	218	0
779	198	0
780	184	0
781	223	0
782	204	0
783	210	0
784	183	0
785	188	0
786	215	0
787	208	0
788	186	0
789	233	0
790	197	0
791	197	0
792	201	0
793	210	0
794	196	0
795	211	0
796	187	0
797	201	0
798	166	0
799	206	0
800	185	0
801	213	0
802	191	0
803	201	0
804	190	0
805	204	0
806	207	0
807	230	0
808	218	0
809	203	0
810	209	0
811	200	0
812	186	0
813	199	0
814	199	0
815	213	0
816	201	0
817	195	0
818	191	0
819	179	0
820	211	0
821	219	0
822	193	0
823	199	0
824	194	0
825	190	0
826	197	0
827	196	0
828	199	0
829	191	0
830	191	0
831	183	0
832	190	0
833	218	0
834	189	0
835	200	0
836	193	0
837	222	0
838	192	0
839	176	0
840	205	0
841	225	0
842	209	0
843	221	0
844	201	0
845	205	0
846	204	0
847	181	0
848	198	0
849	198	0
850	168	0
851	195	0
852	215	0
853	195	0
854	229	0
855	206	0
856	191	0
857	220	0
858	187	0
859	184	0
860	212	0
861	197	0
862	179	0
863	202	0
864	178	0
865	201	0
866	195	0
867	221	0
868	205	0
869	189	0
870	203	0
871	190	0
872	185	0
873	190	0
874	196	0
875	197	0
876	202	0
877	198	0
878	188	0
879	222	0
880	177	0
881	185	0
882	193	0
883	212	0
884	183	0
885	174	0
886	191	0
887	164	0
888	205	0
889	184	0
890	217	0
891	187	0
892	224	0
893	202	0
894	208	0
895	183	0
896	196	0
897	205	0
898	183	0
899	198	0
900	198	0
901	194	0
902	192	0
903	202	0
904	183	0
905	179	0
906	195	0
907	195	0
908	196	0
909	230	0
910	218	0
911	180	0
912	173	0
913	215	0
914	210	0
915	227	0
916	217	0
917	177	0
918	191	0
919	182	0
920	178	0
921	206	0
922	225	0
923	195	0
924	180	0
925	196	0
926	183	0
927	187	0
928	191	0
929	203	0
930	216	0
931	215	0
932	190	0
933	195	0
934	195	0
935	185	0
936	216	0
937	220	0
938	205	0
939	198	0
940	219	0
941	202	0
942	217	0
943	204	0
944	195	0
945	215	0
946	201	0
947	186	0
948	201	0
949	176	0
950	197	0
951	215	0
952	214	0
953	207	0
954	195	0
955	210	0
956	209	0
957	182	0
958	224	0
959	202	0
960	198	0
961	204	0
962	200	0
963	187	0
964	210	0
965	235	0
966	177	0
967	208	0
968	224	0
969	181	0
970	182	0
971	214	0
972	176	0
973	210	0
974	205	0
975	208	0
976	177	0
977	188	0
978	177	0
979	185	0
980	175	0
981	203	0
982	189	0
983	204	0
984	193	0
985	223	0
986	203	0
987	219	0
988	193	0
989	189	0
990	180	0
991	203	0
992	196	0
993	192	0
994	180	0
995	179	0
996	190	0
997	174	0
998	210	0
999	213	0
1000	202	0
1001	190	0
1002	205	0
1003	195	0
1004	191	0
1005	186	0
1006	201	0
1007	201	0
1008	153	0
1009	219	0
1010	192	0
1011	208	0
1012	207	0
1013	212	0
1014	171	0
1015	192	0
1016	210	0
1017	187	0
1018	175	0
1019	181	0
1020	221	0
1021	209	0
1022	202	0
1023	181	0
1024	200	0
1025	200	0
1026	194	0
1027	187	0
1028	210	0
1029	178	0
1030	199	0
1031	208	0
1032	206	0
1033	188	0
1034	203	0
1035	186	0
1036	201	0
1037	157	0
1038	184	0
1039	205	0
1040	202	0
1041	194	0
1042	194	0
1043	196	0
1044	203	0
1045	206	0
1046	197	0
1047	207	0
1048	204	0
1049	204	0
1050	189	0
1051	202	0
1052	179	0
1053	192	0
1054	198	0
1055	196	0
1056	201	0
1057	192	0
1058	172	0
1059	212	0
1060	211	0
1061	231	0
1062	197	0
1063	178	0
1064	194	0
1065	191	0
1066	206	0
1067	178	0
1068	182	0
1069	210	0
1070	191	0
1071	191	0
1072	193	0
1073	192	0
1074	225	0
1075	189	0
1076	173	0
1077	181	0
1078	201	0
1079	214	0
1080	200	0
1081	203	0
1082	199	0
1083	192	0
1084	164	0
1085	208	0
1086	174	0
1087	184	0
1088	191	0
1089	189	0
1090	155	0
1091	223	0
1092	207	0
1093	227	0
1094	195	0
1095	214	0
1096	201	0
1097	208	0
1098	206	0
1099	174	0
1100	223	0
1101	194	0
1102	193	0
1103	203	0
1104	200	0
1105	185	0
1106	190	0
1107	180	0
1108	209	0
1109	209	0
1110	213	0
1111	198	0
1112	194	0
1113	207	0
1114	191	0
1115	202	0
1116	171	0
1117	209	0
1118	213	0
1119	188	0
1120	223	0
1121	182	0
1122	194	0
1123	194	0
1124	212	0
1125	224	0
1126	208	0
1127	203	0
1128	168	0
1129	222	0
1130	201	0
1131	206	0
1132	216	0
1133	178	0
1134	214	0
1135	191	0
1136	212	0
1137	196	0
1138	196	0
1139	186	0
1140	198	0
1141	202	0
1142	199	0
1143	204	0
1144	174	0
1145	209	0
1146	203	0
1147	209	0
1148	187	0
1149	240	0
1150	190	0
1151	207	0
1152	213	0
1153	179	0
1154	213	0
1155	197	0
1156	200	0
1157	205	0
1158	213	0
1159	173	0
1160	195	0
1161	199	0
1162	192	0
1163	227	0
1164	184	0
1165	196	0
1166	218	0
1167	193	0
1168	192	0
1169	201	0
1170	173	0
1171	181	0
1172	198	0
1173	205	0
1174	190	0
1175	211	0
1176	197	0
1177	198	0
1178	226	0
1179	183	0
1180	178	0
1181	203	0
1182	205	0
1183	209	0
1184	189	0
1185	175	0
1186	191	0
1187	183	0
1188	202	0
1189	181	0
1190	179	0
1191	195	0
1192	182	0
1193	195	0
1194	205	0
1195	225	0
1196	203	0
1197	214	0
1198	209	0
1199	209	0
1200	223	0
1201	211	0
1202	188	0
1203	218	0
1204	214	0
1205	221	0
1206	179	0
1207	197	0
1208	191	0
1209	203	0
1210	221	0
1211	176	0
1212	225	0
1213	194	0
1214	200	0
1215	187	0
1216	186	0
1217	220	0
1218	176	0
1219	191	0
1220	188	0
1221	187	0
1222	210	0
1223	193	0
1224	195	0
1225	202	0
1226	178	0
1227	234	0
1228	177	0
1229	189	0
1230	229	0
1231	212	0
1232	207	0
1233	214	0
1234	191	0
1235	207	0
1236	205	0
1237	194	0
1238	192	0
1239	218	0
1240	209	0
1241	188	0
1242	213	0
1243	193	0
1244	181	0
1245	184	0
1246	204	0
1247	194	0
1248	202	0
1249	219	0
1250	228	0
1251	229	0
1252	209	0
1253	201	0
1254	202	0
1255	205	0
1256	161	0
1257	224	0
1258	189	0
1259	210	0
1260	208	0
1261	186	0
1262	198	0
1263	209	0
1264	187	0
1265	178	0
1266	214	0
1267	187	0
1268	176	0
1269	219	0
1270	226	0
1271	200	0
1272	208	0
1273	159	0
1274	197	0
1275	180	0
1276	189	0
1277	195	0
1278	203	0
1279	189	0
1280	216	0
1281	196	0
1282	201	0
1283	200	0
1284	223	0
1285	195	0
1286	197	0
1287	198	0
1288	207	0
1289	214	0
1290	201	0
1291	171	0
1292	233	0
1293	204	0
1294	201	0
1295	167	0
1296	193	0
1297	203	0
1298	191	0
1299	184	0
1300	195	0
1301	212	0
1302	172	0
1303	215	0
1304	213	0
1305	226	0
1306	199	0
1307	195	0
1308	200	0
1309	200	0
1310	214	0
1311	183	0
1312	218	0
1313	199	0
1314	182	0
1315	214	0
1316	217	0
1317	196	0
1318	204	0
1319	180	0
1320	204	0
1321	192	0
1322	193	0
1323	195	0
1324	192	0
1325	202	0
1326	210	0
1327	198	0
1328	190	0
1329	206	0
1330	215	0
1331	186	0
1332	178	0
1333	186	0
1334	171	0
1335	178	0
1336	196	0
1337	191	0
1338	199	0
1339	215	0
1340	233	0
1341	202	0
1342	191	0
1343	197	0
1344	170	0
1345	192	0
1346	189	0
1347	194	0
1348	194	0
1349	225	0
1350	197	0
1351	225	0
1352	191	0
1353	177	0
1354	215	0
1355	202	0
1356	196	0
1357	207	0
1358	215	0
1359	228	0
1360	191	0
1361	218	0
1362	184	0
1363	203	0
1364	208	0
1365	191	0
1366	159	0
1367	167	0
1368	196	0
1369	215	0
1370	207	0
1371	211	0
1372	205	0
1373	225	0
1374	192	0
1375	196	0
1376	181	0
1377	209	0
1378	205	0
1379	190	0
1380	216	0
1381	197	0
1382	207	0
1383	186	0
1384	201	0
1385	177	0
1386	195	0
1387	190	0
1388	201	0
1389	181	0
1390	213	0
1391	211	0
1392	198	0
1393	222	0
1394	191	0
1395	197	0
1396	182	0
1397	188	0
1398	199	0
1399	194	0
1400	207	0
1401	187	0
1402	215	0
1403	200	0
1404	199	0
1405	177	0
1406	194	0
1407	183	0
1408	218	0
1409	180	0
1410	177	0
1411	187	0
1412	185	0
1413	209	0
1414	200	0
1415	189	0
1416	203	0
1417	188	0
1418	196	0
1419	204	0
1420	199	0
1421	193	0
1422	167	0
1423	202	0
1424	197	0
1425	207	0
1426	207	0
1427	228	0
1428	200	0
1429	181	0
1430	194	0
1431	183	0
1432	196	0
1433	200	0
1434	203	0
1435	197	0
1436	188	0
1437	192	0
1438	217	0
1439	204	0
1440	194	0
1441	211	0
1442	194	0
1443	177	0
1444	180	0
1445	209	0
1446	184	0
1447	176	0
1448	190	0
1449	208	0
1450	204	0
1451	198	0
1452	203	0
1453	195	0
1454	183	0
1455	166	0
1456	204	0
1457	173	0
1458	186	0
1459	210	0
1460	191	0
1461	200	0
1462	207	0
1463	183	0
1464	207	0
1465	208	0
1466	181	0
1467	198	0
1468	189	0
1469	234	0
1470	191	0
1471	177	0
1472	233	0
1473	199	0
1474	209	0
1475	201	0
1476	193	0
1477	215	0
1478	187	0
1479	203	0
1480	205	0
1481	196	0
1482	189	0
1483	220	0
1484	186	0
1485	209	0
1486	228	0
1487	194	0
1488	188	0
1489	178	0
1490	189	0
1491	194	0
1492	207	0
1493	187	0
1494	192	0
1495	193	0
1496	176	0
1497	184	0
1498	198	0
1499	180	0
1500	181	0
1501	195	0
1502	195	0
1503	176	0
1504	215	0
1505	210	0
1506	200	0
1507	202	0
1508	217	0
1509	200	0
1510	171	0
1511	176	0
1512	197	0
1513	190	0
1514	200	0
1515	201	0
1516	196	0
1517	210	0
1518	224	0
1519	197	0
1520	172	0
1521	214	0
1522	203	0
1523	201	0
1524	170	0
1525	203	0
1526	196	0
1527	189	0
1528	199	0
1529	216	0
1530	202	0
1531	211	0
1532	182	0
1533	215	0
1534	189	0
1535	203	0
1536	182	0
1537	185	0
1538	194	0
1539	202	0
1540	208	0
1541	220	0
1542	180	0
1543	214	0
1544	197	0
1545	209	0
1546	208	0
1547	198	0
1548	215	0
1549	191	0
1550	207	0
1551	192	0
1552	177	0
1553	201	0
1554	201	0
1555	202	0
1556	189	0
1557	193	0
1558	203	0
1559	198	0
1560	219	0
1561	232	0
1562	198	0
1563	189	0
1564	199	0
1565	179	0
1566	181	0
1567	194	0
1568	214	0
1569	205	0
1570	203	0
1571	200	0
1572	215	0
1573	200	0
1574	225	0
1575	213	0
1576	189	0
1577	198	0
1578	195	0
1579	192	0
1580	214	0
1581	180	0
1582	188	0
1583	211	0
1584	193	0
1585	194	0
1586	232	0
1587	206	0
1588	194	0
1589	205	0
1590	181	0
1591	189	0
1592	196	0
1593	212	0
1594	202	0
1595	180	0
1596	209	0
1597	231	0
1598	207	0
1599	187	0
1600	198	0
1601	216	0
1602	229	0
1603	204	0
1604	184	0
1605	197	0
1606	206	0
1607	209	0
1608	226	0
1609	217	0
1610	217	0
1611	208	0
1612	197	0
1613	195	0
1614	178	0
1615	221	0
1616	189	0
1617	191	0
1618	187	0
1619	193	0
1620	196	0
1621	188	0
1622	210	0
1623	203	0
1624	207	0
1625	180	0
1626	223	0
1627	184	0
1628	209	0
1629	204	0
1630	237	0
1631	235	0
1632	198	0
1633	185	0
1634	190	0
1635	177	0
1636	181	0
1637	190	0
1638	185	0
1639	216	0
1640	202	0
1641	200	0
1642	208	0
1643	193	0
1644	216	0
1645	208	0
1646	220	0
1647	178	0
1648	191	0
1649	189	0
1650	192	0
1651	231	0
1652	212	0
1653	188	0
1654	186	0
1655	209	0
1656	237	0
1657	208	0
1658	192	0
1659	198	0
1660	187	0
1661	219	0
1662	203	0
1663	217	0
1664	203	0
1665	214	0
1666	206	0
1667	189	0
1668	211	0
1669	194	0
1670	205	0
1671	182	0
1672	195	0
1673	190	0
1674	190	0
1675	198	0
1676	210	0
1677	214	0
1678	203	0
1679	223	0
1680	198	0
1681	190	0
1682	202	0
1683	176	0
1684	171	0
1685	191	0
1686	188	0
1687	215	0
1688	183	0
1689	183	0
1690	180	0
1691	210	0
1692	203	0
1693	204	0
1694	189	0
1695	222	0
1696	198	0
1697	193	0
1698	201	0
1699	209	0
1700	189	0
1701	192	0
1702	210	0
1703	216	0
1704	196	0
1705	178	0
1706	173	0
1707	205	0
1708	187	0
1709	195	0
1710	185	0
1711	190	0
1712	197	0
1713	180	0
1714	179	0
1715	200	0
1716	185	0
1717	189	0
1718	203	0
1719	199	0
1720	211	0
1721	193	0
1722	206	0
1723	192	0
1724	185	0
1725	212	0
1726	169	0
1727	221	0
1728	176	0
1729	207	0
1730	215	0
1731	214	0
1732	213	0
1733	189	0
1734	180	0
1735	199	0
1736	192	0
1737	196	0
1738	198	0
1739	195	0
1740	187	0
1741	199	0
1742	190	0
1743	196	0
1744	204	0
1745	218	0
1746	220	0
1747	199	0
1748	187	0
1749	194	0
1750	207	0
1751	202	0
1752	212	0
1753	181	0
1754	210	0
1755	203	0
1756	202	0
1757	206	0
1758	197	0
1759	199	0
1760	227	0
1761	199	0
1762	218	0
1763	216	0
1764	184	0
1765	195	0
1766	182	0
1767	186	0
1768	216	0
1769	177	0
1770	180	0
1771	193	0
1772	214	0
1773	206	0
1774	197	0
1775	216	0
1776	176	0
1777	189	0
1778	171	0
1779	230	0
1780	194	0
1781	204	0
1782	180	0
1783	215	0
1784	204	0
1785	207	0
1786	208	0
1787	184	0
1788	192	0
1789	214	0
1790	196	0
1791	211	0
1792	180	0
1793	175	0
1794	201	0
1795	191	0
1796	203	0
1797	203	0
1798	209	0
1799	202	0
1800	193	0
1801	213	0
1802	205	0
1803	209	0
1804	209	0
1805	206	0
1806	188	0
1807	211	0
1808	210	0
1809	198	0
1810	193	0
1811	211	0
1812	221	0
1813	205	0
1814	194	0
1815	239	0
1816	210	0
1817	202	0
1818	198	0
1819	213	0
1820	193	0
1821	189	0
1822	172	0
1823	207	0
1824	206	0
1825	226	0
1826	231	0
1827	205	0
1828	183	0
1829	207	0
1830	198	0
1831	202	0
1832	199	0
1833	205	0
1834	240	0
1835	217	0
1836	211	0
1837	215	0
1838	216	0
1839	177	0
1840	192	0
1841	186	0
1842	187	0
1843	222	0
1844	189	0
1845	225	0
1846	175	0
1847	236	0
1848	185	0
1849	209	0
1850	203	0
1851	179	0
1852	214	0
1853	193	0
1854	190	0
1855	189	0
1856	205	0
1857	197	0
1858	206	0
1859	202	0
1860	221	0
1861	203	0
1862	178	0
1863	195	0
1864	241	0
1865	224	0
1866	212	0
1867	212	0
1868	208	0
1869	191	0
1870	196	0
1871	213	0
1872	188	0
1873	165	0
1874	178	0
1875	178	0
1876	200	0
1877	205	0
1878	209	0
1879	195	0
1880	211	0
1881	184	0
1882	179	0
1883	183	0
1884	210	0
1885	191	0
1886	180	0
1887	195	0
1888	203	0
1889	187	0
1890	209	0
1891	196	0
1892	181	0
1893	191	0
1894	188	0
1895	199	0
1896	163	0
1897	225	0
1898	194	0
1899	186	0
1900	192	0
1901	213	0
1902	215	0
1903	203	0
1904	183	0
1905	187	0
1906	200	0
1907	215	0
1908	193	0
1909	213	0
1910	229	0
1911	198	0
1912	208	0
1913	198	0
1914	214	0
1915	217	0
1916	187	0
1917	187	0
1918	190	0
1919	187	0
1920	214	0
1921	228	0
1922	188	0
1923	208	0
1924	192	0
1925	199	0
1926	175	0
1927	177	0
1928	218	0
1929	193	0
1930	227	0
1931	201	0
1932	162	0
1933	226	0
1934	191	0
1935	214	0
1936	202	0
1937	187	0
1938	181	0
1939	193	0
1940	209	0
1941	211	0
1942	196	0
1943	197	0
1944	199	0
1945	194	0
1946	180	0
1947	210	0
1948	204	0
1949	205	0
1950	202	0
1951	201	0
1952	214	0
1953	199	0
1954	201	0
1955	198	0
1956	192	0
1957	215	0
1958	200	0
1959	206	0
1960	187	0
1961	205	0
1962	203	0
1963	187	0
1964	208	0
1965	184	0
1966	200	0
1967	216	0
1968	216	0
1969	212	0
1970	201	0
1971	209	0
1972	183	0
1973	200	0
1974	208	0
1975	196	0
1976	208	0
1977	200	0
1978	217	0
1979	191	0
1980	201	0
1981	197	0
1982	210	0
1983	199	0
1984	188	0
1985	187	0
1986	198	0
1987	175	0
1988	209	0
1989	216	0
1990	225	0
1991	192	0
1992	186	0
1993	188	0
1994	207	0
1995	179	0
1996	226	0
1997	220	0
1998	199	0
1999	202	0
2000	198	0
2001	182	0
2002	200	0
2003	209	0
2004	168	0
2005	207	0
2006	201	0
2007	205	0
2008	173	0
2009	215	0
2010	217	0
2011	207	0
2012	222	0
2013	202	0
2014	227	0
2015	183	0
2016	205	0
2017	174	0
2018	180	0
2019	205	0
2020	191	0
2021	196	0
2022	192	0
2023	213	0
2024	209	0
2025	200	0
2026	215	0
2027	194	0
2028	182	0
2029	198	0
2030	200	0
2031	222	0
2032	211	0
2033	208	0
2034	205	0
2035	203	0
2036	191	0
2037	212	0
2038	186	0
2039	212	0
2040	195	0
2041	181	0
2042	193	0
2043	173	0
2044	183	0
2045	186	0
2046	164	0
2047	219	0
2048	203	0
2049	180	0
2050	216	0
2051	189	0
2052	215	0
2053	205	0
2054	219	0
2055	190	0
2056	186	0
2057	204	0
2058	182	0
2059	177	0
2060	197	0
2061	190	0
2062	214	0
2063	231	0
2064	195	0
2065	208	0
2066	213	0
2067	185	0
2068	166	0
2069	189	0
2070	184	0
2071	185	0
2072	200	0
2073	227	0
2074	198	0
2075	155	0
2076	194	0
2077	207	0
2078	176	0
2079	208	0
2080	210	0
2081	191	0
2082	205	0
2083	227	0
2084	206	0
2085	180	0
2086	224	0
2087	200	0
2088	186	0
2089	217	0
2090	202	0
2091	215	0
2092	204	0
2093	195	0
2094	193	0
2095	212	0
2096	197	0
2097	203	0
2098	207	0
2099	206	0
2100	229	0
2101	188	0
2102	223	0
2103	182	0
2104	191	0
2105	196	0
2106	184	0
2107	203	0
2108	218	0
2109	189	0
2110	220	0
2111	220	0
2112	222	0
2113	186	0
2114	184	0
2115	195	0
2116	203	0
2117	181	0
2118	196	0
2119	206	0
2120	214	0
2121	179	0
2122	189	0
2123	181	0
2124	197	0
2125	207	0
2126	238	0
2127	213	0
2128	210	0
2129	207	0
2130	177	0
2131	194	0
2132	222	0
2133	205	0
2134	219	0
2135	224	0
2136	207	0
2137	189	0
2138	180	0
2139	157	0
2140	213	0
2141	220	0
2142	210	0
2143	194	0
2144	185	0
2145	202	0
2146	208	0
2147	164	0
2148	213	0
2149	184	0
2150	199	0
2151	185	0
2152	208	0
2153	183	0
2154	187	0
2155	194	0
2156	188	0
2157	198	0
2158	217	0
2159	234	0
2160	195	0
2161	193	0
2162	184	0
2163	198	0
2164	210	0
2165	208	0
2166	173	0
2167	201	0
2168	187	0
2169	206	0
2170	200	0
2171	160	0
2172	175	0
2173	195	0
2174	207	0
2175	194	0
2176	194	0
2177	181	0
2178	202	0
2179	204	0
2180	201	0
2181	200	0
2182	215	0
2183	203	0
2184	226	0
2185	222	0
2186	213	0
2187	189	0
2188	203	0
2189	201	0
2190	194	0
2191	198	0
2192	192	0
2193	196	0
2194	184	0
2195	184	0
2196	204	0
2197	205	0
2198	204	0
2199	179	0
2200	254	0
2201	227	0
2202	201	0
2203	180	0
2204	201	0
2205	181	0
2206	182	0
2207	188	0
2208	178	0
2209	187	0
2210	193	0
2211	228	0
2212	186	0
2213	193	0
2214	205	0
2215	182	0
2216	189	0
2217	163	0
2218	189	0
2219	197	0
2220	170	0
2221	181	0
2222	180	0
2223	220	0
2224	191	0
2225	200	0
2226	199	0
2227	234	0
2228	196	0
2229	193	0
2230	202	0
2231	210	0
2232	234	0
2233	207	0
2234	186	0
2235	176	0
2236	204	0
2237	185	0
2238	202	0
2239	220	0
2240	194	0
2241	212	0
2242	220	0
2243	200	0
2244	211	0
2245	172	0
2246	187	0
2247	223	0
2248	190	0
2249	198	0
2250	207	0
2251	210	0
2252	187	0
2253	200	0
2254	186	0
2255	172	0
2256	202	0
2257	209	0
2258	215	0
2259	200	0
2260	191	0
2261	206	0
2262	209	0
2263	225	0
2264	216	0
2265	190	0
2266	191	0
2267	235	0
2268	191	0
2269	230	0
2270	192	0
2271	201	0
2272	199	0
2273	187	0
2274	209	0
2275	209	0
2276	215	0
2277	198	0
2278	195	0
2279	199	0
2280	205	0
2281	202	0
2282	204	0
2283	215	0
2284	214	0
2285	208	0
2286	193	0
2287	168	0
2288	217	0
2289	199	0
2290	212	0
2291	229	0
2292	194	0
2293	180	0
2294	210	0
2295	183	0
2296	212	0
2297	191	0
2298	180	0
2299	226	0
2300	189	0
2301	168	0
2302	185	0
2303	204	0
2304	206	0
2305	186	0
2306	183	0
2307	196	0
2308	204	0
2309	191	0
2310	186	0
2311	219	0
2312	181	0
2313	226	0
2314	216	0
2315	197	0
2316	189	0
2317	223	0
2318	229	0
2319	211	0
2320	191	0
2321	179	0
2322	194	0
2323	195	0
2324	179	0
2325	186	0
2326	209	0
2327	182	0
2328	191	0
2329	225	0
2330	187	0
2331	221	0
2332	189	0
2333	210	0
2334	228	0
2335	194	0
2336	194	0
2337	209	0
2338	179	0
2339	244	0
2340	206	0
2341	181	0
2342	194	0
2343	189	0
2344	205	0
2345	206	0
2346	189	0
2347	223	0
2348	194	0
2349	212	0
2350	207	0
2351	184	0
2352	213	0
2353	179	0
2354	203	0
2355	197	0
2356	186	0
2357	206	0
2358	202	0
2359	196	0
2360	213	0
2361	189	0
2362	196	0
2363	228	0
2364	200	0
2365	207	0
2366	159	0
2367	177	0
2368	210	0
2369	198	0
2370	190	0
2371	219	0
2372	191	0
2373	194	0
2374	174	0
2375	173	0
2376	190	0
2377	204	0
2378	218	0
2379	202	0
2380	214	0
2381	198	0
2382	188	0
2383	212	0
2384	219	0
2385	183	0
2386	185	0
2387	209	0
2388	214	0
2389	228	0
2390	211	0
2391	200	0
2392	208	0
2393	220	0
2394	183	0
2395	200	0
2396	207	0
2397	212	0
2398	206	0
2399	199	0
2400	185	0
2401	187	0
2402	170	0
2403	228	0
2404	215	0
2405	188	0
2406	178	0
2407	209	0
2408	185	0
2409	212	0
2410	200	0
2411	206	0
2412	188	0
2413	207	0
2414	198	0
2415	194	0
2416	206	0
2417	215	0
2418	210	0
2419	200	0
2420	183	0
2421	206	0
2422	199	0
2423	215	0
2424	204	0
2425	203	0
2426	203	0
2427	191	0
2428	199	0
2429	176	0
2430	225	0
2431	175	0
2432	196	0
2433	215	0
2434	190	0
2435	182	0
2436	194	0
2437	228	0
2438	208	0
2439	218	0
2440	204	0
2441	207	0
2442	164	0
2443	221	0
2444	206	0
2445	176	0
2446	200	0
2447	225	0
2448	199	0
2449	222	0
2450	208	0
2451	193	0
2452	232	0
2453	180	0
2454	211	0
2455	174	0
2456	209	0
2457	193	0
2458	190	0
2459	212	0
2460	182	0
2461	201	0
2462	190	0
2463	197	0
2464	197	0
2465	239	0
2466	203	0
2467	187	0
2468	160	0
2469	217	0
2470	213	0
2471	211	0
2472	222	0
2473	195	0
2474	214	0
2475	197	0
2476	194	0
2477	188	0
2478	203	0
2479	201	0
2480	186	0
2481	187	0
2482	188	0
2483	184	0
2484	198	0
2485	203	0
2486	222	0
2487	195	0
2488	203	0
2489	210	0
2490	198	0
2491	193	0
2492	210	0
2493	204	0
2494	202	0
2495	165	0
2496	187	0
2497	205	0
2498	214	0
2499	237	0
2500	203	0
2501	205	0
2502	202	0
2503	188	0
2504	205	0
2505	160	0
2506	182	0
2507	206	0
2508	169	0
2509	205	0
2510	192	0
2511	192	0
2512	198	0
2513	207	0
2514	175	0
2515	195	0
2516	203	0
2517	227	0
2518	194	0
2519	208	0
2520	187	0
2521	232	0
2522	205	0
2523	211	0
2524	209	0
2525	222	0
2526	203	0
2527	185	0
2528	205	0
2529	184	0
2530	201	0
2531	203	0
2532	181	0
2533	201	0
2534	180	0
2535	190	0
2536	184	0
2537	209	0
2538	226	0
2539	193	0
2540	178	0
2541	213	0
2542	213	0
2543	195	0
2544	220	0
2545	204	0
2546	204	0
2547	198	0
2548	220	0
2549	206	0
2550	210	0
2551	211	0
2552	209	0
2553	180	0
2554	195	0
2555	191	0
2556	212	0
2557	193	0
2558	215	0
2559	184	0
2560	199	0
2561	225	0
2562	190	0
2563	226	0
2564	204	0
2565	213	0
2566	206	0
2567	194	0
2568	217	0
2569	209	0
2570	201	0
2571	174	0
2572	198	0
2573	189	0
2574	181	0
2575	199	0
2576	199	0
2577	198	0
2578	210	0
2579	194	0
2580	215	0
2581	190	0
2582	196	0
2583	187	0
2584	181	0
2585	185	0
2586	192	0
2587	207	0
2588	198	0
2589	191	0
2590	206	0
2591	210	0
2592	185	0
2593	208	0
2594	175	0
2595	196	0
2596	187	0
2597	198	0
2598	178	0
2599	208	0
2600	183	0
2601	185	0
2602	201	0
2603	181	0
2604	194	0
2605	174	0
2606	196	0
2607	198	0
2608	202	0
2609	210	0
2610	199	0
2611	198	0
2612	202	0
2613	210	0
2614	235	0
2615	232	0
2616	184	0
2617	207	0
2618	206	0
2619	188	0
2620	200	0
2621	204	0
2622	184	0
2623	218	0
2624	177	0
2625	217	0
2626	197	0
2627	180	0
2628	225	0
2629	191	0
2630	183	0
2631	202	0
2632	203	0
2633	196	0
2634	206	0
2635	168	0
2636	195	0
2637	206	0
2638	187	0
2639	200	0
2640	192	0
2641	222	0
2642	202	0
2643	219	0
2644	198	0
2645	195	0
2646	210	0
2647	185	0
2648	179	0
2649	201	0
2650	198	0
2651	186	0
2652	205	0
2653	188	0
2654	198	0
2655	202	0
2656	192	0
2657	210	0
2658	210	0
2659	218	0
2660	217	0
2661	184	0
2662	182	0
2663	167	0
2664	215	0
2665	185	0
2666	216	0
2667	167	0
2668	202	0
2669	198	0
2670	206	0
2671	189	0
2672	200	0
2673	201	0
2674	190	0
2675	173	0
2676	206	0
2677	208	0
2678	232	0
2679	196	0
2680	213	0
2681	198	0
2682	227	0
2683	216	0
2684	221	0
2685	195	0
2686	206	0
2687	205	0
2688	185	0
2689	214	0
2690	226	0
2691	203	0
2692	202	0
2693	188	0
2694	210	0
2695	208	0
2696	206	0
2697	189	0
2698	186	0
2699	226	0
2700	194	0
2701	199	0
2702	189	0
2703	186	0
2704	191	0
2705	185	0
2706	198	0
2707	177	0
2708	202	0
2709	186	0
2710	198	0
2711	226	0
2712	191	0
2713	198	0
2714	174	0
2715	176	0
2716	227	0
2717	169	0
2718	194	0
2719	229	0
2720	183	0
2721	212	0
2722	184	0
2723	209	0
2724	194	0
2725	196	0
2726	187	0
2727	158	0
2728	208	0
2729	220	0
2730	188	0
2731	213	0
2732	194	0
2733	217	0
2734	216	0
2735	202	0
2736	188	0
2737	219	0
2738	200	0
2739	192	0
2740	216	0
2741	180	0
2742	197	0
2743	207	0
2744	230	0
2745	177	0
2746	197	0
2747	202	0
2748	201	0
2749	205	0
2750	192	0
2751	197	0
2752	199	0
2753	203	0
2754	211	0
2755	197	0
2756	212	0
2757	201	0
2758	202	0
2759	191	0
2760	205	0
2761	209	0
2762	223	0
2763	205	0
2764	192	0
2765	221	0
2766	185	0
2767	185	0
2768	219	0
2769	223	0
2770	192	0
2771	203	0
2772	192	0
2773	193	0
2774	174	0
2775	204	0
2776	183	0
2777	232	0
2778	185	0
2779	209	0
2780	209	0
2781	197	0
2782	199	0
2783	198	0
2784	205	0
2785	188	0
2786	167	0
2787	198	0
2788	195	0
2789	184	0
2790	197	0
2791	211	0
2792	204	0
2793	227	0
2794	176	0
2795	206	0
2796	198	0
2797	193	0
2798	221	0
2799	196	0
2800	201	0
2801	190	0
2802	198	0
2803	215	0
2804	183	0
2805	197	0
2806	205	0
2807	195	0
2808	194	0
2809	213	0
2810	181	0
2811	195	0
2812	194	0
2813	210	0
2814	196	0
2815	236	0
2816	188	0
2817	211	0
2818	211	0
2819	196	0
2820	202	0
2821	207	0
2822	180	0
2823	196	0
2824	193	0
2825	191	0
2826	194	0
2827	211	0
2828	194	0
2829	202	0
2830	206	0
2831	185	0
2832	186	0
2833	192	0
2834	189	0
2835	175	0
2836	217	0
2837	205	0
2838	204	0
2839	188	0
2840	226	0
2841	215	0
2842	206	0
2843	215	0
2844	221	0
2845	193	0
2846	196	0
2847	208	0
2848	203	0
2849	204	0
2850	221	0
2851	215	0
2852	209	0
2853	191	0
2854	189	0
2855	227	0
2856	193	0
2857	211	0
2858	202	0
2859	174	0
2860	222	0
2861	196	0
2862	182	0
2863	218	0
2864	207	0
2865	204	0
2866	189	0
2867	201	0
2868	235	0
2869	210	0
2870	179	0
2871	184	0
2872	186	0
2873	205	0
2874	219	0
2875	191	0
2876	221	0
2877	208	0
2878	208	0
2879	219	0
2880	217	0
2881	179	0
2882	205	0
2883	222	0
2884	189	0
2885	175	0
2886	183	0
2887	218	0
2888	181	0
2889	202	0
2890	218	0
2891	203	0
2892	194	0
2893	194	0
2894	188	0
2895	210	0
2896	204	0
2897	192	0
2898	207	0
2899	183	0
2900	215	0
2901	211	0
2902	214	0
2903	186	0
2904	184	0
2905	204	0
2906	194	0
2907	194	0
2908	188	0
2909	195	0
2910	201	0
2911	196	0
2912	152	0
2913	199	0
2914	200	0
2915	189	0
2916	193	0
2917	191	0
2918	189	0
2919	191	0
2920	202	0
2921	184	0
2922	179	0
2923	198	0
2924	220	0
2925	206	0
2926	206	0
2927	196	0
2928	216	0
2929	196	0
2930	206	0
2931	177	0
2932	198	0
2933	201	0
2934	188	0
2935	196	0
2936	201	0
2937	215	0
2938	193	0
2939	216	0
2940	181	0
2941	210	0
2942	194	0
2943	206	0
2944	195	0
2945	210	0
2946	185	0
2947	194	0
2948	198	0
2949	208	0
2950	194	0
2951	194	0
2952	203	0
2953	215	0
2954	199	0
2955	218	0
2956	225	0
2957	189	0
2958	191	0
2959	181	0
2960	183	0
2961	196	0
2962	186	0
2963	211	0
2964	210	0
2965	201	0
2966	205	0
2967	202	0
2968	190	0
2969	205	0
2970	202	0
2971	174	0
2972	187	0
2973	222	0
2974	195	0
2975	191	0
2976	193	0
2977	206	0
2978	197	0
2979	180	0
2980	232	0
2981	175	0
2982	210	0
2983	197	0
2984	182	0
2985	188	0
2986	193	0
2987	186	0
2988	219	0
2989	216	0
2990	193	0
2991	197	0
2992	212	0
2993	217	0
2994	186	0
2995	208	0
2996	191	0
2997	214	0
2998	179	0
2999	197	0
3000	195	0
