1	187	0
2	203	0
3	196	0
4	190	0
5	180	0
6	190	0
7	176	0
8	212	0
9	187	0
10	179	0
11	175	0
12	178	0
13	190	0
14	174	0
15	219	0
16	190	0
17	173	0
18	209	0
19	158	0
20	188	0
21	193	0
22	192	0
23	178	0
24	208	0
25	204	0
26	205	0
27	204	0
28	189	0
29	185	0
30	197	0
31	184	0
32	214	0
33	203	0
34	202	0
35	223	0
36	176	0
37	165	0
38	197	0
39	196	0
40	214	0
41	189	0
42	204	0
43	215	0
44	197	0
45	185	0
46	199	0
47	205	0
48	193	0
49	207	0
50	198	0
51	226	0
52	161	0
53	198	0
54	216	0
55	183	0
56	169	0
57	197	0
58	184	0
59	166	0
60	217	0
61	185	0
62	175	0
63	196	0
64	182	0
65	190	0
66	192	0
67	192	0
68	187	0
69	174	0
70	187	0
71	197	0
72	188	0
73	177	0
74	192	0
75	212	0
76	196	0
77	222	0
78	188	0
79	193	0
80	200	0
81	181	0
82	186	0
83	177	0
84	192	0
85	206	0
86	168	0
87	182	0
88	195	0
89	189	0
90	173	0
91	198	0
92	173	0
93	195	0
94	189	0
95	228	0
96	185	0
97	184	0
98	198	0
99	211	0
100	199	0
101	206	0
102	201	0
103	217	0
104	200	0
105	172	0
106	190	0
107	205	0
108	214	0
109	195	0
110	203	0
111	205	0
112	188	0
113	206	0
114	249	0
115	199	0
116	186	0
117	191	0
118	186	0
119	176	0
120	208	0
121	200	0
122	193	0
123	215	0
124	172	0
125	181	0
126	196	0
127	202	0
128	194	0
129	188	0
130	223	0
131	203	0
132	212	0
133	190	0
134	231	0
135	211	0
136	198	0
137	193	0
138	226	0
139	177	0
140	220	0
141	200	0
142	196	0
143	175	0
144	195	0
145	206	0
146	193	0
147	200	0
148	193	0
149	206	0
150	183	0
151	202	0
152	222	0
153	189	0
154	192	0
155	178	0
156	198	0
157	187	0
158	184	0
159	187	0
160	189	0
161	228	0
162	192	0
163	176	0
164	180	0
165	178	0
166	206	0
167	200	0
168	221	0
169	171	0
170	226	0
171	178	0
172	175	0
173	207	0
174	212	0
175	220	0
176	190	0
177	211	0
178	196	0
179	205	0
180	173	0
181	181	0
182	203	0
183	209	0
184	215	0
185	217	0
186	215	0
187	211	0
188	191	0
189	191	0
190	190	0
191	203	0
192	189	0
193	219	0
194	176	0
195	210	0
196	202	0
197	203	0
198	180	0
199	195	0
200	193	0
201	208	0
202	209	0
203	213	0
204	227	0
205	198	0
206	219	0
207	198	0
208	207	0
209	174	0
210	190	0
211	165	0
212	183	0
213	206	0
214	178	0
215	220	0
216	201	0
217	181	0
218	202	0
219	195	0
220	199	0
221	208	0
222	220	0
223	184	0
224	205	0
225	179	0
226	178	0
227	201	0
228	177	0
229	195	0
230	194	0
231	208	0
232	182	0
233	165	0
234	176	0
235	191	0
236	180	0
237	187	0
238	204	0
239	197	0
240	205	0
241	198	0
242	170	0
243	181	0
244	209	0
245	186	0
246	193	0
247	185	0
248	186	0
249	184	0
250	184	0
251	191	0
252	214	0
253	206	0
254	158	0
255	210	0
256	198	0
257	195	0
258	196	0
259	187	0
260	201	0
261	183	0
262	195	0
263	184	0
264	196	0
265	177	0
266	193	0
267	171	0
268	194	0
269	179	0
270	179	0
271	207	0
272	183	0
273	213	0
274	194	0
275	197	0
276	190	0
277	201	0
278	182	0
279	192	0
280	199	0
281	179	0
282	189	0
283	193	0
284	195	0
285	192	0
286	175	0
287	221	0
288	204	0
289	184	0
290	189	0
291	195	0
292	172	0
293	206	0
294	198	0
295	197	0
296	199	0
297	218	0
298	206	0
299	202	0
300	214	0
301	211	0
302	190	0
303	214	0
304	180	0
305	182	0
306	212	0
307	191	0
308	207	0
309	177	0
310	184	0
311	201	0
312	197	0
313	196	0
314	202	0
315	188	0
316	212	0
317	208	0
318	174	0
319	200	0
320	196	0
321	200	0
322	201	0
323	183	0
324	212	0
325	203	0
326	206	0
327	201	0
328	194	0
329	183	0
330	189	0
331	205	0
332	219	0
333	221	0
334	164	0
335	198	0
336	200	0
337	211	0
338	182	0
339	196	0
340	186	0
341	189	0
342	202	0
343	196	0
344	182	0
345	235	0
346	227	0
347	206	0
348	198	0
349	198	0
350	184	0
351	189	0
352	187	0
353	209	0
354	218	0
355	196	0
356	175	0
357	188	0
358	181	0
359	204	0
360	199	0
361	203	0
362	170	0
363	193	0
364	172	0
365	192	0
366	182	0
367	189	0
368	219	0
369	188	0
370	158	0
371	227	0
372	209	0
373	182	0
374	185	0
375	187	0
376	192	0
377	186	0
378	175	0
379	203	0
380	174	0
381	213	0
382	198	0
383	180	0
384	191	0
385	182	0
386	194	0
387	183	0
388	202	0
389	181	0
390	199	0
391	184	0
392	205	0
393	208	0
394	228	0
395	170	0
396	172	0
397	195	0
398	186	0
399	198	0
400	187	0
401	194	0
402	203	0
403	181	0
404	205	0
405	183	0
406	197	0
407	214	0
408	227	0
409	182	0
410	210	0
411	173	0
412	195	0
413	202	0
414	212	0
415	191	0
416	203	0
417	191	0
418	190	0
419	186	0
420	197	0
421	183	0
422	188	0
423	211	0
424	206	0
425	208	0
426	209	0
427	188	0
428	184	0
429	188	0
430	209	0
431	206	0
432	187	0
433	220	0
434	205	0
435	183	0
436	199	0
437	188	0
438	200	0
439	187	0
440	191	0
441	212	0
442	185	0
443	204	0
444	191	0
445	219	0
446	184	0
447	195	0
448	183	0
449	211	0
450	200	0
451	179	0
452	173	0
453	177	0
454	202	0
455	205	0
456	206	0
457	198	0
458	202	0
459	186	0
460	194	0
461	213	0
462	191	0
463	194	0
464	190	0
465	201	0
466	191	0
467	190	0
468	199	0
469	181	0
470	184	0
471	186	0
472	198	0
473	217	0
474	176	0
475	211	0
476	215	0
477	205	0
478	196	0
479	196	0
480	206	0
481	199	0
482	188	0
483	195	0
484	171	0
485	163	0
486	196	0
487	230	0
488	203	0
489	185	0
490	198	0
491	204	0
492	188	0
493	167	0
494	176	0
495	144	0
496	192	0
497	203	0
498	203	0
499	172	0
500	211	0
501	213	0
502	196	0
503	226	0
504	203	0
505	197	0
506	188	0
507	186	0
508	193	0
509	208	0
510	219	0
511	179	0
512	186	0
513	184	0
514	216	0
515	190	0
516	185	0
517	214	0
518	196	0
519	202	0
520	186	0
521	198	0
522	205	0
523	201	0
524	183	0
525	191	0
526	155	0
527	197	0
528	192	0
529	200	0
530	187	0
531	199	0
532	185	0
533	216	0
534	176	0
535	209	0
536	205	0
537	201	0
538	190	0
539	187	0
540	195	0
541	211	0
542	182	0
543	197	0
544	207	0
545	203	0
546	214	0
547	188	0
548	192	0
549	209	0
550	204	0
551	186	0
552	175	0
553	172	0
554	203	0
555	221	0
556	209	0
557	197	0
558	205	0
559	210	0
560	234	0
561	208	0
562	208	0
563	192	0
564	188	0
565	192	0
566	166	0
567	220	0
568	183	0
569	222	0
570	181	0
571	221	0
572	200	0
573	206	0
574	213	0
575	187	0
576	222	0
577	201	0
578	186	0
579	182	0
580	195	0
581	185	0
582	197	0
583	196	0
584	179	0
585	215	0
586	187	0
587	179	0
588	196	0
589	189	0
590	196	0
591	195	0
592	184	0
593	225	0
594	182	0
595	197	0
596	202	0
597	198	0
598	220	0
599	181	0
600	196	0
601	202	0
602	176	0
603	162	0
604	181	0
605	174	0
606	201	0
607	205	0
608	172	0
609	208	0
610	191	0
611	212	0
612	186	0
613	178	0
614	188	0
615	195	0
616	181	0
617	178	0
618	197	0
619	194	0
620	175	0
621	180	0
622	197	0
623	188	0
624	210	0
625	207	0
626	205	0
627	163	0
628	203	0
629	156	0
630	202	0
631	175	0
632	196	0
633	206	0
634	197	0
635	186	0
636	187	0
637	202	0
638	186	0
639	212	0
640	198	0
641	194	0
642	211	0
643	185	0
644	181	0
645	225	0
646	220	0
647	196	0
648	203	0
649	197	0
650	202	0
651	192	0
652	199	0
653	185	0
654	207	0
655	202	0
656	172	0
657	222	0
658	206	0
659	233	0
660	198	0
661	208	0
662	205	0
663	201	0
664	197	0
665	203	0
666	178	0
667	196	0
668	199	0
669	202	0
670	176	0
671	193	0
672	204	0
673	194	0
674	220	0
675	195	0
676	192	0
677	197	0
678	214	0
679	188	0
680	197	0
681	184	0
682	227	0
683	192	0
684	211	0
685	190	0
686	194	0
687	198	0
688	197	0
689	216	0
690	196	0
691	197	0
692	188	0
693	193	0
694	184	0
695	218	0
696	201	0
697	191	0
698	215	0
699	193	0
700	183	0
701	185	0
702	176	0
703	183	0
704	203	0
705	206	0
706	201	0
707	203	0
708	187	0
709	193	0
710	206	0
711	199	0
712	190	0
713	182	0
714	196	0
715	182	0
716	197	0
717	189	0
718	198	0
719	191	0
720	210	0
721	184	0
722	204	0
723	163	0
724	199	0
725	205	0
726	229	0
727	202	0
728	203	0
729	203	0
730	177	0
731	190	0
732	164	0
733	188	0
734	182	0
735	219	0
736	197	0
737	205	0
738	175	0
739	197	0
740	193	0
741	201	0
742	214	0
743	206	0
744	212	0
745	190	0
746	215	0
747	215	0
748	197	0
749	201	0
750	200	0
751	231	0
752	184	0
753	226	0
754	162	0
755	188	0
756	199	0
757	171	0
758	193	0
759	210	0
760	194	0
761	189	0
762	211	0
763	235	0
764	211	0
765	187	0
766	184	0
767	184	0
768	193	0
769	176	0
770	168	0
771	190	0
772	162	0
773	199	0
774	197	0
775	194	0
776	191	0
777	212	0
778	192	0
779	207	0
780	208	0
781	195	0
782	187	0
783	208	0
784	189	0
785	180	0
786	188	0
787	186	0
788	185	0
789	181	0
790	207	0
791	201	0
792	186	0
793	182	0
794	216	0
795	192	0
796	188	0
797	174	0
798	163	0
799	195	0
800	163	0
801	181	0
802	165	0
803	188	0
804	173	0
805	180	0
806	201	0
807	172	0
808	201	0
809	193	0
810	190	0
811	194	0
812	185	0
813	194	0
814	230	0
815	184	0
816	202	0
817	212	0
818	191	0
819	189	0
820	223	0
821	182	0
822	175	0
823	180	0
824	187	0
825	196	0
826	196	0
827	187	0
828	220	0
829	202	0
830	193	0
831	183	0
832	197	0
833	227	0
834	235	0
835	211	0
836	198	0
837	204	0
838	194	0
839	212	0
840	186	0
841	203	0
842	204	0
843	210	0
844	212	0
845	223	0
846	184	0
847	207	0
848	196	0
849	195	0
850	203	0
851	199	0
852	199	0
853	183	0
854	218	0
855	158	0
856	195	0
857	195	0
858	177	0
859	184	0
860	185	0
861	167	0
862	180	0
863	199	0
864	200	0
865	200	0
866	194	0
867	206	0
868	200	0
869	205	0
870	199	0
871	209	0
872	178	0
873	190	0
874	199	0
875	198	0
876	194	0
877	196	0
878	214	0
879	182	0
880	224	0
881	197	0
882	193	0
883	201	0
884	193	0
885	195	0
886	183	0
887	189	0
888	220	0
889	191	0
890	188	0
891	233	0
892	197	0
893	200	0
894	210	0
895	208	0
896	184	0
897	191	0
898	191	0
899	180	0
900	200	0
901	212	0
902	195	0
903	206	0
904	213	0
905	212	0
906	189	0
907	218	0
908	214	0
909	193	0
910	205	0
911	196	0
912	185	0
913	201	0
914	191	0
915	207	0
916	189	0
917	211	0
918	199	0
919	201	0
920	195	0
921	201	0
922	206	0
923	189	0
924	201	0
925	196	0
926	196	0
927	206	0
928	214	0
929	183	0
930	201	0
931	191	0
932	194	0
933	193	0
934	210	0
935	213	0
936	183	0
937	179	0
938	189	0
939	182	0
940	179	0
941	187	0
942	193	0
943	192	0
944	185	0
945	197	0
946	206	0
947	197	0
948	195	0
949	181	0
950	191	0
951	184	0
952	211	0
953	194	0
954	194	0
955	201	0
956	196	0
957	200	0
958	201	0
959	185	0
960	189	0
961	181	0
962	199	0
963	182	0
964	193	0
965	197	0
966	199	0
967	200	0
968	197	0
969	203	0
970	211	0
971	190	0
972	201	0
973	187	0
974	189	0
975	220	0
976	198	0
977	189	0
978	186	0
979	173	0
980	189	0
981	193	0
982	199	0
983	176	0
984	184	0
985	193	0
986	185	0
987	185	0
988	184	0
989	195	0
990	199	0
991	217	0
992	188	0
993	207	0
994	212	0
995	176	0
996	192	0
997	186	0
998	204	0
999	182	0
1000	203	0
1001	197	0
1002	177	0
1003	196	0
1004	197	0
1005	191	0
1006	170	0
1007	192	0
1008	197	0
1009	210	0
1010	217	0
1011	190	0
1012	194	0
1013	199	0
1014	195	0
1015	203	0
1016	186	0
1017	166	0
1018	228	0
1019	170	0
1020	207	0
1021	161	0
1022	204	0
1023	194	0
1024	205	0
1025	215	0
1026	185	0
1027	176	0
1028	199	0
1029	195	0
1030	212	0
1031	194	0
1032	192	0
1033	207	0
1034	180	0
1035	190	0
1036	202	0
1037	193	0
1038	180	0
1039	194	0
1040	205	0
1041	172	0
1042	206	0
1043	177	0
1044	197	0
1045	185	0
1046	201	0
1047	201	0
1048	187	0
1049	211	0
1050	188	0
1051	202	0
1052	210	0
1053	173	0
1054	190	0
1055	183	0
1056	178	0
1057	197	0
1058	189	0
1059	216	0
1060	212	0
1061	177	0
1062	197	0
1063	217	0
1064	189	0
1065	189	0
1066	161	0
1067	187	0
1068	221	0
1069	176	0
1070	206	0
1071	200	0
1072	240	0
1073	184	0
1074	202	0
1075	195	0
1076	206	0
1077	205	0
1078	192	0
1079	213	0
1080	192	0
1081	197	0
1082	194	0
1083	186	0
1084	212	0
1085	212	0
1086	200	0
1087	186	0
1088	182	0
1089	199	0
1090	200	0
1091	181	0
1092	218	0
1093	183	0
1094	167	0
1095	183	0
1096	195	0
1097	208	0
1098	175	0
1099	175	0
1100	198	0
1101	190	0
1102	195	0
1103	206	0
1104	216	0
1105	181	0
1106	214	0
1107	188	0
1108	214	0
1109	187	0
1110	216	0
1111	193	0
1112	196	0
1113	209	0
1114	194	0
1115	202	0
1116	177	0
1117	184	0
1118	206	0
1119	204	0
1120	192	0
1121	203	0
1122	212	0
1123	207	0
1124	164	0
1125	174	0
1126	196	0
1127	199	0
1128	187	0
1129	174	0
1130	177	0
1131	214	0
1132	190	0
1133	212	0
1134	189	0
1135	200	0
1136	216	0
1137	193	0
1138	191	0
1139	208	0
1140	199	0
1141	185	0
1142	208	0
1143	186	0
1144	189	0
1145	183	0
1146	209	0
1147	213	0
1148	200	0
1149	177	0
1150	207	0
1151	206	0
1152	228	0
1153	177	0
1154	207	0
1155	201	0
1156	181	0
1157	197	0
1158	202	0
1159	219	0
1160	208	0
1161	186	0
1162	168	0
1163	182	0
1164	188	0
1165	185	0
1166	209	0
1167	200	0
1168	222	0
1169	210	0
1170	200	0
1171	184	0
1172	176	0
1173	206	0
1174	180	0
1175	201	0
1176	224	0
1177	197	0
1178	198	0
1179	209	0
1180	194	0
1181	199	0
1182	196	0
1183	209	0
1184	193	0
1185	196	0
1186	188	0
1187	204	0
1188	198	0
1189	196	0
1190	179	0
1191	203	0
1192	198	0
1193	217	0
1194	181	0
1195	177	0
1196	192	0
1197	198	0
1198	174	0
1199	190	0
1200	169	0
1201	179	0
1202	177	0
1203	180	0
1204	167	0
1205	187	0
1206	200	0
1207	218	0
1208	174	0
1209	189	0
1210	172	0
1211	194	0
1212	181	0
1213	204	0
1214	209	0
1215	161	0
1216	192	0
1217	186	0
1218	186	0
1219	175	0
1220	192	0
1221	192	0
1222	182	0
1223	213	0
1224	188	0
1225	205	0
1226	195	0
1227	208	0
1228	171	0
1229	210	0
1230	204	0
1231	217	0
1232	199	0
1233	206	0
1234	207	0
1235	202	0
1236	194	0
1237	210	0
1238	235	0
1239	180	0
1240	197	0
1241	209	0
1242	184	0
1243	195	0
1244	201	0
1245	169	0
1246	196	0
1247	169	0
1248	169	0
1249	198	0
1250	190	0
1251	217	0
1252	212	0
1253	176	0
1254	206	0
1255	181	0
1256	190	0
1257	194	0
1258	189	0
1259	197	0
1260	185	0
1261	216	0
1262	217	0
1263	164	0
1264	197	0
1265	206	0
1266	206	0
1267	197	0
1268	201	0
1269	185	0
1270	216	0
1271	220	0
1272	182	0
1273	213	0
1274	205	0
1275	208	0
1276	184	0
1277	181	0
1278	194	0
1279	204	0
1280	202	0
1281	193	0
1282	188	0
1283	172	0
1284	193	0
1285	200	0
1286	192	0
1287	191	0
1288	190	0
1289	211	0
1290	178	0
1291	195	0
1292	192	0
1293	192	0
1294	216	0
1295	185	0
1296	188	0
1297	188	0
1298	179	0
1299	231	0
1300	196	0
1301	202	0
1302	188	0
1303	194	0
1304	186	0
1305	197	0
1306	191	0
1307	198	0
1308	193	0
1309	218	0
1310	173	0
1311	202	0
1312	212	0
1313	211	0
1314	200	0
1315	188	0
1316	199	0
1317	178	0
1318	188	0
1319	221	0
1320	197	0
1321	177	0
1322	199	0
1323	205	0
1324	222	0
1325	209	0
1326	172	0
1327	158	0
1328	201	0
1329	213	0
1330	183	0
1331	177	0
1332	193	0
1333	206	0
1334	191	0
1335	189	0
1336	216	0
1337	204	0
1338	205	0
1339	197	0
1340	185	0
1341	185	0
1342	178	0
1343	215	0
1344	203	0
1345	175	0
1346	190	0
1347	200	0
1348	172	0
1349	204	0
1350	193	0
1351	184	0
1352	223	0
1353	197	0
1354	191	0
1355	214	0
1356	193	0
1357	205	0
1358	183	0
1359	226	0
1360	189	0
1361	181	0
1362	187	0
1363	206	0
1364	194	0
1365	185	0
1366	203	0
1367	180	0
1368	176	0
1369	198	0
1370	211	0
1371	196	0
1372	206	0
1373	190	0
1374	192	0
1375	198	0
1376	181	0
1377	194	0
1378	198	0
1379	198	0
1380	204	0
1381	187	0
1382	206	0
1383	181	0
1384	195	0
1385	185	0
1386	188	0
1387	190	0
1388	213	0
1389	193	0
1390	198	0
1391	181	0
1392	176	0
1393	182	0
1394	194	0
1395	214	0
1396	205	0
1397	183	0
1398	165	0
1399	201	0
1400	191	0
1401	175	0
1402	199	0
1403	197	0
1404	205	0
1405	176	0
1406	202	0
1407	184	0
1408	203	0
1409	195	0
1410	171	0
1411	167	0
1412	193	0
1413	225	0
1414	179	0
1415	185	0
1416	215	0
1417	207	0
1418	173	0
1419	193	0
1420	196	0
1421	204	0
1422	204	0
1423	230	0
1424	208	0
1425	194	0
1426	202	0
1427	192	0
1428	203	0
1429	221	0
1430	203	0
1431	181	0
1432	206	0
1433	190	0
1434	201	0
1435	206	0
1436	211	0
1437	190	0
1438	204	0
1439	199	0
1440	182	0
1441	180	0
1442	191	0
1443	208	0
1444	216	0
1445	193	0
1446	180	0
1447	204	0
1448	210	0
1449	216	0
1450	212	0
1451	190	0
1452	205	0
1453	183	0
1454	223	0
1455	203	0
1456	219	0
1457	197	0
1458	209	0
1459	227	0
1460	223	0
1461	209	0
1462	201	0
1463	199	0
1464	184	0
1465	217	0
1466	197	0
1467	179	0
1468	195	0
1469	185	0
1470	207	0
1471	175	0
1472	209	0
1473	179	0
1474	211	0
1475	221	0
1476	188	0
1477	174	0
1478	190	0
1479	166	0
1480	189	0
1481	215	0
1482	195	0
1483	199	0
1484	193	0
1485	202	0
1486	202	0
1487	188	0
1488	197	0
1489	188	0
1490	197	0
1491	205	0
1492	190	0
1493	190	0
1494	187	0
1495	181	0
1496	180	0
1497	176	0
1498	194	0
1499	210	0
1500	195	0
1501	215	0
1502	193	0
1503	213	0
1504	200	0
1505	184	0
1506	215	0
1507	198	0
1508	196	0
1509	209	0
1510	189	0
1511	220	0
1512	199	0
1513	185	0
1514	192	0
1515	160	0
1516	203	0
1517	187	0
1518	186	0
1519	189	0
1520	184	0
1521	198	0
1522	198	0
1523	212	0
1524	170	0
1525	189	0
1526	166	0
1527	190	0
1528	199	0
1529	185	0
1530	210	0
1531	199	0
1532	186	0
1533	199	0
1534	195	0
1535	187	0
1536	212	0
1537	200	0
1538	198	0
1539	225	0
1540	216	0
1541	210	0
1542	196	0
1543	199	0
1544	166	0
1545	215	0
1546	220	0
1547	210	0
1548	213	0
1549	178	0
1550	236	0
1551	180	0
1552	175	0
1553	208	0
1554	182	0
1555	197	0
1556	202	0
1557	198	0
1558	190	0
1559	195	0
1560	208	0
1561	199	0
1562	199	0
1563	206	0
1564	217	0
1565	182	0
1566	171	0
1567	181	0
1568	184	0
1569	185	0
1570	203	0
1571	193	0
1572	208	0
1573	205	0
1574	193	0
1575	176	0
1576	208	0
1577	207	0
1578	202	0
1579	188	0
1580	206	0
1581	179	0
1582	207	0
1583	186	0
1584	186	0
1585	189	0
1586	179	0
1587	221	0
1588	227	0
1589	180	0
1590	212	0
1591	208	0
1592	198	0
1593	215	0
1594	165	0
1595	199	0
1596	195	0
1597	199	0
1598	215	0
1599	183	0
1600	201	0
1601	189	0
1602	169	0
1603	188	0
1604	194	0
1605	186	0
1606	204	0
1607	206	0
1608	176	0
1609	174	0
1610	213	0
1611	197	0
1612	177	0
1613	204	0
1614	195	0
1615	184	0
1616	201	0
1617	194	0
1618	189	0
1619	186	0
1620	209	0
1621	203	0
1622	194	0
1623	193	0
1624	165	0
1625	161	0
1626	193	0
1627	209	0
1628	187	0
1629	202	0
1630	223	0
1631	214	0
1632	191	0
1633	204	0
1634	195	0
1635	198	0
1636	210	0
1637	167	0
1638	215	0
1639	156	0
1640	178	0
1641	197	0
1642	205	0
1643	215	0
1644	212	0
1645	174	0
1646	197	0
1647	206	0
1648	185	0
1649	202	0
1650	190	0
1651	218	0
1652	190	0
1653	193	0
1654	194	0
1655	198	0
1656	197	0
1657	175	0
1658	194	0
1659	203	0
1660	178	0
1661	170	0
1662	205	0
1663	208	0
1664	204	0
1665	181	0
1666	209	0
1667	207	0
1668	186	0
1669	178	0
1670	214	0
1671	184	0
1672	193	0
1673	152	0
1674	182	0
1675	228	0
1676	193	0
1677	173	0
1678	200	0
1679	214	0
1680	158	0
1681	183	0
1682	173	0
1683	199	0
1684	200	0
1685	189	0
1686	217	0
1687	229	0
1688	205	0
1689	157	0
1690	214	0
1691	197	0
1692	207	0
1693	207	0
1694	196	0
1695	183	0
1696	199	0
1697	208	0
1698	189	0
1699	185	0
1700	201	0
1701	194	0
1702	200	0
1703	212	0
1704	228	0
1705	197	0
1706	209	0
1707	210	0
1708	191	0
1709	204	0
1710	201	0
1711	172	0
1712	221	0
1713	202	0
1714	219	0
1715	184	0
1716	177	0
1717	181	0
1718	208	0
1719	205	0
1720	190	0
1721	196	0
1722	208	0
1723	176	0
1724	206	0
1725	208	0
1726	204	0
1727	203	0
1728	203	0
1729	212	0
1730	212	0
1731	200	0
1732	189	0
1733	184	0
1734	188	0
1735	191	0
1736	214	0
1737	194	0
1738	186	0
1739	174	0
1740	216	0
1741	195	0
1742	179	0
1743	210	0
1744	202	0
1745	208	0
1746	199	0
1747	185	0
1748	202	0
1749	213	0
1750	198	0
1751	197	0
1752	174	0
1753	181	0
1754	193	0
1755	175	0
1756	197	0
1757	199	0
1758	186	0
1759	214	0
1760	183	0
1761	219	0
1762	188	0
1763	190	0
1764	208	0
1765	183	0
1766	207	0
1767	186	0
1768	204	0
1769	180	0
1770	185	0
1771	186	0
1772	212	0
1773	191	0
1774	204	0
1775	184	0
1776	207	0
1777	200	0
1778	183	0
1779	207	0
1780	202	0
1781	200	0
1782	199	0
1783	195	0
1784	192	0
1785	206	0
1786	194	0
1787	207	0
1788	193	0
1789	193	0
1790	190	0
1791	174	0
1792	188	0
1793	193	0
1794	194	0
1795	212	0
1796	205	0
1797	194	0
1798	197	0
1799	182	0
1800	207	0
1801	218	0
1802	181	0
1803	198	0
1804	188	0
1805	191	0
1806	220	0
1807	210	0
1808	227	0
1809	192	0
1810	184	0
1811	183	0
1812	208	0
1813	209	0
1814	219	0
1815	197	0
1816	202	0
1817	188	0
1818	187	0
1819	217	0
1820	202	0
1821	206	0
1822	213	0
1823	180	0
1824	213	0
1825	164	0
1826	219	0
1827	185	0
1828	194	0
1829	209	0
1830	203	0
1831	197	0
1832	195	0
1833	196	0
1834	199	0
1835	201	0
1836	214	0
1837	203	0
1838	190	0
1839	189	0
1840	181	0
1841	173	0
1842	170	0
1843	207	0
1844	165	0
1845	207	0
1846	176	0
1847	206	0
1848	193	0
1849	195	0
1850	189	0
1851	186	0
1852	198	0
1853	172	0
1854	203	0
1855	178	0
1856	187	0
1857	207	0
1858	204	0
1859	191	0
1860	213	0
1861	199	0
1862	206	0
1863	171	0
1864	201	0
1865	192	0
1866	212	0
1867	193	0
1868	223	0
1869	207	0
1870	237	0
1871	195	0
1872	209	0
1873	212	0
1874	202	0
1875	206	0
1876	187	0
1877	214	0
1878	191	0
1879	197	0
1880	182	0
1881	205	0
1882	188	0
1883	181	0
1884	181	0
1885	178	0
1886	177	0
1887	204	0
1888	218	0
1889	216	0
1890	191	0
1891	204	0
1892	203	0
1893	187	0
1894	171	0
1895	199	0
1896	199	0
1897	233	0
1898	186	0
1899	183	0
1900	188	0
1901	195	0
1902	203	0
1903	202	0
1904	213	0
1905	215	0
1906	186	0
1907	203	0
1908	175	0
1909	211	0
1910	213	0
1911	184	0
1912	178	0
1913	185	0
1914	210	0
1915	192	0
1916	204	0
1917	190	0
1918	204	0
1919	195	0
1920	219	0
1921	187	0
1922	179	0
1923	207	0
1924	216	0
1925	194	0
1926	211	0
1927	173	0
1928	210	0
1929	200	0
1930	190	0
1931	208	0
1932	190	0
1933	185	0
1934	181	0
1935	170	0
1936	212	0
1937	180	0
1938	208	0
1939	219	0
1940	184	0
1941	195	0
1942	186	0
1943	196	0
1944	229	0
1945	195	0
1946	193	0
1947	184	0
1948	189	0
1949	204	0
1950	199	0
1951	182	0
1952	210	0
1953	215	0
1954	226	0
1955	190	0
1956	190	0
1957	211	0
1958	207	0
1959	188	0
1960	200	0
1961	212	0
1962	202	0
1963	168	0
1964	177	0
1965	208	0
1966	200	0
1967	180	0
1968	177	0
1969	211	0
1970	215	0
1971	213	0
1972	211	0
1973	199	0
1974	207	0
1975	188	0
1976	175	0
1977	202	0
1978	175	0
1979	196	0
1980	206	0
1981	186	0
1982	192	0
1983	184	0
1984	193	0
1985	215	0
1986	212	0
1987	189	0
1988	173	0
1989	185	0
1990	184	0
1991	201	0
1992	199	0
1993	222	0
1994	205	0
1995	162	0
1996	173	0
1997	181	0
1998	220	0
1999	198	0
2000	194	0
2001	220	0
2002	203	0
2003	219	0
2004	197	0
2005	219	0
2006	203	0
2007	185	0
2008	204	0
2009	213	0
2010	207	0
2011	186	0
2012	247	0
2013	205	0
2014	217	0
2015	186	0
2016	195	0
2017	200	0
2018	194	0
2019	170	0
2020	188	0
2021	178	0
2022	185	0
2023	179	0
2024	174	0
2025	195	0
2026	206	0
2027	202	0
2028	179	0
2029	180	0
2030	192	0
2031	209	0
2032	194	0
2033	186	0
2034	180	0
2035	214	0
2036	192	0
2037	175	0
2038	196	0
2039	173	0
2040	165	0
2041	210	0
2042	187	0
2043	222	0
2044	216	0
2045	205	0
2046	215	0
2047	173	0
2048	189	0
2049	177	0
2050	202	0
2051	194	0
2052	189	0
2053	172	0
2054	216	0
2055	180	0
2056	181	0
2057	192	0
2058	209	0
2059	193	0
2060	219	0
2061	200	0
2062	187	0
2063	171	0
2064	174	0
2065	177	0
2066	230	0
2067	186	0
2068	198	0
2069	198	0
2070	195	0
2071	187	0
2072	208	0
2073	198	0
2074	153	0
2075	203	0
2076	189	0
2077	190	0
2078	197	0
2079	226	0
2080	188	0
2081	204	0
2082	180	0
2083	208	0
2084	188	0
2085	222	0
2086	196	0
2087	198	0
2088	193	0
2089	198	0
2090	199	0
2091	213	0
2092	191	0
2093	198	0
2094	213	0
2095	211	0
2096	219	0
2097	190	0
2098	198	0
2099	185	0
2100	192	0
2101	229	0
2102	191	0
2103	222	0
2104	200	0
2105	198	0
2106	188	0
2107	216	0
2108	200	0
2109	224	0
2110	185	0
2111	210	0
2112	196	0
2113	191	0
2114	189	0
2115	166	0
2116	200	0
2117	211	0
2118	210	0
2119	191	0
2120	217	0
2121	200	0
2122	193	0
2123	198	0
2124	216	0
2125	191	0
2126	186	0
2127	203	0
2128	163	0
2129	204	0
2130	172	0
2131	190	0
2132	196	0
2133	204	0
2134	186	0
2135	181	0
2136	190	0
2137	203	0
2138	204	0
2139	227	0
2140	189	0
2141	161	0
2142	186	0
2143	182	0
2144	232	0
2145	210	0
2146	182	0
2147	219	0
2148	197	0
2149	185	0
2150	190	0
2151	187	0
2152	208	0
2153	196	0
2154	205	0
2155	186	0
2156	176	0
2157	210	0
2158	181	0
2159	192	0
2160	186	0
2161	218	0
2162	204	0
2163	205	0
2164	200	0
2165	194	0
2166	187	0
2167	179	0
2168	173	0
2169	192	0
2170	179	0
2171	198	0
2172	170	0
2173	217	0
2174	186	0
2175	202	0
2176	196	0
2177	175	0
2178	224	0
2179	172	0
2180	208	0
2181	187	0
2182	195	0
2183	199	0
2184	202	0
2185	195	0
2186	201	0
2187	201	0
2188	194	0
2189	192	0
2190	191	0
2191	186	0
2192	190	0
2193	179	0
2194	212	0
2195	186	0
2196	182	0
2197	190	0
2198	211	0
2199	197	0
2200	202	0
2201	207	0
2202	211	0
2203	197	0
2204	200	0
2205	173	0
2206	206	0
2207	205	0
2208	191	0
2209	165	0
2210	191	0
2211	183	0
2212	206	0
2213	197	0
2214	228	0
2215	184	0
2216	182	0
2217	218	0
2218	198	0
2219	197	0
2220	203	0
2221	198	0
2222	172	0
2223	172	0
2224	202	0
2225	208	0
2226	171	0
2227	215	0
2228	189	0
2229	183	0
2230	179	0
2231	184	0
2232	204	0
2233	220	0
2234	188	0
2235	203	0
2236	211	0
2237	194	0
2238	179	0
2239	157	0
2240	189	0
2241	182	0
2242	179	0
2243	213	0
2244	198	0
2245	210	0
2246	200	0
2247	184	0
2248	185	0
2249	193	0
2250	180	0
2251	196	0
2252	212	0
2253	209	0
2254	217	0
2255	176	0
2256	160	0
2257	215	0
2258	192	0
2259	196	0
2260	203	0
2261	196	0
2262	204	0
2263	196	0
2264	192	0
2265	184	0
2266	213	0
2267	185	0
2268	185	0
2269	173	0
2270	195	0
2271	169	0
2272	209	0
2273	187	0
2274	201	0
2275	214	0
2276	193	0
2277	176	0
2278	209	0
2279	184	0
2280	196	0
2281	200	0
2282	190	0
2283	210	0
2284	231	0
2285	207	0
2286	199	0
2287	183	0
2288	212	0
2289	176	0
2290	199	0
2291	187	0
2292	179	0
2293	210	0
2294	212	0
2295	197	0
2296	186	0
2297	202	0
2298	185	0
2299	206	0
2300	170	0
2301	209	0
2302	193	0
2303	201	0
2304	180	0
2305	192	0
2306	194	0
2307	199	0
2308	187	0
2309	234	0
2310	204	0
2311	205	0
2312	203	0
2313	187	0
2314	201	0
2315	197	0
2316	196	0
2317	182	0
2318	182	0
2319	216	0
2320	192	0
2321	193	0
2322	220	0
2323	177	0
2324	181	0
2325	190	0
2326	193	0
2327	191	0
2328	201	0
2329	197	0
2330	182	0
2331	197	0
2332	204	0
2333	167	0
2334	211	0
2335	216	0
2336	201	0
2337	177	0
2338	195	0
2339	191	0
2340	194	0
2341	235	0
2342	201	0
2343	196	0
2344	181	0
2345	194	0
2346	194	0
2347	203	0
2348	183	0
2349	195	0
2350	229	0
2351	220	0
2352	163	0
2353	211	0
2354	181	0
2355	189	0
2356	204	0
2357	178	0
2358	168	0
2359	185	0
2360	194	0
2361	194	0
2362	219	0
2363	206	0
2364	212	0
2365	207	0
2366	210	0
2367	174	0
2368	207	0
2369	202	0
2370	184	0
2371	198	0
2372	200	0
2373	182	0
2374	202	0
2375	197	0
2376	214	0
2377	197	0
2378	208	0
2379	188	0
2380	188	0
2381	176	0
2382	197	0
2383	176	0
2384	207	0
2385	183	0
2386	233	0
2387	207	0
2388	210	0
2389	218	0
2390	194	0
2391	195	0
2392	167	0
2393	206	0
2394	203	0
2395	198	0
2396	193	0
2397	218	0
2398	201	0
2399	193	0
2400	217	0
2401	174	0
2402	177	0
2403	188	0
2404	219	0
2405	174	0
2406	218	0
2407	185	0
2408	172	0
2409	197	0
2410	195	0
2411	202	0
2412	193	0
2413	193	0
2414	186	0
2415	197	0
2416	170	0
2417	200	0
2418	204	0
2419	209	0
2420	208	0
2421	207	0
2422	175	0
2423	191	0
2424	195	0
2425	196	0
2426	207	0
2427	192	0
2428	202	0
2429	197	0
2430	174	0
2431	204	0
2432	190	0
2433	205	0
2434	204	0
2435	218	0
2436	196	0
2437	204	0
2438	165	0
2439	191	0
2440	205	0
2441	182	0
2442	185	0
2443	199	0
2444	214	0
2445	187	0
2446	204	0
2447	201	0
2448	202	0
2449	202	0
2450	199	0
2451	192	0
2452	179	0
2453	180	0
2454	191	0
2455	190	0
2456	198	0
2457	186	0
2458	184	0
2459	201	0
2460	193	0
2461	183	0
2462	175	0
2463	184	0
2464	203	0
2465	185	0
2466	212	0
2467	211	0
2468	177	0
2469	182	0
2470	230	0
2471	197	0
2472	174	0
2473	221	0
2474	198	0
2475	189	0
2476	213	0
2477	183	0
2478	207	0
2479	185	0
2480	187	0
2481	183	0
2482	192	0
2483	206	0
2484	181	0
2485	198	0
2486	191	0
2487	200	0
2488	218	0
2489	185	0
2490	211	0
2491	193	0
2492	207	0
2493	201	0
2494	209	0
2495	191	0
2496	179	0
2497	198	0
2498	175	0
2499	210	0
2500	200	0
2501	208	0
2502	181	0
2503	184	0
2504	217	0
2505	201	0
2506	184	0
2507	194	0
2508	217	0
2509	186	0
2510	201	0
2511	196	0
2512	184	0
2513	194	0
2514	236	0
2515	191	0
2516	186	0
2517	201	0
2518	182	0
2519	209	0
2520	225	0
2521	181	0
2522	168	0
2523	198	0
2524	185	0
2525	206	0
2526	182	0
2527	197	0
2528	189	0
2529	200	0
2530	214	0
2531	163	0
2532	212	0
2533	189	0
2534	199	0
2535	232	0
2536	200	0
2537	208	0
2538	205	0
2539	217	0
2540	226	0
2541	215	0
2542	213	0
2543	189	0
2544	183	0
2545	204	0
2546	177	0
2547	217	0
2548	184	0
2549	179	0
2550	184	0
2551	203	0
2552	190	0
2553	187	0
2554	191	0
2555	186	0
2556	180	0
2557	197	0
2558	160	0
2559	206	0
2560	218	0
2561	189	0
2562	186	0
2563	198	0
2564	212	0
2565	200	0
2566	179	0
2567	185	0
2568	165	0
2569	175	0
2570	218	0
2571	198	0
2572	198	0
2573	201	0
2574	189	0
2575	192	0
2576	190	0
2577	216	0
2578	209	0
2579	220	0
2580	172	0
2581	208	0
2582	203	0
2583	195	0
2584	174	0
2585	187	0
2586	206	0
2587	207	0
2588	203	0
2589	169	0
2590	200	0
2591	183	0
2592	213	0
2593	180	0
2594	212	0
2595	170	0
2596	190	0
2597	190	0
2598	194	0
2599	186	0
2600	188	0
2601	203	0
2602	210	0
2603	198	0
2604	172	0
2605	174	0
2606	187	0
2607	190	0
2608	201	0
2609	197	0
2610	208	0
2611	219	0
2612	218	0
2613	201	0
2614	186	0
2615	189	0
2616	182	0
2617	178	0
2618	167	0
2619	210	0
2620	225	0
2621	183	0
2622	203	0
2623	207	0
2624	195	0
2625	195	0
2626	206	0
2627	201	0
2628	201	0
2629	202	0
2630	186	0
2631	207	0
2632	179	0
2633	203	0
2634	235	0
2635	205	0
2636	188	0
2637	202	0
2638	181	0
2639	201	0
2640	196	0
2641	209	0
2642	169	0
2643	181	0
2644	190	0
2645	198	0
2646	205	0
2647	173	0
2648	197	0
2649	196	0
2650	200	0
2651	200	0
2652	209	0
2653	197	0
2654	214	0
2655	201	0
2656	186	0
2657	192	0
2658	197	0
2659	194	0
2660	173	0
2661	188	0
2662	198	0
2663	206	0
2664	204	0
2665	182	0
2666	207	0
2667	208	0
2668	160	0
2669	166	0
2670	196	0
2671	177	0
2672	189	0
2673	213	0
2674	189	0
2675	174	0
2676	198	0
2677	211	0
2678	187	0
2679	178	0
2680	217	0
2681	195	0
2682	211	0
2683	199	0
2684	187	0
2685	216	0
2686	198	0
2687	189	0
2688	199	0
2689	183	0
2690	199	0
2691	172	0
2692	192	0
2693	185	0
2694	173	0
2695	190	0
2696	212	0
2697	186	0
2698	199	0
2699	181	0
2700	192	0
2701	211	0
2702	197	0
2703	201	0
2704	174	0
2705	193	0
2706	185	0
2707	191	0
2708	210	0
2709	209	0
2710	203	0
2711	186	0
2712	169	0
2713	176	0
2714	200	0
2715	193	0
2716	186	0
2717	218	0
2718	211	0
2719	207	0
2720	181	0
2721	231	0
2722	188	0
2723	196	0
2724	193	0
2725	210	0
2726	188	0
2727	188	0
2728	198	0
2729	232	0
2730	209	0
2731	207	0
2732	188	0
2733	183	0
2734	195	0
2735	172	0
2736	173	0
2737	188	0
2738	174	0
2739	191	0
2740	181	0
2741	203	0
2742	189	0
2743	188	0
2744	196	0
2745	193	0
2746	177	0
2747	196	0
2748	189	0
2749	221	0
2750	212	0
2751	183	0
2752	205	0
2753	176	0
2754	196	0
2755	189	0
2756	223	0
2757	184	0
2758	191	0
2759	177	0
2760	193	0
2761	203	0
2762	203	0
2763	224	0
2764	185	0
2765	181	0
2766	189	0
2767	189	0
2768	166	0
2769	174	0
2770	188	0
2771	192	0
2772	190	0
2773	179	0
2774	179	0
2775	196	0
2776	200	0
2777	200	0
2778	193	0
2779	167	0
2780	184	0
2781	189	0
2782	211	0
2783	214	0
2784	181	0
2785	201	0
2786	210	0
2787	205	0
2788	180	0
2789	199	0
2790	190	0
2791	180	0
2792	193	0
2793	204	0
2794	190	0
2795	195	0
2796	198	0
2797	200	0
2798	205	0
2799	174	0
2800	203	0
2801	208	0
2802	205	0
2803	190	0
2804	200	0
2805	194	0
2806	196	0
2807	185	0
2808	201	0
2809	212	0
2810	194	0
2811	196	0
2812	201	0
2813	210	0
2814	208	0
2815	192	0
2816	193	0
2817	203	0
2818	198	0
2819	195	0
2820	192	0
2821	185	0
2822	173	0
2823	196	0
2824	211	0
2825	190	0
2826	199	0
2827	193	0
2828	199	0
2829	213	0
2830	190	0
2831	188	0
2832	201	0
2833	160	0
2834	198	0
2835	186	0
2836	181	0
2837	211	0
2838	185	0
2839	187	0
2840	214	0
2841	188	0
2842	212	0
2843	192	0
2844	176	0
2845	200	0
2846	196	0
2847	181	0
2848	168	0
2849	162	0
2850	190	0
2851	181	0
2852	189	0
2853	165	0
2854	188	0
2855	175	0
2856	201	0
2857	191	0
2858	197	0
2859	204	0
2860	220	0
2861	200	0
2862	194	0
2863	199	0
2864	190	0
2865	189	0
2866	190	0
2867	184	0
2868	197	0
2869	171	0
2870	205	0
2871	223	0
2872	205	0
2873	188	0
2874	190	0
2875	191	0
2876	187	0
2877	164	0
2878	191	0
2879	200	0
2880	187	0
2881	182	0
2882	183	0
2883	189	0
2884	200	0
2885	170	0
2886	193	0
2887	212	0
2888	224	0
2889	192	0
2890	201	0
2891	194	0
2892	188	0
2893	195	0
2894	197	0
2895	231	0
2896	219	0
2897	202	0
2898	198	0
2899	210	0
2900	223	0
2901	189	0
2902	204	0
2903	220	0
2904	217	0
2905	184	0
2906	211	0
2907	208	0
2908	196	0
2909	203	0
2910	184	0
2911	189	0
2912	205	0
2913	206	0
2914	186	0
2915	178	0
2916	179	0
2917	224	0
2918	162	0
2919	193	0
2920	196	0
2921	196	0
2922	184	0
2923	191	0
2924	186	0
2925	185	0
2926	212	0
2927	170	0
2928	175	0
2929	174	0
2930	215	0
2931	206	0
2932	200	0
2933	188	0
2934	186	0
2935	213	0
2936	182	0
2937	181	0
2938	182	0
2939	192	0
2940	207	0
2941	221	0
2942	216	0
2943	187	0
2944	177	0
2945	184	0
2946	199	0
2947	194	0
2948	180	0
2949	211	0
2950	209	0
2951	180	0
2952	225	0
2953	201	0
2954	200	0
2955	208	0
2956	184	0
2957	194	0
2958	187	0
2959	244	0
2960	199	0
2961	190	0
2962	201	0
2963	221	0
2964	164	0
2965	200	0
2966	183	0
2967	196	0
2968	189	0
2969	213	0
2970	221	0
2971	216	0
2972	224	0
2973	202	0
2974	203	0
2975	191	0
2976	184	0
2977	218	0
2978	169	0
2979	183	0
2980	197	0
2981	195	0
2982	208	0
2983	196	0
2984	196	0
2985	238	0
2986	230	0
2987	181	0
2988	163	0
2989	200	0
2990	177	0
2991	190	0
2992	214	0
2993	183	0
2994	203	0
2995	193	0
2996	210	0
2997	176	0
2998	183	0
2999	211	0
3000	190	0
