1	178	0
2	224	0
3	192	0
4	198	0
5	198	0
6	192	0
7	200	0
8	185	0
9	204	0
10	202	0
11	201	0
12	217	0
13	187	0
14	193	0
15	190	0
16	189	0
17	203	0
18	214	0
19	204	0
20	172	0
21	190	0
22	193	0
23	193	0
24	207	0
25	190	0
26	193	0
27	183	0
28	178	0
29	205	0
30	201	0
31	181	0
32	199	0
33	203	0
34	176	0
35	212	0
36	215	0
37	208	0
38	202	0
39	175	0
40	194	0
41	202	0
42	215	0
43	205	0
44	208	0
45	201	0
46	167	0
47	220	0
48	179	0
49	195	0
50	195	0
51	198	0
52	189	0
53	174	0
54	185	0
55	206	0
56	188	0
57	192	0
58	176	0
59	190	0
60	193	0
61	157	0
62	190	0
63	194	0
64	204	0
65	215	0
66	161	0
67	178	0
68	176	0
69	217	0
70	182	0
71	199	0
72	190	0
73	213	0
74	211	0
75	219	0
76	224	0
77	200	0
78	196	0
79	212	0
80	162	0
81	200	0
82	185	0
83	186	0
84	205	0
85	202	0
86	201	0
87	193	0
88	193	0
89	206	0
90	194	0
91	204	0
92	211	0
93	204	0
94	189	0
95	211	0
96	194	0
97	208	0
98	200	0
99	190	0
100	186	0
101	209	0
102	184	0
103	177	0
104	191	0
105	213	0
106	186	0
107	201	0
108	195	0
109	217	0
110	171	0
111	192	0
112	207	0
113	213	0
114	200	0
115	196	0
116	198	0
117	195	0
118	192	0
119	190	0
120	185	0
121	190	0
122	210	0
123	195	0
124	189	0
125	205	0
126	195	0
127	185	0
128	200	0
129	201	0
130	198	0
131	194	0
132	197	0
133	177	0
134	195	0
135	207	0
136	165	0
137	187	0
138	201	0
139	176	0
140	205	0
141	194	0
142	179	0
143	203	0
144	200	0
145	205	0
146	210	0
147	173	0
148	195	0
149	221	0
150	201	0
151	215	0
152	199	0
153	194	0
154	206	0
155	204	0
156	189	0
157	181	0
158	204	0
159	192	0
160	215	0
161	194	0
162	222	0
163	212	0
164	194	0
165	192	0
166	210	0
167	217	0
168	170	0
169	208	0
170	196	0
171	178	0
172	194	0
173	191	0
174	200	0
175	205	0
176	191	0
177	202	0
178	204	0
179	212	0
180	208	0
181	197	0
182	185	0
183	206	0
184	181	0
185	190	0
186	203	0
187	213	0
188	159	0
189	196	0
190	189	0
191	179	0
192	176	0
193	192	0
194	200	0
195	184	0
196	201	0
197	201	0
198	193	0
199	194	0
200	196	0
201	237	0
202	185	0
203	197	0
204	207	0
205	190	0
206	224	0
207	211	0
208	181	0
209	196	0
210	190	0
211	204	0
212	195	0
213	223	0
214	226	0
215	187	0
216	209	0
217	195	0
218	196	0
219	219	0
220	162	0
221	200	0
222	201	0
223	187	0
224	190	0
225	213	0
226	173	0
227	193	0
228	199	0
229	202	0
230	210	0
231	212	0
232	225	0
233	188	0
234	194	0
235	210	0
236	186	0
237	193	0
238	196	0
239	191	0
240	213	0
241	182	0
242	196	0
243	186	0
244	171	0
245	210	0
246	217	0
247	187	0
248	208	0
249	192	0
250	188	0
251	205	0
252	199	0
253	217	0
254	211	0
255	189	0
256	198	0
257	204	0
258	199	0
259	181	0
260	202	0
261	201	0
262	199	0
263	176	0
264	176	0
265	212	0
266	200	0
267	188	0
268	185	0
269	200	0
270	228	0
271	194	0
272	198	0
273	192	0
274	216	0
275	194	0
276	179	0
277	215	0
278	211	0
279	195	0
280	193	0
281	185	0
282	228	0
283	202	0
284	216	0
285	211	0
286	174	0
287	205	0
288	235	0
289	189	0
290	204	0
291	184	0
292	212	0
293	205	0
294	196	0
295	193	0
296	183	0
297	182	0
298	195	0
299	207	0
300	186	0
301	202	0
302	191	0
303	193	0
304	197	0
305	203	0
306	179	0
307	182	0
308	190	0
309	179	0
310	213	0
311	215	0
312	209	0
313	187	0
314	182	0
315	217	0
316	190	0
317	209	0
318	220	0
319	193	0
320	196	0
321	206	0
322	197	0
323	188	0
324	200	0
325	216	0
326	178	0
327	192	0
328	185	0
329	214	0
330	211	0
331	222	0
332	222	0
333	190	0
334	201	0
335	177	0
336	220	0
337	193	0
338	192	0
339	210	0
340	222	0
341	217	0
342	224	0
343	173	0
344	211	0
345	166	0
346	186	0
347	228	0
348	167	0
349	221	0
350	216	0
351	196	0
352	197	0
353	211	0
354	203	0
355	232	0
356	212	0
357	182	0
358	186	0
359	185	0
360	211	0
361	171	0
362	173	0
363	198	0
364	201	0
365	211	0
366	216	0
367	205	0
368	189	0
369	206	0
370	183	0
371	210	0
372	189	0
373	212	0
374	191	0
375	208	0
376	184	0
377	195	0
378	203	0
379	208	0
380	196	0
381	230	0
382	227	0
383	196	0
384	209	0
385	238	0
386	187	0
387	193	0
388	226	0
389	192	0
390	198	0
391	190	0
392	198	0
393	210	0
394	183	0
395	201	0
396	184	0
397	181	0
398	215	0
399	209	0
400	208	0
401	197	0
402	210	0
403	194	0
404	210	0
405	186	0
406	192	0
407	177	0
408	197	0
409	184	0
410	197	0
411	206	0
412	190	0
413	192	0
414	201	0
415	173	0
416	215	0
417	206	0
418	184	0
419	173	0
420	210	0
421	193	0
422	187	0
423	221	0
424	180	0
425	167	0
426	187	0
427	202	0
428	201	0
429	184	0
430	213	0
431	211	0
432	204	0
433	195	0
434	174	0
435	169	0
436	201	0
437	203	0
438	210	0
439	180	0
440	170	0
441	165	0
442	215	0
443	220	0
444	161	0
445	195	0
446	193	0
447	196	0
448	200	0
449	193	0
450	195	0
451	192	0
452	213	0
453	173	0
454	185	0
455	203	0
456	196	0
457	195	0
458	185	0
459	184	0
460	210	0
461	205	0
462	214	0
463	186	0
464	164	0
465	194	0
466	179	0
467	175	0
468	224	0
469	180	0
470	233	0
471	221	0
472	175	0
473	216	0
474	172	0
475	196	0
476	184	0
477	199	0
478	209	0
479	199	0
480	184	0
481	195	0
482	181	0
483	193	0
484	189	0
485	213	0
486	177	0
487	196	0
488	188	0
489	192	0
490	196	0
491	188	0
492	209	0
493	181	0
494	210	0
495	196	0
496	221	0
497	186	0
498	215	0
499	226	0
500	188	0
501	204	0
502	198	0
503	227	0
504	222	0
505	182	0
506	212	0
507	202	0
508	180	0
509	190	0
510	200	0
511	213	0
512	200	0
513	204	0
514	216	0
515	206	0
516	167	0
517	222	0
518	212	0
519	223	0
520	203	0
521	188	0
522	226	0
523	220	0
524	184	0
525	195	0
526	186	0
527	206	0
528	208	0
529	219	0
530	208	0
531	177	0
532	223	0
533	221	0
534	205	0
535	206	0
536	189	0
537	218	0
538	209	0
539	218	0
540	216	0
541	198	0
542	192	0
543	200	0
544	195	0
545	207	0
546	207	0
547	188	0
548	183	0
549	191	0
550	189	0
551	181	0
552	188	0
553	204	0
554	199	0
555	220	0
556	212	0
557	196	0
558	197	0
559	202	0
560	232	0
561	174	0
562	199	0
563	208	0
564	211	0
565	203	0
566	198	0
567	195	0
568	206	0
569	214	0
570	195	0
571	202	0
572	191	0
573	189	0
574	176	0
575	204	0
576	215	0
577	228	0
578	190	0
579	190	0
580	196	0
581	198	0
582	199	0
583	220	0
584	210	0
585	205	0
586	219	0
587	223	0
588	203	0
589	195	0
590	192	0
591	181	0
592	183	0
593	210	0
594	177	0
595	195	0
596	171	0
597	215	0
598	225	0
599	215	0
600	195	0
601	177	0
602	197	0
603	196	0
604	183	0
605	195	0
606	205	0
607	198	0
608	213	0
609	184	0
610	199	0
611	193	0
612	188	0
613	208	0
614	183	0
615	185	0
616	205	0
617	209	0
618	226	0
619	184	0
620	203	0
621	188	0
622	204	0
623	214	0
624	170	0
625	198	0
626	190	0
627	173	0
628	198	0
629	209	0
630	177	0
631	180	0
632	214	0
633	202	0
634	216	0
635	202	0
636	217	0
637	212	0
638	187	0
639	179	0
640	215	0
641	190	0
642	181	0
643	190	0
644	193	0
645	185	0
646	186	0
647	195	0
648	175	0
649	187	0
650	190	0
651	198	0
652	188	0
653	219	0
654	199	0
655	180	0
656	222	0
657	217	0
658	193	0
659	207	0
660	201	0
661	197	0
662	195	0
663	218	0
664	202	0
665	197	0
666	196	0
667	204	0
668	189	0
669	211	0
670	224	0
671	180	0
672	196	0
673	216	0
674	200	0
675	198	0
676	171	0
677	217	0
678	230	0
679	206	0
680	203	0
681	198	0
682	205	0
683	231	0
684	181	0
685	194	0
686	215	0
687	216	0
688	213	0
689	211	0
690	191	0
691	204	0
692	208	0
693	180	0
694	196	0
695	164	0
696	200	0
697	225	0
698	206	0
699	212	0
700	199	0
701	194	0
702	212	0
703	198	0
704	194	0
705	207	0
706	224	0
707	228	0
708	190	0
709	197	0
710	192	0
711	206	0
712	187	0
713	195	0
714	178	0
715	214	0
716	196	0
717	202	0
718	208	0
719	197	0
720	198	0
721	232	0
722	203	0
723	184	0
724	194	0
725	199	0
726	189	0
727	192	0
728	177	0
729	203	0
730	213	0
731	221	0
732	190	0
733	185	0
734	224	0
735	181	0
736	174	0
737	202	0
738	214	0
739	212	0
740	189	0
741	195	0
742	213	0
743	230	0
744	199	0
745	200	0
746	230	0
747	183	0
748	196	0
749	211	0
750	216	0
751	179	0
752	189	0
753	214	0
754	199	0
755	208	0
756	214	0
757	182	0
758	191	0
759	224	0
760	182	0
761	203	0
762	212	0
763	181	0
764	207	0
765	202	0
766	200	0
767	200	0
768	213	0
769	180	0
770	196	0
771	210	0
772	189	0
773	192	0
774	213	0
775	179	0
776	214	0
777	174	0
778	193	0
779	212	0
780	196	0
781	206	0
782	198	0
783	211	0
784	213	0
785	172	0
786	230	0
787	181	0
788	187	0
789	192	0
790	209	0
791	205	0
792	201	0
793	229	0
794	209	0
795	209	0
796	202	0
797	187	0
798	185	0
799	188	0
800	212	0
801	184	0
802	207	0
803	191	0
804	205	0
805	200	0
806	173	0
807	168	0
808	184	0
809	187	0
810	224	0
811	204	0
812	208	0
813	198	0
814	187	0
815	206	0
816	196	0
817	199	0
818	177	0
819	179	0
820	198	0
821	218	0
822	220	0
823	213	0
824	210	0
825	172	0
826	190	0
827	209	0
828	201	0
829	202	0
830	190	0
831	182	0
832	187	0
833	189	0
834	198	0
835	182	0
836	189	0
837	184	0
838	237	0
839	197	0
840	212	0
841	188	0
842	186	0
843	191	0
844	202	0
845	200	0
846	206	0
847	206	0
848	182	0
849	195	0
850	217	0
851	179	0
852	190	0
853	203	0
854	192	0
855	173	0
856	193	0
857	196	0
858	198	0
859	173	0
860	182	0
861	191	0
862	173	0
863	205	0
864	214	0
865	186	0
866	194	0
867	198	0
868	197	0
869	195	0
870	182	0
871	188	0
872	211	0
873	191	0
874	226	0
875	201	0
876	197	0
877	223	0
878	181	0
879	183	0
880	210	0
881	214	0
882	196	0
883	228	0
884	165	0
885	200	0
886	198	0
887	193	0
888	177	0
889	199	0
890	213	0
891	195	0
892	215	0
893	215	0
894	231	0
895	211	0
896	177	0
897	210	0
898	191	0
899	224	0
900	210	0
901	187	0
902	183	0
903	224	0
904	193	0
905	226	0
906	205	0
907	210	0
908	196	0
909	210	0
910	191	0
911	194	0
912	214	0
913	204	0
914	209	0
915	208	0
916	212	0
917	191	0
918	203	0
919	189	0
920	182	0
921	183	0
922	197	0
923	193	0
924	186	0
925	208	0
926	223	0
927	177	0
928	204	0
929	195	0
930	202	0
931	193	0
932	240	0
933	194	0
934	198	0
935	197	0
936	175	0
937	195	0
938	222	0
939	193	0
940	211	0
941	217	0
942	200	0
943	205	0
944	198	0
945	216	0
946	214	0
947	204	0
948	202	0
949	222	0
950	227	0
951	210	0
952	182	0
953	218	0
954	182	0
955	190	0
956	191	0
957	198	0
958	200	0
959	176	0
960	175	0
961	197	0
962	197	0
963	186	0
964	179	0
965	180	0
966	208	0
967	195	0
968	175	0
969	162	0
970	195	0
971	188	0
972	191	0
973	185	0
974	203	0
975	191	0
976	173	0
977	170	0
978	223	0
979	179	0
980	222	0
981	225	0
982	219	0
983	220	0
984	175	0
985	201	0
986	214	0
987	175	0
988	212	0
989	187	0
990	200	0
991	199	0
992	201	0
993	182	0
994	198	0
995	214	0
996	198	0
997	210	0
998	211	0
999	181	0
1000	207	0
1001	210	0
1002	206	0
1003	200	0
1004	213	0
1005	181	0
1006	194	0
1007	199	0
1008	185	0
1009	181	0
1010	213	0
1011	225	0
1012	206	0
1013	198	0
1014	198	0
1015	207	0
1016	207	0
1017	201	0
1018	189	0
1019	197	0
1020	226	0
1021	190	0
1022	192	0
1023	229	0
1024	198	0
1025	204	0
1026	202	0
1027	230	0
1028	216	0
1029	210	0
1030	204	0
1031	189	0
1032	220	0
1033	209	0
1034	191	0
1035	213	0
1036	212	0
1037	193	0
1038	213	0
1039	195	0
1040	207	0
1041	207	0
1042	182	0
1043	181	0
1044	222	0
1045	218	0
1046	198	0
1047	184	0
1048	190	0
1049	183	0
1050	205	0
1051	189	0
1052	192	0
1053	191	0
1054	192	0
1055	192	0
1056	198	0
1057	189	0
1058	186	0
1059	182	0
1060	229	0
1061	219	0
1062	187	0
1063	196	0
1064	219	0
1065	197	0
1066	218	0
1067	199	0
1068	167	0
1069	199	0
1070	176	0
1071	210	0
1072	183	0
1073	194	0
1074	229	0
1075	209	0
1076	198	0
1077	209	0
1078	201	0
1079	229	0
1080	183	0
1081	199	0
1082	206	0
1083	160	0
1084	207	0
1085	209	0
1086	191	0
1087	188	0
1088	216	0
1089	216	0
1090	187	0
1091	197	0
1092	186	0
1093	191	0
1094	193	0
1095	237	0
1096	192	0
1097	193	0
1098	217	0
1099	189	0
1100	189	0
1101	207	0
1102	176	0
1103	183	0
1104	214	0
1105	186	0
1106	218	0
1107	208	0
1108	200	0
1109	215	0
1110	184	0
1111	199	0
1112	204	0
1113	193	0
1114	215	0
1115	214	0
1116	172	0
1117	221	0
1118	187	0
1119	204	0
1120	189	0
1121	220	0
1122	193	0
1123	209	0
1124	205	0
1125	207	0
1126	201	0
1127	195	0
1128	212	0
1129	196	0
1130	197	0
1131	190	0
1132	196	0
1133	234	0
1134	184	0
1135	209	0
1136	223	0
1137	200	0
1138	191	0
1139	204	0
1140	234	0
1141	180	0
1142	167	0
1143	208	0
1144	189	0
1145	203	0
1146	213	0
1147	191	0
1148	203	0
1149	223	0
1150	164	0
1151	207	0
1152	192	0
1153	201	0
1154	213	0
1155	213	0
1156	178	0
1157	201	0
1158	213	0
1159	188	0
1160	212	0
1161	215	0
1162	197	0
1163	182	0
1164	184	0
1165	203	0
1166	216	0
1167	207	0
1168	196	0
1169	198	0
1170	186	0
1171	175	0
1172	219	0
1173	191	0
1174	184	0
1175	198	0
1176	216	0
1177	202	0
1178	193	0
1179	206	0
1180	193	0
1181	200	0
1182	219	0
1183	202	0
1184	173	0
1185	214	0
1186	202	0
1187	207	0
1188	222	0
1189	221	0
1190	186	0
1191	218	0
1192	191	0
1193	206	0
1194	207	0
1195	208	0
1196	189	0
1197	226	0
1198	208	0
1199	199	0
1200	196	0
1201	192	0
1202	169	0
1203	181	0
1204	186	0
1205	211	0
1206	191	0
1207	186	0
1208	206	0
1209	225	0
1210	222	0
1211	184	0
1212	216	0
1213	191	0
1214	198	0
1215	157	0
1216	189	0
1217	171	0
1218	192	0
1219	197	0
1220	202	0
1221	192	0
1222	196	0
1223	172	0
1224	199	0
1225	213	0
1226	223	0
1227	176	0
1228	212	0
1229	201	0
1230	215	0
1231	185	0
1232	196	0
1233	206	0
1234	201	0
1235	179	0
1236	191	0
1237	210	0
1238	205	0
1239	187	0
1240	209	0
1241	216	0
1242	210	0
1243	172	0
1244	202	0
1245	200	0
1246	206	0
1247	180	0
1248	200	0
1249	206	0
1250	225	0
1251	192	0
1252	166	0
1253	182	0
1254	221	0
1255	189	0
1256	206	0
1257	217	0
1258	179	0
1259	180	0
1260	194	0
1261	190	0
1262	190	0
1263	193	0
1264	213	0
1265	219	0
1266	191	0
1267	199	0
1268	209	0
1269	175	0
1270	179	0
1271	206	0
1272	180	0
1273	180	0
1274	181	0
1275	196	0
1276	186	0
1277	202	0
1278	197	0
1279	178	0
1280	199	0
1281	193	0
1282	223	0
1283	207	0
1284	199	0
1285	201	0
1286	186	0
1287	191	0
1288	205	0
1289	182	0
1290	187	0
1291	182	0
1292	197	0
1293	158	0
1294	190	0
1295	189	0
1296	195	0
1297	177	0
1298	193	0
1299	180	0
1300	215	0
1301	254	0
1302	198	0
1303	231	0
1304	189	0
1305	181	0
1306	198	0
1307	210	0
1308	214	0
1309	198	0
1310	192	0
1311	209	0
1312	205	0
1313	218	0
1314	205	0
1315	234	0
1316	206	0
1317	175	0
1318	165	0
1319	225	0
1320	180	0
1321	240	0
1322	195	0
1323	208	0
1324	218	0
1325	200	0
1326	208	0
1327	186	0
1328	201	0
1329	203	0
1330	232	0
1331	200	0
1332	211	0
1333	178	0
1334	187	0
1335	197	0
1336	189	0
1337	196	0
1338	207	0
1339	198	0
1340	199	0
1341	199	0
1342	221	0
1343	188	0
1344	221	0
1345	196	0
1346	177	0
1347	191	0
1348	182	0
1349	170	0
1350	206	0
1351	192	0
1352	176	0
1353	181	0
1354	190	0
1355	185	0
1356	211	0
1357	189	0
1358	203	0
1359	213	0
1360	208	0
1361	196	0
1362	208	0
1363	217	0
1364	200	0
1365	226	0
1366	211	0
1367	201	0
1368	219	0
1369	205	0
1370	221	0
1371	192	0
1372	201	0
1373	192	0
1374	200	0
1375	204	0
1376	191	0
1377	186	0
1378	211	0
1379	186	0
1380	177	0
1381	192	0
1382	206	0
1383	196	0
1384	208	0
1385	206	0
1386	196	0
1387	199	0
1388	197	0
1389	215	0
1390	181	0
1391	174	0
1392	187	0
1393	187	0
1394	183	0
1395	166	0
1396	211	0
1397	196	0
1398	176	0
1399	182	0
1400	234	0
1401	209	0
1402	195	0
1403	191	0
1404	200	0
1405	190	0
1406	204	0
1407	174	0
1408	198	0
1409	190	0
1410	207	0
1411	183	0
1412	212	0
1413	240	0
1414	201	0
1415	215	0
1416	228	0
1417	223	0
1418	195	0
1419	208	0
1420	212	0
1421	219	0
1422	203	0
1423	222	0
1424	197	0
1425	199	0
1426	189	0
1427	182	0
1428	204	0
1429	200	0
1430	186	0
1431	197	0
1432	191	0
1433	205	0
1434	193	0
1435	222	0
1436	184	0
1437	195	0
1438	199	0
1439	216	0
1440	204	0
1441	203	0
1442	179	0
1443	200	0
1444	212	0
1445	204	0
1446	195	0
1447	211	0
1448	188	0
1449	186	0
1450	201	0
1451	200	0
1452	197	0
1453	193	0
1454	201	0
1455	226	0
1456	192	0
1457	191	0
1458	221	0
1459	208	0
1460	201	0
1461	201	0
1462	187	0
1463	209	0
1464	192	0
1465	193	0
1466	206	0
1467	222	0
1468	180	0
1469	202	0
1470	179	0
1471	213	0
1472	206	0
1473	205	0
1474	186	0
1475	231	0
1476	213	0
1477	210	0
1478	237	0
1479	204	0
1480	205	0
1481	206	0
1482	176	0
1483	200	0
1484	176	0
1485	204	0
1486	220	0
1487	209	0
1488	194	0
1489	205	0
1490	183	0
1491	204	0
1492	174	0
1493	214	0
1494	205	0
1495	181	0
1496	192	0
1497	205	0
1498	198	0
1499	212	0
1500	189	0
1501	207	0
1502	187	0
1503	185	0
1504	186	0
1505	183	0
1506	205	0
1507	195	0
1508	180	0
1509	207	0
1510	203	0
1511	192	0
1512	198	0
1513	195	0
1514	189	0
1515	156	0
1516	186	0
1517	185	0
1518	168	0
1519	205	0
1520	165	0
1521	226	0
1522	209	0
1523	201	0
1524	224	0
1525	210	0
1526	181	0
1527	219	0
1528	175	0
1529	189	0
1530	204	0
1531	200	0
1532	206	0
1533	191	0
1534	186	0
1535	231	0
1536	169	0
1537	184	0
1538	208	0
1539	202	0
1540	204	0
1541	192	0
1542	197	0
1543	212	0
1544	192	0
1545	226	0
1546	212	0
1547	205	0
1548	193	0
1549	194	0
1550	169	0
1551	189	0
1552	177	0
1553	182	0
1554	207	0
1555	185	0
1556	179	0
1557	196	0
1558	211	0
1559	194	0
1560	196	0
1561	200	0
1562	179	0
1563	189	0
1564	188	0
1565	192	0
1566	199	0
1567	168	0
1568	200	0
1569	200	0
1570	180	0
1571	185	0
1572	182	0
1573	193	0
1574	230	0
1575	213	0
1576	177	0
1577	200	0
1578	214	0
1579	175	0
1580	185	0
1581	182	0
1582	172	0
1583	216	0
1584	189	0
1585	213	0
1586	196	0
1587	169	0
1588	193	0
1589	191	0
1590	173	0
1591	187	0
1592	196	0
1593	173	0
1594	201	0
1595	196	0
1596	185	0
1597	202	0
1598	216	0
1599	197	0
1600	191	0
1601	173	0
1602	164	0
1603	211	0
1604	201	0
1605	194	0
1606	192	0
1607	185	0
1608	198	0
1609	206	0
1610	207	0
1611	206	0
1612	228	0
1613	199	0
1614	200	0
1615	189	0
1616	214	0
1617	210	0
1618	222	0
1619	212	0
1620	204	0
1621	197	0
1622	231	0
1623	190	0
1624	195	0
1625	219	0
1626	200	0
1627	198	0
1628	204	0
1629	199	0
1630	188	0
1631	196	0
1632	178	0
1633	225	0
1634	192	0
1635	216	0
1636	201	0
1637	189	0
1638	206	0
1639	191	0
1640	182	0
1641	205	0
1642	172	0
1643	234	0
1644	200	0
1645	182	0
1646	188	0
1647	191	0
1648	203	0
1649	201	0
1650	229	0
1651	204	0
1652	217	0
1653	214	0
1654	186	0
1655	195	0
1656	217	0
1657	203	0
1658	172	0
1659	181	0
1660	196	0
1661	194	0
1662	176	0
1663	202	0
1664	196	0
1665	188	0
1666	181	0
1667	187	0
1668	201	0
1669	205	0
1670	196	0
1671	187	0
1672	202	0
1673	177	0
1674	210	0
1675	168	0
1676	216	0
1677	167	0
1678	187	0
1679	191	0
1680	186	0
1681	190	0
1682	196	0
1683	189	0
1684	183	0
1685	182	0
1686	190	0
1687	225	0
1688	208	0
1689	186	0
1690	182	0
1691	182	0
1692	193	0
1693	215	0
1694	192	0
1695	197	0
1696	181	0
1697	224	0
1698	195	0
1699	193	0
1700	192	0
1701	204	0
1702	189	0
1703	205	0
1704	195	0
1705	207	0
1706	191	0
1707	238	0
1708	204	0
1709	199	0
1710	193	0
1711	192	0
1712	201	0
1713	196	0
1714	182	0
1715	224	0
1716	199	0
1717	204	0
1718	182	0
1719	173	0
1720	184	0
1721	222	0
1722	211	0
1723	204	0
1724	188	0
1725	187	0
1726	219	0
1727	204	0
1728	243	0
1729	179	0
1730	171	0
1731	186	0
1732	202	0
1733	177	0
1734	214	0
1735	171	0
1736	198	0
1737	202	0
1738	179	0
1739	192	0
1740	197	0
1741	175	0
1742	214	0
1743	187	0
1744	170	0
1745	215	0
1746	191	0
1747	199	0
1748	222	0
1749	188	0
1750	220	0
1751	213	0
1752	208	0
1753	194	0
1754	184	0
1755	189	0
1756	185	0
1757	207	0
1758	189	0
1759	200	0
1760	188	0
1761	206	0
1762	201	0
1763	193	0
1764	240	0
1765	187	0
1766	190	0
1767	216	0
1768	196	0
1769	200	0
1770	188	0
1771	176	0
1772	204	0
1773	189	0
1774	209	0
1775	173	0
1776	228	0
1777	198	0
1778	200	0
1779	212	0
1780	190	0
1781	183	0
1782	222	0
1783	195	0
1784	191	0
1785	186	0
1786	200	0
1787	212	0
1788	193	0
1789	190	0
1790	190	0
1791	215	0
1792	190	0
1793	194	0
1794	200	0
1795	202	0
1796	202	0
1797	200	0
1798	189	0
1799	207	0
1800	198	0
1801	180	0
1802	217	0
1803	202	0
1804	193	0
1805	193	0
1806	188	0
1807	190	0
1808	192	0
1809	189	0
1810	191	0
1811	195	0
1812	196	0
1813	190	0
1814	186	0
1815	202	0
1816	190	0
1817	187	0
1818	209	0
1819	195	0
1820	213	0
1821	199	0
1822	197	0
1823	170	0
1824	198	0
1825	212	0
1826	167	0
1827	212	0
1828	209	0
1829	202	0
1830	204	0
1831	194	0
1832	218	0
1833	194	0
1834	187	0
1835	207	0
1836	169	0
1837	194	0
1838	187	0
1839	202	0
1840	192	0
1841	208	0
1842	204	0
1843	196	0
1844	180	0
1845	216	0
1846	184	0
1847	199	0
1848	203	0
1849	184	0
1850	190	0
1851	191	0
1852	202	0
1853	243	0
1854	195	0
1855	209	0
1856	172	0
1857	205	0
1858	170	0
1859	182	0
1860	209	0
1861	194	0
1862	203	0
1863	231	0
1864	204	0
1865	191	0
1866	185	0
1867	234	0
1868	199	0
1869	212	0
1870	200	0
1871	176	0
1872	180	0
1873	250	0
1874	196	0
1875	186	0
1876	189	0
1877	206	0
1878	177	0
1879	221	0
1880	172	0
1881	199	0
1882	185	0
1883	204	0
1884	206	0
1885	187	0
1886	201	0
1887	196	0
1888	212	0
1889	198	0
1890	200	0
1891	204	0
1892	213	0
1893	199	0
1894	202	0
1895	175	0
1896	193	0
1897	218	0
1898	216	0
1899	202	0
1900	193	0
1901	170	0
1902	202	0
1903	207	0
1904	197	0
1905	184	0
1906	213	0
1907	192	0
1908	200	0
1909	218	0
1910	211	0
1911	201	0
1912	214	0
1913	178	0
1914	192	0
1915	175	0
1916	180	0
1917	189	0
1918	219	0
1919	175	0
1920	204	0
1921	173	0
1922	212	0
1923	201	0
1924	182	0
1925	218	0
1926	199	0
1927	194	0
1928	200	0
1929	201	0
1930	190	0
1931	195	0
1932	195	0
1933	171	0
1934	210	0
1935	196	0
1936	176	0
1937	201	0
1938	173	0
1939	214	0
1940	211	0
1941	199	0
1942	188	0
1943	207	0
1944	204	0
1945	195	0
1946	227	0
1947	213	0
1948	168	0
1949	196	0
1950	199	0
1951	180	0
1952	186	0
1953	173	0
1954	201	0
1955	191	0
1956	225	0
1957	205	0
1958	195	0
1959	187	0
1960	204	0
1961	191	0
1962	183	0
1963	221	0
1964	193	0
1965	204	0
1966	205	0
1967	169	0
1968	204	0
1969	212	0
1970	217	0
1971	202	0
1972	210	0
1973	184	0
1974	181	0
1975	183	0
1976	191	0
1977	231	0
1978	183	0
1979	222	0
1980	191	0
1981	190	0
1982	201	0
1983	214	0
1984	201	0
1985	197	0
1986	181	0
1987	203	0
1988	199	0
1989	217	0
1990	202	0
1991	210	0
1992	200	0
1993	218	0
1994	187	0
1995	200	0
1996	197	0
1997	196	0
1998	229	0
1999	196	0
2000	203	0
2001	182	0
2002	199	0
2003	183	0
2004	193	0
2005	207	0
2006	181	0
2007	194	0
2008	218	0
2009	173	0
2010	234	0
2011	178	0
2012	211	0
2013	198	0
2014	186	0
2015	165	0
2016	207	0
2017	231	0
2018	192	0
2019	205	0
2020	209	0
2021	200	0
2022	205	0
2023	186	0
2024	178	0
2025	206	0
2026	180	0
2027	205	0
2028	195	0
2029	227	0
2030	216	0
2031	183	0
2032	182	0
2033	215	0
2034	181	0
2035	178	0
2036	199	0
2037	203	0
2038	179	0
2039	185	0
2040	184	0
2041	210	0
2042	217	0
2043	193	0
2044	201	0
2045	182	0
2046	194	0
2047	196	0
2048	205	0
2049	208	0
2050	204	0
2051	200	0
2052	210	0
2053	210	0
2054	206	0
2055	199	0
2056	200	0
2057	189	0
2058	190	0
2059	186	0
2060	206	0
2061	224	0
2062	190	0
2063	214	0
2064	185	0
2065	171	0
2066	202	0
2067	221	0
2068	251	0
2069	194	0
2070	189	0
2071	237	0
2072	192	0
2073	229	0
2074	211	0
2075	237	0
2076	192	0
2077	190	0
2078	213	0
2079	208	0
2080	167	0
2081	190	0
2082	193	0
2083	204	0
2084	176	0
2085	196	0
2086	200	0
2087	203	0
2088	201	0
2089	213	0
2090	190	0
2091	208	0
2092	180	0
2093	199	0
2094	189	0
2095	196	0
2096	192	0
2097	200	0
2098	208	0
2099	189	0
2100	210	0
2101	191	0
2102	198	0
2103	162	0
2104	205	0
2105	187	0
2106	205	0
2107	198	0
2108	183	0
2109	192	0
2110	179	0
2111	194	0
2112	178	0
2113	197	0
2114	205	0
2115	186	0
2116	189	0
2117	176	0
2118	212	0
2119	209	0
2120	172	0
2121	202	0
2122	203	0
2123	204	0
2124	191	0
2125	186	0
2126	205	0
2127	187	0
2128	201	0
2129	225	0
2130	186	0
2131	208	0
2132	196	0
2133	189	0
2134	175	0
2135	197	0
2136	211	0
2137	184	0
2138	201	0
2139	212	0
2140	201	0
2141	188	0
2142	203	0
2143	196	0
2144	185	0
2145	186	0
2146	197	0
2147	172	0
2148	213	0
2149	216	0
2150	175	0
2151	208	0
2152	197	0
2153	176	0
2154	168	0
2155	193	0
2156	205	0
2157	195	0
2158	202	0
2159	210	0
2160	193	0
2161	198	0
2162	186	0
2163	187	0
2164	194	0
2165	195	0
2166	204	0
2167	190	0
2168	225	0
2169	194	0
2170	192	0
2171	189	0
2172	216	0
2173	235	0
2174	207	0
2175	187	0
2176	215	0
2177	158	0
2178	208	0
2179	209	0
2180	216	0
2181	184	0
2182	207	0
2183	194	0
2184	212	0
2185	197	0
2186	191	0
2187	193	0
2188	215	0
2189	216	0
2190	193	0
2191	195	0
2192	194	0
2193	195	0
2194	200	0
2195	201	0
2196	203	0
2197	194	0
2198	211	0
2199	165	0
2200	187	0
2201	200	0
2202	195	0
2203	190	0
2204	190	0
2205	175	0
2206	235	0
2207	187	0
2208	208	0
2209	208	0
2210	190	0
2211	196	0
2212	189	0
2213	202	0
2214	179	0
2215	195	0
2216	180	0
2217	188	0
2218	219	0
2219	197	0
2220	197	0
2221	173	0
2222	191	0
2223	219	0
2224	193	0
2225	203	0
2226	189	0
2227	196	0
2228	199	0
2229	216	0
2230	209	0
2231	206	0
2232	200	0
2233	168	0
2234	198	0
2235	209	0
2236	186	0
2237	207	0
2238	174	0
2239	186	0
2240	203	0
2241	211	0
2242	207	0
2243	184	0
2244	220	0
2245	184	0
2246	222	0
2247	216	0
2248	197	0
2249	203	0
2250	191	0
2251	217	0
2252	195	0
2253	191	0
2254	189	0
2255	198	0
2256	201	0
2257	201	0
2258	168	0
2259	170	0
2260	207	0
2261	181	0
2262	172	0
2263	191	0
2264	214	0
2265	204	0
2266	189	0
2267	194	0
2268	189	0
2269	176	0
2270	198	0
2271	181	0
2272	197	0
2273	202	0
2274	203	0
2275	206	0
2276	182	0
2277	201	0
2278	194	0
2279	207	0
2280	183	0
2281	189	0
2282	175	0
2283	204	0
2284	190	0
2285	194	0
2286	213	0
2287	198	0
2288	188	0
2289	222	0
2290	198	0
2291	200	0
2292	192	0
2293	231	0
2294	200	0
2295	204	0
2296	191	0
2297	209	0
2298	203	0
2299	195	0
2300	193	0
2301	196	0
2302	217	0
2303	190	0
2304	210	0
2305	208	0
2306	158	0
2307	181	0
2308	212	0
2309	183	0
2310	221	0
2311	198	0
2312	200	0
2313	196	0
2314	183	0
2315	185	0
2316	219	0
2317	179	0
2318	198	0
2319	199	0
2320	197	0
2321	192	0
2322	191	0
2323	195	0
2324	192	0
2325	199	0
2326	190	0
2327	198	0
2328	186	0
2329	206	0
2330	216	0
2331	209	0
2332	199	0
2333	198	0
2334	206	0
2335	200	0
2336	210	0
2337	193	0
2338	184	0
2339	179	0
2340	212	0
2341	235	0
2342	161	0
2343	133	0
2344	189	0
2345	188	0
2346	210	0
2347	177	0
2348	220	0
2349	207	0
2350	202	0
2351	208	0
2352	189	0
2353	197	0
2354	188	0
2355	203	0
2356	203	0
2357	184	0
2358	203	0
2359	203	0
2360	222	0
2361	221	0
2362	201	0
2363	194	0
2364	194	0
2365	216	0
2366	190	0
2367	186	0
2368	204	0
2369	191	0
2370	180	0
2371	218	0
2372	196	0
2373	205	0
2374	204	0
2375	230	0
2376	184	0
2377	203	0
2378	183	0
2379	195	0
2380	232	0
2381	189	0
2382	197	0
2383	199	0
2384	191	0
2385	203	0
2386	186	0
2387	205	0
2388	204	0
2389	213	0
2390	182	0
2391	201	0
2392	197	0
2393	204	0
2394	207	0
2395	207	0
2396	212	0
2397	201	0
2398	187	0
2399	181	0
2400	198	0
2401	217	0
2402	192	0
2403	218	0
2404	180	0
2405	222	0
2406	220	0
2407	205	0
2408	230	0
2409	186	0
2410	176	0
2411	203	0
2412	211	0
2413	183	0
2414	203	0
2415	207	0
2416	200	0
2417	201	0
2418	193	0
2419	218	0
2420	218	0
2421	198	0
2422	207	0
2423	191	0
2424	184	0
2425	194	0
2426	175	0
2427	177	0
2428	186	0
2429	218	0
2430	193	0
2431	168	0
2432	201	0
2433	212	0
2434	190	0
2435	198	0
2436	180	0
2437	206	0
2438	193	0
2439	213	0
2440	163	0
2441	183	0
2442	196	0
2443	225	0
2444	178	0
2445	182	0
2446	180	0
2447	193	0
2448	185	0
2449	197	0
2450	191	0
2451	183	0
2452	214	0
2453	173	0
2454	207	0
2455	199	0
2456	198	0
2457	211	0
2458	210	0
2459	190	0
2460	168	0
2461	210	0
2462	197	0
2463	200	0
2464	226	0
2465	217	0
2466	218	0
2467	191	0
2468	187	0
2469	169	0
2470	213	0
2471	213	0
2472	188	0
2473	196	0
2474	186	0
2475	183	0
2476	211	0
2477	215	0
2478	210	0
2479	215	0
2480	199	0
2481	174	0
2482	177	0
2483	204	0
2484	199	0
2485	187	0
2486	202	0
2487	216	0
2488	209	0
2489	198	0
2490	231	0
2491	202	0
2492	192	0
2493	196	0
2494	222	0
2495	210	0
2496	189	0
2497	219	0
2498	199	0
2499	190	0
2500	204	0
2501	192	0
2502	209	0
2503	218	0
2504	213	0
2505	180	0
2506	200	0
2507	181	0
2508	191	0
2509	199	0
2510	208	0
2511	225	0
2512	225	0
2513	204	0
2514	196	0
2515	203	0
2516	226	0
2517	207	0
2518	205	0
2519	205	0
2520	206	0
2521	225	0
2522	205	0
2523	193	0
2524	179	0
2525	201	0
2526	192	0
2527	206	0
2528	191	0
2529	202	0
2530	199	0
2531	180	0
2532	225	0
2533	206	0
2534	205	0
2535	204	0
2536	182	0
2537	208	0
2538	187	0
2539	231	0
2540	196	0
2541	187	0
2542	193	0
2543	212	0
2544	223	0
2545	174	0
2546	202	0
2547	187	0
2548	211	0
2549	205	0
2550	199	0
2551	170	0
2552	199	0
2553	183	0
2554	203	0
2555	202	0
2556	205	0
2557	190	0
2558	195	0
2559	200	0
2560	181	0
2561	195	0
2562	166	0
2563	191	0
2564	172	0
2565	216	0
2566	185	0
2567	207	0
2568	187	0
2569	229	0
2570	202	0
2571	179	0
2572	220	0
2573	189	0
2574	227	0
2575	233	0
2576	217	0
2577	238	0
2578	196	0
2579	200	0
2580	202	0
2581	161	0
2582	220	0
2583	197	0
2584	205	0
2585	211	0
2586	180	0
2587	205	0
2588	180	0
2589	210	0
2590	172	0
2591	184	0
2592	190	0
2593	164	0
2594	207	0
2595	190	0
2596	184	0
2597	212	0
2598	187	0
2599	204	0
2600	188	0
2601	208	0
2602	170	0
2603	220	0
2604	196	0
2605	220	0
2606	188	0
2607	198	0
2608	206	0
2609	202	0
2610	191	0
2611	208	0
2612	178	0
2613	186	0
2614	190	0
2615	217	0
2616	199	0
2617	170	0
2618	209	0
2619	184	0
2620	185	0
2621	187	0
2622	190	0
2623	208	0
2624	229	0
2625	205	0
2626	190	0
2627	199	0
2628	192	0
2629	219	0
2630	197	0
2631	217	0
2632	202	0
2633	181	0
2634	213	0
2635	234	0
2636	202	0
2637	228	0
2638	223	0
2639	203	0
2640	190	0
2641	191	0
2642	203	0
2643	186	0
2644	202	0
2645	194	0
2646	196	0
2647	204	0
2648	193	0
2649	211	0
2650	176	0
2651	209	0
2652	185	0
2653	184	0
2654	213	0
2655	186	0
2656	176	0
2657	185	0
2658	212	0
2659	211	0
2660	215	0
2661	189	0
2662	203	0
2663	230	0
2664	215	0
2665	198	0
2666	186	0
2667	190	0
2668	200	0
2669	191	0
2670	180	0
2671	207	0
2672	200	0
2673	185	0
2674	178	0
2675	218	0
2676	223	0
2677	184	0
2678	184	0
2679	201	0
2680	203	0
2681	180	0
2682	210	0
2683	210	0
2684	202	0
2685	202	0
2686	200	0
2687	191	0
2688	216	0
2689	197	0
2690	198	0
2691	197	0
2692	199	0
2693	186	0
2694	196	0
2695	177	0
2696	202	0
2697	190	0
2698	189	0
2699	163	0
2700	187	0
2701	197	0
2702	218	0
2703	188	0
2704	207	0
2705	185	0
2706	190	0
2707	184	0
2708	215	0
2709	179	0
2710	195	0
2711	211	0
2712	221	0
2713	186	0
2714	207	0
2715	219	0
2716	170	0
2717	185	0
2718	208	0
2719	239	0
2720	205	0
2721	195	0
2722	211	0
2723	218	0
2724	195	0
2725	194	0
2726	187	0
2727	188	0
2728	207	0
2729	201	0
2730	177	0
2731	219	0
2732	207	0
2733	216	0
2734	186	0
2735	186	0
2736	204	0
2737	209	0
2738	200	0
2739	190	0
2740	184	0
2741	208	0
2742	188	0
2743	193	0
2744	221	0
2745	202	0
2746	224	0
2747	206	0
2748	186	0
2749	226	0
2750	214	0
2751	194	0
2752	207	0
2753	197	0
2754	191	0
2755	193	0
2756	190	0
2757	188	0
2758	212	0
2759	185	0
2760	199	0
2761	187	0
2762	187	0
2763	218	0
2764	190	0
2765	197	0
2766	197	0
2767	203	0
2768	186	0
2769	176	0
2770	192	0
2771	188	0
2772	192	0
2773	183	0
2774	198	0
2775	193	0
2776	222	0
2777	185	0
2778	165	0
2779	196	0
2780	192	0
2781	237	0
2782	189	0
2783	200	0
2784	175	0
2785	199	0
2786	217	0
2787	211	0
2788	186	0
2789	191	0
2790	217	0
2791	190	0
2792	199	0
2793	209	0
2794	201	0
2795	182	0
2796	201	0
2797	198	0
2798	202	0
2799	217	0
2800	203	0
2801	190	0
2802	189	0
2803	189	0
2804	213	0
2805	211	0
2806	202	0
2807	206	0
2808	247	0
2809	178	0
2810	177	0
2811	181	0
2812	222	0
2813	188	0
2814	227	0
2815	208	0
2816	214	0
2817	182	0
2818	172	0
2819	190	0
2820	192	0
2821	202	0
2822	187	0
2823	191	0
2824	198	0
2825	215	0
2826	204	0
2827	174	0
2828	206	0
2829	182	0
2830	203	0
2831	193	0
2832	201	0
2833	181	0
2834	200	0
2835	207	0
2836	221	0
2837	200	0
2838	215	0
2839	198	0
2840	218	0
2841	190	0
2842	187	0
2843	206	0
2844	199	0
2845	195	0
2846	179	0
2847	187	0
2848	194	0
2849	193	0
2850	196	0
2851	216	0
2852	222	0
2853	219	0
2854	209	0
2855	202	0
2856	195	0
2857	219	0
2858	178	0
2859	216	0
2860	190	0
2861	176	0
2862	203	0
2863	193	0
2864	199	0
2865	241	0
2866	188	0
2867	207	0
2868	232	0
2869	197	0
2870	210	0
2871	214	0
2872	198	0
2873	198	0
2874	188	0
2875	183	0
2876	206	0
2877	179	0
2878	204	0
2879	178	0
2880	193	0
2881	198	0
2882	201	0
2883	202	0
2884	198	0
2885	213	0
2886	206	0
2887	201	0
2888	195	0
2889	218	0
2890	184	0
2891	187	0
2892	204	0
2893	172	0
2894	202	0
2895	200	0
2896	191	0
2897	193	0
2898	171	0
2899	177	0
2900	184	0
2901	194	0
2902	196	0
2903	189	0
2904	206	0
2905	211	0
2906	190	0
2907	239	0
2908	198	0
2909	218	0
2910	221	0
2911	206	0
2912	216	0
2913	210	0
2914	190	0
2915	184	0
2916	207	0
2917	209	0
2918	194	0
2919	207	0
2920	207	0
2921	216	0
2922	183	0
2923	188	0
2924	209	0
2925	221	0
2926	177	0
2927	235	0
2928	222	0
2929	232	0
2930	224	0
2931	153	0
2932	161	0
2933	195	0
2934	181	0
2935	227	0
2936	240	0
2937	180	0
2938	182	0
2939	179	0
2940	232	0
2941	185	0
2942	184	0
2943	225	0
2944	208	0
2945	209	0
2946	213	0
2947	223	0
2948	176	0
2949	210	0
2950	159	0
2951	197	0
2952	183	0
2953	192	0
2954	209	0
2955	201	0
2956	184	0
2957	204	0
2958	197	0
2959	190	0
2960	180	0
2961	202	0
2962	219	0
2963	197	0
2964	202	0
2965	187	0
2966	191	0
2967	213	0
2968	206	0
2969	176	0
2970	181	0
2971	220	0
2972	188	0
2973	194	0
2974	209	0
2975	180	0
2976	182	0
2977	192	0
2978	215	0
2979	200	0
2980	210	0
2981	198	0
2982	221	0
2983	175	0
2984	176	0
2985	196	0
2986	198	0
2987	181	0
2988	218	0
2989	194	0
2990	224	0
2991	182	0
2992	185	0
2993	194	0
2994	192	0
2995	194	0
2996	227	0
2997	178	0
2998	212	0
2999	222	0
3000	184	0
