1	192	0
2	187	0
3	171	0
4	201	0
5	201	0
6	186	0
7	197	0
8	209	0
9	197	0
10	203	0
11	219	0
12	217	0
13	167	0
14	203	0
15	205	0
16	195	0
17	199	0
18	236	0
19	186	0
20	204	0
21	189	0
22	208	0
23	193	0
24	211	0
25	224	0
26	208	0
27	222	0
28	204	0
29	199	0
30	203	0
31	193	0
32	203	0
33	185	0
34	191	0
35	185	0
36	179	0
37	191	0
38	188	0
39	167	0
40	202	0
41	174	0
42	206	0
43	197	0
44	200	0
45	193	0
46	203	0
47	197	0
48	190	0
49	194	0
50	184	0
51	198	0
52	190	0
53	189	0
54	216	0
55	199	0
56	203	0
57	209	0
58	205	0
59	207	0
60	207	0
61	207	0
62	177	0
63	212	0
64	189	0
65	201	0
66	205	0
67	225	0
68	194	0
69	176	0
70	208	0
71	195	0
72	202	0
73	171	0
74	198	0
75	216	0
76	168	0
77	218	0
78	189	0
79	208	0
80	232	0
81	184	0
82	185	0
83	213	0
84	209	0
85	196	0
86	204	0
87	205	0
88	172	0
89	200	0
90	178	0
91	192	0
92	203	0
93	194	0
94	210	0
95	191	0
96	193	0
97	166	0
98	195	0
99	201	0
100	207	0
101	185	0
102	207	0
103	218	0
104	206	0
105	188	0
106	202	0
107	188	0
108	200	0
109	203	0
110	195	0
111	189	0
112	179	0
113	185	0
114	176	0
115	208	0
116	206	0
117	181	0
118	195	0
119	209	0
120	189	0
121	183	0
122	196	0
123	195	0
124	191	0
125	193	0
126	194	0
127	171	0
128	207	0
129	194	0
130	187	0
131	190	0
132	197	0
133	195	0
134	209	0
135	179	0
136	201	0
137	229	0
138	195	0
139	172	0
140	193	0
141	192	0
142	202	0
143	209	0
144	205	0
145	187	0
146	205	0
147	199	0
148	194	0
149	199	0
150	177	0
151	198	0
152	200	0
153	194	0
154	199	0
155	230	0
156	194	0
157	191	0
158	190	0
159	216	0
160	151	0
161	183	0
162	208	0
163	201	0
164	195	0
165	190	0
166	182	0
167	188	0
168	194	0
169	213	0
170	193	0
171	201	0
172	193	0
173	198	0
174	202	0
175	196	0
176	192	0
177	207	0
178	191	0
179	206	0
180	214	0
181	213	0
182	200	0
183	188	0
184	180	0
185	205	0
186	215	0
187	192	0
188	183	0
189	193	0
190	176	0
191	205	0
192	193	0
193	199	0
194	201	0
195	211	0
196	214	0
197	177	0
198	188	0
199	188	0
200	197	0
201	204	0
202	187	0
203	198	0
204	221	0
205	182	0
206	182	0
207	205	0
208	199	0
209	199	0
210	221	0
211	194	0
212	215	0
213	188	0
214	197	0
215	223	0
216	190	0
217	179	0
218	203	0
219	196	0
220	193	0
221	181	0
222	202	0
223	191	0
224	183	0
225	182	0
226	232	0
227	229	0
228	193	0
229	169	0
230	197	0
231	189	0
232	191	0
233	196	0
234	202	0
235	205	0
236	198	0
237	211	0
238	195	0
239	213	0
240	198	0
241	210	0
242	222	0
243	199	0
244	221	0
245	173	0
246	226	0
247	205	0
248	196	0
249	195	0
250	197	0
251	184	0
252	166	0
253	213	0
254	186	0
255	193	0
256	205	0
257	159	0
258	197	0
259	196	0
260	203	0
261	212	0
262	223	0
263	216	0
264	199	0
265	191	0
266	170	0
267	195	0
268	188	0
269	210	0
270	188	0
271	190	0
272	194	0
273	195	0
274	206	0
275	212	0
276	192	0
277	186	0
278	194	0
279	209	0
280	198	0
281	188	0
282	174	0
283	187	0
284	177	0
285	174	0
286	210	0
287	244	0
288	203	0
289	205	0
290	215	0
291	205	0
292	195	0
293	203	0
294	173	0
295	187	0
296	197	0
297	205	0
298	205	0
299	193	0
300	198	0
301	182	0
302	160	0
303	181	0
304	203	0
305	190	0
306	207	0
307	209	0
308	199	0
309	177	0
310	185	0
311	183	0
312	193	0
313	210	0
314	195	0
315	201	0
316	194	0
317	217	0
318	191	0
319	210	0
320	192	0
321	196	0
322	181	0
323	182	0
324	224	0
325	199	0
326	199	0
327	195	0
328	191	0
329	171	0
330	198	0
331	181	0
332	173	0
333	226	0
334	187	0
335	178	0
336	193	0
337	182	0
338	163	0
339	196	0
340	200	0
341	190	0
342	186	0
343	194	0
344	201	0
345	166	0
346	190	0
347	175	0
348	176	0
349	180	0
350	219	0
351	221	0
352	211	0
353	201	0
354	202	0
355	212	0
356	177	0
357	237	0
358	186	0
359	190	0
360	233	0
361	182	0
362	198	0
363	183	0
364	195	0
365	204	0
366	201	0
367	186	0
368	177	0
369	191	0
370	183	0
371	212	0
372	194	0
373	191	0
374	204	0
375	180	0
376	175	0
377	189	0
378	204	0
379	172	0
380	201	0
381	228	0
382	198	0
383	210	0
384	193	0
385	184	0
386	202	0
387	211	0
388	226	0
389	183	0
390	203	0
391	186	0
392	193	0
393	198	0
394	212	0
395	186	0
396	219	0
397	205	0
398	202	0
399	207	0
400	205	0
401	184	0
402	193	0
403	209	0
404	192	0
405	181	0
406	188	0
407	201	0
408	180	0
409	188	0
410	189	0
411	191	0
412	188	0
413	189	0
414	208	0
415	205	0
416	182	0
417	198	0
418	212	0
419	175	0
420	188	0
421	184	0
422	190	0
423	212	0
424	191	0
425	220	0
426	184	0
427	198	0
428	221	0
429	201	0
430	199	0
431	201	0
432	189	0
433	197	0
434	195	0
435	192	0
436	187	0
437	190	0
438	185	0
439	179	0
440	194	0
441	203	0
442	170	0
443	187	0
444	198	0
445	184	0
446	187	0
447	220	0
448	208	0
449	212	0
450	201	0
451	201	0
452	210	0
453	190	0
454	201	0
455	214	0
456	193	0
457	176	0
458	191	0
459	201	0
460	197	0
461	202	0
462	203	0
463	160	0
464	222	0
465	208	0
466	196	0
467	176	0
468	209	0
469	200	0
470	199	0
471	208	0
472	199	0
473	203	0
474	182	0
475	221	0
476	192	0
477	202	0
478	189	0
479	209	0
480	183	0
481	203	0
482	209	0
483	222	0
484	196	0
485	185	0
486	194	0
487	204	0
488	197	0
489	183	0
490	209	0
491	197	0
492	198	0
493	186	0
494	200	0
495	207	0
496	195	0
497	194	0
498	211	0
499	187	0
500	184	0
501	182	0
502	181	0
503	200	0
504	223	0
505	173	0
506	207	0
507	168	0
508	190	0
509	191	0
510	209	0
511	212	0
512	171	0
513	191	0
514	202	0
515	189	0
516	182	0
517	157	0
518	197	0
519	219	0
520	189	0
521	193	0
522	203	0
523	174	0
524	180	0
525	192	0
526	201	0
527	212	0
528	186	0
529	182	0
530	196	0
531	206	0
532	171	0
533	188	0
534	209	0
535	191	0
536	209	0
537	199	0
538	188	0
539	203	0
540	217	0
541	203	0
542	219	0
543	188	0
544	217	0
545	166	0
546	198	0
547	201	0
548	215	0
549	201	0
550	169	0
551	189	0
552	194	0
553	224	0
554	165	0
555	206	0
556	202	0
557	210	0
558	177	0
559	182	0
560	180	0
561	173	0
562	228	0
563	206	0
564	190	0
565	165	0
566	175	0
567	224	0
568	183	0
569	192	0
570	181	0
571	201	0
572	191	0
573	204	0
574	208	0
575	181	0
576	212	0
577	215	0
578	204	0
579	190	0
580	204	0
581	180	0
582	186	0
583	177	0
584	200	0
585	184	0
586	199	0
587	212	0
588	187	0
589	178	0
590	196	0
591	192	0
592	187	0
593	210	0
594	216	0
595	197	0
596	198	0
597	214	0
598	189	0
599	208	0
600	177	0
601	200	0
602	181	0
603	185	0
604	190	0
605	213	0
606	195	0
607	199	0
608	197	0
609	192	0
610	183	0
611	172	0
612	199	0
613	190	0
614	198	0
615	200	0
616	173	0
617	208	0
618	197	0
619	194	0
620	216	0
621	186	0
622	196	0
623	181	0
624	187	0
625	208	0
626	190	0
627	174	0
628	199	0
629	187	0
630	211	0
631	196	0
632	222	0
633	219	0
634	180	0
635	203	0
636	200	0
637	207	0
638	212	0
639	187	0
640	196	0
641	182	0
642	188	0
643	193	0
644	177	0
645	183	0
646	197	0
647	204	0
648	213	0
649	182	0
650	196	0
651	173	0
652	177	0
653	201	0
654	203	0
655	214	0
656	198	0
657	188	0
658	178	0
659	199	0
660	186	0
661	203	0
662	192	0
663	200	0
664	204	0
665	184	0
666	198	0
667	187	0
668	194	0
669	193	0
670	201	0
671	184	0
672	184	0
673	176	0
674	179	0
675	192	0
676	193	0
677	185	0
678	184	0
679	188	0
680	178	0
681	192	0
682	195	0
683	192	0
684	185	0
685	181	0
686	194	0
687	197	0
688	159	0
689	189	0
690	177	0
691	176	0
692	234	0
693	199	0
694	206	0
695	196	0
696	176	0
697	180	0
698	202	0
699	193	0
700	184	0
701	201	0
702	198	0
703	193	0
704	191	0
705	198	0
706	184	0
707	175	0
708	184	0
709	205	0
710	191	0
711	184	0
712	191	0
713	191	0
714	204	0
715	211	0
716	184	0
717	202	0
718	207	0
719	192	0
720	221	0
721	216	0
722	187	0
723	193	0
724	214	0
725	166	0
726	193	0
727	190	0
728	202	0
729	202	0
730	174	0
731	185	0
732	203	0
733	186	0
734	197	0
735	188	0
736	200	0
737	200	0
738	177	0
739	209	0
740	198	0
741	186	0
742	196	0
743	201	0
744	184	0
745	203	0
746	189	0
747	215	0
748	194	0
749	195	0
750	175	0
751	212	0
752	198	0
753	192	0
754	201	0
755	216	0
756	211	0
757	193	0
758	186	0
759	172	0
760	200	0
761	200	0
762	187	0
763	168	0
764	199	0
765	193	0
766	194	0
767	186	0
768	215	0
769	180	0
770	196	0
771	189	0
772	217	0
773	194	0
774	176	0
775	188	0
776	168	0
777	194	0
778	197	0
779	180	0
780	194	0
781	215	0
782	202	0
783	207	0
784	191	0
785	200	0
786	198	0
787	191	0
788	179	0
789	195	0
790	199	0
791	212	0
792	206	0
793	188	0
794	181	0
795	196	0
796	204	0
797	199	0
798	184	0
799	205	0
800	221	0
801	184	0
802	194	0
803	198	0
804	180	0
805	193	0
806	197	0
807	201	0
808	195	0
809	185	0
810	209	0
811	176	0
812	221	0
813	188	0
814	169	0
815	194	0
816	189	0
817	172	0
818	199	0
819	176	0
820	210	0
821	200	0
822	200	0
823	194	0
824	208	0
825	186	0
826	206	0
827	205	0
828	201	0
829	205	0
830	197	0
831	197	0
832	190	0
833	203	0
834	202	0
835	209	0
836	221	0
837	213	0
838	213	0
839	193	0
840	215	0
841	207	0
842	188	0
843	216	0
844	204	0
845	210	0
846	198	0
847	221	0
848	217	0
849	187	0
850	177	0
851	183	0
852	164	0
853	187	0
854	182	0
855	223	0
856	205	0
857	188	0
858	190	0
859	194	0
860	209	0
861	220	0
862	205	0
863	194	0
864	207	0
865	226	0
866	189	0
867	181	0
868	188	0
869	191	0
870	196	0
871	205	0
872	186	0
873	183	0
874	193	0
875	210	0
876	180	0
877	184	0
878	194	0
879	189	0
880	219	0
881	203	0
882	185	0
883	188	0
884	199	0
885	210	0
886	176	0
887	203	0
888	214	0
889	179	0
890	196	0
891	208	0
892	193	0
893	200	0
894	199	0
895	201	0
896	188	0
897	168	0
898	217	0
899	191	0
900	193	0
901	187	0
902	189	0
903	181	0
904	195	0
905	179	0
906	187	0
907	201	0
908	180	0
909	191	0
910	192	0
911	189	0
912	208	0
913	196	0
914	175	0
915	201	0
916	182	0
917	183	0
918	203	0
919	190	0
920	191	0
921	201	0
922	179	0
923	194	0
924	191	0
925	198	0
926	181	0
927	179	0
928	196	0
929	217	0
930	206	0
931	165	0
932	217	0
933	199	0
934	194	0
935	184	0
936	194	0
937	195	0
938	202	0
939	194	0
940	193	0
941	194	0
942	185	0
943	219	0
944	178	0
945	198	0
946	193	0
947	184	0
948	200	0
949	208	0
950	184	0
951	200	0
952	193	0
953	190	0
954	185	0
955	181	0
956	185	0
957	190	0
958	206	0
959	168	0
960	197	0
961	210	0
962	195	0
963	183	0
964	203	0
965	187	0
966	177	0
967	202	0
968	208	0
969	201	0
970	189	0
971	200	0
972	188	0
973	217	0
974	178	0
975	181	0
976	186	0
977	229	0
978	203	0
979	196	0
980	181	0
981	192	0
982	177	0
983	204	0
984	207	0
985	220	0
986	200	0
987	173	0
988	159	0
989	211	0
990	190	0
991	173	0
992	205	0
993	205	0
994	202	0
995	205	0
996	186	0
997	201	0
998	210	0
999	192	0
1000	192	0
1001	216	0
1002	187	0
1003	198	0
1004	201	0
1005	199	0
1006	195	0
1007	211	0
1008	182	0
1009	174	0
1010	192	0
1011	189	0
1012	197	0
1013	200	0
1014	211	0
1015	169	0
1016	198	0
1017	195	0
1018	185	0
1019	188	0
1020	190	0
1021	211	0
1022	226	0
1023	191	0
1024	205	0
1025	193	0
1026	211	0
1027	227	0
1028	199	0
1029	178	0
1030	182	0
1031	201	0
1032	218	0
1033	214	0
1034	212	0
1035	190	0
1036	203	0
1037	221	0
1038	193	0
1039	204	0
1040	188	0
1041	208	0
1042	175	0
1043	190	0
1044	191	0
1045	210	0
1046	195	0
1047	205	0
1048	207	0
1049	207	0
1050	187	0
1051	193	0
1052	195	0
1053	194	0
1054	200	0
1055	205	0
1056	217	0
1057	231	0
1058	212	0
1059	207	0
1060	194	0
1061	196	0
1062	208	0
1063	210	0
1064	220	0
1065	187	0
1066	173	0
1067	185	0
1068	196	0
1069	203	0
1070	197	0
1071	199	0
1072	194	0
1073	191	0
1074	206	0
1075	175	0
1076	160	0
1077	202	0
1078	212	0
1079	219	0
1080	200	0
1081	197	0
1082	208	0
1083	206	0
1084	213	0
1085	181	0
1086	210	0
1087	181	0
1088	206	0
1089	203	0
1090	206	0
1091	199	0
1092	185	0
1093	167	0
1094	173	0
1095	177	0
1096	193	0
1097	191	0
1098	208	0
1099	201	0
1100	216	0
1101	211	0
1102	198	0
1103	187	0
1104	197	0
1105	193	0
1106	208	0
1107	175	0
1108	220	0
1109	199	0
1110	194	0
1111	184	0
1112	213	0
1113	215	0
1114	201	0
1115	188	0
1116	188	0
1117	212	0
1118	199	0
1119	203	0
1120	182	0
1121	185	0
1122	170	0
1123	186	0
1124	189	0
1125	184	0
1126	230	0
1127	203	0
1128	195	0
1129	205	0
1130	204	0
1131	191	0
1132	177	0
1133	184	0
1134	207	0
1135	194	0
1136	181	0
1137	200	0
1138	182	0
1139	218	0
1140	224	0
1141	211	0
1142	210	0
1143	206	0
1144	203	0
1145	175	0
1146	194	0
1147	175	0
1148	207	0
1149	176	0
1150	207	0
1151	241	0
1152	222	0
1153	184	0
1154	203	0
1155	212	0
1156	201	0
1157	179	0
1158	203	0
1159	187	0
1160	194	0
1161	177	0
1162	189	0
1163	187	0
1164	206	0
1165	213	0
1166	178	0
1167	202	0
1168	225	0
1169	212	0
1170	203	0
1171	202	0
1172	189	0
1173	210	0
1174	207	0
1175	185	0
1176	195	0
1177	207	0
1178	218	0
1179	208	0
1180	155	0
1181	197	0
1182	199	0
1183	227	0
1184	222	0
1185	200	0
1186	202	0
1187	193	0
1188	154	0
1189	186	0
1190	211	0
1191	177	0
1192	214	0
1193	184	0
1194	206	0
1195	195	0
1196	216	0
1197	199	0
1198	206	0
1199	211	0
1200	185	0
1201	204	0
1202	184	0
1203	201	0
1204	186	0
1205	200	0
1206	194	0
1207	183	0
1208	191	0
1209	217	0
1210	198	0
1211	192	0
1212	199	0
1213	187	0
1214	185	0
1215	168	0
1216	192	0
1217	208	0
1218	168	0
1219	189	0
1220	183	0
1221	188	0
1222	181	0
1223	185	0
1224	196	0
1225	181	0
1226	191	0
1227	190	0
1228	168	0
1229	194	0
1230	176	0
1231	207	0
1232	178	0
1233	189	0
1234	197	0
1235	187	0
1236	208	0
1237	225	0
1238	187	0
1239	199	0
1240	176	0
1241	183	0
1242	197	0
1243	181	0
1244	191	0
1245	203	0
1246	201	0
1247	176	0
1248	201	0
1249	201	0
1250	217	0
1251	197	0
1252	170	0
1253	218	0
1254	205	0
1255	210	0
1256	189	0
1257	206	0
1258	208	0
1259	194	0
1260	187	0
1261	202	0
1262	192	0
1263	184	0
1264	180	0
1265	189	0
1266	196	0
1267	194	0
1268	226	0
1269	189	0
1270	187	0
1271	198	0
1272	206	0
1273	190	0
1274	227	0
1275	200	0
1276	194	0
1277	189	0
1278	186	0
1279	201	0
1280	180	0
1281	198	0
1282	192	0
1283	206	0
1284	194	0
1285	188	0
1286	220	0
1287	192	0
1288	206	0
1289	200	0
1290	198	0
1291	219	0
1292	231	0
1293	179	0
1294	218	0
1295	223	0
1296	201	0
1297	186	0
1298	197	0
1299	200	0
1300	185	0
1301	186	0
1302	217	0
1303	186	0
1304	183	0
1305	222	0
1306	199	0
1307	211	0
1308	210	0
1309	182	0
1310	220	0
1311	193	0
1312	182	0
1313	183	0
1314	198	0
1315	188	0
1316	204	0
1317	225	0
1318	190	0
1319	175	0
1320	189	0
1321	187	0
1322	206	0
1323	209	0
1324	175	0
1325	196	0
1326	191	0
1327	217	0
1328	196	0
1329	219	0
1330	187	0
1331	197	0
1332	213	0
1333	202	0
1334	177	0
1335	211	0
1336	200	0
1337	206	0
1338	191	0
1339	179	0
1340	183	0
1341	192	0
1342	200	0
1343	231	0
1344	196	0
1345	210	0
1346	198	0
1347	172	0
1348	195	0
1349	192	0
1350	189	0
1351	179	0
1352	206	0
1353	183	0
1354	185	0
1355	213	0
1356	198	0
1357	205	0
1358	205	0
1359	188	0
1360	203	0
1361	215	0
1362	166	0
1363	192	0
1364	208	0
1365	200	0
1366	179	0
1367	193	0
1368	221	0
1369	176	0
1370	196	0
1371	201	0
1372	189	0
1373	226	0
1374	197	0
1375	220	0
1376	185	0
1377	201	0
1378	194	0
1379	200	0
1380	214	0
1381	196	0
1382	201	0
1383	223	0
1384	193	0
1385	200	0
1386	202	0
1387	197	0
1388	191	0
1389	211	0
1390	184	0
1391	201	0
1392	199	0
1393	197	0
1394	193	0
1395	216	0
1396	192	0
1397	203	0
1398	199	0
1399	216	0
1400	197	0
1401	203	0
1402	204	0
1403	190	0
1404	184	0
1405	186	0
1406	177	0
1407	210	0
1408	189	0
1409	172	0
1410	175	0
1411	170	0
1412	210	0
1413	189	0
1414	182	0
1415	212	0
1416	183	0
1417	208	0
1418	217	0
1419	186	0
1420	210	0
1421	212	0
1422	207	0
1423	171	0
1424	184	0
1425	196	0
1426	199	0
1427	211	0
1428	177	0
1429	208	0
1430	179	0
1431	185	0
1432	190	0
1433	184	0
1434	208	0
1435	209	0
1436	213	0
1437	191	0
1438	196	0
1439	205	0
1440	183	0
1441	214	0
1442	183	0
1443	189	0
1444	171	0
1445	195	0
1446	172	0
1447	166	0
1448	188	0
1449	214	0
1450	183	0
1451	208	0
1452	181	0
1453	190	0
1454	174	0
1455	187	0
1456	201	0
1457	206	0
1458	195	0
1459	208	0
1460	191	0
1461	207	0
1462	225	0
1463	183	0
1464	181	0
1465	207	0
1466	167	0
1467	214	0
1468	193	0
1469	191	0
1470	213	0
1471	193	0
1472	211	0
1473	216	0
1474	167	0
1475	191	0
1476	197	0
1477	189	0
1478	188	0
1479	211	0
1480	167	0
1481	220	0
1482	210	0
1483	175	0
1484	195	0
1485	192	0
1486	221	0
1487	191	0
1488	192	0
1489	193	0
1490	172	0
1491	197	0
1492	191	0
1493	190	0
1494	190	0
1495	198	0
1496	204	0
1497	191	0
1498	226	0
1499	185	0
1500	186	0
1501	214	0
1502	199	0
1503	171	0
1504	185	0
1505	215	0
1506	194	0
1507	198	0
1508	194	0
1509	176	0
1510	218	0
1511	189	0
1512	206	0
1513	209	0
1514	196	0
1515	187	0
1516	214	0
1517	179	0
1518	200	0
1519	199	0
1520	221	0
1521	190	0
1522	191	0
1523	217	0
1524	197	0
1525	215	0
1526	215	0
1527	205	0
1528	196	0
1529	184	0
1530	204	0
1531	194	0
1532	196	0
1533	193	0
1534	176	0
1535	194	0
1536	209	0
1537	205	0
1538	182	0
1539	191	0
1540	201	0
1541	220	0
1542	204	0
1543	170	0
1544	183	0
1545	212	0
1546	199	0
1547	195	0
1548	184	0
1549	198	0
1550	221	0
1551	191	0
1552	191	0
1553	188	0
1554	172	0
1555	188	0
1556	198	0
1557	179	0
1558	173	0
1559	195	0
1560	218	0
1561	207	0
1562	191	0
1563	177	0
1564	223	0
1565	188	0
1566	193	0
1567	189	0
1568	188	0
1569	205	0
1570	208	0
1571	198	0
1572	173	0
1573	196	0
1574	189	0
1575	207	0
1576	184	0
1577	192	0
1578	218	0
1579	206	0
1580	186	0
1581	220	0
1582	192	0
1583	201	0
1584	196	0
1585	196	0
1586	172	0
1587	219	0
1588	193	0
1589	209	0
1590	201	0
1591	184	0
1592	174	0
1593	190	0
1594	203	0
1595	186	0
1596	215	0
1597	216	0
1598	197	0
1599	190	0
1600	193	0
1601	179	0
1602	218	0
1603	192	0
1604	180	0
1605	205	0
1606	199	0
1607	208	0
1608	168	0
1609	186	0
1610	207	0
1611	198	0
1612	180	0
1613	201	0
1614	181	0
1615	198	0
1616	212	0
1617	197	0
1618	216	0
1619	200	0
1620	177	0
1621	205	0
1622	179	0
1623	198	0
1624	188	0
1625	215	0
1626	165	0
1627	185	0
1628	197	0
1629	208	0
1630	197	0
1631	178	0
1632	197	0
1633	184	0
1634	213	0
1635	185	0
1636	198	0
1637	175	0
1638	194	0
1639	186	0
1640	176	0
1641	200	0
1642	190	0
1643	193	0
1644	209	0
1645	185	0
1646	190	0
1647	209	0
1648	171	0
1649	206	0
1650	196	0
1651	217	0
1652	180	0
1653	207	0
1654	209	0
1655	218	0
1656	169	0
1657	211	0
1658	189	0
1659	209	0
1660	196	0
1661	201	0
1662	209	0
1663	198	0
1664	201	0
1665	179	0
1666	184	0
1667	203	0
1668	189	0
1669	194	0
1670	202	0
1671	221	0
1672	188	0
1673	173	0
1674	204	0
1675	194	0
1676	195	0
1677	199	0
1678	178	0
1679	221	0
1680	203	0
1681	218	0
1682	197	0
1683	225	0
1684	196	0
1685	186	0
1686	179	0
1687	226	0
1688	202	0
1689	178	0
1690	212	0
1691	180	0
1692	196	0
1693	176	0
1694	237	0
1695	200	0
1696	202	0
1697	195	0
1698	183	0
1699	194	0
1700	228	0
1701	191	0
1702	171	0
1703	196	0
1704	182	0
1705	189	0
1706	193	0
1707	203	0
1708	192	0
1709	164	0
1710	215	0
1711	189	0
1712	183	0
1713	202	0
1714	215	0
1715	207	0
1716	228	0
1717	195	0
1718	202	0
1719	194	0
1720	204	0
1721	196	0
1722	204	0
1723	182	0
1724	181	0
1725	194	0
1726	189	0
1727	222	0
1728	204	0
1729	189	0
1730	185	0
1731	192	0
1732	189	0
1733	189	0
1734	228	0
1735	223	0
1736	193	0
1737	171	0
1738	193	0
1739	179	0
1740	188	0
1741	224	0
1742	197	0
1743	180	0
1744	193	0
1745	200	0
1746	178	0
1747	177	0
1748	189	0
1749	172	0
1750	212	0
1751	214	0
1752	192	0
1753	200	0
1754	206	0
1755	177	0
1756	202	0
1757	180	0
1758	186	0
1759	177	0
1760	169	0
1761	193	0
1762	182	0
1763	221	0
1764	185	0
1765	186	0
1766	205	0
1767	195	0
1768	193	0
1769	184	0
1770	201	0
1771	205	0
1772	214	0
1773	173	0
1774	216	0
1775	207	0
1776	216	0
1777	195	0
1778	200	0
1779	158	0
1780	191	0
1781	187	0
1782	197	0
1783	209	0
1784	181	0
1785	207	0
1786	214	0
1787	181	0
1788	196	0
1789	204	0
1790	192	0
1791	193	0
1792	165	0
1793	198	0
1794	200	0
1795	178	0
1796	200	0
1797	189	0
1798	190	0
1799	179	0
1800	198	0
1801	164	0
1802	191	0
1803	185	0
1804	177	0
1805	209	0
1806	196	0
1807	204	0
1808	197	0
1809	174	0
1810	215	0
1811	196	0
1812	211	0
1813	179	0
1814	209	0
1815	194	0
1816	207	0
1817	203	0
1818	200	0
1819	203	0
1820	218	0
1821	173	0
1822	177	0
1823	206	0
1824	178	0
1825	218	0
1826	185	0
1827	152	0
1828	187	0
1829	193	0
1830	195	0
1831	210	0
1832	194	0
1833	204	0
1834	196	0
1835	185	0
1836	214	0
1837	195	0
1838	205	0
1839	205	0
1840	219	0
1841	214	0
1842	173	0
1843	197	0
1844	178	0
1845	199	0
1846	200	0
1847	181	0
1848	195	0
1849	179	0
1850	203	0
1851	187	0
1852	189	0
1853	206	0
1854	172	0
1855	207	0
1856	188	0
1857	184	0
1858	189	0
1859	184	0
1860	199	0
1861	193	0
1862	185	0
1863	191	0
1864	214	0
1865	203	0
1866	169	0
1867	204	0
1868	177	0
1869	192	0
1870	221	0
1871	205	0
1872	212	0
1873	204	0
1874	204	0
1875	210	0
1876	201	0
1877	203	0
1878	194	0
1879	176	0
1880	175	0
1881	180	0
1882	182	0
1883	188	0
1884	167	0
1885	205	0
1886	180	0
1887	215	0
1888	186	0
1889	197	0
1890	228	0
1891	205	0
1892	192	0
1893	206	0
1894	185	0
1895	215	0
1896	206	0
1897	187	0
1898	213	0
1899	179	0
1900	196	0
1901	197	0
1902	205	0
1903	196	0
1904	190	0
1905	187	0
1906	175	0
1907	208	0
1908	209	0
1909	198	0
1910	188	0
1911	195	0
1912	211	0
1913	178	0
1914	217	0
1915	185	0
1916	197	0
1917	217	0
1918	211	0
1919	205	0
1920	194	0
1921	208	0
1922	192	0
1923	213	0
1924	186	0
1925	190	0
1926	167	0
1927	188	0
1928	202	0
1929	191	0
1930	215	0
1931	196	0
1932	216	0
1933	187	0
1934	218	0
1935	207	0
1936	188	0
1937	208	0
1938	189	0
1939	172	0
1940	168	0
1941	199	0
1942	204	0
1943	198	0
1944	173	0
1945	184	0
1946	199	0
1947	193	0
1948	167	0
1949	198	0
1950	199	0
1951	199	0
1952	202	0
1953	183	0
1954	182	0
1955	197	0
1956	184	0
1957	178	0
1958	179	0
1959	184	0
1960	208	0
1961	210	0
1962	223	0
1963	182	0
1964	199	0
1965	193	0
1966	195	0
1967	191	0
1968	215	0
1969	202	0
1970	195	0
1971	205	0
1972	201	0
1973	201	0
1974	188	0
1975	207	0
1976	184	0
1977	203	0
1978	194	0
1979	194	0
1980	198	0
1981	176	0
1982	180	0
1983	197	0
1984	186	0
1985	184	0
1986	195	0
1987	178	0
1988	192	0
1989	184	0
1990	181	0
1991	209	0
1992	213	0
1993	210	0
1994	187	0
1995	215	0
1996	203	0
1997	197	0
1998	182	0
1999	204	0
2000	174	0
2001	202	0
2002	216	0
2003	211	0
2004	196	0
2005	179	0
2006	185	0
2007	194	0
2008	186	0
2009	187	0
2010	207	0
2011	201	0
2012	216	0
2013	185	0
2014	192	0
2015	214	0
2016	222	0
2017	197	0
2018	213	0
2019	183	0
2020	210	0
2021	189	0
2022	189	0
2023	211	0
2024	207	0
2025	201	0
2026	188	0
2027	176	0
2028	162	0
2029	200	0
2030	190	0
2031	187	0
2032	215	0
2033	196	0
2034	214	0
2035	192	0
2036	199	0
2037	202	0
2038	183	0
2039	173	0
2040	196	0
2041	196	0
2042	214	0
2043	186	0
2044	190	0
2045	195	0
2046	227	0
2047	184	0
2048	184	0
2049	202	0
2050	203	0
2051	181	0
2052	200	0
2053	210	0
2054	180	0
2055	192	0
2056	181	0
2057	205	0
2058	216	0
2059	189	0
2060	233	0
2061	232	0
2062	206	0
2063	226	0
2064	205	0
2065	186	0
2066	211	0
2067	194	0
2068	185	0
2069	190	0
2070	204	0
2071	199	0
2072	179	0
2073	227	0
2074	204	0
2075	188	0
2076	189	0
2077	203	0
2078	158	0
2079	207	0
2080	179	0
2081	192	0
2082	172	0
2083	194	0
2084	170	0
2085	202	0
2086	217	0
2087	214	0
2088	172	0
2089	200	0
2090	193	0
2091	208	0
2092	205	0
2093	187	0
2094	190	0
2095	221	0
2096	168	0
2097	205	0
2098	200	0
2099	232	0
2100	186	0
2101	204	0
2102	213	0
2103	183	0
2104	188	0
2105	212	0
2106	189	0
2107	198	0
2108	204	0
2109	210	0
2110	197	0
2111	211	0
2112	196	0
2113	202	0
2114	200	0
2115	178	0
2116	223	0
2117	171	0
2118	202	0
2119	202	0
2120	216	0
2121	210	0
2122	199	0
2123	192	0
2124	192	0
2125	182	0
2126	231	0
2127	211	0
2128	180	0
2129	208	0
2130	188	0
2131	193	0
2132	191	0
2133	187	0
2134	197	0
2135	203	0
2136	211	0
2137	181	0
2138	207	0
2139	166	0
2140	195	0
2141	167	0
2142	182	0
2143	192	0
2144	175	0
2145	204	0
2146	210	0
2147	182	0
2148	189	0
2149	187	0
2150	207	0
2151	180	0
2152	200	0
2153	200	0
2154	197	0
2155	203	0
2156	216	0
2157	203	0
2158	195	0
2159	200	0
2160	193	0
2161	197	0
2162	199	0
2163	200	0
2164	204	0
2165	212	0
2166	195	0
2167	186	0
2168	195	0
2169	194	0
2170	236	0
2171	198	0
2172	216	0
2173	170	0
2174	218	0
2175	191	0
2176	190	0
2177	233	0
2178	194	0
2179	217	0
2180	198	0
2181	188	0
2182	203	0
2183	193	0
2184	184	0
2185	204	0
2186	198	0
2187	209	0
2188	182	0
2189	191	0
2190	202	0
2191	213	0
2192	187	0
2193	211	0
2194	203	0
2195	192	0
2196	193	0
2197	186	0
2198	170	0
2199	190	0
2200	222	0
2201	190	0
2202	204	0
2203	192	0
2204	181	0
2205	166	0
2206	191	0
2207	183	0
2208	220	0
2209	207	0
2210	190	0
2211	173	0
2212	181	0
2213	186	0
2214	170	0
2215	198	0
2216	195	0
2217	194	0
2218	203	0
2219	181	0
2220	197	0
2221	161	0
2222	200	0
2223	192	0
2224	186	0
2225	198	0
2226	192	0
2227	207	0
2228	187	0
2229	163	0
2230	203	0
2231	179	0
2232	223	0
2233	206	0
2234	176	0
2235	182	0
2236	175	0
2237	179	0
2238	187	0
2239	209	0
2240	211	0
2241	185	0
2242	200	0
2243	215	0
2244	174	0
2245	186	0
2246	192	0
2247	221	0
2248	170	0
2249	195	0
2250	178	0
2251	201	0
2252	202	0
2253	201	0
2254	185	0
2255	200	0
2256	212	0
2257	194	0
2258	210	0
2259	196	0
2260	192	0
2261	231	0
2262	187	0
2263	161	0
2264	177	0
2265	182	0
2266	180	0
2267	182	0
2268	183	0
2269	201	0
2270	218	0
2271	198	0
2272	236	0
2273	192	0
2274	186	0
2275	177	0
2276	194	0
2277	190	0
2278	200	0
2279	204	0
2280	199	0
2281	206	0
2282	172	0
2283	170	0
2284	199	0
2285	197	0
2286	177	0
2287	206	0
2288	187	0
2289	191	0
2290	199	0
2291	200	0
2292	173	0
2293	207	0
2294	195	0
2295	202	0
2296	193	0
2297	202	0
2298	197	0
2299	195	0
2300	174	0
2301	235	0
2302	175	0
2303	193	0
2304	221	0
2305	189	0
2306	185	0
2307	225	0
2308	174	0
2309	205	0
2310	196	0
2311	189	0
2312	200	0
2313	192	0
2314	196	0
2315	188	0
2316	212	0
2317	190	0
2318	211	0
2319	195	0
2320	193	0
2321	185	0
2322	174	0
2323	199	0
2324	169	0
2325	201	0
2326	214	0
2327	189	0
2328	193	0
2329	193	0
2330	199	0
2331	204	0
2332	205	0
2333	195	0
2334	180	0
2335	219	0
2336	193	0
2337	195	0
2338	201	0
2339	190	0
2340	193	0
2341	194	0
2342	190	0
2343	216	0
2344	191	0
2345	177	0
2346	191	0
2347	193	0
2348	203	0
2349	200	0
2350	188	0
2351	168	0
2352	210	0
2353	196	0
2354	201	0
2355	174	0
2356	200	0
2357	171	0
2358	190	0
2359	187	0
2360	170	0
2361	197	0
2362	195	0
2363	196	0
2364	176	0
2365	216	0
2366	210	0
2367	185	0
2368	181	0
2369	187	0
2370	176	0
2371	187	0
2372	191	0
2373	201	0
2374	181	0
2375	197	0
2376	208	0
2377	191	0
2378	203	0
2379	204	0
2380	189	0
2381	205	0
2382	195	0
2383	211	0
2384	176	0
2385	187	0
2386	191	0
2387	209	0
2388	209	0
2389	179	0
2390	198	0
2391	199	0
2392	198	0
2393	215	0
2394	172	0
2395	194	0
2396	174	0
2397	187	0
2398	214	0
2399	198	0
2400	174	0
2401	206	0
2402	194	0
2403	196	0
2404	202	0
2405	202	0
2406	180	0
2407	195	0
2408	187	0
2409	171	0
2410	178	0
2411	187	0
2412	196	0
2413	206	0
2414	187	0
2415	222	0
2416	210	0
2417	185	0
2418	162	0
2419	184	0
2420	210	0
2421	188	0
2422	191	0
2423	186	0
2424	206	0
2425	185	0
2426	200	0
2427	218	0
2428	193	0
2429	185	0
2430	200	0
2431	203	0
2432	195	0
2433	179	0
2434	200	0
2435	228	0
2436	198	0
2437	200	0
2438	205	0
2439	204	0
2440	209	0
2441	196	0
2442	186	0
2443	193	0
2444	232	0
2445	208	0
2446	194	0
2447	187	0
2448	203	0
2449	193	0
2450	191	0
2451	194	0
2452	183	0
2453	183	0
2454	192	0
2455	170	0
2456	220	0
2457	191	0
2458	207	0
2459	211	0
2460	174	0
2461	202	0
2462	207	0
2463	193	0
2464	205	0
2465	222	0
2466	203	0
2467	190	0
2468	205	0
2469	168	0
2470	157	0
2471	200	0
2472	210	0
2473	216	0
2474	184	0
2475	197	0
2476	202	0
2477	173	0
2478	195	0
2479	195	0
2480	196	0
2481	162	0
2482	172	0
2483	179	0
2484	214	0
2485	181	0
2486	194	0
2487	205	0
2488	214	0
2489	169	0
2490	194	0
2491	181	0
2492	198	0
2493	199	0
2494	189	0
2495	199	0
2496	235	0
2497	185	0
2498	186	0
2499	186	0
2500	194	0
2501	230	0
2502	209	0
2503	189	0
2504	200	0
2505	206	0
2506	211	0
2507	179	0
2508	194	0
2509	205	0
2510	184	0
2511	189	0
2512	214	0
2513	202	0
2514	190	0
2515	191	0
2516	185	0
2517	188	0
2518	215	0
2519	197	0
2520	227	0
2521	227	0
2522	204	0
2523	203	0
2524	209	0
2525	209	0
2526	201	0
2527	182	0
2528	181	0
2529	188	0
2530	183	0
2531	186	0
2532	206	0
2533	218	0
2534	204	0
2535	198	0
2536	185	0
2537	198	0
2538	189	0
2539	207	0
2540	220	0
2541	221	0
2542	201	0
2543	195	0
2544	193	0
2545	198	0
2546	202	0
2547	199	0
2548	187	0
2549	196	0
2550	172	0
2551	173	0
2552	202	0
2553	186	0
2554	188	0
2555	198	0
2556	217	0
2557	196	0
2558	181	0
2559	192	0
2560	229	0
2561	209	0
2562	192	0
2563	190	0
2564	196	0
2565	197	0
2566	220	0
2567	197	0
2568	184	0
2569	184	0
2570	170	0
2571	179	0
2572	204	0
2573	216	0
2574	186	0
2575	225	0
2576	197	0
2577	191	0
2578	181	0
2579	184	0
2580	183	0
2581	190	0
2582	185	0
2583	185	0
2584	211	0
2585	199	0
2586	199	0
2587	193	0
2588	196	0
2589	197	0
2590	204	0
2591	211	0
2592	195	0
2593	212	0
2594	192	0
2595	172	0
2596	189	0
2597	186	0
2598	196	0
2599	201	0
2600	193	0
2601	191	0
2602	200	0
2603	206	0
2604	201	0
2605	222	0
2606	196	0
2607	186	0
2608	203	0
2609	194	0
2610	218	0
2611	192	0
2612	177	0
2613	210	0
2614	196	0
2615	211	0
2616	209	0
2617	219	0
2618	205	0
2619	196	0
2620	194	0
2621	188	0
2622	180	0
2623	200	0
2624	178	0
2625	207	0
2626	198	0
2627	172	0
2628	200	0
2629	207	0
2630	206	0
2631	201	0
2632	211	0
2633	194	0
2634	218	0
2635	207	0
2636	187	0
2637	220	0
2638	197	0
2639	212	0
2640	202	0
2641	174	0
2642	198	0
2643	178	0
2644	195	0
2645	215	0
2646	183	0
2647	202	0
2648	197	0
2649	207	0
2650	188	0
2651	207	0
2652	203	0
2653	175	0
2654	222	0
2655	219	0
2656	193	0
2657	170	0
2658	208	0
2659	188	0
2660	204	0
2661	204	0
2662	202	0
2663	174	0
2664	180	0
2665	174	0
2666	188	0
2667	214	0
2668	187	0
2669	192	0
2670	219	0
2671	203	0
2672	212	0
2673	197	0
2674	199	0
2675	187	0
2676	193	0
2677	173	0
2678	204	0
2679	177	0
2680	191	0
2681	223	0
2682	198	0
2683	194	0
2684	206	0
2685	191	0
2686	223	0
2687	206	0
2688	182	0
2689	197	0
2690	215	0
2691	179	0
2692	208	0
2693	214	0
2694	218	0
2695	183	0
2696	196	0
2697	189	0
2698	198	0
2699	187	0
2700	166	0
2701	230	0
2702	192	0
2703	218	0
2704	188	0
2705	178	0
2706	205	0
2707	192	0
2708	214	0
2709	183	0
2710	223	0
2711	196	0
2712	203	0
2713	174	0
2714	184	0
2715	191	0
2716	190	0
2717	201	0
2718	188	0
2719	181	0
2720	182	0
2721	182	0
2722	213	0
2723	191	0
2724	212	0
2725	189	0
2726	188	0
2727	188	0
2728	182	0
2729	206	0
2730	194	0
2731	169	0
2732	178	0
2733	206	0
2734	209	0
2735	214	0
2736	186	0
2737	197	0
2738	196	0
2739	190	0
2740	216	0
2741	177	0
2742	181	0
2743	201	0
2744	194	0
2745	176	0
2746	188	0
2747	211	0
2748	213	0
2749	197	0
2750	180	0
2751	196	0
2752	195	0
2753	190	0
2754	184	0
2755	199	0
2756	209	0
2757	210	0
2758	185	0
2759	179	0
2760	217	0
2761	205	0
2762	176	0
2763	207	0
2764	212	0
2765	215	0
2766	213	0
2767	196	0
2768	197	0
2769	173	0
2770	188	0
2771	199	0
2772	187	0
2773	197	0
2774	215	0
2775	196	0
2776	195	0
2777	178	0
2778	196	0
2779	184	0
2780	221	0
2781	211	0
2782	181	0
2783	189	0
2784	202	0
2785	196	0
2786	194	0
2787	191	0
2788	206	0
2789	181	0
2790	209	0
2791	188	0
2792	191	0
2793	203	0
2794	195	0
2795	206	0
2796	162	0
2797	221	0
2798	196	0
2799	189	0
2800	208	0
2801	221	0
2802	181	0
2803	204	0
2804	217	0
2805	201	0
2806	172	0
2807	201	0
2808	188	0
2809	203	0
2810	188	0
2811	220	0
2812	205	0
2813	237	0
2814	188	0
2815	212	0
2816	163	0
2817	189	0
2818	211	0
2819	183	0
2820	163	0
2821	184	0
2822	210	0
2823	186	0
2824	182	0
2825	212	0
2826	175	0
2827	175	0
2828	185	0
2829	170	0
2830	201	0
2831	213	0
2832	205	0
2833	199	0
2834	193	0
2835	204	0
2836	203	0
2837	194	0
2838	201	0
2839	208	0
2840	221	0
2841	180	0
2842	162	0
2843	192	0
2844	201	0
2845	197	0
2846	207	0
2847	194	0
2848	202	0
2849	198	0
2850	190	0
2851	189	0
2852	209	0
2853	204	0
2854	178	0
2855	194	0
2856	214	0
2857	196	0
2858	184	0
2859	178	0
2860	208	0
2861	185	0
2862	165	0
2863	205	0
2864	193	0
2865	197	0
2866	192	0
2867	210	0
2868	226	0
2869	193	0
2870	178	0
2871	209	0
2872	196	0
2873	206	0
2874	198	0
2875	189	0
2876	183	0
2877	180	0
2878	158	0
2879	209	0
2880	203	0
2881	152	0
2882	190	0
2883	194	0
2884	199	0
2885	188	0
2886	208	0
2887	217	0
2888	178	0
2889	186	0
2890	195	0
2891	184	0
2892	214	0
2893	211	0
2894	199	0
2895	209	0
2896	192	0
2897	171	0
2898	178	0
2899	197	0
2900	212	0
2901	194	0
2902	201	0
2903	210	0
2904	210	0
2905	197	0
2906	200	0
2907	176	0
2908	205	0
2909	229	0
2910	222	0
2911	209	0
2912	194	0
2913	177	0
2914	185	0
2915	191	0
2916	221	0
2917	202	0
2918	182	0
2919	179	0
2920	193	0
2921	164	0
2922	204	0
2923	206	0
2924	193	0
2925	191	0
2926	207	0
2927	191	0
2928	183	0
2929	181	0
2930	196	0
2931	203	0
2932	203	0
2933	203	0
2934	213	0
2935	183	0
2936	194	0
2937	199	0
2938	201	0
2939	199	0
2940	205	0
2941	221	0
2942	206	0
2943	214	0
2944	197	0
2945	189	0
2946	180	0
2947	189	0
2948	182	0
2949	183	0
2950	168	0
2951	215	0
2952	194	0
2953	206	0
2954	193	0
2955	198	0
2956	193	0
2957	202	0
2958	188	0
2959	202	0
2960	208	0
2961	196	0
2962	203	0
2963	218	0
2964	198	0
2965	230	0
2966	185	0
2967	210	0
2968	200	0
2969	189	0
2970	200	0
2971	181	0
2972	210	0
2973	196	0
2974	199	0
2975	189	0
2976	210	0
2977	195	0
2978	194	0
2979	188	0
2980	169	0
2981	231	0
2982	181	0
2983	202	0
2984	187	0
2985	194	0
2986	196	0
2987	210	0
2988	222	0
2989	216	0
2990	193	0
2991	217	0
2992	212	0
2993	208	0
2994	218	0
2995	192	0
2996	200	0
2997	190	0
2998	212	0
2999	199	0
3000	210	0
