1	183	0
2	192	0
3	210	0
4	197	0
5	211	0
6	212	0
7	189	0
8	201	0
9	216	0
10	192	0
11	218	0
12	178	0
13	163	0
14	190	0
15	201	0
16	197	0
17	213	0
18	210	0
19	193	0
20	191	0
21	195	0
22	198	0
23	190	0
24	198	0
25	198	0
26	192	0
27	207	0
28	202	0
29	188	0
30	178	0
31	189	0
32	188	0
33	191	0
34	199	0
35	203	0
36	168	0
37	202	0
38	190	0
39	197	0
40	180	0
41	196	0
42	190	0
43	195	0
44	203	0
45	204	0
46	219	0
47	209	0
48	197	0
49	202	0
50	185	0
51	197	0
52	198	0
53	187	0
54	209	0
55	186	0
56	209	0
57	187	0
58	207	0
59	195	0
60	192	0
61	189	0
62	201	0
63	204	0
64	199	0
65	195	0
66	233	0
67	207	0
68	201	0
69	224	0
70	208	0
71	200	0
72	201	0
73	178	0
74	193	0
75	212	0
76	227	0
77	219	0
78	215	0
79	241	0
80	196	0
81	191	0
82	219	0
83	198	0
84	195	0
85	189	0
86	187	0
87	212	0
88	182	0
89	194	0
90	188	0
91	207	0
92	179	0
93	201	0
94	196	0
95	182	0
96	215	0
97	199	0
98	201	0
99	196	0
100	188	0
101	201	0
102	195	0
103	203	0
104	172	0
105	180	0
106	180	0
107	209	0
108	184	0
109	221	0
110	214	0
111	195	0
112	162	0
113	215	0
114	216	0
115	184	0
116	218	0
117	192	0
118	169	0
119	183	0
120	205	0
121	229	0
122	210	0
123	198	0
124	197	0
125	197	0
126	196	0
127	187	0
128	208	0
129	200	0
130	197	0
131	214	0
132	185	0
133	208	0
134	228	0
135	187	0
136	205	0
137	191	0
138	206	0
139	188	0
140	180	0
141	222	0
142	197	0
143	181	0
144	183	0
145	189	0
146	185	0
147	184	0
148	187	0
149	193	0
150	185	0
151	186	0
152	196	0
153	198	0
154	197	0
155	218	0
156	200	0
157	199	0
158	186	0
159	180	0
160	183	0
161	211	0
162	213	0
163	215	0
164	213	0
165	229	0
166	207	0
167	190	0
168	215	0
169	203	0
170	210	0
171	226	0
172	192	0
173	218	0
174	193	0
175	209	0
176	198	0
177	206	0
178	192	0
179	189	0
180	198	0
181	175	0
182	181	0
183	190	0
184	191	0
185	185	0
186	204	0
187	204	0
188	197	0
189	189	0
190	204	0
191	199	0
192	204	0
193	197	0
194	204	0
195	180	0
196	180	0
197	219	0
198	193	0
199	186	0
200	183	0
201	228	0
202	201	0
203	197	0
204	198	0
205	188	0
206	214	0
207	226	0
208	190	0
209	205	0
210	185	0
211	226	0
212	179	0
213	202	0
214	200	0
215	195	0
216	195	0
217	171	0
218	201	0
219	180	0
220	201	0
221	216	0
222	185	0
223	177	0
224	177	0
225	209	0
226	208	0
227	194	0
228	191	0
229	190	0
230	193	0
231	201	0
232	200	0
233	188	0
234	197	0
235	207	0
236	203	0
237	206	0
238	197	0
239	203	0
240	191	0
241	219	0
242	196	0
243	209	0
244	194	0
245	181	0
246	202	0
247	186	0
248	200	0
249	195	0
250	188	0
251	192	0
252	219	0
253	212	0
254	208	0
255	199	0
256	205	0
257	188	0
258	196	0
259	176	0
260	208	0
261	198	0
262	214	0
263	192	0
264	205	0
265	209	0
266	209	0
267	181	0
268	208	0
269	197	0
270	196	0
271	202	0
272	201	0
273	188	0
274	210	0
275	180	0
276	201	0
277	191	0
278	214	0
279	194	0
280	186	0
281	211	0
282	180	0
283	195	0
284	193	0
285	202	0
286	188	0
287	220	0
288	190	0
289	189	0
290	213	0
291	205	0
292	188	0
293	186	0
294	187	0
295	173	0
296	201	0
297	217	0
298	199	0
299	194	0
300	207	0
301	198	0
302	206	0
303	202	0
304	220	0
305	193	0
306	186	0
307	185	0
308	210	0
309	216	0
310	196	0
311	207	0
312	196	0
313	192	0
314	219	0
315	157	0
316	221	0
317	199	0
318	195	0
319	198	0
320	182	0
321	226	0
322	201	0
323	223	0
324	213	0
325	168	0
326	200	0
327	192	0
328	208	0
329	231	0
330	174	0
331	186	0
332	214	0
333	184	0
334	197	0
335	190	0
336	212	0
337	193	0
338	200	0
339	184	0
340	197	0
341	206	0
342	198	0
343	203	0
344	200	0
345	175	0
346	222	0
347	183	0
348	192	0
349	168	0
350	181	0
351	177	0
352	182	0
353	202	0
354	180	0
355	185	0
356	215	0
357	202	0
358	189	0
359	192	0
360	203	0
361	205	0
362	205	0
363	188	0
364	179	0
365	206	0
366	215	0
367	195	0
368	171	0
369	200	0
370	189	0
371	204	0
372	189	0
373	180	0
374	199	0
375	223	0
376	225	0
377	187	0
378	197	0
379	210	0
380	193	0
381	188	0
382	212	0
383	190	0
384	181	0
385	195	0
386	216	0
387	164	0
388	199	0
389	201	0
390	196	0
391	195	0
392	204	0
393	194	0
394	190	0
395	186	0
396	212	0
397	224	0
398	195	0
399	214	0
400	203	0
401	201	0
402	208	0
403	184	0
404	196	0
405	210	0
406	204	0
407	197	0
408	213	0
409	209	0
410	175	0
411	174	0
412	224	0
413	228	0
414	194	0
415	207	0
416	197	0
417	203	0
418	209	0
419	193	0
420	181	0
421	211	0
422	206	0
423	195	0
424	205	0
425	159	0
426	176	0
427	215	0
428	213	0
429	194	0
430	208	0
431	197	0
432	202	0
433	202	0
434	186	0
435	200	0
436	196	0
437	189	0
438	205	0
439	195	0
440	221	0
441	203	0
442	188	0
443	178	0
444	199	0
445	186	0
446	220	0
447	201	0
448	186	0
449	198	0
450	215	0
451	221	0
452	210	0
453	193	0
454	215	0
455	206	0
456	164	0
457	185	0
458	199	0
459	206	0
460	195	0
461	203	0
462	199	0
463	181	0
464	175	0
465	188	0
466	190	0
467	217	0
468	172	0
469	189	0
470	207	0
471	211	0
472	196	0
473	212	0
474	193	0
475	205	0
476	196	0
477	227	0
478	172	0
479	198	0
480	181	0
481	187	0
482	201	0
483	197	0
484	202	0
485	223	0
486	205	0
487	207	0
488	195	0
489	199	0
490	200	0
491	199	0
492	201	0
493	190	0
494	223	0
495	212	0
496	211	0
497	203	0
498	205	0
499	180	0
500	178	0
501	205	0
502	200	0
503	192	0
504	187	0
505	196	0
506	208	0
507	207	0
508	209	0
509	193	0
510	219	0
511	179	0
512	203	0
513	212	0
514	210	0
515	188	0
516	186	0
517	177	0
518	183	0
519	208	0
520	205	0
521	212	0
522	221	0
523	215	0
524	195	0
525	212	0
526	174	0
527	159	0
528	185	0
529	168	0
530	212	0
531	200	0
532	181	0
533	209	0
534	201	0
535	178	0
536	220	0
537	193	0
538	204	0
539	222	0
540	196	0
541	205	0
542	198	0
543	207	0
544	191	0
545	216	0
546	177	0
547	198	0
548	193	0
549	184	0
550	195	0
551	202	0
552	204	0
553	198	0
554	213	0
555	197	0
556	186	0
557	166	0
558	176	0
559	201	0
560	197	0
561	200	0
562	219	0
563	208	0
564	201	0
565	224	0
566	212	0
567	209	0
568	199	0
569	185	0
570	179	0
571	188	0
572	164	0
573	201	0
574	196	0
575	202	0
576	215	0
577	181	0
578	198	0
579	199	0
580	196	0
581	204	0
582	229	0
583	199	0
584	206	0
585	206	0
586	200	0
587	218	0
588	193	0
589	213	0
590	189	0
591	192	0
592	188	0
593	171	0
594	200	0
595	207	0
596	208	0
597	213	0
598	178	0
599	202	0
600	204	0
601	192	0
602	201	0
603	178	0
604	221	0
605	229	0
606	199	0
607	213	0
608	188	0
609	192	0
610	194	0
611	228	0
612	212	0
613	176	0
614	192	0
615	210	0
616	204	0
617	220	0
618	211	0
619	188	0
620	181	0
621	201	0
622	184	0
623	201	0
624	194	0
625	170	0
626	193	0
627	170	0
628	226	0
629	178	0
630	236	0
631	218	0
632	197	0
633	208	0
634	205	0
635	207	0
636	196	0
637	193	0
638	203	0
639	175	0
640	180	0
641	187	0
642	194	0
643	196	0
644	203	0
645	212	0
646	202	0
647	197	0
648	187	0
649	179	0
650	183	0
651	202	0
652	181	0
653	221	0
654	190	0
655	187	0
656	173	0
657	210	0
658	182	0
659	213	0
660	172	0
661	203	0
662	213	0
663	197	0
664	189	0
665	199	0
666	202	0
667	172	0
668	176	0
669	161	0
670	219	0
671	192	0
672	192	0
673	200	0
674	195	0
675	194	0
676	226	0
677	215	0
678	199	0
679	196	0
680	221	0
681	200	0
682	192	0
683	191	0
684	202	0
685	222	0
686	204	0
687	212	0
688	205	0
689	201	0
690	200	0
691	213	0
692	186	0
693	224	0
694	184	0
695	208	0
696	205	0
697	188	0
698	203	0
699	228	0
700	192	0
701	212	0
702	180	0
703	189	0
704	195	0
705	178	0
706	194	0
707	202	0
708	213	0
709	193	0
710	244	0
711	202	0
712	207	0
713	208	0
714	172	0
715	204	0
716	173	0
717	203	0
718	180	0
719	198	0
720	185	0
721	199	0
722	195	0
723	185	0
724	205	0
725	212	0
726	191	0
727	201	0
728	215	0
729	190	0
730	196	0
731	174	0
732	201	0
733	191	0
734	191	0
735	220	0
736	220	0
737	205	0
738	175	0
739	206	0
740	195	0
741	182	0
742	202	0
743	203	0
744	217	0
745	187	0
746	195	0
747	201	0
748	192	0
749	218	0
750	206	0
751	206	0
752	199	0
753	202	0
754	202	0
755	196	0
756	216	0
757	184	0
758	195	0
759	208	0
760	199	0
761	205	0
762	171	0
763	209	0
764	224	0
765	222	0
766	197	0
767	212	0
768	187	0
769	186	0
770	184	0
771	194	0
772	212	0
773	185	0
774	200	0
775	211	0
776	245	0
777	213	0
778	205	0
779	208	0
780	204	0
781	194	0
782	207	0
783	178	0
784	199	0
785	202	0
786	197	0
787	214	0
788	216	0
789	207	0
790	194	0
791	194	0
792	195	0
793	210	0
794	197	0
795	185	0
796	194	0
797	198	0
798	210	0
799	171	0
800	180	0
801	209	0
802	203	0
803	196	0
804	203	0
805	207	0
806	183	0
807	179	0
808	200	0
809	223	0
810	210	0
811	194	0
812	175	0
813	189	0
814	219	0
815	183	0
816	210	0
817	198	0
818	197	0
819	199	0
820	196	0
821	222	0
822	207	0
823	173	0
824	177	0
825	221	0
826	202	0
827	172	0
828	202	0
829	187	0
830	215	0
831	215	0
832	217	0
833	186	0
834	206	0
835	222	0
836	174	0
837	209	0
838	181	0
839	207	0
840	204	0
841	195	0
842	196	0
843	201	0
844	209	0
845	222	0
846	187	0
847	211	0
848	197	0
849	217	0
850	216	0
851	198	0
852	185	0
853	211	0
854	182	0
855	203	0
856	199	0
857	162	0
858	189	0
859	194	0
860	173	0
861	195	0
862	194	0
863	197	0
864	193	0
865	173	0
866	199	0
867	188	0
868	199	0
869	191	0
870	186	0
871	191	0
872	194	0
873	206	0
874	184	0
875	203	0
876	192	0
877	207	0
878	220	0
879	177	0
880	207	0
881	208	0
882	195	0
883	195	0
884	216	0
885	195	0
886	188	0
887	184	0
888	195	0
889	192	0
890	181	0
891	172	0
892	191	0
893	178	0
894	209	0
895	192	0
896	176	0
897	195	0
898	191	0
899	185	0
900	221	0
901	197	0
902	208	0
903	209	0
904	188	0
905	196	0
906	178	0
907	194	0
908	200	0
909	205	0
910	200	0
911	196	0
912	206	0
913	204	0
914	182	0
915	198	0
916	204	0
917	191	0
918	192	0
919	199	0
920	201	0
921	222	0
922	205	0
923	212	0
924	189	0
925	182	0
926	218	0
927	224	0
928	186	0
929	205	0
930	174	0
931	224	0
932	185	0
933	200	0
934	195	0
935	200	0
936	192	0
937	217	0
938	204	0
939	173	0
940	200	0
941	222	0
942	192	0
943	186	0
944	189	0
945	180	0
946	197	0
947	187	0
948	218	0
949	202	0
950	195	0
951	201	0
952	181	0
953	195	0
954	203	0
955	193	0
956	211	0
957	194	0
958	180	0
959	211	0
960	198	0
961	179	0
962	210	0
963	182	0
964	194	0
965	216	0
966	200	0
967	189	0
968	189	0
969	201	0
970	207	0
971	194	0
972	184	0
973	204	0
974	198	0
975	189	0
976	195	0
977	171	0
978	209	0
979	214	0
980	215	0
981	224	0
982	221	0
983	211	0
984	180	0
985	193	0
986	197	0
987	188	0
988	191	0
989	182	0
990	173	0
991	182	0
992	225	0
993	182	0
994	199	0
995	177	0
996	192	0
997	178	0
998	196	0
999	201	0
1000	197	0
1001	196	0
1002	189	0
1003	188	0
1004	193	0
1005	207	0
1006	188	0
1007	205	0
1008	211	0
1009	196	0
1010	191	0
1011	178	0
1012	208	0
1013	194	0
1014	193	0
1015	202	0
1016	169	0
1017	188	0
1018	204	0
1019	191	0
1020	212	0
1021	200	0
1022	202	0
1023	193	0
1024	206	0
1025	172	0
1026	191	0
1027	193	0
1028	198	0
1029	183	0
1030	219	0
1031	210	0
1032	200	0
1033	198	0
1034	192	0
1035	200	0
1036	200	0
1037	191	0
1038	210	0
1039	175	0
1040	198	0
1041	189	0
1042	203	0
1043	190	0
1044	216	0
1045	189	0
1046	194	0
1047	192	0
1048	193	0
1049	193	0
1050	185	0
1051	175	0
1052	190	0
1053	212	0
1054	206	0
1055	231	0
1056	190	0
1057	213	0
1058	216	0
1059	225	0
1060	199	0
1061	209	0
1062	208	0
1063	192	0
1064	212	0
1065	182	0
1066	195	0
1067	223	0
1068	199	0
1069	210	0
1070	189	0
1071	211	0
1072	196	0
1073	181	0
1074	204	0
1075	177	0
1076	201	0
1077	174	0
1078	196	0
1079	205	0
1080	184	0
1081	194	0
1082	199	0
1083	196	0
1084	208	0
1085	170	0
1086	197	0
1087	160	0
1088	201	0
1089	199	0
1090	207	0
1091	208	0
1092	192	0
1093	210	0
1094	186	0
1095	199	0
1096	206	0
1097	202	0
1098	197	0
1099	204	0
1100	184	0
1101	185	0
1102	176	0
1103	207	0
1104	224	0
1105	198	0
1106	190	0
1107	211	0
1108	203	0
1109	199	0
1110	200	0
1111	190	0
1112	205	0
1113	204	0
1114	208	0
1115	204	0
1116	188	0
1117	207	0
1118	188	0
1119	233	0
1120	226	0
1121	212	0
1122	183	0
1123	186	0
1124	202	0
1125	228	0
1126	195	0
1127	202	0
1128	203	0
1129	201	0
1130	200	0
1131	203	0
1132	179	0
1133	200	0
1134	186	0
1135	182	0
1136	185	0
1137	210	0
1138	208	0
1139	201	0
1140	206	0
1141	178	0
1142	208	0
1143	173	0
1144	203	0
1145	198	0
1146	172	0
1147	214	0
1148	210	0
1149	191	0
1150	208	0
1151	215	0
1152	188	0
1153	210	0
1154	213	0
1155	210	0
1156	188	0
1157	205	0
1158	210	0
1159	205	0
1160	204	0
1161	177	0
1162	187	0
1163	211	0
1164	205	0
1165	202	0
1166	188	0
1167	198	0
1168	188	0
1169	204	0
1170	207	0
1171	180	0
1172	172	0
1173	177	0
1174	200	0
1175	175	0
1176	201	0
1177	194	0
1178	229	0
1179	219	0
1180	195	0
1181	195	0
1182	196	0
1183	201	0
1184	214	0
1185	159	0
1186	181	0
1187	187	0
1188	194	0
1189	192	0
1190	233	0
1191	188	0
1192	161	0
1193	176	0
1194	210	0
1195	204	0
1196	206	0
1197	203	0
1198	212	0
1199	217	0
1200	216	0
1201	194	0
1202	184	0
1203	213	0
1204	169	0
1205	218	0
1206	189	0
1207	196	0
1208	208	0
1209	219	0
1210	189	0
1211	197	0
1212	212	0
1213	210	0
1214	224	0
1215	220	0
1216	175	0
1217	198	0
1218	188	0
1219	203	0
1220	204	0
1221	176	0
1222	203	0
1223	192	0
1224	183	0
1225	218	0
1226	177	0
1227	187	0
1228	196	0
1229	197	0
1230	221	0
1231	215	0
1232	201	0
1233	199	0
1234	200	0
1235	178	0
1236	209	0
1237	225	0
1238	186	0
1239	189	0
1240	223	0
1241	208	0
1242	198	0
1243	198	0
1244	191	0
1245	174	0
1246	200	0
1247	186	0
1248	209	0
1249	194	0
1250	187	0
1251	195	0
1252	191	0
1253	199	0
1254	217	0
1255	196	0
1256	206	0
1257	209	0
1258	221	0
1259	199	0
1260	206	0
1261	211	0
1262	188	0
1263	199	0
1264	181	0
1265	203	0
1266	211	0
1267	216	0
1268	193	0
1269	189	0
1270	218	0
1271	207	0
1272	203	0
1273	185	0
1274	188	0
1275	198	0
1276	173	0
1277	202	0
1278	207	0
1279	181	0
1280	195	0
1281	209	0
1282	198	0
1283	203	0
1284	213	0
1285	205	0
1286	202	0
1287	201	0
1288	202	0
1289	193	0
1290	207	0
1291	193	0
1292	196	0
1293	199	0
1294	185	0
1295	201	0
1296	214	0
1297	187	0
1298	185	0
1299	191	0
1300	197	0
1301	211	0
1302	171	0
1303	185	0
1304	206	0
1305	222	0
1306	193	0
1307	177	0
1308	192	0
1309	187	0
1310	205	0
1311	186	0
1312	218	0
1313	186	0
1314	198	0
1315	184	0
1316	211	0
1317	190	0
1318	209	0
1319	219	0
1320	195	0
1321	214	0
1322	175	0
1323	182	0
1324	185	0
1325	177	0
1326	223	0
1327	221	0
1328	206	0
1329	227	0
1330	192	0
1331	184	0
1332	186	0
1333	204	0
1334	185	0
1335	197	0
1336	229	0
1337	191	0
1338	184	0
1339	181	0
1340	197	0
1341	207	0
1342	200	0
1343	209	0
1344	204	0
1345	186	0
1346	194	0
1347	202	0
1348	208	0
1349	197	0
1350	252	0
1351	211	0
1352	218	0
1353	201	0
1354	205	0
1355	224	0
1356	217	0
1357	205	0
1358	200	0
1359	207	0
1360	184	0
1361	177	0
1362	210	0
1363	204	0
1364	210	0
1365	194	0
1366	191	0
1367	202	0
1368	182	0
1369	199	0
1370	204	0
1371	196	0
1372	205	0
1373	202	0
1374	219	0
1375	207	0
1376	189	0
1377	208	0
1378	202	0
1379	209	0
1380	188	0
1381	176	0
1382	200	0
1383	200	0
1384	208	0
1385	206	0
1386	187	0
1387	190	0
1388	187	0
1389	194	0
1390	190	0
1391	217	0
1392	217	0
1393	180	0
1394	221	0
1395	209	0
1396	199	0
1397	177	0
1398	206	0
1399	184	0
1400	184	0
1401	184	0
1402	203	0
1403	196	0
1404	202	0
1405	196	0
1406	196	0
1407	203	0
1408	188	0
1409	179	0
1410	182	0
1411	191	0
1412	180	0
1413	181	0
1414	203	0
1415	169	0
1416	192	0
1417	179	0
1418	197	0
1419	215	0
1420	213	0
1421	209	0
1422	228	0
1423	210	0
1424	201	0
1425	210	0
1426	182	0
1427	204	0
1428	194	0
1429	191	0
1430	202	0
1431	210	0
1432	220	0
1433	179	0
1434	178	0
1435	187	0
1436	226	0
1437	232	0
1438	174	0
1439	179	0
1440	200	0
1441	159	0
1442	192	0
1443	192	0
1444	219	0
1445	205	0
1446	180	0
1447	195	0
1448	187	0
1449	184	0
1450	225	0
1451	216	0
1452	201	0
1453	201	0
1454	208	0
1455	218	0
1456	175	0
1457	196	0
1458	164	0
1459	210	0
1460	200	0
1461	199	0
1462	176	0
1463	188	0
1464	203	0
1465	196	0
1466	183	0
1467	205	0
1468	162	0
1469	204	0
1470	193	0
1471	231	0
1472	199	0
1473	188	0
1474	189	0
1475	193	0
1476	156	0
1477	189	0
1478	206	0
1479	208	0
1480	192	0
1481	205	0
1482	201	0
1483	207	0
1484	202	0
1485	217	0
1486	196	0
1487	223	0
1488	212	0
1489	193	0
1490	214	0
1491	201	0
1492	185	0
1493	227	0
1494	204	0
1495	185	0
1496	178	0
1497	171	0
1498	204	0
1499	197	0
1500	204	0
1501	182	0
1502	213	0
1503	184	0
1504	199	0
1505	219	0
1506	224	0
1507	180	0
1508	211	0
1509	195	0
1510	233	0
1511	179	0
1512	206	0
1513	180	0
1514	204	0
1515	235	0
1516	221	0
1517	189	0
1518	191	0
1519	220	0
1520	208	0
1521	195	0
1522	182	0
1523	203	0
1524	180	0
1525	205	0
1526	205	0
1527	186	0
1528	189	0
1529	201	0
1530	200	0
1531	214	0
1532	200	0
1533	193	0
1534	180	0
1535	199	0
1536	184	0
1537	214	0
1538	186	0
1539	220	0
1540	201	0
1541	224	0
1542	208	0
1543	232	0
1544	178	0
1545	196	0
1546	218	0
1547	192	0
1548	207	0
1549	189	0
1550	206	0
1551	219	0
1552	212	0
1553	215	0
1554	170	0
1555	195	0
1556	203	0
1557	196	0
1558	175	0
1559	214	0
1560	175	0
1561	200	0
1562	186	0
1563	197	0
1564	210	0
1565	195	0
1566	199	0
1567	213	0
1568	212	0
1569	193	0
1570	195	0
1571	175	0
1572	191	0
1573	213	0
1574	190	0
1575	187	0
1576	183	0
1577	208	0
1578	222	0
1579	184	0
1580	213	0
1581	217	0
1582	202	0
1583	187	0
1584	220	0
1585	199	0
1586	189	0
1587	218	0
1588	164	0
1589	186	0
1590	205	0
1591	178	0
1592	186	0
1593	192	0
1594	197	0
1595	174	0
1596	242	0
1597	197	0
1598	206	0
1599	201	0
1600	202	0
1601	198	0
1602	212	0
1603	214	0
1604	175	0
1605	206	0
1606	188	0
1607	209	0
1608	198	0
1609	207	0
1610	206	0
1611	199	0
1612	190	0
1613	246	0
1614	201	0
1615	222	0
1616	211	0
1617	198	0
1618	213	0
1619	204	0
1620	210	0
1621	213	0
1622	198	0
1623	176	0
1624	194	0
1625	207	0
1626	197	0
1627	225	0
1628	191	0
1629	232	0
1630	178	0
1631	213	0
1632	194	0
1633	184	0
1634	222	0
1635	199	0
1636	194	0
1637	195	0
1638	191	0
1639	198	0
1640	216	0
1641	194	0
1642	190	0
1643	170	0
1644	213	0
1645	176	0
1646	200	0
1647	203	0
1648	209	0
1649	199	0
1650	205	0
1651	189	0
1652	213	0
1653	198	0
1654	194	0
1655	217	0
1656	208	0
1657	188	0
1658	183	0
1659	199	0
1660	201	0
1661	195	0
1662	191	0
1663	196	0
1664	214	0
1665	188	0
1666	197	0
1667	200	0
1668	201	0
1669	194	0
1670	190	0
1671	181	0
1672	187	0
1673	186	0
1674	177	0
1675	191	0
1676	200	0
1677	209	0
1678	195	0
1679	196	0
1680	203	0
1681	218	0
1682	196	0
1683	182	0
1684	188	0
1685	177	0
1686	196	0
1687	194	0
1688	190	0
1689	204	0
1690	184	0
1691	205	0
1692	193	0
1693	212	0
1694	211	0
1695	196	0
1696	208	0
1697	194	0
1698	193	0
1699	198	0
1700	210	0
1701	215	0
1702	193	0
1703	204	0
1704	187	0
1705	183	0
1706	175	0
1707	211	0
1708	195	0
1709	217	0
1710	176	0
1711	204	0
1712	197	0
1713	195	0
1714	201	0
1715	204	0
1716	190	0
1717	203	0
1718	213	0
1719	202	0
1720	170	0
1721	231	0
1722	201	0
1723	216	0
1724	191	0
1725	205	0
1726	206	0
1727	197	0
1728	216	0
1729	190	0
1730	233	0
1731	172	0
1732	212	0
1733	210	0
1734	181	0
1735	224	0
1736	205	0
1737	174	0
1738	207	0
1739	195	0
1740	195	0
1741	217	0
1742	190	0
1743	230	0
1744	174	0
1745	196	0
1746	181	0
1747	197	0
1748	181	0
1749	169	0
1750	170	0
1751	204	0
1752	188	0
1753	195	0
1754	178	0
1755	219	0
1756	203	0
1757	208	0
1758	183	0
1759	179	0
1760	191	0
1761	188	0
1762	199	0
1763	212	0
1764	198	0
1765	223	0
1766	219	0
1767	199	0
1768	181	0
1769	199	0
1770	187	0
1771	205	0
1772	188	0
1773	195	0
1774	200	0
1775	182	0
1776	175	0
1777	185	0
1778	204	0
1779	180	0
1780	204	0
1781	195	0
1782	169	0
1783	194	0
1784	214	0
1785	201	0
1786	199	0
1787	190	0
1788	180	0
1789	197	0
1790	216	0
1791	180	0
1792	176	0
1793	185	0
1794	211	0
1795	200	0
1796	204	0
1797	209	0
1798	210	0
1799	226	0
1800	220	0
1801	208	0
1802	185	0
1803	213	0
1804	201	0
1805	198	0
1806	202	0
1807	186	0
1808	173	0
1809	191	0
1810	210	0
1811	176	0
1812	191	0
1813	194	0
1814	189	0
1815	185	0
1816	196	0
1817	204	0
1818	205	0
1819	178	0
1820	200	0
1821	191	0
1822	193	0
1823	205	0
1824	195	0
1825	189	0
1826	191	0
1827	200	0
1828	208	0
1829	191	0
1830	165	0
1831	209	0
1832	189	0
1833	192	0
1834	187	0
1835	195	0
1836	199	0
1837	166	0
1838	202	0
1839	184	0
1840	220	0
1841	222	0
1842	207	0
1843	202	0
1844	208	0
1845	208	0
1846	195	0
1847	211	0
1848	212	0
1849	187	0
1850	187	0
1851	187	0
1852	211	0
1853	195	0
1854	201	0
1855	173	0
1856	207	0
1857	189	0
1858	191	0
1859	209	0
1860	194	0
1861	220	0
1862	199	0
1863	206	0
1864	201	0
1865	195	0
1866	205	0
1867	214	0
1868	214	0
1869	209	0
1870	179	0
1871	178	0
1872	203	0
1873	186	0
1874	205	0
1875	199	0
1876	207	0
1877	201	0
1878	199	0
1879	190	0
1880	195	0
1881	205	0
1882	220	0
1883	188	0
1884	204	0
1885	194	0
1886	203	0
1887	204	0
1888	191	0
1889	198	0
1890	218	0
1891	194	0
1892	186	0
1893	189	0
1894	212	0
1895	205	0
1896	199	0
1897	187	0
1898	210	0
1899	210	0
1900	175	0
1901	219	0
1902	206	0
1903	221	0
1904	202	0
1905	189	0
1906	197	0
1907	193	0
1908	182	0
1909	208	0
1910	209	0
1911	215	0
1912	207	0
1913	180	0
1914	180	0
1915	194	0
1916	185	0
1917	186	0
1918	188	0
1919	190	0
1920	186	0
1921	187	0
1922	210	0
1923	212	0
1924	171	0
1925	227	0
1926	207	0
1927	177	0
1928	195	0
1929	196	0
1930	184	0
1931	188	0
1932	214	0
1933	194	0
1934	195	0
1935	203	0
1936	214	0
1937	223	0
1938	194	0
1939	198	0
1940	195	0
1941	222	0
1942	212	0
1943	183	0
1944	178	0
1945	178	0
1946	217	0
1947	210	0
1948	174	0
1949	197	0
1950	201	0
1951	183	0
1952	168	0
1953	208	0
1954	193	0
1955	223	0
1956	158	0
1957	199	0
1958	231	0
1959	191	0
1960	195	0
1961	215	0
1962	195	0
1963	198	0
1964	200	0
1965	184	0
1966	168	0
1967	216	0
1968	201	0
1969	181	0
1970	199	0
1971	183	0
1972	213	0
1973	205	0
1974	201	0
1975	183	0
1976	180	0
1977	178	0
1978	180	0
1979	207	0
1980	223	0
1981	194	0
1982	180	0
1983	202	0
1984	193	0
1985	195	0
1986	198	0
1987	212	0
1988	196	0
1989	177	0
1990	187	0
1991	202	0
1992	187	0
1993	225	0
1994	194	0
1995	201	0
1996	188	0
1997	207	0
1998	198	0
1999	210	0
2000	190	0
2001	220	0
2002	200	0
2003	208	0
2004	191	0
2005	199	0
2006	195	0
2007	212	0
2008	203	0
2009	233	0
2010	235	0
2011	211	0
2012	218	0
2013	223	0
2014	187	0
2015	217	0
2016	211	0
2017	221	0
2018	204	0
2019	218	0
2020	186	0
2021	218	0
2022	216	0
2023	173	0
2024	202	0
2025	200	0
2026	223	0
2027	201	0
2028	216	0
2029	200	0
2030	214	0
2031	190	0
2032	213	0
2033	179	0
2034	204	0
2035	191	0
2036	214	0
2037	225	0
2038	214	0
2039	192	0
2040	204	0
2041	203	0
2042	190	0
2043	200	0
2044	185	0
2045	215	0
2046	205	0
2047	186	0
2048	223	0
2049	207	0
2050	188	0
2051	218	0
2052	193	0
2053	212	0
2054	185	0
2055	202	0
2056	202	0
2057	192	0
2058	181	0
2059	198	0
2060	202	0
2061	184	0
2062	210	0
2063	212	0
2064	192	0
2065	190	0
2066	188	0
2067	201	0
2068	182	0
2069	230	0
2070	192	0
2071	223	0
2072	219	0
2073	196	0
2074	205	0
2075	196	0
2076	165	0
2077	222	0
2078	202	0
2079	195	0
2080	218	0
2081	178	0
2082	204	0
2083	215	0
2084	196	0
2085	190	0
2086	196	0
2087	202	0
2088	199	0
2089	207	0
2090	204	0
2091	177	0
2092	196	0
2093	202	0
2094	203	0
2095	221	0
2096	214	0
2097	173	0
2098	204	0
2099	190	0
2100	202	0
2101	202	0
2102	215	0
2103	215	0
2104	188	0
2105	189	0
2106	207	0
2107	210	0
2108	225	0
2109	211	0
2110	218	0
2111	182	0
2112	188	0
2113	235	0
2114	220	0
2115	190	0
2116	219	0
2117	228	0
2118	196	0
2119	193	0
2120	215	0
2121	209	0
2122	190	0
2123	195	0
2124	199	0
2125	200	0
2126	195	0
2127	223	0
2128	220	0
2129	221	0
2130	180	0
2131	204	0
2132	214	0
2133	200	0
2134	230	0
2135	185	0
2136	197	0
2137	221	0
2138	190	0
2139	160	0
2140	198	0
2141	201	0
2142	213	0
2143	202	0
2144	216	0
2145	207	0
2146	206	0
2147	205	0
2148	202	0
2149	194	0
2150	200	0
2151	188	0
2152	195	0
2153	214	0
2154	192	0
2155	201	0
2156	206	0
2157	196	0
2158	189	0
2159	213	0
2160	191	0
2161	217	0
2162	202	0
2163	209	0
2164	195	0
2165	200	0
2166	204	0
2167	208	0
2168	195	0
2169	198	0
2170	223	0
2171	203	0
2172	190	0
2173	207	0
2174	172	0
2175	188	0
2176	193	0
2177	202	0
2178	175	0
2179	187	0
2180	188	0
2181	208	0
2182	192	0
2183	216	0
2184	212	0
2185	204	0
2186	183	0
2187	198	0
2188	201	0
2189	219	0
2190	203	0
2191	213	0
2192	180	0
2193	187	0
2194	183	0
2195	183	0
2196	190	0
2197	196	0
2198	170	0
2199	188	0
2200	225	0
2201	185	0
2202	187	0
2203	208	0
2204	189	0
2205	192	0
2206	159	0
2207	223	0
2208	210	0
2209	216	0
2210	182	0
2211	205	0
2212	195	0
2213	211	0
2214	196	0
2215	230	0
2216	210	0
2217	175	0
2218	190	0
2219	216	0
2220	219	0
2221	208	0
2222	228	0
2223	190	0
2224	210	0
2225	189	0
2226	178	0
2227	172	0
2228	164	0
2229	205	0
2230	176	0
2231	208	0
2232	205	0
2233	189	0
2234	202	0
2235	186	0
2236	189	0
2237	217	0
2238	196	0
2239	224	0
2240	188	0
2241	193	0
2242	203	0
2243	186	0
2244	187	0
2245	198	0
2246	197	0
2247	198	0
2248	210	0
2249	197	0
2250	198	0
2251	206	0
2252	213	0
2253	205	0
2254	184	0
2255	187	0
2256	181	0
2257	210	0
2258	195	0
2259	183	0
2260	201	0
2261	188	0
2262	180	0
2263	191	0
2264	193	0
2265	195	0
2266	218	0
2267	200	0
2268	212	0
2269	203	0
2270	212	0
2271	184	0
2272	183	0
2273	192	0
2274	185	0
2275	205	0
2276	209	0
2277	161	0
2278	218	0
2279	212	0
2280	181	0
2281	194	0
2282	193	0
2283	185	0
2284	200	0
2285	214	0
2286	229	0
2287	188	0
2288	206	0
2289	199	0
2290	185	0
2291	204	0
2292	198	0
2293	174	0
2294	206	0
2295	167	0
2296	194	0
2297	179	0
2298	228	0
2299	208	0
2300	197	0
2301	171	0
2302	186	0
2303	226	0
2304	187	0
2305	198	0
2306	194	0
2307	204	0
2308	208	0
2309	202	0
2310	192	0
2311	202	0
2312	189	0
2313	178	0
2314	184	0
2315	194	0
2316	201	0
2317	178	0
2318	192	0
2319	196	0
2320	219	0
2321	215	0
2322	184	0
2323	202	0
2324	207	0
2325	175	0
2326	197	0
2327	195	0
2328	193	0
2329	213	0
2330	193	0
2331	176	0
2332	209	0
2333	193	0
2334	212	0
2335	204	0
2336	175	0
2337	229	0
2338	199	0
2339	215	0
2340	172	0
2341	161	0
2342	212	0
2343	168	0
2344	203	0
2345	201	0
2346	189	0
2347	190	0
2348	214	0
2349	186	0
2350	201	0
2351	217	0
2352	194	0
2353	208	0
2354	210	0
2355	200	0
2356	191	0
2357	167	0
2358	216	0
2359	197	0
2360	208	0
2361	201	0
2362	203	0
2363	158	0
2364	203	0
2365	170	0
2366	216	0
2367	202	0
2368	190	0
2369	206	0
2370	182	0
2371	191	0
2372	209	0
2373	201	0
2374	184	0
2375	211	0
2376	189	0
2377	198	0
2378	198	0
2379	229	0
2380	196	0
2381	203	0
2382	201	0
2383	194	0
2384	196	0
2385	185	0
2386	195	0
2387	209	0
2388	170	0
2389	187	0
2390	180	0
2391	200	0
2392	191	0
2393	192	0
2394	205	0
2395	215	0
2396	197	0
2397	222	0
2398	209	0
2399	215	0
2400	189	0
2401	184	0
2402	178	0
2403	180	0
2404	190	0
2405	189	0
2406	202	0
2407	209	0
2408	201	0
2409	179	0
2410	200	0
2411	198	0
2412	196	0
2413	203	0
2414	221	0
2415	190	0
2416	192	0
2417	195	0
2418	191	0
2419	202	0
2420	179	0
2421	195	0
2422	194	0
2423	182	0
2424	216	0
2425	192	0
2426	199	0
2427	202	0
2428	213	0
2429	190	0
2430	193	0
2431	210	0
2432	192	0
2433	184	0
2434	182	0
2435	192	0
2436	199	0
2437	182	0
2438	212	0
2439	200	0
2440	206	0
2441	196	0
2442	196	0
2443	198	0
2444	200	0
2445	199	0
2446	190	0
2447	210	0
2448	200	0
2449	181	0
2450	203	0
2451	199	0
2452	202	0
2453	219	0
2454	188	0
2455	204	0
2456	192	0
2457	183	0
2458	178	0
2459	169	0
2460	194	0
2461	220	0
2462	195	0
2463	192	0
2464	171	0
2465	186	0
2466	191	0
2467	204	0
2468	196	0
2469	186	0
2470	171	0
2471	193	0
2472	202	0
2473	207	0
2474	205	0
2475	173	0
2476	193	0
2477	189	0
2478	203	0
2479	213	0
2480	193	0
2481	205	0
2482	191	0
2483	211	0
2484	204	0
2485	189	0
2486	198	0
2487	201	0
2488	179	0
2489	216	0
2490	196	0
2491	188	0
2492	210	0
2493	212	0
2494	218	0
2495	206	0
2496	176	0
2497	203	0
2498	205	0
2499	187	0
2500	170	0
2501	179	0
2502	207	0
2503	195	0
2504	205	0
2505	212	0
2506	193	0
2507	175	0
2508	210	0
2509	220	0
2510	202	0
2511	187	0
2512	201	0
2513	178	0
2514	204	0
2515	188	0
2516	188	0
2517	196	0
2518	198	0
2519	183	0
2520	193	0
2521	205	0
2522	201	0
2523	196	0
2524	194	0
2525	206	0
2526	169	0
2527	198	0
2528	204	0
2529	214	0
2530	183	0
2531	199	0
2532	212	0
2533	190	0
2534	204	0
2535	197	0
2536	230	0
2537	190	0
2538	171	0
2539	186	0
2540	181	0
2541	225	0
2542	200	0
2543	198	0
2544	170	0
2545	207	0
2546	200	0
2547	227	0
2548	190	0
2549	204	0
2550	195	0
2551	192	0
2552	210	0
2553	182	0
2554	189	0
2555	200	0
2556	169	0
2557	213	0
2558	208	0
2559	226	0
2560	172	0
2561	197	0
2562	213	0
2563	212	0
2564	188	0
2565	194	0
2566	210	0
2567	180	0
2568	193	0
2569	198	0
2570	202	0
2571	181	0
2572	179	0
2573	213	0
2574	198	0
2575	171	0
2576	213	0
2577	202	0
2578	227	0
2579	201	0
2580	208	0
2581	226	0
2582	187	0
2583	210	0
2584	167	0
2585	176	0
2586	166	0
2587	190	0
2588	178	0
2589	203	0
2590	191	0
2591	188	0
2592	192	0
2593	206	0
2594	194	0
2595	186	0
2596	221	0
2597	189	0
2598	189	0
2599	211	0
2600	192	0
2601	220	0
2602	188	0
2603	188	0
2604	206	0
2605	195	0
2606	193	0
2607	213	0
2608	219	0
2609	184	0
2610	186	0
2611	211	0
2612	215	0
2613	221	0
2614	171	0
2615	223	0
2616	195	0
2617	197	0
2618	192	0
2619	195	0
2620	232	0
2621	201	0
2622	201	0
2623	185	0
2624	195	0
2625	211	0
2626	207	0
2627	186	0
2628	200	0
2629	199	0
2630	203	0
2631	215	0
2632	205	0
2633	164	0
2634	207	0
2635	207	0
2636	233	0
2637	224	0
2638	216	0
2639	186	0
2640	175	0
2641	211	0
2642	201	0
2643	196	0
2644	194	0
2645	175	0
2646	197	0
2647	204	0
2648	188	0
2649	186	0
2650	203	0
2651	224	0
2652	225	0
2653	193	0
2654	207	0
2655	214	0
2656	194	0
2657	199	0
2658	213	0
2659	179	0
2660	179	0
2661	187	0
2662	200	0
2663	191	0
2664	221	0
2665	159	0
2666	170	0
2667	205	0
2668	163	0
2669	210	0
2670	198	0
2671	189	0
2672	187	0
2673	174	0
2674	195	0
2675	205	0
2676	191	0
2677	207	0
2678	203	0
2679	179	0
2680	225	0
2681	197	0
2682	211	0
2683	217	0
2684	191	0
2685	195	0
2686	208	0
2687	209	0
2688	194	0
2689	200	0
2690	226	0
2691	202	0
2692	187	0
2693	195	0
2694	232	0
2695	187	0
2696	222	0
2697	240	0
2698	203	0
2699	208	0
2700	200	0
2701	187	0
2702	203	0
2703	189	0
2704	217	0
2705	186	0
2706	202	0
2707	210	0
2708	199	0
2709	207	0
2710	182	0
2711	213	0
2712	204	0
2713	205	0
2714	186	0
2715	167	0
2716	191	0
2717	188	0
2718	193	0
2719	216	0
2720	193	0
2721	198	0
2722	193	0
2723	205	0
2724	212	0
2725	186	0
2726	194	0
2727	199	0
2728	203	0
2729	182	0
2730	195	0
2731	206	0
2732	192	0
2733	180	0
2734	185	0
2735	213	0
2736	198	0
2737	196	0
2738	223	0
2739	196	0
2740	189	0
2741	185	0
2742	207	0
2743	191	0
2744	207	0
2745	183	0
2746	169	0
2747	203	0
2748	205	0
2749	186	0
2750	175	0
2751	209	0
2752	199	0
2753	199	0
2754	214	0
2755	208	0
2756	192	0
2757	214	0
2758	198	0
2759	200	0
2760	194	0
2761	210	0
2762	193	0
2763	217	0
2764	213	0
2765	203	0
2766	190	0
2767	208	0
2768	208	0
2769	219	0
2770	196	0
2771	209	0
2772	204	0
2773	207	0
2774	223	0
2775	193	0
2776	204	0
2777	196	0
2778	186	0
2779	182	0
2780	191	0
2781	229	0
2782	178	0
2783	201	0
2784	197	0
2785	201	0
2786	189	0
2787	185	0
2788	209	0
2789	185	0
2790	216	0
2791	209	0
2792	181	0
2793	191	0
2794	194	0
2795	170	0
2796	187	0
2797	190	0
2798	197	0
2799	197	0
2800	203	0
2801	199	0
2802	203	0
2803	213	0
2804	221	0
2805	200	0
2806	182	0
2807	198	0
2808	190	0
2809	190	0
2810	202	0
2811	194	0
2812	201	0
2813	210	0
2814	198	0
2815	196	0
2816	185	0
2817	211	0
2818	187	0
2819	202	0
2820	194	0
2821	198	0
2822	179	0
2823	194	0
2824	198	0
2825	207	0
2826	205	0
2827	221	0
2828	212	0
2829	176	0
2830	203	0
2831	200	0
2832	177	0
2833	219	0
2834	185	0
2835	206	0
2836	209	0
2837	216	0
2838	188	0
2839	221	0
2840	206	0
2841	182	0
2842	197	0
2843	226	0
2844	227	0
2845	190	0
2846	201	0
2847	181	0
2848	191	0
2849	188	0
2850	196	0
2851	206	0
2852	201	0
2853	195	0
2854	196	0
2855	206	0
2856	208	0
2857	184	0
2858	196	0
2859	230	0
2860	196	0
2861	185	0
2862	212	0
2863	195	0
2864	211	0
2865	178	0
2866	193	0
2867	186	0
2868	220	0
2869	192	0
2870	212	0
2871	200	0
2872	185	0
2873	201	0
2874	209	0
2875	194	0
2876	191	0
2877	222	0
2878	201	0
2879	198	0
2880	211	0
2881	200	0
2882	203	0
2883	217	0
2884	188	0
2885	172	0
2886	214	0
2887	204	0
2888	188	0
2889	204	0
2890	215	0
2891	205	0
2892	190	0
2893	180	0
2894	199	0
2895	203	0
2896	215	0
2897	202	0
2898	174	0
2899	199	0
2900	215	0
2901	212	0
2902	200	0
2903	244	0
2904	198	0
2905	201	0
2906	189	0
2907	205	0
2908	216	0
2909	199	0
2910	220	0
2911	188	0
2912	181	0
2913	206	0
2914	215	0
2915	216	0
2916	179	0
2917	191	0
2918	182	0
2919	185	0
2920	216	0
2921	178	0
2922	175	0
2923	184	0
2924	194	0
2925	176	0
2926	206	0
2927	213	0
2928	197	0
2929	211	0
2930	192	0
2931	191	0
2932	195	0
2933	206	0
2934	222	0
2935	195	0
2936	183	0
2937	175	0
2938	210	0
2939	164	0
2940	202	0
2941	210	0
2942	209	0
2943	190	0
2944	158	0
2945	203	0
2946	205	0
2947	171	0
2948	224	0
2949	184	0
2950	212	0
2951	189	0
2952	209	0
2953	208	0
2954	202	0
2955	181	0
2956	194	0
2957	184	0
2958	183	0
2959	219	0
2960	210	0
2961	210	0
2962	209	0
2963	205	0
2964	205	0
2965	217	0
2966	181	0
2967	189	0
2968	200	0
2969	206	0
2970	202	0
2971	179	0
2972	206	0
2973	205	0
2974	206	0
2975	197	0
2976	188	0
2977	214	0
2978	199	0
2979	219	0
2980	186	0
2981	202	0
2982	230	0
2983	199	0
2984	210	0
2985	178	0
2986	184	0
2987	189	0
2988	192	0
2989	203	0
2990	194	0
2991	186	0
2992	182	0
2993	181	0
2994	208	0
2995	190	0
2996	194	0
2997	192	0
2998	205	0
2999	237	0
3000	218	0
