1	195	0
2	212	0
3	187	0
4	198	0
5	181	0
6	202	0
7	201	0
8	208	0
9	194	0
10	217	0
11	186	0
12	198	0
13	213	0
14	194	0
15	183	0
16	195	0
17	216	0
18	206	0
19	200	0
20	216	0
21	223	0
22	176	0
23	186	0
24	187	0
25	187	0
26	189	0
27	209	0
28	210	0
29	195	0
30	208	0
31	206	0
32	180	0
33	197	0
34	199	0
35	202	0
36	224	0
37	194	0
38	191	0
39	233	0
40	196	0
41	182	0
42	211	0
43	184	0
44	198	0
45	186	0
46	207	0
47	185	0
48	218	0
49	209	0
50	225	0
51	216	0
52	189	0
53	222	0
54	213	0
55	191	0
56	197	0
57	230	0
58	223	0
59	195	0
60	201	0
61	168	0
62	207	0
63	185	0
64	216	0
65	187	0
66	183	0
67	202	0
68	234	0
69	213	0
70	190	0
71	211	0
72	210	0
73	186	0
74	222	0
75	187	0
76	204	0
77	204	0
78	184	0
79	217	0
80	225	0
81	164	0
82	191	0
83	184	0
84	191	0
85	199	0
86	189	0
87	201	0
88	215	0
89	175	0
90	200	0
91	200	0
92	198	0
93	205	0
94	185	0
95	234	0
96	239	0
97	199	0
98	214	0
99	231	0
100	200	0
101	207	0
102	206	0
103	210	0
104	199	0
105	183	0
106	180	0
107	200	0
108	184	0
109	198	0
110	206	0
111	207	0
112	193	0
113	203	0
114	216	0
115	188	0
116	219	0
117	213	0
118	197	0
119	203	0
120	183	0
121	209	0
122	204	0
123	191	0
124	197	0
125	219	0
126	195	0
127	213	0
128	199	0
129	192	0
130	199	0
131	172	0
132	205	0
133	204	0
134	210	0
135	197	0
136	210	0
137	215	0
138	212	0
139	209	0
140	205	0
141	204	0
142	193	0
143	210	0
144	193	0
145	193	0
146	203	0
147	201	0
148	230	0
149	208	0
150	169	0
151	191	0
152	199	0
153	212	0
154	221	0
155	201	0
156	206	0
157	203	0
158	213	0
159	206	0
160	191	0
161	195	0
162	193	0
163	211	0
164	194	0
165	190	0
166	212	0
167	193	0
168	200	0
169	196	0
170	209	0
171	203	0
172	175	0
173	213	0
174	216	0
175	201	0
176	207	0
177	222	0
178	214	0
179	199	0
180	200	0
181	198	0
182	192	0
183	223	0
184	206	0
185	205	0
186	207	0
187	200	0
188	185	0
189	214	0
190	193	0
191	184	0
192	188	0
193	184	0
194	196	0
195	199	0
196	231	0
197	183	0
198	201	0
199	194	0
200	216	0
201	180	0
202	212	0
203	222	0
204	203	0
205	193	0
206	185	0
207	212	0
208	200	0
209	202	0
210	177	0
211	223	0
212	211	0
213	198	0
214	203	0
215	209	0
216	191	0
217	197	0
218	197	0
219	219	0
220	210	0
221	220	0
222	217	0
223	170	0
224	211	0
225	181	0
226	203	0
227	212	0
228	203	0
229	193	0
230	201	0
231	185	0
232	214	0
233	192	0
234	204	0
235	207	0
236	197	0
237	202	0
238	222	0
239	212	0
240	194	0
241	182	0
242	190	0
243	177	0
244	205	0
245	205	0
246	197	0
247	184	0
248	198	0
249	199	0
250	206	0
251	200	0
252	195	0
253	199	0
254	219	0
255	213	0
256	241	0
257	185	0
258	213	0
259	202	0
260	208	0
261	190	0
262	178	0
263	199	0
264	201	0
265	178	0
266	192	0
267	184	0
268	194	0
269	209	0
270	198	0
271	195	0
272	206	0
273	213	0
274	190	0
275	220	0
276	197	0
277	199	0
278	175	0
279	207	0
280	222	0
281	201	0
282	213	0
283	194	0
284	188	0
285	199	0
286	234	0
287	214	0
288	203	0
289	219	0
290	208	0
291	194	0
292	221	0
293	180	0
294	194	0
295	198	0
296	204	0
297	207	0
298	201	0
299	207	0
300	223	0
301	212	0
302	214	0
303	206	0
304	201	0
305	206	0
306	198	0
307	217	0
308	198	0
309	197	0
310	203	0
311	195	0
312	210	0
313	200	0
314	216	0
315	184	0
316	182	0
317	211	0
318	215	0
319	206	0
320	193	0
321	202	0
322	190	0
323	189	0
324	226	0
325	197	0
326	200	0
327	206	0
328	189	0
329	177	0
330	178	0
331	205	0
332	214	0
333	191	0
334	234	0
335	201	0
336	203	0
337	223	0
338	220	0
339	186	0
340	192	0
341	195	0
342	243	0
343	229	0
344	224	0
345	205	0
346	193	0
347	198	0
348	196	0
349	176	0
350	226	0
351	185	0
352	192	0
353	193	0
354	205	0
355	189	0
356	177	0
357	191	0
358	207	0
359	155	0
360	221	0
361	198	0
362	199	0
363	195	0
364	205	0
365	214	0
366	188	0
367	204	0
368	205	0
369	196	0
370	202	0
371	211	0
372	207	0
373	203	0
374	209	0
375	214	0
376	218	0
377	196	0
378	196	0
379	194	0
380	210	0
381	210	0
382	205	0
383	208	0
384	216	0
385	194	0
386	207	0
387	204	0
388	180	0
389	170	0
390	201	0
391	191	0
392	237	0
393	202	0
394	211	0
395	186	0
396	183	0
397	172	0
398	200	0
399	186	0
400	187	0
401	222	0
402	217	0
403	174	0
404	181	0
405	193	0
406	186	0
407	192	0
408	218	0
409	191	0
410	212	0
411	186	0
412	188	0
413	186	0
414	239	0
415	204	0
416	168	0
417	202	0
418	181	0
419	207	0
420	206	0
421	207	0
422	173	0
423	187	0
424	208	0
425	207	0
426	197	0
427	175	0
428	215	0
429	227	0
430	189	0
431	206	0
432	207	0
433	193	0
434	158	0
435	206	0
436	187	0
437	198	0
438	173	0
439	226	0
440	166	0
441	181	0
442	223	0
443	188	0
444	210	0
445	202	0
446	205	0
447	200	0
448	233	0
449	210	0
450	180	0
451	216	0
452	211	0
453	197	0
454	203	0
455	195	0
456	223	0
457	213	0
458	205	0
459	215	0
460	204	0
461	201	0
462	175	0
463	196	0
464	198	0
465	190	0
466	213	0
467	227	0
468	179	0
469	201	0
470	200	0
471	216	0
472	188	0
473	200	0
474	195	0
475	198	0
476	233	0
477	199	0
478	193	0
479	193	0
480	208	0
481	220	0
482	200	0
483	193	0
484	189	0
485	203	0
486	202	0
487	202	0
488	192	0
489	197	0
490	198	0
491	201	0
492	194	0
493	203	0
494	203	0
495	189	0
496	199	0
497	175	0
498	192	0
499	208	0
500	198	0
501	178	0
502	239	0
503	237	0
504	201	0
505	224	0
506	209	0
507	199	0
508	208	0
509	215	0
510	226	0
511	182	0
512	201	0
513	201	0
514	196	0
515	231	0
516	202	0
517	195	0
518	203	0
519	210	0
520	204	0
521	206	0
522	190	0
523	196	0
524	200	0
525	201	0
526	222	0
527	218	0
528	191	0
529	197	0
530	205	0
531	207	0
532	195	0
533	205	0
534	200	0
535	189	0
536	202	0
537	213	0
538	215	0
539	220	0
540	202	0
541	184	0
542	201	0
543	204	0
544	197	0
545	220	0
546	209	0
547	214	0
548	213	0
549	212	0
550	199	0
551	172	0
552	221	0
553	228	0
554	197	0
555	211	0
556	167	0
557	220	0
558	223	0
559	182	0
560	205	0
561	215	0
562	201	0
563	192	0
564	212	0
565	177	0
566	205	0
567	180	0
568	226	0
569	219	0
570	158	0
571	185	0
572	209	0
573	196	0
574	185	0
575	200	0
576	193	0
577	198	0
578	231	0
579	201	0
580	214	0
581	187	0
582	205	0
583	204	0
584	203	0
585	203	0
586	199	0
587	198	0
588	199	0
589	219	0
590	189	0
591	201	0
592	200	0
593	179	0
594	204	0
595	196	0
596	211	0
597	181	0
598	212	0
599	213	0
600	235	0
601	185	0
602	217	0
603	224	0
604	204	0
605	216	0
606	211	0
607	201	0
608	194	0
609	194	0
610	208	0
611	177	0
612	191	0
613	187	0
614	192	0
615	226	0
616	196	0
617	194	0
618	217	0
619	196	0
620	218	0
621	199	0
622	190	0
623	183	0
624	208	0
625	218	0
626	196	0
627	217	0
628	213	0
629	219	0
630	213	0
631	228	0
632	171	0
633	172	0
634	199	0
635	207	0
636	193	0
637	221	0
638	197	0
639	215	0
640	196	0
641	188	0
642	221	0
643	198	0
644	187	0
645	200	0
646	210	0
647	200	0
648	191	0
649	189	0
650	231	0
651	196	0
652	201	0
653	195	0
654	205	0
655	206	0
656	220	0
657	194	0
658	220	0
659	208	0
660	209	0
661	207	0
662	187	0
663	230	0
664	234	0
665	191	0
666	199	0
667	204	0
668	206	0
669	207	0
670	179	0
671	187	0
672	196	0
673	211	0
674	218	0
675	211	0
676	176	0
677	201	0
678	187	0
679	219	0
680	213	0
681	198	0
682	218	0
683	209	0
684	182	0
685	224	0
686	204	0
687	205	0
688	203	0
689	189	0
690	214	0
691	204	0
692	218	0
693	186	0
694	211	0
695	184	0
696	196	0
697	218	0
698	227	0
699	203	0
700	195	0
701	192	0
702	207	0
703	187	0
704	191	0
705	189	0
706	205	0
707	222	0
708	204	0
709	201	0
710	212	0
711	198	0
712	185	0
713	202	0
714	181	0
715	212	0
716	218	0
717	221	0
718	190	0
719	210	0
720	240	0
721	226	0
722	182	0
723	214	0
724	200	0
725	183	0
726	188	0
727	214	0
728	201	0
729	209	0
730	183	0
731	222	0
732	224	0
733	231	0
734	178	0
735	212	0
736	183	0
737	198	0
738	209	0
739	216	0
740	206	0
741	206	0
742	221	0
743	213	0
744	199	0
745	209	0
746	200	0
747	186	0
748	174	0
749	206	0
750	171	0
751	205	0
752	208	0
753	178	0
754	177	0
755	184	0
756	177	0
757	210	0
758	178	0
759	197	0
760	199	0
761	206	0
762	204	0
763	218	0
764	189	0
765	213	0
766	179	0
767	221	0
768	201	0
769	217	0
770	194	0
771	216	0
772	198	0
773	211	0
774	240	0
775	209	0
776	207	0
777	189	0
778	187	0
779	194	0
780	193	0
781	191	0
782	197	0
783	183	0
784	208	0
785	199	0
786	186	0
787	202	0
788	206	0
789	205	0
790	178	0
791	190	0
792	215	0
793	210	0
794	195	0
795	203	0
796	197	0
797	212	0
798	212	0
799	205	0
800	186	0
801	201	0
802	188	0
803	225	0
804	200	0
805	196	0
806	211	0
807	176	0
808	192	0
809	194	0
810	206	0
811	197	0
812	210	0
813	200	0
814	204	0
815	204	0
816	177	0
817	211	0
818	194	0
819	208	0
820	219	0
821	239	0
822	211	0
823	193	0
824	227	0
825	209	0
826	208	0
827	230	0
828	202	0
829	224	0
830	208	0
831	201	0
832	219	0
833	197	0
834	194	0
835	211	0
836	228	0
837	206	0
838	189	0
839	224	0
840	197	0
841	220	0
842	205	0
843	189	0
844	202	0
845	224	0
846	230	0
847	207	0
848	206	0
849	190	0
850	192	0
851	190	0
852	204	0
853	204	0
854	195	0
855	194	0
856	226	0
857	189	0
858	221	0
859	208	0
860	190	0
861	191	0
862	232	0
863	205	0
864	229	0
865	180	0
866	209	0
867	248	0
868	208	0
869	204	0
870	221	0
871	202	0
872	186	0
873	213	0
874	194	0
875	215	0
876	210	0
877	187	0
878	209	0
879	198	0
880	208	0
881	210	0
882	176	0
883	220	0
884	189	0
885	187	0
886	209	0
887	213	0
888	230	0
889	206	0
890	200	0
891	207	0
892	200	0
893	175	0
894	196	0
895	221	0
896	214	0
897	185	0
898	197	0
899	206	0
900	219	0
901	212	0
902	189	0
903	203	0
904	215	0
905	176	0
906	174	0
907	217	0
908	208	0
909	171	0
910	192	0
911	237	0
912	192	0
913	199	0
914	241	0
915	224	0
916	202	0
917	199	0
918	213	0
919	214	0
920	196	0
921	191	0
922	208	0
923	189	0
924	201	0
925	224	0
926	213	0
927	211	0
928	210	0
929	208	0
930	223	0
931	192	0
932	185	0
933	212	0
934	175	0
935	184	0
936	202	0
937	169	0
938	209	0
939	199	0
940	206	0
941	188	0
942	223	0
943	221	0
944	232	0
945	211	0
946	203	0
947	174	0
948	216	0
949	203	0
950	196	0
951	210	0
952	226	0
953	205	0
954	191	0
955	192	0
956	193	0
957	202	0
958	222	0
959	206	0
960	182	0
961	182	0
962	197	0
963	194	0
964	206	0
965	198	0
966	194	0
967	214	0
968	206	0
969	216	0
970	195	0
971	184	0
972	201	0
973	208	0
974	197	0
975	186	0
976	183	0
977	208	0
978	210	0
979	222	0
980	198	0
981	178	0
982	204	0
983	199	0
984	219	0
985	198	0
986	197	0
987	186	0
988	200	0
989	214	0
990	190	0
991	219	0
992	243	0
993	205	0
994	209	0
995	182	0
996	200	0
997	202	0
998	185	0
999	213	0
1000	222	0
1001	196	0
1002	202	0
1003	184	0
1004	204	0
1005	212	0
1006	202	0
1007	223	0
1008	191	0
1009	200	0
1010	204	0
1011	216	0
1012	200	0
1013	207	0
1014	202	0
1015	175	0
1016	210	0
1017	199	0
1018	210	0
1019	191	0
1020	219	0
1021	189	0
1022	191	0
1023	177	0
1024	193	0
1025	188	0
1026	197	0
1027	232	0
1028	220	0
1029	170	0
1030	191	0
1031	186	0
1032	199	0
1033	220	0
1034	210	0
1035	213	0
1036	233	0
1037	232	0
1038	202	0
1039	207	0
1040	200	0
1041	202	0
1042	195	0
1043	175	0
1044	190	0
1045	202	0
1046	216	0
1047	172	0
1048	197	0
1049	210	0
1050	228	0
1051	205	0
1052	213	0
1053	187	0
1054	209	0
1055	192	0
1056	212	0
1057	201	0
1058	204	0
1059	206	0
1060	215	0
1061	190	0
1062	191	0
1063	197	0
1064	187	0
1065	218	0
1066	205	0
1067	214	0
1068	208	0
1069	207	0
1070	207	0
1071	182	0
1072	228	0
1073	222	0
1074	195	0
1075	192	0
1076	195	0
1077	213	0
1078	210	0
1079	192	0
1080	217	0
1081	230	0
1082	186	0
1083	212	0
1084	171	0
1085	205	0
1086	186	0
1087	220	0
1088	194	0
1089	191	0
1090	199	0
1091	170	0
1092	185	0
1093	223	0
1094	187	0
1095	197	0
1096	205	0
1097	188	0
1098	201	0
1099	201	0
1100	198	0
1101	196	0
1102	210	0
1103	177	0
1104	188	0
1105	204	0
1106	206	0
1107	185	0
1108	205	0
1109	208	0
1110	196	0
1111	199	0
1112	184	0
1113	205	0
1114	193	0
1115	191	0
1116	217	0
1117	207	0
1118	210	0
1119	203	0
1120	180	0
1121	183	0
1122	193	0
1123	216	0
1124	180	0
1125	211	0
1126	188	0
1127	205	0
1128	204	0
1129	206	0
1130	190	0
1131	213	0
1132	185	0
1133	214	0
1134	202	0
1135	209	0
1136	231	0
1137	193	0
1138	204	0
1139	189	0
1140	185	0
1141	205	0
1142	220	0
1143	191	0
1144	191	0
1145	208	0
1146	209	0
1147	187	0
1148	209	0
1149	215	0
1150	216	0
1151	195	0
1152	198	0
1153	210	0
1154	199	0
1155	225	0
1156	208	0
1157	195	0
1158	198	0
1159	209	0
1160	205	0
1161	238	0
1162	187	0
1163	199	0
1164	194	0
1165	183	0
1166	192	0
1167	200	0
1168	214	0
1169	193	0
1170	210	0
1171	199	0
1172	181	0
1173	204	0
1174	213	0
1175	214	0
1176	204	0
1177	224	0
1178	223	0
1179	190	0
1180	232	0
1181	202	0
1182	195	0
1183	206	0
1184	197	0
1185	212	0
1186	197	0
1187	201	0
1188	200	0
1189	212	0
1190	190	0
1191	205	0
1192	217	0
1193	216	0
1194	209	0
1195	201	0
1196	210	0
1197	199	0
1198	202	0
1199	198	0
1200	189	0
1201	218	0
1202	204	0
1203	216	0
1204	234	0
1205	215	0
1206	202	0
1207	192	0
1208	231	0
1209	180	0
1210	247	0
1211	194	0
1212	225	0
1213	189	0
1214	198	0
1215	206	0
1216	208	0
1217	193	0
1218	204	0
1219	203	0
1220	209	0
1221	191	0
1222	212	0
1223	205	0
1224	205	0
1225	200	0
1226	202	0
1227	195	0
1228	208	0
1229	186	0
1230	213	0
1231	172	0
1232	200	0
1233	225	0
1234	204	0
1235	214	0
1236	214	0
1237	199	0
1238	180	0
1239	217	0
1240	189	0
1241	235	0
1242	196	0
1243	216	0
1244	182	0
1245	203	0
1246	176	0
1247	209	0
1248	176	0
1249	202	0
1250	175	0
1251	200	0
1252	229	0
1253	223	0
1254	191	0
1255	210	0
1256	218	0
1257	236	0
1258	205	0
1259	219	0
1260	202	0
1261	186	0
1262	210	0
1263	179	0
1264	224	0
1265	203	0
1266	208	0
1267	192	0
1268	238	0
1269	195	0
1270	197	0
1271	199	0
1272	202	0
1273	179	0
1274	212	0
1275	221	0
1276	206	0
1277	225	0
1278	210	0
1279	192	0
1280	190	0
1281	212	0
1282	221	0
1283	194	0
1284	208	0
1285	179	0
1286	179	0
1287	216	0
1288	183	0
1289	193	0
1290	217	0
1291	212	0
1292	219	0
1293	208	0
1294	208	0
1295	193	0
1296	217	0
1297	215	0
1298	199	0
1299	247	0
1300	206	0
1301	200	0
1302	219	0
1303	195	0
1304	171	0
1305	193	0
1306	186	0
1307	196	0
1308	209	0
1309	215	0
1310	211	0
1311	224	0
1312	197	0
1313	225	0
1314	212	0
1315	191	0
1316	182	0
1317	219	0
1318	219	0
1319	196	0
1320	213	0
1321	208	0
1322	189	0
1323	210	0
1324	167	0
1325	195	0
1326	198	0
1327	199	0
1328	198	0
1329	189	0
1330	212	0
1331	188	0
1332	198	0
1333	199	0
1334	205	0
1335	222	0
1336	212	0
1337	226	0
1338	233	0
1339	213	0
1340	194	0
1341	217	0
1342	194	0
1343	166	0
1344	187	0
1345	209	0
1346	195	0
1347	222	0
1348	220	0
1349	221	0
1350	184	0
1351	231	0
1352	181	0
1353	202	0
1354	228	0
1355	207	0
1356	211	0
1357	216	0
1358	213	0
1359	190	0
1360	204	0
1361	191	0
1362	191	0
1363	191	0
1364	179	0
1365	190	0
1366	248	0
1367	181	0
1368	205	0
1369	200	0
1370	198	0
1371	187	0
1372	223	0
1373	188	0
1374	196	0
1375	212	0
1376	212	0
1377	191	0
1378	198	0
1379	184	0
1380	238	0
1381	197	0
1382	193	0
1383	211	0
1384	189	0
1385	195	0
1386	217	0
1387	223	0
1388	188	0
1389	209	0
1390	200	0
1391	198	0
1392	229	0
1393	197	0
1394	214	0
1395	198	0
1396	213	0
1397	209	0
1398	196	0
1399	195	0
1400	229	0
1401	201	0
1402	194	0
1403	220	0
1404	179	0
1405	195	0
1406	192	0
1407	196	0
1408	186	0
1409	232	0
1410	204	0
1411	216	0
1412	211	0
1413	187	0
1414	205	0
1415	199	0
1416	198	0
1417	192	0
1418	209	0
1419	216	0
1420	190	0
1421	201	0
1422	202	0
1423	198	0
1424	216	0
1425	212	0
1426	208	0
1427	198	0
1428	187	0
1429	210	0
1430	195	0
1431	169	0
1432	203	0
1433	212	0
1434	191	0
1435	201	0
1436	198	0
1437	207	0
1438	215	0
1439	212	0
1440	226	0
1441	202	0
1442	193	0
1443	208	0
1444	210	0
1445	187	0
1446	195	0
1447	233	0
1448	205	0
1449	211	0
1450	188	0
1451	187	0
1452	207	0
1453	234	0
1454	190	0
1455	170	0
1456	199	0
1457	211	0
1458	207	0
1459	207	0
1460	180	0
1461	207	0
1462	222	0
1463	203	0
1464	219	0
1465	200	0
1466	179	0
1467	180	0
1468	174	0
1469	194	0
1470	187	0
1471	205	0
1472	216	0
1473	182	0
1474	209	0
1475	225	0
1476	186	0
1477	195	0
1478	197	0
1479	197	0
1480	184	0
1481	197	0
1482	216	0
1483	210	0
1484	194	0
1485	188	0
1486	201	0
1487	210	0
1488	213	0
1489	180	0
1490	187	0
1491	199	0
1492	209	0
1493	225	0
1494	203	0
1495	194	0
1496	204	0
1497	204	0
1498	191	0
1499	186	0
1500	204	0
1501	187	0
1502	202	0
1503	193	0
1504	193	0
1505	200	0
1506	218	0
1507	213	0
1508	186	0
1509	214	0
1510	200	0
1511	198	0
1512	194	0
1513	205	0
1514	186	0
1515	203	0
1516	179	0
1517	214	0
1518	195	0
1519	215	0
1520	199	0
1521	209	0
1522	189	0
1523	218	0
1524	204	0
1525	211	0
1526	228	0
1527	193	0
1528	207	0
1529	214	0
1530	201	0
1531	202	0
1532	189	0
1533	197	0
1534	210	0
1535	195	0
1536	192	0
1537	203	0
1538	202	0
1539	217	0
1540	200	0
1541	203	0
1542	195	0
1543	177	0
1544	191	0
1545	186	0
1546	195	0
1547	224	0
1548	218	0
1549	205	0
1550	197	0
1551	210	0
1552	208	0
1553	193	0
1554	201	0
1555	199	0
1556	227	0
1557	195	0
1558	199	0
1559	206	0
1560	213	0
1561	206	0
1562	193	0
1563	197	0
1564	201	0
1565	189	0
1566	197	0
1567	201	0
1568	199	0
1569	224	0
1570	222	0
1571	204	0
1572	209	0
1573	189	0
1574	214	0
1575	224	0
1576	205	0
1577	207	0
1578	206	0
1579	193	0
1580	206	0
1581	191	0
1582	222	0
1583	201	0
1584	196	0
1585	191	0
1586	202	0
1587	197	0
1588	205	0
1589	188	0
1590	199	0
1591	181	0
1592	212	0
1593	225	0
1594	203	0
1595	199	0
1596	186	0
1597	210	0
1598	222	0
1599	195	0
1600	229	0
1601	211	0
1602	213	0
1603	212	0
1604	205	0
1605	215	0
1606	182	0
1607	198	0
1608	219	0
1609	199	0
1610	190	0
1611	191	0
1612	194	0
1613	207	0
1614	210	0
1615	182	0
1616	182	0
1617	196	0
1618	192	0
1619	185	0
1620	193	0
1621	194	0
1622	218	0
1623	211	0
1624	211	0
1625	182	0
1626	205	0
1627	211	0
1628	220	0
1629	194	0
1630	213	0
1631	206	0
1632	193	0
1633	192	0
1634	183	0
1635	214	0
1636	206	0
1637	222	0
1638	192	0
1639	221	0
1640	173	0
1641	193	0
1642	219	0
1643	214	0
1644	225	0
1645	173	0
1646	190	0
1647	186	0
1648	189	0
1649	203	0
1650	209	0
1651	187	0
1652	211	0
1653	196	0
1654	182	0
1655	192	0
1656	197	0
1657	199	0
1658	205	0
1659	216	0
1660	229	0
1661	205	0
1662	182	0
1663	179	0
1664	211	0
1665	194	0
1666	175	0
1667	211	0
1668	193	0
1669	205	0
1670	224	0
1671	210	0
1672	197	0
1673	194	0
1674	197	0
1675	219	0
1676	213	0
1677	228	0
1678	214	0
1679	207	0
1680	201	0
1681	183	0
1682	206	0
1683	220	0
1684	198	0
1685	189	0
1686	200	0
1687	196	0
1688	237	0
1689	223	0
1690	198	0
1691	189	0
1692	211	0
1693	188	0
1694	223	0
1695	219	0
1696	202	0
1697	180	0
1698	187	0
1699	207	0
1700	171	0
1701	222	0
1702	203	0
1703	195	0
1704	225	0
1705	178	0
1706	211	0
1707	198	0
1708	190	0
1709	199	0
1710	184	0
1711	203	0
1712	205	0
1713	213	0
1714	235	0
1715	203	0
1716	210	0
1717	217	0
1718	205	0
1719	206	0
1720	197	0
1721	209	0
1722	231	0
1723	224	0
1724	236	0
1725	186	0
1726	173	0
1727	184	0
1728	209	0
1729	206	0
1730	211	0
1731	205	0
1732	198	0
1733	209	0
1734	200	0
1735	187	0
1736	210	0
1737	204	0
1738	217	0
1739	211	0
1740	183	0
1741	213	0
1742	192	0
1743	208	0
1744	195	0
1745	194	0
1746	207	0
1747	185	0
1748	208	0
1749	217	0
1750	206	0
1751	204	0
1752	192	0
1753	227	0
1754	199	0
1755	159	0
1756	189	0
1757	208	0
1758	188	0
1759	167	0
1760	221	0
1761	178	0
1762	215	0
1763	211	0
1764	214	0
1765	210	0
1766	177	0
1767	206	0
1768	207	0
1769	203	0
1770	189	0
1771	181	0
1772	222	0
1773	171	0
1774	198	0
1775	189	0
1776	202	0
1777	205	0
1778	195	0
1779	211	0
1780	219	0
1781	211	0
1782	210	0
1783	206	0
1784	195	0
1785	216	0
1786	207	0
1787	191	0
1788	184	0
1789	207	0
1790	207	0
1791	195	0
1792	214	0
1793	195	0
1794	206	0
1795	219	0
1796	198	0
1797	195	0
1798	202	0
1799	188	0
1800	199	0
1801	202	0
1802	210	0
1803	218	0
1804	192	0
1805	190	0
1806	200	0
1807	198	0
1808	191	0
1809	197	0
1810	186	0
1811	203	0
1812	216	0
1813	184	0
1814	210	0
1815	179	0
1816	208	0
1817	200	0
1818	227	0
1819	182	0
1820	199	0
1821	196	0
1822	185	0
1823	206	0
1824	205	0
1825	206	0
1826	179	0
1827	173	0
1828	223	0
1829	212	0
1830	209	0
1831	210	0
1832	220	0
1833	200	0
1834	189	0
1835	205	0
1836	209	0
1837	197	0
1838	226	0
1839	212	0
1840	188	0
1841	187	0
1842	201	0
1843	200	0
1844	209	0
1845	195	0
1846	193	0
1847	230	0
1848	206	0
1849	198	0
1850	186	0
1851	192	0
1852	180	0
1853	197	0
1854	186	0
1855	176	0
1856	213	0
1857	212	0
1858	186	0
1859	180	0
1860	205	0
1861	205	0
1862	196	0
1863	192	0
1864	194	0
1865	204	0
1866	213	0
1867	196	0
1868	180	0
1869	184	0
1870	211	0
1871	216	0
1872	208	0
1873	196	0
1874	185	0
1875	214	0
1876	233	0
1877	178	0
1878	209	0
1879	211	0
1880	196	0
1881	214	0
1882	207	0
1883	208	0
1884	206	0
1885	202	0
1886	179	0
1887	201	0
1888	190	0
1889	198	0
1890	214	0
1891	206	0
1892	197	0
1893	215	0
1894	203	0
1895	203	0
1896	211	0
1897	217	0
1898	182	0
1899	196	0
1900	206	0
1901	204	0
1902	199	0
1903	191	0
1904	196	0
1905	179	0
1906	225	0
1907	193	0
1908	203	0
1909	223	0
1910	198	0
1911	193	0
1912	231	0
1913	199	0
1914	189	0
1915	203	0
1916	205	0
1917	214	0
1918	200	0
1919	183	0
1920	187	0
1921	194	0
1922	205	0
1923	193	0
1924	178	0
1925	195	0
1926	208	0
1927	170	0
1928	185	0
1929	211	0
1930	219	0
1931	195	0
1932	209	0
1933	196	0
1934	194	0
1935	211	0
1936	181	0
1937	183	0
1938	201	0
1939	198	0
1940	214	0
1941	230	0
1942	204	0
1943	196	0
1944	219	0
1945	203	0
1946	195	0
1947	199	0
1948	193	0
1949	188	0
1950	177	0
1951	221	0
1952	206	0
1953	192	0
1954	210	0
1955	180	0
1956	208	0
1957	203	0
1958	210	0
1959	202	0
1960	203	0
1961	190	0
1962	197	0
1963	205	0
1964	218	0
1965	201	0
1966	203	0
1967	227	0
1968	191	0
1969	179	0
1970	177	0
1971	223	0
1972	201	0
1973	220	0
1974	219	0
1975	190	0
1976	207	0
1977	203	0
1978	222	0
1979	182	0
1980	201	0
1981	188	0
1982	214	0
1983	221	0
1984	199	0
1985	200	0
1986	197	0
1987	179	0
1988	181	0
1989	180	0
1990	194	0
1991	201	0
1992	181	0
1993	193	0
1994	207	0
1995	202	0
1996	174	0
1997	191	0
1998	217	0
1999	180	0
2000	175	0
2001	215	0
2002	179	0
2003	186	0
2004	204	0
2005	193	0
2006	201	0
2007	197	0
2008	207	0
2009	186	0
2010	214	0
2011	238	0
2012	204	0
2013	219	0
2014	218	0
2015	192	0
2016	209	0
2017	183	0
2018	210	0
2019	222	0
2020	227	0
2021	195	0
2022	219	0
2023	217	0
2024	205	0
2025	200	0
2026	224	0
2027	185	0
2028	198	0
2029	208	0
2030	216	0
2031	194	0
2032	210	0
2033	199	0
2034	177	0
2035	178	0
2036	202	0
2037	191	0
2038	217	0
2039	241	0
2040	205	0
2041	205	0
2042	208	0
2043	200	0
2044	196	0
2045	213	0
2046	174	0
2047	200	0
2048	234	0
2049	201	0
2050	204	0
2051	196	0
2052	203	0
2053	216	0
2054	200	0
2055	199	0
2056	188	0
2057	186	0
2058	208	0
2059	197	0
2060	204	0
2061	214	0
2062	189	0
2063	195	0
2064	216	0
2065	219	0
2066	193	0
2067	187	0
2068	227	0
2069	222	0
2070	214	0
2071	211	0
2072	182	0
2073	224	0
2074	219	0
2075	226	0
2076	219	0
2077	205	0
2078	174	0
2079	198	0
2080	182	0
2081	210	0
2082	211	0
2083	210	0
2084	202	0
2085	215	0
2086	204	0
2087	197	0
2088	201	0
2089	203	0
2090	197	0
2091	205	0
2092	183	0
2093	188	0
2094	230	0
2095	223	0
2096	186	0
2097	209	0
2098	197	0
2099	229	0
2100	194	0
2101	187	0
2102	217	0
2103	185	0
2104	208	0
2105	203	0
2106	172	0
2107	204	0
2108	197	0
2109	194	0
2110	222	0
2111	198	0
2112	207	0
2113	195	0
2114	213	0
2115	189	0
2116	217	0
2117	206	0
2118	181	0
2119	211	0
2120	185	0
2121	168	0
2122	235	0
2123	196	0
2124	187	0
2125	212	0
2126	229	0
2127	170	0
2128	212	0
2129	193	0
2130	203	0
2131	197	0
2132	199	0
2133	209	0
2134	201	0
2135	215	0
2136	210	0
2137	206	0
2138	190	0
2139	214	0
2140	205	0
2141	196	0
2142	224	0
2143	208	0
2144	205	0
2145	179	0
2146	202	0
2147	205	0
2148	201	0
2149	201	0
2150	197	0
2151	192	0
2152	204	0
2153	188	0
2154	194	0
2155	191	0
2156	217	0
2157	211	0
2158	216	0
2159	200	0
2160	189	0
2161	205	0
2162	196	0
2163	230	0
2164	192	0
2165	180	0
2166	175	0
2167	211	0
2168	222	0
2169	202	0
2170	178	0
2171	189	0
2172	186	0
2173	210	0
2174	209	0
2175	181	0
2176	185	0
2177	203	0
2178	236	0
2179	204	0
2180	193	0
2181	204	0
2182	222	0
2183	173	0
2184	204	0
2185	220	0
2186	218	0
2187	207	0
2188	216	0
2189	184	0
2190	215	0
2191	177	0
2192	241	0
2193	208	0
2194	212	0
2195	216	0
2196	203	0
2197	217	0
2198	220	0
2199	219	0
2200	198	0
2201	196	0
2202	187	0
2203	211	0
2204	203	0
2205	208	0
2206	213	0
2207	207	0
2208	226	0
2209	202	0
2210	205	0
2211	216	0
2212	190	0
2213	163	0
2214	205	0
2215	191	0
2216	232	0
2217	200	0
2218	197	0
2219	232	0
2220	194	0
2221	203	0
2222	214	0
2223	203	0
2224	211	0
2225	188	0
2226	203	0
2227	197	0
2228	222	0
2229	210	0
2230	207	0
2231	210	0
2232	201	0
2233	226	0
2234	208	0
2235	184	0
2236	200	0
2237	187	0
2238	201	0
2239	215	0
2240	223	0
2241	189	0
2242	200	0
2243	190	0
2244	197	0
2245	188	0
2246	199	0
2247	204	0
2248	222	0
2249	211	0
2250	215	0
2251	205	0
2252	176	0
2253	201	0
2254	207	0
2255	200	0
2256	216	0
2257	180	0
2258	195	0
2259	176	0
2260	206	0
2261	179	0
2262	212	0
2263	191	0
2264	188	0
2265	198	0
2266	198	0
2267	192	0
2268	218	0
2269	223	0
2270	188	0
2271	192	0
2272	226	0
2273	195	0
2274	217	0
2275	169	0
2276	218	0
2277	193	0
2278	219	0
2279	186	0
2280	178	0
2281	205	0
2282	184	0
2283	240	0
2284	202	0
2285	204	0
2286	208	0
2287	215	0
2288	198	0
2289	192	0
2290	203	0
2291	196	0
2292	183	0
2293	182	0
2294	223	0
2295	185	0
2296	197	0
2297	186	0
2298	187	0
2299	197	0
2300	204	0
2301	202	0
2302	222	0
2303	206	0
2304	194	0
2305	217	0
2306	203	0
2307	185	0
2308	177	0
2309	194	0
2310	236	0
2311	213	0
2312	193	0
2313	219	0
2314	200	0
2315	209	0
2316	211	0
2317	220	0
2318	190	0
2319	190	0
2320	217	0
2321	190	0
2322	203	0
2323	212	0
2324	233	0
2325	205	0
2326	197	0
2327	211	0
2328	190	0
2329	217	0
2330	224	0
2331	190	0
2332	213	0
2333	219	0
2334	209	0
2335	182	0
2336	197	0
2337	202	0
2338	203	0
2339	182	0
2340	210	0
2341	201	0
2342	190	0
2343	209	0
2344	191	0
2345	231	0
2346	182	0
2347	185	0
2348	216	0
2349	184	0
2350	186	0
2351	187	0
2352	213	0
2353	186	0
2354	215	0
2355	189	0
2356	176	0
2357	190	0
2358	204	0
2359	186	0
2360	198	0
2361	196	0
2362	203	0
2363	185	0
2364	229	0
2365	212	0
2366	186	0
2367	215	0
2368	205	0
2369	189	0
2370	212	0
2371	203	0
2372	200	0
2373	230	0
2374	202	0
2375	216	0
2376	226	0
2377	228	0
2378	183	0
2379	196	0
2380	209	0
2381	209	0
2382	201	0
2383	171	0
2384	204	0
2385	218	0
2386	212	0
2387	207	0
2388	203	0
2389	198	0
2390	212	0
2391	208	0
2392	184	0
2393	189	0
2394	241	0
2395	201	0
2396	210	0
2397	217	0
2398	208	0
2399	217	0
2400	197	0
2401	211	0
2402	196	0
2403	194	0
2404	231	0
2405	225	0
2406	213	0
2407	220	0
2408	206	0
2409	230	0
2410	203	0
2411	201	0
2412	222	0
2413	231	0
2414	196	0
2415	193	0
2416	168	0
2417	198	0
2418	213	0
2419	184	0
2420	210	0
2421	183	0
2422	211	0
2423	205	0
2424	189	0
2425	184	0
2426	220	0
2427	200	0
2428	220	0
2429	203	0
2430	234	0
2431	220	0
2432	226	0
2433	178	0
2434	210	0
2435	199	0
2436	200	0
2437	227	0
2438	187	0
2439	215	0
2440	203	0
2441	206	0
2442	208	0
2443	176	0
2444	192	0
2445	202	0
2446	204	0
2447	203	0
2448	198	0
2449	187	0
2450	198	0
2451	192	0
2452	196	0
2453	220	0
2454	204	0
2455	237	0
2456	218	0
2457	172	0
2458	210	0
2459	206	0
2460	234	0
2461	187	0
2462	207	0
2463	197	0
2464	192	0
2465	199	0
2466	215	0
2467	194	0
2468	218	0
2469	195	0
2470	209	0
2471	218	0
2472	204	0
2473	206	0
2474	194	0
2475	183	0
2476	216	0
2477	233	0
2478	192	0
2479	193	0
2480	179	0
2481	206	0
2482	204	0
2483	208	0
2484	214	0
2485	180	0
2486	219	0
2487	230	0
2488	188	0
2489	173	0
2490	187	0
2491	195	0
2492	221	0
2493	181	0
2494	219	0
2495	192	0
2496	195	0
2497	205	0
2498	184	0
2499	209	0
2500	190	0
2501	199	0
2502	202	0
2503	206	0
2504	186	0
2505	220	0
2506	221	0
2507	220	0
2508	211	0
2509	195	0
2510	191	0
2511	199	0
2512	190	0
2513	228	0
2514	208	0
2515	227	0
2516	185	0
2517	210	0
2518	220	0
2519	191	0
2520	209	0
2521	207	0
2522	229	0
2523	207	0
2524	177	0
2525	210	0
2526	190	0
2527	212	0
2528	193	0
2529	182	0
2530	194	0
2531	178	0
2532	196	0
2533	190	0
2534	192	0
2535	195	0
2536	186	0
2537	231	0
2538	216	0
2539	201	0
2540	194	0
2541	179	0
2542	194	0
2543	198	0
2544	207	0
2545	204	0
2546	216	0
2547	170	0
2548	184	0
2549	199	0
2550	209	0
2551	232	0
2552	208	0
2553	208	0
2554	228	0
2555	191	0
2556	213	0
2557	189	0
2558	216	0
2559	220	0
2560	209	0
2561	213	0
2562	200	0
2563	185	0
2564	226	0
2565	211	0
2566	213	0
2567	202	0
2568	200	0
2569	203	0
2570	187	0
2571	246	0
2572	203	0
2573	186	0
2574	202	0
2575	206	0
2576	223	0
2577	218	0
2578	210	0
2579	207	0
2580	215	0
2581	200	0
2582	194	0
2583	196	0
2584	211	0
2585	196	0
2586	175	0
2587	178	0
2588	177	0
2589	200	0
2590	211	0
2591	215	0
2592	198	0
2593	219	0
2594	189	0
2595	194	0
2596	198	0
2597	198	0
2598	194	0
2599	220	0
2600	212	0
2601	198	0
2602	214	0
2603	213	0
2604	230	0
2605	214	0
2606	204	0
2607	223	0
2608	201	0
2609	209	0
2610	186	0
2611	204	0
2612	206	0
2613	192	0
2614	197	0
2615	198	0
2616	199	0
2617	199	0
2618	235	0
2619	208	0
2620	189	0
2621	212	0
2622	231	0
2623	211	0
2624	209	0
2625	195	0
2626	220	0
2627	201	0
2628	208	0
2629	223	0
2630	209	0
2631	197	0
2632	217	0
2633	199	0
2634	224	0
2635	215	0
2636	188	0
2637	211	0
2638	187	0
2639	211	0
2640	212	0
2641	177	0
2642	211	0
2643	203	0
2644	204	0
2645	166	0
2646	192	0
2647	202	0
2648	171	0
2649	198	0
2650	181	0
2651	190	0
2652	217	0
2653	197	0
2654	199	0
2655	198	0
2656	214	0
2657	219	0
2658	209	0
2659	221	0
2660	209	0
2661	211	0
2662	185	0
2663	221	0
2664	207	0
2665	205	0
2666	215	0
2667	201	0
2668	232	0
2669	207	0
2670	208	0
2671	172	0
2672	192	0
2673	200	0
2674	187	0
2675	190	0
2676	205	0
2677	208	0
2678	245	0
2679	213	0
2680	182	0
2681	209	0
2682	183	0
2683	195	0
2684	220	0
2685	198	0
2686	201	0
2687	215	0
2688	202	0
2689	161	0
2690	194	0
2691	193	0
2692	190	0
2693	208	0
2694	220	0
2695	190	0
2696	205	0
2697	234	0
2698	226	0
2699	200	0
2700	218	0
2701	195	0
2702	219	0
2703	198	0
2704	212	0
2705	198	0
2706	206	0
2707	211	0
2708	189	0
2709	200	0
2710	212	0
2711	201	0
2712	172	0
2713	219	0
2714	196	0
2715	200	0
2716	209	0
2717	210	0
2718	204	0
2719	191	0
2720	217	0
2721	195	0
2722	203	0
2723	201	0
2724	182	0
2725	218	0
2726	202	0
2727	207	0
2728	189	0
2729	197	0
2730	215	0
2731	219	0
2732	202	0
2733	215	0
2734	217	0
2735	190	0
2736	176	0
2737	197	0
2738	238	0
2739	202	0
2740	182	0
2741	206	0
2742	180	0
2743	210	0
2744	196	0
2745	188	0
2746	173	0
2747	194	0
2748	187	0
2749	207	0
2750	205	0
2751	221	0
2752	203	0
2753	198	0
2754	206	0
2755	194	0
2756	172	0
2757	206	0
2758	196	0
2759	194	0
2760	180	0
2761	229	0
2762	190	0
2763	210	0
2764	212	0
2765	183	0
2766	181	0
2767	197	0
2768	202	0
2769	204	0
2770	192	0
2771	193	0
2772	203	0
2773	204	0
2774	203	0
2775	208	0
2776	206	0
2777	198	0
2778	215	0
2779	197	0
2780	180	0
2781	211	0
2782	210	0
2783	186	0
2784	209	0
2785	193	0
2786	191	0
2787	198	0
2788	212	0
2789	227	0
2790	214	0
2791	200	0
2792	200	0
2793	200	0
2794	191	0
2795	210	0
2796	179	0
2797	222	0
2798	185	0
2799	172	0
2800	213	0
2801	197	0
2802	214	0
2803	195	0
2804	181	0
2805	218	0
2806	193	0
2807	184	0
2808	206	0
2809	208	0
2810	210	0
2811	208	0
2812	211	0
2813	186	0
2814	196	0
2815	188	0
2816	233	0
2817	197	0
2818	182	0
2819	220	0
2820	194	0
2821	211	0
2822	188	0
2823	234	0
2824	213	0
2825	186	0
2826	234	0
2827	187	0
2828	217	0
2829	184	0
2830	215	0
2831	206	0
2832	209	0
2833	211	0
2834	195	0
2835	178	0
2836	221	0
2837	202	0
2838	216	0
2839	187	0
2840	201	0
2841	213	0
2842	207	0
2843	183	0
2844	188	0
2845	214	0
2846	187	0
2847	196	0
2848	191	0
2849	207	0
2850	225	0
2851	201	0
2852	207	0
2853	190	0
2854	212	0
2855	190	0
2856	195	0
2857	214	0
2858	188	0
2859	204	0
2860	219	0
2861	204	0
2862	207	0
2863	197	0
2864	182	0
2865	237	0
2866	188	0
2867	169	0
2868	219	0
2869	195	0
2870	202	0
2871	193	0
2872	178	0
2873	211	0
2874	184	0
2875	213	0
2876	203	0
2877	189	0
2878	200	0
2879	194	0
2880	214	0
2881	232	0
2882	197	0
2883	198	0
2884	205	0
2885	201	0
2886	186	0
2887	192	0
2888	205	0
2889	208	0
2890	184	0
2891	223	0
2892	176	0
2893	205	0
2894	208	0
2895	181	0
2896	203	0
2897	201	0
2898	198	0
2899	215	0
2900	198	0
2901	214	0
2902	191	0
2903	211	0
2904	187	0
2905	217	0
2906	216	0
2907	216	0
2908	200	0
2909	189	0
2910	194	0
2911	207	0
2912	196	0
2913	192	0
2914	200	0
2915	195	0
2916	201	0
2917	220	0
2918	202	0
2919	217	0
2920	186	0
2921	205	0
2922	195	0
2923	196	0
2924	205	0
2925	213	0
2926	183	0
2927	196	0
2928	200	0
2929	179	0
2930	225	0
2931	246	0
2932	211	0
2933	214	0
2934	179	0
2935	196	0
2936	184	0
2937	198	0
2938	214	0
2939	211	0
2940	195	0
2941	199	0
2942	215	0
2943	220	0
2944	208	0
2945	210	0
2946	204	0
2947	235	0
2948	206	0
2949	186	0
2950	212	0
2951	191	0
2952	202	0
2953	232	0
2954	200	0
2955	207	0
2956	204	0
2957	199	0
2958	191	0
2959	201	0
2960	211	0
2961	185	0
2962	210	0
2963	191	0
2964	185	0
2965	206	0
2966	200	0
2967	200	0
2968	195	0
2969	186	0
2970	216	0
2971	200	0
2972	207	0
2973	199	0
2974	199	0
2975	219	0
2976	196	0
2977	210	0
2978	201	0
2979	200	0
2980	192	0
2981	219	0
2982	213	0
2983	178	0
2984	211	0
2985	196	0
2986	232	0
2987	180	0
2988	191	0
2989	218	0
2990	204	0
2991	220	0
2992	193	0
2993	183	0
2994	224	0
2995	209	0
2996	217	0
2997	184	0
2998	205	0
2999	220	0
3000	219	0
