1	186	0
2	210	0
3	195	0
4	200	0
5	187	0
6	190	0
7	198	0
8	213	0
9	193	0
10	210	0
11	192	0
12	225	0
13	162	0
14	193	0
15	212	0
16	210	0
17	194	0
18	185	0
19	209	0
20	193	0
21	221	0
22	236	0
23	185	0
24	201	0
25	186	0
26	224	0
27	228	0
28	178	0
29	196	0
30	214	0
31	175	0
32	186	0
33	179	0
34	214	0
35	175	0
36	189	0
37	184	0
38	193	0
39	191	0
40	207	0
41	216	0
42	200	0
43	210	0
44	202	0
45	222	0
46	197	0
47	212	0
48	218	0
49	211	0
50	196	0
51	185	0
52	195	0
53	221	0
54	173	0
55	212	0
56	196	0
57	212	0
58	191	0
59	181	0
60	181	0
61	191	0
62	191	0
63	192	0
64	207	0
65	199	0
66	196	0
67	205	0
68	187	0
69	195	0
70	199	0
71	200	0
72	186	0
73	166	0
74	185	0
75	205	0
76	201	0
77	211	0
78	193	0
79	205	0
80	191	0
81	203	0
82	202	0
83	215	0
84	169	0
85	183	0
86	193	0
87	210	0
88	178	0
89	213	0
90	209	0
91	167	0
92	217	0
93	204	0
94	205	0
95	182	0
96	193	0
97	192	0
98	190	0
99	190	0
100	197	0
101	218	0
102	199	0
103	183	0
104	192	0
105	210	0
106	210	0
107	172	0
108	183	0
109	186	0
110	190	0
111	191	0
112	206	0
113	180	0
114	178	0
115	197	0
116	200	0
117	202	0
118	179	0
119	206	0
120	183	0
121	202	0
122	194	0
123	177	0
124	198	0
125	203	0
126	219	0
127	222	0
128	207	0
129	205	0
130	173	0
131	193	0
132	216	0
133	183	0
134	182	0
135	202	0
136	184	0
137	197	0
138	187	0
139	196	0
140	204	0
141	206	0
142	208	0
143	185	0
144	176	0
145	214	0
146	200	0
147	196	0
148	172	0
149	204	0
150	185	0
151	196	0
152	198	0
153	199	0
154	179	0
155	175	0
156	192	0
157	206	0
158	202	0
159	206	0
160	201	0
161	250	0
162	198	0
163	193	0
164	186	0
165	184	0
166	193	0
167	222	0
168	209	0
169	188	0
170	200	0
171	182	0
172	199	0
173	229	0
174	213	0
175	209	0
176	208	0
177	199	0
178	207	0
179	198	0
180	219	0
181	188	0
182	171	0
183	190	0
184	175	0
185	206	0
186	207	0
187	196	0
188	192	0
189	199	0
190	172	0
191	196	0
192	199	0
193	173	0
194	201	0
195	203	0
196	212	0
197	190	0
198	199	0
199	201	0
200	184	0
201	204	0
202	206	0
203	203	0
204	223	0
205	181	0
206	225	0
207	193	0
208	200	0
209	203	0
210	184	0
211	209	0
212	223	0
213	205	0
214	238	0
215	199	0
216	203	0
217	222	0
218	197	0
219	217	0
220	205	0
221	216	0
222	190	0
223	190	0
224	210	0
225	225	0
226	189	0
227	193	0
228	215	0
229	196	0
230	207	0
231	202	0
232	231	0
233	209	0
234	188	0
235	208	0
236	216	0
237	219	0
238	189	0
239	192	0
240	180	0
241	206	0
242	195	0
243	193	0
244	202	0
245	177	0
246	203	0
247	199	0
248	172	0
249	203	0
250	201	0
251	211	0
252	192	0
253	184	0
254	187	0
255	212	0
256	219	0
257	172	0
258	167	0
259	182	0
260	191	0
261	202	0
262	226	0
263	199	0
264	220	0
265	219	0
266	178	0
267	187	0
268	173	0
269	187	0
270	200	0
271	196	0
272	206	0
273	183	0
274	199	0
275	188	0
276	210	0
277	179	0
278	175	0
279	209	0
280	218	0
281	185	0
282	209	0
283	239	0
284	209	0
285	205	0
286	203	0
287	218	0
288	196	0
289	200	0
290	217	0
291	211	0
292	188	0
293	235	0
294	160	0
295	181	0
296	210	0
297	205	0
298	193	0
299	196	0
300	176	0
301	190	0
302	181	0
303	186	0
304	199	0
305	184	0
306	200	0
307	208	0
308	177	0
309	179	0
310	201	0
311	198	0
312	186	0
313	188	0
314	189	0
315	192	0
316	211	0
317	183	0
318	198	0
319	195	0
320	194	0
321	192	0
322	206	0
323	189	0
324	208	0
325	191	0
326	200	0
327	212	0
328	197	0
329	192	0
330	168	0
331	200	0
332	153	0
333	175	0
334	213	0
335	186	0
336	175	0
337	212	0
338	205	0
339	167	0
340	192	0
341	192	0
342	208	0
343	178	0
344	223	0
345	189	0
346	201	0
347	193	0
348	212	0
349	187	0
350	224	0
351	201	0
352	190	0
353	205	0
354	228	0
355	200	0
356	207	0
357	184	0
358	191	0
359	193	0
360	174	0
361	173	0
362	210	0
363	211	0
364	192	0
365	181	0
366	216	0
367	187	0
368	187	0
369	206	0
370	156	0
371	173	0
372	193	0
373	202	0
374	189	0
375	164	0
376	205	0
377	199	0
378	196	0
379	187	0
380	182	0
381	188	0
382	189	0
383	190	0
384	181	0
385	200	0
386	208	0
387	166	0
388	193	0
389	202	0
390	167	0
391	186	0
392	197	0
393	207	0
394	189	0
395	199	0
396	189	0
397	166	0
398	202	0
399	206	0
400	201	0
401	191	0
402	205	0
403	188	0
404	195	0
405	209	0
406	187	0
407	196	0
408	172	0
409	199	0
410	184	0
411	196	0
412	231	0
413	197	0
414	199	0
415	215	0
416	199	0
417	200	0
418	188	0
419	220	0
420	212	0
421	190	0
422	207	0
423	173	0
424	192	0
425	221	0
426	198	0
427	160	0
428	237	0
429	201	0
430	199	0
431	195	0
432	175	0
433	183	0
434	213	0
435	204	0
436	213	0
437	204	0
438	199	0
439	220	0
440	192	0
441	199	0
442	192	0
443	197	0
444	198	0
445	223	0
446	206	0
447	195	0
448	176	0
449	197	0
450	221	0
451	186	0
452	183	0
453	184	0
454	199	0
455	192	0
456	202	0
457	201	0
458	195	0
459	211	0
460	167	0
461	193	0
462	188	0
463	188	0
464	191	0
465	187	0
466	202	0
467	198	0
468	220	0
469	187	0
470	171	0
471	242	0
472	204	0
473	180	0
474	194	0
475	163	0
476	191	0
477	187	0
478	176	0
479	217	0
480	201	0
481	205	0
482	164	0
483	191	0
484	178	0
485	200	0
486	217	0
487	226	0
488	213	0
489	187	0
490	195	0
491	194	0
492	193	0
493	197	0
494	169	0
495	184	0
496	197	0
497	187	0
498	183	0
499	202	0
500	197	0
501	215	0
502	198	0
503	180	0
504	196	0
505	210	0
506	194	0
507	180	0
508	212	0
509	203	0
510	192	0
511	198	0
512	206	0
513	160	0
514	209	0
515	201	0
516	200	0
517	201	0
518	189	0
519	199	0
520	208	0
521	207	0
522	219	0
523	197	0
524	188	0
525	195	0
526	190	0
527	179	0
528	196	0
529	206	0
530	171	0
531	180	0
532	205	0
533	201	0
534	219	0
535	189	0
536	223	0
537	187	0
538	192	0
539	184	0
540	189	0
541	182	0
542	211	0
543	207	0
544	182	0
545	194	0
546	188	0
547	211	0
548	204	0
549	209	0
550	233	0
551	214	0
552	192	0
553	207	0
554	200	0
555	195	0
556	188	0
557	201	0
558	177	0
559	198	0
560	207	0
561	205	0
562	205	0
563	219	0
564	199	0
565	210	0
566	214	0
567	183	0
568	197	0
569	216	0
570	175	0
571	218	0
572	178	0
573	175	0
574	201	0
575	216	0
576	189	0
577	203	0
578	197	0
579	201	0
580	208	0
581	213	0
582	188	0
583	184	0
584	171	0
585	216	0
586	176	0
587	215	0
588	171	0
589	200	0
590	206	0
591	171	0
592	195	0
593	181	0
594	204	0
595	198	0
596	214	0
597	213	0
598	218	0
599	202	0
600	185	0
601	191	0
602	215	0
603	193	0
604	186	0
605	204	0
606	187	0
607	184	0
608	190	0
609	188	0
610	210	0
611	217	0
612	207	0
613	216	0
614	191	0
615	204	0
616	164	0
617	192	0
618	184	0
619	172	0
620	203	0
621	188	0
622	189	0
623	195	0
624	187	0
625	211	0
626	193	0
627	192	0
628	219	0
629	185	0
630	217	0
631	202	0
632	173	0
633	195	0
634	191	0
635	200	0
636	199	0
637	196	0
638	203	0
639	216	0
640	180	0
641	178	0
642	193	0
643	190	0
644	182	0
645	222	0
646	213	0
647	202	0
648	202	0
649	173	0
650	216	0
651	206	0
652	204	0
653	193	0
654	186	0
655	211	0
656	174	0
657	192	0
658	197	0
659	197	0
660	187	0
661	213	0
662	201	0
663	193	0
664	181	0
665	220	0
666	202	0
667	181	0
668	201	0
669	171	0
670	172	0
671	179	0
672	200	0
673	201	0
674	178	0
675	190	0
676	195	0
677	191	0
678	213	0
679	191	0
680	214	0
681	199	0
682	211	0
683	203	0
684	195	0
685	202	0
686	222	0
687	171	0
688	206	0
689	219	0
690	198	0
691	203	0
692	189	0
693	193	0
694	186	0
695	205	0
696	182	0
697	205	0
698	211	0
699	196	0
700	205	0
701	186	0
702	207	0
703	204	0
704	182	0
705	185	0
706	173	0
707	188	0
708	190	0
709	178	0
710	205	0
711	198	0
712	205	0
713	200	0
714	172	0
715	201	0
716	175	0
717	199	0
718	181	0
719	183	0
720	207	0
721	194	0
722	181	0
723	179	0
724	185	0
725	194	0
726	186	0
727	198	0
728	186	0
729	195	0
730	191	0
731	218	0
732	192	0
733	196	0
734	193	0
735	207	0
736	192	0
737	184	0
738	192	0
739	195	0
740	206	0
741	219	0
742	188	0
743	173	0
744	172	0
745	202	0
746	228	0
747	185	0
748	183	0
749	226	0
750	220	0
751	194	0
752	191	0
753	202	0
754	190	0
755	194	0
756	182	0
757	201	0
758	190	0
759	207	0
760	188	0
761	187	0
762	168	0
763	160	0
764	203	0
765	223	0
766	201	0
767	194	0
768	191	0
769	209	0
770	190	0
771	197	0
772	172	0
773	195	0
774	186	0
775	201	0
776	176	0
777	214	0
778	204	0
779	188	0
780	201	0
781	172	0
782	177	0
783	216	0
784	191	0
785	196	0
786	194	0
787	201	0
788	218	0
789	197	0
790	180	0
791	198	0
792	209	0
793	183	0
794	207	0
795	194	0
796	186	0
797	215	0
798	220	0
799	206	0
800	211	0
801	173	0
802	214	0
803	206	0
804	228	0
805	184	0
806	193	0
807	184	0
808	201	0
809	214	0
810	202	0
811	230	0
812	197	0
813	191	0
814	188	0
815	202	0
816	179	0
817	197	0
818	164	0
819	209	0
820	210	0
821	204	0
822	210	0
823	179	0
824	171	0
825	195	0
826	199	0
827	191	0
828	198	0
829	184	0
830	188	0
831	209	0
832	181	0
833	208	0
834	219	0
835	204	0
836	213	0
837	196	0
838	208	0
839	218	0
840	206	0
841	211	0
842	239	0
843	190	0
844	163	0
845	207	0
846	185	0
847	190	0
848	203	0
849	193	0
850	202	0
851	220	0
852	194	0
853	177	0
854	180	0
855	209	0
856	197	0
857	189	0
858	195	0
859	188	0
860	196	0
861	210	0
862	192	0
863	193	0
864	190	0
865	189	0
866	223	0
867	186	0
868	191	0
869	212	0
870	197	0
871	187	0
872	190	0
873	202	0
874	231	0
875	212	0
876	209	0
877	188	0
878	197	0
879	169	0
880	220	0
881	198	0
882	179	0
883	186	0
884	178	0
885	201	0
886	201	0
887	191	0
888	192	0
889	194	0
890	215	0
891	179	0
892	188	0
893	189	0
894	191	0
895	193	0
896	206	0
897	199	0
898	210	0
899	219	0
900	202	0
901	198	0
902	181	0
903	215	0
904	199	0
905	173	0
906	202	0
907	209	0
908	201	0
909	183	0
910	206	0
911	186	0
912	182	0
913	188	0
914	198	0
915	190	0
916	204	0
917	200	0
918	198	0
919	174	0
920	215	0
921	186	0
922	192	0
923	218	0
924	188	0
925	178	0
926	191	0
927	199	0
928	211	0
929	205	0
930	177	0
931	194	0
932	201	0
933	202	0
934	197	0
935	187	0
936	172	0
937	188	0
938	185	0
939	232	0
940	173	0
941	202	0
942	202	0
943	195	0
944	196	0
945	196	0
946	192	0
947	203	0
948	173	0
949	219	0
950	193	0
951	202	0
952	198	0
953	222	0
954	184	0
955	178	0
956	202	0
957	170	0
958	189	0
959	182	0
960	190	0
961	197	0
962	184	0
963	224	0
964	201	0
965	199	0
966	203	0
967	202	0
968	238	0
969	195	0
970	218	0
971	181	0
972	214	0
973	208	0
974	203	0
975	200	0
976	213	0
977	197	0
978	191	0
979	189	0
980	196	0
981	203	0
982	208	0
983	230	0
984	238	0
985	189	0
986	185	0
987	215	0
988	185	0
989	195	0
990	194	0
991	209	0
992	227	0
993	192	0
994	197	0
995	189	0
996	209	0
997	206	0
998	207	0
999	191	0
1000	177	0
1001	206	0
1002	219	0
1003	197	0
1004	170	0
1005	188	0
1006	216	0
1007	200	0
1008	198	0
1009	207	0
1010	201	0
1011	192	0
1012	181	0
1013	194	0
1014	216	0
1015	221	0
1016	204	0
1017	205	0
1018	191	0
1019	201	0
1020	202	0
1021	194	0
1022	167	0
1023	199	0
1024	202	0
1025	204	0
1026	194	0
1027	216	0
1028	219	0
1029	209	0
1030	200	0
1031	202	0
1032	217	0
1033	191	0
1034	188	0
1035	202	0
1036	208	0
1037	184	0
1038	180	0
1039	181	0
1040	191	0
1041	183	0
1042	190	0
1043	194	0
1044	195	0
1045	214	0
1046	189	0
1047	182	0
1048	223	0
1049	200	0
1050	218	0
1051	203	0
1052	174	0
1053	195	0
1054	196	0
1055	202	0
1056	208	0
1057	197	0
1058	200	0
1059	208	0
1060	218	0
1061	198	0
1062	183	0
1063	193	0
1064	200	0
1065	182	0
1066	207	0
1067	202	0
1068	245	0
1069	208	0
1070	184	0
1071	209	0
1072	169	0
1073	211	0
1074	196	0
1075	191	0
1076	185	0
1077	193	0
1078	214	0
1079	199	0
1080	198	0
1081	206	0
1082	219	0
1083	186	0
1084	214	0
1085	195	0
1086	195	0
1087	186	0
1088	206	0
1089	182	0
1090	190	0
1091	206	0
1092	200	0
1093	200	0
1094	186	0
1095	218	0
1096	196	0
1097	184	0
1098	190	0
1099	208	0
1100	207	0
1101	202	0
1102	188	0
1103	192	0
1104	188	0
1105	206	0
1106	181	0
1107	183	0
1108	188	0
1109	209	0
1110	211	0
1111	244	0
1112	198	0
1113	220	0
1114	183	0
1115	178	0
1116	214	0
1117	200	0
1118	211	0
1119	184	0
1120	194	0
1121	197	0
1122	184	0
1123	187	0
1124	178	0
1125	203	0
1126	176	0
1127	189	0
1128	186	0
1129	174	0
1130	186	0
1131	190	0
1132	231	0
1133	210	0
1134	194	0
1135	187	0
1136	221	0
1137	200	0
1138	209	0
1139	236	0
1140	186	0
1141	216	0
1142	194	0
1143	214	0
1144	195	0
1145	173	0
1146	198	0
1147	175	0
1148	204	0
1149	212	0
1150	202	0
1151	190	0
1152	151	0
1153	188	0
1154	220	0
1155	200	0
1156	211	0
1157	211	0
1158	185	0
1159	204	0
1160	197	0
1161	200	0
1162	205	0
1163	175	0
1164	190	0
1165	172	0
1166	223	0
1167	191	0
1168	206	0
1169	224	0
1170	197	0
1171	182	0
1172	212	0
1173	215	0
1174	209	0
1175	207	0
1176	207	0
1177	203	0
1178	207	0
1179	177	0
1180	173	0
1181	183	0
1182	200	0
1183	197	0
1184	186	0
1185	189	0
1186	178	0
1187	216	0
1188	183	0
1189	218	0
1190	189	0
1191	188	0
1192	184	0
1193	191	0
1194	175	0
1195	218	0
1196	198	0
1197	198	0
1198	192	0
1199	187	0
1200	188	0
1201	189	0
1202	196	0
1203	209	0
1204	217	0
1205	204	0
1206	224	0
1207	202	0
1208	193	0
1209	203	0
1210	202	0
1211	172	0
1212	180	0
1213	226	0
1214	173	0
1215	185	0
1216	210	0
1217	208	0
1218	187	0
1219	189	0
1220	200	0
1221	215	0
1222	200	0
1223	189	0
1224	195	0
1225	203	0
1226	205	0
1227	187	0
1228	224	0
1229	194	0
1230	207	0
1231	207	0
1232	173	0
1233	199	0
1234	209	0
1235	212	0
1236	196	0
1237	182	0
1238	206	0
1239	183	0
1240	176	0
1241	222	0
1242	205	0
1243	176	0
1244	183	0
1245	194	0
1246	209	0
1247	190	0
1248	244	0
1249	193	0
1250	207	0
1251	204	0
1252	199	0
1253	209	0
1254	166	0
1255	188	0
1256	217	0
1257	183	0
1258	191	0
1259	208	0
1260	193	0
1261	206	0
1262	171	0
1263	220	0
1264	211	0
1265	187	0
1266	186	0
1267	225	0
1268	182	0
1269	175	0
1270	214	0
1271	175	0
1272	201	0
1273	204	0
1274	187	0
1275	209	0
1276	204	0
1277	211	0
1278	204	0
1279	193	0
1280	191	0
1281	197	0
1282	188	0
1283	176	0
1284	181	0
1285	193	0
1286	182	0
1287	235	0
1288	172	0
1289	174	0
1290	195	0
1291	176	0
1292	210	0
1293	207	0
1294	206	0
1295	184	0
1296	183	0
1297	182	0
1298	194	0
1299	204	0
1300	210	0
1301	195	0
1302	207	0
1303	213	0
1304	183	0
1305	230	0
1306	197	0
1307	209	0
1308	210	0
1309	188	0
1310	186	0
1311	192	0
1312	185	0
1313	195	0
1314	219	0
1315	187	0
1316	197	0
1317	197	0
1318	195	0
1319	194	0
1320	180	0
1321	199	0
1322	183	0
1323	189	0
1324	194	0
1325	193	0
1326	194	0
1327	215	0
1328	212	0
1329	207	0
1330	177	0
1331	221	0
1332	176	0
1333	211	0
1334	183	0
1335	215	0
1336	196	0
1337	204	0
1338	201	0
1339	209	0
1340	179	0
1341	180	0
1342	207	0
1343	213	0
1344	185	0
1345	195	0
1346	200	0
1347	192	0
1348	204	0
1349	202	0
1350	189	0
1351	179	0
1352	204	0
1353	188	0
1354	222	0
1355	203	0
1356	219	0
1357	180	0
1358	201	0
1359	180	0
1360	176	0
1361	210	0
1362	210	0
1363	208	0
1364	207	0
1365	207	0
1366	210	0
1367	196	0
1368	193	0
1369	192	0
1370	197	0
1371	223	0
1372	200	0
1373	204	0
1374	206	0
1375	198	0
1376	184	0
1377	169	0
1378	171	0
1379	205	0
1380	200	0
1381	186	0
1382	204	0
1383	210	0
1384	193	0
1385	205	0
1386	209	0
1387	197	0
1388	201	0
1389	212	0
1390	207	0
1391	189	0
1392	211	0
1393	201	0
1394	185	0
1395	190	0
1396	180	0
1397	173	0
1398	199	0
1399	227	0
1400	207	0
1401	226	0
1402	194	0
1403	207	0
1404	227	0
1405	200	0
1406	195	0
1407	162	0
1408	213	0
1409	178	0
1410	187	0
1411	214	0
1412	188	0
1413	203	0
1414	205	0
1415	184	0
1416	188	0
1417	191	0
1418	225	0
1419	173	0
1420	191	0
1421	211	0
1422	206	0
1423	204	0
1424	204	0
1425	207	0
1426	176	0
1427	199	0
1428	220	0
1429	217	0
1430	200	0
1431	237	0
1432	203	0
1433	209	0
1434	197	0
1435	211	0
1436	184	0
1437	201	0
1438	197	0
1439	190	0
1440	188	0
1441	184	0
1442	182	0
1443	177	0
1444	188	0
1445	208	0
1446	215	0
1447	209	0
1448	226	0
1449	184	0
1450	198	0
1451	212	0
1452	194	0
1453	202	0
1454	194	0
1455	192	0
1456	220	0
1457	213	0
1458	211	0
1459	173	0
1460	185	0
1461	199	0
1462	228	0
1463	192	0
1464	200	0
1465	195	0
1466	199	0
1467	230	0
1468	182	0
1469	205	0
1470	206	0
1471	188	0
1472	198	0
1473	194	0
1474	181	0
1475	188	0
1476	212	0
1477	200	0
1478	199	0
1479	193	0
1480	205	0
1481	209	0
1482	171	0
1483	191	0
1484	197	0
1485	202	0
1486	190	0
1487	197	0
1488	209	0
1489	204	0
1490	191	0
1491	195	0
1492	180	0
1493	200	0
1494	209	0
1495	186	0
1496	198	0
1497	259	0
1498	207	0
1499	210	0
1500	193	0
1501	246	0
1502	201	0
1503	195	0
1504	202	0
1505	211	0
1506	199	0
1507	178	0
1508	187	0
1509	171	0
1510	210	0
1511	198	0
1512	237	0
1513	193	0
1514	191	0
1515	195	0
1516	206	0
1517	192	0
1518	198	0
1519	194	0
1520	194	0
1521	220	0
1522	183	0
1523	200	0
1524	192	0
1525	182	0
1526	202	0
1527	215	0
1528	195	0
1529	177	0
1530	170	0
1531	175	0
1532	204	0
1533	202	0
1534	199	0
1535	209	0
1536	215	0
1537	194	0
1538	182	0
1539	194	0
1540	193	0
1541	199	0
1542	226	0
1543	218	0
1544	200	0
1545	221	0
1546	192	0
1547	200	0
1548	202	0
1549	210	0
1550	196	0
1551	177	0
1552	199	0
1553	200	0
1554	195	0
1555	204	0
1556	204	0
1557	162	0
1558	198	0
1559	182	0
1560	205	0
1561	174	0
1562	210	0
1563	186	0
1564	172	0
1565	175	0
1566	191	0
1567	196	0
1568	204	0
1569	180	0
1570	194	0
1571	188	0
1572	167	0
1573	213	0
1574	206	0
1575	167	0
1576	219	0
1577	200	0
1578	195	0
1579	197	0
1580	184	0
1581	172	0
1582	174	0
1583	208	0
1584	211	0
1585	182	0
1586	188	0
1587	197	0
1588	186	0
1589	186	0
1590	188	0
1591	211	0
1592	194	0
1593	225	0
1594	195	0
1595	206	0
1596	203	0
1597	205	0
1598	196	0
1599	195	0
1600	195	0
1601	221	0
1602	200	0
1603	201	0
1604	201	0
1605	195	0
1606	211	0
1607	186	0
1608	199	0
1609	173	0
1610	201	0
1611	209	0
1612	201	0
1613	187	0
1614	189	0
1615	210	0
1616	214	0
1617	218	0
1618	203	0
1619	192	0
1620	185	0
1621	216	0
1622	216	0
1623	166	0
1624	187	0
1625	217	0
1626	195	0
1627	191	0
1628	183	0
1629	209	0
1630	198	0
1631	205	0
1632	206	0
1633	195	0
1634	196	0
1635	226	0
1636	195	0
1637	181	0
1638	187	0
1639	187	0
1640	171	0
1641	177	0
1642	218	0
1643	200	0
1644	220	0
1645	192	0
1646	216	0
1647	218	0
1648	205	0
1649	214	0
1650	200	0
1651	202	0
1652	200	0
1653	217	0
1654	169	0
1655	196	0
1656	225	0
1657	207	0
1658	194	0
1659	195	0
1660	189	0
1661	198	0
1662	215	0
1663	179	0
1664	192	0
1665	187	0
1666	186	0
1667	191	0
1668	190	0
1669	209	0
1670	199	0
1671	179	0
1672	192	0
1673	215	0
1674	192	0
1675	185	0
1676	201	0
1677	188	0
1678	194	0
1679	171	0
1680	197	0
1681	220	0
1682	191	0
1683	220	0
1684	207	0
1685	208	0
1686	187	0
1687	201	0
1688	206	0
1689	205	0
1690	179	0
1691	213	0
1692	190	0
1693	195	0
1694	189	0
1695	199	0
1696	204	0
1697	201	0
1698	187	0
1699	170	0
1700	189	0
1701	197	0
1702	190	0
1703	187	0
1704	193	0
1705	221	0
1706	184	0
1707	187	0
1708	200	0
1709	217	0
1710	186	0
1711	201	0
1712	191	0
1713	199	0
1714	209	0
1715	195	0
1716	208	0
1717	195	0
1718	177	0
1719	206	0
1720	219	0
1721	204	0
1722	205	0
1723	210	0
1724	189	0
1725	177	0
1726	184	0
1727	188	0
1728	175	0
1729	184	0
1730	209	0
1731	201	0
1732	232	0
1733	188	0
1734	184	0
1735	215	0
1736	182	0
1737	197	0
1738	222	0
1739	208	0
1740	192	0
1741	209	0
1742	197	0
1743	216	0
1744	234	0
1745	185	0
1746	210	0
1747	210	0
1748	186	0
1749	219	0
1750	219	0
1751	183	0
1752	184	0
1753	186	0
1754	213	0
1755	202	0
1756	186	0
1757	201	0
1758	176	0
1759	202	0
1760	201	0
1761	205	0
1762	179	0
1763	174	0
1764	190	0
1765	188	0
1766	215	0
1767	194	0
1768	216	0
1769	192	0
1770	185	0
1771	175	0
1772	176	0
1773	187	0
1774	209	0
1775	188	0
1776	182	0
1777	174	0
1778	214	0
1779	204	0
1780	218	0
1781	213	0
1782	161	0
1783	218	0
1784	206	0
1785	191	0
1786	213	0
1787	199	0
1788	193	0
1789	198	0
1790	198	0
1791	197	0
1792	195	0
1793	187	0
1794	206	0
1795	181	0
1796	213	0
1797	215	0
1798	211	0
1799	170	0
1800	198	0
1801	213	0
1802	211	0
1803	192	0
1804	195	0
1805	188	0
1806	174	0
1807	202	0
1808	228	0
1809	205	0
1810	216	0
1811	208	0
1812	186	0
1813	178	0
1814	208	0
1815	181	0
1816	178	0
1817	196	0
1818	176	0
1819	216	0
1820	202	0
1821	202	0
1822	205	0
1823	189	0
1824	202	0
1825	212	0
1826	222	0
1827	213	0
1828	192	0
1829	184	0
1830	184	0
1831	194	0
1832	195	0
1833	207	0
1834	184	0
1835	199	0
1836	194	0
1837	204	0
1838	187	0
1839	183	0
1840	210	0
1841	205	0
1842	218	0
1843	201	0
1844	218	0
1845	202	0
1846	201	0
1847	234	0
1848	216	0
1849	193	0
1850	187	0
1851	174	0
1852	210	0
1853	187	0
1854	199	0
1855	190	0
1856	189	0
1857	207	0
1858	187	0
1859	197	0
1860	203	0
1861	192	0
1862	174	0
1863	218	0
1864	215	0
1865	192	0
1866	204	0
1867	186	0
1868	217	0
1869	190	0
1870	202	0
1871	195	0
1872	215	0
1873	196	0
1874	206	0
1875	228	0
1876	197	0
1877	183	0
1878	187	0
1879	187	0
1880	205	0
1881	201	0
1882	184	0
1883	211	0
1884	176	0
1885	203	0
1886	186	0
1887	206	0
1888	207	0
1889	210	0
1890	177	0
1891	189	0
1892	186	0
1893	192	0
1894	176	0
1895	207	0
1896	216	0
1897	207	0
1898	204	0
1899	191	0
1900	221	0
1901	217	0
1902	188	0
1903	211	0
1904	194	0
1905	190	0
1906	214	0
1907	191	0
1908	237	0
1909	197	0
1910	191	0
1911	213	0
1912	172	0
1913	208	0
1914	198	0
1915	215	0
1916	200	0
1917	187	0
1918	197	0
1919	167	0
1920	194	0
1921	210	0
1922	169	0
1923	176	0
1924	190	0
1925	180	0
1926	206	0
1927	179	0
1928	186	0
1929	187	0
1930	177	0
1931	207	0
1932	196	0
1933	199	0
1934	201	0
1935	183	0
1936	171	0
1937	215	0
1938	202	0
1939	219	0
1940	223	0
1941	197	0
1942	197	0
1943	215	0
1944	229	0
1945	200	0
1946	187	0
1947	180	0
1948	176	0
1949	201	0
1950	212	0
1951	197	0
1952	193	0
1953	200	0
1954	220	0
1955	191	0
1956	183	0
1957	197	0
1958	207	0
1959	202	0
1960	212	0
1961	215	0
1962	207	0
1963	188	0
1964	217	0
1965	213	0
1966	218	0
1967	183	0
1968	216	0
1969	175	0
1970	167	0
1971	223	0
1972	180	0
1973	193	0
1974	219	0
1975	193	0
1976	199	0
1977	195	0
1978	173	0
1979	199	0
1980	180	0
1981	202	0
1982	180	0
1983	194	0
1984	200	0
1985	213	0
1986	191	0
1987	182	0
1988	202	0
1989	193	0
1990	194	0
1991	190	0
1992	199	0
1993	192	0
1994	197	0
1995	211	0
1996	210	0
1997	201	0
1998	210	0
1999	190	0
2000	192	0
2001	184	0
2002	196	0
2003	219	0
2004	205	0
2005	210	0
2006	180	0
2007	180	0
2008	205	0
2009	204	0
2010	200	0
2011	187	0
2012	197	0
2013	163	0
2014	191	0
2015	203	0
2016	180	0
2017	216	0
2018	199	0
2019	208	0
2020	190	0
2021	203	0
2022	173	0
2023	184	0
2024	187	0
2025	178	0
2026	202	0
2027	184	0
2028	182	0
2029	215	0
2030	176	0
2031	201	0
2032	197	0
2033	155	0
2034	201	0
2035	209	0
2036	207	0
2037	208	0
2038	201	0
2039	181	0
2040	192	0
2041	195	0
2042	201	0
2043	185	0
2044	204	0
2045	204	0
2046	199	0
2047	207	0
2048	218	0
2049	205	0
2050	222	0
2051	206	0
2052	202	0
2053	188	0
2054	213	0
2055	207	0
2056	186	0
2057	197	0
2058	200	0
2059	211	0
2060	216	0
2061	201	0
2062	221	0
2063	214	0
2064	186	0
2065	221	0
2066	201	0
2067	207	0
2068	208	0
2069	206	0
2070	197	0
2071	188	0
2072	200	0
2073	192	0
2074	220	0
2075	194	0
2076	174	0
2077	202	0
2078	180	0
2079	184	0
2080	197	0
2081	189	0
2082	203	0
2083	205	0
2084	190	0
2085	186	0
2086	199	0
2087	232	0
2088	167	0
2089	194	0
2090	192	0
2091	200	0
2092	182	0
2093	193	0
2094	213	0
2095	194	0
2096	218	0
2097	213	0
2098	194	0
2099	218	0
2100	203	0
2101	195	0
2102	197	0
2103	203	0
2104	194	0
2105	218	0
2106	185	0
2107	224	0
2108	211	0
2109	202	0
2110	191	0
2111	197	0
2112	194	0
2113	184	0
2114	196	0
2115	205	0
2116	202	0
2117	188	0
2118	237	0
2119	196	0
2120	190	0
2121	192	0
2122	181	0
2123	198	0
2124	199	0
2125	201	0
2126	184	0
2127	196	0
2128	222	0
2129	198	0
2130	198	0
2131	197	0
2132	211	0
2133	203	0
2134	212	0
2135	210	0
2136	179	0
2137	221	0
2138	195	0
2139	219	0
2140	194	0
2141	197	0
2142	218	0
2143	207	0
2144	205	0
2145	197	0
2146	193	0
2147	180	0
2148	193	0
2149	206	0
2150	164	0
2151	169	0
2152	197	0
2153	197	0
2154	197	0
2155	167	0
2156	178	0
2157	174	0
2158	218	0
2159	179	0
2160	190	0
2161	185	0
2162	208	0
2163	180	0
2164	167	0
2165	201	0
2166	194	0
2167	203	0
2168	191	0
2169	197	0
2170	200	0
2171	218	0
2172	182	0
2173	202	0
2174	184	0
2175	210	0
2176	235	0
2177	167	0
2178	200	0
2179	189	0
2180	189	0
2181	206	0
2182	185	0
2183	195	0
2184	199	0
2185	210	0
2186	210	0
2187	199	0
2188	177	0
2189	209	0
2190	205	0
2191	180	0
2192	186	0
2193	191	0
2194	193	0
2195	187	0
2196	180	0
2197	205	0
2198	192	0
2199	192	0
2200	193	0
2201	190	0
2202	216	0
2203	219	0
2204	219	0
2205	193	0
2206	204	0
2207	196	0
2208	200	0
2209	195	0
2210	203	0
2211	190	0
2212	180	0
2213	190	0
2214	200	0
2215	194	0
2216	193	0
2217	204	0
2218	210	0
2219	210	0
2220	211	0
2221	198	0
2222	208	0
2223	179	0
2224	194	0
2225	186	0
2226	192	0
2227	201	0
2228	198	0
2229	199	0
2230	194	0
2231	200	0
2232	207	0
2233	186	0
2234	208	0
2235	188	0
2236	199	0
2237	182	0
2238	210	0
2239	195	0
2240	205	0
2241	203	0
2242	214	0
2243	181	0
2244	177	0
2245	202	0
2246	196	0
2247	175	0
2248	208	0
2249	204	0
2250	186	0
2251	205	0
2252	203	0
2253	195	0
2254	185	0
2255	211	0
2256	207	0
2257	196	0
2258	195	0
2259	207	0
2260	198	0
2261	229	0
2262	210	0
2263	191	0
2264	221	0
2265	204	0
2266	184	0
2267	183	0
2268	200	0
2269	202	0
2270	218	0
2271	205	0
2272	205	0
2273	210	0
2274	207	0
2275	221	0
2276	178	0
2277	189	0
2278	206	0
2279	211	0
2280	207	0
2281	195	0
2282	200	0
2283	204	0
2284	200	0
2285	197	0
2286	173	0
2287	159	0
2288	194	0
2289	230	0
2290	201	0
2291	206	0
2292	210	0
2293	200	0
2294	189	0
2295	204	0
2296	219	0
2297	200	0
2298	187	0
2299	231	0
2300	186	0
2301	177	0
2302	183	0
2303	191	0
2304	205	0
2305	207	0
2306	184	0
2307	200	0
2308	215	0
2309	191	0
2310	178	0
2311	217	0
2312	186	0
2313	181	0
2314	202	0
2315	179	0
2316	201	0
2317	185	0
2318	206	0
2319	200	0
2320	202	0
2321	208	0
2322	201	0
2323	219	0
2324	218	0
2325	201	0
2326	177	0
2327	201	0
2328	221	0
2329	203	0
2330	147	0
2331	171	0
2332	199	0
2333	177	0
2334	193	0
2335	204	0
2336	214	0
2337	183	0
2338	177	0
2339	192	0
2340	178	0
2341	202	0
2342	183	0
2343	218	0
2344	207	0
2345	176	0
2346	205	0
2347	194	0
2348	203	0
2349	192	0
2350	208	0
2351	191	0
2352	183	0
2353	214	0
2354	194	0
2355	217	0
2356	188	0
2357	183	0
2358	204	0
2359	202	0
2360	195	0
2361	204	0
2362	216	0
2363	190	0
2364	199	0
2365	205	0
2366	192	0
2367	187	0
2368	204	0
2369	178	0
2370	203	0
2371	210	0
2372	198	0
2373	186	0
2374	182	0
2375	201	0
2376	209	0
2377	196	0
2378	231	0
2379	199	0
2380	212	0
2381	219	0
2382	202	0
2383	195	0
2384	213	0
2385	188	0
2386	194	0
2387	183	0
2388	192	0
2389	207	0
2390	197	0
2391	192	0
2392	185	0
2393	191	0
2394	218	0
2395	194	0
2396	190	0
2397	196	0
2398	218	0
2399	193	0
2400	200	0
2401	163	0
2402	197	0
2403	239	0
2404	196	0
2405	228	0
2406	197	0
2407	208	0
2408	193	0
2409	190	0
2410	177	0
2411	209	0
2412	197	0
2413	199	0
2414	206	0
2415	172	0
2416	228	0
2417	191	0
2418	220	0
2419	192	0
2420	206	0
2421	206	0
2422	175	0
2423	183	0
2424	200	0
2425	214	0
2426	171	0
2427	238	0
2428	204	0
2429	191	0
2430	199	0
2431	193	0
2432	199	0
2433	218	0
2434	182	0
2435	217	0
2436	197	0
2437	196	0
2438	212	0
2439	199	0
2440	197	0
2441	189	0
2442	223	0
2443	196	0
2444	187	0
2445	202	0
2446	194	0
2447	202	0
2448	201	0
2449	219	0
2450	201	0
2451	188	0
2452	209	0
2453	216	0
2454	209	0
2455	219	0
2456	208	0
2457	205	0
2458	204	0
2459	193	0
2460	213	0
2461	182	0
2462	195	0
2463	194	0
2464	204	0
2465	214	0
2466	175	0
2467	205	0
2468	209	0
2469	201	0
2470	182	0
2471	191	0
2472	198	0
2473	181	0
2474	212	0
2475	195	0
2476	191	0
2477	204	0
2478	231	0
2479	191	0
2480	208	0
2481	192	0
2482	211	0
2483	198	0
2484	201	0
2485	180	0
2486	177	0
2487	187	0
2488	214	0
2489	200	0
2490	203	0
2491	185	0
2492	199	0
2493	187	0
2494	191	0
2495	184	0
2496	188	0
2497	193	0
2498	211	0
2499	179	0
2500	196	0
2501	205	0
2502	198	0
2503	197	0
2504	207	0
2505	196	0
2506	205	0
2507	201	0
2508	196	0
2509	202	0
2510	190	0
2511	193	0
2512	198	0
2513	214	0
2514	176	0
2515	179	0
2516	189	0
2517	187	0
2518	195	0
2519	208	0
2520	176	0
2521	207	0
2522	229	0
2523	209	0
2524	206	0
2525	191	0
2526	214	0
2527	187	0
2528	195	0
2529	219	0
2530	183	0
2531	188	0
2532	229	0
2533	196	0
2534	212	0
2535	189	0
2536	204	0
2537	206	0
2538	194	0
2539	179	0
2540	189	0
2541	185	0
2542	217	0
2543	217	0
2544	187	0
2545	185	0
2546	214	0
2547	201	0
2548	161	0
2549	211	0
2550	166	0
2551	188	0
2552	207	0
2553	191	0
2554	199	0
2555	199	0
2556	187	0
2557	169	0
2558	195	0
2559	160	0
2560	206	0
2561	203	0
2562	201	0
2563	185	0
2564	211	0
2565	179	0
2566	186	0
2567	223	0
2568	195	0
2569	201	0
2570	205	0
2571	205	0
2572	168	0
2573	196	0
2574	196	0
2575	182	0
2576	208	0
2577	216	0
2578	193	0
2579	180	0
2580	178	0
2581	158	0
2582	175	0
2583	215	0
2584	182	0
2585	224	0
2586	212	0
2587	167	0
2588	186	0
2589	162	0
2590	204	0
2591	180	0
2592	196	0
2593	192	0
2594	212	0
2595	186	0
2596	204	0
2597	190	0
2598	203	0
2599	190	0
2600	188	0
2601	165	0
2602	204	0
2603	222	0
2604	196	0
2605	208	0
2606	214	0
2607	220	0
2608	196	0
2609	185	0
2610	194	0
2611	196	0
2612	193	0
2613	231	0
2614	203	0
2615	186	0
2616	185	0
2617	190	0
2618	216	0
2619	220	0
2620	211	0
2621	177	0
2622	184	0
2623	179	0
2624	193	0
2625	163	0
2626	231	0
2627	207	0
2628	190	0
2629	147	0
2630	190	0
2631	197	0
2632	214	0
2633	178	0
2634	205	0
2635	231	0
2636	218	0
2637	204	0
2638	195	0
2639	170	0
2640	222	0
2641	180	0
2642	197	0
2643	213	0
2644	203	0
2645	202	0
2646	209	0
2647	206	0
2648	178	0
2649	199	0
2650	207	0
2651	223	0
2652	192	0
2653	202	0
2654	197	0
2655	198	0
2656	185	0
2657	192	0
2658	180	0
2659	206	0
2660	226	0
2661	211	0
2662	190	0
2663	186	0
2664	193	0
2665	189	0
2666	209	0
2667	175	0
2668	186	0
2669	210	0
2670	223	0
2671	190	0
2672	171	0
2673	177	0
2674	190	0
2675	189	0
2676	208	0
2677	184	0
2678	189	0
2679	197	0
2680	206	0
2681	199	0
2682	185	0
2683	218	0
2684	196	0
2685	215	0
2686	172	0
2687	182	0
2688	208	0
2689	224	0
2690	201	0
2691	191	0
2692	209	0
2693	201	0
2694	213	0
2695	200	0
2696	209	0
2697	185	0
2698	173	0
2699	173	0
2700	199	0
2701	200	0
2702	183	0
2703	199	0
2704	195	0
2705	188	0
2706	195	0
2707	207	0
2708	186	0
2709	203	0
2710	196	0
2711	196	0
2712	207	0
2713	216	0
2714	218	0
2715	194	0
2716	214	0
2717	180	0
2718	212	0
2719	205	0
2720	191	0
2721	212	0
2722	232	0
2723	194	0
2724	196	0
2725	192	0
2726	208	0
2727	211	0
2728	214	0
2729	171	0
2730	209	0
2731	199	0
2732	211	0
2733	207	0
2734	177	0
2735	194	0
2736	162	0
2737	196	0
2738	211	0
2739	168	0
2740	175	0
2741	215	0
2742	212	0
2743	192	0
2744	199	0
2745	178	0
2746	201	0
2747	196	0
2748	205	0
2749	184	0
2750	198	0
2751	187	0
2752	201	0
2753	191	0
2754	197	0
2755	213	0
2756	197	0
2757	186	0
2758	194	0
2759	185	0
2760	193	0
2761	190	0
2762	211	0
2763	207	0
2764	197	0
2765	196	0
2766	199	0
2767	221	0
2768	200	0
2769	182	0
2770	228	0
2771	193	0
2772	189	0
2773	215	0
2774	209	0
2775	205	0
2776	187	0
2777	212	0
2778	218	0
2779	188	0
2780	215	0
2781	188	0
2782	196	0
2783	171	0
2784	208	0
2785	216	0
2786	190	0
2787	215	0
2788	184	0
2789	170	0
2790	198	0
2791	199	0
2792	192	0
2793	202	0
2794	210	0
2795	200	0
2796	196	0
2797	187	0
2798	196	0
2799	175	0
2800	215	0
2801	203	0
2802	199	0
2803	193	0
2804	199	0
2805	190	0
2806	198	0
2807	183	0
2808	204	0
2809	189	0
2810	185	0
2811	210	0
2812	203	0
2813	213	0
2814	207	0
2815	205	0
2816	191	0
2817	205	0
2818	192	0
2819	184	0
2820	208	0
2821	207	0
2822	201	0
2823	189	0
2824	190	0
2825	190	0
2826	204	0
2827	200	0
2828	229	0
2829	216	0
2830	205	0
2831	194	0
2832	214	0
2833	190	0
2834	200	0
2835	203	0
2836	179	0
2837	179	0
2838	186	0
2839	190	0
2840	189	0
2841	185	0
2842	206	0
2843	177	0
2844	213	0
2845	204	0
2846	214	0
2847	187	0
2848	200	0
2849	206	0
2850	179	0
2851	202	0
2852	186	0
2853	180	0
2854	200	0
2855	227	0
2856	194	0
2857	187	0
2858	215	0
2859	185	0
2860	215	0
2861	189	0
2862	199	0
2863	186	0
2864	229	0
2865	213	0
2866	206	0
2867	187	0
2868	194	0
2869	197	0
2870	190	0
2871	229	0
2872	213	0
2873	223	0
2874	195	0
2875	193	0
2876	194	0
2877	194	0
2878	209	0
2879	181	0
2880	209	0
2881	189	0
2882	211	0
2883	215	0
2884	193	0
2885	207	0
2886	208	0
2887	196	0
2888	194	0
2889	179	0
2890	192	0
2891	185	0
2892	200	0
2893	206	0
2894	190	0
2895	184	0
2896	194	0
2897	212	0
2898	179	0
2899	201	0
2900	200	0
2901	192	0
2902	174	0
2903	216	0
2904	202	0
2905	181	0
2906	197	0
2907	194	0
2908	204	0
2909	197	0
2910	201	0
2911	178	0
2912	204	0
2913	214	0
2914	197	0
2915	199	0
2916	205	0
2917	214	0
2918	190	0
2919	189	0
2920	181	0
2921	178	0
2922	218	0
2923	173	0
2924	166	0
2925	206	0
2926	212	0
2927	224	0
2928	215	0
2929	193	0
2930	175	0
2931	200	0
2932	206	0
2933	165	0
2934	192	0
2935	187	0
2936	199	0
2937	211	0
2938	194	0
2939	210	0
2940	189	0
2941	179	0
2942	188	0
2943	181	0
2944	234	0
2945	210	0
2946	210	0
2947	204	0
2948	185	0
2949	186	0
2950	181	0
2951	177	0
2952	187	0
2953	188	0
2954	199	0
2955	207	0
2956	210	0
2957	174	0
2958	168	0
2959	201	0
2960	215	0
2961	184	0
2962	194	0
2963	206	0
2964	214	0
2965	190	0
2966	194	0
2967	200	0
2968	202	0
2969	184	0
2970	201	0
2971	202	0
2972	212	0
2973	200	0
2974	184	0
2975	214	0
2976	214	0
2977	174	0
2978	187	0
2979	226	0
2980	192	0
2981	193	0
2982	216	0
2983	213	0
2984	204	0
2985	221	0
2986	202	0
2987	183	0
2988	196	0
2989	194	0
2990	200	0
2991	207	0
2992	186	0
2993	199	0
2994	182	0
2995	185	0
2996	188	0
2997	211	0
2998	216	0
2999	208	0
3000	180	0
