1	218	0
2	190	0
3	220	0
4	210	0
5	179	0
6	193	0
7	223	0
8	175	0
9	214	0
10	192	0
11	197	0
12	173	0
13	194	0
14	189	0
15	197	0
16	211	0
17	223	0
18	195	0
19	201	0
20	181	0
21	231	0
22	212	0
23	197	0
24	191	0
25	193	0
26	239	0
27	224	0
28	192	0
29	212	0
30	204	0
31	202	0
32	225	0
33	213	0
34	183	0
35	184	0
36	207	0
37	222	0
38	207	0
39	230	0
40	193	0
41	202	0
42	196	0
43	184	0
44	216	0
45	208	0
46	201	0
47	188	0
48	209	0
49	200	0
50	190	0
51	203	0
52	194	0
53	197	0
54	227	0
55	200	0
56	188	0
57	196	0
58	186	0
59	203	0
60	190	0
61	205	0
62	206	0
63	179	0
64	176	0
65	225	0
66	208	0
67	219	0
68	213	0
69	208	0
70	199	0
71	180	0
72	204	0
73	182	0
74	195	0
75	194	0
76	194	0
77	202	0
78	191	0
79	198	0
80	192	0
81	169	0
82	182	0
83	222	0
84	197	0
85	210	0
86	188	0
87	215	0
88	191	0
89	188	0
90	203	0
91	222	0
92	181	0
93	177	0
94	186	0
95	203	0
96	193	0
97	204	0
98	206	0
99	229	0
100	204	0
101	225	0
102	193	0
103	208	0
104	185	0
105	187	0
106	190	0
107	193	0
108	192	0
109	180	0
110	174	0
111	218	0
112	200	0
113	228	0
114	200	0
115	191	0
116	200	0
117	224	0
118	192	0
119	182	0
120	203	0
121	208	0
122	204	0
123	187	0
124	211	0
125	193	0
126	190	0
127	189	0
128	209	0
129	204	0
130	204	0
131	192	0
132	222	0
133	220	0
134	232	0
135	203	0
136	216	0
137	195	0
138	199	0
139	182	0
140	204	0
141	210	0
142	212	0
143	191	0
144	203	0
145	165	0
146	192	0
147	213	0
148	176	0
149	225	0
150	212	0
151	225	0
152	219	0
153	209	0
154	195	0
155	200	0
156	213	0
157	188	0
158	222	0
159	185	0
160	174	0
161	187	0
162	187	0
163	188	0
164	207	0
165	204	0
166	175	0
167	201	0
168	236	0
169	201	0
170	212	0
171	180	0
172	211	0
173	178	0
174	202	0
175	195	0
176	216	0
177	201	0
178	185	0
179	197	0
180	199	0
181	185	0
182	204	0
183	196	0
184	218	0
185	207	0
186	178	0
187	193	0
188	212	0
189	172	0
190	182	0
191	199	0
192	194	0
193	210	0
194	196	0
195	197	0
196	197	0
197	199	0
198	211	0
199	211	0
200	192	0
201	205	0
202	195	0
203	213	0
204	191	0
205	194	0
206	228	0
207	181	0
208	212	0
209	206	0
210	204	0
211	199	0
212	209	0
213	197	0
214	178	0
215	215	0
216	194	0
217	204	0
218	218	0
219	195	0
220	190	0
221	189	0
222	185	0
223	210	0
224	205	0
225	207	0
226	222	0
227	208	0
228	196	0
229	201	0
230	194	0
231	186	0
232	229	0
233	200	0
234	192	0
235	161	0
236	173	0
237	229	0
238	197	0
239	187	0
240	209	0
241	199	0
242	212	0
243	218	0
244	193	0
245	196	0
246	199	0
247	176	0
248	188	0
249	178	0
250	190	0
251	183	0
252	181	0
253	205	0
254	195	0
255	175	0
256	189	0
257	174	0
258	173	0
259	181	0
260	169	0
261	196	0
262	218	0
263	206	0
264	190	0
265	193	0
266	211	0
267	217	0
268	179	0
269	203	0
270	227	0
271	200	0
272	198	0
273	204	0
274	193	0
275	179	0
276	201	0
277	185	0
278	184	0
279	197	0
280	209	0
281	194	0
282	184	0
283	197	0
284	192	0
285	237	0
286	183	0
287	200	0
288	188	0
289	200	0
290	186	0
291	202	0
292	186	0
293	202	0
294	174	0
295	221	0
296	168	0
297	206	0
298	221	0
299	182	0
300	192	0
301	215	0
302	203	0
303	187	0
304	206	0
305	215	0
306	208	0
307	223	0
308	173	0
309	190	0
310	227	0
311	196	0
312	228	0
313	200	0
314	205	0
315	194	0
316	217	0
317	167	0
318	217	0
319	190	0
320	201	0
321	212	0
322	192	0
323	204	0
324	217	0
325	213	0
326	192	0
327	202	0
328	197	0
329	185	0
330	204	0
331	217	0
332	197	0
333	214	0
334	204	0
335	192	0
336	208	0
337	175	0
338	181	0
339	183	0
340	177	0
341	203	0
342	202	0
343	208	0
344	224	0
345	183	0
346	170	0
347	219	0
348	192	0
349	199	0
350	200	0
351	207	0
352	222	0
353	187	0
354	184	0
355	191	0
356	219	0
357	179	0
358	180	0
359	216	0
360	238	0
361	191	0
362	218	0
363	187	0
364	201	0
365	202	0
366	178	0
367	199	0
368	178	0
369	181	0
370	181	0
371	185	0
372	210	0
373	189	0
374	187	0
375	178	0
376	207	0
377	193	0
378	206	0
379	207	0
380	196	0
381	205	0
382	199	0
383	195	0
384	196	0
385	215	0
386	219	0
387	203	0
388	222	0
389	201	0
390	205	0
391	193	0
392	217	0
393	192	0
394	202	0
395	180	0
396	203	0
397	210	0
398	185	0
399	175	0
400	190	0
401	181	0
402	205	0
403	178	0
404	226	0
405	214	0
406	185	0
407	192	0
408	219	0
409	220	0
410	206	0
411	178	0
412	201	0
413	196	0
414	225	0
415	189	0
416	207	0
417	162	0
418	181	0
419	197	0
420	196	0
421	209	0
422	182	0
423	198	0
424	201	0
425	214	0
426	191	0
427	188	0
428	221	0
429	192	0
430	188	0
431	197	0
432	221	0
433	201	0
434	189	0
435	186	0
436	208	0
437	210	0
438	207	0
439	200	0
440	200	0
441	187	0
442	170	0
443	207	0
444	178	0
445	196	0
446	179	0
447	204	0
448	209	0
449	217	0
450	197	0
451	190	0
452	187	0
453	220	0
454	205	0
455	186	0
456	201	0
457	197	0
458	229	0
459	198	0
460	200	0
461	202	0
462	217	0
463	175	0
464	199	0
465	193	0
466	208	0
467	196	0
468	199	0
469	190	0
470	159	0
471	208	0
472	197	0
473	200	0
474	190	0
475	202	0
476	235	0
477	160	0
478	208	0
479	205	0
480	164	0
481	189	0
482	160	0
483	199	0
484	188	0
485	192	0
486	202	0
487	188	0
488	212	0
489	215	0
490	181	0
491	187	0
492	197	0
493	209	0
494	196	0
495	205	0
496	204	0
497	211	0
498	216	0
499	192	0
500	207	0
501	190	0
502	208	0
503	188	0
504	186	0
505	185	0
506	197	0
507	190	0
508	202	0
509	196	0
510	202	0
511	197	0
512	218	0
513	226	0
514	203	0
515	197	0
516	182	0
517	182	0
518	196	0
519	198	0
520	181	0
521	197	0
522	216	0
523	194	0
524	206	0
525	195	0
526	208	0
527	195	0
528	190	0
529	195	0
530	211	0
531	206	0
532	239	0
533	183	0
534	222	0
535	190	0
536	184	0
537	207	0
538	187	0
539	201	0
540	182	0
541	202	0
542	180	0
543	198	0
544	207	0
545	194	0
546	206	0
547	187	0
548	222	0
549	194	0
550	210	0
551	193	0
552	193	0
553	210	0
554	205	0
555	200	0
556	189	0
557	172	0
558	192	0
559	188	0
560	196	0
561	204	0
562	194	0
563	156	0
564	186	0
565	205	0
566	199	0
567	217	0
568	191	0
569	201	0
570	212	0
571	192	0
572	213	0
573	208	0
574	184	0
575	188	0
576	202	0
577	199	0
578	219	0
579	203	0
580	200	0
581	207	0
582	209	0
583	202	0
584	193	0
585	194	0
586	212	0
587	209	0
588	209	0
589	224	0
590	191	0
591	207	0
592	197	0
593	212	0
594	184	0
595	191	0
596	194	0
597	196	0
598	198	0
599	189	0
600	175	0
601	195	0
602	214	0
603	205	0
604	230	0
605	223	0
606	218	0
607	192	0
608	184	0
609	219	0
610	204	0
611	181	0
612	209	0
613	184	0
614	211	0
615	198	0
616	181	0
617	195	0
618	222	0
619	187	0
620	166	0
621	187	0
622	180	0
623	210	0
624	188	0
625	186	0
626	195	0
627	180	0
628	203	0
629	183	0
630	193	0
631	195	0
632	191	0
633	229	0
634	182	0
635	202	0
636	189	0
637	183	0
638	182	0
639	200	0
640	174	0
641	208	0
642	207	0
643	221	0
644	206	0
645	175	0
646	194	0
647	211	0
648	202	0
649	181	0
650	195	0
651	204	0
652	205	0
653	224	0
654	199	0
655	191	0
656	195	0
657	200	0
658	227	0
659	200	0
660	171	0
661	208	0
662	204	0
663	186	0
664	192	0
665	176	0
666	177	0
667	198	0
668	198	0
669	199	0
670	199	0
671	203	0
672	198	0
673	178	0
674	206	0
675	196	0
676	203	0
677	222	0
678	190	0
679	183	0
680	218	0
681	189	0
682	200	0
683	215	0
684	196	0
685	195	0
686	196	0
687	203	0
688	198	0
689	201	0
690	196	0
691	192	0
692	211	0
693	217	0
694	209	0
695	207	0
696	217	0
697	198	0
698	172	0
699	177	0
700	210	0
701	206	0
702	195	0
703	210	0
704	200	0
705	201	0
706	205	0
707	204	0
708	199	0
709	183	0
710	214	0
711	184	0
712	190	0
713	197	0
714	186	0
715	192	0
716	207	0
717	163	0
718	183	0
719	186	0
720	222	0
721	214	0
722	212	0
723	173	0
724	203	0
725	189	0
726	178	0
727	200	0
728	177	0
729	188	0
730	162	0
731	189	0
732	192	0
733	200	0
734	176	0
735	199	0
736	197	0
737	183	0
738	214	0
739	221	0
740	198	0
741	202	0
742	195	0
743	206	0
744	211	0
745	191	0
746	178	0
747	182	0
748	194	0
749	200	0
750	201	0
751	189	0
752	194	0
753	208	0
754	191	0
755	235	0
756	211	0
757	208	0
758	169	0
759	213	0
760	206	0
761	199	0
762	208	0
763	175	0
764	204	0
765	213	0
766	187	0
767	218	0
768	203	0
769	179	0
770	221	0
771	204	0
772	193	0
773	199	0
774	197	0
775	186	0
776	200	0
777	227	0
778	205	0
779	202	0
780	199	0
781	214	0
782	217	0
783	183	0
784	226	0
785	239	0
786	197	0
787	173	0
788	205	0
789	210	0
790	233	0
791	179	0
792	220	0
793	193	0
794	208	0
795	214	0
796	213	0
797	215	0
798	186	0
799	206	0
800	221	0
801	189	0
802	184	0
803	197	0
804	185	0
805	221	0
806	211	0
807	194	0
808	178	0
809	187	0
810	192	0
811	211	0
812	192	0
813	229	0
814	191	0
815	178	0
816	179	0
817	208	0
818	206	0
819	201	0
820	198	0
821	191	0
822	193	0
823	194	0
824	172	0
825	189	0
826	201	0
827	213	0
828	214	0
829	206	0
830	177	0
831	203	0
832	169	0
833	188	0
834	203	0
835	180	0
836	213	0
837	201	0
838	228	0
839	192	0
840	176	0
841	195	0
842	198	0
843	196	0
844	199	0
845	186	0
846	198	0
847	193	0
848	192	0
849	196	0
850	200	0
851	205	0
852	206	0
853	203	0
854	195	0
855	183	0
856	196	0
857	183	0
858	228	0
859	213	0
860	185	0
861	197	0
862	202	0
863	201	0
864	199	0
865	190	0
866	202	0
867	181	0
868	198	0
869	219	0
870	188	0
871	226	0
872	212	0
873	184	0
874	193	0
875	209	0
876	169	0
877	199	0
878	228	0
879	183	0
880	200	0
881	220	0
882	220	0
883	185	0
884	209	0
885	195	0
886	182	0
887	218	0
888	182	0
889	198	0
890	207	0
891	212	0
892	192	0
893	218	0
894	187	0
895	193	0
896	194	0
897	163	0
898	187	0
899	175	0
900	165	0
901	191	0
902	194	0
903	199	0
904	184	0
905	182	0
906	225	0
907	191	0
908	179	0
909	198	0
910	195	0
911	191	0
912	204	0
913	195	0
914	210	0
915	203	0
916	183	0
917	210	0
918	196	0
919	219	0
920	187	0
921	213	0
922	227	0
923	183	0
924	202	0
925	183	0
926	198	0
927	204	0
928	190	0
929	201	0
930	208	0
931	192	0
932	198	0
933	183	0
934	194	0
935	166	0
936	197	0
937	193	0
938	176	0
939	190	0
940	176	0
941	176	0
942	213	0
943	186	0
944	171	0
945	182	0
946	210	0
947	208	0
948	199	0
949	219	0
950	195	0
951	212	0
952	216	0
953	195	0
954	180	0
955	186	0
956	201	0
957	207	0
958	197	0
959	198	0
960	191	0
961	189	0
962	183	0
963	175	0
964	183	0
965	227	0
966	183	0
967	214	0
968	203	0
969	213	0
970	190	0
971	191	0
972	168	0
973	217	0
974	173	0
975	191	0
976	187	0
977	197	0
978	210	0
979	206	0
980	209	0
981	219	0
982	230	0
983	212	0
984	235	0
985	200	0
986	192	0
987	193	0
988	162	0
989	192	0
990	191	0
991	218	0
992	210	0
993	170	0
994	182	0
995	171	0
996	225	0
997	210	0
998	184	0
999	186	0
1000	205	0
1001	234	0
1002	207	0
1003	200	0
1004	200	0
1005	172	0
1006	220	0
1007	193	0
1008	193	0
1009	193	0
1010	214	0
1011	189	0
1012	216	0
1013	175	0
1014	188	0
1015	174	0
1016	208	0
1017	184	0
1018	228	0
1019	180	0
1020	217	0
1021	231	0
1022	191	0
1023	213	0
1024	202	0
1025	205	0
1026	210	0
1027	200	0
1028	201	0
1029	195	0
1030	201	0
1031	201	0
1032	207	0
1033	191	0
1034	206	0
1035	203	0
1036	198	0
1037	185	0
1038	220	0
1039	218	0
1040	185	0
1041	182	0
1042	187	0
1043	193	0
1044	196	0
1045	211	0
1046	186	0
1047	209	0
1048	207	0
1049	187	0
1050	194	0
1051	207	0
1052	188	0
1053	201	0
1054	193	0
1055	201	0
1056	200	0
1057	202	0
1058	199	0
1059	185	0
1060	181	0
1061	178	0
1062	192	0
1063	227	0
1064	209	0
1065	194	0
1066	205	0
1067	209	0
1068	199	0
1069	203	0
1070	198	0
1071	208	0
1072	179	0
1073	215	0
1074	222	0
1075	189	0
1076	197	0
1077	189	0
1078	203	0
1079	235	0
1080	188	0
1081	175	0
1082	208	0
1083	204	0
1084	210	0
1085	215	0
1086	218	0
1087	204	0
1088	172	0
1089	222	0
1090	190	0
1091	188	0
1092	169	0
1093	202	0
1094	214	0
1095	198	0
1096	209	0
1097	210	0
1098	219	0
1099	191	0
1100	180	0
1101	227	0
1102	211	0
1103	181	0
1104	203	0
1105	215	0
1106	201	0
1107	189	0
1108	191	0
1109	161	0
1110	226	0
1111	204	0
1112	194	0
1113	216	0
1114	216	0
1115	207	0
1116	191	0
1117	194	0
1118	214	0
1119	187	0
1120	197	0
1121	232	0
1122	211	0
1123	216	0
1124	205	0
1125	185	0
1126	203	0
1127	191	0
1128	181	0
1129	225	0
1130	227	0
1131	207	0
1132	195	0
1133	174	0
1134	198	0
1135	209	0
1136	186	0
1137	196	0
1138	194	0
1139	222	0
1140	164	0
1141	214	0
1142	201	0
1143	181	0
1144	193	0
1145	185	0
1146	235	0
1147	200	0
1148	193	0
1149	190	0
1150	203	0
1151	220	0
1152	187	0
1153	172	0
1154	197	0
1155	227	0
1156	209	0
1157	208	0
1158	195	0
1159	200	0
1160	196	0
1161	204	0
1162	217	0
1163	184	0
1164	179	0
1165	206	0
1166	204	0
1167	195	0
1168	180	0
1169	210	0
1170	182	0
1171	214	0
1172	220	0
1173	184	0
1174	211	0
1175	217	0
1176	211	0
1177	221	0
1178	203	0
1179	185	0
1180	223	0
1181	215	0
1182	205	0
1183	189	0
1184	195	0
1185	189	0
1186	185	0
1187	210	0
1188	189	0
1189	196	0
1190	196	0
1191	237	0
1192	203	0
1193	167	0
1194	205	0
1195	207	0
1196	200	0
1197	196	0
1198	177	0
1199	187	0
1200	176	0
1201	226	0
1202	210	0
1203	198	0
1204	196	0
1205	189	0
1206	193	0
1207	190	0
1208	208	0
1209	191	0
1210	194	0
1211	214	0
1212	188	0
1213	198	0
1214	162	0
1215	195	0
1216	176	0
1217	186	0
1218	199	0
1219	189	0
1220	233	0
1221	193	0
1222	198	0
1223	205	0
1224	181	0
1225	177	0
1226	187	0
1227	209	0
1228	213	0
1229	211	0
1230	191	0
1231	188	0
1232	191	0
1233	189	0
1234	168	0
1235	193	0
1236	195	0
1237	201	0
1238	194	0
1239	203	0
1240	181	0
1241	197	0
1242	171	0
1243	217	0
1244	170	0
1245	182	0
1246	166	0
1247	201	0
1248	216	0
1249	212	0
1250	206	0
1251	172	0
1252	174	0
1253	191	0
1254	226	0
1255	206	0
1256	211	0
1257	173	0
1258	195	0
1259	205	0
1260	197	0
1261	192	0
1262	177	0
1263	184	0
1264	225	0
1265	207	0
1266	211	0
1267	209	0
1268	181	0
1269	204	0
1270	197	0
1271	223	0
1272	177	0
1273	204	0
1274	195	0
1275	199	0
1276	199	0
1277	179	0
1278	190	0
1279	203	0
1280	200	0
1281	218	0
1282	183	0
1283	198	0
1284	215	0
1285	191	0
1286	184	0
1287	205	0
1288	202	0
1289	193	0
1290	183	0
1291	198	0
1292	191	0
1293	206	0
1294	192	0
1295	211	0
1296	176	0
1297	217	0
1298	200	0
1299	191	0
1300	206	0
1301	189	0
1302	175	0
1303	207	0
1304	208	0
1305	195	0
1306	192	0
1307	197	0
1308	192	0
1309	206	0
1310	188	0
1311	194	0
1312	187	0
1313	220	0
1314	189	0
1315	182	0
1316	204	0
1317	175	0
1318	202	0
1319	197	0
1320	182	0
1321	210	0
1322	180	0
1323	196	0
1324	215	0
1325	175	0
1326	216	0
1327	215	0
1328	160	0
1329	216	0
1330	205	0
1331	164	0
1332	199	0
1333	203	0
1334	202	0
1335	219	0
1336	207	0
1337	199	0
1338	223	0
1339	228	0
1340	176	0
1341	193	0
1342	215	0
1343	195	0
1344	178	0
1345	213	0
1346	206	0
1347	193	0
1348	213	0
1349	192	0
1350	208	0
1351	197	0
1352	174	0
1353	203	0
1354	213	0
1355	206	0
1356	234	0
1357	190	0
1358	220	0
1359	209	0
1360	183	0
1361	194	0
1362	222	0
1363	235	0
1364	211	0
1365	215	0
1366	214	0
1367	192	0
1368	188	0
1369	194	0
1370	223	0
1371	195	0
1372	208	0
1373	210	0
1374	176	0
1375	220	0
1376	185	0
1377	174	0
1378	218	0
1379	206	0
1380	218	0
1381	181	0
1382	183	0
1383	186	0
1384	199	0
1385	207	0
1386	175	0
1387	185	0
1388	212	0
1389	203	0
1390	212	0
1391	188	0
1392	227	0
1393	213	0
1394	196	0
1395	205	0
1396	205	0
1397	187	0
1398	202	0
1399	198	0
1400	190	0
1401	232	0
1402	198	0
1403	190	0
1404	212	0
1405	176	0
1406	182	0
1407	205	0
1408	189	0
1409	220	0
1410	214	0
1411	172	0
1412	213	0
1413	230	0
1414	224	0
1415	192	0
1416	209	0
1417	199	0
1418	159	0
1419	225	0
1420	191	0
1421	183	0
1422	192	0
1423	222	0
1424	196	0
1425	222	0
1426	187	0
1427	197	0
1428	179	0
1429	178	0
1430	174	0
1431	186	0
1432	190	0
1433	215	0
1434	183	0
1435	206	0
1436	219	0
1437	191	0
1438	181	0
1439	198	0
1440	197	0
1441	171	0
1442	221	0
1443	206	0
1444	173	0
1445	210	0
1446	196	0
1447	204	0
1448	197	0
1449	202	0
1450	191	0
1451	166	0
1452	197	0
1453	193	0
1454	192	0
1455	262	0
1456	175	0
1457	200	0
1458	200	0
1459	209	0
1460	184	0
1461	164	0
1462	175	0
1463	193	0
1464	188	0
1465	175	0
1466	189	0
1467	232	0
1468	217	0
1469	177	0
1470	195	0
1471	175	0
1472	203	0
1473	201	0
1474	170	0
1475	195	0
1476	229	0
1477	191	0
1478	193	0
1479	190	0
1480	178	0
1481	207	0
1482	204	0
1483	197	0
1484	207	0
1485	187	0
1486	206	0
1487	212	0
1488	194	0
1489	188	0
1490	217	0
1491	170	0
1492	188	0
1493	216	0
1494	178	0
1495	189	0
1496	220	0
1497	207	0
1498	192	0
1499	182	0
1500	213	0
1501	213	0
1502	187	0
1503	178	0
1504	198	0
1505	184	0
1506	209	0
1507	214	0
1508	187	0
1509	217	0
1510	217	0
1511	192	0
1512	181	0
1513	204	0
1514	206	0
1515	215	0
1516	173	0
1517	195	0
1518	196	0
1519	197	0
1520	191	0
1521	196	0
1522	211	0
1523	218	0
1524	179	0
1525	190	0
1526	189	0
1527	191	0
1528	171	0
1529	211	0
1530	184	0
1531	193	0
1532	189	0
1533	184	0
1534	209	0
1535	206	0
1536	219	0
1537	184	0
1538	195	0
1539	186	0
1540	182	0
1541	192	0
1542	203	0
1543	187	0
1544	195	0
1545	204	0
1546	197	0
1547	196	0
1548	188	0
1549	198	0
1550	211	0
1551	193	0
1552	218	0
1553	189	0
1554	207	0
1555	212	0
1556	196	0
1557	191	0
1558	192	0
1559	186	0
1560	190	0
1561	203	0
1562	209	0
1563	208	0
1564	190	0
1565	180	0
1566	195	0
1567	175	0
1568	193	0
1569	207	0
1570	207	0
1571	231	0
1572	185	0
1573	184	0
1574	217	0
1575	213	0
1576	207	0
1577	217	0
1578	210	0
1579	194	0
1580	201	0
1581	201	0
1582	201	0
1583	203	0
1584	207	0
1585	207	0
1586	206	0
1587	198	0
1588	182	0
1589	206	0
1590	199	0
1591	182	0
1592	194	0
1593	187	0
1594	194	0
1595	188	0
1596	213	0
1597	186	0
1598	205	0
1599	169	0
1600	211	0
1601	198	0
1602	185	0
1603	207	0
1604	209	0
1605	181	0
1606	215	0
1607	212	0
1608	180	0
1609	210	0
1610	204	0
1611	198	0
1612	212	0
1613	192	0
1614	216	0
1615	206	0
1616	238	0
1617	175	0
1618	218	0
1619	179	0
1620	201	0
1621	169	0
1622	208	0
1623	209	0
1624	184	0
1625	226	0
1626	193	0
1627	204	0
1628	206	0
1629	191	0
1630	196	0
1631	196	0
1632	200	0
1633	220	0
1634	167	0
1635	196	0
1636	195	0
1637	202	0
1638	222	0
1639	178	0
1640	192	0
1641	203	0
1642	210	0
1643	203	0
1644	227	0
1645	205	0
1646	197	0
1647	220	0
1648	227	0
1649	198	0
1650	194	0
1651	196	0
1652	208	0
1653	194	0
1654	182	0
1655	191	0
1656	202	0
1657	220	0
1658	205	0
1659	197	0
1660	204	0
1661	220	0
1662	205	0
1663	220	0
1664	211	0
1665	197	0
1666	187	0
1667	215	0
1668	230	0
1669	205	0
1670	177	0
1671	218	0
1672	203	0
1673	185	0
1674	202	0
1675	170	0
1676	182	0
1677	226	0
1678	197	0
1679	189	0
1680	204	0
1681	212	0
1682	182	0
1683	210	0
1684	186	0
1685	210	0
1686	229	0
1687	184	0
1688	179	0
1689	175	0
1690	192	0
1691	207	0
1692	215	0
1693	219	0
1694	188	0
1695	214	0
1696	192	0
1697	221	0
1698	208	0
1699	191	0
1700	183	0
1701	234	0
1702	215	0
1703	192	0
1704	214	0
1705	199	0
1706	221	0
1707	173	0
1708	206	0
1709	189	0
1710	185	0
1711	200	0
1712	211	0
1713	215	0
1714	188	0
1715	187	0
1716	213	0
1717	207	0
1718	219	0
1719	206	0
1720	200	0
1721	192	0
1722	167	0
1723	216	0
1724	216	0
1725	195	0
1726	158	0
1727	197	0
1728	173	0
1729	209	0
1730	220	0
1731	190	0
1732	191	0
1733	203	0
1734	207	0
1735	203	0
1736	192	0
1737	202	0
1738	220	0
1739	193	0
1740	176	0
1741	194	0
1742	179	0
1743	180	0
1744	208	0
1745	217	0
1746	200	0
1747	207	0
1748	214	0
1749	191	0
1750	200	0
1751	184	0
1752	189	0
1753	213	0
1754	207	0
1755	200	0
1756	198	0
1757	215	0
1758	215	0
1759	211	0
1760	184	0
1761	195	0
1762	195	0
1763	180	0
1764	205	0
1765	177	0
1766	190	0
1767	230	0
1768	166	0
1769	168	0
1770	215	0
1771	233	0
1772	187	0
1773	186	0
1774	181	0
1775	197	0
1776	201	0
1777	190	0
1778	208	0
1779	191	0
1780	176	0
1781	184	0
1782	192	0
1783	190	0
1784	188	0
1785	209	0
1786	176	0
1787	223	0
1788	190	0
1789	197	0
1790	199	0
1791	181	0
1792	178	0
1793	187	0
1794	219	0
1795	195	0
1796	163	0
1797	188	0
1798	199	0
1799	205	0
1800	197	0
1801	196	0
1802	193	0
1803	209	0
1804	200	0
1805	209	0
1806	187	0
1807	192	0
1808	219	0
1809	217	0
1810	176	0
1811	182	0
1812	197	0
1813	188	0
1814	207	0
1815	213	0
1816	206	0
1817	210	0
1818	206	0
1819	163	0
1820	204	0
1821	214	0
1822	192	0
1823	209	0
1824	189	0
1825	191	0
1826	213	0
1827	217	0
1828	225	0
1829	204	0
1830	192	0
1831	197	0
1832	185	0
1833	224	0
1834	195	0
1835	210	0
1836	222	0
1837	169	0
1838	220	0
1839	176	0
1840	204	0
1841	193	0
1842	190	0
1843	195	0
1844	196	0
1845	200	0
1846	188	0
1847	204	0
1848	194	0
1849	198	0
1850	179	0
1851	204	0
1852	177	0
1853	184	0
1854	201	0
1855	188	0
1856	183	0
1857	193	0
1858	212	0
1859	193	0
1860	207	0
1861	179	0
1862	178	0
1863	196	0
1864	189	0
1865	234	0
1866	187	0
1867	198	0
1868	179	0
1869	193	0
1870	189	0
1871	176	0
1872	212	0
1873	162	0
1874	218	0
1875	219	0
1876	204	0
1877	231	0
1878	178	0
1879	207	0
1880	216	0
1881	206	0
1882	191	0
1883	204	0
1884	200	0
1885	188	0
1886	212	0
1887	209	0
1888	203	0
1889	214	0
1890	178	0
1891	210	0
1892	199	0
1893	218	0
1894	223	0
1895	187	0
1896	180	0
1897	200	0
1898	161	0
1899	194	0
1900	206	0
1901	213	0
1902	213	0
1903	228	0
1904	185	0
1905	219	0
1906	179	0
1907	210	0
1908	191	0
1909	201	0
1910	190	0
1911	195	0
1912	194	0
1913	222	0
1914	192	0
1915	203	0
1916	202	0
1917	196	0
1918	217	0
1919	214	0
1920	200	0
1921	210	0
1922	204	0
1923	212	0
1924	201	0
1925	215	0
1926	212	0
1927	168	0
1928	213	0
1929	234	0
1930	175	0
1931	186	0
1932	204	0
1933	208	0
1934	201	0
1935	176	0
1936	213	0
1937	231	0
1938	215	0
1939	201	0
1940	201	0
1941	214	0
1942	185	0
1943	181	0
1944	179	0
1945	215	0
1946	190	0
1947	169	0
1948	204	0
1949	215	0
1950	192	0
1951	202	0
1952	204	0
1953	174	0
1954	187	0
1955	179	0
1956	174	0
1957	218	0
1958	174	0
1959	214	0
1960	202	0
1961	226	0
1962	177	0
1963	178	0
1964	180	0
1965	204	0
1966	195	0
1967	175	0
1968	191	0
1969	196	0
1970	178	0
1971	192	0
1972	190	0
1973	201	0
1974	176	0
1975	213	0
1976	192	0
1977	200	0
1978	214	0
1979	214	0
1980	191	0
1981	165	0
1982	185	0
1983	170	0
1984	210	0
1985	194	0
1986	180	0
1987	173	0
1988	205	0
1989	176	0
1990	184	0
1991	200	0
1992	210	0
1993	190	0
1994	203	0
1995	206	0
1996	216	0
1997	208	0
1998	190	0
1999	206	0
2000	188	0
2001	198	0
2002	204	0
2003	187	0
2004	207	0
2005	206	0
2006	203	0
2007	199	0
2008	198	0
2009	191	0
2010	219	0
2011	180	0
2012	196	0
2013	213	0
2014	220	0
2015	197	0
2016	203	0
2017	166	0
2018	194	0
2019	170	0
2020	202	0
2021	205	0
2022	177	0
2023	195	0
2024	160	0
2025	195	0
2026	191	0
2027	194	0
2028	188	0
2029	219	0
2030	208	0
2031	193	0
2032	188	0
2033	200	0
2034	185	0
2035	212	0
2036	207	0
2037	209	0
2038	187	0
2039	212	0
2040	192	0
2041	184	0
2042	196	0
2043	204	0
2044	197	0
2045	177	0
2046	198	0
2047	218	0
2048	202	0
2049	217	0
2050	197	0
2051	192	0
2052	204	0
2053	227	0
2054	208	0
2055	186	0
2056	198	0
2057	223	0
2058	200	0
2059	177	0
2060	176	0
2061	209	0
2062	162	0
2063	215	0
2064	203	0
2065	200	0
2066	208	0
2067	199	0
2068	183	0
2069	188	0
2070	200	0
2071	192	0
2072	198	0
2073	193	0
2074	232	0
2075	219	0
2076	192	0
2077	203	0
2078	194	0
2079	176	0
2080	196	0
2081	211	0
2082	175	0
2083	191	0
2084	185	0
2085	193	0
2086	193	0
2087	207	0
2088	203	0
2089	214	0
2090	209	0
2091	203	0
2092	205	0
2093	174	0
2094	209	0
2095	172	0
2096	206	0
2097	207	0
2098	195	0
2099	223	0
2100	194	0
2101	216	0
2102	208	0
2103	205	0
2104	225	0
2105	209	0
2106	211	0
2107	208	0
2108	209	0
2109	197	0
2110	180	0
2111	201	0
2112	205	0
2113	182	0
2114	199	0
2115	212	0
2116	208	0
2117	181	0
2118	200	0
2119	201	0
2120	217	0
2121	163	0
2122	209	0
2123	190	0
2124	209	0
2125	179	0
2126	189	0
2127	214	0
2128	200	0
2129	184	0
2130	212	0
2131	211	0
2132	209	0
2133	175	0
2134	211	0
2135	187	0
2136	189	0
2137	194	0
2138	188	0
2139	187	0
2140	208	0
2141	206	0
2142	199	0
2143	161	0
2144	191	0
2145	180	0
2146	183	0
2147	245	0
2148	205	0
2149	192	0
2150	205	0
2151	181	0
2152	182	0
2153	200	0
2154	178	0
2155	199	0
2156	181	0
2157	188	0
2158	192	0
2159	202	0
2160	209	0
2161	176	0
2162	211	0
2163	203	0
2164	196	0
2165	185	0
2166	178	0
2167	189	0
2168	187	0
2169	202	0
2170	192	0
2171	177	0
2172	220	0
2173	213	0
2174	185	0
2175	196	0
2176	175	0
2177	169	0
2178	194	0
2179	203	0
2180	191	0
2181	220	0
2182	194	0
2183	210	0
2184	214	0
2185	185	0
2186	180	0
2187	179	0
2188	185	0
2189	194	0
2190	195	0
2191	180	0
2192	196	0
2193	199	0
2194	180	0
2195	186	0
2196	199	0
2197	212	0
2198	193	0
2199	186	0
2200	181	0
2201	228	0
2202	214	0
2203	211	0
2204	215	0
2205	208	0
2206	209	0
2207	212	0
2208	188	0
2209	179	0
2210	196	0
2211	203	0
2212	205	0
2213	194	0
2214	176	0
2215	181	0
2216	190	0
2217	202	0
2218	206	0
2219	222	0
2220	207	0
2221	205	0
2222	196	0
2223	191	0
2224	173	0
2225	207	0
2226	189	0
2227	203	0
2228	214	0
2229	168	0
2230	200	0
2231	203	0
2232	196	0
2233	172	0
2234	210	0
2235	219	0
2236	197	0
2237	201	0
2238	192	0
2239	181	0
2240	243	0
2241	199	0
2242	216	0
2243	187	0
2244	218	0
2245	217	0
2246	199	0
2247	187	0
2248	195	0
2249	194	0
2250	193	0
2251	217	0
2252	189	0
2253	197	0
2254	194	0
2255	205	0
2256	189	0
2257	209	0
2258	193	0
2259	181	0
2260	180	0
2261	227	0
2262	169	0
2263	204	0
2264	226	0
2265	188	0
2266	225	0
2267	210	0
2268	197	0
2269	175	0
2270	188	0
2271	174	0
2272	224	0
2273	181	0
2274	207	0
2275	199	0
2276	226	0
2277	204	0
2278	195	0
2279	202	0
2280	186	0
2281	197	0
2282	214	0
2283	209	0
2284	202	0
2285	200	0
2286	220	0
2287	187	0
2288	171	0
2289	172	0
2290	178	0
2291	191	0
2292	197	0
2293	182	0
2294	190	0
2295	197	0
2296	209	0
2297	200	0
2298	195	0
2299	206	0
2300	203	0
2301	190	0
2302	172	0
2303	186	0
2304	189	0
2305	206	0
2306	177	0
2307	203	0
2308	203	0
2309	220	0
2310	207	0
2311	204	0
2312	208	0
2313	189	0
2314	196	0
2315	162	0
2316	209	0
2317	204	0
2318	205	0
2319	202	0
2320	187	0
2321	188	0
2322	197	0
2323	242	0
2324	219	0
2325	194	0
2326	213	0
2327	173	0
2328	193	0
2329	170	0
2330	208	0
2331	181	0
2332	213	0
2333	191	0
2334	203	0
2335	202	0
2336	199	0
2337	210	0
2338	190	0
2339	197	0
2340	221	0
2341	186	0
2342	200	0
2343	191	0
2344	184	0
2345	191	0
2346	213	0
2347	201	0
2348	197	0
2349	183	0
2350	193	0
2351	189	0
2352	183	0
2353	206	0
2354	183	0
2355	222	0
2356	173	0
2357	204	0
2358	217	0
2359	197	0
2360	202	0
2361	171	0
2362	222	0
2363	204	0
2364	186	0
2365	215	0
2366	188	0
2367	206	0
2368	171	0
2369	199	0
2370	184	0
2371	182	0
2372	214	0
2373	223	0
2374	184	0
2375	189	0
2376	199	0
2377	182	0
2378	187	0
2379	213	0
2380	224	0
2381	204	0
2382	195	0
2383	202	0
2384	220	0
2385	195	0
2386	199	0
2387	201	0
2388	189	0
2389	208	0
2390	198	0
2391	207	0
2392	194	0
2393	187	0
2394	220	0
2395	198	0
2396	193	0
2397	186	0
2398	168	0
2399	190	0
2400	197	0
2401	184	0
2402	198	0
2403	197	0
2404	204	0
2405	214	0
2406	186	0
2407	191	0
2408	194	0
2409	207	0
2410	192	0
2411	234	0
2412	189	0
2413	184	0
2414	207	0
2415	182	0
2416	196	0
2417	210	0
2418	218	0
2419	201	0
2420	208	0
2421	209	0
2422	209	0
2423	192	0
2424	188	0
2425	190	0
2426	189	0
2427	208	0
2428	203	0
2429	181	0
2430	170	0
2431	197	0
2432	193	0
2433	226	0
2434	198	0
2435	201	0
2436	204	0
2437	202	0
2438	186	0
2439	164	0
2440	182	0
2441	200	0
2442	184	0
2443	191	0
2444	221	0
2445	182	0
2446	204	0
2447	200	0
2448	196	0
2449	181	0
2450	180	0
2451	198	0
2452	209	0
2453	224	0
2454	197	0
2455	185	0
2456	193	0
2457	193	0
2458	209	0
2459	204	0
2460	225	0
2461	196	0
2462	198	0
2463	184	0
2464	191	0
2465	189	0
2466	209	0
2467	199	0
2468	195	0
2469	195	0
2470	222	0
2471	204	0
2472	210	0
2473	191	0
2474	202	0
2475	187	0
2476	212	0
2477	184	0
2478	210	0
2479	188	0
2480	181	0
2481	206	0
2482	176	0
2483	191	0
2484	184	0
2485	194	0
2486	201	0
2487	217	0
2488	208	0
2489	197	0
2490	177	0
2491	185	0
2492	203	0
2493	194	0
2494	204	0
2495	184	0
2496	192	0
2497	233	0
2498	201	0
2499	185	0
2500	232	0
2501	181	0
2502	210	0
2503	194	0
2504	198	0
2505	193	0
2506	205	0
2507	200	0
2508	211	0
2509	190	0
2510	190	0
2511	208	0
2512	198	0
2513	199	0
2514	162	0
2515	215	0
2516	222	0
2517	193	0
2518	157	0
2519	194	0
2520	194	0
2521	206	0
2522	201	0
2523	215	0
2524	209	0
2525	195	0
2526	198	0
2527	211	0
2528	206	0
2529	186	0
2530	233	0
2531	208	0
2532	210	0
2533	199	0
2534	194	0
2535	215	0
2536	179	0
2537	199	0
2538	235	0
2539	193	0
2540	219	0
2541	214	0
2542	198	0
2543	201	0
2544	190	0
2545	216	0
2546	186	0
2547	180	0
2548	212	0
2549	211	0
2550	181	0
2551	200	0
2552	170	0
2553	198	0
2554	193	0
2555	196	0
2556	209	0
2557	174	0
2558	196	0
2559	198	0
2560	207	0
2561	189	0
2562	192	0
2563	211	0
2564	205	0
2565	201	0
2566	173	0
2567	180	0
2568	192	0
2569	196	0
2570	209	0
2571	199	0
2572	208	0
2573	189	0
2574	215	0
2575	176	0
2576	209	0
2577	205	0
2578	173	0
2579	201	0
2580	212	0
2581	196	0
2582	199	0
2583	228	0
2584	189	0
2585	199	0
2586	176	0
2587	195	0
2588	180	0
2589	209	0
2590	194	0
2591	193	0
2592	190	0
2593	179	0
2594	206	0
2595	202	0
2596	204	0
2597	200	0
2598	209	0
2599	206	0
2600	170	0
2601	207	0
2602	172	0
2603	181	0
2604	202	0
2605	207	0
2606	207	0
2607	192	0
2608	179	0
2609	197	0
2610	206	0
2611	175	0
2612	215	0
2613	227	0
2614	194	0
2615	176	0
2616	202	0
2617	201	0
2618	214	0
2619	180	0
2620	206	0
2621	206	0
2622	183	0
2623	190	0
2624	175	0
2625	234	0
2626	187	0
2627	165	0
2628	189	0
2629	211	0
2630	230	0
2631	191	0
2632	221	0
2633	176	0
2634	221	0
2635	178	0
2636	203	0
2637	177	0
2638	206	0
2639	202	0
2640	204	0
2641	208	0
2642	206	0
2643	172	0
2644	214	0
2645	209	0
2646	199	0
2647	176	0
2648	209	0
2649	166	0
2650	184	0
2651	199	0
2652	196	0
2653	196	0
2654	177	0
2655	197	0
2656	181	0
2657	181	0
2658	194	0
2659	210	0
2660	211	0
2661	189	0
2662	202	0
2663	191	0
2664	189	0
2665	190	0
2666	210	0
2667	216	0
2668	221	0
2669	203	0
2670	188	0
2671	223	0
2672	192	0
2673	152	0
2674	188	0
2675	199	0
2676	208	0
2677	179	0
2678	209	0
2679	192	0
2680	189	0
2681	187	0
2682	192	0
2683	188	0
2684	192	0
2685	204	0
2686	203	0
2687	200	0
2688	197	0
2689	183	0
2690	216	0
2691	213	0
2692	201	0
2693	241	0
2694	180	0
2695	200	0
2696	182	0
2697	196	0
2698	209	0
2699	188	0
2700	200	0
2701	204	0
2702	213	0
2703	181	0
2704	201	0
2705	203	0
2706	221	0
2707	199	0
2708	193	0
2709	216	0
2710	213	0
2711	194	0
2712	183	0
2713	210	0
2714	192	0
2715	202	0
2716	179	0
2717	200	0
2718	180	0
2719	195	0
2720	182	0
2721	183	0
2722	202	0
2723	206	0
2724	210	0
2725	205	0
2726	212	0
2727	212	0
2728	188	0
2729	194	0
2730	180	0
2731	180	0
2732	220	0
2733	199	0
2734	196	0
2735	204	0
2736	209	0
2737	218	0
2738	203	0
2739	197	0
2740	199	0
2741	220	0
2742	202	0
2743	194	0
2744	189	0
2745	181	0
2746	185	0
2747	225	0
2748	183	0
2749	223	0
2750	187	0
2751	176	0
2752	165	0
2753	206	0
2754	171	0
2755	203	0
2756	205	0
2757	211	0
2758	196	0
2759	208	0
2760	162	0
2761	209	0
2762	201	0
2763	213	0
2764	226	0
2765	193	0
2766	185	0
2767	179	0
2768	212	0
2769	206	0
2770	183	0
2771	217	0
2772	237	0
2773	176	0
2774	215	0
2775	228	0
2776	218	0
2777	207	0
2778	211	0
2779	212	0
2780	191	0
2781	207	0
2782	216	0
2783	198	0
2784	201	0
2785	210	0
2786	193	0
2787	180	0
2788	196	0
2789	211	0
2790	211	0
2791	211	0
2792	195	0
2793	209	0
2794	207	0
2795	209	0
2796	178	0
2797	221	0
2798	213	0
2799	214	0
2800	175	0
2801	215	0
2802	196	0
2803	175	0
2804	201	0
2805	199	0
2806	195	0
2807	207	0
2808	203	0
2809	189	0
2810	189	0
2811	216	0
2812	181	0
2813	191	0
2814	205	0
2815	162	0
2816	205	0
2817	216	0
2818	202	0
2819	191	0
2820	196	0
2821	192	0
2822	195	0
2823	187	0
2824	201	0
2825	216	0
2826	216	0
2827	214	0
2828	197	0
2829	214	0
2830	180	0
2831	188	0
2832	198	0
2833	201	0
2834	195	0
2835	213	0
2836	201	0
2837	178	0
2838	176	0
2839	187	0
2840	180	0
2841	209	0
2842	180	0
2843	203	0
2844	187	0
2845	198	0
2846	220	0
2847	206	0
2848	211	0
2849	188	0
2850	171	0
2851	198	0
2852	207	0
2853	192	0
2854	240	0
2855	198	0
2856	216	0
2857	230	0
2858	215	0
2859	205	0
2860	200	0
2861	208	0
2862	194	0
2863	200	0
2864	182	0
2865	192	0
2866	206	0
2867	193	0
2868	206	0
2869	192	0
2870	200	0
2871	202	0
2872	166	0
2873	184	0
2874	205	0
2875	198	0
2876	176	0
2877	197	0
2878	166	0
2879	199	0
2880	208	0
2881	196	0
2882	179	0
2883	193	0
2884	218	0
2885	179	0
2886	202	0
2887	177	0
2888	197	0
2889	211	0
2890	195	0
2891	203	0
2892	217	0
2893	202	0
2894	200	0
2895	196	0
2896	188	0
2897	210	0
2898	213	0
2899	209	0
2900	190	0
2901	184	0
2902	192	0
2903	212	0
2904	181	0
2905	199	0
2906	196	0
2907	180	0
2908	195	0
2909	218	0
2910	202	0
2911	182	0
2912	202	0
2913	221	0
2914	218	0
2915	194	0
2916	209	0
2917	221	0
2918	202	0
2919	176	0
2920	195	0
2921	183	0
2922	185	0
2923	194	0
2924	203	0
2925	197	0
2926	168	0
2927	203	0
2928	211	0
2929	169	0
2930	174	0
2931	180	0
2932	204	0
2933	210	0
2934	191	0
2935	185	0
2936	198	0
2937	173	0
2938	182	0
2939	181	0
2940	222	0
2941	188	0
2942	205	0
2943	200	0
2944	174	0
2945	190	0
2946	209	0
2947	182	0
2948	190	0
2949	201	0
2950	169	0
2951	196	0
2952	183	0
2953	193	0
2954	232	0
2955	203	0
2956	217	0
2957	208	0
2958	200	0
2959	173	0
2960	184	0
2961	188	0
2962	193	0
2963	193	0
2964	202	0
2965	204	0
2966	193	0
2967	203	0
2968	209	0
2969	195	0
2970	190	0
2971	199	0
2972	213	0
2973	209	0
2974	202	0
2975	203	0
2976	206	0
2977	193	0
2978	206	0
2979	210	0
2980	214	0
2981	209	0
2982	193	0
2983	196	0
2984	207	0
2985	204	0
2986	207	0
2987	202	0
2988	208	0
2989	200	0
2990	229	0
2991	174	0
2992	192	0
2993	183	0
2994	220	0
2995	181	0
2996	204	0
2997	177	0
2998	180	0
2999	208	0
3000	182	0
