1	940	0
2	856	0
3	866	0
4	952	0
5	898	0
6	918	0
7	912	0
8	880	0
9	939	0
10	933	0
11	923	0
12	866	0
13	980	0
14	969	0
15	905	0
16	911	0
17	920	0
18	943	0
19	910	0
20	912	0
21	890	0
22	960	0
23	930	0
24	933	0
25	874	0
26	932	0
27	904	0
28	989	0
29	879	0
30	890	0
31	867	0
32	862	0
33	897	0
34	854	0
35	932	0
36	932	0
37	1012	0
38	922	0
39	896	0
40	969	0
41	906	0
42	901	0
43	916	0
44	932	0
45	921	0
46	916	0
47	902	0
48	919	0
49	929	0
50	902	0
51	865	0
52	929	0
53	908	0
54	903	0
55	911	0
56	871	0
57	918	0
58	890	0
59	887	0
60	916	0
61	961	0
62	892	0
63	882	0
64	909	0
65	974	0
66	875	0
67	921	0
68	880	0
69	886	0
70	936	0
71	874	0
72	909	0
73	862	0
74	912	0
75	865	0
76	916	0
77	859	0
78	947	0
79	921	0
80	857	0
81	950	0
82	934	0
83	968	0
84	901	0
85	917	0
86	926	0
87	941	0
88	900	0
89	999	0
90	858	0
91	916	0
92	935	0
93	938	0
94	844	0
95	918	0
96	933	0
97	960	0
98	940	0
99	947	0
100	947	0
101	925	0
102	887	0
103	878	0
104	902	0
105	921	0
106	891	0
107	927	0
108	933	0
109	896	0
110	908	0
111	922	0
112	874	0
113	902	0
114	846	0
115	905	0
116	928	0
117	934	0
118	910	0
119	914	0
120	887	0
121	1040	0
122	944	0
123	882	0
124	967	0
125	893	0
126	870	0
127	868	0
128	942	0
129	928	0
130	883	0
131	969	0
132	960	0
133	960	0
134	925	0
135	885	0
136	914	0
137	943	0
138	909	0
139	895	0
140	925	0
141	907	0
142	952	0
143	933	0
144	993	0
145	921	0
146	910	0
147	968	0
148	875	0
149	918	0
150	889	0
151	869	0
152	913	0
153	958	0
154	877	0
155	921	0
156	877	0
157	903	0
158	937	0
159	874	0
160	896	0
161	894	0
162	889	0
163	902	0
164	962	0
165	906	0
166	856	0
167	853	0
168	946	0
169	951	0
170	866	0
171	883	0
172	862	0
173	873	0
174	847	0
175	880	0
176	906	0
177	908	0
178	977	0
179	850	0
180	880	0
181	884	0
182	887	0
183	946	0
184	884	0
185	921	0
186	901	0
187	858	0
188	921	0
189	894	0
190	885	0
191	889	0
192	957	0
193	907	0
194	929	0
195	851	0
196	920	0
197	936	0
198	903	0
199	930	0
200	920	0
201	891	0
202	909	0
203	918	0
204	938	0
205	829	0
206	944	0
207	930	0
208	886	0
209	865	0
210	906	0
211	957	0
212	856	0
213	1000	0
214	938	0
215	949	0
216	936	0
217	915	0
218	918	0
219	943	0
220	910	0
221	922	0
222	849	0
223	933	0
224	851	0
225	876	0
226	889	0
227	798	0
228	854	0
229	900	0
230	922	0
231	999	0
232	880	0
233	910	0
234	954	0
235	936	0
236	954	0
237	932	0
238	866	0
239	914	0
240	937	0
241	889	0
242	896	0
243	905	0
244	932	0
245	849	0
246	935	0
247	883	0
248	953	0
249	865	0
250	901	0
251	925	0
252	972	0
253	923	0
254	888	0
255	849	0
256	903	0
257	925	0
258	920	0
259	898	0
260	915	0
261	891	0
262	935	0
263	919	0
264	885	0
265	951	0
266	914	0
267	904	0
268	897	0
269	904	0
270	920	0
271	917	0
272	868	0
273	931	0
274	1007	0
275	966	0
276	904	0
277	881	0
278	885	0
279	917	0
280	896	0
281	941	0
282	862	0
283	890	0
284	898	0
285	914	0
286	923	0
287	930	0
288	927	0
289	863	0
290	888	0
291	909	0
292	887	0
293	953	0
294	918	0
295	889	0
296	863	0
297	936	0
298	962	0
299	908	0
300	908	0
301	914	0
302	923	0
303	955	0
304	985	0
305	905	0
306	995	0
307	864	0
308	977	0
309	940	0
310	936	0
311	903	0
312	894	0
313	873	0
314	974	0
315	900	0
316	905	0
317	867	0
318	911	0
319	926	0
320	913	0
321	845	0
322	893	0
323	922	0
324	840	0
325	921	0
326	929	0
327	947	0
328	909	0
329	930	0
330	932	0
331	908	0
332	934	0
333	940	0
334	893	0
335	958	0
336	850	0
337	1001	0
338	890	0
339	967	0
340	922	0
341	903	0
342	919	0
343	913	0
344	917	0
345	909	0
346	902	0
347	959	0
348	892	0
349	940	0
350	952	0
351	887	0
352	941	0
353	912	0
354	887	0
355	893	0
356	947	0
357	959	0
358	913	0
359	912	0
360	904	0
361	948	0
362	921	0
363	898	0
364	841	0
365	904	0
366	817	0
367	866	0
368	872	0
369	871	0
370	935	0
371	922	0
372	897	0
373	866	0
374	859	0
375	944	0
376	874	0
377	895	0
378	867	0
379	919	0
380	929	0
381	891	0
382	908	0
383	865	0
384	897	0
385	937	0
386	1007	0
387	975	0
388	857	0
389	907	0
390	852	0
391	935	0
392	938	0
393	886	0
394	900	0
395	964	0
396	961	0
397	905	0
398	907	0
399	887	0
400	873	0
401	903	0
402	939	0
403	932	0
404	937	0
405	892	0
406	934	0
407	943	0
408	902	0
409	981	0
410	922	0
411	967	0
412	894	0
413	853	0
414	928	0
415	943	0
416	947	0
417	943	0
418	926	0
419	924	0
420	895	0
421	893	0
422	929	0
423	922	0
424	902	0
425	914	0
426	905	0
427	910	0
428	920	0
429	983	0
430	864	0
431	915	0
432	947	0
433	841	0
434	851	0
435	927	0
436	978	0
437	934	0
438	931	0
439	917	0
440	891	0
441	990	0
442	939	0
443	919	0
444	971	0
445	950	0
446	927	0
447	836	0
448	933	0
449	906	0
450	972	0
451	859	0
452	849	0
453	841	0
454	916	0
455	927	0
456	816	0
457	909	0
458	938	0
459	927	0
460	977	0
461	912	0
462	972	0
463	921	0
464	932	0
465	950	0
466	871	0
467	914	0
468	906	0
469	900	0
470	885	0
471	889	0
472	929	0
473	900	0
474	928	0
475	882	0
476	909	0
477	921	0
478	959	0
479	922	0
480	903	0
481	930	0
482	876	0
483	906	0
484	894	0
485	970	0
486	875	0
487	902	0
488	911	0
489	826	0
490	928	0
491	886	0
492	948	0
493	935	0
494	933	0
495	937	0
496	957	0
497	943	0
498	847	0
499	886	0
500	904	0
501	926	0
502	912	0
503	937	0
504	914	0
505	913	0
506	896	0
507	911	0
508	877	0
509	875	0
510	897	0
511	932	0
512	908	0
513	922	0
514	912	0
515	892	0
516	906	0
517	895	0
518	972	0
519	934	0
520	930	0
521	881	0
522	861	0
523	914	0
524	941	0
525	940	0
526	917	0
527	879	0
528	892	0
529	932	0
530	920	0
531	919	0
532	994	0
533	878	0
534	924	0
535	889	0
536	928	0
537	856	0
538	926	0
539	895	0
540	863	0
541	907	0
542	877	0
543	951	0
544	987	0
545	958	0
546	903	0
547	850	0
548	911	0
549	884	0
550	906	0
551	1013	0
552	906	0
553	904	0
554	883	0
555	925	0
556	849	0
557	935	0
558	882	0
559	867	0
560	925	0
561	902	0
562	912	0
563	882	0
564	855	0
565	920	0
566	906	0
567	866	0
568	927	0
569	869	0
570	916	0
571	936	0
572	924	0
573	898	0
574	982	0
575	900	0
576	897	0
577	921	0
578	869	0
579	911	0
580	950	0
581	856	0
582	905	0
583	905	0
584	963	0
585	876	0
586	987	0
587	889	0
588	937	0
589	910	0
590	956	0
591	878	0
592	901	0
593	946	0
594	900	0
595	907	0
596	896	0
597	921	0
598	926	0
599	876	0
600	885	0
601	933	0
602	957	0
603	857	0
604	907	0
605	923	0
606	921	0
607	904	0
608	898	0
609	908	0
610	941	0
611	897	0
612	970	0
613	981	0
614	911	0
615	903	0
616	893	0
617	879	0
618	917	0
619	912	0
620	830	0
621	923	0
622	855	0
623	927	0
624	954	0
625	908	0
626	876	0
627	924	0
628	887	0
629	848	0
630	866	0
631	926	0
632	934	0
633	919	0
634	942	0
635	918	0
636	920	0
637	920	0
638	926	0
639	868	0
640	983	0
641	838	0
642	935	0
643	986	0
644	930	0
645	854	0
646	894	0
647	846	0
648	903	0
649	874	0
650	887	0
651	882	0
652	927	0
653	931	0
654	828	0
655	887	0
656	917	0
657	875	0
658	897	0
659	903	0
660	880	0
661	943	0
662	933	0
663	952	0
664	899	0
665	924	0
666	868	0
667	961	0
668	922	0
669	927	0
670	847	0
671	897	0
672	844	0
673	911	0
674	891	0
675	980	0
676	961	0
677	972	0
678	834	0
679	997	0
680	983	0
681	951	0
682	906	0
683	934	0
684	931	0
685	856	0
686	920	0
687	906	0
688	942	0
689	897	0
690	944	0
691	934	0
692	918	0
693	941	0
694	922	0
695	938	0
696	917	0
697	895	0
698	866	0
699	864	0
700	954	0
701	965	0
702	919	0
703	891	0
704	914	0
705	859	0
706	904	0
707	892	0
708	886	0
709	877	0
710	912	0
711	850	0
712	933	0
713	988	0
714	906	0
715	863	0
716	867	0
717	967	0
718	939	0
719	879	0
720	929	0
721	863	0
722	903	0
723	924	0
724	910	0
725	879	0
726	911	0
727	895	0
728	1000	0
729	877	0
730	951	0
731	897	0
732	892	0
733	893	0
734	907	0
735	876	0
736	866	0
737	891	0
738	900	0
739	905	0
740	995	0
741	938	0
742	926	0
743	878	0
744	912	0
745	892	0
746	897	0
747	805	0
748	910	0
749	886	0
750	930	0
751	912	0
752	898	0
753	953	0
754	904	0
755	945	0
756	907	0
757	913	0
758	852	0
759	887	0
760	875	0
761	904	0
762	912	0
763	927	0
764	963	0
765	884	0
766	918	0
767	893	0
768	927	0
769	936	0
770	930	0
771	926	0
772	944	0
773	951	0
774	838	0
775	909	0
776	886	0
777	977	0
778	909	0
779	866	0
780	987	0
781	968	0
782	869	0
783	917	0
784	864	0
785	960	0
786	970	0
787	888	0
788	966	0
789	892	0
790	917	0
791	879	0
792	878	0
793	921	0
794	898	0
795	981	0
796	951	0
797	875	0
798	914	0
799	869	0
800	970	0
801	941	0
802	943	0
803	959	0
804	927	0
805	911	0
806	903	0
807	948	0
808	932	0
809	925	0
810	937	0
811	876	0
812	905	0
813	967	0
814	875	0
815	906	0
816	913	0
817	889	0
818	883	0
819	1007	0
820	895	0
821	908	0
822	937	0
823	853	0
824	859	0
825	939	0
826	941	0
827	977	0
828	945	0
829	960	0
830	927	0
831	939	0
832	921	0
833	947	0
834	914	0
835	912	0
836	930	0
837	932	0
838	898	0
839	867	0
840	885	0
841	903	0
842	931	0
843	923	0
844	903	0
845	853	0
846	922	0
847	886	0
848	922	0
849	898	0
850	878	0
851	922	0
852	861	0
853	904	0
854	922	0
855	925	0
856	924	0
857	931	0
858	927	0
859	924	0
860	959	0
861	1014	0
862	926	0
863	840	0
864	905	0
865	937	0
866	933	0
867	908	0
868	922	0
869	919	0
870	869	0
871	887	0
872	887	0
873	873	0
874	965	0
875	917	0
876	994	0
877	882	0
878	868	0
879	893	0
880	956	0
881	867	0
882	980	0
883	941	0
884	879	0
885	920	0
886	1007	0
887	935	0
888	893	0
889	979	0
890	923	0
891	932	0
892	926	0
893	906	0
894	944	0
895	931	0
896	880	0
897	909	0
898	952	0
899	870	0
900	907	0
901	925	0
902	900	0
903	929	0
904	844	0
905	877	0
906	895	0
907	876	0
908	953	0
909	816	0
910	875	0
911	881	0
912	888	0
913	940	0
914	903	0
915	848	0
916	867	0
917	932	0
918	900	0
919	918	0
920	874	0
921	934	0
922	934	0
923	847	0
924	845	0
925	876	0
926	998	0
927	945	0
928	987	0
929	901	0
930	868	0
931	952	0
932	959	0
933	882	0
934	885	0
935	937	0
936	880	0
937	929	0
938	940	0
939	928	0
940	898	0
941	868	0
942	861	0
943	832	0
944	896	0
945	964	0
946	975	0
947	953	0
948	941	0
949	858	0
950	925	0
951	888	0
952	968	0
953	915	0
954	889	0
955	905	0
956	924	0
957	903	0
958	959	0
959	911	0
960	915	0
961	903	0
962	918	0
963	895	0
964	933	0
965	913	0
966	893	0
967	934	0
968	970	0
969	929	0
970	936	0
971	953	0
972	852	0
973	961	0
974	949	0
975	891	0
976	909	0
977	949	0
978	948	0
979	866	0
980	887	0
981	939	0
982	916	0
983	880	0
984	916	0
985	921	0
986	948	0
987	943	0
988	931	0
989	915	0
990	963	0
991	926	0
992	926	0
993	989	0
994	923	0
995	928	0
996	929	0
997	829	0
998	972	0
999	927	0
1000	900	0
1001	960	0
1002	885	0
1003	858	0
1004	882	0
1005	897	0
1006	917	0
1007	928	0
1008	939	0
1009	913	0
1010	923	0
1011	862	0
1012	821	0
1013	930	0
1014	894	0
1015	912	0
1016	802	0
1017	925	0
1018	844	0
1019	919	0
1020	904	0
1021	936	0
1022	894	0
1023	915	0
1024	920	0
1025	952	0
1026	942	0
1027	876	0
1028	947	0
1029	935	0
1030	911	0
1031	925	0
1032	939	0
1033	995	0
1034	932	0
1035	888	0
1036	923	0
1037	945	0
1038	946	0
1039	896	0
1040	981	0
1041	953	0
1042	834	0
1043	932	0
1044	962	0
1045	927	0
1046	906	0
1047	1027	0
1048	912	0
1049	922	0
1050	980	0
1051	944	0
1052	893	0
1053	924	0
1054	901	0
1055	929	0
1056	869	0
1057	891	0
1058	872	0
1059	987	0
1060	941	0
1061	910	0
1062	908	0
1063	905	0
1064	892	0
1065	910	0
1066	899	0
1067	950	0
1068	866	0
1069	929	0
1070	933	0
1071	942	0
1072	901	0
1073	935	0
1074	975	0
1075	896	0
1076	978	0
1077	937	0
1078	842	0
1079	916	0
1080	893	0
1081	940	0
1082	891	0
1083	992	0
1084	895	0
1085	883	0
1086	879	0
1087	950	0
1088	920	0
1089	935	0
1090	904	0
1091	940	0
1092	976	0
1093	917	0
1094	852	0
1095	915	0
1096	941	0
1097	912	0
1098	917	0
1099	938	0
1100	918	0
1101	839	0
1102	941	0
1103	922	0
1104	857	0
1105	912	0
1106	927	0
1107	912	0
1108	856	0
1109	963	0
1110	886	0
1111	933	0
1112	884	0
1113	887	0
1114	946	0
1115	907	0
1116	997	0
1117	951	0
1118	912	0
1119	953	0
1120	911	0
1121	917	0
1122	927	0
1123	913	0
1124	916	0
1125	911	0
1126	897	0
1127	910	0
1128	947	0
1129	916	0
1130	884	0
1131	843	0
1132	911	0
1133	957	0
1134	880	0
1135	911	0
1136	854	0
1137	931	0
1138	871	0
1139	950	0
1140	925	0
1141	896	0
1142	907	0
1143	885	0
1144	852	0
1145	964	0
1146	907	0
1147	1009	0
1148	889	0
1149	884	0
1150	886	0
1151	955	0
1152	937	0
1153	869	0
1154	898	0
1155	903	0
1156	934	0
1157	832	0
1158	905	0
1159	926	0
1160	919	0
1161	944	0
1162	897	0
1163	894	0
1164	955	0
1165	914	0
1166	877	0
1167	986	0
1168	897	0
1169	884	0
1170	912	0
1171	944	0
1172	940	0
1173	908	0
1174	918	0
1175	876	0
1176	897	0
1177	920	0
1178	927	0
1179	918	0
1180	918	0
1181	913	0
1182	873	0
1183	944	0
1184	882	0
1185	915	0
1186	895	0
1187	912	0
1188	918	0
1189	892	0
1190	967	0
1191	892	0
1192	892	0
1193	896	0
1194	916	0
1195	902	0
1196	882	0
1197	870	0
1198	929	0
1199	910	0
1200	818	0
1201	858	0
1202	954	0
1203	909	0
1204	907	0
1205	854	0
1206	857	0
1207	890	0
1208	902	0
1209	909	0
1210	958	0
1211	905	0
1212	920	0
1213	912	0
1214	934	0
1215	963	0
1216	919	0
1217	909	0
1218	883	0
1219	848	0
1220	884	0
1221	807	0
1222	914	0
1223	875	0
1224	835	0
1225	957	0
1226	935	0
1227	901	0
1228	905	0
1229	905	0
1230	891	0
1231	972	0
1232	936	0
1233	980	0
1234	918	0
1235	925	0
1236	938	0
1237	893	0
1238	917	0
1239	871	0
1240	959	0
1241	950	0
1242	925	0
1243	961	0
1244	923	0
1245	887	0
1246	953	0
1247	898	0
1248	1007	0
1249	899	0
1250	851	0
1251	863	0
1252	944	0
1253	883	0
1254	869	0
1255	911	0
1256	1057	0
1257	874	0
1258	973	0
1259	925	0
1260	932	0
1261	866	0
1262	858	0
1263	892	0
1264	905	0
1265	844	0
1266	993	0
1267	896	0
1268	889	0
1269	977	0
1270	938	0
1271	892	0
1272	945	0
1273	906	0
1274	909	0
1275	958	0
1276	914	0
1277	863	0
1278	884	0
1279	888	0
1280	930	0
1281	917	0
1282	889	0
1283	934	0
1284	883	0
1285	961	0
1286	902	0
1287	944	0
1288	900	0
1289	967	0
1290	919	0
1291	899	0
1292	879	0
1293	903	0
1294	903	0
1295	947	0
1296	890	0
1297	878	0
1298	916	0
1299	962	0
1300	951	0
1301	926	0
1302	926	0
1303	879	0
1304	981	0
1305	900	0
1306	927	0
1307	927	0
1308	928	0
1309	886	0
1310	884	0
1311	853	0
1312	921	0
1313	896	0
1314	874	0
1315	921	0
1316	947	0
1317	882	0
1318	901	0
1319	906	0
1320	874	0
1321	949	0
1322	905	0
1323	895	0
1324	888	0
1325	869	0
1326	869	0
1327	932	0
1328	935	0
1329	886	0
1330	929	0
1331	906	0
1332	938	0
1333	889	0
1334	899	0
1335	876	0
1336	889	0
1337	948	0
1338	893	0
1339	990	0
1340	920	0
1341	931	0
1342	873	0
1343	997	0
1344	926	0
1345	902	0
1346	880	0
1347	941	0
1348	905	0
1349	913	0
1350	990	0
1351	895	0
1352	982	0
1353	931	0
1354	849	0
1355	907	0
1356	937	0
1357	910	0
1358	892	0
1359	931	0
1360	1001	0
1361	943	0
1362	978	0
1363	939	0
1364	857	0
1365	901	0
1366	906	0
1367	928	0
1368	808	0
1369	973	0
1370	936	0
1371	894	0
1372	978	0
1373	964	0
1374	925	0
1375	926	0
1376	914	0
1377	892	0
1378	911	0
1379	912	0
1380	923	0
1381	942	0
1382	942	0
1383	899	0
1384	932	0
1385	909	0
1386	851	0
1387	979	0
1388	924	0
1389	856	0
1390	942	0
1391	909	0
1392	932	0
1393	934	0
1394	898	0
1395	834	0
1396	871	0
1397	908	0
1398	894	0
1399	916	0
1400	884	0
1401	906	0
1402	874	0
1403	915	0
1404	889	0
1405	904	0
1406	894	0
1407	903	0
1408	935	0
1409	993	0
1410	916	0
1411	890	0
1412	906	0
1413	962	0
1414	881	0
1415	893	0
1416	895	0
1417	879	0
1418	875	0
1419	825	0
1420	958	0
1421	915	0
1422	898	0
1423	919	0
1424	933	0
1425	905	0
1426	946	0
1427	849	0
1428	867	0
1429	877	0
1430	899	0
1431	859	0
1432	904	0
1433	908	0
1434	946	0
1435	925	0
1436	1003	0
1437	908	0
1438	948	0
1439	933	0
1440	925	0
1441	883	0
1442	910	0
1443	984	0
1444	946	0
1445	970	0
1446	881	0
1447	863	0
1448	906	0
1449	856	0
1450	833	0
1451	893	0
1452	898	0
1453	896	0
1454	894	0
1455	902	0
1456	878	0
1457	854	0
1458	851	0
1459	972	0
1460	981	0
1461	943	0
1462	917	0
1463	876	0
1464	950	0
1465	922	0
1466	976	0
1467	1002	0
1468	910	0
1469	923	0
1470	955	0
1471	931	0
1472	927	0
1473	935	0
1474	839	0
1475	900	0
1476	861	0
1477	907	0
1478	911	0
1479	907	0
1480	944	0
1481	923	0
1482	908	0
1483	860	0
1484	913	0
1485	936	0
1486	1015	0
1487	936	0
1488	902	0
1489	920	0
1490	922	0
1491	893	0
1492	917	0
1493	862	0
1494	890	0
1495	964	0
1496	870	0
1497	871	0
1498	945	0
1499	892	0
1500	951	0
1501	932	0
1502	867	0
1503	936	0
1504	903	0
1505	945	0
1506	937	0
1507	849	0
1508	950	0
1509	910	0
1510	855	0
1511	899	0
1512	851	0
1513	943	0
1514	910	0
1515	939	0
1516	892	0
1517	915	0
1518	945	0
1519	960	0
1520	932	0
1521	919	0
1522	924	0
1523	947	0
1524	933	0
1525	889	0
1526	890	0
1527	970	0
1528	922	0
1529	924	0
1530	925	0
1531	929	0
1532	919	0
1533	928	0
1534	923	0
1535	934	0
1536	918	0
1537	921	0
1538	877	0
1539	924	0
1540	901	0
1541	898	0
1542	924	0
1543	921	0
1544	829	0
1545	847	0
1546	850	0
1547	951	0
1548	912	0
1549	835	0
1550	866	0
1551	875	0
1552	907	0
1553	869	0
1554	991	0
1555	896	0
1556	918	0
1557	923	0
1558	873	0
1559	943	0
1560	899	0
1561	930	0
1562	981	0
1563	933	0
1564	925	0
1565	917	0
1566	911	0
1567	896	0
1568	916	0
1569	906	0
1570	957	0
1571	873	0
1572	884	0
1573	931	0
1574	878	0
1575	926	0
1576	939	0
1577	886	0
1578	954	0
1579	937	0
1580	918	0
1581	930	0
1582	824	0
1583	932	0
1584	886	0
1585	921	0
1586	893	0
1587	909	0
1588	851	0
1589	894	0
1590	878	0
1591	896	0
1592	885	0
1593	901	0
1594	917	0
1595	988	0
1596	939	0
1597	955	0
1598	925	0
1599	873	0
1600	891	0
1601	879	0
1602	875	0
1603	986	0
1604	859	0
1605	955	0
1606	971	0
1607	944	0
1608	970	0
1609	938	0
1610	965	0
1611	867	0
1612	967	0
1613	883	0
1614	912	0
1615	929	0
1616	930	0
1617	991	0
1618	926	0
1619	880	0
1620	901	0
1621	862	0
1622	939	0
1623	878	0
1624	852	0
1625	966	0
1626	913	0
1627	916	0
1628	956	0
1629	944	0
1630	916	0
1631	870	0
1632	959	0
1633	940	0
1634	934	0
1635	952	0
1636	899	0
1637	942	0
1638	866	0
1639	877	0
1640	925	0
1641	925	0
1642	913	0
1643	904	0
1644	971	0
1645	962	0
1646	909	0
1647	896	0
1648	918	0
1649	1019	0
1650	939	0
1651	956	0
1652	948	0
1653	888	0
1654	902	0
1655	968	0
1656	835	0
1657	918	0
1658	896	0
1659	898	0
1660	947	0
1661	917	0
1662	1033	0
1663	904	0
1664	924	0
1665	881	0
1666	882	0
1667	945	0
1668	923	0
1669	941	0
1670	909	0
1671	927	0
1672	957	0
1673	965	0
1674	915	0
1675	951	0
1676	858	0
1677	941	0
1678	946	0
1679	935	0
1680	949	0
1681	956	0
1682	884	0
1683	878	0
1684	903	0
1685	886	0
1686	909	0
1687	877	0
1688	911	0
1689	926	0
1690	895	0
1691	979	0
1692	916	0
1693	940	0
1694	984	0
1695	921	0
1696	947	0
1697	960	0
1698	950	0
1699	927	0
1700	937	0
1701	887	0
1702	877	0
1703	894	0
1704	932	0
1705	921	0
1706	939	0
1707	906	0
1708	996	0
1709	882	0
1710	932	0
1711	926	0
1712	916	0
1713	963	0
1714	917	0
1715	892	0
1716	926	0
1717	904	0
1718	843	0
1719	883	0
1720	924	0
1721	937	0
1722	915	0
1723	918	0
1724	972	0
1725	874	0
1726	1004	0
1727	868	0
1728	964	0
1729	964	0
1730	994	0
1731	950	0
1732	926	0
1733	912	0
1734	969	0
1735	905	0
1736	880	0
1737	962	0
1738	888	0
1739	878	0
1740	905	0
1741	825	0
1742	890	0
1743	936	0
1744	980	0
1745	878	0
1746	927	0
1747	934	0
1748	936	0
1749	904	0
1750	882	0
1751	912	0
1752	915	0
1753	918	0
1754	923	0
1755	914	0
1756	847	0
1757	902	0
1758	935	0
1759	928	0
1760	914	0
1761	902	0
1762	968	0
1763	954	0
1764	941	0
1765	954	0
1766	931	0
1767	928	0
1768	887	0
1769	916	0
1770	917	0
1771	962	0
1772	869	0
1773	929	0
1774	889	0
1775	874	0
1776	958	0
1777	896	0
1778	952	0
1779	972	0
1780	848	0
1781	874	0
1782	932	0
1783	986	0
1784	923	0
1785	952	0
1786	894	0
1787	889	0
1788	939	0
1789	897	0
1790	877	0
1791	909	0
1792	890	0
1793	963	0
1794	922	0
1795	923	0
1796	992	0
1797	901	0
1798	909	0
1799	914	0
1800	895	0
1801	910	0
1802	911	0
1803	862	0
1804	928	0
1805	910	0
1806	923	0
1807	903	0
1808	935	0
1809	900	0
1810	869	0
1811	908	0
1812	901	0
1813	908	0
1814	888	0
1815	897	0
1816	955	0
1817	862	0
1818	918	0
1819	919	0
1820	896	0
1821	962	0
1822	938	0
1823	839	0
1824	935	0
1825	925	0
1826	983	0
1827	928	0
1828	838	0
1829	847	0
1830	922	0
1831	921	0
1832	898	0
1833	936	0
1834	856	0
1835	953	0
1836	892	0
1837	831	0
1838	850	0
1839	897	0
1840	931	0
1841	888	0
1842	895	0
1843	951	0
1844	899	0
1845	885	0
1846	891	0
1847	870	0
1848	886	0
1849	873	0
1850	908	0
1851	934	0
1852	895	0
1853	977	0
1854	910	0
1855	938	0
1856	974	0
1857	961	0
1858	970	0
1859	917	0
1860	909	0
1861	902	0
1862	893	0
1863	925	0
1864	878	0
1865	920	0
1866	969	0
1867	946	0
1868	946	0
1869	875	0
1870	916	0
1871	899	0
1872	981	0
1873	875	0
1874	880	0
1875	954	0
1876	896	0
1877	936	0
1878	871	0
1879	873	0
1880	909	0
1881	847	0
1882	886	0
1883	917	0
1884	908	0
1885	864	0
1886	895	0
1887	892	0
1888	930	0
1889	867	0
1890	961	0
1891	954	0
1892	1039	0
1893	914	0
1894	949	0
1895	916	0
1896	860	0
1897	931	0
1898	875	0
1899	936	0
1900	857	0
1901	931	0
1902	954	0
1903	927	0
1904	902	0
1905	890	0
1906	919	0
1907	862	0
1908	884	0
1909	953	0
1910	939	0
1911	920	0
1912	893	0
1913	959	0
1914	889	0
1915	885	0
1916	983	0
1917	919	0
1918	976	0
1919	942	0
1920	963	0
1921	924	0
1922	943	0
1923	893	0
1924	877	0
1925	919	0
1926	897	0
1927	910	0
1928	1011	0
1929	943	0
1930	927	0
1931	907	0
1932	829	0
1933	940	0
1934	939	0
1935	924	0
1936	905	0
1937	963	0
1938	900	0
1939	935	0
1940	940	0
1941	932	0
1942	901	0
1943	910	0
1944	857	0
1945	883	0
1946	882	0
1947	937	0
1948	939	0
1949	976	0
1950	904	0
1951	916	0
1952	871	0
1953	824	0
1954	865	0
1955	889	0
1956	955	0
1957	949	0
1958	906	0
1959	893	0
1960	922	0
1961	928	0
1962	930	0
1963	889	0
1964	882	0
1965	878	0
1966	943	0
1967	879	0
1968	954	0
1969	914	0
1970	946	0
1971	941	0
1972	870	0
1973	952	0
1974	942	0
1975	820	0
1976	943	0
1977	928	0
1978	880	0
1979	923	0
1980	940	0
1981	910	0
1982	836	0
1983	920	0
1984	954	0
1985	883	0
1986	914	0
1987	874	0
1988	915	0
1989	902	0
1990	890	0
1991	929	0
1992	885	0
1993	914	0
1994	946	0
1995	944	0
1996	909	0
1997	952	0
1998	858	0
1999	824	0
2000	978	0
2001	923	0
2002	900	0
2003	946	0
2004	937	0
2005	881	0
2006	914	0
2007	896	0
2008	885	0
2009	832	0
2010	943	0
2011	912	0
2012	930	0
2013	908	0
2014	956	0
2015	980	0
2016	908	0
2017	893	0
2018	806	0
2019	962	0
2020	901	0
2021	871	0
2022	916	0
2023	932	0
2024	927	0
2025	895	0
2026	916	0
2027	963	0
2028	939	0
2029	904	0
2030	897	0
2031	960	0
2032	964	0
2033	917	0
2034	902	0
2035	893	0
2036	837	0
2037	939	0
2038	895	0
2039	907	0
2040	911	0
2041	894	0
2042	921	0
2043	921	0
2044	923	0
2045	942	0
2046	972	0
2047	929	0
2048	983	0
2049	909	0
2050	898	0
2051	941	0
2052	881	0
2053	927	0
2054	895	0
2055	913	0
2056	983	0
2057	893	0
2058	875	0
2059	914	0
2060	1013	0
2061	964	0
2062	914	0
2063	920	0
2064	859	0
2065	947	0
2066	940	0
2067	854	0
2068	912	0
2069	891	0
2070	899	0
2071	887	0
2072	844	0
2073	886	0
2074	855	0
2075	891	0
2076	923	0
2077	914	0
2078	926	0
2079	943	0
2080	882	0
2081	931	0
2082	907	0
2083	913	0
2084	904	0
2085	961	0
2086	966	0
2087	956	0
2088	943	0
2089	888	0
2090	933	0
2091	902	0
2092	929	0
2093	897	0
2094	929	0
2095	949	0
2096	907	0
2097	915	0
2098	903	0
2099	893	0
2100	864	0
2101	943	0
2102	889	0
2103	965	0
2104	928	0
2105	950	0
2106	822	0
2107	826	0
2108	954	0
2109	925	0
2110	911	0
2111	934	0
2112	950	0
2113	1000	0
2114	898	0
2115	888	0
2116	899	0
2117	965	0
2118	894	0
2119	883	0
2120	901	0
2121	970	0
2122	947	0
2123	878	0
2124	992	0
2125	900	0
2126	882	0
2127	845	0
2128	927	0
2129	915	0
2130	892	0
2131	925	0
2132	939	0
2133	906	0
2134	921	0
2135	938	0
2136	909	0
2137	878	0
2138	902	0
2139	912	0
2140	951	0
2141	899	0
2142	901	0
2143	964	0
2144	925	0
2145	948	0
2146	926	0
2147	957	0
2148	888	0
2149	932	0
2150	928	0
2151	897	0
2152	958	0
2153	929	0
2154	919	0
2155	935	0
2156	1008	0
2157	891	0
2158	904	0
2159	922	0
2160	907	0
2161	941	0
2162	875	0
2163	869	0
2164	882	0
2165	916	0
2166	911	0
2167	967	0
2168	867	0
2169	877	0
2170	882	0
2171	912	0
2172	890	0
2173	883	0
2174	880	0
2175	937	0
2176	888	0
2177	910	0
2178	931	0
2179	850	0
2180	935	0
2181	927	0
2182	877	0
2183	939	0
2184	967	0
2185	940	0
2186	907	0
2187	855	0
2188	874	0
2189	876	0
2190	956	0
2191	894	0
2192	917	0
2193	905	0
2194	936	0
2195	932	0
2196	969	0
2197	924	0
2198	926	0
2199	881	0
2200	954	0
2201	889	0
2202	924	0
2203	948	0
2204	860	0
2205	950	0
2206	891	0
2207	926	0
2208	953	0
2209	886	0
2210	877	0
2211	971	0
2212	890	0
2213	915	0
2214	894	0
2215	886	0
2216	940	0
2217	867	0
2218	862	0
2219	865	0
2220	879	0
2221	920	0
2222	915	0
2223	909	0
2224	1005	0
2225	979	0
2226	887	0
2227	958	0
2228	863	0
2229	899	0
2230	873	0
2231	931	0
2232	890	0
2233	936	0
2234	959	0
2235	926	0
2236	938	0
2237	932	0
2238	949	0
2239	971	0
2240	956	0
2241	918	0
2242	1019	0
2243	958	0
2244	892	0
2245	859	0
2246	947	0
2247	937	0
2248	890	0
2249	898	0
2250	854	0
2251	891	0
2252	913	0
2253	863	0
2254	885	0
2255	935	0
2256	884	0
2257	894	0
2258	887	0
2259	849	0
2260	922	0
2261	931	0
2262	918	0
2263	935	0
2264	962	0
2265	962	0
2266	928	0
2267	882	0
2268	926	0
2269	943	0
2270	888	0
2271	902	0
2272	974	0
2273	865	0
2274	943	0
2275	918	0
2276	932	0
2277	944	0
2278	913	0
2279	965	0
2280	926	0
2281	911	0
2282	839	0
2283	903	0
2284	889	0
2285	923	0
2286	986	0
2287	912	0
2288	888	0
2289	901	0
2290	921	0
2291	940	0
2292	899	0
2293	862	0
2294	957	0
2295	938	0
2296	996	0
2297	987	0
2298	921	0
2299	940	0
2300	918	0
2301	937	0
2302	923	0
2303	886	0
2304	933	0
2305	920	0
2306	884	0
2307	882	0
2308	905	0
2309	886	0
2310	937	0
2311	970	0
2312	896	0
2313	948	0
2314	866	0
2315	926	0
2316	938	0
2317	953	0
2318	876	0
2319	906	0
2320	938	0
2321	919	0
2322	891	0
2323	907	0
2324	874	0
2325	846	0
2326	929	0
2327	929	0
2328	934	0
2329	877	0
2330	919	0
2331	832	0
2332	970	0
2333	872	0
2334	902	0
2335	954	0
2336	865	0
2337	950	0
2338	855	0
2339	945	0
2340	958	0
2341	852	0
2342	923	0
2343	890	0
2344	903	0
2345	849	0
2346	906	0
2347	900	0
2348	899	0
2349	877	0
2350	875	0
2351	879	0
2352	914	0
2353	914	0
2354	832	0
2355	898	0
2356	859	0
2357	898	0
2358	909	0
2359	852	0
2360	906	0
2361	910	0
2362	839	0
2363	894	0
2364	943	0
2365	968	0
2366	953	0
2367	899	0
2368	892	0
2369	891	0
2370	887	0
2371	977	0
2372	971	0
2373	933	0
2374	874	0
2375	932	0
2376	922	0
2377	900	0
2378	982	0
2379	968	0
2380	922	0
2381	908	0
2382	936	0
2383	959	0
2384	916	0
2385	930	0
2386	901	0
2387	909	0
2388	920	0
2389	882	0
2390	920	0
2391	834	0
2392	902	0
2393	886	0
2394	891	0
2395	927	0
2396	923	0
2397	947	0
2398	892	0
2399	978	0
2400	1013	0
2401	897	0
2402	996	0
2403	909	0
2404	908	0
2405	900	0
2406	959	0
2407	933	0
2408	867	0
2409	924	0
2410	902	0
2411	928	0
2412	903	0
2413	923	0
2414	944	0
2415	985	0
2416	911	0
2417	931	0
2418	902	0
2419	890	0
2420	1012	0
2421	951	0
2422	922	0
2423	930	0
2424	974	0
2425	935	0
2426	903	0
2427	958	0
2428	899	0
2429	988	0
2430	911	0
2431	914	0
2432	970	0
2433	904	0
2434	939	0
2435	913	0
2436	902	0
2437	942	0
2438	883	0
2439	942	0
2440	961	0
2441	893	0
2442	892	0
2443	899	0
2444	898	0
2445	908	0
2446	884	0
2447	943	0
2448	921	0
2449	967	0
2450	865	0
2451	888	0
2452	887	0
2453	947	0
2454	903	0
2455	902	0
2456	899	0
2457	901	0
2458	910	0
2459	991	0
2460	960	0
2461	859	0
2462	913	0
2463	908	0
2464	889	0
2465	897	0
2466	931	0
2467	936	0
2468	955	0
2469	954	0
2470	984	0
2471	942	0
2472	942	0
2473	915	0
2474	889	0
2475	911	0
2476	932	0
2477	857	0
2478	852	0
2479	925	0
2480	987	0
2481	889	0
2482	930	0
2483	894	0
2484	891	0
2485	919	0
2486	866	0
2487	875	0
2488	878	0
2489	963	0
2490	934	0
2491	901	0
2492	905	0
2493	896	0
2494	944	0
2495	903	0
2496	912	0
2497	876	0
2498	921	0
2499	956	0
2500	926	0
2501	853	0
2502	881	0
2503	935	0
2504	944	0
2505	895	0
2506	936	0
2507	901	0
2508	881	0
2509	865	0
2510	845	0
2511	890	0
2512	955	0
2513	899	0
2514	897	0
2515	909	0
2516	971	0
2517	901	0
2518	841	0
2519	993	0
2520	890	0
2521	918	0
2522	953	0
2523	845	0
2524	879	0
2525	903	0
2526	863	0
2527	902	0
2528	974	0
2529	973	0
2530	926	0
2531	926	0
2532	904	0
2533	826	0
2534	912	0
2535	858	0
2536	873	0
2537	933	0
2538	896	0
2539	890	0
2540	911	0
2541	946	0
2542	969	0
2543	911	0
2544	907	0
2545	911	0
2546	864	0
2547	901	0
2548	899	0
2549	901	0
2550	903	0
2551	865	0
2552	857	0
2553	890	0
2554	924	0
2555	920	0
2556	869	0
2557	923	0
2558	868	0
2559	942	0
2560	923	0
2561	925	0
2562	933	0
2563	931	0
2564	913	0
2565	888	0
2566	860	0
2567	921	0
2568	967	0
2569	898	0
2570	886	0
2571	946	0
2572	867	0
2573	905	0
2574	938	0
2575	857	0
2576	945	0
2577	898	0
2578	907	0
2579	882	0
2580	929	0
2581	890	0
2582	939	0
2583	986	0
2584	935	0
2585	872	0
2586	855	0
2587	984	0
2588	922	0
2589	857	0
2590	940	0
2591	841	0
2592	932	0
2593	864	0
2594	961	0
2595	931	0
2596	936	0
2597	855	0
2598	901	0
2599	926	0
2600	864	0
2601	975	0
2602	927	0
2603	997	0
2604	890	0
2605	896	0
2606	920	0
2607	949	0
2608	941	0
2609	920	0
2610	931	0
2611	909	0
2612	939	0
2613	907	0
2614	859	0
2615	846	0
2616	862	0
2617	864	0
2618	881	0
2619	955	0
2620	866	0
2621	950	0
2622	898	0
2623	878	0
2624	909	0
2625	899	0
2626	929	0
2627	905	0
2628	960	0
2629	892	0
2630	910	0
2631	901	0
2632	938	0
2633	963	0
2634	893	0
2635	897	0
2636	898	0
2637	913	0
2638	960	0
2639	906	0
2640	945	0
2641	944	0
2642	914	0
2643	889	0
2644	922	0
2645	931	0
2646	963	0
2647	978	0
2648	910	0
2649	955	0
2650	877	0
2651	869	0
2652	894	0
2653	957	0
2654	897	0
2655	942	0
2656	944	0
2657	840	0
2658	886	0
2659	884	0
2660	839	0
2661	932	0
2662	872	0
2663	928	0
2664	947	0
2665	845	0
2666	898	0
2667	884	0
2668	900	0
2669	938	0
2670	866	0
2671	944	0
2672	915	0
2673	894	0
2674	995	0
2675	905	0
2676	933	0
2677	935	0
2678	892	0
2679	910	0
2680	892	0
2681	895	0
2682	887	0
2683	870	0
2684	984	0
2685	962	0
2686	939	0
2687	922	0
2688	966	0
2689	948	0
2690	932	0
2691	898	0
2692	873	0
2693	884	0
2694	906	0
2695	919	0
2696	858	0
2697	907	0
2698	874	0
2699	925	0
2700	884	0
2701	915	0
2702	907	0
2703	861	0
2704	869	0
2705	924	0
2706	852	0
2707	878	0
2708	927	0
2709	810	0
2710	887	0
2711	902	0
2712	893	0
2713	879	0
2714	874	0
2715	906	0
2716	940	0
2717	933	0
2718	863	0
2719	889	0
2720	901	0
2721	857	0
2722	963	0
2723	921	0
2724	911	0
2725	881	0
2726	934	0
2727	894	0
2728	936	0
2729	934	0
2730	897	0
2731	917	0
2732	968	0
2733	940	0
2734	898	0
2735	943	0
2736	913	0
2737	976	0
2738	937	0
2739	912	0
2740	884	0
2741	965	0
2742	901	0
2743	904	0
2744	905	0
2745	907	0
2746	943	0
2747	927	0
2748	940	0
2749	893	0
2750	911	0
2751	935	0
2752	947	0
2753	900	0
2754	898	0
2755	881	0
2756	996	0
2757	916	0
2758	929	0
2759	921	0
2760	901	0
2761	921	0
2762	900	0
2763	949	0
2764	947	0
2765	956	0
2766	911	0
2767	921	0
2768	907	0
2769	901	0
2770	912	0
2771	900	0
2772	883	0
2773	896	0
2774	968	0
2775	883	0
2776	884	0
2777	893	0
2778	926	0
2779	910	0
2780	908	0
2781	875	0
2782	923	0
2783	874	0
2784	943	0
2785	891	0
2786	966	0
2787	883	0
2788	958	0
2789	876	0
2790	940	0
2791	923	0
2792	901	0
2793	870	0
2794	967	0
2795	952	0
2796	905	0
2797	921	0
2798	886	0
2799	920	0
2800	897	0
2801	918	0
2802	971	0
2803	926	0
2804	927	0
2805	889	0
2806	949	0
2807	963	0
2808	899	0
2809	911	0
2810	926	0
2811	888	0
2812	905	0
2813	928	0
2814	934	0
2815	906	0
2816	921	0
2817	843	0
2818	896	0
2819	931	0
2820	880	0
2821	954	0
2822	893	0
2823	918	0
2824	882	0
2825	921	0
2826	992	0
2827	905	0
2828	911	0
2829	920	0
2830	906	0
2831	881	0
2832	910	0
2833	979	0
2834	913	0
2835	875	0
2836	934	0
2837	932	0
2838	867	0
2839	921	0
2840	874	0
2841	914	0
2842	937	0
2843	846	0
2844	924	0
2845	843	0
2846	924	0
2847	857	0
2848	930	0
2849	977	0
2850	943	0
2851	928	0
2852	919	0
2853	951	0
2854	901	0
2855	887	0
2856	922	0
2857	888	0
2858	947	0
2859	925	0
2860	884	0
2861	947	0
2862	914	0
2863	888	0
2864	891	0
2865	953	0
2866	942	0
2867	877	0
2868	1007	0
2869	833	0
2870	950	0
2871	920	0
2872	887	0
2873	910	0
2874	858	0
2875	919	0
2876	892	0
2877	909	0
2878	849	0
2879	857	0
2880	930	0
2881	922	0
2882	920	0
2883	901	0
2884	946	0
2885	932	0
2886	915	0
2887	958	0
2888	1002	0
2889	908	0
2890	876	0
2891	904	0
2892	925	0
2893	974	0
2894	921	0
2895	977	0
2896	824	0
2897	954	0
2898	936	0
2899	971	0
2900	899	0
2901	930	0
2902	896	0
2903	961	0
2904	912	0
2905	917	0
2906	938	0
2907	916	0
2908	911	0
2909	917	0
2910	955	0
2911	979	0
2912	981	0
2913	870	0
2914	966	0
2915	907	0
2916	906	0
2917	943	0
2918	912	0
2919	928	0
2920	894	0
2921	900	0
2922	888	0
2923	884	0
2924	991	0
2925	846	0
2926	932	0
2927	909	0
2928	898	0
2929	928	0
2930	932	0
2931	900	0
2932	876	0
2933	901	0
2934	922	0
2935	932	0
2936	928	0
2937	908	0
2938	910	0
2939	890	0
2940	875	0
2941	896	0
2942	910	0
2943	855	0
2944	904	0
2945	901	0
2946	995	0
2947	941	0
2948	931	0
2949	987	0
2950	940	0
2951	906	0
2952	940	0
2953	861	0
2954	940	0
2955	860	0
2956	879	0
2957	988	0
2958	942	0
2959	994	0
2960	885	0
2961	930	0
2962	845	0
2963	898	0
2964	933	0
2965	908	0
2966	929	0
2967	836	0
2968	937	0
2969	903	0
2970	896	0
2971	962	0
2972	942	0
2973	939	0
2974	842	0
2975	911	0
2976	947	0
2977	890	0
2978	884	0
2979	914	0
2980	907	0
2981	917	0
2982	878	0
2983	913	0
2984	947	0
2985	890	0
2986	898	0
2987	964	0
2988	897	0
2989	908	0
2990	941	0
2991	885	0
2992	961	0
2993	915	0
2994	878	0
2995	903	0
2996	905	0
2997	923	0
2998	941	0
2999	923	0
3000	942	0
