1	934	0
2	861	0
3	893	0
4	886	0
5	832	0
6	955	0
7	859	0
8	899	0
9	968	0
10	992	0
11	924	0
12	903	0
13	935	0
14	865	0
15	970	0
16	937	0
17	971	0
18	927	0
19	877	0
20	920	0
21	948	0
22	970	0
23	980	0
24	876	0
25	882	0
26	928	0
27	932	0
28	940	0
29	905	0
30	887	0
31	907	0
32	957	0
33	897	0
34	894	0
35	860	0
36	905	0
37	842	0
38	939	0
39	999	0
40	901	0
41	900	0
42	938	0
43	1009	0
44	954	0
45	914	0
46	920	0
47	858	0
48	932	0
49	937	0
50	849	0
51	908	0
52	928	0
53	860	0
54	905	0
55	854	0
56	892	0
57	931	0
58	863	0
59	990	0
60	969	0
61	853	0
62	898	0
63	907	0
64	871	0
65	929	0
66	966	0
67	846	0
68	882	0
69	880	0
70	890	0
71	970	0
72	894	0
73	906	0
74	960	0
75	856	0
76	905	0
77	844	0
78	904	0
79	873	0
80	911	0
81	853	0
82	915	0
83	904	0
84	977	0
85	917	0
86	870	0
87	942	0
88	926	0
89	901	0
90	910	0
91	835	0
92	862	0
93	966	0
94	895	0
95	912	0
96	954	0
97	918	0
98	933	0
99	905	0
100	871	0
101	909	0
102	868	0
103	896	0
104	832	0
105	890	0
106	863	0
107	865	0
108	882	0
109	864	0
110	909	0
111	951	0
112	944	0
113	868	0
114	898	0
115	876	0
116	913	0
117	834	0
118	855	0
119	969	0
120	997	0
121	905	0
122	868	0
123	870	0
124	943	0
125	924	0
126	909	0
127	923	0
128	912	0
129	899	0
130	961	0
131	896	0
132	925	0
133	906	0
134	902	0
135	915	0
136	895	0
137	926	0
138	858	0
139	877	0
140	874	0
141	958	0
142	917	0
143	905	0
144	953	0
145	925	0
146	913	0
147	918	0
148	925	0
149	872	0
150	948	0
151	976	0
152	901	0
153	871	0
154	985	0
155	928	0
156	955	0
157	839	0
158	901	0
159	926	0
160	948	0
161	855	0
162	888	0
163	894	0
164	894	0
165	969	0
166	921	0
167	895	0
168	945	0
169	989	0
170	961	0
171	925	0
172	944	0
173	948	0
174	938	0
175	894	0
176	926	0
177	935	0
178	891	0
179	938	0
180	916	0
181	975	0
182	967	0
183	987	0
184	907	0
185	1001	0
186	938	0
187	894	0
188	870	0
189	926	0
190	855	0
191	909	0
192	881	0
193	919	0
194	845	0
195	954	0
196	866	0
197	923	0
198	913	0
199	884	0
200	934	0
201	905	0
202	970	0
203	887	0
204	867	0
205	860	0
206	891	0
207	852	0
208	922	0
209	905	0
210	884	0
211	916	0
212	891	0
213	925	0
214	944	0
215	903	0
216	939	0
217	915	0
218	945	0
219	875	0
220	890	0
221	966	0
222	925	0
223	903	0
224	920	0
225	893	0
226	945	0
227	928	0
228	896	0
229	909	0
230	904	0
231	864	0
232	962	0
233	966	0
234	919	0
235	949	0
236	940	0
237	910	0
238	915	0
239	926	0
240	920	0
241	907	0
242	910	0
243	900	0
244	880	0
245	892	0
246	877	0
247	912	0
248	885	0
249	869	0
250	880	0
251	902	0
252	919	0
253	969	0
254	910	0
255	914	0
256	864	0
257	974	0
258	935	0
259	868	0
260	902	0
261	968	0
262	918	0
263	914	0
264	937	0
265	937	0
266	923	0
267	907	0
268	886	0
269	941	0
270	937	0
271	915	0
272	899	0
273	927	0
274	934	0
275	897	0
276	930	0
277	970	0
278	915	0
279	903	0
280	866	0
281	878	0
282	955	0
283	843	0
284	911	0
285	914	0
286	956	0
287	969	0
288	962	0
289	896	0
290	883	0
291	927	0
292	926	0
293	862	0
294	928	0
295	891	0
296	959	0
297	917	0
298	893	0
299	967	0
300	922	0
301	932	0
302	967	0
303	930	0
304	869	0
305	903	0
306	898	0
307	884	0
308	935	0
309	929	0
310	897	0
311	890	0
312	861	0
313	924	0
314	882	0
315	857	0
316	943	0
317	926	0
318	885	0
319	927	0
320	896	0
321	897	0
322	967	0
323	945	0
324	980	0
325	888	0
326	908	0
327	877	0
328	876	0
329	858	0
330	934	0
331	916	0
332	871	0
333	815	0
334	860	0
335	916	0
336	991	0
337	952	0
338	978	0
339	884	0
340	991	0
341	970	0
342	898	0
343	927	0
344	909	0
345	955	0
346	866	0
347	920	0
348	956	0
349	879	0
350	924	0
351	939	0
352	1008	0
353	900	0
354	914	0
355	863	0
356	928	0
357	961	0
358	971	0
359	893	0
360	912	0
361	995	0
362	855	0
363	924	0
364	959	0
365	917	0
366	953	0
367	936	0
368	950	0
369	912	0
370	896	0
371	945	0
372	932	0
373	922	0
374	987	0
375	893	0
376	888	0
377	849	0
378	894	0
379	910	0
380	961	0
381	941	0
382	904	0
383	936	0
384	939	0
385	990	0
386	933	0
387	867	0
388	949	0
389	849	0
390	874	0
391	885	0
392	879	0
393	927	0
394	883	0
395	959	0
396	967	0
397	943	0
398	854	0
399	934	0
400	852	0
401	915	0
402	931	0
403	880	0
404	903	0
405	834	0
406	889	0
407	864	0
408	931	0
409	910	0
410	933	0
411	913	0
412	895	0
413	902	0
414	919	0
415	950	0
416	910	0
417	923	0
418	890	0
419	897	0
420	887	0
421	918	0
422	905	0
423	918	0
424	917	0
425	928	0
426	850	0
427	910	0
428	893	0
429	956	0
430	941	0
431	937	0
432	880	0
433	868	0
434	968	0
435	931	0
436	905	0
437	951	0
438	888	0
439	890	0
440	874	0
441	878	0
442	902	0
443	959	0
444	864	0
445	915	0
446	894	0
447	872	0
448	913	0
449	920	0
450	843	0
451	934	0
452	929	0
453	920	0
454	915	0
455	952	0
456	937	0
457	820	0
458	911	0
459	944	0
460	877	0
461	968	0
462	908	0
463	874	0
464	919	0
465	955	0
466	832	0
467	930	0
468	881	0
469	913	0
470	1011	0
471	919	0
472	880	0
473	891	0
474	959	0
475	911	0
476	977	0
477	883	0
478	987	0
479	995	0
480	858	0
481	976	0
482	882	0
483	890	0
484	904	0
485	945	0
486	953	0
487	949	0
488	951	0
489	977	0
490	925	0
491	933	0
492	857	0
493	934	0
494	927	0
495	920	0
496	922	0
497	850	0
498	882	0
499	877	0
500	945	0
501	858	0
502	929	0
503	947	0
504	876	0
505	931	0
506	921	0
507	955	0
508	867	0
509	928	0
510	922	0
511	919	0
512	939	0
513	896	0
514	906	0
515	914	0
516	922	0
517	899	0
518	898	0
519	923	0
520	908	0
521	940	0
522	838	0
523	904	0
524	907	0
525	943	0
526	942	0
527	889	0
528	891	0
529	934	0
530	896	0
531	915	0
532	914	0
533	922	0
534	898	0
535	927	0
536	888	0
537	902	0
538	926	0
539	858	0
540	895	0
541	931	0
542	966	0
543	896	0
544	944	0
545	899	0
546	887	0
547	916	0
548	917	0
549	926	0
550	959	0
551	949	0
552	879	0
553	889	0
554	871	0
555	885	0
556	894	0
557	924	0
558	924	0
559	958	0
560	911	0
561	866	0
562	870	0
563	966	0
564	967	0
565	915	0
566	851	0
567	944	0
568	860	0
569	935	0
570	925	0
571	914	0
572	876	0
573	967	0
574	948	0
575	988	0
576	880	0
577	977	0
578	923	0
579	932	0
580	941	0
581	886	0
582	925	0
583	995	0
584	881	0
585	911	0
586	926	0
587	936	0
588	899	0
589	933	0
590	930	0
591	940	0
592	899	0
593	924	0
594	876	0
595	896	0
596	904	0
597	961	0
598	934	0
599	925	0
600	939	0
601	917	0
602	975	0
603	917	0
604	884	0
605	902	0
606	908	0
607	866	0
608	931	0
609	906	0
610	892	0
611	969	0
612	920	0
613	903	0
614	897	0
615	864	0
616	951	0
617	872	0
618	893	0
619	912	0
620	867	0
621	917	0
622	931	0
623	963	0
624	932	0
625	924	0
626	903	0
627	881	0
628	927	0
629	940	0
630	957	0
631	928	0
632	853	0
633	895	0
634	917	0
635	875	0
636	879	0
637	856	0
638	961	0
639	891	0
640	983	0
641	877	0
642	904	0
643	924	0
644	947	0
645	888	0
646	930	0
647	971	0
648	873	0
649	947	0
650	902	0
651	856	0
652	936	0
653	912	0
654	856	0
655	878	0
656	883	0
657	878	0
658	872	0
659	911	0
660	928	0
661	889	0
662	917	0
663	923	0
664	923	0
665	912	0
666	877	0
667	894	0
668	847	0
669	1028	0
670	909	0
671	885	0
672	866	0
673	879	0
674	939	0
675	882	0
676	895	0
677	927	0
678	967	0
679	947	0
680	903	0
681	877	0
682	924	0
683	988	0
684	931	0
685	946	0
686	942	0
687	903	0
688	974	0
689	854	0
690	979	0
691	919	0
692	947	0
693	852	0
694	861	0
695	903	0
696	910	0
697	893	0
698	903	0
699	876	0
700	967	0
701	895	0
702	851	0
703	933	0
704	879	0
705	959	0
706	894	0
707	930	0
708	920	0
709	876	0
710	902	0
711	871	0
712	898	0
713	900	0
714	935	0
715	825	0
716	915	0
717	900	0
718	1021	0
719	906	0
720	879	0
721	916	0
722	914	0
723	933	0
724	898	0
725	906	0
726	922	0
727	951	0
728	890	0
729	934	0
730	958	0
731	876	0
732	922	0
733	881	0
734	884	0
735	901	0
736	912	0
737	851	0
738	888	0
739	958	0
740	957	0
741	920	0
742	861	0
743	880	0
744	887	0
745	978	0
746	875	0
747	932	0
748	851	0
749	925	0
750	948	0
751	917	0
752	858	0
753	908	0
754	903	0
755	918	0
756	960	0
757	899	0
758	869	0
759	905	0
760	881	0
761	898	0
762	928	0
763	945	0
764	959	0
765	931	0
766	934	0
767	924	0
768	880	0
769	845	0
770	891	0
771	920	0
772	888	0
773	881	0
774	887	0
775	900	0
776	901	0
777	947	0
778	962	0
779	914	0
780	947	0
781	877	0
782	902	0
783	896	0
784	968	0
785	971	0
786	955	0
787	851	0
788	941	0
789	958	0
790	935	0
791	921	0
792	907	0
793	913	0
794	895	0
795	876	0
796	929	0
797	887	0
798	860	0
799	906	0
800	943	0
801	941	0
802	918	0
803	863	0
804	853	0
805	879	0
806	894	0
807	936	0
808	941	0
809	851	0
810	887	0
811	926	0
812	987	0
813	963	0
814	977	0
815	908	0
816	985	0
817	935	0
818	930	0
819	931	0
820	916	0
821	893	0
822	882	0
823	973	0
824	959	0
825	898	0
826	843	0
827	954	0
828	886	0
829	894	0
830	842	0
831	921	0
832	959	0
833	902	0
834	964	0
835	878	0
836	912	0
837	879	0
838	864	0
839	904	0
840	909	0
841	914	0
842	944	0
843	883	0
844	922	0
845	924	0
846	847	0
847	905	0
848	903	0
849	890	0
850	922	0
851	906	0
852	933	0
853	920	0
854	985	0
855	888	0
856	867	0
857	908	0
858	952	0
859	929	0
860	887	0
861	937	0
862	929	0
863	953	0
864	872	0
865	911	0
866	879	0
867	989	0
868	959	0
869	881	0
870	874	0
871	882	0
872	944	0
873	893	0
874	873	0
875	983	0
876	942	0
877	900	0
878	901	0
879	912	0
880	941	0
881	875	0
882	897	0
883	898	0
884	957	0
885	894	0
886	921	0
887	862	0
888	916	0
889	898	0
890	937	0
891	946	0
892	942	0
893	951	0
894	888	0
895	922	0
896	914	0
897	883	0
898	852	0
899	917	0
900	869	0
901	891	0
902	890	0
903	927	0
904	971	0
905	873	0
906	892	0
907	930	0
908	947	0
909	944	0
910	915	0
911	945	0
912	920	0
913	888	0
914	953	0
915	906	0
916	899	0
917	868	0
918	972	0
919	920	0
920	936	0
921	939	0
922	938	0
923	875	0
924	920	0
925	933	0
926	883	0
927	867	0
928	876	0
929	886	0
930	920	0
931	847	0
932	893	0
933	885	0
934	878	0
935	916	0
936	875	0
937	914	0
938	871	0
939	871	0
940	931	0
941	893	0
942	887	0
943	923	0
944	962	0
945	923	0
946	896	0
947	922	0
948	922	0
949	928	0
950	951	0
951	982	0
952	889	0
953	884	0
954	909	0
955	927	0
956	913	0
957	873	0
958	874	0
959	994	0
960	882	0
961	978	0
962	946	0
963	961	0
964	944	0
965	889	0
966	831	0
967	939	0
968	941	0
969	908	0
970	903	0
971	903	0
972	922	0
973	923	0
974	928	0
975	932	0
976	888	0
977	942	0
978	859	0
979	930	0
980	912	0
981	930	0
982	963	0
983	934	0
984	890	0
985	895	0
986	904	0
987	982	0
988	912	0
989	903	0
990	954	0
991	909	0
992	930	0
993	942	0
994	935	0
995	935	0
996	877	0
997	922	0
998	885	0
999	902	0
1000	867	0
1001	933	0
1002	888	0
1003	913	0
1004	971	0
1005	884	0
1006	845	0
1007	923	0
1008	846	0
1009	929	0
1010	892	0
1011	928	0
1012	974	0
1013	900	0
1014	926	0
1015	897	0
1016	964	0
1017	931	0
1018	932	0
1019	913	0
1020	1003	0
1021	907	0
1022	931	0
1023	903	0
1024	924	0
1025	914	0
1026	889	0
1027	834	0
1028	852	0
1029	968	0
1030	909	0
1031	917	0
1032	909	0
1033	911	0
1034	957	0
1035	855	0
1036	953	0
1037	920	0
1038	933	0
1039	887	0
1040	912	0
1041	953	0
1042	851	0
1043	901	0
1044	881	0
1045	936	0
1046	925	0
1047	853	0
1048	909	0
1049	895	0
1050	1002	0
1051	908	0
1052	922	0
1053	961	0
1054	932	0
1055	920	0
1056	943	0
1057	894	0
1058	960	0
1059	831	0
1060	923	0
1061	891	0
1062	864	0
1063	967	0
1064	875	0
1065	943	0
1066	983	0
1067	928	0
1068	929	0
1069	904	0
1070	970	0
1071	962	0
1072	925	0
1073	848	0
1074	920	0
1075	904	0
1076	898	0
1077	907	0
1078	919	0
1079	914	0
1080	844	0
1081	904	0
1082	989	0
1083	879	0
1084	878	0
1085	912	0
1086	945	0
1087	876	0
1088	935	0
1089	967	0
1090	866	0
1091	931	0
1092	948	0
1093	899	0
1094	896	0
1095	929	0
1096	906	0
1097	945	0
1098	935	0
1099	912	0
1100	942	0
1101	884	0
1102	925	0
1103	931	0
1104	906	0
1105	852	0
1106	912	0
1107	909	0
1108	907	0
1109	914	0
1110	909	0
1111	910	0
1112	949	0
1113	932	0
1114	891	0
1115	918	0
1116	848	0
1117	917	0
1118	892	0
1119	868	0
1120	910	0
1121	909	0
1122	901	0
1123	889	0
1124	880	0
1125	935	0
1126	889	0
1127	970	0
1128	872	0
1129	910	0
1130	947	0
1131	926	0
1132	904	0
1133	933	0
1134	872	0
1135	945	0
1136	886	0
1137	928	0
1138	863	0
1139	896	0
1140	970	0
1141	814	0
1142	922	0
1143	850	0
1144	935	0
1145	915	0
1146	911	0
1147	982	0
1148	906	0
1149	907	0
1150	892	0
1151	883	0
1152	911	0
1153	899	0
1154	905	0
1155	899	0
1156	841	0
1157	908	0
1158	949	0
1159	924	0
1160	857	0
1161	919	0
1162	870	0
1163	841	0
1164	952	0
1165	954	0
1166	877	0
1167	930	0
1168	910	0
1169	1012	0
1170	895	0
1171	893	0
1172	977	0
1173	883	0
1174	917	0
1175	906	0
1176	930	0
1177	897	0
1178	929	0
1179	913	0
1180	914	0
1181	946	0
1182	926	0
1183	896	0
1184	878	0
1185	866	0
1186	934	0
1187	885	0
1188	911	0
1189	913	0
1190	950	0
1191	837	0
1192	875	0
1193	979	0
1194	957	0
1195	855	0
1196	944	0
1197	918	0
1198	852	0
1199	911	0
1200	914	0
1201	881	0
1202	933	0
1203	846	0
1204	896	0
1205	937	0
1206	961	0
1207	879	0
1208	946	0
1209	879	0
1210	898	0
1211	933	0
1212	923	0
1213	967	0
1214	879	0
1215	902	0
1216	930	0
1217	852	0
1218	915	0
1219	871	0
1220	889	0
1221	858	0
1222	909	0
1223	923	0
1224	934	0
1225	927	0
1226	928	0
1227	910	0
1228	920	0
1229	938	0
1230	943	0
1231	912	0
1232	890	0
1233	895	0
1234	859	0
1235	908	0
1236	884	0
1237	845	0
1238	963	0
1239	926	0
1240	923	0
1241	908	0
1242	861	0
1243	946	0
1244	894	0
1245	946	0
1246	933	0
1247	886	0
1248	904	0
1249	890	0
1250	940	0
1251	866	0
1252	924	0
1253	980	0
1254	928	0
1255	923	0
1256	896	0
1257	874	0
1258	922	0
1259	919	0
1260	888	0
1261	874	0
1262	918	0
1263	842	0
1264	891	0
1265	939	0
1266	904	0
1267	956	0
1268	927	0
1269	876	0
1270	914	0
1271	949	0
1272	924	0
1273	891	0
1274	911	0
1275	921	0
1276	904	0
1277	947	0
1278	916	0
1279	885	0
1280	896	0
1281	927	0
1282	922	0
1283	953	0
1284	864	0
1285	931	0
1286	897	0
1287	913	0
1288	922	0
1289	838	0
1290	948	0
1291	857	0
1292	947	0
1293	934	0
1294	938	0
1295	899	0
1296	896	0
1297	956	0
1298	846	0
1299	903	0
1300	898	0
1301	872	0
1302	966	0
1303	966	0
1304	891	0
1305	937	0
1306	884	0
1307	881	0
1308	909	0
1309	928	0
1310	863	0
1311	877	0
1312	929	0
1313	904	0
1314	941	0
1315	904	0
1316	887	0
1317	868	0
1318	908	0
1319	950	0
1320	905	0
1321	930	0
1322	939	0
1323	898	0
1324	946	0
1325	915	0
1326	896	0
1327	903	0
1328	943	0
1329	849	0
1330	927	0
1331	845	0
1332	850	0
1333	874	0
1334	972	0
1335	865	0
1336	857	0
1337	889	0
1338	905	0
1339	919	0
1340	917	0
1341	910	0
1342	857	0
1343	908	0
1344	884	0
1345	920	0
1346	866	0
1347	943	0
1348	914	0
1349	849	0
1350	914	0
1351	847	0
1352	929	0
1353	899	0
1354	907	0
1355	923	0
1356	892	0
1357	852	0
1358	896	0
1359	939	0
1360	975	0
1361	890	0
1362	984	0
1363	920	0
1364	864	0
1365	845	0
1366	949	0
1367	904	0
1368	939	0
1369	890	0
1370	938	0
1371	932	0
1372	929	0
1373	884	0
1374	999	0
1375	922	0
1376	922	0
1377	899	0
1378	938	0
1379	886	0
1380	840	0
1381	971	0
1382	912	0
1383	800	0
1384	936	0
1385	880	0
1386	914	0
1387	964	0
1388	912	0
1389	862	0
1390	983	0
1391	880	0
1392	877	0
1393	926	0
1394	845	0
1395	954	0
1396	931	0
1397	941	0
1398	903	0
1399	865	0
1400	904	0
1401	928	0
1402	919	0
1403	905	0
1404	929	0
1405	944	0
1406	890	0
1407	926	0
1408	965	0
1409	862	0
1410	924	0
1411	894	0
1412	898	0
1413	914	0
1414	924	0
1415	955	0
1416	901	0
1417	908	0
1418	1027	0
1419	998	0
1420	953	0
1421	937	0
1422	883	0
1423	884	0
1424	901	0
1425	940	0
1426	938	0
1427	913	0
1428	995	0
1429	915	0
1430	959	0
1431	847	0
1432	867	0
1433	917	0
1434	920	0
1435	900	0
1436	931	0
1437	879	0
1438	903	0
1439	892	0
1440	889	0
1441	919	0
1442	886	0
1443	879	0
1444	931	0
1445	942	0
1446	877	0
1447	863	0
1448	904	0
1449	912	0
1450	896	0
1451	874	0
1452	882	0
1453	921	0
1454	913	0
1455	902	0
1456	952	0
1457	912	0
1458	999	0
1459	905	0
1460	942	0
1461	938	0
1462	858	0
1463	912	0
1464	972	0
1465	884	0
1466	833	0
1467	910	0
1468	942	0
1469	928	0
1470	852	0
1471	884	0
1472	899	0
1473	905	0
1474	953	0
1475	900	0
1476	848	0
1477	959	0
1478	892	0
1479	917	0
1480	869	0
1481	923	0
1482	955	0
1483	980	0
1484	930	0
1485	865	0
1486	920	0
1487	924	0
1488	894	0
1489	943	0
1490	895	0
1491	943	0
1492	908	0
1493	923	0
1494	942	0
1495	905	0
1496	910	0
1497	920	0
1498	856	0
1499	869	0
1500	831	0
1501	895	0
1502	902	0
1503	1002	0
1504	933	0
1505	939	0
1506	946	0
1507	956	0
1508	973	0
1509	883	0
1510	1001	0
1511	897	0
1512	905	0
1513	979	0
1514	930	0
1515	938	0
1516	890	0
1517	958	0
1518	961	0
1519	888	0
1520	915	0
1521	940	0
1522	930	0
1523	917	0
1524	859	0
1525	925	0
1526	896	0
1527	915	0
1528	934	0
1529	915	0
1530	948	0
1531	915	0
1532	866	0
1533	950	0
1534	837	0
1535	864	0
1536	939	0
1537	907	0
1538	944	0
1539	962	0
1540	854	0
1541	889	0
1542	907	0
1543	917	0
1544	901	0
1545	875	0
1546	954	0
1547	906	0
1548	882	0
1549	923	0
1550	913	0
1551	927	0
1552	889	0
1553	953	0
1554	920	0
1555	878	0
1556	852	0
1557	890	0
1558	930	0
1559	896	0
1560	925	0
1561	935	0
1562	934	0
1563	860	0
1564	949	0
1565	924	0
1566	950	0
1567	954	0
1568	977	0
1569	870	0
1570	836	0
1571	904	0
1572	877	0
1573	930	0
1574	916	0
1575	974	0
1576	903	0
1577	977	0
1578	912	0
1579	914	0
1580	896	0
1581	941	0
1582	891	0
1583	855	0
1584	945	0
1585	937	0
1586	989	0
1587	873	0
1588	906	0
1589	934	0
1590	987	0
1591	914	0
1592	998	0
1593	867	0
1594	907	0
1595	979	0
1596	899	0
1597	965	0
1598	953	0
1599	867	0
1600	960	0
1601	934	0
1602	844	0
1603	908	0
1604	844	0
1605	930	0
1606	938	0
1607	851	0
1608	924	0
1609	991	0
1610	911	0
1611	911	0
1612	880	0
1613	975	0
1614	869	0
1615	900	0
1616	906	0
1617	914	0
1618	906	0
1619	910	0
1620	872	0
1621	946	0
1622	915	0
1623	872	0
1624	843	0
1625	883	0
1626	856	0
1627	916	0
1628	858	0
1629	900	0
1630	890	0
1631	938	0
1632	926	0
1633	901	0
1634	919	0
1635	931	0
1636	939	0
1637	955	0
1638	843	0
1639	899	0
1640	890	0
1641	970	0
1642	938	0
1643	865	0
1644	868	0
1645	907	0
1646	901	0
1647	931	0
1648	979	0
1649	904	0
1650	894	0
1651	905	0
1652	936	0
1653	899	0
1654	944	0
1655	916	0
1656	957	0
1657	950	0
1658	908	0
1659	870	0
1660	941	0
1661	853	0
1662	864	0
1663	900	0
1664	915	0
1665	909	0
1666	929	0
1667	936	0
1668	905	0
1669	924	0
1670	913	0
1671	905	0
1672	931	0
1673	953	0
1674	853	0
1675	908	0
1676	905	0
1677	830	0
1678	862	0
1679	963	0
1680	899	0
1681	919	0
1682	881	0
1683	936	0
1684	851	0
1685	864	0
1686	863	0
1687	911	0
1688	902	0
1689	896	0
1690	845	0
1691	977	0
1692	926	0
1693	859	0
1694	942	0
1695	929	0
1696	895	0
1697	934	0
1698	922	0
1699	879	0
1700	952	0
1701	900	0
1702	892	0
1703	866	0
1704	930	0
1705	870	0
1706	914	0
1707	910	0
1708	971	0
1709	892	0
1710	973	0
1711	917	0
1712	883	0
1713	932	0
1714	932	0
1715	886	0
1716	891	0
1717	874	0
1718	869	0
1719	960	0
1720	941	0
1721	911	0
1722	890	0
1723	875	0
1724	951	0
1725	910	0
1726	946	0
1727	908	0
1728	876	0
1729	918	0
1730	883	0
1731	941	0
1732	892	0
1733	906	0
1734	968	0
1735	900	0
1736	875	0
1737	863	0
1738	927	0
1739	902	0
1740	909	0
1741	908	0
1742	919	0
1743	916	0
1744	886	0
1745	896	0
1746	886	0
1747	940	0
1748	937	0
1749	1017	0
1750	926	0
1751	934	0
1752	968	0
1753	927	0
1754	921	0
1755	952	0
1756	850	0
1757	935	0
1758	921	0
1759	924	0
1760	929	0
1761	897	0
1762	937	0
1763	915	0
1764	938	0
1765	896	0
1766	920	0
1767	867	0
1768	898	0
1769	941	0
1770	913	0
1771	904	0
1772	868	0
1773	942	0
1774	938	0
1775	860	0
1776	915	0
1777	905	0
1778	974	0
1779	882	0
1780	902	0
1781	922	0
1782	928	0
1783	861	0
1784	929	0
1785	895	0
1786	878	0
1787	907	0
1788	905	0
1789	936	0
1790	893	0
1791	891	0
1792	889	0
1793	873	0
1794	894	0
1795	897	0
1796	873	0
1797	923	0
1798	902	0
1799	864	0
1800	936	0
1801	925	0
1802	931	0
1803	881	0
1804	904	0
1805	893	0
1806	911	0
1807	825	0
1808	948	0
1809	937	0
1810	938	0
1811	932	0
1812	948	0
1813	874	0
1814	930	0
1815	880	0
1816	935	0
1817	904	0
1818	914	0
1819	902	0
1820	875	0
1821	902	0
1822	989	0
1823	938	0
1824	938	0
1825	909	0
1826	897	0
1827	917	0
1828	947	0
1829	826	0
1830	988	0
1831	922	0
1832	893	0
1833	906	0
1834	864	0
1835	900	0
1836	892	0
1837	974	0
1838	918	0
1839	920	0
1840	880	0
1841	950	0
1842	921	0
1843	872	0
1844	880	0
1845	904	0
1846	947	0
1847	910	0
1848	880	0
1849	898	0
1850	925	0
1851	929	0
1852	967	0
1853	914	0
1854	871	0
1855	889	0
1856	876	0
1857	919	0
1858	920	0
1859	951	0
1860	916	0
1861	881	0
1862	923	0
1863	891	0
1864	937	0
1865	909	0
1866	902	0
1867	849	0
1868	907	0
1869	923	0
1870	949	0
1871	951	0
1872	861	0
1873	922	0
1874	971	0
1875	886	0
1876	981	0
1877	905	0
1878	962	0
1879	978	0
1880	911	0
1881	907	0
1882	882	0
1883	920	0
1884	874	0
1885	845	0
1886	877	0
1887	873	0
1888	954	0
1889	882	0
1890	895	0
1891	984	0
1892	925	0
1893	935	0
1894	903	0
1895	892	0
1896	1010	0
1897	948	0
1898	917	0
1899	936	0
1900	1007	0
1901	864	0
1902	969	0
1903	948	0
1904	857	0
1905	949	0
1906	871	0
1907	924	0
1908	851	0
1909	938	0
1910	893	0
1911	906	0
1912	945	0
1913	921	0
1914	884	0
1915	889	0
1916	952	0
1917	971	0
1918	884	0
1919	960	0
1920	903	0
1921	866	0
1922	855	0
1923	887	0
1924	904	0
1925	955	0
1926	925	0
1927	873	0
1928	913	0
1929	909	0
1930	910	0
1931	907	0
1932	1040	0
1933	865	0
1934	888	0
1935	911	0
1936	904	0
1937	926	0
1938	916	0
1939	947	0
1940	940	0
1941	922	0
1942	883	0
1943	898	0
1944	882	0
1945	919	0
1946	916	0
1947	965	0
1948	856	0
1949	923	0
1950	899	0
1951	949	0
1952	926	0
1953	884	0
1954	990	0
1955	956	0
1956	938	0
1957	961	0
1958	876	0
1959	927	0
1960	925	0
1961	923	0
1962	902	0
1963	947	0
1964	861	0
1965	894	0
1966	929	0
1967	935	0
1968	881	0
1969	918	0
1970	919	0
1971	958	0
1972	850	0
1973	938	0
1974	945	0
1975	866	0
1976	899	0
1977	975	0
1978	953	0
1979	909	0
1980	894	0
1981	951	0
1982	962	0
1983	928	0
1984	852	0
1985	920	0
1986	927	0
1987	893	0
1988	935	0
1989	936	0
1990	946	0
1991	889	0
1992	918	0
1993	889	0
1994	942	0
1995	970	0
1996	926	0
1997	904	0
1998	892	0
1999	844	0
2000	939	0
2001	873	0
2002	896	0
2003	943	0
2004	967	0
2005	887	0
2006	888	0
2007	917	0
2008	910	0
2009	993	0
2010	891	0
2011	897	0
2012	958	0
2013	915	0
2014	903	0
2015	910	0
2016	928	0
2017	946	0
2018	975	0
2019	937	0
2020	913	0
2021	890	0
2022	901	0
2023	994	0
2024	925	0
2025	961	0
2026	841	0
2027	948	0
2028	971	0
2029	955	0
2030	964	0
2031	899	0
2032	892	0
2033	875	0
2034	852	0
2035	954	0
2036	946	0
2037	909	0
2038	921	0
2039	919	0
2040	876	0
2041	890	0
2042	830	0
2043	854	0
2044	916	0
2045	910	0
2046	893	0
2047	1015	0
2048	867	0
2049	974	0
2050	871	0
2051	881	0
2052	944	0
2053	920	0
2054	921	0
2055	910	0
2056	891	0
2057	969	0
2058	952	0
2059	874	0
2060	993	0
2061	927	0
2062	905	0
2063	881	0
2064	919	0
2065	898	0
2066	897	0
2067	849	0
2068	856	0
2069	929	0
2070	916	0
2071	882	0
2072	936	0
2073	780	0
2074	943	0
2075	941	0
2076	966	0
2077	921	0
2078	918	0
2079	862	0
2080	876	0
2081	948	0
2082	888	0
2083	931	0
2084	931	0
2085	906	0
2086	916	0
2087	896	0
2088	901	0
2089	936	0
2090	917	0
2091	942	0
2092	911	0
2093	891	0
2094	976	0
2095	861	0
2096	916	0
2097	900	0
2098	941	0
2099	908	0
2100	931	0
2101	1002	0
2102	938	0
2103	931	0
2104	912	0
2105	975	0
2106	855	0
2107	933	0
2108	952	0
2109	940	0
2110	915	0
2111	914	0
2112	887	0
2113	877	0
2114	951	0
2115	836	0
2116	926	0
2117	874	0
2118	850	0
2119	893	0
2120	890	0
2121	919	0
2122	900	0
2123	923	0
2124	878	0
2125	927	0
2126	883	0
2127	882	0
2128	952	0
2129	955	0
2130	940	0
2131	875	0
2132	957	0
2133	877	0
2134	894	0
2135	936	0
2136	908	0
2137	892	0
2138	888	0
2139	938	0
2140	919	0
2141	984	0
2142	905	0
2143	887	0
2144	915	0
2145	944	0
2146	884	0
2147	935	0
2148	894	0
2149	869	0
2150	867	0
2151	889	0
2152	967	0
2153	963	0
2154	948	0
2155	926	0
2156	902	0
2157	892	0
2158	902	0
2159	924	0
2160	914	0
2161	913	0
2162	925	0
2163	911	0
2164	898	0
2165	966	0
2166	945	0
2167	960	0
2168	887	0
2169	959	0
2170	883	0
2171	916	0
2172	897	0
2173	933	0
2174	916	0
2175	851	0
2176	917	0
2177	864	0
2178	923	0
2179	883	0
2180	940	0
2181	826	0
2182	881	0
2183	897	0
2184	912	0
2185	989	0
2186	861	0
2187	875	0
2188	896	0
2189	903	0
2190	867	0
2191	976	0
2192	959	0
2193	867	0
2194	898	0
2195	866	0
2196	924	0
2197	928	0
2198	885	0
2199	906	0
2200	894	0
2201	908	0
2202	985	0
2203	903	0
2204	893	0
2205	882	0
2206	962	0
2207	896	0
2208	908	0
2209	911	0
2210	888	0
2211	818	0
2212	916	0
2213	897	0
2214	932	0
2215	896	0
2216	902	0
2217	947	0
2218	922	0
2219	983	0
2220	932	0
2221	882	0
2222	885	0
2223	993	0
2224	983	0
2225	884	0
2226	864	0
2227	886	0
2228	888	0
2229	890	0
2230	903	0
2231	929	0
2232	940	0
2233	904	0
2234	895	0
2235	839	0
2236	896	0
2237	906	0
2238	857	0
2239	938	0
2240	907	0
2241	920	0
2242	955	0
2243	941	0
2244	891	0
2245	925	0
2246	941	0
2247	883	0
2248	974	0
2249	918	0
2250	924	0
2251	991	0
2252	876	0
2253	905	0
2254	972	0
2255	898	0
2256	933	0
2257	929	0
2258	953	0
2259	867	0
2260	905	0
2261	936	0
2262	951	0
2263	892	0
2264	878	0
2265	855	0
2266	935	0
2267	846	0
2268	914	0
2269	917	0
2270	992	0
2271	906	0
2272	987	0
2273	931	0
2274	920	0
2275	938	0
2276	1047	0
2277	890	0
2278	859	0
2279	893	0
2280	907	0
2281	912	0
2282	899	0
2283	911	0
2284	925	0
2285	930	0
2286	878	0
2287	921	0
2288	924	0
2289	898	0
2290	896	0
2291	963	0
2292	865	0
2293	928	0
2294	965	0
2295	921	0
2296	843	0
2297	937	0
2298	834	0
2299	861	0
2300	845	0
2301	891	0
2302	935	0
2303	856	0
2304	947	0
2305	972	0
2306	895	0
2307	849	0
2308	841	0
2309	954	0
2310	952	0
2311	958	0
2312	859	0
2313	861	0
2314	938	0
2315	949	0
2316	941	0
2317	880	0
2318	963	0
2319	909	0
2320	912	0
2321	929	0
2322	890	0
2323	953	0
2324	917	0
2325	837	0
2326	902	0
2327	891	0
2328	883	0
2329	1006	0
2330	963	0
2331	931	0
2332	920	0
2333	822	0
2334	922	0
2335	934	0
2336	880	0
2337	928	0
2338	876	0
2339	893	0
2340	961	0
2341	907	0
2342	948	0
2343	950	0
2344	865	0
2345	874	0
2346	918	0
2347	917	0
2348	940	0
2349	908	0
2350	955	0
2351	869	0
2352	932	0
2353	943	0
2354	915	0
2355	840	0
2356	899	0
2357	969	0
2358	895	0
2359	892	0
2360	922	0
2361	908	0
2362	912	0
2363	953	0
2364	953	0
2365	876	0
2366	855	0
2367	885	0
2368	876	0
2369	845	0
2370	879	0
2371	956	0
2372	994	0
2373	897	0
2374	914	0
2375	893	0
2376	948	0
2377	935	0
2378	936	0
2379	899	0
2380	916	0
2381	850	0
2382	932	0
2383	946	0
2384	924	0
2385	981	0
2386	914	0
2387	914	0
2388	874	0
2389	861	0
2390	879	0
2391	841	0
2392	913	0
2393	926	0
2394	925	0
2395	978	0
2396	892	0
2397	851	0
2398	927	0
2399	885	0
2400	904	0
2401	905	0
2402	854	0
2403	870	0
2404	863	0
2405	902	0
2406	882	0
2407	922	0
2408	928	0
2409	981	0
2410	992	0
2411	929	0
2412	858	0
2413	906	0
2414	885	0
2415	915	0
2416	848	0
2417	943	0
2418	914	0
2419	908	0
2420	866	0
2421	1014	0
2422	929	0
2423	935	0
2424	910	0
2425	917	0
2426	903	0
2427	894	0
2428	868	0
2429	928	0
2430	919	0
2431	883	0
2432	890	0
2433	856	0
2434	945	0
2435	914	0
2436	919	0
2437	892	0
2438	917	0
2439	877	0
2440	977	0
2441	891	0
2442	957	0
2443	935	0
2444	941	0
2445	890	0
2446	861	0
2447	900	0
2448	920	0
2449	948	0
2450	948	0
2451	914	0
2452	938	0
2453	901	0
2454	911	0
2455	959	0
2456	959	0
2457	930	0
2458	921	0
2459	961	0
2460	893	0
2461	868	0
2462	922	0
2463	908	0
2464	955	0
2465	948	0
2466	957	0
2467	940	0
2468	894	0
2469	908	0
2470	929	0
2471	856	0
2472	928	0
2473	936	0
2474	940	0
2475	929	0
2476	893	0
2477	911	0
2478	928	0
2479	992	0
2480	915	0
2481	953	0
2482	915	0
2483	907	0
2484	846	0
2485	880	0
2486	928	0
2487	923	0
2488	905	0
2489	945	0
2490	939	0
2491	920	0
2492	883	0
2493	849	0
2494	908	0
2495	930	0
2496	904	0
2497	914	0
2498	928	0
2499	953	0
2500	988	0
2501	885	0
2502	911	0
2503	918	0
2504	915	0
2505	867	0
2506	956	0
2507	945	0
2508	961	0
2509	917	0
2510	956	0
2511	890	0
2512	979	0
2513	866	0
2514	880	0
2515	938	0
2516	860	0
2517	937	0
2518	854	0
2519	851	0
2520	919	0
2521	870	0
2522	927	0
2523	922	0
2524	928	0
2525	910	0
2526	886	0
2527	885	0
2528	961	0
2529	920	0
2530	894	0
2531	930	0
2532	927	0
2533	852	0
2534	919	0
2535	870	0
2536	796	0
2537	885	0
2538	927	0
2539	916	0
2540	948	0
2541	948	0
2542	884	0
2543	880	0
2544	908	0
2545	940	0
2546	926	0
2547	922	0
2548	888	0
2549	907	0
2550	875	0
2551	947	0
2552	931	0
2553	919	0
2554	909	0
2555	875	0
2556	914	0
2557	909	0
2558	947	0
2559	958	0
2560	880	0
2561	926	0
2562	915	0
2563	952	0
2564	909	0
2565	893	0
2566	912	0
2567	921	0
2568	965	0
2569	913	0
2570	948	0
2571	928	0
2572	881	0
2573	954	0
2574	939	0
2575	886	0
2576	894	0
2577	878	0
2578	891	0
2579	882	0
2580	785	0
2581	909	0
2582	935	0
2583	933	0
2584	909	0
2585	973	0
2586	866	0
2587	885	0
2588	897	0
2589	915	0
2590	894	0
2591	900	0
2592	879	0
2593	982	0
2594	935	0
2595	917	0
2596	876	0
2597	854	0
2598	933	0
2599	877	0
2600	882	0
2601	889	0
2602	903	0
2603	922	0
2604	922	0
2605	891	0
2606	925	0
2607	922	0
2608	923	0
2609	916	0
2610	926	0
2611	880	0
2612	935	0
2613	939	0
2614	889	0
2615	914	0
2616	879	0
2617	870	0
2618	903	0
2619	926	0
2620	933	0
2621	871	0
2622	938	0
2623	889	0
2624	850	0
2625	967	0
2626	932	0
2627	867	0
2628	832	0
2629	896	0
2630	838	0
2631	903	0
2632	932	0
2633	870	0
2634	930	0
2635	899	0
2636	838	0
2637	915	0
2638	976	0
2639	883	0
2640	896	0
2641	863	0
2642	976	0
2643	933	0
2644	952	0
2645	920	0
2646	888	0
2647	938	0
2648	893	0
2649	913	0
2650	943	0
2651	925	0
2652	903	0
2653	969	0
2654	987	0
2655	918	0
2656	893	0
2657	974	0
2658	938	0
2659	882	0
2660	930	0
2661	910	0
2662	886	0
2663	898	0
2664	889	0
2665	925	0
2666	901	0
2667	952	0
2668	926	0
2669	893	0
2670	876	0
2671	975	0
2672	897	0
2673	897	0
2674	898	0
2675	951	0
2676	926	0
2677	863	0
2678	897	0
2679	938	0
2680	809	0
2681	926	0
2682	906	0
2683	916	0
2684	890	0
2685	948	0
2686	970	0
2687	897	0
2688	880	0
2689	903	0
2690	905	0
2691	881	0
2692	942	0
2693	953	0
2694	908	0
2695	960	0
2696	886	0
2697	958	0
2698	874	0
2699	920	0
2700	950	0
2701	976	0
2702	907	0
2703	912	0
2704	895	0
2705	912	0
2706	947	0
2707	914	0
2708	898	0
2709	972	0
2710	921	0
2711	856	0
2712	899	0
2713	876	0
2714	906	0
2715	836	0
2716	939	0
2717	975	0
2718	894	0
2719	875	0
2720	936	0
2721	869	0
2722	884	0
2723	952	0
2724	903	0
2725	964	0
2726	922	0
2727	955	0
2728	978	0
2729	926	0
2730	883	0
2731	894	0
2732	890	0
2733	937	0
2734	930	0
2735	962	0
2736	870	0
2737	956	0
2738	908	0
2739	913	0
2740	925	0
2741	850	0
2742	897	0
2743	852	0
2744	904	0
2745	902	0
2746	864	0
2747	900	0
2748	913	0
2749	938	0
2750	972	0
2751	906	0
2752	943	0
2753	896	0
2754	892	0
2755	901	0
2756	1003	0
2757	911	0
2758	868	0
2759	920	0
2760	886	0
2761	912	0
2762	842	0
2763	872	0
2764	950	0
2765	863	0
2766	985	0
2767	897	0
2768	885	0
2769	922	0
2770	943	0
2771	929	0
2772	941	0
2773	904	0
2774	928	0
2775	952	0
2776	916	0
2777	928	0
2778	879	0
2779	926	0
2780	1002	0
2781	890	0
2782	901	0
2783	894	0
2784	898	0
2785	915	0
2786	899	0
2787	935	0
2788	942	0
2789	973	0
2790	926	0
2791	897	0
2792	950	0
2793	900	0
2794	879	0
2795	916	0
2796	876	0
2797	917	0
2798	888	0
2799	936	0
2800	974	0
2801	924	0
2802	914	0
2803	879	0
2804	942	0
2805	912	0
2806	912	0
2807	972	0
2808	915	0
2809	885	0
2810	896	0
2811	840	0
2812	960	0
2813	944	0
2814	992	0
2815	957	0
2816	864	0
2817	898	0
2818	958	0
2819	876	0
2820	946	0
2821	965	0
2822	967	0
2823	880	0
2824	887	0
2825	897	0
2826	913	0
2827	932	0
2828	880	0
2829	863	0
2830	890	0
2831	932	0
2832	895	0
2833	838	0
2834	915	0
2835	948	0
2836	972	0
2837	833	0
2838	977	0
2839	889	0
2840	972	0
2841	942	0
2842	919	0
2843	924	0
2844	869	0
2845	890	0
2846	962	0
2847	884	0
2848	860	0
2849	930	0
2850	961	0
2851	877	0
2852	858	0
2853	869	0
2854	912	0
2855	893	0
2856	944	0
2857	993	0
2858	882	0
2859	928	0
2860	912	0
2861	921	0
2862	887	0
2863	897	0
2864	938	0
2865	951	0
2866	896	0
2867	916	0
2868	874	0
2869	883	0
2870	906	0
2871	901	0
2872	899	0
2873	926	0
2874	868	0
2875	888	0
2876	873	0
2877	866	0
2878	953	0
2879	904	0
2880	884	0
2881	999	0
2882	953	0
2883	895	0
2884	889	0
2885	928	0
2886	909	0
2887	948	0
2888	925	0
2889	926	0
2890	944	0
2891	960	0
2892	845	0
2893	926	0
2894	959	0
2895	861	0
2896	870	0
2897	986	0
2898	912	0
2899	919	0
2900	933	0
2901	862	0
2902	845	0
2903	917	0
2904	904	0
2905	910	0
2906	835	0
2907	882	0
2908	858	0
2909	931	0
2910	915	0
2911	989	0
2912	864	0
2913	881	0
2914	917	0
2915	882	0
2916	959	0
2917	926	0
2918	840	0
2919	915	0
2920	871	0
2921	874	0
2922	921	0
2923	981	0
2924	888	0
2925	894	0
2926	950	0
2927	920	0
2928	869	0
2929	875	0
2930	910	0
2931	903	0
2932	870	0
2933	869	0
2934	880	0
2935	923	0
2936	879	0
2937	854	0
2938	932	0
2939	925	0
2940	963	0
2941	895	0
2942	848	0
2943	919	0
2944	925	0
2945	905	0
2946	926	0
2947	929	0
2948	862	0
2949	939	0
2950	877	0
2951	982	0
2952	807	0
2953	993	0
2954	894	0
2955	917	0
2956	855	0
2957	908	0
2958	958	0
2959	881	0
2960	879	0
2961	953	0
2962	904	0
2963	901	0
2964	948	0
2965	885	0
2966	875	0
2967	834	0
2968	928	0
2969	935	0
2970	889	0
2971	937	0
2972	922	0
2973	969	0
2974	900	0
2975	933	0
2976	950	0
2977	985	0
2978	855	0
2979	894	0
2980	907	0
2981	876	0
2982	964	0
2983	916	0
2984	967	0
2985	828	0
2986	898	0
2987	913	0
2988	886	0
2989	917	0
2990	877	0
2991	879	0
2992	903	0
2993	960	0
2994	933	0
2995	858	0
2996	906	0
2997	979	0
2998	919	0
2999	872	0
3000	884	0
