1	885	0
2	950	0
3	918	0
4	847	0
5	978	0
6	924	0
7	922	0
8	905	0
9	861	0
10	932	0
11	933	0
12	908	0
13	927	0
14	939	0
15	978	0
16	928	0
17	943	0
18	944	0
19	970	0
20	869	0
21	961	0
22	942	0
23	950	0
24	940	0
25	901	0
26	921	0
27	852	0
28	973	0
29	984	0
30	946	0
31	924	0
32	932	0
33	952	0
34	903	0
35	910	0
36	956	0
37	962	0
38	917	0
39	903	0
40	922	0
41	884	0
42	957	0
43	945	0
44	989	0
45	883	0
46	918	0
47	913	0
48	897	0
49	938	0
50	936	0
51	920	0
52	982	0
53	948	0
54	928	0
55	891	0
56	990	0
57	923	0
58	942	0
59	977	0
60	936	0
61	957	0
62	976	0
63	938	0
64	913	0
65	917	0
66	942	0
67	968	0
68	887	0
69	946	0
70	964	0
71	888	0
72	889	0
73	892	0
74	855	0
75	940	0
76	982	0
77	948	0
78	957	0
79	887	0
80	902	0
81	981	0
82	957	0
83	863	0
84	964	0
85	931	0
86	919	0
87	922	0
88	930	0
89	980	0
90	982	0
91	916	0
92	921	0
93	858	0
94	929	0
95	965	0
96	925	0
97	951	0
98	953	0
99	940	0
100	934	0
101	900	0
102	951	0
103	850	0
104	879	0
105	958	0
106	929	0
107	971	0
108	936	0
109	906	0
110	881	0
111	934	0
112	968	0
113	921	0
114	901	0
115	916	0
116	953	0
117	936	0
118	982	0
119	948	0
120	969	0
121	948	0
122	950	0
123	965	0
124	951	0
125	935	0
126	909	0
127	876	0
128	945	0
129	938	0
130	931	0
131	929	0
132	898	0
133	911	0
134	886	0
135	853	0
136	927	0
137	915	0
138	882	0
139	914	0
140	930	0
141	914	0
142	967	0
143	964	0
144	917	0
145	917	0
146	957	0
147	946	0
148	951	0
149	920	0
150	932	0
151	932	0
152	921	0
153	923	0
154	898	0
155	971	0
156	955	0
157	842	0
158	912	0
159	939	0
160	971	0
161	970	0
162	931	0
163	964	0
164	936	0
165	964	0
166	957	0
167	967	0
168	907	0
169	974	0
170	974	0
171	923	0
172	1002	0
173	913	0
174	907	0
175	921	0
176	961	0
177	931	0
178	936	0
179	957	0
180	903	0
181	996	0
182	850	0
183	879	0
184	1011	0
185	898	0
186	902	0
187	923	0
188	968	0
189	888	0
190	1016	0
191	982	0
192	935	0
193	935	0
194	930	0
195	938	0
196	940	0
197	936	0
198	978	0
199	927	0
200	932	0
201	881	0
202	896	0
203	957	0
204	1012	0
205	873	0
206	955	0
207	882	0
208	964	0
209	963	0
210	830	0
211	938	0
212	959	0
213	900	0
214	930	0
215	925	0
216	981	0
217	925	0
218	929	0
219	888	0
220	931	0
221	905	0
222	928	0
223	876	0
224	983	0
225	923	0
226	941	0
227	929	0
228	942	0
229	979	0
230	882	0
231	908	0
232	913	0
233	894	0
234	898	0
235	937	0
236	1022	0
237	927	0
238	924	0
239	1016	0
240	877	0
241	976	0
242	948	0
243	882	0
244	913	0
245	924	0
246	949	0
247	898	0
248	938	0
249	976	0
250	987	0
251	925	0
252	911	0
253	888	0
254	981	0
255	941	0
256	910	0
257	940	0
258	903	0
259	859	0
260	914	0
261	919	0
262	948	0
263	979	0
264	961	0
265	935	0
266	920	0
267	928	0
268	982	0
269	905	0
270	933	0
271	954	0
272	880	0
273	971	0
274	907	0
275	903	0
276	905	0
277	962	0
278	1023	0
279	957	0
280	950	0
281	925	0
282	993	0
283	996	0
284	969	0
285	944	0
286	927	0
287	894	0
288	915	0
289	911	0
290	902	0
291	908	0
292	887	0
293	921	0
294	959	0
295	986	0
296	962	0
297	959	0
298	918	0
299	932	0
300	930	0
301	921	0
302	926	0
303	943	0
304	917	0
305	964	0
306	899	0
307	894	0
308	961	0
309	885	0
310	904	0
311	987	0
312	874	0
313	883	0
314	877	0
315	976	0
316	917	0
317	946	0
318	926	0
319	872	0
320	922	0
321	906	0
322	990	0
323	919	0
324	942	0
325	901	0
326	889	0
327	897	0
328	952	0
329	948	0
330	890	0
331	996	0
332	983	0
333	943	0
334	875	0
335	932	0
336	857	0
337	945	0
338	919	0
339	912	0
340	937	0
341	978	0
342	895	0
343	875	0
344	911	0
345	905	0
346	957	0
347	869	0
348	938	0
349	875	0
350	902	0
351	911	0
352	911	0
353	908	0
354	959	0
355	945	0
356	916	0
357	890	0
358	901	0
359	905	0
360	884	0
361	974	0
362	999	0
363	928	0
364	935	0
365	950	0
366	925	0
367	970	0
368	894	0
369	956	0
370	942	0
371	946	0
372	916	0
373	934	0
374	953	0
375	979	0
376	944	0
377	903	0
378	1006	0
379	962	0
380	888	0
381	884	0
382	865	0
383	908	0
384	919	0
385	920	0
386	932	0
387	934	0
388	955	0
389	952	0
390	937	0
391	974	0
392	882	0
393	927	0
394	949	0
395	948	0
396	916	0
397	993	0
398	863	0
399	992	0
400	939	0
401	955	0
402	893	0
403	925	0
404	916	0
405	927	0
406	954	0
407	923	0
408	961	0
409	934	0
410	1040	0
411	939	0
412	927	0
413	887	0
414	1010	0
415	951	0
416	934	0
417	941	0
418	974	0
419	882	0
420	992	0
421	888	0
422	955	0
423	980	0
424	906	0
425	929	0
426	926	0
427	981	0
428	952	0
429	952	0
430	863	0
431	924	0
432	1024	0
433	916	0
434	925	0
435	865	0
436	971	0
437	943	0
438	939	0
439	905	0
440	988	0
441	879	0
442	904	0
443	923	0
444	933	0
445	917	0
446	907	0
447	997	0
448	882	0
449	990	0
450	899	0
451	880	0
452	966	0
453	872	0
454	925	0
455	916	0
456	978	0
457	940	0
458	952	0
459	887	0
460	876	0
461	922	0
462	934	0
463	853	0
464	960	0
465	953	0
466	927	0
467	883	0
468	943	0
469	856	0
470	945	0
471	953	0
472	972	0
473	906	0
474	941	0
475	900	0
476	927	0
477	981	0
478	939	0
479	980	0
480	985	0
481	920	0
482	937	0
483	905	0
484	957	0
485	926	0
486	923	0
487	902	0
488	878	0
489	911	0
490	905	0
491	914	0
492	964	0
493	931	0
494	912	0
495	939	0
496	919	0
497	983	0
498	952	0
499	974	0
500	925	0
501	922	0
502	906	0
503	914	0
504	878	0
505	998	0
506	900	0
507	942	0
508	949	0
509	878	0
510	967	0
511	899	0
512	935	0
513	905	0
514	923	0
515	920	0
516	856	0
517	939	0
518	995	0
519	978	0
520	986	0
521	926	0
522	909	0
523	863	0
524	984	0
525	916	0
526	897	0
527	932	0
528	931	0
529	890	0
530	912	0
531	1022	0
532	921	0
533	910	0
534	965	0
535	982	0
536	865	0
537	926	0
538	870	0
539	945	0
540	877	0
541	1004	0
542	1009	0
543	898	0
544	924	0
545	933	0
546	909	0
547	990	0
548	922	0
549	892	0
550	901	0
551	943	0
552	975	0
553	910	0
554	950	0
555	933	0
556	897	0
557	893	0
558	915	0
559	857	0
560	892	0
561	933	0
562	979	0
563	899	0
564	884	0
565	888	0
566	900	0
567	921	0
568	959	0
569	933	0
570	974	0
571	850	0
572	1012	0
573	964	0
574	915	0
575	917	0
576	865	0
577	950	0
578	962	0
579	990	0
580	996	0
581	941	0
582	886	0
583	877	0
584	923	0
585	939	0
586	920	0
587	919	0
588	927	0
589	927	0
590	909	0
591	917	0
592	964	0
593	877	0
594	926	0
595	944	0
596	870	0
597	972	0
598	925	0
599	1017	0
600	955	0
601	926	0
602	921	0
603	946	0
604	864	0
605	954	0
606	867	0
607	934	0
608	915	0
609	939	0
610	938	0
611	924	0
612	907	0
613	856	0
614	872	0
615	960	0
616	941	0
617	874	0
618	935	0
619	923	0
620	911	0
621	962	0
622	875	0
623	856	0
624	946	0
625	914	0
626	890	0
627	945	0
628	903	0
629	938	0
630	935	0
631	940	0
632	929	0
633	1006	0
634	954	0
635	868	0
636	969	0
637	974	0
638	911	0
639	966	0
640	948	0
641	998	0
642	966	0
643	872	0
644	933	0
645	884	0
646	906	0
647	933	0
648	939	0
649	904	0
650	887	0
651	865	0
652	930	0
653	924	0
654	928	0
655	946	0
656	962	0
657	967	0
658	978	0
659	875	0
660	954	0
661	923	0
662	960	0
663	919	0
664	925	0
665	937	0
666	905	0
667	969	0
668	903	0
669	947	0
670	954	0
671	954	0
672	870	0
673	965	0
674	957	0
675	927	0
676	938	0
677	951	0
678	877	0
679	964	0
680	973	0
681	1030	0
682	946	0
683	946	0
684	918	0
685	882	0
686	845	0
687	885	0
688	915	0
689	926	0
690	904	0
691	966	0
692	973	0
693	913	0
694	1004	0
695	916	0
696	904	0
697	890	0
698	984	0
699	897	0
700	945	0
701	906	0
702	890	0
703	911	0
704	882	0
705	976	0
706	957	0
707	926	0
708	907	0
709	925	0
710	929	0
711	972	0
712	907	0
713	850	0
714	978	0
715	912	0
716	923	0
717	932	0
718	938	0
719	1039	0
720	953	0
721	937	0
722	894	0
723	954	0
724	938	0
725	968	0
726	910	0
727	967	0
728	833	0
729	916	0
730	927	0
731	923	0
732	925	0
733	903	0
734	941	0
735	975	0
736	880	0
737	979	0
738	994	0
739	933	0
740	922	0
741	946	0
742	947	0
743	877	0
744	910	0
745	962	0
746	963	0
747	966	0
748	993	0
749	953	0
750	973	0
751	931	0
752	964	0
753	921	0
754	871	0
755	893	0
756	927	0
757	949	0
758	931	0
759	948	0
760	940	0
761	950	0
762	966	0
763	910	0
764	926	0
765	898	0
766	939	0
767	855	0
768	909	0
769	914	0
770	903	0
771	886	0
772	976	0
773	943	0
774	940	0
775	950	0
776	958	0
777	937	0
778	969	0
779	993	0
780	891	0
781	976	0
782	904	0
783	980	0
784	938	0
785	859	0
786	916	0
787	943	0
788	969	0
789	941	0
790	917	0
791	971	0
792	887	0
793	931	0
794	916	0
795	949	0
796	856	0
797	934	0
798	942	0
799	910	0
800	962	0
801	972	0
802	872	0
803	919	0
804	950	0
805	949	0
806	936	0
807	882	0
808	993	0
809	1034	0
810	893	0
811	958	0
812	929	0
813	905	0
814	923	0
815	905	0
816	936	0
817	913	0
818	913	0
819	968	0
820	938	0
821	952	0
822	896	0
823	888	0
824	955	0
825	945	0
826	958	0
827	937	0
828	929	0
829	972	0
830	948	0
831	874	0
832	980	0
833	979	0
834	903	0
835	896	0
836	987	0
837	895	0
838	947	0
839	937	0
840	963	0
841	868	0
842	874	0
843	902	0
844	895	0
845	979	0
846	889	0
847	939	0
848	925	0
849	938	0
850	910	0
851	941	0
852	932	0
853	945	0
854	926	0
855	975	0
856	880	0
857	929	0
858	988	0
859	930	0
860	925	0
861	964	0
862	967	0
863	861	0
864	902	0
865	935	0
866	956	0
867	946	0
868	1013	0
869	886	0
870	878	0
871	844	0
872	967	0
873	862	0
874	974	0
875	959	0
876	933	0
877	950	0
878	922	0
879	915	0
880	880	0
881	955	0
882	841	0
883	962	0
884	944	0
885	938	0
886	876	0
887	901	0
888	892	0
889	909	0
890	964	0
891	896	0
892	892	0
893	953	0
894	929	0
895	976	0
896	933	0
897	968	0
898	908	0
899	952	0
900	921	0
901	901	0
902	945	0
903	921	0
904	964	0
905	929	0
906	861	0
907	973	0
908	934	0
909	912	0
910	915	0
911	982	0
912	917	0
913	928	0
914	952	0
915	879	0
916	896	0
917	895	0
918	940	0
919	919	0
920	912	0
921	923	0
922	872	0
923	924	0
924	936	0
925	926	0
926	871	0
927	922	0
928	916	0
929	942	0
930	964	0
931	996	0
932	1008	0
933	967	0
934	975	0
935	923	0
936	937	0
937	959	0
938	909	0
939	864	0
940	930	0
941	923	0
942	899	0
943	983	0
944	892	0
945	980	0
946	899	0
947	901	0
948	941	0
949	953	0
950	895	0
951	956	0
952	1000	0
953	925	0
954	864	0
955	974	0
956	959	0
957	968	0
958	907	0
959	961	0
960	979	0
961	845	0
962	917	0
963	951	0
964	853	0
965	965	0
966	887	0
967	981	0
968	983	0
969	937	0
970	977	0
971	957	0
972	1008	0
973	883	0
974	982	0
975	876	0
976	974	0
977	983	0
978	934	0
979	927	0
980	952	0
981	878	0
982	895	0
983	906	0
984	929	0
985	976	0
986	992	0
987	921	0
988	972	0
989	984	0
990	936	0
991	930	0
992	930	0
993	904	0
994	964	0
995	905	0
996	910	0
997	929	0
998	938	0
999	893	0
1000	1002	0
1001	888	0
1002	946	0
1003	926	0
1004	975	0
1005	844	0
1006	912	0
1007	928	0
1008	900	0
1009	927	0
1010	958	0
1011	923	0
1012	914	0
1013	939	0
1014	997	0
1015	1009	0
1016	993	0
1017	929	0
1018	924	0
1019	940	0
1020	995	0
1021	943	0
1022	907	0
1023	956	0
1024	879	0
1025	898	0
1026	909	0
1027	978	0
1028	932	0
1029	990	0
1030	1018	0
1031	939	0
1032	908	0
1033	937	0
1034	966	0
1035	917	0
1036	887	0
1037	866	0
1038	984	0
1039	888	0
1040	940	0
1041	932	0
1042	892	0
1043	954	0
1044	955	0
1045	892	0
1046	906	0
1047	958	0
1048	885	0
1049	940	0
1050	885	0
1051	995	0
1052	934	0
1053	937	0
1054	861	0
1055	876	0
1056	946	0
1057	984	0
1058	925	0
1059	921	0
1060	958	0
1061	921	0
1062	865	0
1063	973	0
1064	907	0
1065	911	0
1066	914	0
1067	937	0
1068	885	0
1069	917	0
1070	951	0
1071	986	0
1072	933	0
1073	938	0
1074	902	0
1075	896	0
1076	915	0
1077	916	0
1078	955	0
1079	957	0
1080	931	0
1081	948	0
1082	934	0
1083	961	0
1084	931	0
1085	944	0
1086	870	0
1087	950	0
1088	894	0
1089	978	0
1090	927	0
1091	895	0
1092	903	0
1093	942	0
1094	933	0
1095	931	0
1096	1023	0
1097	893	0
1098	892	0
1099	939	0
1100	964	0
1101	876	0
1102	951	0
1103	943	0
1104	990	0
1105	942	0
1106	903	0
1107	849	0
1108	960	0
1109	904	0
1110	935	0
1111	909	0
1112	946	0
1113	896	0
1114	882	0
1115	860	0
1116	932	0
1117	874	0
1118	971	0
1119	973	0
1120	882	0
1121	885	0
1122	875	0
1123	996	0
1124	955	0
1125	910	0
1126	914	0
1127	857	0
1128	1017	0
1129	954	0
1130	884	0
1131	901	0
1132	946	0
1133	944	0
1134	945	0
1135	947	0
1136	941	0
1137	944	0
1138	926	0
1139	957	0
1140	925	0
1141	924	0
1142	937	0
1143	936	0
1144	879	0
1145	894	0
1146	899	0
1147	882	0
1148	850	0
1149	919	0
1150	854	0
1151	968	0
1152	971	0
1153	851	0
1154	933	0
1155	965	0
1156	933	0
1157	935	0
1158	927	0
1159	926	0
1160	900	0
1161	923	0
1162	869	0
1163	930	0
1164	981	0
1165	931	0
1166	965	0
1167	929	0
1168	982	0
1169	891	0
1170	947	0
1171	907	0
1172	991	0
1173	941	0
1174	857	0
1175	790	0
1176	939	0
1177	933	0
1178	904	0
1179	889	0
1180	867	0
1181	898	0
1182	962	0
1183	927	0
1184	918	0
1185	945	0
1186	866	0
1187	900	0
1188	951	0
1189	916	0
1190	957	0
1191	922	0
1192	902	0
1193	948	0
1194	905	0
1195	880	0
1196	950	0
1197	897	0
1198	967	0
1199	980	0
1200	950	0
1201	988	0
1202	917	0
1203	961	0
1204	906	0
1205	925	0
1206	919	0
1207	860	0
1208	904	0
1209	928	0
1210	902	0
1211	941	0
1212	974	0
1213	939	0
1214	949	0
1215	920	0
1216	922	0
1217	931	0
1218	890	0
1219	870	0
1220	907	0
1221	875	0
1222	929	0
1223	903	0
1224	927	0
1225	924	0
1226	960	0
1227	914	0
1228	842	0
1229	925	0
1230	1023	0
1231	967	0
1232	895	0
1233	924	0
1234	921	0
1235	946	0
1236	974	0
1237	969	0
1238	855	0
1239	928	0
1240	934	0
1241	880	0
1242	939	0
1243	930	0
1244	886	0
1245	887	0
1246	952	0
1247	933	0
1248	914	0
1249	922	0
1250	920	0
1251	923	0
1252	946	0
1253	958	0
1254	886	0
1255	962	0
1256	887	0
1257	898	0
1258	865	0
1259	1019	0
1260	923	0
1261	926	0
1262	919	0
1263	862	0
1264	928	0
1265	948	0
1266	919	0
1267	909	0
1268	931	0
1269	945	0
1270	951	0
1271	861	0
1272	936	0
1273	875	0
1274	916	0
1275	930	0
1276	928	0
1277	968	0
1278	929	0
1279	826	0
1280	928	0
1281	913	0
1282	867	0
1283	960	0
1284	893	0
1285	907	0
1286	923	0
1287	897	0
1288	952	0
1289	905	0
1290	890	0
1291	892	0
1292	906	0
1293	875	0
1294	930	0
1295	1034	0
1296	963	0
1297	909	0
1298	968	0
1299	948	0
1300	929	0
1301	863	0
1302	963	0
1303	902	0
1304	894	0
1305	933	0
1306	919	0
1307	1018	0
1308	951	0
1309	881	0
1310	946	0
1311	860	0
1312	898	0
1313	935	0
1314	937	0
1315	956	0
1316	953	0
1317	943	0
1318	886	0
1319	906	0
1320	874	0
1321	853	0
1322	894	0
1323	944	0
1324	939	0
1325	947	0
1326	937	0
1327	939	0
1328	906	0
1329	888	0
1330	916	0
1331	911	0
1332	900	0
1333	920	0
1334	922	0
1335	853	0
1336	975	0
1337	933	0
1338	933	0
1339	962	0
1340	1012	0
1341	899	0
1342	868	0
1343	935	0
1344	908	0
1345	876	0
1346	924	0
1347	999	0
1348	903	0
1349	898	0
1350	966	0
1351	961	0
1352	961	0
1353	892	0
1354	910	0
1355	949	0
1356	869	0
1357	931	0
1358	885	0
1359	855	0
1360	922	0
1361	973	0
1362	900	0
1363	965	0
1364	989	0
1365	939	0
1366	935	0
1367	889	0
1368	973	0
1369	902	0
1370	887	0
1371	1007	0
1372	870	0
1373	929	0
1374	903	0
1375	878	0
1376	907	0
1377	900	0
1378	933	0
1379	872	0
1380	881	0
1381	888	0
1382	978	0
1383	924	0
1384	921	0
1385	975	0
1386	869	0
1387	935	0
1388	1003	0
1389	940	0
1390	924	0
1391	912	0
1392	868	0
1393	971	0
1394	896	0
1395	959	0
1396	996	0
1397	942	0
1398	932	0
1399	925	0
1400	909	0
1401	934	0
1402	901	0
1403	904	0
1404	923	0
1405	902	0
1406	936	0
1407	954	0
1408	983	0
1409	958	0
1410	967	0
1411	850	0
1412	929	0
1413	932	0
1414	957	0
1415	931	0
1416	966	0
1417	944	0
1418	938	0
1419	1008	0
1420	859	0
1421	898	0
1422	971	0
1423	949	0
1424	929	0
1425	926	0
1426	881	0
1427	865	0
1428	932	0
1429	859	0
1430	924	0
1431	863	0
1432	919	0
1433	847	0
1434	912	0
1435	934	0
1436	984	0
1437	911	0
1438	953	0
1439	947	0
1440	912	0
1441	933	0
1442	915	0
1443	903	0
1444	844	0
1445	931	0
1446	926	0
1447	912	0
1448	914	0
1449	902	0
1450	890	0
1451	888	0
1452	924	0
1453	928	0
1454	919	0
1455	924	0
1456	928	0
1457	870	0
1458	1056	0
1459	870	0
1460	932	0
1461	929	0
1462	934	0
1463	886	0
1464	891	0
1465	913	0
1466	960	0
1467	981	0
1468	982	0
1469	939	0
1470	916	0
1471	862	0
1472	935	0
1473	921	0
1474	953	0
1475	943	0
1476	933	0
1477	949	0
1478	899	0
1479	920	0
1480	928	0
1481	974	0
1482	894	0
1483	870	0
1484	954	0
1485	881	0
1486	945	0
1487	965	0
1488	912	0
1489	911	0
1490	894	0
1491	949	0
1492	991	0
1493	942	0
1494	927	0
1495	840	0
1496	872	0
1497	933	0
1498	875	0
1499	967	0
1500	916	0
1501	874	0
1502	1042	0
1503	915	0
1504	887	0
1505	915	0
1506	960	0
1507	947	0
1508	914	0
1509	923	0
1510	1018	0
1511	908	0
1512	924	0
1513	902	0
1514	952	0
1515	922	0
1516	945	0
1517	927	0
1518	957	0
1519	936	0
1520	915	0
1521	868	0
1522	907	0
1523	909	0
1524	946	0
1525	918	0
1526	964	0
1527	976	0
1528	926	0
1529	931	0
1530	832	0
1531	920	0
1532	877	0
1533	907	0
1534	884	0
1535	929	0
1536	917	0
1537	986	0
1538	933	0
1539	913	0
1540	941	0
1541	972	0
1542	932	0
1543	923	0
1544	895	0
1545	912	0
1546	990	0
1547	862	0
1548	941	0
1549	919	0
1550	933	0
1551	954	0
1552	935	0
1553	966	0
1554	946	0
1555	875	0
1556	934	0
1557	942	0
1558	900	0
1559	933	0
1560	922	0
1561	919	0
1562	832	0
1563	931	0
1564	922	0
1565	909	0
1566	912	0
1567	972	0
1568	873	0
1569	908	0
1570	938	0
1571	996	0
1572	965	0
1573	948	0
1574	938	0
1575	887	0
1576	920	0
1577	926	0
1578	923	0
1579	920	0
1580	979	0
1581	942	0
1582	911	0
1583	901	0
1584	892	0
1585	854	0
1586	868	0
1587	907	0
1588	906	0
1589	950	0
1590	995	0
1591	929	0
1592	937	0
1593	941	0
1594	947	0
1595	928	0
1596	914	0
1597	922	0
1598	942	0
1599	981	0
1600	912	0
1601	940	0
1602	1002	0
1603	973	0
1604	902	0
1605	967	0
1606	903	0
1607	942	0
1608	904	0
1609	893	0
1610	855	0
1611	919	0
1612	949	0
1613	870	0
1614	933	0
1615	932	0
1616	865	0
1617	951	0
1618	962	0
1619	961	0
1620	968	0
1621	902	0
1622	974	0
1623	940	0
1624	931	0
1625	941	0
1626	952	0
1627	946	0
1628	937	0
1629	876	0
1630	967	0
1631	945	0
1632	889	0
1633	936	0
1634	905	0
1635	871	0
1636	920	0
1637	939	0
1638	911	0
1639	925	0
1640	902	0
1641	901	0
1642	869	0
1643	910	0
1644	896	0
1645	894	0
1646	903	0
1647	905	0
1648	919	0
1649	951	0
1650	922	0
1651	841	0
1652	949	0
1653	941	0
1654	950	0
1655	939	0
1656	965	0
1657	1001	0
1658	918	0
1659	856	0
1660	932	0
1661	917	0
1662	958	0
1663	890	0
1664	854	0
1665	917	0
1666	950	0
1667	933	0
1668	884	0
1669	966	0
1670	913	0
1671	923	0
1672	893	0
1673	981	0
1674	909	0
1675	945	0
1676	981	0
1677	951	0
1678	843	0
1679	886	0
1680	902	0
1681	967	0
1682	918	0
1683	905	0
1684	927	0
1685	893	0
1686	948	0
1687	899	0
1688	886	0
1689	900	0
1690	941	0
1691	952	0
1692	891	0
1693	930	0
1694	922	0
1695	919	0
1696	907	0
1697	950	0
1698	939	0
1699	937	0
1700	888	0
1701	913	0
1702	949	0
1703	893	0
1704	989	0
1705	881	0
1706	908	0
1707	909	0
1708	942	0
1709	911	0
1710	906	0
1711	956	0
1712	917	0
1713	942	0
1714	922	0
1715	950	0
1716	875	0
1717	939	0
1718	903	0
1719	921	0
1720	921	0
1721	949	0
1722	909	0
1723	929	0
1724	932	0
1725	912	0
1726	908	0
1727	872	0
1728	941	0
1729	1054	0
1730	915	0
1731	1018	0
1732	933	0
1733	917	0
1734	933	0
1735	930	0
1736	894	0
1737	887	0
1738	986	0
1739	906	0
1740	898	0
1741	954	0
1742	918	0
1743	848	0
1744	962	0
1745	992	0
1746	927	0
1747	920	0
1748	990	0
1749	937	0
1750	918	0
1751	888	0
1752	873	0
1753	923	0
1754	928	0
1755	983	0
1756	1024	0
1757	899	0
1758	900	0
1759	936	0
1760	981	0
1761	1007	0
1762	920	0
1763	955	0
1764	885	0
1765	888	0
1766	893	0
1767	934	0
1768	880	0
1769	938	0
1770	887	0
1771	901	0
1772	943	0
1773	932	0
1774	883	0
1775	917	0
1776	900	0
1777	1032	0
1778	1000	0
1779	895	0
1780	973	0
1781	931	0
1782	934	0
1783	961	0
1784	941	0
1785	919	0
1786	971	0
1787	957	0
1788	958	0
1789	876	0
1790	920	0
1791	890	0
1792	1009	0
1793	903	0
1794	928	0
1795	985	0
1796	969	0
1797	981	0
1798	929	0
1799	969	0
1800	961	0
1801	913	0
1802	936	0
1803	910	0
1804	925	0
1805	908	0
1806	950	0
1807	939	0
1808	944	0
1809	964	0
1810	968	0
1811	888	0
1812	968	0
1813	919	0
1814	923	0
1815	889	0
1816	947	0
1817	925	0
1818	1000	0
1819	873	0
1820	951	0
1821	965	0
1822	884	0
1823	866	0
1824	971	0
1825	902	0
1826	897	0
1827	884	0
1828	891	0
1829	849	0
1830	967	0
1831	984	0
1832	912	0
1833	950	0
1834	916	0
1835	987	0
1836	921	0
1837	899	0
1838	918	0
1839	929	0
1840	950	0
1841	937	0
1842	933	0
1843	959	0
1844	926	0
1845	921	0
1846	914	0
1847	919	0
1848	976	0
1849	907	0
1850	926	0
1851	903	0
1852	893	0
1853	935	0
1854	907	0
1855	949	0
1856	892	0
1857	859	0
1858	912	0
1859	983	0
1860	954	0
1861	959	0
1862	901	0
1863	933	0
1864	869	0
1865	901	0
1866	913	0
1867	938	0
1868	917	0
1869	942	0
1870	950	0
1871	892	0
1872	906	0
1873	925	0
1874	924	0
1875	890	0
1876	947	0
1877	955	0
1878	936	0
1879	927	0
1880	975	0
1881	913	0
1882	917	0
1883	985	0
1884	896	0
1885	882	0
1886	975	0
1887	908	0
1888	919	0
1889	955	0
1890	898	0
1891	944	0
1892	890	0
1893	920	0
1894	878	0
1895	931	0
1896	917	0
1897	865	0
1898	955	0
1899	906	0
1900	961	0
1901	913	0
1902	884	0
1903	961	0
1904	890	0
1905	934	0
1906	912	0
1907	872	0
1908	869	0
1909	886	0
1910	937	0
1911	918	0
1912	970	0
1913	948	0
1914	995	0
1915	934	0
1916	958	0
1917	976	0
1918	977	0
1919	915	0
1920	898	0
1921	980	0
1922	969	0
1923	927	0
1924	826	0
1925	938	0
1926	895	0
1927	963	0
1928	956	0
1929	955	0
1930	937	0
1931	930	0
1932	967	0
1933	910	0
1934	940	0
1935	850	0
1936	981	0
1937	904	0
1938	875	0
1939	869	0
1940	931	0
1941	892	0
1942	919	0
1943	923	0
1944	953	0
1945	926	0
1946	944	0
1947	896	0
1948	1023	0
1949	916	0
1950	966	0
1951	909	0
1952	883	0
1953	999	0
1954	958	0
1955	926	0
1956	893	0
1957	939	0
1958	948	0
1959	909	0
1960	899	0
1961	976	0
1962	909	0
1963	879	0
1964	923	0
1965	847	0
1966	937	0
1967	945	0
1968	929	0
1969	964	0
1970	920	0
1971	905	0
1972	1009	0
1973	909	0
1974	956	0
1975	959	0
1976	977	0
1977	939	0
1978	912	0
1979	895	0
1980	864	0
1981	935	0
1982	921	0
1983	910	0
1984	943	0
1985	938	0
1986	938	0
1987	940	0
1988	943	0
1989	961	0
1990	919	0
1991	969	0
1992	899	0
1993	882	0
1994	934	0
1995	921	0
1996	926	0
1997	900	0
1998	955	0
1999	905	0
2000	868	0
2001	942	0
2002	992	0
2003	946	0
2004	951	0
2005	997	0
2006	947	0
2007	901	0
2008	860	0
2009	947	0
2010	953	0
2011	1014	0
2012	978	0
2013	966	0
2014	990	0
2015	1003	0
2016	944	0
2017	1011	0
2018	919	0
2019	910	0
2020	938	0
2021	913	0
2022	931	0
2023	940	0
2024	924	0
2025	995	0
2026	935	0
2027	894	0
2028	950	0
2029	926	0
2030	958	0
2031	910	0
2032	863	0
2033	905	0
2034	912	0
2035	950	0
2036	938	0
2037	961	0
2038	907	0
2039	877	0
2040	1002	0
2041	925	0
2042	943	0
2043	930	0
2044	971	0
2045	918	0
2046	877	0
2047	896	0
2048	869	0
2049	937	0
2050	855	0
2051	920	0
2052	999	0
2053	937	0
2054	928	0
2055	878	0
2056	905	0
2057	861	0
2058	910	0
2059	863	0
2060	939	0
2061	976	0
2062	914	0
2063	889	0
2064	944	0
2065	928	0
2066	879	0
2067	919	0
2068	934	0
2069	910	0
2070	926	0
2071	1042	0
2072	998	0
2073	912	0
2074	1039	0
2075	940	0
2076	907	0
2077	895	0
2078	890	0
2079	938	0
2080	920	0
2081	891	0
2082	963	0
2083	874	0
2084	881	0
2085	903	0
2086	842	0
2087	901	0
2088	965	0
2089	945	0
2090	891	0
2091	892	0
2092	1006	0
2093	967	0
2094	945	0
2095	909	0
2096	899	0
2097	952	0
2098	928	0
2099	936	0
2100	930	0
2101	919	0
2102	869	0
2103	920	0
2104	932	0
2105	950	0
2106	917	0
2107	913	0
2108	898	0
2109	947	0
2110	934	0
2111	947	0
2112	948	0
2113	863	0
2114	897	0
2115	938	0
2116	953	0
2117	932	0
2118	923	0
2119	946	0
2120	888	0
2121	982	0
2122	913	0
2123	895	0
2124	977	0
2125	927	0
2126	929	0
2127	934	0
2128	948	0
2129	949	0
2130	902	0
2131	914	0
2132	957	0
2133	887	0
2134	991	0
2135	962	0
2136	964	0
2137	992	0
2138	905	0
2139	920	0
2140	927	0
2141	996	0
2142	919	0
2143	957	0
2144	924	0
2145	916	0
2146	944	0
2147	910	0
2148	897	0
2149	942	0
2150	904	0
2151	887	0
2152	868	0
2153	929	0
2154	921	0
2155	883	0
2156	1002	0
2157	946	0
2158	968	0
2159	923	0
2160	845	0
2161	864	0
2162	925	0
2163	853	0
2164	929	0
2165	912	0
2166	933	0
2167	910	0
2168	945	0
2169	938	0
2170	932	0
2171	881	0
2172	933	0
2173	952	0
2174	930	0
2175	965	0
2176	972	0
2177	897	0
2178	945	0
2179	961	0
2180	873	0
2181	1005	0
2182	879	0
2183	906	0
2184	945	0
2185	903	0
2186	932	0
2187	926	0
2188	957	0
2189	897	0
2190	949	0
2191	1003	0
2192	993	0
2193	931	0
2194	892	0
2195	859	0
2196	850	0
2197	942	0
2198	985	0
2199	933	0
2200	924	0
2201	944	0
2202	943	0
2203	973	0
2204	926	0
2205	952	0
2206	905	0
2207	903	0
2208	961	0
2209	912	0
2210	950	0
2211	814	0
2212	892	0
2213	918	0
2214	905	0
2215	913	0
2216	919	0
2217	932	0
2218	959	0
2219	970	0
2220	915	0
2221	920	0
2222	943	0
2223	875	0
2224	972	0
2225	955	0
2226	935	0
2227	905	0
2228	947	0
2229	950	0
2230	886	0
2231	959	0
2232	934	0
2233	981	0
2234	975	0
2235	904	0
2236	884	0
2237	944	0
2238	931	0
2239	905	0
2240	937	0
2241	942	0
2242	985	0
2243	941	0
2244	923	0
2245	887	0
2246	984	0
2247	940	0
2248	896	0
2249	926	0
2250	948	0
2251	929	0
2252	954	0
2253	927	0
2254	979	0
2255	915	0
2256	941	0
2257	960	0
2258	884	0
2259	900	0
2260	939	0
2261	997	0
2262	869	0
2263	944	0
2264	910	0
2265	926	0
2266	916	0
2267	919	0
2268	1007	0
2269	941	0
2270	976	0
2271	952	0
2272	910	0
2273	932	0
2274	944	0
2275	892	0
2276	940	0
2277	973	0
2278	905	0
2279	910	0
2280	955	0
2281	901	0
2282	909	0
2283	931	0
2284	838	0
2285	968	0
2286	945	0
2287	935	0
2288	979	0
2289	861	0
2290	985	0
2291	894	0
2292	919	0
2293	981	0
2294	924	0
2295	997	0
2296	899	0
2297	934	0
2298	921	0
2299	958	0
2300	978	0
2301	970	0
2302	974	0
2303	924	0
2304	950	0
2305	973	0
2306	922	0
2307	920	0
2308	872	0
2309	907	0
2310	920	0
2311	892	0
2312	895	0
2313	972	0
2314	945	0
2315	958	0
2316	943	0
2317	935	0
2318	942	0
2319	940	0
2320	864	0
2321	874	0
2322	942	0
2323	914	0
2324	908	0
2325	936	0
2326	959	0
2327	962	0
2328	928	0
2329	899	0
2330	949	0
2331	898	0
2332	974	0
2333	976	0
2334	949	0
2335	864	0
2336	921	0
2337	931	0
2338	890	0
2339	863	0
2340	907	0
2341	874	0
2342	938	0
2343	945	0
2344	932	0
2345	911	0
2346	854	0
2347	929	0
2348	921	0
2349	932	0
2350	930	0
2351	979	0
2352	914	0
2353	1004	0
2354	938	0
2355	917	0
2356	903	0
2357	914	0
2358	822	0
2359	835	0
2360	916	0
2361	933	0
2362	945	0
2363	994	0
2364	943	0
2365	846	0
2366	898	0
2367	881	0
2368	964	0
2369	1008	0
2370	937	0
2371	897	0
2372	900	0
2373	863	0
2374	916	0
2375	946	0
2376	961	0
2377	911	0
2378	839	0
2379	940	0
2380	958	0
2381	896	0
2382	949	0
2383	919	0
2384	895	0
2385	955	0
2386	916	0
2387	943	0
2388	1029	0
2389	906	0
2390	912	0
2391	1006	0
2392	926	0
2393	904	0
2394	957	0
2395	984	0
2396	945	0
2397	971	0
2398	939	0
2399	918	0
2400	863	0
2401	917	0
2402	954	0
2403	938	0
2404	878	0
2405	914	0
2406	982	0
2407	952	0
2408	943	0
2409	919	0
2410	871	0
2411	958	0
2412	911	0
2413	949	0
2414	980	0
2415	894	0
2416	891	0
2417	931	0
2418	976	0
2419	920	0
2420	949	0
2421	898	0
2422	925	0
2423	911	0
2424	945	0
2425	984	0
2426	896	0
2427	883	0
2428	878	0
2429	931	0
2430	907	0
2431	893	0
2432	866	0
2433	929	0
2434	915	0
2435	919	0
2436	919	0
2437	860	0
2438	986	0
2439	889	0
2440	870	0
2441	929	0
2442	885	0
2443	929	0
2444	883	0
2445	954	0
2446	982	0
2447	908	0
2448	939	0
2449	921	0
2450	943	0
2451	964	0
2452	903	0
2453	926	0
2454	934	0
2455	955	0
2456	941	0
2457	953	0
2458	971	0
2459	951	0
2460	913	0
2461	830	0
2462	963	0
2463	953	0
2464	927	0
2465	1003	0
2466	924	0
2467	887	0
2468	945	0
2469	927	0
2470	906	0
2471	926	0
2472	902	0
2473	949	0
2474	933	0
2475	945	0
2476	1028	0
2477	953	0
2478	880	0
2479	928	0
2480	896	0
2481	882	0
2482	993	0
2483	920	0
2484	905	0
2485	903	0
2486	945	0
2487	873	0
2488	905	0
2489	1026	0
2490	943	0
2491	937	0
2492	976	0
2493	913	0
2494	896	0
2495	936	0
2496	898	0
2497	958	0
2498	913	0
2499	956	0
2500	926	0
2501	918	0
2502	929	0
2503	915	0
2504	932	0
2505	899	0
2506	946	0
2507	934	0
2508	951	0
2509	917	0
2510	930	0
2511	902	0
2512	902	0
2513	905	0
2514	939	0
2515	1007	0
2516	950	0
2517	982	0
2518	932	0
2519	887	0
2520	906	0
2521	932	0
2522	947	0
2523	958	0
2524	845	0
2525	962	0
2526	908	0
2527	934	0
2528	879	0
2529	895	0
2530	919	0
2531	975	0
2532	934	0
2533	911	0
2534	916	0
2535	977	0
2536	872	0
2537	904	0
2538	904	0
2539	885	0
2540	908	0
2541	922	0
2542	976	0
2543	960	0
2544	967	0
2545	934	0
2546	885	0
2547	916	0
2548	965	0
2549	919	0
2550	931	0
2551	980	0
2552	968	0
2553	973	0
2554	870	0
2555	924	0
2556	949	0
2557	958	0
2558	891	0
2559	960	0
2560	968	0
2561	967	0
2562	925	0
2563	934	0
2564	964	0
2565	945	0
2566	901	0
2567	937	0
2568	941	0
2569	923	0
2570	969	0
2571	929	0
2572	939	0
2573	913	0
2574	872	0
2575	931	0
2576	921	0
2577	975	0
2578	964	0
2579	976	0
2580	871	0
2581	907	0
2582	930	0
2583	930	0
2584	880	0
2585	920	0
2586	946	0
2587	956	0
2588	913	0
2589	852	0
2590	968	0
2591	919	0
2592	906	0
2593	915	0
2594	889	0
2595	873	0
2596	889	0
2597	977	0
2598	898	0
2599	889	0
2600	870	0
2601	936	0
2602	940	0
2603	952	0
2604	971	0
2605	1005	0
2606	868	0
2607	951	0
2608	994	0
2609	933	0
2610	934	0
2611	936	0
2612	931	0
2613	1010	0
2614	924	0
2615	912	0
2616	890	0
2617	925	0
2618	969	0
2619	900	0
2620	901	0
2621	921	0
2622	900	0
2623	925	0
2624	862	0
2625	946	0
2626	944	0
2627	985	0
2628	970	0
2629	921	0
2630	921	0
2631	976	0
2632	948	0
2633	922	0
2634	912	0
2635	910	0
2636	903	0
2637	918	0
2638	896	0
2639	872	0
2640	914	0
2641	955	0
2642	819	0
2643	907	0
2644	979	0
2645	841	0
2646	876	0
2647	925	0
2648	995	0
2649	971	0
2650	879	0
2651	940	0
2652	886	0
2653	859	0
2654	943	0
2655	870	0
2656	926	0
2657	969	0
2658	936	0
2659	900	0
2660	943	0
2661	904	0
2662	958	0
2663	966	0
2664	890	0
2665	908	0
2666	900	0
2667	976	0
2668	945	0
2669	937	0
2670	990	0
2671	862	0
2672	931	0
2673	925	0
2674	901	0
2675	1015	0
2676	856	0
2677	990	0
2678	914	0
2679	867	0
2680	871	0
2681	933	0
2682	909	0
2683	972	0
2684	879	0
2685	890	0
2686	871	0
2687	825	0
2688	900	0
2689	880	0
2690	909	0
2691	913	0
2692	928	0
2693	970	0
2694	927	0
2695	906	0
2696	957	0
2697	939	0
2698	956	0
2699	919	0
2700	867	0
2701	962	0
2702	961	0
2703	889	0
2704	930	0
2705	873	0
2706	977	0
2707	911	0
2708	913	0
2709	958	0
2710	939	0
2711	930	0
2712	856	0
2713	904	0
2714	938	0
2715	973	0
2716	944	0
2717	888	0
2718	870	0
2719	928	0
2720	963	0
2721	920	0
2722	903	0
2723	886	0
2724	909	0
2725	915	0
2726	939	0
2727	992	0
2728	1011	0
2729	930	0
2730	929	0
2731	871	0
2732	904	0
2733	922	0
2734	900	0
2735	962	0
2736	931	0
2737	836	0
2738	919	0
2739	981	0
2740	902	0
2741	922	0
2742	879	0
2743	920	0
2744	894	0
2745	941	0
2746	966	0
2747	974	0
2748	932	0
2749	966	0
2750	987	0
2751	949	0
2752	904	0
2753	904	0
2754	952	0
2755	926	0
2756	911	0
2757	1011	0
2758	917	0
2759	943	0
2760	910	0
2761	930	0
2762	967	0
2763	871	0
2764	915	0
2765	978	0
2766	946	0
2767	907	0
2768	911	0
2769	934	0
2770	984	0
2771	992	0
2772	934	0
2773	863	0
2774	870	0
2775	962	0
2776	912	0
2777	861	0
2778	877	0
2779	917	0
2780	884	0
2781	966	0
2782	960	0
2783	904	0
2784	947	0
2785	998	0
2786	989	0
2787	1017	0
2788	941	0
2789	880	0
2790	924	0
2791	896	0
2792	953	0
2793	981	0
2794	980	0
2795	955	0
2796	928	0
2797	912	0
2798	868	0
2799	947	0
2800	967	0
2801	981	0
2802	918	0
2803	990	0
2804	902	0
2805	943	0
2806	946	0
2807	915	0
2808	888	0
2809	930	0
2810	960	0
2811	911	0
2812	960	0
2813	958	0
2814	941	0
2815	944	0
2816	955	0
2817	969	0
2818	917	0
2819	965	0
2820	966	0
2821	882	0
2822	903	0
2823	871	0
2824	918	0
2825	924	0
2826	910	0
2827	972	0
2828	898	0
2829	903	0
2830	941	0
2831	865	0
2832	932	0
2833	851	0
2834	870	0
2835	932	0
2836	931	0
2837	925	0
2838	893	0
2839	930	0
2840	987	0
2841	947	0
2842	959	0
2843	948	0
2844	902	0
2845	956	0
2846	989	0
2847	926	0
2848	971	0
2849	929	0
2850	862	0
2851	960	0
2852	953	0
2853	918	0
2854	934	0
2855	1010	0
2856	898	0
2857	911	0
2858	990	0
2859	881	0
2860	925	0
2861	934	0
2862	921	0
2863	860	0
2864	912	0
2865	834	0
2866	925	0
2867	861	0
2868	973	0
2869	898	0
2870	976	0
2871	901	0
2872	948	0
2873	934	0
2874	926	0
2875	940	0
2876	896	0
2877	933	0
2878	932	0
2879	880	0
2880	931	0
2881	956	0
2882	982	0
2883	915	0
2884	983	0
2885	1030	0
2886	944	0
2887	894	0
2888	881	0
2889	874	0
2890	907	0
2891	921	0
2892	921	0
2893	951	0
2894	943	0
2895	999	0
2896	896	0
2897	947	0
2898	902	0
2899	966	0
2900	1036	0
2901	1007	0
2902	951	0
2903	918	0
2904	971	0
2905	967	0
2906	960	0
2907	915	0
2908	959	0
2909	931	0
2910	887	0
2911	914	0
2912	923	0
2913	848	0
2914	873	0
2915	932	0
2916	918	0
2917	977	0
2918	950	0
2919	912	0
2920	904	0
2921	911	0
2922	939	0
2923	980	0
2924	908	0
2925	917	0
2926	922	0
2927	886	0
2928	956	0
2929	961	0
2930	928	0
2931	933	0
2932	908	0
2933	926	0
2934	898	0
2935	878	0
2936	873	0
2937	986	0
2938	930	0
2939	915	0
2940	862	0
2941	955	0
2942	890	0
2943	864	0
2944	928	0
2945	912	0
2946	949	0
2947	897	0
2948	949	0
2949	978	0
2950	970	0
2951	967	0
2952	896	0
2953	977	0
2954	968	0
2955	1016	0
2956	940	0
2957	968	0
2958	966	0
2959	902	0
2960	942	0
2961	942	0
2962	917	0
2963	847	0
2964	903	0
2965	831	0
2966	926	0
2967	910	0
2968	956	0
2969	888	0
2970	966	0
2971	954	0
2972	952	0
2973	925	0
2974	1032	0
2975	989	0
2976	917	0
2977	917	0
2978	925	0
2979	1037	0
2980	862	0
2981	912	0
2982	905	0
2983	891	0
2984	998	0
2985	931	0
2986	854	0
2987	1000	0
2988	925	0
2989	886	0
2990	1012	0
2991	965	0
2992	915	0
2993	993	0
2994	974	0
2995	974	0
2996	949	0
2997	945	0
2998	994	0
2999	940	0
3000	904	0
