1	923	0
2	920	0
3	984	0
4	956	0
5	1001	0
6	995	0
7	871	0
8	953	0
9	926	0
10	923	0
11	986	0
12	926	0
13	880	0
14	898	0
15	973	0
16	872	0
17	919	0
18	926	0
19	874	0
20	860	0
21	947	0
22	918	0
23	900	0
24	895	0
25	863	0
26	993	0
27	1045	0
28	950	0
29	971	0
30	965	0
31	969	0
32	868	0
33	881	0
34	963	0
35	935	0
36	835	0
37	878	0
38	956	0
39	943	0
40	928	0
41	920	0
42	907	0
43	976	0
44	887	0
45	995	0
46	983	0
47	939	0
48	891	0
49	1045	0
50	989	0
51	948	0
52	904	0
53	881	0
54	900	0
55	902	0
56	951	0
57	958	0
58	894	0
59	920	0
60	979	0
61	928	0
62	891	0
63	882	0
64	915	0
65	942	0
66	972	0
67	919	0
68	898	0
69	954	0
70	968	0
71	920	0
72	895	0
73	949	0
74	958	0
75	940	0
76	914	0
77	921	0
78	878	0
79	919	0
80	894	0
81	875	0
82	899	0
83	881	0
84	885	0
85	890	0
86	915	0
87	938	0
88	914	0
89	891	0
90	965	0
91	851	0
92	915	0
93	987	0
94	959	0
95	924	0
96	933	0
97	966	0
98	907	0
99	921	0
100	970	0
101	938	0
102	899	0
103	960	0
104	938	0
105	930	0
106	881	0
107	956	0
108	907	0
109	934	0
110	948	0
111	894	0
112	845	0
113	913	0
114	920	0
115	927	0
116	872	0
117	905	0
118	942	0
119	931	0
120	954	0
121	948	0
122	908	0
123	931	0
124	960	0
125	949	0
126	922	0
127	934	0
128	926	0
129	947	0
130	917	0
131	938	0
132	910	0
133	903	0
134	896	0
135	979	0
136	916	0
137	985	0
138	869	0
139	993	0
140	897	0
141	911	0
142	915	0
143	924	0
144	955	0
145	962	0
146	929	0
147	897	0
148	877	0
149	1012	0
150	1020	0
151	905	0
152	895	0
153	947	0
154	958	0
155	908	0
156	885	0
157	908	0
158	899	0
159	892	0
160	989	0
161	937	0
162	942	0
163	941	0
164	930	0
165	960	0
166	854	0
167	915	0
168	882	0
169	892	0
170	833	0
171	899	0
172	963	0
173	910	0
174	913	0
175	969	0
176	890	0
177	888	0
178	905	0
179	932	0
180	976	0
181	857	0
182	927	0
183	917	0
184	897	0
185	942	0
186	934	0
187	847	0
188	934	0
189	893	0
190	960	0
191	876	0
192	891	0
193	970	0
194	896	0
195	943	0
196	1012	0
197	966	0
198	967	0
199	940	0
200	926	0
201	965	0
202	974	0
203	914	0
204	886	0
205	881	0
206	901	0
207	965	0
208	927	0
209	911	0
210	922	0
211	968	0
212	892	0
213	922	0
214	953	0
215	907	0
216	935	0
217	922	0
218	876	0
219	939	0
220	880	0
221	969	0
222	923	0
223	870	0
224	968	0
225	916	0
226	947	0
227	909	0
228	909	0
229	920	0
230	945	0
231	964	0
232	940	0
233	969	0
234	974	0
235	932	0
236	934	0
237	944	0
238	894	0
239	936	0
240	921	0
241	910	0
242	894	0
243	943	0
244	933	0
245	935	0
246	940	0
247	921	0
248	914	0
249	903	0
250	898	0
251	886	0
252	859	0
253	902	0
254	944	0
255	960	0
256	928	0
257	1016	0
258	936	0
259	914	0
260	906	0
261	909	0
262	964	0
263	956	0
264	975	0
265	934	0
266	896	0
267	945	0
268	923	0
269	942	0
270	925	0
271	898	0
272	819	0
273	890	0
274	1031	0
275	934	0
276	969	0
277	1001	0
278	869	0
279	921	0
280	996	0
281	925	0
282	883	0
283	950	0
284	933	0
285	870	0
286	923	0
287	984	0
288	901	0
289	942	0
290	948	0
291	878	0
292	905	0
293	946	0
294	932	0
295	944	0
296	952	0
297	939	0
298	915	0
299	925	0
300	981	0
301	913	0
302	956	0
303	920	0
304	947	0
305	862	0
306	857	0
307	917	0
308	925	0
309	967	0
310	869	0
311	948	0
312	888	0
313	885	0
314	961	0
315	936	0
316	914	0
317	968	0
318	925	0
319	898	0
320	900	0
321	946	0
322	940	0
323	941	0
324	901	0
325	873	0
326	887	0
327	955	0
328	921	0
329	943	0
330	976	0
331	923	0
332	870	0
333	985	0
334	912	0
335	830	0
336	916	0
337	933	0
338	886	0
339	978	0
340	913	0
341	963	0
342	974	0
343	943	0
344	876	0
345	1009	0
346	901	0
347	975	0
348	911	0
349	907	0
350	932	0
351	941	0
352	830	0
353	888	0
354	1020	0
355	943	0
356	919	0
357	910	0
358	991	0
359	862	0
360	924	0
361	967	0
362	896	0
363	881	0
364	917	0
365	900	0
366	904	0
367	928	0
368	905	0
369	943	0
370	892	0
371	960	0
372	929	0
373	961	0
374	937	0
375	919	0
376	919	0
377	916	0
378	914	0
379	879	0
380	1050	0
381	981	0
382	896	0
383	935	0
384	954	0
385	824	0
386	878	0
387	898	0
388	967	0
389	928	0
390	909	0
391	935	0
392	942	0
393	940	0
394	945	0
395	935	0
396	937	0
397	949	0
398	941	0
399	916	0
400	879	0
401	963	0
402	988	0
403	948	0
404	933	0
405	995	0
406	951	0
407	929	0
408	866	0
409	923	0
410	845	0
411	924	0
412	901	0
413	872	0
414	900	0
415	929	0
416	874	0
417	959	0
418	931	0
419	886	0
420	923	0
421	905	0
422	822	0
423	883	0
424	890	0
425	951	0
426	894	0
427	950	0
428	912	0
429	967	0
430	859	0
431	949	0
432	883	0
433	974	0
434	899	0
435	897	0
436	898	0
437	976	0
438	965	0
439	933	0
440	924	0
441	976	0
442	917	0
443	917	0
444	945	0
445	961	0
446	910	0
447	979	0
448	898	0
449	910	0
450	925	0
451	903	0
452	905	0
453	891	0
454	956	0
455	898	0
456	960	0
457	885	0
458	923	0
459	909	0
460	920	0
461	967	0
462	927	0
463	862	0
464	978	0
465	904	0
466	952	0
467	988	0
468	905	0
469	953	0
470	927	0
471	969	0
472	968	0
473	917	0
474	896	0
475	1005	0
476	915	0
477	972	0
478	943	0
479	930	0
480	919	0
481	861	0
482	930	0
483	971	0
484	957	0
485	877	0
486	978	0
487	930	0
488	956	0
489	855	0
490	988	0
491	1009	0
492	973	0
493	938	0
494	920	0
495	993	0
496	896	0
497	915	0
498	918	0
499	970	0
500	964	0
501	916	0
502	897	0
503	891	0
504	977	0
505	952	0
506	967	0
507	906	0
508	900	0
509	884	0
510	954	0
511	908	0
512	991	0
513	870	0
514	940	0
515	942	0
516	884	0
517	963	0
518	910	0
519	913	0
520	922	0
521	914	0
522	976	0
523	934	0
524	963	0
525	880	0
526	903	0
527	936	0
528	922	0
529	893	0
530	964	0
531	922	0
532	926	0
533	946	0
534	875	0
535	883	0
536	966	0
537	874	0
538	868	0
539	957	0
540	898	0
541	908	0
542	900	0
543	859	0
544	1020	0
545	914	0
546	943	0
547	918	0
548	913	0
549	929	0
550	904	0
551	935	0
552	932	0
553	899	0
554	952	0
555	891	0
556	939	0
557	931	0
558	893	0
559	893	0
560	961	0
561	966	0
562	962	0
563	885	0
564	919	0
565	869	0
566	910	0
567	928	0
568	862	0
569	937	0
570	969	0
571	898	0
572	951	0
573	937	0
574	974	0
575	933	0
576	892	0
577	850	0
578	928	0
579	956	0
580	957	0
581	1003	0
582	920	0
583	912	0
584	932	0
585	928	0
586	858	0
587	931	0
588	944	0
589	970	0
590	908	0
591	928	0
592	898	0
593	855	0
594	880	0
595	993	0
596	939	0
597	1004	0
598	865	0
599	937	0
600	911	0
601	914	0
602	928	0
603	912	0
604	899	0
605	968	0
606	887	0
607	908	0
608	859	0
609	985	0
610	922	0
611	924	0
612	972	0
613	901	0
614	978	0
615	925	0
616	933	0
617	944	0
618	948	0
619	990	0
620	949	0
621	868	0
622	891	0
623	1010	0
624	914	0
625	877	0
626	951	0
627	941	0
628	959	0
629	942	0
630	889	0
631	857	0
632	938	0
633	935	0
634	908	0
635	898	0
636	939	0
637	991	0
638	961	0
639	885	0
640	898	0
641	908	0
642	887	0
643	878	0
644	923	0
645	956	0
646	872	0
647	895	0
648	912	0
649	931	0
650	967	0
651	972	0
652	935	0
653	921	0
654	873	0
655	927	0
656	919	0
657	972	0
658	870	0
659	897	0
660	844	0
661	940	0
662	951	0
663	954	0
664	949	0
665	895	0
666	952	0
667	951	0
668	939	0
669	919	0
670	950	0
671	922	0
672	885	0
673	907	0
674	897	0
675	978	0
676	938	0
677	882	0
678	939	0
679	921	0
680	855	0
681	943	0
682	945	0
683	915	0
684	908	0
685	882	0
686	922	0
687	944	0
688	903	0
689	1001	0
690	1002	0
691	988	0
692	990	0
693	874	0
694	848	0
695	955	0
696	921	0
697	941	0
698	916	0
699	885	0
700	993	0
701	959	0
702	917	0
703	917	0
704	971	0
705	949	0
706	918	0
707	879	0
708	910	0
709	994	0
710	909	0
711	965	0
712	938	0
713	913	0
714	882	0
715	1027	0
716	900	0
717	892	0
718	895	0
719	939	0
720	962	0
721	933	0
722	980	0
723	918	0
724	891	0
725	948	0
726	972	0
727	948	0
728	961	0
729	951	0
730	919	0
731	945	0
732	948	0
733	956	0
734	874	0
735	939	0
736	928	0
737	885	0
738	928	0
739	929	0
740	997	0
741	825	0
742	927	0
743	956	0
744	859	0
745	888	0
746	946	0
747	870	0
748	915	0
749	966	0
750	1009	0
751	963	0
752	975	0
753	961	0
754	996	0
755	952	0
756	921	0
757	909	0
758	903	0
759	906	0
760	898	0
761	899	0
762	908	0
763	964	0
764	939	0
765	978	0
766	913	0
767	842	0
768	990	0
769	896	0
770	912	0
771	903	0
772	876	0
773	921	0
774	933	0
775	952	0
776	955	0
777	973	0
778	926	0
779	929	0
780	918	0
781	1001	0
782	933	0
783	882	0
784	882	0
785	932	0
786	812	0
787	913	0
788	889	0
789	939	0
790	916	0
791	910	0
792	993	0
793	891	0
794	966	0
795	934	0
796	903	0
797	931	0
798	958	0
799	953	0
800	886	0
801	886	0
802	888	0
803	908	0
804	958	0
805	948	0
806	923	0
807	983	0
808	911	0
809	957	0
810	958	0
811	904	0
812	994	0
813	942	0
814	1037	0
815	910	0
816	956	0
817	947	0
818	915	0
819	977	0
820	965	0
821	978	0
822	828	0
823	912	0
824	905	0
825	956	0
826	894	0
827	925	0
828	855	0
829	939	0
830	931	0
831	958	0
832	949	0
833	927	0
834	961	0
835	951	0
836	908	0
837	923	0
838	930	0
839	906	0
840	906	0
841	922	0
842	937	0
843	947	0
844	929	0
845	928	0
846	907	0
847	925	0
848	940	0
849	979	0
850	951	0
851	915	0
852	919	0
853	903	0
854	904	0
855	913	0
856	901	0
857	915	0
858	942	0
859	934	0
860	954	0
861	904	0
862	831	0
863	941	0
864	825	0
865	955	0
866	899	0
867	890	0
868	884	0
869	933	0
870	890	0
871	920	0
872	926	0
873	960	0
874	909	0
875	912	0
876	982	0
877	877	0
878	937	0
879	919	0
880	937	0
881	910	0
882	891	0
883	917	0
884	985	0
885	869	0
886	923	0
887	937	0
888	906	0
889	927	0
890	875	0
891	976	0
892	903	0
893	935	0
894	882	0
895	1001	0
896	956	0
897	853	0
898	925	0
899	941	0
900	872	0
901	925	0
902	949	0
903	990	0
904	904	0
905	1024	0
906	948	0
907	862	0
908	959	0
909	904	0
910	918	0
911	957	0
912	879	0
913	928	0
914	920	0
915	939	0
916	960	0
917	956	0
918	841	0
919	882	0
920	883	0
921	859	0
922	948	0
923	825	0
924	944	0
925	934	0
926	954	0
927	882	0
928	962	0
929	812	0
930	962	0
931	939	0
932	938	0
933	922	0
934	873	0
935	954	0
936	881	0
937	904	0
938	873	0
939	889	0
940	918	0
941	941	0
942	924	0
943	941	0
944	867	0
945	960	0
946	911	0
947	959	0
948	907	0
949	877	0
950	957	0
951	970	0
952	1028	0
953	916	0
954	987	0
955	922	0
956	886	0
957	894	0
958	999	0
959	962	0
960	891	0
961	902	0
962	890	0
963	855	0
964	896	0
965	925	0
966	930	0
967	937	0
968	957	0
969	895	0
970	922	0
971	869	0
972	874	0
973	920	0
974	923	0
975	921	0
976	939	0
977	900	0
978	854	0
979	841	0
980	886	0
981	954	0
982	890	0
983	952	0
984	940	0
985	892	0
986	871	0
987	920	0
988	877	0
989	971	0
990	956	0
991	920	0
992	942	0
993	941	0
994	961	0
995	864	0
996	925	0
997	929	0
998	839	0
999	977	0
1000	941	0
1001	950	0
1002	902	0
1003	909	0
1004	913	0
1005	981	0
1006	915	0
1007	919	0
1008	920	0
1009	919	0
1010	948	0
1011	957	0
1012	919	0
1013	870	0
1014	845	0
1015	956	0
1016	892	0
1017	975	0
1018	950	0
1019	969	0
1020	824	0
1021	954	0
1022	948	0
1023	883	0
1024	913	0
1025	979	0
1026	885	0
1027	934	0
1028	930	0
1029	967	0
1030	906	0
1031	916	0
1032	919	0
1033	942	0
1034	867	0
1035	952	0
1036	997	0
1037	936	0
1038	897	0
1039	916	0
1040	900	0
1041	898	0
1042	937	0
1043	925	0
1044	931	0
1045	900	0
1046	1005	0
1047	900	0
1048	947	0
1049	905	0
1050	912	0
1051	980	0
1052	978	0
1053	983	0
1054	942	0
1055	930	0
1056	860	0
1057	853	0
1058	929	0
1059	880	0
1060	946	0
1061	878	0
1062	884	0
1063	942	0
1064	866	0
1065	930	0
1066	892	0
1067	920	0
1068	891	0
1069	854	0
1070	863	0
1071	989	0
1072	989	0
1073	888	0
1074	981	0
1075	924	0
1076	888	0
1077	921	0
1078	974	0
1079	945	0
1080	928	0
1081	898	0
1082	952	0
1083	848	0
1084	942	0
1085	950	0
1086	874	0
1087	936	0
1088	948	0
1089	981	0
1090	919	0
1091	992	0
1092	967	0
1093	912	0
1094	928	0
1095	933	0
1096	962	0
1097	1020	0
1098	905	0
1099	892	0
1100	921	0
1101	901	0
1102	947	0
1103	915	0
1104	926	0
1105	849	0
1106	961	0
1107	962	0
1108	955	0
1109	952	0
1110	891	0
1111	894	0
1112	906	0
1113	909	0
1114	929	0
1115	922	0
1116	979	0
1117	938	0
1118	916	0
1119	862	0
1120	893	0
1121	921	0
1122	923	0
1123	904	0
1124	943	0
1125	904	0
1126	850	0
1127	927	0
1128	938	0
1129	926	0
1130	899	0
1131	863	0
1132	920	0
1133	942	0
1134	933	0
1135	880	0
1136	881	0
1137	924	0
1138	893	0
1139	963	0
1140	909	0
1141	917	0
1142	959	0
1143	929	0
1144	945	0
1145	950	0
1146	858	0
1147	928	0
1148	1009	0
1149	892	0
1150	877	0
1151	925	0
1152	1003	0
1153	945	0
1154	981	0
1155	943	0
1156	889	0
1157	944	0
1158	864	0
1159	915	0
1160	917	0
1161	897	0
1162	930	0
1163	935	0
1164	930	0
1165	916	0
1166	907	0
1167	900	0
1168	893	0
1169	861	0
1170	934	0
1171	895	0
1172	932	0
1173	879	0
1174	931	0
1175	921	0
1176	945	0
1177	926	0
1178	889	0
1179	985	0
1180	987	0
1181	905	0
1182	954	0
1183	970	0
1184	933	0
1185	988	0
1186	941	0
1187	888	0
1188	931	0
1189	943	0
1190	939	0
1191	954	0
1192	965	0
1193	928	0
1194	906	0
1195	928	0
1196	978	0
1197	1020	0
1198	956	0
1199	907	0
1200	977	0
1201	1015	0
1202	889	0
1203	916	0
1204	976	0
1205	985	0
1206	940	0
1207	913	0
1208	954	0
1209	870	0
1210	927	0
1211	995	0
1212	921	0
1213	971	0
1214	917	0
1215	913	0
1216	1005	0
1217	846	0
1218	903	0
1219	954	0
1220	908	0
1221	956	0
1222	874	0
1223	889	0
1224	911	0
1225	915	0
1226	1010	0
1227	942	0
1228	881	0
1229	967	0
1230	921	0
1231	919	0
1232	930	0
1233	939	0
1234	962	0
1235	853	0
1236	895	0
1237	937	0
1238	937	0
1239	990	0
1240	907	0
1241	921	0
1242	909	0
1243	926	0
1244	877	0
1245	920	0
1246	926	0
1247	975	0
1248	909	0
1249	876	0
1250	911	0
1251	965	0
1252	961	0
1253	927	0
1254	940	0
1255	867	0
1256	856	0
1257	951	0
1258	965	0
1259	935	0
1260	964	0
1261	898	0
1262	896	0
1263	926	0
1264	933	0
1265	926	0
1266	943	0
1267	942	0
1268	949	0
1269	954	0
1270	940	0
1271	858	0
1272	915	0
1273	884	0
1274	914	0
1275	850	0
1276	899	0
1277	899	0
1278	913	0
1279	946	0
1280	951	0
1281	922	0
1282	913	0
1283	951	0
1284	929	0
1285	870	0
1286	901	0
1287	954	0
1288	880	0
1289	929	0
1290	886	0
1291	943	0
1292	947	0
1293	942	0
1294	908	0
1295	913	0
1296	956	0
1297	1014	0
1298	946	0
1299	903	0
1300	954	0
1301	952	0
1302	926	0
1303	922	0
1304	899	0
1305	908	0
1306	908	0
1307	957	0
1308	922	0
1309	925	0
1310	994	0
1311	984	0
1312	982	0
1313	870	0
1314	955	0
1315	928	0
1316	954	0
1317	894	0
1318	903	0
1319	974	0
1320	938	0
1321	910	0
1322	884	0
1323	946	0
1324	902	0
1325	956	0
1326	870	0
1327	877	0
1328	1025	0
1329	960	0
1330	984	0
1331	919	0
1332	918	0
1333	963	0
1334	904	0
1335	973	0
1336	980	0
1337	869	0
1338	939	0
1339	913	0
1340	908	0
1341	916	0
1342	892	0
1343	920	0
1344	928	0
1345	978	0
1346	892	0
1347	881	0
1348	911	0
1349	906	0
1350	861	0
1351	963	0
1352	968	0
1353	1013	0
1354	956	0
1355	944	0
1356	916	0
1357	903	0
1358	829	0
1359	931	0
1360	926	0
1361	903	0
1362	916	0
1363	896	0
1364	915	0
1365	887	0
1366	924	0
1367	941	0
1368	948	0
1369	866	0
1370	967	0
1371	923	0
1372	947	0
1373	977	0
1374	876	0
1375	946	0
1376	861	0
1377	923	0
1378	920	0
1379	1020	0
1380	914	0
1381	876	0
1382	945	0
1383	960	0
1384	965	0
1385	949	0
1386	900	0
1387	972	0
1388	939	0
1389	916	0
1390	910	0
1391	1001	0
1392	933	0
1393	946	0
1394	895	0
1395	972	0
1396	893	0
1397	927	0
1398	964	0
1399	924	0
1400	952	0
1401	922	0
1402	1017	0
1403	929	0
1404	908	0
1405	922	0
1406	936	0
1407	892	0
1408	899	0
1409	903	0
1410	979	0
1411	942	0
1412	906	0
1413	944	0
1414	918	0
1415	890	0
1416	976	0
1417	951	0
1418	921	0
1419	818	0
1420	979	0
1421	889	0
1422	952	0
1423	940	0
1424	907	0
1425	936	0
1426	936	0
1427	907	0
1428	945	0
1429	839	0
1430	933	0
1431	865	0
1432	911	0
1433	967	0
1434	892	0
1435	868	0
1436	961	0
1437	937	0
1438	936	0
1439	888	0
1440	872	0
1441	959	0
1442	881	0
1443	948	0
1444	923	0
1445	978	0
1446	962	0
1447	859	0
1448	903	0
1449	938	0
1450	993	0
1451	962	0
1452	914	0
1453	937	0
1454	894	0
1455	920	0
1456	1024	0
1457	913	0
1458	880	0
1459	935	0
1460	967	0
1461	931	0
1462	926	0
1463	937	0
1464	923	0
1465	887	0
1466	915	0
1467	949	0
1468	960	0
1469	927	0
1470	895	0
1471	947	0
1472	868	0
1473	881	0
1474	973	0
1475	913	0
1476	923	0
1477	1009	0
1478	949	0
1479	941	0
1480	924	0
1481	916	0
1482	897	0
1483	929	0
1484	936	0
1485	970	0
1486	907	0
1487	924	0
1488	938	0
1489	922	0
1490	944	0
1491	896	0
1492	881	0
1493	990	0
1494	921	0
1495	928	0
1496	990	0
1497	908	0
1498	956	0
1499	869	0
1500	985	0
1501	917	0
1502	941	0
1503	900	0
1504	942	0
1505	975	0
1506	860	0
1507	929	0
1508	901	0
1509	965	0
1510	916	0
1511	875	0
1512	989	0
1513	884	0
1514	915	0
1515	980	0
1516	942	0
1517	959	0
1518	915	0
1519	919	0
1520	926	0
1521	926	0
1522	933	0
1523	957	0
1524	909	0
1525	924	0
1526	908	0
1527	952	0
1528	920	0
1529	918	0
1530	906	0
1531	936	0
1532	928	0
1533	896	0
1534	909	0
1535	945	0
1536	878	0
1537	937	0
1538	918	0
1539	870	0
1540	938	0
1541	921	0
1542	935	0
1543	988	0
1544	932	0
1545	998	0
1546	888	0
1547	1004	0
1548	896	0
1549	922	0
1550	930	0
1551	947	0
1552	950	0
1553	898	0
1554	877	0
1555	953	0
1556	942	0
1557	849	0
1558	905	0
1559	877	0
1560	969	0
1561	928	0
1562	934	0
1563	925	0
1564	885	0
1565	933	0
1566	949	0
1567	991	0
1568	889	0
1569	883	0
1570	987	0
1571	924	0
1572	876	0
1573	945	0
1574	966	0
1575	989	0
1576	881	0
1577	905	0
1578	896	0
1579	1001	0
1580	914	0
1581	952	0
1582	910	0
1583	889	0
1584	909	0
1585	932	0
1586	976	0
1587	999	0
1588	936	0
1589	902	0
1590	957	0
1591	952	0
1592	930	0
1593	965	0
1594	893	0
1595	893	0
1596	942	0
1597	963	0
1598	960	0
1599	928	0
1600	917	0
1601	963	0
1602	919	0
1603	926	0
1604	972	0
1605	895	0
1606	960	0
1607	879	0
1608	921	0
1609	935	0
1610	985	0
1611	960	0
1612	894	0
1613	980	0
1614	940	0
1615	941	0
1616	927	0
1617	924	0
1618	891	0
1619	923	0
1620	904	0
1621	1003	0
1622	905	0
1623	878	0
1624	976	0
1625	971	0
1626	949	0
1627	971	0
1628	876	0
1629	901	0
1630	926	0
1631	929	0
1632	908	0
1633	886	0
1634	849	0
1635	921	0
1636	940	0
1637	886	0
1638	992	0
1639	868	0
1640	960	0
1641	880	0
1642	881	0
1643	950	0
1644	945	0
1645	957	0
1646	1012	0
1647	974	0
1648	868	0
1649	937	0
1650	936	0
1651	936	0
1652	880	0
1653	994	0
1654	922	0
1655	899	0
1656	947	0
1657	958	0
1658	902	0
1659	902	0
1660	887	0
1661	947	0
1662	867	0
1663	916	0
1664	929	0
1665	885	0
1666	908	0
1667	880	0
1668	941	0
1669	900	0
1670	948	0
1671	893	0
1672	943	0
1673	962	0
1674	945	0
1675	936	0
1676	960	0
1677	1011	0
1678	926	0
1679	881	0
1680	893	0
1681	982	0
1682	1007	0
1683	884	0
1684	989	0
1685	924	0
1686	955	0
1687	886	0
1688	952	0
1689	855	0
1690	962	0
1691	905	0
1692	940	0
1693	907	0
1694	965	0
1695	980	0
1696	937	0
1697	969	0
1698	943	0
1699	946	0
1700	916	0
1701	967	0
1702	921	0
1703	968	0
1704	962	0
1705	886	0
1706	931	0
1707	975	0
1708	946	0
1709	931	0
1710	905	0
1711	962	0
1712	917	0
1713	936	0
1714	1032	0
1715	894	0
1716	922	0
1717	924	0
1718	882	0
1719	906	0
1720	941	0
1721	890	0
1722	953	0
1723	960	0
1724	897	0
1725	962	0
1726	1041	0
1727	931	0
1728	941	0
1729	944	0
1730	907	0
1731	974	0
1732	942	0
1733	890	0
1734	956	0
1735	920	0
1736	934	0
1737	900	0
1738	915	0
1739	916	0
1740	867	0
1741	864	0
1742	855	0
1743	956	0
1744	984	0
1745	959	0
1746	891	0
1747	942	0
1748	904	0
1749	977	0
1750	888	0
1751	861	0
1752	942	0
1753	915	0
1754	882	0
1755	905	0
1756	951	0
1757	951	0
1758	891	0
1759	844	0
1760	926	0
1761	935	0
1762	953	0
1763	919	0
1764	853	0
1765	1009	0
1766	943	0
1767	922	0
1768	928	0
1769	904	0
1770	911	0
1771	915	0
1772	875	0
1773	959	0
1774	873	0
1775	967	0
1776	899	0
1777	1025	0
1778	892	0
1779	967	0
1780	901	0
1781	953	0
1782	934	0
1783	911	0
1784	933	0
1785	893	0
1786	889	0
1787	910	0
1788	847	0
1789	900	0
1790	939	0
1791	929	0
1792	919	0
1793	884	0
1794	915	0
1795	955	0
1796	930	0
1797	848	0
1798	866	0
1799	929	0
1800	912	0
1801	924	0
1802	920	0
1803	956	0
1804	959	0
1805	958	0
1806	913	0
1807	898	0
1808	967	0
1809	956	0
1810	905	0
1811	1008	0
1812	943	0
1813	953	0
1814	926	0
1815	875	0
1816	884	0
1817	936	0
1818	975	0
1819	954	0
1820	913	0
1821	946	0
1822	999	0
1823	925	0
1824	943	0
1825	905	0
1826	946	0
1827	957	0
1828	877	0
1829	952	0
1830	914	0
1831	973	0
1832	872	0
1833	909	0
1834	879	0
1835	865	0
1836	880	0
1837	846	0
1838	952	0
1839	988	0
1840	925	0
1841	938	0
1842	948	0
1843	872	0
1844	880	0
1845	894	0
1846	913	0
1847	910	0
1848	976	0
1849	942	0
1850	904	0
1851	902	0
1852	940	0
1853	920	0
1854	916	0
1855	985	0
1856	979	0
1857	1008	0
1858	971	0
1859	1003	0
1860	940	0
1861	860	0
1862	863	0
1863	929	0
1864	964	0
1865	947	0
1866	953	0
1867	961	0
1868	921	0
1869	897	0
1870	897	0
1871	949	0
1872	922	0
1873	926	0
1874	954	0
1875	977	0
1876	879	0
1877	945	0
1878	908	0
1879	947	0
1880	883	0
1881	949	0
1882	944	0
1883	951	0
1884	909	0
1885	978	0
1886	990	0
1887	893	0
1888	922	0
1889	938	0
1890	956	0
1891	875	0
1892	913	0
1893	892	0
1894	912	0
1895	901	0
1896	949	0
1897	940	0
1898	842	0
1899	938	0
1900	957	0
1901	938	0
1902	867	0
1903	899	0
1904	919	0
1905	937	0
1906	983	0
1907	993	0
1908	905	0
1909	902	0
1910	921	0
1911	891	0
1912	900	0
1913	897	0
1914	908	0
1915	969	0
1916	995	0
1917	952	0
1918	880	0
1919	945	0
1920	961	0
1921	908	0
1922	883	0
1923	886	0
1924	930	0
1925	1012	0
1926	915	0
1927	893	0
1928	921	0
1929	864	0
1930	922	0
1931	882	0
1932	918	0
1933	886	0
1934	935	0
1935	978	0
1936	946	0
1937	915	0
1938	931	0
1939	959	0
1940	940	0
1941	967	0
1942	977	0
1943	884	0
1944	860	0
1945	899	0
1946	889	0
1947	962	0
1948	993	0
1949	966	0
1950	932	0
1951	990	0
1952	885	0
1953	914	0
1954	924	0
1955	948	0
1956	885	0
1957	934	0
1958	942	0
1959	861	0
1960	957	0
1961	868	0
1962	914	0
1963	946	0
1964	912	0
1965	927	0
1966	907	0
1967	887	0
1968	899	0
1969	887	0
1970	906	0
1971	985	0
1972	1029	0
1973	931	0
1974	910	0
1975	931	0
1976	968	0
1977	860	0
1978	892	0
1979	950	0
1980	913	0
1981	887	0
1982	933	0
1983	980	0
1984	879	0
1985	924	0
1986	885	0
1987	1008	0
1988	836	0
1989	905	0
1990	880	0
1991	916	0
1992	939	0
1993	940	0
1994	851	0
1995	947	0
1996	905	0
1997	869	0
1998	855	0
1999	941	0
2000	997	0
2001	881	0
2002	919	0
2003	921	0
2004	984	0
2005	909	0
2006	935	0
2007	918	0
2008	879	0
2009	962	0
2010	879	0
2011	927	0
2012	917	0
2013	957	0
2014	898	0
2015	930	0
2016	912	0
2017	900	0
2018	898	0
2019	865	0
2020	926	0
2021	983	0
2022	928	0
2023	902	0
2024	880	0
2025	1008	0
2026	896	0
2027	877	0
2028	906	0
2029	921	0
2030	908	0
2031	985	0
2032	884	0
2033	937	0
2034	948	0
2035	947	0
2036	948	0
2037	965	0
2038	911	0
2039	957	0
2040	949	0
2041	958	0
2042	881	0
2043	935	0
2044	948	0
2045	932	0
2046	897	0
2047	871	0
2048	914	0
2049	915	0
2050	964	0
2051	922	0
2052	899	0
2053	949	0
2054	932	0
2055	970	0
2056	890	0
2057	970	0
2058	929	0
2059	932	0
2060	902	0
2061	895	0
2062	921	0
2063	900	0
2064	892	0
2065	857	0
2066	929	0
2067	945	0
2068	888	0
2069	902	0
2070	942	0
2071	982	0
2072	912	0
2073	928	0
2074	873	0
2075	878	0
2076	934	0
2077	892	0
2078	874	0
2079	971	0
2080	911	0
2081	962	0
2082	922	0
2083	946	0
2084	847	0
2085	978	0
2086	853	0
2087	975	0
2088	964	0
2089	934	0
2090	921	0
2091	928	0
2092	938	0
2093	918	0
2094	927	0
2095	938	0
2096	939	0
2097	857	0
2098	919	0
2099	942	0
2100	845	0
2101	887	0
2102	903	0
2103	934	0
2104	940	0
2105	946	0
2106	910	0
2107	897	0
2108	916	0
2109	954	0
2110	955	0
2111	944	0
2112	918	0
2113	940	0
2114	882	0
2115	881	0
2116	949	0
2117	991	0
2118	933	0
2119	898	0
2120	960	0
2121	917	0
2122	968	0
2123	935	0
2124	938	0
2125	991	0
2126	904	0
2127	991	0
2128	854	0
2129	935	0
2130	942	0
2131	901	0
2132	928	0
2133	939	0
2134	911	0
2135	971	0
2136	929	0
2137	921	0
2138	940	0
2139	931	0
2140	846	0
2141	936	0
2142	929	0
2143	921	0
2144	840	0
2145	1048	0
2146	917	0
2147	949	0
2148	962	0
2149	880	0
2150	937	0
2151	904	0
2152	924	0
2153	941	0
2154	977	0
2155	928	0
2156	940	0
2157	939	0
2158	940	0
2159	992	0
2160	987	0
2161	883	0
2162	954	0
2163	912	0
2164	873	0
2165	919	0
2166	926	0
2167	880	0
2168	895	0
2169	989	0
2170	969	0
2171	943	0
2172	915	0
2173	967	0
2174	960	0
2175	914	0
2176	913	0
2177	988	0
2178	892	0
2179	913	0
2180	907	0
2181	906	0
2182	990	0
2183	922	0
2184	961	0
2185	900	0
2186	919	0
2187	893	0
2188	931	0
2189	959	0
2190	918	0
2191	859	0
2192	905	0
2193	856	0
2194	954	0
2195	969	0
2196	938	0
2197	951	0
2198	980	0
2199	897	0
2200	927	0
2201	942	0
2202	986	0
2203	934	0
2204	947	0
2205	904	0
2206	945	0
2207	980	0
2208	972	0
2209	875	0
2210	912	0
2211	935	0
2212	971	0
2213	883	0
2214	993	0
2215	957	0
2216	946	0
2217	947	0
2218	919	0
2219	897	0
2220	916	0
2221	936	0
2222	929	0
2223	934	0
2224	966	0
2225	918	0
2226	830	0
2227	947	0
2228	947	0
2229	900	0
2230	927	0
2231	949	0
2232	989	0
2233	943	0
2234	962	0
2235	949	0
2236	965	0
2237	924	0
2238	948	0
2239	944	0
2240	942	0
2241	895	0
2242	921	0
2243	897	0
2244	933	0
2245	989	0
2246	892	0
2247	913	0
2248	904	0
2249	914	0
2250	916	0
2251	839	0
2252	929	0
2253	873	0
2254	937	0
2255	942	0
2256	860	0
2257	918	0
2258	911	0
2259	867	0
2260	919	0
2261	960	0
2262	943	0
2263	888	0
2264	942	0
2265	973	0
2266	907	0
2267	992	0
2268	923	0
2269	938	0
2270	982	0
2271	852	0
2272	923	0
2273	946	0
2274	958	0
2275	894	0
2276	932	0
2277	940	0
2278	921	0
2279	839	0
2280	906	0
2281	915	0
2282	888	0
2283	872	0
2284	923	0
2285	931	0
2286	940	0
2287	899	0
2288	934	0
2289	877	0
2290	929	0
2291	912	0
2292	909	0
2293	909	0
2294	852	0
2295	916	0
2296	913	0
2297	899	0
2298	936	0
2299	981	0
2300	879	0
2301	935	0
2302	933	0
2303	968	0
2304	945	0
2305	982	0
2306	922	0
2307	877	0
2308	898	0
2309	893	0
2310	961	0
2311	867	0
2312	927	0
2313	934	0
2314	928	0
2315	899	0
2316	963	0
2317	958	0
2318	880	0
2319	902	0
2320	940	0
2321	909	0
2322	900	0
2323	938	0
2324	946	0
2325	958	0
2326	933	0
2327	960	0
2328	936	0
2329	841	0
2330	972	0
2331	955	0
2332	873	0
2333	964	0
2334	908	0
2335	972	0
2336	946	0
2337	897	0
2338	913	0
2339	918	0
2340	916	0
2341	909	0
2342	956	0
2343	899	0
2344	938	0
2345	946	0
2346	889	0
2347	978	0
2348	994	0
2349	898	0
2350	993	0
2351	937	0
2352	932	0
2353	909	0
2354	907	0
2355	948	0
2356	882	0
2357	888	0
2358	921	0
2359	951	0
2360	986	0
2361	994	0
2362	866	0
2363	895	0
2364	905	0
2365	906	0
2366	974	0
2367	907	0
2368	927	0
2369	933	0
2370	964	0
2371	956	0
2372	937	0
2373	901	0
2374	899	0
2375	951	0
2376	877	0
2377	954	0
2378	986	0
2379	930	0
2380	914	0
2381	934	0
2382	939	0
2383	886	0
2384	835	0
2385	913	0
2386	964	0
2387	887	0
2388	928	0
2389	899	0
2390	898	0
2391	889	0
2392	905	0
2393	898	0
2394	862	0
2395	933	0
2396	925	0
2397	968	0
2398	955	0
2399	876	0
2400	988	0
2401	935	0
2402	927	0
2403	845	0
2404	931	0
2405	994	0
2406	991	0
2407	932	0
2408	986	0
2409	930	0
2410	894	0
2411	882	0
2412	877	0
2413	933	0
2414	900	0
2415	932	0
2416	942	0
2417	1024	0
2418	964	0
2419	913	0
2420	900	0
2421	925	0
2422	855	0
2423	939	0
2424	983	0
2425	894	0
2426	924	0
2427	909	0
2428	882	0
2429	917	0
2430	942	0
2431	884	0
2432	958	0
2433	986	0
2434	940	0
2435	912	0
2436	980	0
2437	937	0
2438	920	0
2439	932	0
2440	921	0
2441	874	0
2442	949	0
2443	856	0
2444	916	0
2445	942	0
2446	919	0
2447	946	0
2448	922	0
2449	908	0
2450	913	0
2451	962	0
2452	899	0
2453	891	0
2454	916	0
2455	926	0
2456	901	0
2457	939	0
2458	954	0
2459	889	0
2460	890	0
2461	962	0
2462	876	0
2463	918	0
2464	919	0
2465	957	0
2466	921	0
2467	998	0
2468	885	0
2469	921	0
2470	857	0
2471	966	0
2472	889	0
2473	944	0
2474	915	0
2475	880	0
2476	879	0
2477	914	0
2478	911	0
2479	896	0
2480	842	0
2481	946	0
2482	955	0
2483	974	0
2484	949	0
2485	896	0
2486	986	0
2487	913	0
2488	891	0
2489	829	0
2490	903	0
2491	952	0
2492	899	0
2493	906	0
2494	907	0
2495	949	0
2496	966	0
2497	921	0
2498	953	0
2499	994	0
2500	921	0
2501	913	0
2502	925	0
2503	967	0
2504	884	0
2505	893	0
2506	916	0
2507	886	0
2508	955	0
2509	943	0
2510	958	0
2511	915	0
2512	951	0
2513	895	0
2514	952	0
2515	964	0
2516	919	0
2517	918	0
2518	869	0
2519	929	0
2520	899	0
2521	912	0
2522	924	0
2523	1029	0
2524	950	0
2525	904	0
2526	928	0
2527	956	0
2528	917	0
2529	905	0
2530	1021	0
2531	901	0
2532	906	0
2533	944	0
2534	823	0
2535	946	0
2536	928	0
2537	909	0
2538	874	0
2539	1005	0
2540	984	0
2541	1014	0
2542	988	0
2543	948	0
2544	984	0
2545	883	0
2546	888	0
2547	911	0
2548	924	0
2549	925	0
2550	958	0
2551	924	0
2552	888	0
2553	863	0
2554	963	0
2555	875	0
2556	936	0
2557	941	0
2558	933	0
2559	913	0
2560	871	0
2561	960	0
2562	926	0
2563	908	0
2564	927	0
2565	869	0
2566	952	0
2567	880	0
2568	923	0
2569	885	0
2570	919	0
2571	964	0
2572	913	0
2573	879	0
2574	948	0
2575	940	0
2576	969	0
2577	903	0
2578	911	0
2579	947	0
2580	827	0
2581	833	0
2582	906	0
2583	955	0
2584	889	0
2585	901	0
2586	914	0
2587	893	0
2588	936	0
2589	913	0
2590	880	0
2591	937	0
2592	882	0
2593	929	0
2594	956	0
2595	919	0
2596	894	0
2597	960	0
2598	987	0
2599	948	0
2600	970	0
2601	937	0
2602	908	0
2603	857	0
2604	867	0
2605	935	0
2606	903	0
2607	954	0
2608	937	0
2609	885	0
2610	852	0
2611	1000	0
2612	1005	0
2613	901	0
2614	864	0
2615	918	0
2616	952	0
2617	950	0
2618	958	0
2619	936	0
2620	914	0
2621	934	0
2622	957	0
2623	928	0
2624	864	0
2625	906	0
2626	989	0
2627	929	0
2628	900	0
2629	911	0
2630	884	0
2631	902	0
2632	886	0
2633	926	0
2634	931	0
2635	873	0
2636	969	0
2637	912	0
2638	890	0
2639	917	0
2640	860	0
2641	976	0
2642	964	0
2643	932	0
2644	870	0
2645	904	0
2646	923	0
2647	967	0
2648	957	0
2649	900	0
2650	962	0
2651	977	0
2652	928	0
2653	918	0
2654	918	0
2655	978	0
2656	881	0
2657	940	0
2658	915	0
2659	884	0
2660	927	0
2661	974	0
2662	901	0
2663	980	0
2664	893	0
2665	938	0
2666	906	0
2667	874	0
2668	973	0
2669	960	0
2670	926	0
2671	943	0
2672	918	0
2673	963	0
2674	1022	0
2675	899	0
2676	908	0
2677	893	0
2678	967	0
2679	922	0
2680	921	0
2681	953	0
2682	908	0
2683	877	0
2684	951	0
2685	977	0
2686	893	0
2687	954	0
2688	855	0
2689	912	0
2690	952	0
2691	914	0
2692	916	0
2693	935	0
2694	964	0
2695	901	0
2696	946	0
2697	897	0
2698	925	0
2699	930	0
2700	921	0
2701	930	0
2702	968	0
2703	975	0
2704	899	0
2705	871	0
2706	934	0
2707	995	0
2708	990	0
2709	916	0
2710	903	0
2711	907	0
2712	945	0
2713	918	0
2714	907	0
2715	876	0
2716	971	0
2717	994	0
2718	912	0
2719	906	0
2720	908	0
2721	1015	0
2722	964	0
2723	963	0
2724	909	0
2725	909	0
2726	876	0
2727	905	0
2728	921	0
2729	958	0
2730	1015	0
2731	925	0
2732	918	0
2733	900	0
2734	965	0
2735	965	0
2736	980	0
2737	943	0
2738	924	0
2739	923	0
2740	998	0
2741	951	0
2742	939	0
2743	984	0
2744	907	0
2745	991	0
2746	974	0
2747	902	0
2748	923	0
2749	944	0
2750	942	0
2751	923	0
2752	913	0
2753	896	0
2754	941	0
2755	895	0
2756	952	0
2757	908	0
2758	875	0
2759	899	0
2760	951	0
2761	878	0
2762	940	0
2763	858	0
2764	914	0
2765	934	0
2766	913	0
2767	905	0
2768	947	0
2769	931	0
2770	945	0
2771	925	0
2772	931	0
2773	890	0
2774	907	0
2775	955	0
2776	901	0
2777	827	0
2778	972	0
2779	896	0
2780	923	0
2781	883	0
2782	938	0
2783	955	0
2784	922	0
2785	940	0
2786	909	0
2787	942	0
2788	915	0
2789	935	0
2790	933	0
2791	906	0
2792	958	0
2793	935	0
2794	991	0
2795	912	0
2796	897	0
2797	897	0
2798	845	0
2799	886	0
2800	928	0
2801	912	0
2802	979	0
2803	948	0
2804	930	0
2805	963	0
2806	960	0
2807	875	0
2808	906	0
2809	976	0
2810	894	0
2811	961	0
2812	897	0
2813	942	0
2814	921	0
2815	902	0
2816	957	0
2817	832	0
2818	957	0
2819	884	0
2820	986	0
2821	913	0
2822	929	0
2823	889	0
2824	970	0
2825	967	0
2826	937	0
2827	914	0
2828	987	0
2829	934	0
2830	969	0
2831	885	0
2832	964	0
2833	958	0
2834	951	0
2835	968	0
2836	984	0
2837	947	0
2838	1000	0
2839	912	0
2840	926	0
2841	931	0
2842	922	0
2843	886	0
2844	854	0
2845	892	0
2846	945	0
2847	905	0
2848	901	0
2849	915	0
2850	952	0
2851	982	0
2852	889	0
2853	943	0
2854	868	0
2855	914	0
2856	922	0
2857	957	0
2858	983	0
2859	848	0
2860	927	0
2861	933	0
2862	916	0
2863	932	0
2864	950	0
2865	937	0
2866	947	0
2867	931	0
2868	904	0
2869	964	0
2870	1000	0
2871	842	0
2872	962	0
2873	921	0
2874	900	0
2875	936	0
2876	940	0
2877	971	0
2878	931	0
2879	963	0
2880	915	0
2881	882	0
2882	928	0
2883	941	0
2884	983	0
2885	908	0
2886	877	0
2887	929	0
2888	937	0
2889	895	0
2890	932	0
2891	975	0
2892	919	0
2893	932	0
2894	889	0
2895	935	0
2896	878	0
2897	935	0
2898	924	0
2899	924	0
2900	914	0
2901	1007	0
2902	942	0
2903	952	0
2904	821	0
2905	953	0
2906	945	0
2907	967	0
2908	921	0
2909	935	0
2910	918	0
2911	914	0
2912	932	0
2913	947	0
2914	936	0
2915	882	0
2916	886	0
2917	973	0
2918	942	0
2919	952	0
2920	957	0
2921	901	0
2922	908	0
2923	918	0
2924	929	0
2925	907	0
2926	896	0
2927	948	0
2928	896	0
2929	901	0
2930	946	0
2931	957	0
2932	962	0
2933	960	0
2934	930	0
2935	933	0
2936	944	0
2937	922	0
2938	935	0
2939	912	0
2940	1008	0
2941	855	0
2942	847	0
2943	898	0
2944	953	0
2945	924	0
2946	980	0
2947	899	0
2948	905	0
2949	874	0
2950	931	0
2951	841	0
2952	957	0
2953	908	0
2954	856	0
2955	948	0
2956	898	0
2957	865	0
2958	938	0
2959	968	0
2960	980	0
2961	932	0
2962	950	0
2963	881	0
2964	947	0
2965	906	0
2966	935	0
2967	950	0
2968	945	0
2969	944	0
2970	886	0
2971	924	0
2972	885	0
2973	858	0
2974	974	0
2975	942	0
2976	935	0
2977	943	0
2978	936	0
2979	937	0
2980	931	0
2981	922	0
2982	970	0
2983	945	0
2984	962	0
2985	902	0
2986	982	0
2987	941	0
2988	975	0
2989	963	0
2990	926	0
2991	893	0
2992	933	0
2993	928	0
2994	934	0
2995	937	0
2996	921	0
2997	930	0
2998	908	0
2999	887	0
3000	913	0
