1	930	0
2	894	0
3	894	0
4	911	0
5	910	0
6	929	0
7	940	0
8	927	0
9	994	0
10	902	0
11	944	0
12	865	0
13	912	0
14	902	0
15	973	0
16	967	0
17	972	0
18	919	0
19	901	0
20	931	0
21	880	0
22	941	0
23	903	0
24	927	0
25	884	0
26	938	0
27	936	0
28	956	0
29	953	0
30	910	0
31	915	0
32	959	0
33	861	0
34	895	0
35	947	0
36	888	0
37	928	0
38	935	0
39	907	0
40	935	0
41	916	0
42	934	0
43	942	0
44	872	0
45	908	0
46	928	0
47	911	0
48	943	0
49	975	0
50	893	0
51	931	0
52	990	0
53	952	0
54	936	0
55	866	0
56	958	0
57	894	0
58	885	0
59	1003	0
60	960	0
61	967	0
62	970	0
63	926	0
64	895	0
65	939	0
66	968	0
67	891	0
68	925	0
69	913	0
70	902	0
71	1099	0
72	993	0
73	904	0
74	868	0
75	899	0
76	920	0
77	888	0
78	893	0
79	882	0
80	936	0
81	923	0
82	930	0
83	907	0
84	926	0
85	912	0
86	961	0
87	931	0
88	932	0
89	934	0
90	915	0
91	914	0
92	898	0
93	880	0
94	978	0
95	925	0
96	863	0
97	940	0
98	930	0
99	860	0
100	917	0
101	978	0
102	903	0
103	900	0
104	894	0
105	938	0
106	944	0
107	933	0
108	903	0
109	961	0
110	892	0
111	926	0
112	933	0
113	946	0
114	898	0
115	867	0
116	900	0
117	883	0
118	1001	0
119	923	0
120	907	0
121	949	0
122	923	0
123	948	0
124	912	0
125	917	0
126	961	0
127	953	0
128	991	0
129	852	0
130	929	0
131	974	0
132	945	0
133	1000	0
134	904	0
135	955	0
136	870	0
137	948	0
138	910	0
139	967	0
140	917	0
141	894	0
142	967	0
143	924	0
144	904	0
145	822	0
146	1001	0
147	912	0
148	939	0
149	915	0
150	985	0
151	848	0
152	948	0
153	916	0
154	915	0
155	910	0
156	925	0
157	859	0
158	962	0
159	915	0
160	936	0
161	923	0
162	889	0
163	989	0
164	994	0
165	923	0
166	960	0
167	937	0
168	969	0
169	921	0
170	944	0
171	886	0
172	927	0
173	942	0
174	989	0
175	866	0
176	931	0
177	983	0
178	993	0
179	932	0
180	965	0
181	1021	0
182	913	0
183	976	0
184	976	0
185	981	0
186	911	0
187	961	0
188	959	0
189	917	0
190	863	0
191	906	0
192	917	0
193	905	0
194	970	0
195	1005	0
196	983	0
197	944	0
198	886	0
199	999	0
200	938	0
201	928	0
202	912	0
203	942	0
204	848	0
205	909	0
206	909	0
207	950	0
208	869	0
209	938	0
210	891	0
211	920	0
212	891	0
213	934	0
214	897	0
215	957	0
216	958	0
217	922	0
218	921	0
219	925	0
220	936	0
221	895	0
222	990	0
223	984	0
224	1030	0
225	950	0
226	961	0
227	967	0
228	972	0
229	930	0
230	917	0
231	917	0
232	904	0
233	993	0
234	870	0
235	875	0
236	951	0
237	858	0
238	904	0
239	963	0
240	958	0
241	932	0
242	858	0
243	882	0
244	941	0
245	939	0
246	935	0
247	922	0
248	885	0
249	860	0
250	881	0
251	917	0
252	870	0
253	913	0
254	922	0
255	1037	0
256	852	0
257	927	0
258	870	0
259	955	0
260	957	0
261	940	0
262	959	0
263	970	0
264	958	0
265	903	0
266	921	0
267	966	0
268	899	0
269	1020	0
270	959	0
271	899	0
272	897	0
273	918	0
274	974	0
275	913	0
276	963	0
277	952	0
278	841	0
279	1039	0
280	820	0
281	950	0
282	911	0
283	900	0
284	898	0
285	926	0
286	964	0
287	1006	0
288	918	0
289	952	0
290	905	0
291	873	0
292	919	0
293	873	0
294	903	0
295	984	0
296	864	0
297	940	0
298	967	0
299	895	0
300	944	0
301	926	0
302	937	0
303	963	0
304	932	0
305	894	0
306	980	0
307	915	0
308	916	0
309	895	0
310	829	0
311	950	0
312	861	0
313	900	0
314	921	0
315	943	0
316	973	0
317	942	0
318	900	0
319	951	0
320	942	0
321	881	0
322	913	0
323	927	0
324	943	0
325	891	0
326	887	0
327	946	0
328	871	0
329	998	0
330	931	0
331	891	0
332	907	0
333	905	0
334	904	0
335	917	0
336	978	0
337	963	0
338	932	0
339	913	0
340	897	0
341	927	0
342	912	0
343	958	0
344	967	0
345	955	0
346	983	0
347	959	0
348	929	0
349	913	0
350	883	0
351	886	0
352	896	0
353	888	0
354	966	0
355	903	0
356	964	0
357	925	0
358	914	0
359	958	0
360	958	0
361	871	0
362	943	0
363	886	0
364	931	0
365	946	0
366	941	0
367	891	0
368	946	0
369	977	0
370	918	0
371	965	0
372	901	0
373	913	0
374	906	0
375	887	0
376	916	0
377	953	0
378	895	0
379	889	0
380	918	0
381	928	0
382	942	0
383	915	0
384	922	0
385	959	0
386	932	0
387	918	0
388	950	0
389	951	0
390	981	0
391	928	0
392	873	0
393	856	0
394	935	0
395	960	0
396	918	0
397	920	0
398	942	0
399	924	0
400	940	0
401	928	0
402	892	0
403	892	0
404	1008	0
405	983	0
406	882	0
407	984	0
408	910	0
409	859	0
410	1012	0
411	908	0
412	917	0
413	901	0
414	929	0
415	932	0
416	953	0
417	947	0
418	930	0
419	933	0
420	927	0
421	923	0
422	921	0
423	907	0
424	911	0
425	905	0
426	844	0
427	974	0
428	897	0
429	970	0
430	995	0
431	927	0
432	943	0
433	1011	0
434	950	0
435	923	0
436	950	0
437	942	0
438	926	0
439	917	0
440	903	0
441	947	0
442	883	0
443	936	0
444	878	0
445	924	0
446	1023	0
447	958	0
448	929	0
449	1015	0
450	887	0
451	924	0
452	853	0
453	865	0
454	1011	0
455	929	0
456	955	0
457	945	0
458	962	0
459	893	0
460	1008	0
461	1015	0
462	946	0
463	939	0
464	965	0
465	926	0
466	900	0
467	950	0
468	897	0
469	949	0
470	854	0
471	905	0
472	935	0
473	935	0
474	971	0
475	918	0
476	916	0
477	893	0
478	805	0
479	973	0
480	930	0
481	912	0
482	969	0
483	971	0
484	922	0
485	951	0
486	916	0
487	906	0
488	936	0
489	910	0
490	916	0
491	874	0
492	1005	0
493	990	0
494	912	0
495	880	0
496	933	0
497	942	0
498	873	0
499	975	0
500	968	0
501	946	0
502	884	0
503	932	0
504	855	0
505	897	0
506	1008	0
507	931	0
508	913	0
509	951	0
510	921	0
511	910	0
512	958	0
513	936	0
514	944	0
515	895	0
516	940	0
517	921	0
518	882	0
519	879	0
520	922	0
521	916	0
522	832	0
523	961	0
524	930	0
525	917	0
526	916	0
527	861	0
528	888	0
529	967	0
530	963	0
531	947	0
532	992	0
533	916	0
534	890	0
535	947	0
536	928	0
537	926	0
538	876	0
539	916	0
540	905	0
541	947	0
542	961	0
543	884	0
544	926	0
545	939	0
546	935	0
547	939	0
548	968	0
549	905	0
550	881	0
551	938	0
552	990	0
553	937	0
554	924	0
555	942	0
556	870	0
557	917	0
558	872	0
559	892	0
560	968	0
561	891	0
562	944	0
563	959	0
564	922	0
565	932	0
566	930	0
567	914	0
568	968	0
569	895	0
570	879	0
571	879	0
572	909	0
573	850	0
574	929	0
575	870	0
576	947	0
577	929	0
578	981	0
579	920	0
580	911	0
581	857	0
582	864	0
583	852	0
584	980	0
585	913	0
586	965	0
587	914	0
588	950	0
589	980	0
590	967	0
591	882	0
592	905	0
593	994	0
594	917	0
595	906	0
596	911	0
597	886	0
598	890	0
599	906	0
600	990	0
601	927	0
602	905	0
603	938	0
604	881	0
605	996	0
606	962	0
607	958	0
608	905	0
609	963	0
610	940	0
611	923	0
612	956	0
613	1021	0
614	951	0
615	923	0
616	960	0
617	932	0
618	847	0
619	912	0
620	867	0
621	849	0
622	860	0
623	928	0
624	934	0
625	976	0
626	926	0
627	886	0
628	922	0
629	923	0
630	925	0
631	871	0
632	900	0
633	969	0
634	952	0
635	949	0
636	969	0
637	954	0
638	957	0
639	876	0
640	917	0
641	948	0
642	942	0
643	960	0
644	884	0
645	896	0
646	937	0
647	960	0
648	897	0
649	1014	0
650	901	0
651	961	0
652	893	0
653	937	0
654	892	0
655	929	0
656	970	0
657	914	0
658	924	0
659	882	0
660	979	0
661	903	0
662	921	0
663	921	0
664	886	0
665	927	0
666	959	0
667	910	0
668	857	0
669	892	0
670	890	0
671	914	0
672	982	0
673	939	0
674	943	0
675	979	0
676	937	0
677	937	0
678	939	0
679	867	0
680	946	0
681	897	0
682	901	0
683	989	0
684	877	0
685	995	0
686	965	0
687	996	0
688	972	0
689	893	0
690	900	0
691	926	0
692	920	0
693	960	0
694	957	0
695	907	0
696	921	0
697	914	0
698	910	0
699	928	0
700	930	0
701	939	0
702	896	0
703	916	0
704	919	0
705	936	0
706	919	0
707	935	0
708	901	0
709	951	0
710	952	0
711	899	0
712	945	0
713	959	0
714	890	0
715	872	0
716	968	0
717	905	0
718	930	0
719	936	0
720	976	0
721	932	0
722	995	0
723	879	0
724	936	0
725	961	0
726	950	0
727	959	0
728	955	0
729	980	0
730	943	0
731	941	0
732	967	0
733	956	0
734	902	0
735	1018	0
736	980	0
737	933	0
738	938	0
739	928	0
740	949	0
741	870	0
742	883	0
743	898	0
744	910	0
745	828	0
746	978	0
747	875	0
748	928	0
749	908	0
750	941	0
751	905	0
752	927	0
753	937	0
754	924	0
755	976	0
756	931	0
757	925	0
758	909	0
759	859	0
760	990	0
761	943	0
762	973	0
763	955	0
764	936	0
765	919	0
766	887	0
767	980	0
768	978	0
769	888	0
770	961	0
771	891	0
772	945	0
773	922	0
774	873	0
775	886	0
776	915	0
777	900	0
778	917	0
779	970	0
780	925	0
781	899	0
782	995	0
783	917	0
784	951	0
785	927	0
786	879	0
787	871	0
788	882	0
789	925	0
790	909	0
791	943	0
792	888	0
793	923	0
794	907	0
795	941	0
796	944	0
797	937	0
798	860	0
799	940	0
800	934	0
801	929	0
802	936	0
803	903	0
804	930	0
805	939	0
806	895	0
807	960	0
808	915	0
809	959	0
810	909	0
811	934	0
812	930	0
813	1013	0
814	973	0
815	933	0
816	965	0
817	945	0
818	892	0
819	907	0
820	950	0
821	966	0
822	917	0
823	936	0
824	891	0
825	983	0
826	929	0
827	946	0
828	929	0
829	871	0
830	937	0
831	916	0
832	969	0
833	955	0
834	935	0
835	863	0
836	840	0
837	918	0
838	912	0
839	948	0
840	911	0
841	938	0
842	981	0
843	884	0
844	942	0
845	942	0
846	905	0
847	959	0
848	881	0
849	902	0
850	897	0
851	931	0
852	979	0
853	873	0
854	877	0
855	935	0
856	878	0
857	878	0
858	957	0
859	868	0
860	956	0
861	882	0
862	941	0
863	945	0
864	979	0
865	916	0
866	941	0
867	935	0
868	951	0
869	856	0
870	944	0
871	923	0
872	867	0
873	981	0
874	926	0
875	922	0
876	919	0
877	966	0
878	926	0
879	923	0
880	915	0
881	884	0
882	918	0
883	951	0
884	937	0
885	919	0
886	950	0
887	913	0
888	865	0
889	981	0
890	879	0
891	978	0
892	954	0
893	919	0
894	969	0
895	1004	0
896	936	0
897	915	0
898	935	0
899	953	0
900	937	0
901	943	0
902	916	0
903	911	0
904	932	0
905	910	0
906	948	0
907	952	0
908	931	0
909	919	0
910	889	0
911	947	0
912	873	0
913	892	0
914	968	0
915	928	0
916	951	0
917	957	0
918	959	0
919	977	0
920	968	0
921	874	0
922	877	0
923	961	0
924	957	0
925	911	0
926	954	0
927	885	0
928	942	0
929	927	0
930	923	0
931	930	0
932	908	0
933	887	0
934	970	0
935	923	0
936	910	0
937	938	0
938	909	0
939	937	0
940	968	0
941	896	0
942	972	0
943	909	0
944	927	0
945	961	0
946	920	0
947	935	0
948	954	0
949	897	0
950	925	0
951	938	0
952	908	0
953	897	0
954	910	0
955	895	0
956	879	0
957	954	0
958	905	0
959	875	0
960	840	0
961	909	0
962	904	0
963	889	0
964	949	0
965	1035	0
966	972	0
967	889	0
968	901	0
969	936	0
970	961	0
971	900	0
972	937	0
973	922	0
974	937	0
975	901	0
976	956	0
977	932	0
978	984	0
979	947	0
980	946	0
981	905	0
982	940	0
983	887	0
984	966	0
985	888	0
986	956	0
987	968	0
988	888	0
989	858	0
990	906	0
991	961	0
992	908	0
993	902	0
994	910	0
995	921	0
996	928	0
997	956	0
998	872	0
999	848	0
1000	962	0
1001	957	0
1002	984	0
1003	876	0
1004	883	0
1005	976	0
1006	941	0
1007	882	0
1008	930	0
1009	943	0
1010	962	0
1011	974	0
1012	1007	0
1013	912	0
1014	899	0
1015	903	0
1016	998	0
1017	901	0
1018	917	0
1019	940	0
1020	938	0
1021	904	0
1022	928	0
1023	935	0
1024	925	0
1025	923	0
1026	870	0
1027	961	0
1028	932	0
1029	917	0
1030	976	0
1031	951	0
1032	867	0
1033	911	0
1034	921	0
1035	929	0
1036	899	0
1037	896	0
1038	958	0
1039	910	0
1040	936	0
1041	961	0
1042	903	0
1043	913	0
1044	864	0
1045	934	0
1046	899	0
1047	920	0
1048	953	0
1049	883	0
1050	900	0
1051	932	0
1052	913	0
1053	973	0
1054	973	0
1055	925	0
1056	882	0
1057	916	0
1058	914	0
1059	992	0
1060	939	0
1061	871	0
1062	875	0
1063	922	0
1064	966	0
1065	909	0
1066	914	0
1067	926	0
1068	889	0
1069	998	0
1070	850	0
1071	902	0
1072	983	0
1073	1012	0
1074	954	0
1075	921	0
1076	967	0
1077	896	0
1078	922	0
1079	906	0
1080	941	0
1081	904	0
1082	891	0
1083	897	0
1084	936	0
1085	909	0
1086	892	0
1087	961	0
1088	877	0
1089	903	0
1090	947	0
1091	974	0
1092	916	0
1093	877	0
1094	886	0
1095	888	0
1096	923	0
1097	942	0
1098	931	0
1099	918	0
1100	932	0
1101	935	0
1102	916	0
1103	978	0
1104	846	0
1105	935	0
1106	930	0
1107	856	0
1108	980	0
1109	877	0
1110	876	0
1111	931	0
1112	880	0
1113	876	0
1114	877	0
1115	900	0
1116	941	0
1117	897	0
1118	965	0
1119	929	0
1120	940	0
1121	990	0
1122	895	0
1123	895	0
1124	914	0
1125	959	0
1126	944	0
1127	897	0
1128	942	0
1129	929	0
1130	924	0
1131	952	0
1132	904	0
1133	928	0
1134	891	0
1135	932	0
1136	908	0
1137	939	0
1138	918	0
1139	847	0
1140	962	0
1141	906	0
1142	928	0
1143	909	0
1144	877	0
1145	925	0
1146	921	0
1147	919	0
1148	922	0
1149	916	0
1150	953	0
1151	929	0
1152	956	0
1153	895	0
1154	900	0
1155	905	0
1156	990	0
1157	971	0
1158	932	0
1159	943	0
1160	896	0
1161	879	0
1162	880	0
1163	879	0
1164	920	0
1165	874	0
1166	895	0
1167	913	0
1168	940	0
1169	893	0
1170	910	0
1171	954	0
1172	953	0
1173	939	0
1174	1002	0
1175	969	0
1176	953	0
1177	934	0
1178	903	0
1179	897	0
1180	903	0
1181	871	0
1182	920	0
1183	909	0
1184	927	0
1185	915	0
1186	900	0
1187	973	0
1188	931	0
1189	926	0
1190	918	0
1191	917	0
1192	932	0
1193	952	0
1194	903	0
1195	930	0
1196	859	0
1197	956	0
1198	988	0
1199	914	0
1200	948	0
1201	890	0
1202	916	0
1203	924	0
1204	983	0
1205	892	0
1206	897	0
1207	930	0
1208	937	0
1209	886	0
1210	926	0
1211	942	0
1212	958	0
1213	927	0
1214	912	0
1215	933	0
1216	903	0
1217	903	0
1218	961	0
1219	865	0
1220	944	0
1221	910	0
1222	1016	0
1223	881	0
1224	922	0
1225	933	0
1226	881	0
1227	964	0
1228	892	0
1229	879	0
1230	938	0
1231	950	0
1232	957	0
1233	934	0
1234	869	0
1235	896	0
1236	901	0
1237	923	0
1238	950	0
1239	892	0
1240	915	0
1241	825	0
1242	1009	0
1243	953	0
1244	933	0
1245	876	0
1246	942	0
1247	922	0
1248	903	0
1249	914	0
1250	951	0
1251	857	0
1252	863	0
1253	962	0
1254	892	0
1255	890	0
1256	962	0
1257	960	0
1258	935	0
1259	918	0
1260	971	0
1261	945	0
1262	877	0
1263	934	0
1264	921	0
1265	890	0
1266	970	0
1267	932	0
1268	962	0
1269	927	0
1270	927	0
1271	960	0
1272	908	0
1273	953	0
1274	961	0
1275	962	0
1276	953	0
1277	922	0
1278	940	0
1279	969	0
1280	907	0
1281	880	0
1282	944	0
1283	967	0
1284	933	0
1285	974	0
1286	916	0
1287	863	0
1288	892	0
1289	912	0
1290	973	0
1291	988	0
1292	926	0
1293	820	0
1294	948	0
1295	896	0
1296	904	0
1297	939	0
1298	835	0
1299	895	0
1300	918	0
1301	871	0
1302	851	0
1303	882	0
1304	959	0
1305	898	0
1306	922	0
1307	915	0
1308	963	0
1309	867	0
1310	948	0
1311	929	0
1312	940	0
1313	939	0
1314	970	0
1315	953	0
1316	883	0
1317	938	0
1318	965	0
1319	972	0
1320	898	0
1321	955	0
1322	897	0
1323	913	0
1324	952	0
1325	914	0
1326	946	0
1327	990	0
1328	924	0
1329	925	0
1330	889	0
1331	923	0
1332	989	0
1333	909	0
1334	915	0
1335	949	0
1336	980	0
1337	872	0
1338	972	0
1339	872	0
1340	898	0
1341	978	0
1342	946	0
1343	947	0
1344	1002	0
1345	895	0
1346	888	0
1347	972	0
1348	998	0
1349	912	0
1350	903	0
1351	872	0
1352	923	0
1353	933	0
1354	982	0
1355	879	0
1356	886	0
1357	912	0
1358	935	0
1359	920	0
1360	919	0
1361	876	0
1362	918	0
1363	966	0
1364	901	0
1365	954	0
1366	974	0
1367	909	0
1368	913	0
1369	965	0
1370	987	0
1371	906	0
1372	920	0
1373	925	0
1374	941	0
1375	862	0
1376	985	0
1377	901	0
1378	858	0
1379	960	0
1380	968	0
1381	955	0
1382	1002	0
1383	905	0
1384	950	0
1385	922	0
1386	945	0
1387	940	0
1388	990	0
1389	977	0
1390	950	0
1391	916	0
1392	914	0
1393	925	0
1394	919	0
1395	941	0
1396	952	0
1397	899	0
1398	924	0
1399	926	0
1400	924	0
1401	898	0
1402	972	0
1403	919	0
1404	840	0
1405	912	0
1406	927	0
1407	921	0
1408	919	0
1409	902	0
1410	932	0
1411	993	0
1412	889	0
1413	916	0
1414	856	0
1415	937	0
1416	945	0
1417	979	0
1418	952	0
1419	886	0
1420	918	0
1421	920	0
1422	953	0
1423	947	0
1424	970	0
1425	923	0
1426	897	0
1427	900	0
1428	873	0
1429	1037	0
1430	954	0
1431	954	0
1432	886	0
1433	939	0
1434	915	0
1435	946	0
1436	919	0
1437	970	0
1438	946	0
1439	923	0
1440	960	0
1441	950	0
1442	910	0
1443	933	0
1444	916	0
1445	929	0
1446	903	0
1447	929	0
1448	880	0
1449	960	0
1450	979	0
1451	998	0
1452	913	0
1453	931	0
1454	919	0
1455	877	0
1456	980	0
1457	971	0
1458	926	0
1459	957	0
1460	970	0
1461	879	0
1462	916	0
1463	1013	0
1464	936	0
1465	953	0
1466	878	0
1467	956	0
1468	918	0
1469	927	0
1470	926	0
1471	910	0
1472	899	0
1473	867	0
1474	964	0
1475	978	0
1476	875	0
1477	951	0
1478	925	0
1479	961	0
1480	1001	0
1481	911	0
1482	906	0
1483	944	0
1484	952	0
1485	860	0
1486	903	0
1487	902	0
1488	902	0
1489	898	0
1490	914	0
1491	919	0
1492	1003	0
1493	983	0
1494	866	0
1495	859	0
1496	856	0
1497	915	0
1498	970	0
1499	936	0
1500	919	0
1501	958	0
1502	947	0
1503	929	0
1504	899	0
1505	882	0
1506	1028	0
1507	984	0
1508	959	0
1509	945	0
1510	969	0
1511	877	0
1512	840	0
1513	953	0
1514	909	0
1515	936	0
1516	907	0
1517	939	0
1518	926	0
1519	951	0
1520	940	0
1521	904	0
1522	950	0
1523	947	0
1524	923	0
1525	902	0
1526	918	0
1527	925	0
1528	893	0
1529	909	0
1530	1037	0
1531	948	0
1532	873	0
1533	909	0
1534	916	0
1535	910	0
1536	929	0
1537	949	0
1538	946	0
1539	992	0
1540	919	0
1541	928	0
1542	934	0
1543	957	0
1544	897	0
1545	879	0
1546	855	0
1547	937	0
1548	925	0
1549	956	0
1550	973	0
1551	889	0
1552	981	0
1553	903	0
1554	906	0
1555	883	0
1556	1002	0
1557	969	0
1558	994	0
1559	980	0
1560	857	0
1561	891	0
1562	902	0
1563	892	0
1564	944	0
1565	880	0
1566	886	0
1567	885	0
1568	937	0
1569	959	0
1570	918	0
1571	915	0
1572	931	0
1573	948	0
1574	953	0
1575	937	0
1576	971	0
1577	948	0
1578	925	0
1579	911	0
1580	878	0
1581	918	0
1582	880	0
1583	950	0
1584	930	0
1585	903	0
1586	982	0
1587	891	0
1588	930	0
1589	948	0
1590	922	0
1591	882	0
1592	951	0
1593	945	0
1594	872	0
1595	897	0
1596	917	0
1597	898	0
1598	942	0
1599	953	0
1600	953	0
1601	901	0
1602	927	0
1603	938	0
1604	977	0
1605	879	0
1606	903	0
1607	906	0
1608	957	0
1609	946	0
1610	945	0
1611	948	0
1612	949	0
1613	917	0
1614	876	0
1615	917	0
1616	949	0
1617	952	0
1618	888	0
1619	926	0
1620	928	0
1621	945	0
1622	969	0
1623	1014	0
1624	965	0
1625	921	0
1626	978	0
1627	971	0
1628	884	0
1629	935	0
1630	915	0
1631	938	0
1632	870	0
1633	970	0
1634	862	0
1635	918	0
1636	931	0
1637	892	0
1638	944	0
1639	907	0
1640	923	0
1641	923	0
1642	945	0
1643	963	0
1644	934	0
1645	869	0
1646	960	0
1647	861	0
1648	948	0
1649	908	0
1650	908	0
1651	925	0
1652	909	0
1653	913	0
1654	923	0
1655	952	0
1656	932	0
1657	910	0
1658	913	0
1659	881	0
1660	969	0
1661	892	0
1662	894	0
1663	925	0
1664	914	0
1665	970	0
1666	952	0
1667	984	0
1668	911	0
1669	854	0
1670	995	0
1671	904	0
1672	913	0
1673	931	0
1674	918	0
1675	980	0
1676	909	0
1677	882	0
1678	983	0
1679	917	0
1680	972	0
1681	1014	0
1682	898	0
1683	923	0
1684	911	0
1685	938	0
1686	902	0
1687	886	0
1688	941	0
1689	876	0
1690	857	0
1691	847	0
1692	947	0
1693	906	0
1694	921	0
1695	869	0
1696	883	0
1697	903	0
1698	951	0
1699	922	0
1700	938	0
1701	892	0
1702	876	0
1703	865	0
1704	901	0
1705	908	0
1706	908	0
1707	898	0
1708	877	0
1709	913	0
1710	937	0
1711	966	0
1712	934	0
1713	953	0
1714	961	0
1715	925	0
1716	988	0
1717	934	0
1718	910	0
1719	962	0
1720	977	0
1721	949	0
1722	969	0
1723	935	0
1724	853	0
1725	898	0
1726	961	0
1727	896	0
1728	908	0
1729	966	0
1730	930	0
1731	917	0
1732	996	0
1733	923	0
1734	892	0
1735	861	0
1736	890	0
1737	897	0
1738	883	0
1739	980	0
1740	982	0
1741	953	0
1742	846	0
1743	973	0
1744	923	0
1745	916	0
1746	925	0
1747	939	0
1748	895	0
1749	967	0
1750	923	0
1751	971	0
1752	917	0
1753	1006	0
1754	904	0
1755	887	0
1756	930	0
1757	916	0
1758	937	0
1759	929	0
1760	996	0
1761	924	0
1762	989	0
1763	901	0
1764	885	0
1765	952	0
1766	929	0
1767	872	0
1768	1025	0
1769	969	0
1770	912	0
1771	852	0
1772	943	0
1773	880	0
1774	933	0
1775	932	0
1776	893	0
1777	950	0
1778	928	0
1779	958	0
1780	947	0
1781	893	0
1782	950	0
1783	899	0
1784	882	0
1785	952	0
1786	867	0
1787	925	0
1788	952	0
1789	944	0
1790	886	0
1791	977	0
1792	884	0
1793	948	0
1794	885	0
1795	918	0
1796	937	0
1797	940	0
1798	900	0
1799	947	0
1800	873	0
1801	900	0
1802	937	0
1803	950	0
1804	935	0
1805	981	0
1806	908	0
1807	914	0
1808	918	0
1809	989	0
1810	911	0
1811	967	0
1812	913	0
1813	849	0
1814	921	0
1815	936	0
1816	899	0
1817	953	0
1818	875	0
1819	871	0
1820	846	0
1821	941	0
1822	907	0
1823	960	0
1824	936	0
1825	849	0
1826	908	0
1827	962	0
1828	899	0
1829	920	0
1830	882	0
1831	952	0
1832	906	0
1833	952	0
1834	912	0
1835	895	0
1836	896	0
1837	905	0
1838	943	0
1839	915	0
1840	927	0
1841	999	0
1842	947	0
1843	902	0
1844	952	0
1845	847	0
1846	918	0
1847	931	0
1848	929	0
1849	947	0
1850	869	0
1851	899	0
1852	947	0
1853	934	0
1854	933	0
1855	932	0
1856	858	0
1857	977	0
1858	846	0
1859	957	0
1860	940	0
1861	897	0
1862	967	0
1863	903	0
1864	941	0
1865	962	0
1866	904	0
1867	928	0
1868	928	0
1869	915	0
1870	934	0
1871	908	0
1872	966	0
1873	878	0
1874	908	0
1875	940	0
1876	896	0
1877	936	0
1878	859	0
1879	877	0
1880	873	0
1881	927	0
1882	936	0
1883	903	0
1884	963	0
1885	893	0
1886	940	0
1887	948	0
1888	929	0
1889	947	0
1890	929	0
1891	916	0
1892	943	0
1893	961	0
1894	958	0
1895	913	0
1896	1003	0
1897	938	0
1898	908	0
1899	968	0
1900	973	0
1901	903	0
1902	924	0
1903	918	0
1904	939	0
1905	1012	0
1906	902	0
1907	860	0
1908	926	0
1909	921	0
1910	997	0
1911	950	0
1912	1037	0
1913	950	0
1914	910	0
1915	937	0
1916	867	0
1917	949	0
1918	940	0
1919	883	0
1920	911	0
1921	964	0
1922	1012	0
1923	978	0
1924	917	0
1925	913	0
1926	976	0
1927	1020	0
1928	898	0
1929	944	0
1930	937	0
1931	939	0
1932	954	0
1933	909	0
1934	919	0
1935	899	0
1936	945	0
1937	943	0
1938	904	0
1939	991	0
1940	873	0
1941	899	0
1942	982	0
1943	992	0
1944	899	0
1945	978	0
1946	945	0
1947	948	0
1948	914	0
1949	982	0
1950	886	0
1951	899	0
1952	928	0
1953	892	0
1954	998	0
1955	869	0
1956	908	0
1957	925	0
1958	945	0
1959	921	0
1960	963	0
1961	954	0
1962	940	0
1963	925	0
1964	915	0
1965	883	0
1966	967	0
1967	904	0
1968	945	0
1969	906	0
1970	955	0
1971	893	0
1972	958	0
1973	912	0
1974	1007	0
1975	924	0
1976	940	0
1977	952	0
1978	918	0
1979	941	0
1980	892	0
1981	964	0
1982	891	0
1983	924	0
1984	926	0
1985	998	0
1986	885	0
1987	895	0
1988	968	0
1989	905	0
1990	883	0
1991	955	0
1992	945	0
1993	917	0
1994	895	0
1995	978	0
1996	942	0
1997	918	0
1998	971	0
1999	917	0
2000	942	0
2001	943	0
2002	903	0
2003	886	0
2004	923	0
2005	889	0
2006	924	0
2007	911	0
2008	854	0
2009	893	0
2010	910	0
2011	910	0
2012	948	0
2013	935	0
2014	910	0
2015	900	0
2016	894	0
2017	963	0
2018	914	0
2019	944	0
2020	986	0
2021	925	0
2022	919	0
2023	879	0
2024	960	0
2025	957	0
2026	956	0
2027	967	0
2028	918	0
2029	902	0
2030	959	0
2031	914	0
2032	940	0
2033	853	0
2034	904	0
2035	930	0
2036	934	0
2037	903	0
2038	913	0
2039	929	0
2040	932	0
2041	905	0
2042	935	0
2043	878	0
2044	927	0
2045	941	0
2046	915	0
2047	982	0
2048	895	0
2049	961	0
2050	924	0
2051	960	0
2052	912	0
2053	942	0
2054	900	0
2055	896	0
2056	893	0
2057	954	0
2058	911	0
2059	942	0
2060	1001	0
2061	937	0
2062	964	0
2063	974	0
2064	856	0
2065	929	0
2066	900	0
2067	903	0
2068	827	0
2069	931	0
2070	931	0
2071	911	0
2072	934	0
2073	902	0
2074	946	0
2075	884	0
2076	929	0
2077	925	0
2078	903	0
2079	889	0
2080	885	0
2081	919	0
2082	876	0
2083	936	0
2084	902	0
2085	972	0
2086	891	0
2087	909	0
2088	933	0
2089	909	0
2090	970	0
2091	905	0
2092	917	0
2093	830	0
2094	944	0
2095	907	0
2096	966	0
2097	897	0
2098	937	0
2099	938	0
2100	964	0
2101	953	0
2102	946	0
2103	975	0
2104	921	0
2105	938	0
2106	950	0
2107	920	0
2108	960	0
2109	891	0
2110	927	0
2111	958	0
2112	856	0
2113	919	0
2114	877	0
2115	895	0
2116	903	0
2117	933	0
2118	958	0
2119	938	0
2120	951	0
2121	930	0
2122	858	0
2123	918	0
2124	948	0
2125	951	0
2126	875	0
2127	923	0
2128	971	0
2129	931	0
2130	912	0
2131	904	0
2132	901	0
2133	950	0
2134	960	0
2135	866	0
2136	921	0
2137	914	0
2138	851	0
2139	927	0
2140	946	0
2141	966	0
2142	912	0
2143	903	0
2144	861	0
2145	885	0
2146	965	0
2147	954	0
2148	947	0
2149	935	0
2150	1019	0
2151	951	0
2152	976	0
2153	893	0
2154	930	0
2155	863	0
2156	957	0
2157	994	0
2158	939	0
2159	881	0
2160	884	0
2161	949	0
2162	938	0
2163	944	0
2164	1035	0
2165	857	0
2166	867	0
2167	928	0
2168	1012	0
2169	1015	0
2170	848	0
2171	966	0
2172	927	0
2173	909	0
2174	928	0
2175	935	0
2176	920	0
2177	930	0
2178	916	0
2179	962	0
2180	902	0
2181	933	0
2182	819	0
2183	941	0
2184	939	0
2185	970	0
2186	973	0
2187	933	0
2188	876	0
2189	878	0
2190	873	0
2191	917	0
2192	921	0
2193	916	0
2194	955	0
2195	1024	0
2196	944	0
2197	911	0
2198	959	0
2199	923	0
2200	926	0
2201	881	0
2202	899	0
2203	914	0
2204	885	0
2205	900	0
2206	917	0
2207	954	0
2208	931	0
2209	885	0
2210	915	0
2211	935	0
2212	932	0
2213	984	0
2214	962	0
2215	927	0
2216	901	0
2217	972	0
2218	932	0
2219	950	0
2220	919	0
2221	956	0
2222	926	0
2223	985	0
2224	863	0
2225	954	0
2226	915	0
2227	853	0
2228	903	0
2229	935	0
2230	960	0
2231	906	0
2232	933	0
2233	946	0
2234	879	0
2235	869	0
2236	870	0
2237	951	0
2238	907	0
2239	932	0
2240	952	0
2241	911	0
2242	859	0
2243	901	0
2244	951	0
2245	888	0
2246	887	0
2247	932	0
2248	957	0
2249	1004	0
2250	906	0
2251	856	0
2252	895	0
2253	921	0
2254	940	0
2255	889	0
2256	923	0
2257	880	0
2258	868	0
2259	930	0
2260	907	0
2261	926	0
2262	916	0
2263	969	0
2264	871	0
2265	933	0
2266	934	0
2267	943	0
2268	948	0
2269	1006	0
2270	975	0
2271	858	0
2272	895	0
2273	846	0
2274	960	0
2275	912	0
2276	1007	0
2277	906	0
2278	946	0
2279	931	0
2280	907	0
2281	958	0
2282	948	0
2283	951	0
2284	928	0
2285	890	0
2286	885	0
2287	930	0
2288	915	0
2289	983	0
2290	997	0
2291	902	0
2292	946	0
2293	834	0
2294	921	0
2295	919	0
2296	1025	0
2297	884	0
2298	856	0
2299	909	0
2300	856	0
2301	947	0
2302	938	0
2303	894	0
2304	881	0
2305	888	0
2306	934	0
2307	908	0
2308	955	0
2309	923	0
2310	886	0
2311	945	0
2312	863	0
2313	853	0
2314	892	0
2315	923	0
2316	943	0
2317	974	0
2318	966	0
2319	930	0
2320	918	0
2321	968	0
2322	882	0
2323	889	0
2324	894	0
2325	939	0
2326	912	0
2327	936	0
2328	927	0
2329	903	0
2330	963	0
2331	934	0
2332	904	0
2333	931	0
2334	980	0
2335	856	0
2336	868	0
2337	930	0
2338	855	0
2339	906	0
2340	965	0
2341	949	0
2342	951	0
2343	951	0
2344	917	0
2345	931	0
2346	907	0
2347	870	0
2348	880	0
2349	933	0
2350	864	0
2351	930	0
2352	945	0
2353	907	0
2354	1018	0
2355	909	0
2356	927	0
2357	888	0
2358	953	0
2359	918	0
2360	880	0
2361	867	0
2362	897	0
2363	957	0
2364	989	0
2365	885	0
2366	878	0
2367	1003	0
2368	938	0
2369	947	0
2370	954	0
2371	929	0
2372	848	0
2373	921	0
2374	905	0
2375	900	0
2376	900	0
2377	909	0
2378	893	0
2379	871	0
2380	921	0
2381	940	0
2382	943	0
2383	975	0
2384	884	0
2385	969	0
2386	942	0
2387	911	0
2388	925	0
2389	962	0
2390	881	0
2391	883	0
2392	930	0
2393	909	0
2394	912	0
2395	934	0
2396	1011	0
2397	983	0
2398	833	0
2399	965	0
2400	911	0
2401	951	0
2402	892	0
2403	902	0
2404	950	0
2405	974	0
2406	934	0
2407	971	0
2408	842	0
2409	914	0
2410	854	0
2411	932	0
2412	908	0
2413	897	0
2414	1008	0
2415	919	0
2416	940	0
2417	911	0
2418	941	0
2419	887	0
2420	917	0
2421	898	0
2422	916	0
2423	874	0
2424	898	0
2425	890	0
2426	964	0
2427	881	0
2428	862	0
2429	912	0
2430	837	0
2431	892	0
2432	918	0
2433	884	0
2434	976	0
2435	957	0
2436	911	0
2437	897	0
2438	888	0
2439	928	0
2440	882	0
2441	894	0
2442	870	0
2443	878	0
2444	1029	0
2445	893	0
2446	949	0
2447	872	0
2448	889	0
2449	934	0
2450	894	0
2451	960	0
2452	925	0
2453	903	0
2454	914	0
2455	897	0
2456	971	0
2457	929	0
2458	939	0
2459	911	0
2460	931	0
2461	890	0
2462	886	0
2463	1007	0
2464	943	0
2465	923	0
2466	959	0
2467	976	0
2468	901	0
2469	938	0
2470	896	0
2471	949	0
2472	892	0
2473	938	0
2474	912	0
2475	911	0
2476	886	0
2477	900	0
2478	920	0
2479	923	0
2480	959	0
2481	952	0
2482	908	0
2483	866	0
2484	909	0
2485	934	0
2486	921	0
2487	893	0
2488	912	0
2489	869	0
2490	954	0
2491	916	0
2492	916	0
2493	989	0
2494	905	0
2495	944	0
2496	1002	0
2497	935	0
2498	938	0
2499	878	0
2500	932	0
2501	950	0
2502	903	0
2503	966	0
2504	912	0
2505	1023	0
2506	863	0
2507	935	0
2508	900	0
2509	917	0
2510	912	0
2511	922	0
2512	885	0
2513	972	0
2514	919	0
2515	931	0
2516	1003	0
2517	878	0
2518	993	0
2519	887	0
2520	953	0
2521	927	0
2522	946	0
2523	939	0
2524	903	0
2525	878	0
2526	926	0
2527	903	0
2528	929	0
2529	943	0
2530	908	0
2531	930	0
2532	969	0
2533	952	0
2534	911	0
2535	921	0
2536	905	0
2537	919	0
2538	900	0
2539	937	0
2540	931	0
2541	891	0
2542	941	0
2543	997	0
2544	912	0
2545	908	0
2546	938	0
2547	968	0
2548	912	0
2549	921	0
2550	904	0
2551	947	0
2552	924	0
2553	896	0
2554	938	0
2555	952	0
2556	985	0
2557	945	0
2558	918	0
2559	925	0
2560	896	0
2561	1031	0
2562	956	0
2563	948	0
2564	919	0
2565	903	0
2566	954	0
2567	862	0
2568	956	0
2569	945	0
2570	902	0
2571	926	0
2572	956	0
2573	898	0
2574	895	0
2575	941	0
2576	925	0
2577	970	0
2578	953	0
2579	896	0
2580	941	0
2581	908	0
2582	883	0
2583	945	0
2584	961	0
2585	902	0
2586	924	0
2587	967	0
2588	936	0
2589	949	0
2590	960	0
2591	955	0
2592	975	0
2593	970	0
2594	916	0
2595	906	0
2596	898	0
2597	917	0
2598	911	0
2599	899	0
2600	920	0
2601	877	0
2602	891	0
2603	926	0
2604	907	0
2605	942	0
2606	922	0
2607	932	0
2608	929	0
2609	982	0
2610	861	0
2611	930	0
2612	990	0
2613	871	0
2614	978	0
2615	1002	0
2616	950	0
2617	903	0
2618	933	0
2619	877	0
2620	865	0
2621	913	0
2622	924	0
2623	884	0
2624	897	0
2625	932	0
2626	944	0
2627	908	0
2628	953	0
2629	860	0
2630	956	0
2631	909	0
2632	949	0
2633	979	0
2634	863	0
2635	934	0
2636	949	0
2637	965	0
2638	1079	0
2639	926	0
2640	918	0
2641	888	0
2642	891	0
2643	884	0
2644	911	0
2645	977	0
2646	1021	0
2647	923	0
2648	930	0
2649	929	0
2650	879	0
2651	844	0
2652	954	0
2653	892	0
2654	911	0
2655	847	0
2656	979	0
2657	835	0
2658	932	0
2659	928	0
2660	907	0
2661	986	0
2662	923	0
2663	906	0
2664	937	0
2665	909	0
2666	968	0
2667	952	0
2668	928	0
2669	948	0
2670	953	0
2671	893	0
2672	911	0
2673	926	0
2674	898	0
2675	909	0
2676	1003	0
2677	962	0
2678	969	0
2679	889	0
2680	961	0
2681	968	0
2682	960	0
2683	895	0
2684	894	0
2685	950	0
2686	938	0
2687	997	0
2688	945	0
2689	904	0
2690	947	0
2691	890	0
2692	1015	0
2693	934	0
2694	909	0
2695	957	0
2696	916	0
2697	934	0
2698	903	0
2699	873	0
2700	960	0
2701	1011	0
2702	890	0
2703	886	0
2704	929	0
2705	902	0
2706	885	0
2707	954	0
2708	963	0
2709	974	0
2710	953	0
2711	960	0
2712	945	0
2713	909	0
2714	942	0
2715	908	0
2716	936	0
2717	953	0
2718	898	0
2719	904	0
2720	940	0
2721	911	0
2722	972	0
2723	941	0
2724	908	0
2725	917	0
2726	924	0
2727	881	0
2728	1025	0
2729	904	0
2730	955	0
2731	925	0
2732	886	0
2733	903	0
2734	960	0
2735	952	0
2736	920	0
2737	888	0
2738	936	0
2739	930	0
2740	965	0
2741	920	0
2742	932	0
2743	878	0
2744	976	0
2745	964	0
2746	925	0
2747	995	0
2748	937	0
2749	916	0
2750	898	0
2751	919	0
2752	899	0
2753	960	0
2754	906	0
2755	901	0
2756	950	0
2757	953	0
2758	966	0
2759	1014	0
2760	921	0
2761	873	0
2762	921	0
2763	911	0
2764	937	0
2765	938	0
2766	878	0
2767	899	0
2768	932	0
2769	908	0
2770	923	0
2771	919	0
2772	894	0
2773	889	0
2774	911	0
2775	889	0
2776	946	0
2777	883	0
2778	963	0
2779	848	0
2780	902	0
2781	973	0
2782	874	0
2783	914	0
2784	971	0
2785	914	0
2786	924	0
2787	907	0
2788	893	0
2789	934	0
2790	914	0
2791	922	0
2792	957	0
2793	978	0
2794	932	0
2795	934	0
2796	909	0
2797	918	0
2798	898	0
2799	984	0
2800	927	0
2801	892	0
2802	971	0
2803	951	0
2804	905	0
2805	942	0
2806	922	0
2807	958	0
2808	918	0
2809	936	0
2810	868	0
2811	874	0
2812	912	0
2813	946	0
2814	916	0
2815	974	0
2816	890	0
2817	886	0
2818	926	0
2819	912	0
2820	903	0
2821	927	0
2822	950	0
2823	978	0
2824	922	0
2825	906	0
2826	1012	0
2827	909	0
2828	946	0
2829	936	0
2830	964	0
2831	924	0
2832	879	0
2833	976	0
2834	963	0
2835	911	0
2836	947	0
2837	983	0
2838	909	0
2839	994	0
2840	939	0
2841	930	0
2842	923	0
2843	878	0
2844	923	0
2845	929	0
2846	962	0
2847	915	0
2848	981	0
2849	918	0
2850	922	0
2851	976	0
2852	912	0
2853	915	0
2854	934	0
2855	941	0
2856	922	0
2857	919	0
2858	944	0
2859	979	0
2860	879	0
2861	940	0
2862	922	0
2863	931	0
2864	904	0
2865	950	0
2866	957	0
2867	904	0
2868	940	0
2869	977	0
2870	950	0
2871	944	0
2872	984	0
2873	995	0
2874	955	0
2875	1017	0
2876	894	0
2877	895	0
2878	892	0
2879	880	0
2880	974	0
2881	924	0
2882	915	0
2883	937	0
2884	958	0
2885	917	0
2886	880	0
2887	877	0
2888	885	0
2889	851	0
2890	925	0
2891	944	0
2892	941	0
2893	936	0
2894	974	0
2895	907	0
2896	941	0
2897	926	0
2898	985	0
2899	917	0
2900	947	0
2901	921	0
2902	988	0
2903	952	0
2904	976	0
2905	960	0
2906	935	0
2907	928	0
2908	967	0
2909	933	0
2910	926	0
2911	937	0
2912	980	0
2913	919	0
2914	942	0
2915	884	0
2916	955	0
2917	871	0
2918	936	0
2919	956	0
2920	951	0
2921	895	0
2922	946	0
2923	959	0
2924	1007	0
2925	932	0
2926	930	0
2927	891	0
2928	913	0
2929	884	0
2930	953	0
2931	901	0
2932	943	0
2933	887	0
2934	889	0
2935	1004	0
2936	951	0
2937	929	0
2938	968	0
2939	925	0
2940	996	0
2941	939	0
2942	967	0
2943	918	0
2944	839	0
2945	964	0
2946	919	0
2947	945	0
2948	895	0
2949	959	0
2950	922	0
2951	883	0
2952	946	0
2953	936	0
2954	948	0
2955	949	0
2956	886	0
2957	927	0
2958	863	0
2959	914	0
2960	921	0
2961	920	0
2962	955	0
2963	957	0
2964	985	0
2965	900	0
2966	939	0
2967	940	0
2968	985	0
2969	959	0
2970	948	0
2971	953	0
2972	967	0
2973	870	0
2974	948	0
2975	895	0
2976	891	0
2977	944	0
2978	887	0
2979	911	0
2980	919	0
2981	945	0
2982	947	0
2983	915	0
2984	945	0
2985	1032	0
2986	879	0
2987	954	0
2988	946	0
2989	933	0
2990	899	0
2991	940	0
2992	962	0
2993	906	0
2994	919	0
2995	997	0
2996	930	0
2997	932	0
2998	931	0
2999	938	0
3000	964	0
