1	974	0
2	890	0
3	947	0
4	859	0
5	912	0
6	914	0
7	868	0
8	904	0
9	908	0
10	922	0
11	885	0
12	905	0
13	918	0
14	965	0
15	934	0
16	977	0
17	905	0
18	904	0
19	961	0
20	937	0
21	1026	0
22	913	0
23	904	0
24	962	0
25	954	0
26	912	0
27	931	0
28	928	0
29	947	0
30	975	0
31	953	0
32	962	0
33	876	0
34	917	0
35	939	0
36	906	0
37	913	0
38	908	0
39	965	0
40	898	0
41	901	0
42	884	0
43	852	0
44	1001	0
45	923	0
46	887	0
47	947	0
48	894	0
49	927	0
50	909	0
51	922	0
52	927	0
53	944	0
54	924	0
55	912	0
56	970	0
57	915	0
58	872	0
59	946	0
60	913	0
61	964	0
62	897	0
63	892	0
64	961	0
65	1012	0
66	935	0
67	935	0
68	1019	0
69	879	0
70	904	0
71	906	0
72	882	0
73	928	0
74	926	0
75	944	0
76	891	0
77	898	0
78	913	0
79	935	0
80	958	0
81	939	0
82	882	0
83	949	0
84	917	0
85	892	0
86	938	0
87	991	0
88	992	0
89	882	0
90	867	0
91	936	0
92	918	0
93	916	0
94	927	0
95	995	0
96	843	0
97	893	0
98	942	0
99	927	0
100	1014	0
101	908	0
102	876	0
103	872	0
104	940	0
105	910	0
106	858	0
107	924	0
108	937	0
109	907	0
110	983	0
111	1013	0
112	947	0
113	1031	0
114	944	0
115	908	0
116	938	0
117	916	0
118	903	0
119	874	0
120	930	0
121	956	0
122	978	0
123	910	0
124	898	0
125	925	0
126	899	0
127	889	0
128	931	0
129	962	0
130	943	0
131	955	0
132	895	0
133	943	0
134	919	0
135	886	0
136	920	0
137	985	0
138	943	0
139	920	0
140	921	0
141	933	0
142	984	0
143	969	0
144	933	0
145	904	0
146	926	0
147	1014	0
148	900	0
149	910	0
150	886	0
151	917	0
152	944	0
153	938	0
154	906	0
155	950	0
156	1010	0
157	896	0
158	922	0
159	970	0
160	888	0
161	962	0
162	932	0
163	866	0
164	914	0
165	864	0
166	946	0
167	986	0
168	857	0
169	977	0
170	975	0
171	928	0
172	963	0
173	947	0
174	890	0
175	968	0
176	953	0
177	912	0
178	908	0
179	946	0
180	945	0
181	909	0
182	924	0
183	930	0
184	1004	0
185	966	0
186	1019	0
187	899	0
188	955	0
189	959	0
190	994	0
191	883	0
192	922	0
193	948	0
194	920	0
195	888	0
196	893	0
197	946	0
198	922	0
199	950	0
200	927	0
201	883	0
202	875	0
203	910	0
204	943	0
205	920	0
206	922	0
207	907	0
208	959	0
209	938	0
210	925	0
211	979	0
212	931	0
213	964	0
214	868	0
215	940	0
216	866	0
217	925	0
218	930	0
219	925	0
220	976	0
221	963	0
222	886	0
223	910	0
224	959	0
225	949	0
226	958	0
227	971	0
228	955	0
229	964	0
230	954	0
231	1001	0
232	958	0
233	1018	0
234	938	0
235	907	0
236	854	0
237	878	0
238	906	0
239	901	0
240	854	0
241	890	0
242	911	0
243	988	0
244	946	0
245	929	0
246	900	0
247	1001	0
248	862	0
249	858	0
250	995	0
251	902	0
252	881	0
253	985	0
254	889	0
255	941	0
256	987	0
257	933	0
258	925	0
259	914	0
260	941	0
261	963	0
262	946	0
263	995	0
264	936	0
265	987	0
266	943	0
267	902	0
268	936	0
269	977	0
270	920	0
271	909	0
272	879	0
273	885	0
274	915	0
275	1002	0
276	942	0
277	961	0
278	974	0
279	924	0
280	943	0
281	977	0
282	957	0
283	930	0
284	970	0
285	934	0
286	997	0
287	889	0
288	901	0
289	919	0
290	932	0
291	964	0
292	988	0
293	884	0
294	897	0
295	976	0
296	934	0
297	948	0
298	888	0
299	925	0
300	942	0
301	897	0
302	989	0
303	939	0
304	894	0
305	885	0
306	1006	0
307	920	0
308	964	0
309	947	0
310	910	0
311	963	0
312	954	0
313	940	0
314	951	0
315	933	0
316	851	0
317	890	0
318	904	0
319	959	0
320	924	0
321	956	0
322	961	0
323	909	0
324	935	0
325	946	0
326	915	0
327	900	0
328	914	0
329	970	0
330	923	0
331	961	0
332	943	0
333	954	0
334	928	0
335	905	0
336	929	0
337	910	0
338	958	0
339	925	0
340	959	0
341	932	0
342	894	0
343	1005	0
344	888	0
345	915	0
346	909	0
347	858	0
348	928	0
349	861	0
350	934	0
351	911	0
352	843	0
353	886	0
354	1031	0
355	983	0
356	947	0
357	880	0
358	984	0
359	967	0
360	916	0
361	985	0
362	916	0
363	883	0
364	973	0
365	869	0
366	868	0
367	960	0
368	929	0
369	881	0
370	853	0
371	860	0
372	959	0
373	992	0
374	879	0
375	881	0
376	922	0
377	977	0
378	958	0
379	960	0
380	915	0
381	974	0
382	905	0
383	925	0
384	948	0
385	867	0
386	955	0
387	925	0
388	904	0
389	925	0
390	956	0
391	953	0
392	934	0
393	902	0
394	970	0
395	934	0
396	898	0
397	935	0
398	946	0
399	918	0
400	921	0
401	1019	0
402	944	0
403	998	0
404	980	0
405	926	0
406	959	0
407	976	0
408	982	0
409	948	0
410	890	0
411	965	0
412	944	0
413	975	0
414	932	0
415	893	0
416	947	0
417	951	0
418	965	0
419	925	0
420	962	0
421	899	0
422	924	0
423	874	0
424	921	0
425	1000	0
426	952	0
427	1016	0
428	916	0
429	857	0
430	947	0
431	897	0
432	921	0
433	980	0
434	885	0
435	993	0
436	947	0
437	917	0
438	981	0
439	912	0
440	946	0
441	929	0
442	894	0
443	922	0
444	973	0
445	949	0
446	910	0
447	976	0
448	877	0
449	910	0
450	909	0
451	855	0
452	927	0
453	1015	0
454	963	0
455	962	0
456	939	0
457	919	0
458	967	0
459	884	0
460	970	0
461	914	0
462	935	0
463	914	0
464	911	0
465	924	0
466	918	0
467	897	0
468	872	0
469	981	0
470	910	0
471	943	0
472	896	0
473	973	0
474	940	0
475	935	0
476	912	0
477	974	0
478	958	0
479	886	0
480	917	0
481	926	0
482	952	0
483	929	0
484	960	0
485	939	0
486	912	0
487	894	0
488	940	0
489	949	0
490	926	0
491	956	0
492	943	0
493	934	0
494	960	0
495	917	0
496	913	0
497	914	0
498	936	0
499	962	0
500	939	0
501	995	0
502	941	0
503	930	0
504	930	0
505	949	0
506	849	0
507	912	0
508	926	0
509	921	0
510	891	0
511	953	0
512	917	0
513	933	0
514	980	0
515	918	0
516	935	0
517	881	0
518	1005	0
519	940	0
520	956	0
521	899	0
522	927	0
523	909	0
524	904	0
525	980	0
526	906	0
527	943	0
528	927	0
529	940	0
530	939	0
531	923	0
532	936	0
533	877	0
534	931	0
535	897	0
536	904	0
537	902	0
538	905	0
539	902	0
540	880	0
541	892	0
542	916	0
543	920	0
544	977	0
545	939	0
546	935	0
547	987	0
548	914	0
549	909	0
550	931	0
551	907	0
552	902	0
553	928	0
554	856	0
555	893	0
556	898	0
557	898	0
558	896	0
559	882	0
560	961	0
561	890	0
562	991	0
563	940	0
564	917	0
565	994	0
566	936	0
567	952	0
568	940	0
569	980	0
570	935	0
571	908	0
572	952	0
573	878	0
574	922	0
575	972	0
576	871	0
577	932	0
578	918	0
579	890	0
580	956	0
581	908	0
582	936	0
583	937	0
584	928	0
585	915	0
586	855	0
587	944	0
588	909	0
589	956	0
590	903	0
591	888	0
592	916	0
593	950	0
594	947	0
595	930	0
596	878	0
597	929	0
598	856	0
599	918	0
600	930	0
601	906	0
602	941	0
603	908	0
604	929	0
605	978	0
606	936	0
607	926	0
608	929	0
609	947	0
610	941	0
611	909	0
612	959	0
613	941	0
614	889	0
615	923	0
616	964	0
617	951	0
618	930	0
619	972	0
620	872	0
621	904	0
622	942	0
623	945	0
624	907	0
625	886	0
626	849	0
627	900	0
628	967	0
629	951	0
630	924	0
631	955	0
632	838	0
633	910	0
634	909	0
635	905	0
636	968	0
637	920	0
638	939	0
639	993	0
640	964	0
641	903	0
642	941	0
643	974	0
644	1030	0
645	895	0
646	909	0
647	891	0
648	907	0
649	919	0
650	941	0
651	928	0
652	890	0
653	904	0
654	917	0
655	906	0
656	950	0
657	874	0
658	930	0
659	902	0
660	922	0
661	889	0
662	895	0
663	866	0
664	916	0
665	890	0
666	944	0
667	951	0
668	933	0
669	934	0
670	982	0
671	862	0
672	878	0
673	928	0
674	950	0
675	908	0
676	939	0
677	902	0
678	893	0
679	935	0
680	972	0
681	920	0
682	971	0
683	867	0
684	976	0
685	897	0
686	891	0
687	986	0
688	934	0
689	950	0
690	891	0
691	929	0
692	927	0
693	969	0
694	947	0
695	948	0
696	939	0
697	958	0
698	1001	0
699	957	0
700	955	0
701	1013	0
702	892	0
703	864	0
704	913	0
705	943	0
706	930	0
707	934	0
708	896	0
709	992	0
710	875	0
711	961	0
712	954	0
713	937	0
714	891	0
715	900	0
716	862	0
717	967	0
718	914	0
719	939	0
720	895	0
721	877	0
722	980	0
723	945	0
724	868	0
725	896	0
726	953	0
727	852	0
728	970	0
729	942	0
730	936	0
731	891	0
732	903	0
733	969	0
734	906	0
735	934	0
736	919	0
737	961	0
738	954	0
739	824	0
740	884	0
741	894	0
742	1015	0
743	920	0
744	945	0
745	924	0
746	880	0
747	963	0
748	901	0
749	959	0
750	902	0
751	927	0
752	905	0
753	916	0
754	918	0
755	951	0
756	872	0
757	936	0
758	954	0
759	930	0
760	858	0
761	922	0
762	887	0
763	898	0
764	949	0
765	963	0
766	950	0
767	978	0
768	873	0
769	880	0
770	913	0
771	949	0
772	885	0
773	941	0
774	888	0
775	923	0
776	886	0
777	965	0
778	853	0
779	963	0
780	953	0
781	900	0
782	873	0
783	951	0
784	947	0
785	925	0
786	888	0
787	962	0
788	888	0
789	1002	0
790	943	0
791	925	0
792	955	0
793	946	0
794	912	0
795	890	0
796	917	0
797	974	0
798	979	0
799	923	0
800	898	0
801	963	0
802	974	0
803	912	0
804	801	0
805	932	0
806	958	0
807	923	0
808	916	0
809	948	0
810	911	0
811	942	0
812	965	0
813	898	0
814	911	0
815	909	0
816	982	0
817	851	0
818	897	0
819	959	0
820	924	0
821	910	0
822	912	0
823	911	0
824	919	0
825	892	0
826	915	0
827	966	0
828	907	0
829	893	0
830	913	0
831	913	0
832	951	0
833	986	0
834	943	0
835	917	0
836	979	0
837	948	0
838	956	0
839	945	0
840	1001	0
841	911	0
842	891	0
843	1007	0
844	942	0
845	938	0
846	957	0
847	937	0
848	959	0
849	902	0
850	939	0
851	928	0
852	919	0
853	895	0
854	982	0
855	931	0
856	922	0
857	952	0
858	948	0
859	941	0
860	903	0
861	960	0
862	899	0
863	875	0
864	955	0
865	897	0
866	939	0
867	954	0
868	902	0
869	910	0
870	944	0
871	969	0
872	912	0
873	906	0
874	968	0
875	876	0
876	937	0
877	941	0
878	936	0
879	939	0
880	1004	0
881	882	0
882	978	0
883	947	0
884	970	0
885	940	0
886	920	0
887	860	0
888	951	0
889	1000	0
890	891	0
891	883	0
892	942	0
893	930	0
894	944	0
895	1026	0
896	826	0
897	942	0
898	946	0
899	846	0
900	896	0
901	957	0
902	871	0
903	890	0
904	928	0
905	872	0
906	770	0
907	930	0
908	917	0
909	900	0
910	871	0
911	933	0
912	877	0
913	953	0
914	867	0
915	940	0
916	961	0
917	925	0
918	965	0
919	968	0
920	923	0
921	939	0
922	898	0
923	944	0
924	943	0
925	861	0
926	937	0
927	897	0
928	874	0
929	930	0
930	926	0
931	930	0
932	951	0
933	882	0
934	952	0
935	970	0
936	854	0
937	884	0
938	923	0
939	892	0
940	943	0
941	921	0
942	933	0
943	960	0
944	923	0
945	919	0
946	970	0
947	833	0
948	900	0
949	871	0
950	848	0
951	948	0
952	936	0
953	947	0
954	911	0
955	914	0
956	875	0
957	937	0
958	991	0
959	843	0
960	984	0
961	935	0
962	896	0
963	917	0
964	912	0
965	964	0
966	967	0
967	977	0
968	922	0
969	893	0
970	886	0
971	943	0
972	948	0
973	920	0
974	983	0
975	1004	0
976	944	0
977	940	0
978	972	0
979	877	0
980	948	0
981	914	0
982	934	0
983	886	0
984	901	0
985	951	0
986	953	0
987	938	0
988	914	0
989	920	0
990	906	0
991	913	0
992	930	0
993	957	0
994	937	0
995	858	0
996	847	0
997	937	0
998	996	0
999	907	0
1000	908	0
1001	951	0
1002	907	0
1003	875	0
1004	893	0
1005	923	0
1006	966	0
1007	959	0
1008	864	0
1009	902	0
1010	867	0
1011	943	0
1012	936	0
1013	953	0
1014	967	0
1015	898	0
1016	957	0
1017	939	0
1018	862	0
1019	869	0
1020	866	0
1021	921	0
1022	936	0
1023	936	0
1024	905	0
1025	924	0
1026	971	0
1027	913	0
1028	918	0
1029	922	0
1030	953	0
1031	989	0
1032	874	0
1033	904	0
1034	921	0
1035	897	0
1036	946	0
1037	957	0
1038	878	0
1039	912	0
1040	910	0
1041	921	0
1042	981	0
1043	907	0
1044	888	0
1045	980	0
1046	910	0
1047	968	0
1048	889	0
1049	808	0
1050	949	0
1051	919	0
1052	855	0
1053	943	0
1054	922	0
1055	993	0
1056	932	0
1057	848	0
1058	883	0
1059	899	0
1060	899	0
1061	910	0
1062	918	0
1063	947	0
1064	960	0
1065	927	0
1066	949	0
1067	921	0
1068	953	0
1069	888	0
1070	895	0
1071	857	0
1072	970	0
1073	895	0
1074	959	0
1075	940	0
1076	1008	0
1077	921	0
1078	942	0
1079	854	0
1080	950	0
1081	901	0
1082	954	0
1083	956	0
1084	914	0
1085	930	0
1086	954	0
1087	951	0
1088	922	0
1089	913	0
1090	923	0
1091	889	0
1092	891	0
1093	940	0
1094	974	0
1095	925	0
1096	974	0
1097	897	0
1098	898	0
1099	911	0
1100	976	0
1101	937	0
1102	968	0
1103	911	0
1104	922	0
1105	982	0
1106	866	0
1107	914	0
1108	947	0
1109	935	0
1110	960	0
1111	915	0
1112	939	0
1113	935	0
1114	926	0
1115	990	0
1116	1009	0
1117	947	0
1118	902	0
1119	953	0
1120	947	0
1121	977	0
1122	986	0
1123	940	0
1124	914	0
1125	955	0
1126	969	0
1127	866	0
1128	942	0
1129	914	0
1130	926	0
1131	912	0
1132	891	0
1133	939	0
1134	971	0
1135	858	0
1136	978	0
1137	864	0
1138	921	0
1139	897	0
1140	946	0
1141	875	0
1142	916	0
1143	937	0
1144	919	0
1145	955	0
1146	848	0
1147	943	0
1148	982	0
1149	958	0
1150	909	0
1151	985	0
1152	921	0
1153	911	0
1154	933	0
1155	931	0
1156	950	0
1157	959	0
1158	909	0
1159	939	0
1160	872	0
1161	935	0
1162	918	0
1163	890	0
1164	872	0
1165	968	0
1166	907	0
1167	927	0
1168	913	0
1169	950	0
1170	918	0
1171	911	0
1172	957	0
1173	916	0
1174	905	0
1175	913	0
1176	931	0
1177	943	0
1178	976	0
1179	891	0
1180	975	0
1181	918	0
1182	929	0
1183	885	0
1184	913	0
1185	876	0
1186	999	0
1187	895	0
1188	1042	0
1189	905	0
1190	907	0
1191	855	0
1192	931	0
1193	841	0
1194	892	0
1195	955	0
1196	982	0
1197	910	0
1198	924	0
1199	878	0
1200	1014	0
1201	855	0
1202	982	0
1203	1026	0
1204	889	0
1205	967	0
1206	958	0
1207	949	0
1208	854	0
1209	881	0
1210	900	0
1211	922	0
1212	907	0
1213	933	0
1214	890	0
1215	968	0
1216	910	0
1217	948	0
1218	915	0
1219	917	0
1220	932	0
1221	855	0
1222	902	0
1223	963	0
1224	880	0
1225	922	0
1226	920	0
1227	920	0
1228	964	0
1229	979	0
1230	950	0
1231	898	0
1232	937	0
1233	1036	0
1234	918	0
1235	954	0
1236	891	0
1237	941	0
1238	868	0
1239	934	0
1240	942	0
1241	945	0
1242	946	0
1243	875	0
1244	987	0
1245	980	0
1246	911	0
1247	944	0
1248	962	0
1249	867	0
1250	962	0
1251	914	0
1252	928	0
1253	936	0
1254	919	0
1255	902	0
1256	963	0
1257	895	0
1258	924	0
1259	909	0
1260	869	0
1261	953	0
1262	912	0
1263	897	0
1264	983	0
1265	916	0
1266	927	0
1267	945	0
1268	918	0
1269	974	0
1270	852	0
1271	990	0
1272	966	0
1273	955	0
1274	880	0
1275	925	0
1276	982	0
1277	947	0
1278	914	0
1279	938	0
1280	901	0
1281	927	0
1282	1015	0
1283	943	0
1284	870	0
1285	976	0
1286	875	0
1287	933	0
1288	900	0
1289	921	0
1290	937	0
1291	936	0
1292	900	0
1293	985	0
1294	975	0
1295	949	0
1296	900	0
1297	970	0
1298	929	0
1299	983	0
1300	918	0
1301	961	0
1302	962	0
1303	934	0
1304	913	0
1305	914	0
1306	936	0
1307	901	0
1308	861	0
1309	894	0
1310	941	0
1311	909	0
1312	946	0
1313	950	0
1314	922	0
1315	925	0
1316	967	0
1317	882	0
1318	868	0
1319	884	0
1320	927	0
1321	906	0
1322	929	0
1323	874	0
1324	896	0
1325	897	0
1326	934	0
1327	945	0
1328	932	0
1329	901	0
1330	889	0
1331	921	0
1332	864	0
1333	886	0
1334	995	0
1335	910	0
1336	914	0
1337	953	0
1338	893	0
1339	938	0
1340	897	0
1341	943	0
1342	938	0
1343	898	0
1344	979	0
1345	906	0
1346	1013	0
1347	925	0
1348	833	0
1349	986	0
1350	953	0
1351	932	0
1352	903	0
1353	891	0
1354	1032	0
1355	888	0
1356	960	0
1357	905	0
1358	957	0
1359	972	0
1360	990	0
1361	933	0
1362	949	0
1363	948	0
1364	900	0
1365	946	0
1366	939	0
1367	896	0
1368	946	0
1369	968	0
1370	897	0
1371	968	0
1372	911	0
1373	887	0
1374	899	0
1375	910	0
1376	877	0
1377	947	0
1378	865	0
1379	850	0
1380	842	0
1381	897	0
1382	921	0
1383	968	0
1384	975	0
1385	954	0
1386	872	0
1387	956	0
1388	962	0
1389	956	0
1390	792	0
1391	899	0
1392	898	0
1393	875	0
1394	940	0
1395	918	0
1396	906	0
1397	973	0
1398	953	0
1399	909	0
1400	912	0
1401	958	0
1402	962	0
1403	928	0
1404	985	0
1405	916	0
1406	988	0
1407	914	0
1408	924	0
1409	954	0
1410	942	0
1411	927	0
1412	955	0
1413	1001	0
1414	929	0
1415	933	0
1416	894	0
1417	923	0
1418	984	0
1419	909	0
1420	966	0
1421	905	0
1422	962	0
1423	864	0
1424	966	0
1425	930	0
1426	945	0
1427	934	0
1428	1018	0
1429	918	0
1430	932	0
1431	969	0
1432	912	0
1433	980	0
1434	943	0
1435	922	0
1436	894	0
1437	935	0
1438	914	0
1439	946	0
1440	926	0
1441	904	0
1442	961	0
1443	926	0
1444	931	0
1445	972	0
1446	905	0
1447	925	0
1448	968	0
1449	838	0
1450	890	0
1451	844	0
1452	920	0
1453	951	0
1454	978	0
1455	952	0
1456	985	0
1457	929	0
1458	907	0
1459	924	0
1460	892	0
1461	888	0
1462	886	0
1463	921	0
1464	916	0
1465	998	0
1466	961	0
1467	967	0
1468	992	0
1469	906	0
1470	955	0
1471	1018	0
1472	985	0
1473	896	0
1474	976	0
1475	866	0
1476	922	0
1477	955	0
1478	978	0
1479	1000	0
1480	898	0
1481	964	0
1482	939	0
1483	929	0
1484	920	0
1485	944	0
1486	1017	0
1487	889	0
1488	955	0
1489	946	0
1490	942	0
1491	920	0
1492	911	0
1493	948	0
1494	924	0
1495	908	0
1496	980	0
1497	998	0
1498	965	0
1499	955	0
1500	894	0
1501	906	0
1502	882	0
1503	964	0
1504	942	0
1505	895	0
1506	981	0
1507	941	0
1508	926	0
1509	975	0
1510	900	0
1511	919	0
1512	937	0
1513	970	0
1514	894	0
1515	976	0
1516	948	0
1517	879	0
1518	932	0
1519	894	0
1520	927	0
1521	902	0
1522	967	0
1523	870	0
1524	917	0
1525	951	0
1526	910	0
1527	939	0
1528	941	0
1529	872	0
1530	979	0
1531	906	0
1532	932	0
1533	916	0
1534	964	0
1535	930	0
1536	937	0
1537	933	0
1538	952	0
1539	914	0
1540	934	0
1541	931	0
1542	948	0
1543	957	0
1544	941	0
1545	976	0
1546	954	0
1547	966	0
1548	936	0
1549	951	0
1550	936	0
1551	948	0
1552	986	0
1553	928	0
1554	917	0
1555	936	0
1556	926	0
1557	984	0
1558	935	0
1559	1005	0
1560	916	0
1561	924	0
1562	934	0
1563	1002	0
1564	930	0
1565	949	0
1566	933	0
1567	951	0
1568	949	0
1569	882	0
1570	878	0
1571	958	0
1572	909	0
1573	923	0
1574	916	0
1575	893	0
1576	914	0
1577	902	0
1578	903	0
1579	933	0
1580	913	0
1581	962	0
1582	987	0
1583	879	0
1584	915	0
1585	897	0
1586	882	0
1587	886	0
1588	913	0
1589	963	0
1590	921	0
1591	910	0
1592	939	0
1593	946	0
1594	914	0
1595	908	0
1596	882	0
1597	940	0
1598	893	0
1599	921	0
1600	929	0
1601	890	0
1602	1011	0
1603	878	0
1604	1010	0
1605	937	0
1606	949	0
1607	932	0
1608	925	0
1609	912	0
1610	967	0
1611	953	0
1612	972	0
1613	930	0
1614	1000	0
1615	956	0
1616	925	0
1617	884	0
1618	882	0
1619	980	0
1620	891	0
1621	934	0
1622	971	0
1623	937	0
1624	951	0
1625	885	0
1626	852	0
1627	952	0
1628	901	0
1629	953	0
1630	966	0
1631	847	0
1632	942	0
1633	907	0
1634	896	0
1635	993	0
1636	921	0
1637	913	0
1638	916	0
1639	936	0
1640	919	0
1641	947	0
1642	918	0
1643	920	0
1644	912	0
1645	923	0
1646	978	0
1647	914	0
1648	951	0
1649	929	0
1650	941	0
1651	1002	0
1652	1008	0
1653	954	0
1654	837	0
1655	880	0
1656	955	0
1657	942	0
1658	920	0
1659	896	0
1660	936	0
1661	879	0
1662	869	0
1663	879	0
1664	1016	0
1665	843	0
1666	866	0
1667	978	0
1668	869	0
1669	989	0
1670	878	0
1671	952	0
1672	920	0
1673	947	0
1674	876	0
1675	873	0
1676	915	0
1677	937	0
1678	896	0
1679	870	0
1680	950	0
1681	940	0
1682	951	0
1683	981	0
1684	957	0
1685	896	0
1686	922	0
1687	974	0
1688	887	0
1689	974	0
1690	954	0
1691	923	0
1692	930	0
1693	963	0
1694	973	0
1695	852	0
1696	898	0
1697	929	0
1698	907	0
1699	894	0
1700	858	0
1701	885	0
1702	951	0
1703	974	0
1704	890	0
1705	963	0
1706	913	0
1707	974	0
1708	921	0
1709	955	0
1710	947	0
1711	983	0
1712	989	0
1713	991	0
1714	976	0
1715	945	0
1716	919	0
1717	857	0
1718	947	0
1719	927	0
1720	967	0
1721	897	0
1722	961	0
1723	920	0
1724	881	0
1725	913	0
1726	935	0
1727	928	0
1728	972	0
1729	956	0
1730	969	0
1731	930	0
1732	957	0
1733	922	0
1734	956	0
1735	938	0
1736	921	0
1737	934	0
1738	865	0
1739	929	0
1740	897	0
1741	936	0
1742	903	0
1743	891	0
1744	923	0
1745	996	0
1746	926	0
1747	920	0
1748	959	0
1749	973	0
1750	897	0
1751	928	0
1752	939	0
1753	970	0
1754	969	0
1755	939	0
1756	943	0
1757	1012	0
1758	986	0
1759	955	0
1760	906	0
1761	920	0
1762	915	0
1763	968	0
1764	902	0
1765	925	0
1766	879	0
1767	1010	0
1768	1001	0
1769	929	0
1770	913	0
1771	914	0
1772	907	0
1773	939	0
1774	928	0
1775	933	0
1776	912	0
1777	973	0
1778	888	0
1779	924	0
1780	907	0
1781	964	0
1782	901	0
1783	990	0
1784	942	0
1785	896	0
1786	906	0
1787	850	0
1788	871	0
1789	900	0
1790	924	0
1791	893	0
1792	888	0
1793	909	0
1794	961	0
1795	893	0
1796	906	0
1797	937	0
1798	1026	0
1799	880	0
1800	958	0
1801	958	0
1802	939	0
1803	951	0
1804	943	0
1805	923	0
1806	901	0
1807	996	0
1808	930	0
1809	957	0
1810	968	0
1811	925	0
1812	889	0
1813	935	0
1814	979	0
1815	885	0
1816	904	0
1817	940	0
1818	925	0
1819	930	0
1820	919	0
1821	970	0
1822	937	0
1823	900	0
1824	923	0
1825	932	0
1826	935	0
1827	964	0
1828	950	0
1829	887	0
1830	951	0
1831	959	0
1832	935	0
1833	934	0
1834	926	0
1835	965	0
1836	929	0
1837	968	0
1838	894	0
1839	960	0
1840	954	0
1841	903	0
1842	934	0
1843	949	0
1844	892	0
1845	918	0
1846	997	0
1847	920	0
1848	971	0
1849	932	0
1850	958	0
1851	951	0
1852	937	0
1853	940	0
1854	929	0
1855	905	0
1856	928	0
1857	912	0
1858	1010	0
1859	911	0
1860	892	0
1861	953	0
1862	923	0
1863	908	0
1864	1043	0
1865	867	0
1866	809	0
1867	908	0
1868	847	0
1869	877	0
1870	1002	0
1871	943	0
1872	961	0
1873	929	0
1874	979	0
1875	884	0
1876	955	0
1877	934	0
1878	935	0
1879	871	0
1880	918	0
1881	914	0
1882	880	0
1883	938	0
1884	912	0
1885	922	0
1886	986	0
1887	950	0
1888	907	0
1889	888	0
1890	908	0
1891	977	0
1892	921	0
1893	934	0
1894	914	0
1895	908	0
1896	986	0
1897	937	0
1898	908	0
1899	901	0
1900	887	0
1901	928	0
1902	964	0
1903	944	0
1904	928	0
1905	917	0
1906	905	0
1907	905	0
1908	943	0
1909	941	0
1910	960	0
1911	911	0
1912	921	0
1913	932	0
1914	895	0
1915	945	0
1916	1001	0
1917	914	0
1918	920	0
1919	947	0
1920	969	0
1921	913	0
1922	920	0
1923	955	0
1924	868	0
1925	876	0
1926	940	0
1927	914	0
1928	994	0
1929	947	0
1930	921	0
1931	907	0
1932	878	0
1933	907	0
1934	872	0
1935	921	0
1936	1026	0
1937	868	0
1938	982	0
1939	1005	0
1940	895	0
1941	944	0
1942	893	0
1943	845	0
1944	852	0
1945	920	0
1946	929	0
1947	957	0
1948	928	0
1949	968	0
1950	902	0
1951	915	0
1952	943	0
1953	877	0
1954	949	0
1955	919	0
1956	932	0
1957	868	0
1958	1028	0
1959	893	0
1960	916	0
1961	910	0
1962	926	0
1963	926	0
1964	913	0
1965	893	0
1966	910	0
1967	964	0
1968	950	0
1969	945	0
1970	941	0
1971	925	0
1972	918	0
1973	888	0
1974	967	0
1975	938	0
1976	946	0
1977	945	0
1978	938	0
1979	931	0
1980	957	0
1981	906	0
1982	885	0
1983	942	0
1984	905	0
1985	994	0
1986	901	0
1987	962	0
1988	958	0
1989	943	0
1990	896	0
1991	950	0
1992	865	0
1993	959	0
1994	904	0
1995	946	0
1996	982	0
1997	905	0
1998	966	0
1999	934	0
2000	938	0
2001	1003	0
2002	980	0
2003	911	0
2004	923	0
2005	939	0
2006	941	0
2007	991	0
2008	937	0
2009	922	0
2010	948	0
2011	970	0
2012	897	0
2013	939	0
2014	883	0
2015	911	0
2016	871	0
2017	932	0
2018	879	0
2019	901	0
2020	905	0
2021	946	0
2022	899	0
2023	951	0
2024	924	0
2025	961	0
2026	947	0
2027	943	0
2028	994	0
2029	861	0
2030	908	0
2031	962	0
2032	997	0
2033	966	0
2034	985	0
2035	946	0
2036	951	0
2037	883	0
2038	961	0
2039	879	0
2040	934	0
2041	900	0
2042	916	0
2043	925	0
2044	972	0
2045	961	0
2046	933	0
2047	898	0
2048	943	0
2049	937	0
2050	905	0
2051	890	0
2052	976	0
2053	933	0
2054	885	0
2055	888	0
2056	955	0
2057	891	0
2058	915	0
2059	945	0
2060	898	0
2061	937	0
2062	900	0
2063	930	0
2064	1009	0
2065	922	0
2066	870	0
2067	872	0
2068	896	0
2069	928	0
2070	879	0
2071	872	0
2072	921	0
2073	926	0
2074	865	0
2075	953	0
2076	905	0
2077	965	0
2078	949	0
2079	901	0
2080	900	0
2081	884	0
2082	952	0
2083	902	0
2084	1008	0
2085	936	0
2086	962	0
2087	890	0
2088	917	0
2089	931	0
2090	938	0
2091	882	0
2092	944	0
2093	956	0
2094	915	0
2095	868	0
2096	906	0
2097	947	0
2098	935	0
2099	877	0
2100	927	0
2101	980	0
2102	1014	0
2103	989	0
2104	939	0
2105	976	0
2106	968	0
2107	968	0
2108	910	0
2109	930	0
2110	998	0
2111	934	0
2112	991	0
2113	945	0
2114	905	0
2115	861	0
2116	873	0
2117	928	0
2118	959	0
2119	887	0
2120	899	0
2121	880	0
2122	949	0
2123	974	0
2124	971	0
2125	936	0
2126	922	0
2127	1000	0
2128	947	0
2129	904	0
2130	891	0
2131	1003	0
2132	967	0
2133	870	0
2134	933	0
2135	929	0
2136	994	0
2137	949	0
2138	919	0
2139	872	0
2140	867	0
2141	914	0
2142	884	0
2143	938	0
2144	903	0
2145	923	0
2146	882	0
2147	967	0
2148	870	0
2149	885	0
2150	916	0
2151	987	0
2152	957	0
2153	958	0
2154	851	0
2155	928	0
2156	855	0
2157	948	0
2158	913	0
2159	912	0
2160	975	0
2161	916	0
2162	886	0
2163	903	0
2164	921	0
2165	954	0
2166	936	0
2167	947	0
2168	936	0
2169	956	0
2170	930	0
2171	897	0
2172	948	0
2173	975	0
2174	971	0
2175	957	0
2176	882	0
2177	925	0
2178	946	0
2179	856	0
2180	882	0
2181	902	0
2182	950	0
2183	916	0
2184	904	0
2185	889	0
2186	879	0
2187	1008	0
2188	896	0
2189	981	0
2190	953	0
2191	950	0
2192	902	0
2193	904	0
2194	923	0
2195	946	0
2196	935	0
2197	943	0
2198	929	0
2199	927	0
2200	894	0
2201	971	0
2202	921	0
2203	954	0
2204	856	0
2205	974	0
2206	883	0
2207	952	0
2208	914	0
2209	904	0
2210	960	0
2211	870	0
2212	1014	0
2213	958	0
2214	980	0
2215	846	0
2216	962	0
2217	946	0
2218	889	0
2219	923	0
2220	946	0
2221	883	0
2222	935	0
2223	878	0
2224	898	0
2225	960	0
2226	931	0
2227	940	0
2228	958	0
2229	971	0
2230	945	0
2231	854	0
2232	937	0
2233	929	0
2234	932	0
2235	880	0
2236	987	0
2237	909	0
2238	964	0
2239	897	0
2240	948	0
2241	992	0
2242	954	0
2243	1007	0
2244	1031	0
2245	967	0
2246	895	0
2247	957	0
2248	896	0
2249	935	0
2250	911	0
2251	946	0
2252	946	0
2253	909	0
2254	970	0
2255	895	0
2256	939	0
2257	884	0
2258	987	0
2259	904	0
2260	929	0
2261	894	0
2262	902	0
2263	955	0
2264	851	0
2265	944	0
2266	950	0
2267	902	0
2268	955	0
2269	880	0
2270	1010	0
2271	950	0
2272	975	0
2273	911	0
2274	976	0
2275	982	0
2276	924	0
2277	894	0
2278	914	0
2279	869	0
2280	864	0
2281	928	0
2282	914	0
2283	927	0
2284	913	0
2285	931	0
2286	953	0
2287	942	0
2288	973	0
2289	917	0
2290	908	0
2291	940	0
2292	924	0
2293	917	0
2294	958	0
2295	901	0
2296	937	0
2297	879	0
2298	947	0
2299	921	0
2300	902	0
2301	948	0
2302	922	0
2303	908	0
2304	936	0
2305	886	0
2306	948	0
2307	971	0
2308	934	0
2309	894	0
2310	966	0
2311	944	0
2312	894	0
2313	960	0
2314	934	0
2315	927	0
2316	903	0
2317	935	0
2318	970	0
2319	880	0
2320	895	0
2321	882	0
2322	890	0
2323	905	0
2324	914	0
2325	944	0
2326	886	0
2327	934	0
2328	923	0
2329	953	0
2330	950	0
2331	868	0
2332	876	0
2333	981	0
2334	831	0
2335	895	0
2336	907	0
2337	956	0
2338	883	0
2339	976	0
2340	948	0
2341	933	0
2342	977	0
2343	926	0
2344	915	0
2345	935	0
2346	902	0
2347	981	0
2348	943	0
2349	992	0
2350	954	0
2351	928	0
2352	904	0
2353	874	0
2354	930	0
2355	992	0
2356	953	0
2357	900	0
2358	927	0
2359	877	0
2360	880	0
2361	925	0
2362	948	0
2363	945	0
2364	949	0
2365	928	0
2366	916	0
2367	948	0
2368	933	0
2369	944	0
2370	907	0
2371	966	0
2372	950	0
2373	898	0
2374	921	0
2375	962	0
2376	833	0
2377	927	0
2378	880	0
2379	903	0
2380	871	0
2381	985	0
2382	906	0
2383	945	0
2384	958	0
2385	897	0
2386	944	0
2387	935	0
2388	940	0
2389	942	0
2390	933	0
2391	949	0
2392	911	0
2393	860	0
2394	917	0
2395	897	0
2396	907	0
2397	907	0
2398	925	0
2399	906	0
2400	859	0
2401	927	0
2402	946	0
2403	919	0
2404	942	0
2405	895	0
2406	931	0
2407	894	0
2408	972	0
2409	949	0
2410	933	0
2411	912	0
2412	933	0
2413	930	0
2414	867	0
2415	864	0
2416	944	0
2417	868	0
2418	903	0
2419	906	0
2420	948	0
2421	897	0
2422	887	0
2423	946	0
2424	888	0
2425	880	0
2426	855	0
2427	911	0
2428	985	0
2429	950	0
2430	957	0
2431	989	0
2432	896	0
2433	949	0
2434	929	0
2435	955	0
2436	903	0
2437	947	0
2438	925	0
2439	953	0
2440	951	0
2441	962	0
2442	946	0
2443	926	0
2444	953	0
2445	931	0
2446	880	0
2447	956	0
2448	976	0
2449	909	0
2450	894	0
2451	881	0
2452	956	0
2453	972	0
2454	993	0
2455	950	0
2456	940	0
2457	954	0
2458	864	0
2459	937	0
2460	923	0
2461	925	0
2462	946	0
2463	961	0
2464	961	0
2465	928	0
2466	946	0
2467	947	0
2468	856	0
2469	952	0
2470	903	0
2471	957	0
2472	912	0
2473	899	0
2474	969	0
2475	885	0
2476	920	0
2477	954	0
2478	946	0
2479	892	0
2480	952	0
2481	970	0
2482	928	0
2483	923	0
2484	884	0
2485	953	0
2486	986	0
2487	983	0
2488	893	0
2489	960	0
2490	930	0
2491	924	0
2492	945	0
2493	907	0
2494	921	0
2495	935	0
2496	938	0
2497	873	0
2498	929	0
2499	942	0
2500	976	0
2501	954	0
2502	905	0
2503	884	0
2504	880	0
2505	926	0
2506	868	0
2507	915	0
2508	926	0
2509	921	0
2510	889	0
2511	965	0
2512	953	0
2513	915	0
2514	877	0
2515	941	0
2516	875	0
2517	893	0
2518	957	0
2519	916	0
2520	927	0
2521	952	0
2522	871	0
2523	957	0
2524	868	0
2525	927	0
2526	918	0
2527	968	0
2528	910	0
2529	968	0
2530	963	0
2531	911	0
2532	946	0
2533	960	0
2534	886	0
2535	881	0
2536	939	0
2537	920	0
2538	888	0
2539	882	0
2540	960	0
2541	911	0
2542	881	0
2543	933	0
2544	996	0
2545	951	0
2546	900	0
2547	891	0
2548	991	0
2549	875	0
2550	982	0
2551	864	0
2552	936	0
2553	837	0
2554	953	0
2555	936	0
2556	916	0
2557	939	0
2558	943	0
2559	932	0
2560	911	0
2561	915	0
2562	911	0
2563	922	0
2564	962	0
2565	935	0
2566	914	0
2567	906	0
2568	886	0
2569	992	0
2570	983	0
2571	910	0
2572	958	0
2573	963	0
2574	987	0
2575	933	0
2576	953	0
2577	895	0
2578	960	0
2579	954	0
2580	901	0
2581	943	0
2582	858	0
2583	887	0
2584	962	0
2585	868	0
2586	963	0
2587	997	0
2588	885	0
2589	910	0
2590	961	0
2591	921	0
2592	901	0
2593	922	0
2594	932	0
2595	894	0
2596	976	0
2597	946	0
2598	879	0
2599	1019	0
2600	881	0
2601	959	0
2602	952	0
2603	965	0
2604	931	0
2605	875	0
2606	946	0
2607	938	0
2608	900	0
2609	857	0
2610	911	0
2611	989	0
2612	916	0
2613	955	0
2614	919	0
2615	869	0
2616	911	0
2617	929	0
2618	888	0
2619	857	0
2620	889	0
2621	949	0
2622	910	0
2623	936	0
2624	884	0
2625	887	0
2626	909	0
2627	888	0
2628	844	0
2629	925	0
2630	910	0
2631	904	0
2632	934	0
2633	893	0
2634	927	0
2635	989	0
2636	922	0
2637	908	0
2638	931	0
2639	902	0
2640	865	0
2641	859	0
2642	929	0
2643	913	0
2644	906	0
2645	883	0
2646	938	0
2647	982	0
2648	880	0
2649	954	0
2650	972	0
2651	933	0
2652	948	0
2653	979	0
2654	934	0
2655	932	0
2656	955	0
2657	922	0
2658	911	0
2659	869	0
2660	950	0
2661	981	0
2662	916	0
2663	981	0
2664	948	0
2665	980	0
2666	916	0
2667	882	0
2668	951	0
2669	991	0
2670	945	0
2671	920	0
2672	955	0
2673	944	0
2674	991	0
2675	923	0
2676	960	0
2677	892	0
2678	945	0
2679	934	0
2680	938	0
2681	944	0
2682	874	0
2683	990	0
2684	902	0
2685	904	0
2686	944	0
2687	913	0
2688	905	0
2689	922	0
2690	987	0
2691	914	0
2692	907	0
2693	981	0
2694	916	0
2695	924	0
2696	1000	0
2697	933	0
2698	876	0
2699	963	0
2700	954	0
2701	943	0
2702	953	0
2703	1020	0
2704	948	0
2705	922	0
2706	939	0
2707	916	0
2708	925	0
2709	936	0
2710	919	0
2711	911	0
2712	905	0
2713	958	0
2714	923	0
2715	892	0
2716	923	0
2717	889	0
2718	882	0
2719	942	0
2720	920	0
2721	990	0
2722	904	0
2723	863	0
2724	954	0
2725	879	0
2726	927	0
2727	1003	0
2728	913	0
2729	970	0
2730	872	0
2731	887	0
2732	950	0
2733	995	0
2734	914	0
2735	937	0
2736	871	0
2737	955	0
2738	896	0
2739	935	0
2740	920	0
2741	897	0
2742	907	0
2743	963	0
2744	1023	0
2745	952	0
2746	968	0
2747	965	0
2748	951	0
2749	877	0
2750	918	0
2751	866	0
2752	965	0
2753	969	0
2754	898	0
2755	910	0
2756	934	0
2757	904	0
2758	920	0
2759	955	0
2760	925	0
2761	932	0
2762	964	0
2763	906	0
2764	949	0
2765	992	0
2766	855	0
2767	894	0
2768	924	0
2769	966	0
2770	909	0
2771	908	0
2772	957	0
2773	1032	0
2774	946	0
2775	903	0
2776	897	0
2777	920	0
2778	940	0
2779	918	0
2780	942	0
2781	951	0
2782	950	0
2783	879	0
2784	950	0
2785	893	0
2786	845	0
2787	926	0
2788	929	0
2789	920	0
2790	919	0
2791	950	0
2792	893	0
2793	936	0
2794	873	0
2795	951	0
2796	919	0
2797	950	0
2798	902	0
2799	911	0
2800	908	0
2801	902	0
2802	891	0
2803	976	0
2804	939	0
2805	943	0
2806	899	0
2807	943	0
2808	940	0
2809	908	0
2810	931	0
2811	943	0
2812	993	0
2813	983	0
2814	985	0
2815	892	0
2816	954	0
2817	1006	0
2818	936	0
2819	993	0
2820	926	0
2821	826	0
2822	959	0
2823	980	0
2824	922	0
2825	879	0
2826	943	0
2827	973	0
2828	957	0
2829	943	0
2830	909	0
2831	879	0
2832	927	0
2833	928	0
2834	955	0
2835	974	0
2836	904	0
2837	954	0
2838	907	0
2839	983	0
2840	903	0
2841	895	0
2842	967	0
2843	933	0
2844	1012	0
2845	945	0
2846	892	0
2847	911	0
2848	932	0
2849	893	0
2850	984	0
2851	874	0
2852	934	0
2853	949	0
2854	980	0
2855	895	0
2856	954	0
2857	1001	0
2858	912	0
2859	935	0
2860	1006	0
2861	905	0
2862	889	0
2863	870	0
2864	886	0
2865	931	0
2866	917	0
2867	941	0
2868	945	0
2869	929	0
2870	912	0
2871	886	0
2872	1012	0
2873	928	0
2874	1006	0
2875	902	0
2876	929	0
2877	903	0
2878	927	0
2879	916	0
2880	932	0
2881	912	0
2882	940	0
2883	945	0
2884	895	0
2885	863	0
2886	993	0
2887	924	0
2888	928	0
2889	907	0
2890	884	0
2891	970	0
2892	933	0
2893	967	0
2894	903	0
2895	971	0
2896	938	0
2897	951	0
2898	956	0
2899	920	0
2900	919	0
2901	913	0
2902	959	0
2903	916	0
2904	929	0
2905	937	0
2906	991	0
2907	919	0
2908	908	0
2909	955	0
2910	973	0
2911	861	0
2912	912	0
2913	926	0
2914	932	0
2915	925	0
2916	879	0
2917	946	0
2918	896	0
2919	944	0
2920	877	0
2921	937	0
2922	871	0
2923	865	0
2924	961	0
2925	886	0
2926	918	0
2927	913	0
2928	931	0
2929	929	0
2930	904	0
2931	926	0
2932	893	0
2933	993	0
2934	950	0
2935	964	0
2936	930	0
2937	906	0
2938	869	0
2939	856	0
2940	948	0
2941	981	0
2942	974	0
2943	1019	0
2944	919	0
2945	964	0
2946	925	0
2947	916	0
2948	955	0
2949	934	0
2950	851	0
2951	947	0
2952	870	0
2953	912	0
2954	931	0
2955	874	0
2956	896	0
2957	874	0
2958	929	0
2959	913	0
2960	899	0
2961	965	0
2962	869	0
2963	917	0
2964	866	0
2965	956	0
2966	924	0
2967	944	0
2968	934	0
2969	954	0
2970	892	0
2971	903	0
2972	921	0
2973	980	0
2974	913	0
2975	923	0
2976	1017	0
2977	956	0
2978	945	0
2979	936	0
2980	933	0
2981	938	0
2982	935	0
2983	958	0
2984	935	0
2985	927	0
2986	975	0
2987	921	0
2988	993	0
2989	1022	0
2990	860	0
2991	894	0
2992	981	0
2993	932	0
2994	925	0
2995	947	0
2996	999	0
2997	960	0
2998	970	0
2999	891	0
3000	846	0
